0 5.12 0.14
4e-08 5.12 0.14
8e-08 -5.04 -0.3
1.2e-07 -5.04 -0.3
1.6e-07 -4.88 -0.3
2e-07 -4.88 -0.32
2.4e-07 -4.88 -0.3
2.8e-07 -4.88 -0.3
3.2e-07 -4.8 -0.3
3.6e-07 -4.72 -0.3
4e-07 -4.72 -0.3
4.4e-07 -4.56 -0.3
4.8e-07 -4.56 -0.3
5.2e-07 -4.48 -0.3
5.6e-07 -4.4 -0.3
6e-07 -4.4 -0.3
6.4e-07 -4.32 -0.3
6.8e-07 -4.24 -0.3
7.2e-07 -4.16 -0.3
7.6e-07 -4.16 -0.3
8e-07 -4.08 -0.28
8.4e-07 -4.08 -0.28
8.8e-07 -3.92 -0.3
9.2e-07 -3.92 -0.28
9.6e-07 -3.84 -0.26
1e-06 -3.84 -0.28
1.04e-06 -3.76 -0.28
1.08e-06 -3.68 -0.26
1.12e-06 -3.6 -0.28
1.16e-06 -3.52 -0.26
1.2e-06 -3.52 -0.26
1.24e-06 -3.44 -0.24
1.28e-06 -3.28 -0.28
1.32e-06 -3.28 -0.26
1.36e-06 -3.28 -0.26
1.4e-06 -3.12 -0.26
1.44e-06 -2.96 -0.24
1.48e-06 -3.04 -0.26
1.52e-06 -2.96 -0.24
1.56e-06 -2.88 -0.24
1.6e-06 -2.8 -0.24
1.64e-06 -2.8 -0.26
1.68e-06 -2.64 -0.24
1.72e-06 -2.64 -0.24
1.76e-06 -2.56 -0.24
1.8e-06 -2.48 -0.24
1.84e-06 -2.32 -0.22
1.88e-06 -2.32 -0.22
1.92e-06 -2.24 -0.22
1.96e-06 -2.24 -0.22
2e-06 -2.16 -0.22
2.04e-06 -2 -0.22
2.08e-06 -1.92 -0.2
2.12e-06 -1.92 -0.22
2.16e-06 -1.76 -0.2
2.2e-06 -1.68 -0.2
2.24e-06 -1.68 -0.2
2.28e-06 -1.6 -0.18
2.32e-06 -1.52 -0.22
2.36e-06 -1.36 -0.18
2.4e-06 -1.36 -0.2
2.44e-06 -1.28 -0.18
2.48e-06 -1.2 -0.16
2.52e-06 -1.04 -0.16
2.56e-06 -1.04 -0.16
2.6e-06 -0.96 -0.16
2.64e-06 -0.88 -0.18
2.68e-06 -0.8 -0.16
2.72e-06 -0.72 -0.16
2.76e-06 -0.56 -0.14
2.8e-06 -0.56 -0.16
2.84e-06 -0.4 -0.16
2.88e-06 -0.4 -0.16
2.92e-06 -0.32 -0.16
2.96e-06 -0.24 -0.14
3e-06 -0.16 -0.14
3.04e-06 0 -0.14
3.08e-06 0.08 -0.14
3.12e-06 0.16 -0.1
3.16e-06 0.24 -0.1
3.2e-06 0.32 -0.14
3.24e-06 0.4 -0.12
3.28e-06 0.48 -0.12
3.32e-06 0.48 -0.12
3.36e-06 0.64 -0.12
3.4e-06 0.72 -0.1
3.44e-06 0.8 -0.1
3.48e-06 0.88 -0.1
3.52e-06 0.96 -0.1
3.56e-06 1.04 -0.1
3.6e-06 1.04 -0.08
3.64e-06 1.12 -0.08
3.68e-06 1.28 -0.08
3.72e-06 1.28 -0.08
3.76e-06 1.36 -0.08
3.8e-06 1.52 -0.06
3.84e-06 1.6 -0.06
3.88e-06 1.6 -0.06
3.92e-06 1.76 -0.06
3.96e-06 1.76 -0.06
4e-06 1.84 -0.04
4.04e-06 1.92 -0.06
4.08e-06 2 -0.06
4.12e-06 2.08 -0.06
4.16e-06 2.16 -0.04
4.2e-06 2.32 -0.04
4.24e-06 2.32 0
4.28e-06 2.32 0
4.32e-06 2.48 0
4.36e-06 2.56 0.02
4.4e-06 2.56 0
4.44e-06 2.56 0.02
4.48e-06 2.72 0
4.52e-06 2.8 0
4.56e-06 2.88 0.02
4.6e-06 2.96 0
4.64e-06 2.96 0.02
4.68e-06 3.04 0.02
4.72e-06 3.12 0.04
4.76e-06 3.2 0.04
4.8e-06 3.28 0.02
4.84e-06 3.28 0.04
4.88e-06 3.36 0.04
4.92e-06 3.52 0.08
4.96e-06 3.52 0.04
5e-06 3.6 0.04
5.04e-06 3.68 0.04
5.08e-06 3.68 0.06
5.12e-06 3.84 0.06
5.16e-06 3.84 0.04
5.2e-06 3.92 0.06
5.24e-06 3.92 0.06
5.28e-06 4 0.08
5.32e-06 4 0.08
5.36e-06 4.16 0.08
5.4e-06 4.16 0.08
5.44e-06 4.24 0.08
5.48e-06 4.24 0.08
5.52e-06 4.32 0.08
5.56e-06 4.32 0.08
5.6e-06 4.48 0.1
5.64e-06 4.48 0.1
5.68e-06 4.56 0.1
5.72e-06 4.64 0.1
5.76e-06 4.64 0.1
5.8e-06 4.64 0.12
5.84e-06 4.8 0.1
5.88e-06 4.8 0.1
5.92e-06 4.88 0.12
5.96e-06 4.88 0.12
6e-06 4.96 0.12
6.04e-06 4.96 0.12
6.08e-06 4.96 0.14
6.12e-06 5.12 0.14
6.16e-06 5.12 0.16
6.2e-06 5.12 0.14
6.24e-06 5.2 0.14
6.28e-06 5.2 0.16
6.32e-06 5.2 0.14
6.36e-06 5.28 0.16
6.4e-06 5.28 0.16
6.44e-06 5.44 0.16
6.48e-06 5.44 0.16
6.52e-06 5.44 0.18
6.56e-06 5.52 0.18
6.6e-06 5.52 0.16
6.64e-06 5.52 0.18
6.68e-06 5.52 0.18
6.72e-06 5.6 0.18
6.76e-06 5.6 0.18
6.8e-06 5.6 0.16
6.84e-06 5.68 0.18
6.88e-06 5.76 0.18
6.92e-06 5.76 0.18
6.96e-06 5.84 0.18
7e-06 5.76 0.18
7.04e-06 5.84 0.2
7.08e-06 5.76 0.18
7.12e-06 5.84 0.2
7.16e-06 5.92 0.2
7.2e-06 5.92 0.2
7.24e-06 5.84 0.2
7.28e-06 5.92 0.2
7.32e-06 5.92 0.2
7.36e-06 5.92 0.2
7.4e-06 5.92 0.2
7.44e-06 5.92 0.2
7.48e-06 5.92 0.2
7.52e-06 5.92 0.2
7.56e-06 6.08 0.22
7.6e-06 6 0.24
7.64e-06 6.08 0.2
7.68e-06 6 0.2
7.72e-06 6 0.22
7.76e-06 5.92 0.24
7.8e-06 6.08 0.22
7.84e-06 5.92 0.22
7.88e-06 6 0.22
7.92e-06 6.08 0.24
7.96e-06 6.08 0.24
8e-06 6 0.22
8.04e-06 6 0.22
8.08e-06 5.92 0.24
8.12e-06 6 0.2
8.16e-06 6 0.22
8.2e-06 5.92 0.24
8.24e-06 5.92 0.24
8.28e-06 5.92 0.24
8.32e-06 5.92 0.24
8.36e-06 5.92 0.24
8.4e-06 5.84 0.24
8.44e-06 5.92 0.24
8.48e-06 5.92 0.24
8.52e-06 5.92 0.24
8.56e-06 5.84 0.24
8.6e-06 5.84 0.24
8.64e-06 5.84 0.24
8.68e-06 5.76 0.22
8.72e-06 5.76 0.22
8.76e-06 5.76 0.24
8.8e-06 5.76 0.24
8.84e-06 5.76 0.24
8.88e-06 5.68 0.22
8.92e-06 5.6 0.24
8.96e-06 5.6 0.24
9e-06 5.52 0.24
9.04e-06 5.52 0.24
9.08e-06 5.52 0.24
9.12e-06 5.44 0.24
9.16e-06 5.44 0.24
9.2e-06 5.44 0.24
9.24e-06 5.44 0.24
9.28e-06 5.28 0.24
9.32e-06 5.28 0.24
9.36e-06 5.28 0.22
9.4e-06 5.2 0.24
9.44e-06 5.2 0.22
9.48e-06 5.12 0.24
9.52e-06 5.12 0.24
9.56e-06 5.12 0.24
9.6e-06 5.12 0.22
9.64e-06 5.04 0.22
9.68e-06 4.96 0.24
9.72e-06 4.96 0.2
9.76e-06 4.88 0.22
9.8e-06 4.88 0.22
9.84e-06 4.8 0.22
9.88e-06 4.8 0.22
9.92e-06 4.64 0.2
9.96e-06 4.64 0.22
1e-05 4.56 0.2
1.004e-05 4.48 0.22
1.008e-05 4.56 0.2
1.012e-05 4.48 0.2
1.016e-05 4.32 0.22
1.02e-05 4.32 0.22
1.024e-05 4.24 0.22
1.028e-05 4.16 0.2
1.032e-05 4.08 0.2
1.036e-05 4.08 0.22
1.04e-05 4.08 0.2
1.044e-05 4 0.22
1.048e-05 3.92 0.18
1.052e-05 3.84 0.2
1.056e-05 3.84 0.2
1.06e-05 3.76 0.2
1.064e-05 3.68 0.18
1.068e-05 3.68 0.18
1.072e-05 3.6 0.2
1.076e-05 3.52 0.18
1.08e-05 3.52 0.16
1.084e-05 3.36 0.18
1.088e-05 3.28 0.16
1.092e-05 3.28 0.18
1.096e-05 3.12 0.16
1.1e-05 3.04 0.16
1.104e-05 3.04 0.18
1.108e-05 2.96 0.16
1.112e-05 2.88 0.16
1.116e-05 2.88 0.16
1.12e-05 2.72 0.16
1.124e-05 2.64 0.16
1.128e-05 2.56 0.16
1.132e-05 2.56 0.16
1.136e-05 2.4 0.14
1.14e-05 2.4 0.16
1.144e-05 2.32 0.14
1.148e-05 2.24 0.14
1.152e-05 2.24 0.12
1.156e-05 2.08 0.12
1.16e-05 2.08 0.12
1.164e-05 1.92 0.14
1.168e-05 1.92 0.12
1.172e-05 1.76 0.12
1.176e-05 1.76 0.12
1.18e-05 1.68 0.12
1.184e-05 1.6 0.1
1.188e-05 1.52 0.1
1.192e-05 1.44 0.1
1.196e-05 1.36 0.1
1.2e-05 1.28 0.1
1.204e-05 1.12 0.1
1.208e-05 1.12 0.08
1.212e-05 1.04 0.08
1.216e-05 1.04 0.1
1.22e-05 0.96 0.08
1.224e-05 0.8 0.08
1.228e-05 0.72 0.08
1.232e-05 0.64 0.08
1.236e-05 0.64 0.08
1.24e-05 0.4 0.08
1.244e-05 0.4 0.06
1.248e-05 0.32 0.06
1.252e-05 0.32 0.06
1.256e-05 0.16 0.06
1.26e-05 0.08 0.04
1.264e-05 0 0.04
1.268e-05 0 0.04
1.272e-05 -0.24 0.06
1.276e-05 -0.24 0.02
1.28e-05 -0.4 0.04
1.284e-05 -0.4 0.04
1.288e-05 -0.56 0.04
1.292e-05 -0.56 0.02
1.296e-05 -0.64 0.02
1.3e-05 -0.72 0.04
1.304e-05 -0.88 0.04
1.308e-05 -0.96 0.02
1.312e-05 -1.04 0
1.316e-05 -1.04 0
1.32e-05 -1.12 0.02
1.324e-05 -1.28 0
1.328e-05 -1.36 -0.04
1.332e-05 -1.36 0
1.336e-05 -1.44 -0.04
1.34e-05 -1.52 0
1.344e-05 -1.6 -0.04
1.348e-05 -1.68 0
1.352e-05 -1.68 -0.06
1.356e-05 -1.84 -0.04
1.36e-05 -1.84 -0.04
1.364e-05 -2 -0.06
1.368e-05 -2.08 -0.06
1.372e-05 -2.16 -0.06
1.376e-05 -2.24 -0.06
1.38e-05 -2.32 -0.08
1.384e-05 -2.32 -0.08
1.388e-05 -2.4 -0.08
1.392e-05 -2.48 -0.08
1.396e-05 -2.56 -0.06
1.4e-05 -2.64 -0.08
1.404e-05 -2.64 -0.08
1.408e-05 -2.8 -0.08
1.412e-05 -2.88 -0.08
1.416e-05 -2.88 -0.1
1.42e-05 -2.96 -0.1
1.424e-05 -3.12 -0.1
1.428e-05 -3.12 -0.1
1.432e-05 -3.2 -0.1
1.436e-05 -3.28 -0.12
1.44e-05 -3.28 -0.1
1.444e-05 -3.44 -0.12
1.448e-05 -3.44 -0.14
1.452e-05 -3.52 -0.12
1.456e-05 -3.6 -0.14
1.46e-05 -3.6 -0.12
1.464e-05 -3.68 -0.12
1.468e-05 -3.76 -0.16
1.472e-05 -3.84 -0.14
1.476e-05 -3.92 -0.16
1.48e-05 -3.92 -0.14
1.484e-05 -4 -0.16
1.488e-05 -4.08 -0.16
1.492e-05 -4.08 -0.16
1.496e-05 -4.16 -0.16
1.5e-05 -4.24 -0.16
1.504e-05 -4.32 -0.18
1.508e-05 -4.4 -0.16
1.512e-05 -4.4 -0.18
1.516e-05 -4.48 -0.16
1.52e-05 -4.56 -0.18
1.524e-05 -4.56 -0.18
1.528e-05 -4.56 -0.18
1.532e-05 -4.72 -0.18
1.536e-05 -4.72 -0.18
1.54e-05 -4.8 -0.2
1.544e-05 -4.8 -0.2
1.548e-05 -4.88 -0.2
1.552e-05 -4.88 -0.2
1.556e-05 -4.88 -0.22
1.56e-05 -5.04 -0.22
1.564e-05 -5.04 -0.22
1.568e-05 -5.12 -0.22
1.572e-05 -5.2 -0.24
1.576e-05 -5.2 -0.24
1.58e-05 -5.2 -0.22
1.584e-05 -5.2 -0.22
1.588e-05 -5.36 -0.22
1.592e-05 -5.36 -0.24
1.596e-05 -5.44 -0.24
1.6e-05 -5.44 -0.26
1.604e-05 -5.44 -0.24
1.608e-05 -5.44 -0.24
1.612e-05 -5.52 -0.26
1.616e-05 -5.52 -0.26
1.62e-05 -5.6 -0.24
1.624e-05 -5.52 -0.24
1.628e-05 -5.68 -0.26
1.632e-05 -5.68 -0.26
1.636e-05 -5.68 -0.26
1.64e-05 -5.68 -0.26
1.644e-05 -5.76 -0.26
1.648e-05 -5.84 -0.26
1.652e-05 -5.76 -0.26
1.656e-05 -5.84 -0.26
1.66e-05 -5.84 -0.28
1.664e-05 -5.84 -0.28
1.668e-05 -5.84 -0.28
1.672e-05 -5.84 -0.3
1.676e-05 -6 -0.3
1.68e-05 -6 -0.28
1.684e-05 -5.92 -0.3
1.688e-05 -6 -0.3
1.692e-05 -6 -0.3
1.696e-05 -6 -0.28
1.7e-05 -6 -0.3
1.704e-05 -6.08 -0.3
1.708e-05 -6 -0.3
1.712e-05 -6.08 -0.3
1.716e-05 -6.08 -0.32
1.72e-05 -6.08 -0.32
1.724e-05 -6.08 -0.3
1.728e-05 -6.08 -0.32
1.732e-05 -6.08 -0.32
1.736e-05 -6.08 -0.3
1.74e-05 -6.08 -0.3
1.744e-05 -6.08 -0.3
1.748e-05 -6.08 -0.3
1.752e-05 -6.08 -0.32
1.756e-05 -6.16 -0.32
1.76e-05 -6.08 -0.32
1.764e-05 -6.08 -0.3
1.768e-05 -6.08 -0.32
1.772e-05 -6.16 -0.32
1.776e-05 -6.08 -0.32
1.78e-05 -6.08 -0.32
1.784e-05 -6 -0.32
1.788e-05 -6.08 -0.34
1.792e-05 -6 -0.32
1.796e-05 -6.08 -0.32
1.8e-05 -6 -0.34
1.804e-05 -6 -0.32
1.808e-05 -5.92 -0.32
1.812e-05 -5.84 -0.32
1.816e-05 -5.92 -0.32
1.82e-05 -6 -0.32
1.824e-05 -5.84 -0.32
1.828e-05 -5.84 -0.32
1.832e-05 -5.84 -0.32
1.836e-05 -5.84 -0.32
1.84e-05 -5.84 -0.32
1.844e-05 -5.76 -0.34
1.848e-05 -5.76 -0.32
1.852e-05 -5.76 -0.32
1.856e-05 -5.68 -0.32
1.86e-05 -5.68 -0.32
1.864e-05 -5.68 -0.32
1.868e-05 -5.6 -0.32
1.872e-05 -5.52 -0.32
1.876e-05 -5.52 -0.32
1.88e-05 -5.52 -0.32
1.884e-05 -5.52 -0.32
1.888e-05 -5.44 -0.32
1.892e-05 -5.44 -0.32
1.896e-05 -5.36 -0.32
1.9e-05 -5.36 -0.32
1.904e-05 -5.28 -0.32
1.908e-05 -5.28 -0.32
1.912e-05 -5.2 -0.32
1.916e-05 -5.2 -0.32
1.92e-05 -5.12 -0.3
1.924e-05 -5.12 -0.3
1.928e-05 -5.04 -0.32
1.932e-05 -5.04 -0.32
1.936e-05 -4.96 -0.3
1.94e-05 -4.88 -0.3
1.944e-05 -4.88 -0.32
1.948e-05 -4.88 -0.32
1.952e-05 -4.8 -0.32
1.956e-05 -4.72 -0.3
1.96e-05 -4.72 -0.3
1.964e-05 -4.64 -0.3
1.968e-05 -4.56 -0.32
1.972e-05 -4.56 -0.3
1.976e-05 -4.48 -0.3
1.98e-05 -4.4 -0.3
1.984e-05 -4.4 -0.3
1.988e-05 -4.4 -0.3
1.992e-05 -4.24 -0.28
1.996e-05 -4.24 -0.3
2e-05 -4.16 -0.3
2.004e-05 -4.08 -0.28
2.008e-05 -4.08 -0.28
2.012e-05 -3.92 -0.28
2.016e-05 -3.92 -0.3
2.02e-05 -3.84 -0.3
2.024e-05 -3.84 -0.26
2.028e-05 -3.76 -0.28
2.032e-05 -3.6 -0.26
2.036e-05 -3.6 -0.28
2.04e-05 -3.52 -0.28
2.044e-05 -3.52 -0.26
2.048e-05 -3.44 -0.26
2.052e-05 -3.28 -0.26
2.056e-05 -3.28 -0.26
2.06e-05 -3.28 -0.26
2.064e-05 -3.12 -0.26
2.068e-05 -2.96 -0.24
2.072e-05 -2.96 -0.26
2.076e-05 -2.96 -0.26
2.08e-05 -2.88 -0.24
2.084e-05 -2.8 -0.24
2.088e-05 -2.64 -0.24
2.092e-05 -2.64 -0.24
2.096e-05 -2.56 -0.24
2.1e-05 -2.56 -0.22
2.104e-05 -2.32 -0.24
2.108e-05 -2.32 -0.24
2.112e-05 -2.32 -0.22
2.116e-05 -2.24 -0.2
2.12e-05 -2.16 -0.22
2.124e-05 -2.16 -0.22
2.128e-05 -2 -0.22
2.132e-05 -1.92 -0.2
2.136e-05 -1.84 -0.22
2.14e-05 -1.68 -0.22
2.144e-05 -1.68 -0.2
2.148e-05 -1.6 -0.2
2.152e-05 -1.52 -0.2
2.156e-05 -1.52 -0.18
2.16e-05 -1.36 -0.18
2.164e-05 -1.28 -0.18
2.168e-05 -1.2 -0.18
2.172e-05 -1.2 -0.18
2.176e-05 -1.04 -0.18
2.18e-05 -1.04 -0.18
2.184e-05 -0.88 -0.16
2.188e-05 -0.88 -0.16
2.192e-05 -0.72 -0.18
2.196e-05 -0.72 -0.18
2.2e-05 -0.64 -0.16
2.204e-05 -0.56 -0.16
2.208e-05 -0.4 -0.14
2.212e-05 -0.4 -0.16
2.216e-05 -0.32 -0.16
2.22e-05 -0.24 -0.16
2.224e-05 -0.16 -0.14
2.228e-05 0 -0.14
2.232e-05 0.16 -0.14
2.236e-05 0.16 -0.14
2.24e-05 0.32 -0.1
2.244e-05 0.32 -0.12
2.248e-05 0.4 -0.12
2.252e-05 0.48 -0.1
2.256e-05 0.64 -0.1
2.26e-05 0.64 -0.1
2.264e-05 0.8 -0.1
2.268e-05 0.8 -0.1
2.272e-05 0.96 -0.1
2.276e-05 0.96 -0.08
2.28e-05 1.04 -0.08
2.284e-05 1.12 -0.08
2.288e-05 1.12 -0.08
2.292e-05 1.28 -0.08
2.296e-05 1.36 -0.06
2.3e-05 1.44 -0.08
2.304e-05 1.52 -0.08
2.308e-05 1.6 -0.06
2.312e-05 1.68 -0.06
2.316e-05 1.68 -0.06
2.32e-05 1.76 -0.06
2.324e-05 1.92 -0.04
2.328e-05 1.92 -0.04
2.332e-05 2.08 0
2.336e-05 2.08 -0.04
2.34e-05 2.16 -0.04
2.344e-05 2.24 -0.04
2.348e-05 2.32 0
2.352e-05 2.32 0
2.356e-05 2.4 -0.04
2.36e-05 2.56 0
2.364e-05 2.64 0
2.368e-05 2.64 0
2.372e-05 2.72 0
2.376e-05 2.8 0
2.38e-05 2.88 0.02
2.384e-05 2.88 0.02
2.388e-05 2.96 0.02
2.392e-05 3.04 0.02
2.396e-05 3.2 0.02
2.4e-05 3.2 0.04
2.404e-05 3.28 0.02
2.408e-05 3.36 0.04
2.412e-05 3.44 0.04
2.416e-05 3.52 0.04
2.42e-05 3.52 0.04
2.424e-05 3.52 0.04
2.428e-05 3.68 0.04
2.432e-05 3.68 0.06
2.436e-05 3.76 0.08
2.44e-05 3.84 0.08
2.444e-05 3.92 0.08
2.448e-05 3.92 0.08
2.452e-05 4 0.08
2.456e-05 4.08 0.08
2.46e-05 4.16 0.08
2.464e-05 4.16 0.08
2.468e-05 4.24 0.08
2.472e-05 4.32 0.1
2.476e-05 4.32 0.08
2.48e-05 4.48 0.08
2.484e-05 4.48 0.1
2.488e-05 4.48 0.1
2.492e-05 4.56 0.1
2.496e-05 4.64 0.1
2.5e-05 4.64 0.1
2.504e-05 4.8 0.12
2.508e-05 4.8 0.12
2.512e-05 4.8 0.1
2.516e-05 4.88 0.1
2.52e-05 4.96 0.12
2.524e-05 4.96 0.14
2.528e-05 4.96 0.12
2.532e-05 5.04 0.14
2.536e-05 5.12 0.14
2.54e-05 5.12 0.14
2.544e-05 5.12 0.16
2.548e-05 5.2 0.14
2.552e-05 5.2 0.14
2.556e-05 5.28 0.16
2.56e-05 5.28 0.16
2.564e-05 5.28 0.16
2.568e-05 5.44 0.16
2.572e-05 5.44 0.18
2.576e-05 5.44 0.16
2.58e-05 5.44 0.16
2.584e-05 5.52 0.16
2.588e-05 5.52 0.16
2.592e-05 5.6 0.18
2.596e-05 5.6 0.18
2.6e-05 5.6 0.18
2.604e-05 5.68 0.18
2.608e-05 5.6 0.18
2.612e-05 5.76 0.2
2.616e-05 5.76 0.18
2.62e-05 5.76 0.18
2.624e-05 5.76 0.18
2.628e-05 5.84 0.2
2.632e-05 5.84 0.2
2.636e-05 5.84 0.2
2.64e-05 5.84 0.2
2.644e-05 5.92 0.2
2.648e-05 5.92 0.2
2.652e-05 5.92 0.18
2.656e-05 5.92 0.18
2.66e-05 5.92 0.22
2.664e-05 5.92 0.2
2.668e-05 5.92 0.22
2.672e-05 5.92 0.2
2.676e-05 5.92 0.22
2.68e-05 5.92 0.22
2.684e-05 6 0.24
2.688e-05 6 0.2
2.692e-05 5.92 0.2
2.696e-05 6 0.22
2.7e-05 6 0.24
2.704e-05 5.92 0.24
2.708e-05 6.08 0.22
2.712e-05 6.08 0.22
2.716e-05 6 0.24
2.72e-05 6.08 0.22
2.724e-05 6 0.22
2.728e-05 6 0.2
2.732e-05 6 0.24
2.736e-05 5.92 0.24
2.74e-05 6 0.22
2.744e-05 5.92 0.24
2.748e-05 5.92 0.22
2.752e-05 5.92 0.26
2.756e-05 5.92 0.22
2.76e-05 5.92 0.24
2.764e-05 5.92 0.24
2.768e-05 5.84 0.24
2.772e-05 5.84 0.24
2.776e-05 5.84 0.24
2.78e-05 5.84 0.24
2.784e-05 5.84 0.24
2.788e-05 5.76 0.24
2.792e-05 5.76 0.24
2.796e-05 5.76 0.24
2.8e-05 5.76 0.24
2.804e-05 5.68 0.24
2.808e-05 5.76 0.24
2.812e-05 5.6 0.24
2.816e-05 5.6 0.24
2.82e-05 5.6 0.24
2.824e-05 5.52 0.24
2.828e-05 5.6 0.24
2.832e-05 5.52 0.24
2.836e-05 5.44 0.24
2.84e-05 5.44 0.24
2.844e-05 5.44 0.24
2.848e-05 5.44 0.22
2.852e-05 5.36 0.24
2.856e-05 5.28 0.24
2.86e-05 5.28 0.24
2.864e-05 5.2 0.22
2.868e-05 5.12 0.24
2.872e-05 5.2 0.24
2.876e-05 5.12 0.24
2.88e-05 5.12 0.24
2.884e-05 5.12 0.24
2.888e-05 4.96 0.22
2.892e-05 4.88 0.24
2.896e-05 4.88 0.24
2.9e-05 4.88 0.22
2.904e-05 4.88 0.22
2.908e-05 4.8 0.22
2.912e-05 4.8 0.22
2.916e-05 4.64 0.22
2.92e-05 4.64 0.22
2.924e-05 4.56 0.22
2.928e-05 4.56 0.2
2.932e-05 4.48 0.22
2.936e-05 4.4 0.2
2.94e-05 4.32 0.2
2.944e-05 4.32 0.2
2.948e-05 4.24 0.2
2.952e-05 4.16 0.22
2.956e-05 4.16 0.18
2.96e-05 4.08 0.2
2.964e-05 4 0.2
2.968e-05 3.92 0.2
2.972e-05 3.92 0.2
2.976e-05 3.84 0.2
2.98e-05 3.84 0.2
2.984e-05 3.68 0.18
2.988e-05 3.6 0.18
2.992e-05 3.6 0.2
2.996e-05 3.52 0.18
3e-05 3.52 0.2
3.004e-05 3.36 0.18
3.008e-05 3.36 0.18
3.012e-05 3.28 0.16
3.016e-05 3.2 0.16
3.02e-05 3.2 0.18
3.024e-05 3.04 0.16
3.028e-05 2.96 0.16
3.032e-05 2.96 0.16
3.036e-05 2.88 0.18
3.04e-05 2.88 0.16
3.044e-05 2.64 0.14
3.048e-05 2.64 0.16
3.052e-05 2.56 0.16
3.056e-05 2.56 0.16
3.06e-05 2.4 0.14
3.064e-05 2.32 0.14
3.068e-05 2.24 0.16
3.072e-05 2.24 0.14
3.076e-05 2.16 0.16
3.08e-05 2.08 0.14
3.084e-05 2 0.12
3.088e-05 1.92 0.12
3.092e-05 1.92 0.12
3.096e-05 1.68 0.12
3.1e-05 1.68 0.1
3.104e-05 1.68 0.12
3.108e-05 1.52 0.1
3.112e-05 1.44 0.12
3.116e-05 1.36 0.08
3.12e-05 1.36 0.1
3.124e-05 1.28 0.12
3.128e-05 1.2 0.1
3.132e-05 1.12 0.1
3.136e-05 1.04 0.08
3.14e-05 0.96 0.1
3.144e-05 0.8 0.08
3.148e-05 0.72 0.08
3.152e-05 0.72 0.08
3.156e-05 0.64 0.08
3.16e-05 0.48 0.08
3.164e-05 0.48 0.08
3.168e-05 0.4 0.06
3.172e-05 0.32 0.08
3.176e-05 0.24 0.06
3.18e-05 0.16 0.06
3.184e-05 0.08 0.04
3.188e-05 0 0.06
3.192e-05 0 0.04
3.196e-05 -0.24 0.04
3.2e-05 -0.32 0.04
3.204e-05 -0.4 0.04
3.208e-05 -0.4 0.02
3.212e-05 -0.48 0.04
3.216e-05 -0.64 0.04
3.22e-05 -0.72 0.02
3.224e-05 -0.88 0
3.228e-05 -0.88 0.02
3.232e-05 -0.96 0
3.236e-05 -1.04 0.02
3.24e-05 -1.04 0
3.244e-05 -1.2 0
3.248e-05 -1.28 0
3.252e-05 -1.36 0
3.256e-05 -1.36 0
3.26e-05 -1.44 -0.04
3.264e-05 -1.52 0
3.268e-05 -1.6 0
3.272e-05 -1.68 -0.04
3.276e-05 -1.76 -0.04
3.28e-05 -1.84 -0.04
3.284e-05 -1.92 -0.04
3.288e-05 -2 -0.06
3.292e-05 -2 -0.08
3.296e-05 -2.16 -0.06
3.3e-05 -2.24 -0.06
3.304e-05 -2.32 -0.06
3.308e-05 -2.4 -0.08
3.312e-05 -2.48 -0.06
3.316e-05 -2.48 -0.08
3.32e-05 -2.56 -0.06
3.324e-05 -2.64 -0.08
3.328e-05 -2.72 -0.08
3.332e-05 -2.8 -0.1
3.336e-05 -2.8 -0.08
3.34e-05 -2.96 -0.1
3.344e-05 -2.96 -0.1
3.348e-05 -3.12 -0.1
3.352e-05 -3.2 -0.12
3.356e-05 -3.2 -0.12
3.36e-05 -3.28 -0.1
3.364e-05 -3.44 -0.1
3.368e-05 -3.44 -0.12
3.372e-05 -3.52 -0.12
3.376e-05 -3.6 -0.14
3.38e-05 -3.6 -0.14
3.384e-05 -3.6 -0.14
3.388e-05 -3.76 -0.12
3.392e-05 -3.76 -0.14
3.396e-05 -3.84 -0.14
3.4e-05 -3.92 -0.16
3.404e-05 -3.92 -0.14
3.408e-05 -4 -0.14
3.412e-05 -4.08 -0.16
3.416e-05 -4.16 -0.16
3.42e-05 -4.16 -0.16
3.424e-05 -4.24 -0.16
3.428e-05 -4.24 -0.16
3.432e-05 -4.32 -0.16
3.436e-05 -4.4 -0.18
3.44e-05 -4.48 -0.18
3.444e-05 -4.56 -0.18
3.448e-05 -4.56 -0.18
3.452e-05 -4.64 -0.18
3.456e-05 -4.72 -0.18
3.46e-05 -4.72 -0.2
3.464e-05 -4.8 -0.18
3.468e-05 -4.88 -0.22
3.472e-05 -4.88 -0.22
3.476e-05 -4.88 -0.2
3.48e-05 -4.96 -0.22
3.484e-05 -5.04 -0.22
3.488e-05 -5.04 -0.22
3.492e-05 -5.12 -0.22
3.496e-05 -5.2 -0.22
3.5e-05 -5.2 -0.22
3.504e-05 -5.2 -0.22
3.508e-05 -5.2 -0.24
3.512e-05 -5.28 -0.24
3.516e-05 -5.36 -0.24
3.52e-05 -5.44 -0.24
3.524e-05 -5.44 -0.24
3.528e-05 -5.44 -0.24
3.532e-05 -5.52 -0.26
3.536e-05 -5.52 -0.26
3.54e-05 -5.52 -0.24
3.544e-05 -5.52 -0.24
3.548e-05 -5.52 -0.24
3.552e-05 -5.68 -0.26
3.556e-05 -5.68 -0.26
3.56e-05 -5.68 -0.26
3.564e-05 -5.68 -0.26
3.568e-05 -5.76 -0.26
3.572e-05 -5.76 -0.28
3.576e-05 -5.76 -0.28
3.58e-05 -5.84 -0.28
3.584e-05 -5.84 -0.26
3.588e-05 -5.84 -0.28
3.592e-05 -5.84 -0.28
3.596e-05 -5.92 -0.28
3.6e-05 -5.84 -0.28
3.604e-05 -6 -0.26
3.608e-05 -6 -0.28
3.612e-05 -6 -0.3
3.616e-05 -6 -0.28
3.62e-05 -6 -0.28
3.624e-05 -6 -0.3
3.628e-05 -6.08 -0.3
3.632e-05 -6 -0.3
3.636e-05 -6.08 -0.3
3.64e-05 -6.08 -0.32
3.644e-05 -6.08 -0.3
3.648e-05 -6.08 -0.3
3.652e-05 -6.08 -0.3
3.656e-05 -6.08 -0.3
3.66e-05 -6.08 -0.3
3.664e-05 -6.08 -0.32
3.668e-05 -6.08 -0.3
3.672e-05 -6.08 -0.3
3.676e-05 -6.08 -0.3
3.68e-05 -6.16 -0.32
3.684e-05 -6.08 -0.32
3.688e-05 -6.08 -0.3
3.692e-05 -6.08 -0.32
3.696e-05 -6.08 -0.32
3.7e-05 -6.08 -0.32
3.704e-05 -6.08 -0.32
3.708e-05 -6.08 -0.32
3.712e-05 -6.08 -0.32
3.716e-05 -6.08 -0.32
3.72e-05 -6.08 -0.32
3.724e-05 -6 -0.32
3.728e-05 -6 -0.32
3.732e-05 -6 -0.32
3.736e-05 -5.92 -0.32
3.74e-05 -5.84 -0.32
3.744e-05 -6 -0.32
3.748e-05 -5.84 -0.32
3.752e-05 -5.84 -0.32
3.756e-05 -5.84 -0.32
3.76e-05 -5.84 -0.32
3.764e-05 -5.84 -0.32
3.768e-05 -5.76 -0.32
3.772e-05 -5.76 -0.34
3.776e-05 -5.76 -0.3
3.78e-05 -5.68 -0.32
3.784e-05 -5.68 -0.32
3.788e-05 -5.68 -0.32
3.792e-05 -5.52 -0.32
3.796e-05 -5.52 -0.32
3.8e-05 -5.52 -0.32
3.804e-05 -5.52 -0.34
3.808e-05 -5.44 -0.32
3.812e-05 -5.44 -0.32
3.816e-05 -5.44 -0.32
3.82e-05 -5.36 -0.32
3.824e-05 -5.36 -0.32
3.828e-05 -5.36 -0.32
3.832e-05 -5.2 -0.32
3.836e-05 -5.2 -0.32
3.84e-05 -5.2 -0.32
3.844e-05 -5.2 -0.32
3.848e-05 -5.04 -0.32
3.852e-05 -5.04 -0.32
3.856e-05 -5.04 -0.32
3.86e-05 -5.04 -0.32
3.864e-05 -4.88 -0.3
3.868e-05 -4.88 -0.3
3.872e-05 -4.8 -0.3
3.876e-05 -4.8 -0.32
3.88e-05 -4.72 -0.3
3.884e-05 -4.72 -0.3
3.888e-05 -4.64 -0.3
3.892e-05 -4.56 -0.28
3.896e-05 -4.56 -0.3
3.9e-05 -4.48 -0.3
3.904e-05 -4.48 -0.3
3.908e-05 -4.4 -0.3
3.912e-05 -4.24 -0.32
3.916e-05 -4.24 -0.28
3.92e-05 -4.24 -0.3
3.924e-05 -4.16 -0.3
3.928e-05 -4.08 -0.3
3.932e-05 -4 -0.3
3.936e-05 -3.92 -0.26
3.94e-05 -3.92 -0.28
3.944e-05 -3.92 -0.3
3.948e-05 -3.76 -0.28
3.952e-05 -3.76 -0.28
3.956e-05 -3.6 -0.26
3.96e-05 -3.6 -0.26
3.964e-05 -3.52 -0.26
3.968e-05 -3.44 -0.26
3.972e-05 -3.44 -0.26
3.976e-05 -3.28 -0.26
3.98e-05 -3.2 -0.26
3.984e-05 -3.2 -0.26
3.988e-05 -3.12 -0.26
3.992e-05 -3.04 -0.24
3.996e-05 -2.96 -0.24
4e-05 -2.96 -0.24
4.004e-05 -2.8 -0.24
4.008e-05 -2.8 -0.24
4.012e-05 -2.64 -0.24
4.016e-05 -2.64 -0.24
4.02e-05 -2.64 -0.24
4.024e-05 -2.48 -0.22
4.028e-05 -2.32 -0.24
4.032e-05 -2.32 -0.22
4.036e-05 -2.24 -0.24
4.04e-05 -2.16 -0.22
4.044e-05 -2.16 -0.22
4.048e-05 -2.16 -0.22
4.052e-05 -2 -0.22
4.056e-05 -1.84 -0.22
4.06e-05 -1.84 -0.2
4.064e-05 -1.76 -0.18
4.068e-05 -1.68 -0.2
4.072e-05 -1.6 -0.2
4.076e-05 -1.52 -0.2
4.08e-05 -1.36 -0.18
4.084e-05 -1.36 -0.18
4.088e-05 -1.28 -0.18
4.092e-05 -1.28 -0.16
4.096e-05 -1.12 -0.18
4.1e-05 -1.04 -0.16
4.104e-05 -1.04 -0.18
4.108e-05 -0.88 -0.16
4.112e-05 -0.88 -0.18
4.116e-05 -0.72 -0.16
4.12e-05 -0.64 -0.16
4.124e-05 -0.56 -0.16
4.128e-05 -0.56 -0.16
4.132e-05 -0.4 -0.14
4.136e-05 -0.4 -0.14
4.14e-05 -0.32 -0.14
4.144e-05 -0.24 -0.16
4.148e-05 0 -0.14
4.152e-05 0 -0.14
4.156e-05 0.08 -0.14
4.16e-05 0.16 -0.12
4.164e-05 0.32 -0.12
4.168e-05 0.32 -0.12
4.172e-05 0.4 -0.1
4.176e-05 0.48 -0.1
4.18e-05 0.56 -0.1
4.184e-05 0.64 -0.1
4.188e-05 0.72 -0.1
4.192e-05 0.8 -0.1
4.196e-05 0.96 -0.08
4.2e-05 0.96 -0.08
4.204e-05 1.04 -0.08
4.208e-05 1.12 -0.08
4.212e-05 1.2 -0.08
4.216e-05 1.28 -0.08
4.22e-05 1.36 -0.06
4.224e-05 1.44 -0.06
4.228e-05 1.44 -0.08
4.232e-05 1.6 -0.06
4.236e-05 1.68 -0.08
4.24e-05 1.76 -0.04
4.244e-05 1.76 -0.04
4.248e-05 1.92 -0.06
4.252e-05 1.92 -0.06
4.256e-05 2 -0.04
4.26e-05 2.08 0
4.264e-05 2.24 -0.06
4.268e-05 2.24 -0.04
4.272e-05 2.32 0
4.276e-05 2.4 -0.04
4.28e-05 2.48 0
4.284e-05 2.56 0.02
4.288e-05 2.64 0.02
4.292e-05 2.72 0
4.296e-05 2.72 0
4.3e-05 2.88 0
4.304e-05 2.88 0.02
4.308e-05 2.96 0.02
4.312e-05 3.04 0.02
4.316e-05 3.04 0.02
4.32e-05 3.2 0.02
4.324e-05 3.2 0.02
4.328e-05 3.36 0.04
4.332e-05 3.36 0.02
4.336e-05 3.44 0.04
4.34e-05 3.52 0.04
4.344e-05 3.52 0.06
4.348e-05 3.6 0.06
4.352e-05 3.68 0.06
4.356e-05 3.76 0.06
4.36e-05 3.84 0.06
4.364e-05 3.84 0.06
4.368e-05 3.92 0.06
4.372e-05 4 0.06
4.376e-05 4 0.08
4.38e-05 4.16 0.08
4.384e-05 4.16 0.1
4.388e-05 4.24 0.08
4.392e-05 4.24 0.08
4.396e-05 4.24 0.1
4.4e-05 4.32 0.1
4.404e-05 4.4 0.08
4.408e-05 4.48 0.1
4.412e-05 4.56 0.12
4.416e-05 4.56 0.1
4.42e-05 4.64 0.1
4.424e-05 4.72 0.1
4.428e-05 4.72 0.1
4.432e-05 4.8 0.12
4.436e-05 4.8 0.12
4.44e-05 4.88 0.12
4.444e-05 4.88 0.14
4.448e-05 4.88 0.12
4.452e-05 4.96 0.12
4.456e-05 5.04 0.12
4.46e-05 5.12 0.16
4.464e-05 5.12 0.14
4.468e-05 5.2 0.16
4.472e-05 5.2 0.14
4.476e-05 5.2 0.16
4.48e-05 5.28 0.16
4.484e-05 5.28 0.16
4.488e-05 5.36 0.16
4.492e-05 5.44 0.16
4.496e-05 5.44 0.16
4.5e-05 5.44 0.16
4.504e-05 5.44 0.16
4.508e-05 5.52 0.18
4.512e-05 5.52 0.18
4.516e-05 5.6 0.18
4.52e-05 5.6 0.18
4.524e-05 5.6 0.18
4.528e-05 5.6 0.18
4.532e-05 5.68 0.16
4.536e-05 5.76 0.18
4.54e-05 5.76 0.18
4.544e-05 5.76 0.18
4.548e-05 5.76 0.18
4.552e-05 5.76 0.2
4.556e-05 5.76 0.2
4.56e-05 5.84 0.18
4.564e-05 5.84 0.2
4.568e-05 5.84 0.2
4.572e-05 5.84 0.2
4.576e-05 5.84 0.2
4.58e-05 5.92 0.2
4.584e-05 5.92 0.22
4.588e-05 5.92 0.2
4.592e-05 5.92 0.22
4.596e-05 5.92 0.2
4.6e-05 6 0.2
4.604e-05 5.92 0.2
4.608e-05 6 0.22
4.612e-05 5.92 0.22
4.616e-05 6 0.22
4.62e-05 6 0.22
4.624e-05 6 0.22
4.628e-05 6 0.24
4.632e-05 6.08 0.22
4.636e-05 6.08 0.22
4.64e-05 6 0.22
4.644e-05 6 0.24
4.648e-05 6 0.22
4.652e-05 6 0.24
4.656e-05 5.92 0.22
4.66e-05 6 0.24
4.664e-05 6 0.24
4.668e-05 5.92 0.22
4.672e-05 5.92 0.22
4.676e-05 5.92 0.24
4.68e-05 5.92 0.24
4.684e-05 5.92 0.24
4.688e-05 5.92 0.24
4.692e-05 5.84 0.24
4.696e-05 5.92 0.24
4.7e-05 5.84 0.24
4.704e-05 5.84 0.24
4.708e-05 5.76 0.24
4.712e-05 5.84 0.22
4.716e-05 5.76 0.24
4.72e-05 5.76 0.22
4.724e-05 5.68 0.24
4.728e-05 5.76 0.24
4.732e-05 5.68 0.24
4.736e-05 5.6 0.24
4.74e-05 5.6 0.24
4.744e-05 5.6 0.24
4.748e-05 5.6 0.24
4.752e-05 5.44 0.24
4.756e-05 5.52 0.24
4.76e-05 5.44 0.24
4.764e-05 5.44 0.24
4.768e-05 5.44 0.24
4.772e-05 5.44 0.24
4.776e-05 5.36 0.22
4.78e-05 5.28 0.24
4.784e-05 5.28 0.24
4.788e-05 5.2 0.24
4.792e-05 5.2 0.24
4.796e-05 5.12 0.22
4.8e-05 5.12 0.24
4.804e-05 5.12 0.24
4.808e-05 5.04 0.24
4.812e-05 5.04 0.24
4.816e-05 4.96 0.24
4.82e-05 4.88 0.24
4.824e-05 4.88 0.22
4.828e-05 4.88 0.22
4.832e-05 4.8 0.22
4.836e-05 4.64 0.24
4.84e-05 4.72 0.22
4.844e-05 4.64 0.2
4.848e-05 4.64 0.2
4.852e-05 4.56 0.22
4.856e-05 4.48 0.22
4.86e-05 4.4 0.22
4.864e-05 4.32 0.2
4.868e-05 4.24 0.22
4.872e-05 4.24 0.18
4.876e-05 4.16 0.2
4.88e-05 4.16 0.2
4.884e-05 4.08 0.2
4.888e-05 4 0.2
4.892e-05 3.92 0.2
4.896e-05 3.84 0.2
4.9e-05 3.84 0.18
4.904e-05 3.84 0.18
4.908e-05 3.68 0.2
4.912e-05 3.6 0.18
4.916e-05 3.6 0.18
4.92e-05 3.52 0.18
4.924e-05 3.52 0.2
4.928e-05 3.36 0.18
4.932e-05 3.36 0.18
4.936e-05 3.2 0.18
4.94e-05 3.2 0.18
4.944e-05 3.2 0.18
4.948e-05 3.04 0.16
4.952e-05 2.96 0.16
4.956e-05 2.88 0.18
4.96e-05 2.88 0.16
4.964e-05 2.72 0.16
4.968e-05 2.72 0.16
4.972e-05 2.64 0.16
4.976e-05 2.56 0.16
4.98e-05 2.48 0.16
4.984e-05 2.4 0.16
4.988e-05 2.32 0.14
4.992e-05 2.32 0.14
4.996e-05 2.24 0.14
5e-05 2.16 0.14
5.004e-05 2.08 0.14
5.008e-05 2 0.12
5.012e-05 1.92 0.12
5.016e-05 1.92 0.12
5.02e-05 1.76 0.12
5.024e-05 1.68 0.1
5.028e-05 1.6 0.12
5.032e-05 1.6 0.1
5.036e-05 1.44 0.12
5.04e-05 1.36 0.1
5.044e-05 1.28 0.1
5.048e-05 1.28 0.1
5.052e-05 1.2 0.1
5.056e-05 1.04 0.1
5.06e-05 1.04 0.08
5.064e-05 0.96 0.1
5.068e-05 0.8 0.1
5.072e-05 0.8 0.08
5.076e-05 0.72 0.08
5.08e-05 0.64 0.08
5.084e-05 0.56 0.08
5.088e-05 0.48 0.08
5.092e-05 0.32 0.08
5.096e-05 0.32 0.06
5.1e-05 0.32 0.06
5.104e-05 0.16 0.06
5.108e-05 0.08 0.04
5.112e-05 0 0.04
5.116e-05 0 0.04
5.12e-05 -0.24 0.06
5.124e-05 -0.24 0.04
5.128e-05 -0.4 0.02
5.132e-05 -0.48 0.02
5.136e-05 -0.56 0.04
5.14e-05 -0.64 0.04
5.144e-05 -0.72 0.02
5.148e-05 -0.8 0
5.152e-05 -0.88 0.02
5.156e-05 -0.96 0.02
5.16e-05 -1.04 0
5.164e-05 -1.04 0.02
5.168e-05 -1.2 0
5.172e-05 -1.28 0
5.176e-05 -1.36 0
5.18e-05 -1.44 0
5.184e-05 -1.52 -0.04
5.188e-05 -1.52 -0.04
5.192e-05 -1.6 0
5.196e-05 -1.76 -0.04
5.2e-05 -1.84 -0.04
5.204e-05 -1.84 -0.04
5.208e-05 -1.92 -0.04
5.212e-05 -2 -0.04
5.216e-05 -2.16 -0.06
5.22e-05 -2.16 -0.06
5.224e-05 -2.16 -0.06
5.228e-05 -2.32 -0.06
5.232e-05 -2.4 -0.08
5.236e-05 -2.48 -0.08
5.24e-05 -2.56 -0.08
5.244e-05 -2.64 -0.08
5.248e-05 -2.64 -0.08
5.252e-05 -2.8 -0.08
5.256e-05 -2.8 -0.1
5.26e-05 -2.88 -0.1
5.264e-05 -2.96 -0.08
5.268e-05 -2.96 -0.1
5.272e-05 -3.12 -0.1
5.276e-05 -3.2 -0.1
5.28e-05 -3.28 -0.1
5.284e-05 -3.28 -0.1
5.288e-05 -3.36 -0.1
5.292e-05 -3.44 -0.12
5.296e-05 -3.52 -0.12
5.3e-05 -3.52 -0.12
5.304e-05 -3.6 -0.12
5.308e-05 -3.68 -0.14
5.312e-05 -3.76 -0.14
5.316e-05 -3.76 -0.14
5.32e-05 -3.84 -0.16
5.324e-05 -3.92 -0.16
5.328e-05 -4 -0.16
5.332e-05 -4.08 -0.16
5.336e-05 -4.08 -0.14
5.34e-05 -4.16 -0.16
5.344e-05 -4.16 -0.16
5.348e-05 -4.24 -0.18
5.352e-05 -4.4 -0.16
5.356e-05 -4.4 -0.18
5.36e-05 -4.48 -0.18
5.364e-05 -4.48 -0.18
5.368e-05 -4.56 -0.18
5.372e-05 -4.56 -0.18
5.376e-05 -4.64 -0.18
5.38e-05 -4.72 -0.2
5.384e-05 -4.8 -0.2
5.388e-05 -4.8 -0.18
5.392e-05 -4.88 -0.2
5.396e-05 -4.88 -0.22
5.4e-05 -4.88 -0.22
5.404e-05 -4.96 -0.2
5.408e-05 -5.04 -0.2
5.412e-05 -5.04 -0.24
5.416e-05 -5.12 -0.24
5.42e-05 -5.2 -0.22
5.424e-05 -5.2 -0.24
5.428e-05 -5.2 -0.22
5.432e-05 -5.2 -0.24
5.436e-05 -5.36 -0.24
5.44e-05 -5.36 -0.24
5.444e-05 -5.44 -0.26
5.448e-05 -5.44 -0.24
5.452e-05 -5.44 -0.26
5.456e-05 -5.52 -0.24
5.46e-05 -5.52 -0.26
5.464e-05 -5.52 -0.24
5.468e-05 -5.52 -0.26
5.472e-05 -5.68 -0.26
5.476e-05 -5.68 -0.26
5.48e-05 -5.68 -0.26
5.484e-05 -5.68 -0.26
5.488e-05 -5.76 -0.26
5.492e-05 -5.76 -0.26
5.496e-05 -5.76 -0.26
5.5e-05 -5.84 -0.28
5.504e-05 -5.84 -0.26
5.508e-05 -5.84 -0.28
5.512e-05 -5.84 -0.26
5.516e-05 -5.84 -0.26
5.52e-05 -5.84 -0.3
5.524e-05 -5.92 -0.3
5.528e-05 -6 -0.28
5.532e-05 -6 -0.28
5.536e-05 -6 -0.3
5.54e-05 -6 -0.3
5.544e-05 -6.08 -0.3
5.548e-05 -6.08 -0.3
5.552e-05 -6.08 -0.3
5.556e-05 -6.08 -0.3
5.56e-05 -6.08 -0.3
5.564e-05 -6.08 -0.3
5.568e-05 -6.16 -0.32
5.572e-05 -6.08 -0.3
5.576e-05 -6.16 -0.3
5.58e-05 -6.08 -0.3
5.584e-05 -6.08 -0.32
5.588e-05 -6.16 -0.3
5.592e-05 -6.08 -0.3
5.596e-05 -6.08 -0.3
5.6e-05 -6.08 -0.3
5.604e-05 -6.16 -0.3
5.608e-05 -6.08 -0.32
5.612e-05 -6.08 -0.32
5.616e-05 -6.08 -0.3
5.62e-05 -6.08 -0.32
5.624e-05 -6.08 -0.32
5.628e-05 -6 -0.32
5.632e-05 -6.08 -0.32
5.636e-05 -6 -0.32
5.64e-05 -6 -0.32
5.644e-05 -6 -0.32
5.648e-05 -6 -0.32
5.652e-05 -6 -0.32
5.656e-05 -6 -0.32
5.66e-05 -5.92 -0.32
5.664e-05 -5.84 -0.32
5.668e-05 -5.84 -0.32
5.672e-05 -5.84 -0.32
5.676e-05 -5.84 -0.32
5.68e-05 -5.84 -0.34
5.684e-05 -5.84 -0.32
5.688e-05 -5.84 -0.32
5.692e-05 -5.76 -0.32
5.696e-05 -5.76 -0.32
5.7e-05 -5.76 -0.32
5.704e-05 -5.68 -0.32
5.708e-05 -5.68 -0.32
5.712e-05 -5.68 -0.32
5.716e-05 -5.6 -0.34
5.72e-05 -5.52 -0.32
5.724e-05 -5.52 -0.32
5.728e-05 -5.52 -0.34
5.732e-05 -5.52 -0.32
5.736e-05 -5.44 -0.32
5.74e-05 -5.44 -0.3
5.744e-05 -5.36 -0.32
5.748e-05 -5.36 -0.32
5.752e-05 -5.28 -0.32
5.756e-05 -5.2 -0.32
5.76e-05 -5.2 -0.32
5.764e-05 -5.2 -0.32
5.768e-05 -5.12 -0.32
5.772e-05 -5.12 -0.32
5.776e-05 -5.04 -0.3
5.78e-05 -5.04 -0.32
5.784e-05 -4.88 -0.32
5.788e-05 -4.88 -0.3
5.792e-05 -4.88 -0.3
5.796e-05 -4.8 -0.3
5.8e-05 -4.8 -0.3
5.804e-05 -4.72 -0.3
5.808e-05 -4.72 -0.3
5.812e-05 -4.64 -0.3
5.816e-05 -4.56 -0.3
5.82e-05 -4.56 -0.3
5.824e-05 -4.48 -0.3
5.828e-05 -4.4 -0.3
5.832e-05 -4.4 -0.3
5.836e-05 -4.24 -0.28
5.84e-05 -4.24 -0.28
5.844e-05 -4.16 -0.28
5.848e-05 -4.16 -0.28
5.852e-05 -4.08 -0.3
5.856e-05 -4 -0.28
5.86e-05 -3.92 -0.26
5.864e-05 -3.92 -0.26
5.868e-05 -3.84 -0.26
5.872e-05 -3.76 -0.3
5.876e-05 -3.76 -0.28
5.88e-05 -3.6 -0.26
5.884e-05 -3.6 -0.26
5.888e-05 -3.52 -0.26
5.892e-05 -3.44 -0.26
5.896e-05 -3.36 -0.26
5.9e-05 -3.28 -0.26
5.904e-05 -3.2 -0.26
5.908e-05 -3.2 -0.26
5.912e-05 -3.12 -0.26
5.916e-05 -3.12 -0.24
5.92e-05 -2.96 -0.26
5.924e-05 -2.96 -0.24
5.928e-05 -2.88 -0.26
5.932e-05 -2.8 -0.24
5.936e-05 -2.64 -0.24
5.94e-05 -2.64 -0.24
5.944e-05 -2.64 -0.26
5.948e-05 -2.48 -0.24
5.952e-05 -2.4 -0.24
5.956e-05 -2.32 -0.22
5.96e-05 -2.24 -0.24
5.964e-05 -2.16 -0.22
5.968e-05 -2.08 -0.22
5.972e-05 -2 -0.22
5.976e-05 -1.92 -0.22
5.98e-05 -1.84 -0.22
5.984e-05 -1.84 -0.22
5.988e-05 -1.68 -0.2
5.992e-05 -1.68 -0.22
5.996e-05 -1.6 -0.2
6e-05 -1.52 -0.2
6.004e-05 -1.44 -0.2
6.008e-05 -1.36 -0.18
6.012e-05 -1.28 -0.2
6.016e-05 -1.2 -0.18
6.02e-05 -1.04 -0.18
6.024e-05 -1.04 -0.18
6.028e-05 -0.96 -0.16
6.032e-05 -0.88 -0.16
6.036e-05 -0.88 -0.16
6.04e-05 -0.72 -0.16
6.044e-05 -0.64 -0.16
6.048e-05 -0.56 -0.16
6.052e-05 -0.48 -0.16
6.056e-05 -0.4 -0.14
6.06e-05 -0.32 -0.14
6.064e-05 -0.24 -0.14
6.068e-05 -0.24 -0.16
6.072e-05 0 -0.14
6.076e-05 0 -0.12
6.08e-05 0.16 -0.14
6.084e-05 0.16 -0.14
6.088e-05 0.32 -0.12
6.092e-05 0.4 -0.12
6.096e-05 0.48 -0.1
6.1e-05 0.48 -0.1
6.104e-05 0.64 -0.1
6.108e-05 0.64 -0.12
6.112e-05 0.8 -0.1
6.116e-05 0.8 -0.1
6.12e-05 0.96 -0.1
6.124e-05 0.96 -0.08
6.128e-05 1.04 -0.08
6.132e-05 1.12 -0.08
6.136e-05 1.28 -0.08
6.14e-05 1.28 -0.08
6.144e-05 1.36 -0.08
6.148e-05 1.44 -0.08
6.152e-05 1.52 -0.06
6.156e-05 1.6 -0.08
6.16e-05 1.68 -0.06
6.164e-05 1.76 -0.04
6.168e-05 1.76 -0.04
6.172e-05 1.92 -0.06
6.176e-05 2 -0.04
6.18e-05 2.08 -0.04
6.184e-05 2.08 -0.04
6.188e-05 2.24 -0.04
6.192e-05 2.24 -0.04
6.196e-05 2.4 -0.04
6.2e-05 2.4 0
6.204e-05 2.4 0
6.208e-05 2.56 0
6.212e-05 2.56 0
6.216e-05 2.64 0.02
6.22e-05 2.72 0
6.224e-05 2.88 0
6.228e-05 2.88 0
6.232e-05 2.88 0
6.236e-05 3.04 0.02
6.24e-05 3.12 0.02
6.244e-05 3.2 0.02
6.248e-05 3.2 0.02
6.252e-05 3.28 0.04
6.256e-05 3.36 0.04
6.26e-05 3.36 0.04
6.264e-05 3.52 0.04
6.268e-05 3.6 0.04
6.272e-05 3.6 0.06
6.276e-05 3.68 0.06
6.28e-05 3.68 0.04
6.284e-05 3.84 0.06
6.288e-05 3.84 0.06
6.292e-05 3.92 0.08
6.296e-05 3.92 0.06
6.3e-05 4.08 0.08
6.304e-05 4.08 0.08
6.308e-05 4.16 0.08
6.312e-05 4.24 0.08
6.316e-05 4.24 0.08
6.32e-05 4.32 0.1
6.324e-05 4.4 0.1
6.328e-05 4.32 0.1
6.332e-05 4.48 0.08
6.336e-05 4.56 0.1
6.34e-05 4.56 0.12
6.344e-05 4.64 0.1
6.348e-05 4.64 0.1
6.352e-05 4.8 0.1
6.356e-05 4.8 0.12
6.36e-05 4.88 0.12
6.364e-05 4.96 0.12
6.368e-05 4.96 0.12
6.372e-05 4.96 0.12
6.376e-05 5.04 0.14
6.38e-05 5.04 0.12
6.384e-05 5.12 0.14
6.388e-05 5.12 0.12
6.392e-05 5.2 0.14
6.396e-05 5.2 0.16
6.4e-05 5.2 0.16
6.404e-05 5.28 0.12
6.408e-05 5.28 0.16
6.412e-05 5.28 0.16
6.416e-05 5.36 0.16
6.42e-05 5.44 0.14
6.424e-05 5.44 0.16
6.428e-05 5.52 0.16
6.432e-05 5.52 0.16
6.436e-05 5.52 0.16
6.44e-05 5.52 0.18
6.444e-05 5.6 0.18
6.448e-05 5.6 0.18
6.452e-05 5.6 0.18
6.456e-05 5.76 0.18
6.46e-05 5.76 0.18
6.464e-05 5.76 0.18
6.468e-05 5.76 0.2
6.472e-05 5.76 0.18
6.476e-05 5.84 0.2
6.48e-05 5.84 0.2
6.484e-05 5.84 0.2
6.488e-05 5.84 0.2
6.492e-05 5.84 0.2
6.496e-05 5.92 0.2
6.5e-05 5.92 0.2
6.504e-05 5.92 0.2
6.508e-05 5.92 0.2
6.512e-05 5.92 0.2
6.516e-05 5.92 0.2
6.52e-05 5.92 0.2
6.524e-05 5.92 0.2
6.528e-05 5.92 0.22
6.532e-05 5.92 0.22
6.536e-05 5.92 0.22
6.54e-05 6 0.22
6.544e-05 6 0.22
6.548e-05 6.08 0.22
6.552e-05 6.08 0.22
6.556e-05 5.92 0.24
6.56e-05 6.08 0.22
6.564e-05 6 0.22
6.568e-05 6 0.22
6.572e-05 6 0.22
6.576e-05 5.92 0.24
6.58e-05 6 0.22
6.584e-05 6 0.24
6.588e-05 5.92 0.24
6.592e-05 5.92 0.22
6.596e-05 5.92 0.24
6.6e-05 5.92 0.24
6.604e-05 5.92 0.24
6.608e-05 5.84 0.24
6.612e-05 5.92 0.24
6.616e-05 5.92 0.24
6.62e-05 5.84 0.24
6.624e-05 5.84 0.24
6.628e-05 5.84 0.24
6.632e-05 5.76 0.24
6.636e-05 5.76 0.24
6.64e-05 5.76 0.24
6.644e-05 5.76 0.22
6.648e-05 5.76 0.24
6.652e-05 5.68 0.24
6.656e-05 5.6 0.24
6.66e-05 5.6 0.24
6.664e-05 5.6 0.24
6.668e-05 5.6 0.24
6.672e-05 5.52 0.24
6.676e-05 5.52 0.24
6.68e-05 5.52 0.24
6.684e-05 5.44 0.24
6.688e-05 5.44 0.24
6.692e-05 5.44 0.24
6.696e-05 5.44 0.24
6.7e-05 5.36 0.24
6.704e-05 5.28 0.24
6.708e-05 5.2 0.24
6.712e-05 5.2 0.24
6.716e-05 5.2 0.24
6.72e-05 5.12 0.24
6.724e-05 5.12 0.24
6.728e-05 5.12 0.24
6.732e-05 5.04 0.24
6.736e-05 4.96 0.22
6.74e-05 4.96 0.22
6.744e-05 4.88 0.22
6.748e-05 4.8 0.2
6.752e-05 4.8 0.22
6.756e-05 4.8 0.2
6.76e-05 4.64 0.22
6.764e-05 4.64 0.22
6.768e-05 4.56 0.22
6.772e-05 4.56 0.2
6.776e-05 4.56 0.22
6.78e-05 4.48 0.2
6.784e-05 4.4 0.22
6.788e-05 4.32 0.2
6.792e-05 4.24 0.2
6.796e-05 4.16 0.2
6.8e-05 4.16 0.2
6.804e-05 4.16 0.2
6.808e-05 4.08 0.2
6.812e-05 4 0.18
6.816e-05 3.92 0.2
6.82e-05 3.84 0.2
6.824e-05 3.84 0.2
6.828e-05 3.76 0.18
6.832e-05 3.68 0.2
6.836e-05 3.68 0.18
6.84e-05 3.6 0.18
6.844e-05 3.52 0.2
6.848e-05 3.52 0.18
6.852e-05 3.36 0.18
6.856e-05 3.36 0.18
6.86e-05 3.2 0.18
6.864e-05 3.2 0.16
6.868e-05 3.12 0.16
6.872e-05 3.04 0.18
6.876e-05 2.96 0.18
6.88e-05 2.88 0.18
6.884e-05 2.88 0.16
6.888e-05 2.72 0.16
6.892e-05 2.72 0.16
6.896e-05 2.56 0.16
6.9e-05 2.56 0.16
6.904e-05 2.48 0.16
6.908e-05 2.4 0.16
6.912e-05 2.32 0.16
6.916e-05 2.32 0.14
6.92e-05 2.24 0.16
6.924e-05 2.16 0.12
6.928e-05 2.08 0.16
6.932e-05 1.92 0.12
6.936e-05 1.92 0.12
6.94e-05 1.76 0.12
6.944e-05 1.76 0.12
6.948e-05 1.68 0.12
6.952e-05 1.6 0.12
6.956e-05 1.52 0.12
6.96e-05 1.44 0.12
6.964e-05 1.36 0.1
6.968e-05 1.28 0.1
6.972e-05 1.2 0.08
6.976e-05 1.12 0.12
6.98e-05 1.04 0.08
6.984e-05 0.96 0.1
6.988e-05 0.96 0.08
6.992e-05 0.8 0.08
6.996e-05 0.72 0.08
7e-05 0.72 0.08
7.004e-05 0.64 0.08
7.008e-05 0.48 0.06
7.012e-05 0.4 0.08
7.016e-05 0.4 0.08
7.02e-05 0.24 0.06
7.024e-05 0.16 0.06
7.028e-05 0.16 0.04
7.032e-05 0.08 0.06
7.036e-05 0 0.04
7.04e-05 -0.24 0.04
7.044e-05 -0.24 0.04
7.048e-05 -0.32 0.04
7.052e-05 -0.4 0.04
7.056e-05 -0.48 0.02
7.06e-05 -0.56 0.02
7.064e-05 -0.64 0.02
7.068e-05 -0.72 0.02
7.072e-05 -0.8 0.02
7.076e-05 -0.96 0.02
7.08e-05 -0.96 0.02
7.084e-05 -1.04 0.02
7.088e-05 -1.04 0
7.092e-05 -1.2 0
7.096e-05 -1.28 0
7.1e-05 -1.36 0
7.104e-05 -1.36 0
7.108e-05 -1.52 -0.04
7.112e-05 -1.6 0
7.116e-05 -1.6 0
7.12e-05 -1.68 0
7.124e-05 -1.84 -0.04
7.128e-05 -1.92 -0.06
7.132e-05 -1.92 -0.06
7.136e-05 -2 -0.06
7.14e-05 -2.08 -0.04
7.144e-05 -2.16 -0.06
7.148e-05 -2.24 -0.08
7.152e-05 -2.32 -0.06
7.156e-05 -2.32 -0.06
7.16e-05 -2.48 -0.08
7.164e-05 -2.56 -0.1
7.168e-05 -2.64 -0.08
7.172e-05 -2.64 -0.08
7.176e-05 -2.8 -0.08
7.18e-05 -2.8 -0.1
7.184e-05 -2.88 -0.1
7.188e-05 -2.96 -0.1
7.192e-05 -2.96 -0.1
7.196e-05 -3.12 -0.1
7.2e-05 -3.2 -0.1
7.204e-05 -3.28 -0.1
7.208e-05 -3.28 -0.12
7.212e-05 -3.36 -0.12
7.216e-05 -3.44 -0.12
7.22e-05 -3.52 -0.12
7.224e-05 -3.6 -0.12
7.228e-05 -3.6 -0.14
7.232e-05 -3.68 -0.14
7.236e-05 -3.76 -0.14
7.24e-05 -3.84 -0.14
7.244e-05 -3.84 -0.14
7.248e-05 -3.92 -0.16
7.252e-05 -4 -0.16
7.256e-05 -4.08 -0.16
7.26e-05 -4.16 -0.16
7.264e-05 -4.16 -0.16
7.268e-05 -4.24 -0.16
7.272e-05 -4.24 -0.18
7.276e-05 -4.4 -0.18
7.28e-05 -4.4 -0.18
7.284e-05 -4.48 -0.18
7.288e-05 -4.48 -0.18
7.292e-05 -4.56 -0.18
7.296e-05 -4.56 -0.18
7.3e-05 -4.64 -0.2
7.304e-05 -4.72 -0.18
7.308e-05 -4.8 -0.2
7.312e-05 -4.8 -0.2
7.316e-05 -4.88 -0.2
7.32e-05 -4.88 -0.22
7.324e-05 -4.96 -0.22
7.328e-05 -5.04 -0.2
7.332e-05 -5.04 -0.22
7.336e-05 -5.12 -0.22
7.34e-05 -5.12 -0.22
7.344e-05 -5.2 -0.24
7.348e-05 -5.2 -0.22
7.352e-05 -5.2 -0.22
7.356e-05 -5.28 -0.24
7.36e-05 -5.36 -0.24
7.364e-05 -5.36 -0.24
7.368e-05 -5.44 -0.24
7.372e-05 -5.44 -0.24
7.376e-05 -5.52 -0.24
7.38e-05 -5.52 -0.24
7.384e-05 -5.52 -0.24
7.388e-05 -5.52 -0.24
7.392e-05 -5.6 -0.24
7.396e-05 -5.68 -0.24
7.4e-05 -5.68 -0.26
7.404e-05 -5.68 -0.26
7.408e-05 -5.68 -0.26
7.412e-05 -5.76 -0.26
7.416e-05 -5.68 -0.26
7.42e-05 -5.76 -0.26
7.424e-05 -5.76 -0.26
7.428e-05 -5.84 -0.26
7.432e-05 -5.76 -0.26
7.436e-05 -5.84 -0.28
7.44e-05 -5.84 -0.26
7.444e-05 -6 -0.3
7.448e-05 -5.92 -0.28
7.452e-05 -6 -0.28
7.456e-05 -6 -0.28
7.46e-05 -6 -0.28
7.464e-05 -6.08 -0.3
7.468e-05 -6 -0.3
7.472e-05 -6.08 -0.28
7.476e-05 -6 -0.3
7.48e-05 -6.08 -0.3
7.484e-05 -6.08 -0.3
7.488e-05 -6.08 -0.3
7.492e-05 -6.08 -0.3
7.496e-05 -6.08 -0.3
7.5e-05 -6.08 -0.32
7.504e-05 -6.08 -0.3
7.508e-05 -6.08 -0.3
7.512e-05 -6.16 -0.3
7.516e-05 -6.16 -0.32
7.52e-05 -6.16 -0.3
7.524e-05 -6.08 -0.32
7.528e-05 -6.08 -0.3
7.532e-05 -6.16 -0.32
7.536e-05 -6.16 -0.32
7.54e-05 -6.08 -0.32
7.544e-05 -6.08 -0.3
7.548e-05 -6.08 -0.34
7.552e-05 -6 -0.32
7.556e-05 -6 -0.3
7.56e-05 -6.08 -0.32
7.564e-05 -6 -0.32
7.568e-05 -6.08 -0.34
7.572e-05 -6 -0.32
7.576e-05 -6 -0.32
7.58e-05 -6 -0.32
7.584e-05 -5.92 -0.32
7.588e-05 -5.92 -0.32
7.592e-05 -5.84 -0.32
7.596e-05 -5.84 -0.32
7.6e-05 -5.84 -0.32
7.604e-05 -5.84 -0.34
7.608e-05 -5.84 -0.32
7.612e-05 -5.76 -0.32
7.616e-05 -5.76 -0.32
7.62e-05 -5.76 -0.32
7.624e-05 -5.68 -0.34
7.628e-05 -5.68 -0.32
7.632e-05 -5.68 -0.32
7.636e-05 -5.6 -0.32
7.64e-05 -5.52 -0.32
7.644e-05 -5.52 -0.34
7.648e-05 -5.52 -0.32
7.652e-05 -5.52 -0.3
7.656e-05 -5.52 -0.32
7.66e-05 -5.36 -0.32
7.664e-05 -5.36 -0.32
7.668e-05 -5.36 -0.32
7.672e-05 -5.28 -0.32
7.676e-05 -5.28 -0.32
7.68e-05 -5.2 -0.32
7.684e-05 -5.2 -0.3
7.688e-05 -5.2 -0.32
7.692e-05 -5.12 -0.32
7.696e-05 -5.12 -0.32
7.7e-05 -5.04 -0.3
7.704e-05 -5.04 -0.3
7.708e-05 -4.96 -0.3
7.712e-05 -4.88 -0.32
7.716e-05 -4.88 -0.32
7.72e-05 -4.88 -0.3
7.724e-05 -4.8 -0.3
7.728e-05 -4.72 -0.32
7.732e-05 -4.64 -0.32
7.736e-05 -4.56 -0.3
7.74e-05 -4.56 -0.3
7.744e-05 -4.48 -0.3
7.748e-05 -4.48 -0.3
7.752e-05 -4.4 -0.28
7.756e-05 -4.4 -0.3
7.76e-05 -4.24 -0.3
7.764e-05 -4.24 -0.3
7.768e-05 -4.16 -0.3
7.772e-05 -4.16 -0.28
7.776e-05 -4.08 -0.28
7.78e-05 -3.92 -0.28
7.784e-05 -3.92 -0.3
7.788e-05 -3.92 -0.26
7.792e-05 -3.84 -0.26
7.796e-05 -3.76 -0.28
7.8e-05 -3.6 -0.3
7.804e-05 -3.6 -0.28
7.808e-05 -3.6 -0.26
7.812e-05 -3.52 -0.26
7.816e-05 -3.44 -0.28
7.82e-05 -3.28 -0.26
7.824e-05 -3.28 -0.26
7.828e-05 -3.2 -0.26
7.832e-05 -3.2 -0.26
7.836e-05 -3.12 -0.26
7.84e-05 -2.96 -0.24
7.844e-05 -2.96 -0.26
7.848e-05 -2.88 -0.24
7.852e-05 -2.8 -0.24
7.856e-05 -2.72 -0.24
7.86e-05 -2.64 -0.24
7.864e-05 -2.56 -0.24
7.868e-05 -2.56 -0.24
7.872e-05 -2.48 -0.24
7.876e-05 -2.32 -0.22
7.88e-05 -2.32 -0.22
7.884e-05 -2.24 -0.22
7.888e-05 -2.24 -0.22
7.892e-05 -2.08 -0.24
7.896e-05 -2 -0.22
7.9e-05 -1.92 -0.22
7.904e-05 -1.92 -0.22
7.908e-05 -1.76 -0.22
7.912e-05 -1.68 -0.2
7.916e-05 -1.6 -0.18
7.92e-05 -1.6 -0.2
7.924e-05 -1.52 -0.22
7.928e-05 -1.44 -0.2
7.932e-05 -1.28 -0.2
7.936e-05 -1.28 -0.18
7.94e-05 -1.2 -0.18
7.944e-05 -1.2 -0.2
7.948e-05 -1.04 -0.18
7.952e-05 -1.04 -0.18
7.956e-05 -0.88 -0.18
7.96e-05 -0.72 -0.18
7.964e-05 -0.72 -0.16
7.968e-05 -0.64 -0.16
7.972e-05 -0.56 -0.16
7.976e-05 -0.4 -0.16
7.98e-05 -0.4 -0.16
7.984e-05 -0.32 -0.14
7.988e-05 -0.24 -0.14
7.992e-05 0 -0.14
7.996e-05 0 -0.14
8e-05 0.08 -0.12
8.004e-05 0.16 -0.12
8.008e-05 0.24 -0.12
8.012e-05 0.32 -0.14
8.016e-05 0.4 -0.12
8.02e-05 0.48 -0.12
8.024e-05 0.56 -0.12
8.028e-05 0.64 -0.1
8.032e-05 0.72 -0.1
8.036e-05 0.8 -0.1
8.04e-05 0.88 -0.08
8.044e-05 0.96 -0.1
8.048e-05 1.04 -0.1
8.052e-05 1.12 -0.08
8.056e-05 1.12 -0.08
8.06e-05 1.28 -0.08
8.064e-05 1.36 -0.08
8.068e-05 1.36 -0.08
8.072e-05 1.44 -0.08
8.076e-05 1.6 -0.06
8.08e-05 1.6 -0.08
8.084e-05 1.68 -0.06
8.088e-05 1.76 -0.06
8.092e-05 1.84 -0.04
8.096e-05 1.92 -0.04
8.1e-05 2 -0.06
8.104e-05 2.08 -0.06
8.108e-05 2.24 -0.04
8.112e-05 2.24 0
8.116e-05 2.24 -0.04
8.12e-05 2.32 0
8.124e-05 2.4 0
8.128e-05 2.56 0
8.132e-05 2.56 0
8.136e-05 2.64 0
8.14e-05 2.72 0
8.144e-05 2.72 0.02
8.148e-05 2.88 0
8.152e-05 2.88 0
8.156e-05 2.96 0.02
8.16e-05 3.04 0.02
8.164e-05 3.12 0.04
8.168e-05 3.2 0.02
8.172e-05 3.28 0.02
8.176e-05 3.36 0.02
8.18e-05 3.36 0.04
8.184e-05 3.44 0.04
8.188e-05 3.52 0.04
8.192e-05 3.52 0.04
8.196e-05 3.6 0.04
8.2e-05 3.68 0.08
8.204e-05 3.76 0.04
8.208e-05 3.84 0.08
8.212e-05 3.92 0.08
8.216e-05 3.92 0.08
8.22e-05 4 0.08
8.224e-05 4 0.08
8.228e-05 4.16 0.08
8.232e-05 4.24 0.08
8.236e-05 4.24 0.08
8.24e-05 4.24 0.08
8.244e-05 4.24 0.08
8.248e-05 4.4 0.1
8.252e-05 4.48 0.1
8.256e-05 4.48 0.1
8.26e-05 4.56 0.08
8.264e-05 4.56 0.1
8.268e-05 4.64 0.12
8.272e-05 4.64 0.12
8.276e-05 4.72 0.12
8.28e-05 4.8 0.1
8.284e-05 4.88 0.12
8.288e-05 4.88 0.12
8.292e-05 4.96 0.12
8.296e-05 4.96 0.14
8.3e-05 5.04 0.12
8.304e-05 5.04 0.14
8.308e-05 5.12 0.12
8.312e-05 5.12 0.12
8.316e-05 5.2 0.14
8.32e-05 5.2 0.14
8.324e-05 5.28 0.16
8.328e-05 5.28 0.16
8.332e-05 5.28 0.16
8.336e-05 5.36 0.16
8.34e-05 5.44 0.18
8.344e-05 5.44 0.14
8.348e-05 5.44 0.16
8.352e-05 5.52 0.16
8.356e-05 5.52 0.18
8.36e-05 5.52 0.16
8.364e-05 5.6 0.16
8.368e-05 5.6 0.18
8.372e-05 5.68 0.18
8.376e-05 5.6 0.18
8.38e-05 5.76 0.18
8.384e-05 5.76 0.18
8.388e-05 5.76 0.2
8.392e-05 5.76 0.18
8.396e-05 5.84 0.2
8.4e-05 5.84 0.18
8.404e-05 5.84 0.18
8.408e-05 5.84 0.2
8.412e-05 5.84 0.2
8.416e-05 5.84 0.2
8.42e-05 5.92 0.2
8.424e-05 5.84 0.2
8.428e-05 5.92 0.2
8.432e-05 5.92 0.2
8.436e-05 5.92 0.2
8.44e-05 5.92 0.22
8.444e-05 6 0.22
8.448e-05 6 0.22
8.452e-05 6 0.2
8.456e-05 6.08 0.22
8.46e-05 6 0.22
8.464e-05 6 0.24
8.468e-05 6 0.22
8.472e-05 6 0.22
8.476e-05 6 0.22
8.48e-05 6.08 0.24
8.484e-05 6 0.22
8.488e-05 6.08 0.22
8.492e-05 6 0.22
8.496e-05 5.92 0.22
8.5e-05 5.92 0.24
8.504e-05 5.92 0.22
8.508e-05 5.92 0.24
8.512e-05 6 0.24
8.516e-05 5.92 0.22
8.52e-05 6 0.24
8.524e-05 5.92 0.24
8.528e-05 5.92 0.22
8.532e-05 5.92 0.24
8.536e-05 5.84 0.24
8.54e-05 5.84 0.24
8.544e-05 5.84 0.24
8.548e-05 5.84 0.24
8.552e-05 5.84 0.24
8.556e-05 5.76 0.24
8.56e-05 5.76 0.24
8.564e-05 5.76 0.24
8.568e-05 5.76 0.24
8.572e-05 5.76 0.24
8.576e-05 5.6 0.22
8.58e-05 5.68 0.24
8.584e-05 5.6 0.24
8.588e-05 5.6 0.24
8.592e-05 5.6 0.24
8.596e-05 5.52 0.22
8.6e-05 5.52 0.24
8.604e-05 5.52 0.24
8.608e-05 5.44 0.24
8.612e-05 5.44 0.24
8.616e-05 5.44 0.24
8.62e-05 5.28 0.24
8.624e-05 5.28 0.24
8.628e-05 5.28 0.24
8.632e-05 5.2 0.22
8.636e-05 5.2 0.24
8.64e-05 5.12 0.22
8.644e-05 5.12 0.24
8.648e-05 5.12 0.24
8.652e-05 5.04 0.22
8.656e-05 4.96 0.22
8.66e-05 4.96 0.22
8.664e-05 4.88 0.22
8.668e-05 4.88 0.22
8.672e-05 4.8 0.24
8.676e-05 4.8 0.24
8.68e-05 4.72 0.22
8.684e-05 4.64 0.22
8.688e-05 4.64 0.2
8.692e-05 4.64 0.24
8.696e-05 4.48 0.22
8.7e-05 4.48 0.22
8.704e-05 4.48 0.2
8.708e-05 4.32 0.22
8.712e-05 4.4 0.22
8.716e-05 4.24 0.2
8.72e-05 4.16 0.2
8.724e-05 4.16 0.2
8.728e-05 4.16 0.2
8.732e-05 4 0.2
8.736e-05 4 0.2
8.74e-05 3.92 0.2
8.744e-05 3.84 0.2
8.748e-05 3.84 0.2
8.752e-05 3.68 0.2
8.756e-05 3.68 0.18
8.76e-05 3.6 0.2
8.764e-05 3.52 0.18
8.768e-05 3.52 0.18
8.772e-05 3.52 0.18
8.776e-05 3.36 0.18
8.78e-05 3.28 0.18
8.784e-05 3.2 0.18
8.788e-05 3.2 0.16
8.792e-05 3.12 0.18
8.796e-05 2.96 0.18
8.8e-05 2.96 0.18
8.804e-05 2.88 0.16
8.808e-05 2.88 0.16
8.812e-05 2.8 0.14
8.816e-05 2.72 0.16
8.82e-05 2.64 0.16
8.824e-05 2.56 0.16
8.828e-05 2.56 0.16
8.832e-05 2.4 0.14
8.836e-05 2.32 0.16
8.84e-05 2.24 0.16
8.844e-05 2.24 0.14
8.848e-05 2.08 0.14
8.852e-05 2 0.16
8.856e-05 2 0.12
8.86e-05 1.92 0.12
8.864e-05 1.84 0.14
8.868e-05 1.68 0.1
8.872e-05 1.68 0.12
8.876e-05 1.6 0.1
8.88e-05 1.52 0.1
8.884e-05 1.44 0.12
8.888e-05 1.36 0.1
8.892e-05 1.28 0.1
8.896e-05 1.2 0.08
8.9e-05 1.04 0.1
8.904e-05 1.04 0.08
8.908e-05 0.96 0.1
8.912e-05 0.96 0.08
8.916e-05 0.88 0.08
8.92e-05 0.72 0.08
8.924e-05 0.64 0.08
8.928e-05 0.64 0.08
8.932e-05 0.48 0.04
8.936e-05 0.48 0.08
8.94e-05 0.32 0.06
8.944e-05 0.32 0.04
8.948e-05 0.16 0.06
8.952e-05 0.08 0.04
8.956e-05 0 0.06
8.96e-05 0 0.06
8.964e-05 -0.16 0.02
8.968e-05 -0.24 0.04
8.972e-05 -0.4 0.04
8.976e-05 -0.4 0.04
8.98e-05 -0.56 0.02
8.984e-05 -0.56 0.02
8.988e-05 -0.72 0.02
8.992e-05 -0.72 0.02
8.996e-05 -0.88 0
9e-05 -0.96 0
9.004e-05 -0.96 0
9.008e-05 -1.04 0.02
9.012e-05 -1.04 0
9.016e-05 -1.2 0
9.02e-05 -1.36 0
9.024e-05 -1.36 0
9.028e-05 -1.52 0
9.032e-05 -1.52 0
9.036e-05 -1.68 -0.04
9.04e-05 -1.68 -0.04
9.044e-05 -1.68 -0.04
9.048e-05 -1.84 -0.06
9.052e-05 -1.92 -0.06
9.056e-05 -2 -0.06
9.06e-05 -2 -0.04
9.064e-05 -2.08 -0.06
9.068e-05 -2.24 -0.06
9.072e-05 -2.32 -0.06
9.076e-05 -2.32 -0.08
9.08e-05 -2.32 -0.06
9.084e-05 -2.56 -0.06
9.088e-05 -2.48 -0.08
9.092e-05 -2.64 -0.08
9.096e-05 -2.64 -0.08
9.1e-05 -2.8 -0.1
9.104e-05 -2.88 -0.1
9.108e-05 -2.88 -0.08
9.112e-05 -2.96 -0.1
9.116e-05 -2.96 -0.1
9.12e-05 -3.12 -0.1
9.124e-05 -3.28 -0.12
9.128e-05 -3.28 -0.1
9.132e-05 -3.36 -0.1
9.136e-05 -3.44 -0.12
9.14e-05 -3.44 -0.14
9.144e-05 -3.52 -0.14
9.148e-05 -3.52 -0.12
9.152e-05 -3.6 -0.12
9.156e-05 -3.76 -0.14
9.16e-05 -3.76 -0.16
9.164e-05 -3.84 -0.14
9.168e-05 -3.84 -0.14
9.172e-05 -3.92 -0.16
9.176e-05 -3.92 -0.14
9.18e-05 -4.08 -0.18
9.184e-05 -4.16 -0.16
9.188e-05 -4.16 -0.14
9.192e-05 -4.24 -0.16
9.196e-05 -4.24 -0.16
9.2e-05 -4.32 -0.16
9.204e-05 -4.4 -0.18
9.208e-05 -4.4 -0.16
9.212e-05 -4.48 -0.18
9.216e-05 -4.56 -0.2
9.22e-05 -4.64 -0.18
9.224e-05 -4.72 -0.18
9.228e-05 -4.72 -0.2
9.232e-05 -4.8 -0.2
9.236e-05 -4.8 -0.2
9.24e-05 -4.88 -0.2
9.244e-05 -4.88 -0.2
9.248e-05 -4.88 -0.22
9.252e-05 -4.96 -0.2
9.256e-05 -5.04 -0.22
9.26e-05 -5.12 -0.2
9.264e-05 -5.2 -0.22
9.268e-05 -5.2 -0.22
9.272e-05 -5.2 -0.22
9.276e-05 -5.2 -0.22
9.28e-05 -5.28 -0.22
9.284e-05 -5.36 -0.24
9.288e-05 -5.36 -0.24
9.292e-05 -5.44 -0.24
9.296e-05 -5.44 -0.24
9.3e-05 -5.52 -0.24
9.304e-05 -5.52 -0.24
9.308e-05 -5.52 -0.24
9.312e-05 -5.52 -0.24
9.316e-05 -5.52 -0.26
9.32e-05 -5.68 -0.26
9.324e-05 -5.68 -0.26
9.328e-05 -5.76 -0.26
9.332e-05 -5.76 -0.26
9.336e-05 -5.76 -0.26
9.34e-05 -5.76 -0.28
9.344e-05 -5.76 -0.26
9.348e-05 -5.84 -0.26
9.352e-05 -5.84 -0.28
9.356e-05 -5.84 -0.28
9.36e-05 -5.84 -0.28
9.364e-05 -5.84 -0.26
9.368e-05 -5.92 -0.28
9.372e-05 -6 -0.28
9.376e-05 -6 -0.3
9.38e-05 -6 -0.28
9.384e-05 -6 -0.28
9.388e-05 -6 -0.3
9.392e-05 -6 -0.3
9.396e-05 -6.08 -0.3
9.4e-05 -6.08 -0.3
9.404e-05 -6.08 -0.3
9.408e-05 -6.08 -0.32
9.412e-05 -6.08 -0.3
9.416e-05 -6.08 -0.3
9.42e-05 -6.08 -0.3
9.424e-05 -6.08 -0.3
9.428e-05 -6.08 -0.32
9.432e-05 -6.08 -0.3
9.436e-05 -6.16 -0.3
9.44e-05 -6.08 -0.3
9.444e-05 -6.08 -0.32
9.448e-05 -6.08 -0.32
9.452e-05 -6.08 -0.3
9.456e-05 -6.08 -0.3
9.46e-05 -6.08 -0.3
9.464e-05 -6.08 -0.32
9.468e-05 -6.08 -0.32
9.472e-05 -6.08 -0.32
9.476e-05 -6.08 -0.32
9.48e-05 -6 -0.32
9.484e-05 -6 -0.32
9.488e-05 -6.08 -0.3
9.492e-05 -6.08 -0.32
9.496e-05 -6 -0.32
9.5e-05 -6 -0.32
9.504e-05 -6 -0.32
9.508e-05 -5.92 -0.32
9.512e-05 -5.92 -0.34
9.516e-05 -5.92 -0.34
9.52e-05 -5.84 -0.32
9.524e-05 -5.84 -0.32
9.528e-05 -5.84 -0.32
9.532e-05 -5.84 -0.32
9.536e-05 -5.76 -0.32
9.54e-05 -5.76 -0.32
9.544e-05 -5.76 -0.3
9.548e-05 -5.68 -0.32
9.552e-05 -5.68 -0.32
9.556e-05 -5.68 -0.32
9.56e-05 -5.6 -0.3
9.564e-05 -5.52 -0.32
9.568e-05 -5.52 -0.32
9.572e-05 -5.52 -0.32
9.576e-05 -5.52 -0.32
9.58e-05 -5.52 -0.32
9.584e-05 -5.44 -0.32
9.588e-05 -5.36 -0.3
9.592e-05 -5.36 -0.32
9.596e-05 -5.36 -0.3
9.6e-05 -5.28 -0.32
9.604e-05 -5.2 -0.32
9.608e-05 -5.2 -0.32
9.612e-05 -5.2 -0.3
9.616e-05 -5.12 -0.32
9.62e-05 -5.12 -0.3
9.624e-05 -5.04 -0.32
9.628e-05 -5.04 -0.32
9.632e-05 -4.88 -0.3
9.636e-05 -4.88 -0.32
9.64e-05 -4.88 -0.32
9.644e-05 -4.8 -0.32
9.648e-05 -4.8 -0.28
9.652e-05 -4.72 -0.28
9.656e-05 -4.72 -0.32
9.66e-05 -4.56 -0.3
9.664e-05 -4.56 -0.3
9.668e-05 -4.48 -0.3
9.672e-05 -4.48 -0.3
9.676e-05 -4.4 -0.3
9.68e-05 -4.4 -0.28
9.684e-05 -4.24 -0.28
9.688e-05 -4.24 -0.26
9.692e-05 -4.16 -0.28
9.696e-05 -4.08 -0.3
9.7e-05 -4 -0.3
9.704e-05 -3.92 -0.26
9.708e-05 -3.92 -0.3
9.712e-05 -3.84 -0.28
9.716e-05 -3.84 -0.26
9.72e-05 -3.76 -0.26
9.724e-05 -3.6 -0.26
9.728e-05 -3.6 -0.26
9.732e-05 -3.52 -0.26
9.736e-05 -3.52 -0.26
9.74e-05 -3.36 -0.26
9.744e-05 -3.36 -0.26
9.748e-05 -3.28 -0.24
9.752e-05 -3.2 -0.26
9.756e-05 -3.12 -0.26
9.76e-05 -3.12 -0.26
9.764e-05 -2.96 -0.26
9.768e-05 -2.96 -0.26
9.772e-05 -2.88 -0.24
9.776e-05 -2.8 -0.24
9.78e-05 -2.72 -0.24
9.784e-05 -2.64 -0.24
9.788e-05 -2.56 -0.24
9.792e-05 -2.56 -0.22
9.796e-05 -2.48 -0.24
9.8e-05 -2.32 -0.22
9.804e-05 -2.24 -0.22
9.808e-05 -2.24 -0.22
9.812e-05 -2.16 -0.2
9.816e-05 -2 -0.24
9.82e-05 -2 -0.22
9.824e-05 -1.92 -0.22
9.828e-05 -1.92 -0.2
9.832e-05 -1.76 -0.22
9.836e-05 -1.68 -0.2
9.84e-05 -1.6 -0.2
9.844e-05 -1.6 -0.18
9.848e-05 -1.52 -0.18
9.852e-05 -1.36 -0.2
9.856e-05 -1.36 -0.18
9.86e-05 -1.28 -0.18
9.864e-05 -1.2 -0.2
9.868e-05 -1.04 -0.18
9.872e-05 -1.04 -0.16
9.876e-05 -0.96 -0.16
9.88e-05 -0.88 -0.16
9.884e-05 -0.8 -0.18
9.888e-05 -0.72 -0.16
9.892e-05 -0.64 -0.16
9.896e-05 -0.56 -0.14
9.9e-05 -0.4 -0.14
9.904e-05 -0.4 -0.14
9.908e-05 -0.32 -0.16
9.912e-05 -0.24 -0.14
9.916e-05 -0.16 -0.14
9.92e-05 0 -0.14
9.924e-05 0.08 -0.14
9.928e-05 0.16 -0.14
9.932e-05 0.32 -0.12
9.936e-05 0.32 -0.12
9.94e-05 0.4 -0.12
9.944e-05 0.48 -0.12
9.948e-05 0.56 -0.1
9.952e-05 0.64 -0.1
9.956e-05 0.72 -0.1
9.96e-05 0.8 -0.12
9.964e-05 0.88 -0.1
9.968e-05 1.04 -0.1
9.972e-05 1.04 -0.08
9.976e-05 1.12 -0.08
9.98e-05 1.2 -0.08
9.984e-05 1.28 -0.08
9.988e-05 1.36 -0.08
9.992e-05 1.36 -0.08
9.996e-05 1.44 -0.08
0.0001 1.6 -0.06
0.00010004 1.6 -0.06
0.00010008 1.68 -0.06
0.00010012 1.76 -0.06
0.00010016 1.92 -0.06
0.0001002 1.92 -0.04
0.00010024 2 -0.04
0.00010028 2.08 -0.04
0.00010032 2.24 -0.04
0.00010036 2.24 -0.04
0.0001004 2.32 -0.04
0.00010044 2.32 -0.04
0.00010048 2.4 0
0.00010052 2.56 0
0.00010056 2.56 0
0.0001006 2.64 0
0.00010064 2.64 0
0.00010068 2.8 0
0.00010072 2.88 0.02
0.00010076 2.96 0.02
0.0001008 3.04 0
0.00010084 3.04 0
0.00010088 3.2 0.04
0.00010092 3.2 0.02
0.00010096 3.2 0.04
0.000101 3.36 0.04
0.00010104 3.36 0.04
0.00010108 3.52 0.04
0.00010112 3.52 0.04
0.00010116 3.52 0.04
0.0001012 3.68 0.04
0.00010124 3.68 0.04
0.00010128 3.84 0.04
0.00010132 3.84 0.06
0.00010136 3.84 0.06
0.0001014 3.92 0.06
0.00010144 4 0.08
0.00010148 4 0.08
0.00010152 4.16 0.08
0.00010156 4.16 0.08
0.0001016 4.24 0.1
0.00010164 4.24 0.1
0.00010168 4.32 0.08
0.00010172 4.48 0.1
0.00010176 4.48 0.1
0.0001018 4.48 0.12
0.00010184 4.56 0.1
0.00010188 4.64 0.1
0.00010192 4.64 0.1
0.00010196 4.8 0.12
0.000102 4.8 0.12
0.00010204 4.8 0.1
0.00010208 4.8 0.12
0.00010212 4.88 0.12
0.00010216 4.96 0.14
0.0001022 4.96 0.12
0.00010224 5.12 0.12
0.00010228 5.12 0.16
0.00010232 5.2 0.14
0.00010236 5.12 0.12
0.0001024 5.2 0.14
0.00010244 5.2 0.14
0.00010248 5.28 0.16
0.00010252 5.28 0.14
0.00010256 5.36 0.14
0.0001026 5.44 0.14
0.00010264 5.44 0.16
0.00010268 5.44 0.16
0.00010272 5.52 0.16
0.00010276 5.44 0.16
0.0001028 5.52 0.16
0.00010284 5.52 0.18
0.00010288 5.52 0.18
0.00010292 5.6 0.18
0.00010296 5.6 0.18
0.000103 5.68 0.18
0.00010304 5.68 0.18
0.00010308 5.76 0.18
0.00010312 5.76 0.18
0.00010316 5.76 0.18
0.0001032 5.76 0.18
0.00010324 5.84 0.2
0.00010328 5.84 0.2
0.00010332 5.84 0.2
0.00010336 5.84 0.2
0.0001034 5.92 0.2
0.00010344 5.92 0.2
0.00010348 5.84 0.2
0.00010352 5.92 0.2
0.00010356 5.92 0.22
0.0001036 5.92 0.2
0.00010364 5.92 0.2
0.00010368 5.92 0.2
0.00010372 6.08 0.22
0.00010376 6 0.2
0.0001038 5.92 0.2
0.00010384 6 0.22
0.00010388 5.92 0.22
0.00010392 6.08 0.22
0.00010396 6 0.22
0.000104 6.08 0.22
0.00010404 5.92 0.22
0.00010408 6 0.24
0.00010412 6 0.24
0.00010416 6 0.22
0.0001042 6 0.24
0.00010424 5.92 0.24
0.00010428 6 0.24
0.00010432 6 0.22
0.00010436 5.92 0.22
0.0001044 5.92 0.22
0.00010444 5.92 0.24
0.00010448 5.92 0.24
0.00010452 5.92 0.22
0.00010456 5.92 0.24
0.0001046 5.92 0.24
0.00010464 5.92 0.24
0.00010468 5.84 0.24
0.00010472 5.76 0.24
0.00010476 5.76 0.24
0.0001048 5.84 0.24
0.00010484 5.76 0.24
0.00010488 5.84 0.22
0.00010492 5.76 0.24
0.00010496 5.76 0.24
0.000105 5.6 0.22
0.00010504 5.6 0.24
0.00010508 5.6 0.24
0.00010512 5.6 0.24
0.00010516 5.52 0.26
0.0001052 5.52 0.24
0.00010524 5.52 0.24
0.00010528 5.44 0.24
0.00010532 5.44 0.24
0.00010536 5.44 0.24
0.0001054 5.36 0.24
0.00010544 5.36 0.24
0.00010548 5.28 0.22
0.00010552 5.2 0.24
0.00010556 5.28 0.22
0.0001056 5.2 0.24
0.00010564 5.12 0.24
0.00010568 5.12 0.24
0.00010572 5.12 0.24
0.00010576 5.12 0.24
0.0001058 5.12 0.22
0.00010584 4.96 0.22
0.00010588 4.88 0.24
0.00010592 4.88 0.22
0.00010596 4.8 0.22
0.000106 4.8 0.22
0.00010604 4.8 0.22
0.00010608 4.64 0.22
0.00010612 4.64 0.2
0.00010616 4.56 0.22
0.0001062 4.48 0.22
0.00010624 4.48 0.2
0.00010628 4.48 0.22
0.00010632 4.32 0.2
0.00010636 4.24 0.24
0.0001064 4.24 0.22
0.00010644 4.16 0.2
0.00010648 4.16 0.2
0.00010652 4.16 0.2
0.00010656 4 0.2
0.0001066 4 0.2
0.00010664 3.92 0.2
0.00010668 3.84 0.2
0.00010672 3.76 0.18
0.00010676 3.84 0.18
0.0001068 3.68 0.18
0.00010684 3.6 0.2
0.00010688 3.52 0.18
0.00010692 3.52 0.2
0.00010696 3.52 0.18
0.000107 3.36 0.18
0.00010704 3.28 0.18
0.00010708 3.2 0.18
0.00010712 3.2 0.18
0.00010716 3.04 0.16
0.0001072 3.04 0.18
0.00010724 2.96 0.18
0.00010728 2.88 0.16
0.00010732 2.8 0.18
0.00010736 2.72 0.16
0.0001074 2.64 0.16
0.00010744 2.56 0.16
0.00010748 2.56 0.16
0.00010752 2.4 0.16
0.00010756 2.32 0.12
0.0001076 2.32 0.14
0.00010764 2.24 0.16
0.00010768 2.16 0.14
0.00010772 2.08 0.14
0.00010776 2 0.12
0.0001078 1.92 0.12
0.00010784 1.92 0.12
0.00010788 1.76 0.12
0.00010792 1.68 0.12
0.00010796 1.68 0.14
0.000108 1.6 0.12
0.00010804 1.44 0.1
0.00010808 1.36 0.1
0.00010812 1.36 0.1
0.00010816 1.28 0.12
0.0001082 1.28 0.1
0.00010824 1.12 0.08
0.00010828 1.04 0.08
0.00010832 0.96 0.08
0.00010836 0.88 0.08
0.0001084 0.8 0.08
0.00010844 0.72 0.08
0.00010848 0.64 0.08
0.00010852 0.64 0.08
0.00010856 0.48 0.08
0.0001086 0.4 0.08
0.00010864 0.32 0.08
0.00010868 0.24 0.08
0.00010872 0.16 0.06
0.00010876 0.08 0.06
0.0001088 0 0.04
0.00010884 0 0.06
0.00010888 -0.24 0.04
0.00010892 -0.32 0.04
0.00010896 -0.4 0.04
0.000109 -0.4 0.02
0.00010904 -0.56 0.02
0.00010908 -0.56 0.02
0.00010912 -0.64 0.02
0.00010916 -0.72 0.02
0.0001092 -0.88 0.02
0.00010924 -0.96 0.02
0.00010928 -1.04 0
0.00010932 -1.04 0.02
0.00010936 -1.2 0
0.0001094 -1.28 0
0.00010944 -1.36 0
0.00010948 -1.36 0
0.00010952 -1.52 0
0.00010956 -1.52 0
0.0001096 -1.68 0
0.00010964 -1.68 -0.04
0.00010968 -1.68 -0.04
0.00010972 -1.84 -0.04
0.00010976 -1.92 -0.04
0.0001098 -2 -0.04
0.00010984 -2 -0.06
0.00010988 -2.16 -0.06
0.00010992 -2.16 -0.06
0.00010996 -2.32 -0.06
0.00011 -2.32 -0.08
0.00011004 -2.32 -0.08
0.00011008 -2.48 -0.06
0.00011012 -2.56 -0.08
0.00011016 -2.64 -0.08
0.0001102 -2.8 -0.08
0.00011024 -2.8 -0.08
0.00011028 -2.88 -0.08
0.00011032 -2.96 -0.1
0.00011036 -2.96 -0.1
0.0001104 -3.04 -0.1
0.00011044 -3.12 -0.1
0.00011048 -3.2 -0.12
0.00011052 -3.28 -0.1
0.00011056 -3.28 -0.12
0.0001106 -3.28 -0.12
0.00011064 -3.44 -0.12
0.00011068 -3.52 -0.14
0.00011072 -3.6 -0.14
0.00011076 -3.6 -0.14
0.0001108 -3.76 -0.14
0.00011084 -3.76 -0.12
0.00011088 -3.84 -0.16
0.00011092 -3.92 -0.14
0.00011096 -3.92 -0.14
0.000111 -4 -0.14
0.00011104 -4.08 -0.16
0.00011108 -4.08 -0.18
0.00011112 -4.24 -0.16
0.00011116 -4.24 -0.16
0.0001112 -4.24 -0.16
0.00011124 -4.4 -0.18
0.00011128 -4.4 -0.18
0.00011132 -4.48 -0.16
0.00011136 -4.56 -0.2
0.0001114 -4.56 -0.18
0.00011144 -4.56 -0.2
0.00011148 -4.72 -0.18
0.00011152 -4.72 -0.2
0.00011156 -4.8 -0.2
0.0001116 -4.8 -0.18
0.00011164 -4.88 -0.2
0.00011168 -4.88 -0.2
0.00011172 -4.96 -0.2
0.00011176 -5.04 -0.2
0.0001118 -5.04 -0.22
0.00011184 -5.12 -0.22
0.00011188 -5.12 -0.22
0.00011192 -5.2 -0.24
0.00011196 -5.2 -0.22
0.000112 -5.28 -0.24
0.00011204 -5.28 -0.22
0.00011208 -5.36 -0.24
0.00011212 -5.36 -0.24
0.00011216 -5.36 -0.24
0.0001122 -5.52 -0.24
0.00011224 -5.44 -0.26
0.00011228 -5.52 -0.24
0.00011232 -5.52 -0.26
0.00011236 -5.52 -0.26
0.0001124 -5.68 -0.26
0.00011244 -5.68 -0.26
0.00011248 -5.68 -0.26
0.00011252 -5.76 -0.26
0.00011256 -5.68 -0.26
0.0001126 -5.76 -0.26
0.00011264 -5.76 -0.26
0.00011268 -5.84 -0.28
0.00011272 -5.84 -0.26
0.00011276 -5.84 -0.26
0.0001128 -5.84 -0.28
0.00011284 -5.84 -0.28
0.00011288 -5.92 -0.28
0.00011292 -6 -0.28
0.00011296 -6 -0.3
0.000113 -5.92 -0.28
0.00011304 -6 -0.28
0.00011308 -6 -0.3
0.00011312 -6.08 -0.3
0.00011316 -6 -0.3
0.0001132 -6.08 -0.3
0.00011324 -6.08 -0.3
0.00011328 -6.08 -0.28
0.00011332 -6.08 -0.3
0.00011336 -6.08 -0.3
0.0001134 -6.08 -0.3
0.00011344 -6.08 -0.3
0.00011348 -6.16 -0.3
0.00011352 -6.08 -0.3
0.00011356 -6.08 -0.3
0.0001136 -6.08 -0.3
0.00011364 -6.08 -0.32
0.00011368 -6.08 -0.3
0.00011372 -6.08 -0.32
0.00011376 -6.08 -0.32
0.0001138 -6.08 -0.32
0.00011384 -6.08 -0.3
0.00011388 -6.08 -0.3
0.00011392 -6.08 -0.32
0.00011396 -6.08 -0.32
0.000114 -6.08 -0.32
0.00011404 -6.08 -0.32
0.00011408 -6 -0.32
0.00011412 -6 -0.32
0.00011416 -6 -0.32
0.0001142 -5.92 -0.34
0.00011424 -6 -0.32
0.00011428 -6 -0.32
0.00011432 -6 -0.32
0.00011436 -5.92 -0.3
0.0001144 -5.92 -0.34
0.00011444 -5.92 -0.32
0.00011448 -5.84 -0.32
0.00011452 -5.84 -0.3
0.00011456 -5.84 -0.32
0.0001146 -5.76 -0.32
0.00011464 -5.68 -0.32
0.00011468 -5.76 -0.32
0.00011472 -5.68 -0.32
0.00011476 -5.68 -0.34
0.0001148 -5.6 -0.32
0.00011484 -5.52 -0.32
0.00011488 -5.52 -0.32
0.00011492 -5.52 -0.32
0.00011496 -5.52 -0.32
0.000115 -5.52 -0.32
0.00011504 -5.44 -0.32
0.00011508 -5.44 -0.32
0.00011512 -5.36 -0.32
0.00011516 -5.36 -0.32
0.0001152 -5.36 -0.3
0.00011524 -5.2 -0.32
0.00011528 -5.2 -0.32
0.00011532 -5.2 -0.32
0.00011536 -5.12 -0.32
0.0001154 -5.12 -0.32
0.00011544 -5.12 -0.32
0.00011548 -5.04 -0.32
0.00011552 -5.04 -0.32
0.00011556 -4.88 -0.32
0.0001156 -4.88 -0.3
0.00011564 -4.88 -0.32
0.00011568 -4.8 -0.3
0.00011572 -4.72 -0.3
0.00011576 -4.64 -0.3
0.0001158 -4.56 -0.3
0.00011584 -4.56 -0.3
0.00011588 -4.56 -0.28
0.00011592 -4.48 -0.3
0.00011596 -4.4 -0.3
0.000116 -4.4 -0.32
0.00011604 -4.32 -0.3
0.00011608 -4.24 -0.3
0.00011612 -4.16 -0.28
0.00011616 -4.08 -0.3
0.0001162 -4.08 -0.28
0.00011624 -4 -0.28
0.00011628 -4 -0.26
0.00011632 -3.92 -0.28
0.00011636 -3.84 -0.3
0.0001164 -3.84 -0.28
0.00011644 -3.68 -0.26
0.00011648 -3.6 -0.26
0.00011652 -3.52 -0.28
0.00011656 -3.52 -0.28
0.0001166 -3.52 -0.26
0.00011664 -3.44 -0.26
0.00011668 -3.28 -0.26
0.00011672 -3.2 -0.26
0.00011676 -3.2 -0.26
0.0001168 -3.12 -0.24
0.00011684 -3.12 -0.24
0.00011688 -2.96 -0.26
0.00011692 -2.88 -0.26
0.00011696 -2.88 -0.26
0.000117 -2.8 -0.24
0.00011704 -2.8 -0.24
0.00011708 -2.64 -0.24
0.00011712 -2.56 -0.24
0.00011716 -2.48 -0.22
0.0001172 -2.48 -0.24
0.00011724 -2.32 -0.24
0.00011728 -2.32 -0.22
0.00011732 -2.24 -0.22
0.00011736 -2.16 -0.2
0.0001174 -2 -0.22
0.00011744 -2 -0.22
0.00011748 -1.84 -0.2
0.00011752 -1.84 -0.2
0.00011756 -1.76 -0.2
0.0001176 -1.68 -0.2
0.00011764 -1.68 -0.2
0.00011768 -1.52 -0.2
0.00011772 -1.44 -0.2
0.00011776 -1.36 -0.18
0.0001178 -1.36 -0.18
0.00011784 -1.28 -0.18
0.00011788 -1.2 -0.18
0.00011792 -1.04 -0.18
0.00011796 -1.04 -0.16
0.000118 -0.88 -0.18
0.00011804 -0.88 -0.16
0.00011808 -0.72 -0.16
0.00011812 -0.64 -0.16
0.00011816 -0.64 -0.16
0.0001182 -0.48 -0.16
0.00011824 -0.4 -0.16
0.00011828 -0.4 -0.16
0.00011832 -0.32 -0.16
0.00011836 -0.24 -0.14
0.0001184 0 -0.12
0.00011844 0.08 -0.12
0.00011848 0.16 -0.14
0.00011852 0.16 -0.12
0.00011856 0.32 -0.12
0.0001186 0.32 -0.12
0.00011864 0.4 -0.14
0.00011868 0.48 -0.12
0.00011872 0.64 -0.1
0.00011876 0.64 -0.1
0.0001188 0.72 -0.1
0.00011884 0.8 -0.1
0.00011888 0.96 -0.08
0.00011892 1.04 -0.08
0.00011896 1.04 -0.08
0.000119 1.12 -0.1
0.00011904 1.28 -0.08
0.00011908 1.28 -0.06
0.00011912 1.36 -0.08
0.00011916 1.44 -0.06
0.0001192 1.52 -0.08
0.00011924 1.6 -0.08
0.00011928 1.68 -0.06
0.00011932 1.68 -0.06
0.00011936 1.76 -0.06
0.0001194 1.92 -0.04
0.00011944 1.92 -0.04
0.00011948 2 -0.04
0.00011952 2.08 -0.04
0.00011956 2.16 -0.04
0.0001196 2.24 0
0.00011964 2.24 0
0.00011968 2.4 -0.04
0.00011972 2.48 0
0.00011976 2.56 0
0.0001198 2.56 0.02
0.00011984 2.64 0
0.00011988 2.72 0
0.00011992 2.8 0
0.00011996 2.88 0.02
0.00012 2.88 0.02
0.00012004 3.04 0.02
0.00012008 3.04 0.02
0.00012012 3.2 0.02
0.00012016 3.2 0.02
0.0001202 3.28 0.04
0.00012024 3.36 0.04
0.00012028 3.44 0.04
0.00012032 3.52 0.04
0.00012036 3.52 0.04
0.0001204 3.6 0.04
0.00012044 3.68 0.04
0.00012048 3.68 0.04
0.00012052 3.84 0.04
0.00012056 3.84 0.06
0.0001206 3.84 0.06
0.00012064 3.92 0.08
0.00012068 4 0.08
0.00012072 4.16 0.08
0.00012076 4.16 0.08
0.0001208 4.24 0.08
0.00012084 4.24 0.08
0.00012088 4.24 0.1
0.00012092 4.32 0.08
0.00012096 4.48 0.1
0.000121 4.48 0.1
0.00012104 4.48 0.1
0.00012108 4.56 0.1
0.00012112 4.64 0.1
0.00012116 4.64 0.1
0.0001212 4.8 0.1
0.00012124 4.8 0.12
0.00012128 4.8 0.12
0.00012132 4.88 0.12
0.00012136 4.88 0.12
0.0001214 4.96 0.12
0.00012144 4.96 0.12
0.00012148 5.12 0.12
0.00012152 5.12 0.12
0.00012156 5.12 0.14
0.0001216 5.2 0.14
0.00012164 5.2 0.14
0.00012168 5.2 0.14
0.00012172 5.28 0.16
0.00012176 5.28 0.16
0.0001218 5.28 0.16
0.00012184 5.44 0.16
0.00012188 5.44 0.16
0.00012192 5.44 0.18
0.00012196 5.44 0.18
0.000122 5.52 0.16
0.00012204 5.52 0.16
0.00012208 5.52 0.16
0.00012212 5.6 0.18
0.00012216 5.6 0.18
0.0001222 5.6 0.18
0.00012224 5.68 0.18
0.00012228 5.68 0.18
0.00012232 5.76 0.2
0.00012236 5.76 0.18
0.0001224 5.76 0.2
0.00012244 5.76 0.2
0.00012248 5.84 0.2
0.00012252 5.84 0.2
0.00012256 5.84 0.18
0.0001226 5.84 0.2
0.00012264 5.84 0.2
0.00012268 5.92 0.2
0.00012272 5.92 0.2
0.00012276 5.84 0.2
0.0001228 5.92 0.22
0.00012284 5.92 0.22
0.00012288 5.92 0.2
0.00012292 5.92 0.2
0.00012296 6 0.22
0.000123 6 0.22
0.00012304 6 0.22
0.00012308 6.08 0.22
0.00012312 6.08 0.22
0.00012316 6.08 0.22
0.0001232 5.92 0.24
0.00012324 6 0.22
0.00012328 6 0.22
0.00012332 6.08 0.22
0.00012336 6 0.22
0.0001234 6 0.22
0.00012344 6.08 0.22
0.00012348 5.92 0.22
0.00012352 5.92 0.24
0.00012356 5.92 0.24
0.0001236 5.92 0.2
0.00012364 5.92 0.24
0.00012368 6 0.22
0.00012372 5.92 0.24
0.00012376 5.92 0.24
0.0001238 5.92 0.24
0.00012384 5.92 0.22
0.00012388 5.84 0.24
0.00012392 5.84 0.24
0.00012396 5.84 0.24
0.000124 5.84 0.24
0.00012404 5.76 0.24
0.00012408 5.76 0.24
0.00012412 5.76 0.24
0.00012416 5.76 0.24
0.0001242 5.68 0.24
0.00012424 5.68 0.24
0.00012428 5.6 0.24
0.00012432 5.6 0.24
0.00012436 5.6 0.22
0.0001244 5.52 0.24
0.00012444 5.52 0.24
0.00012448 5.52 0.24
0.00012452 5.52 0.24
0.00012456 5.44 0.24
0.0001246 5.44 0.24
0.00012464 5.36 0.24
0.00012468 5.44 0.22
0.00012472 5.28 0.24
0.00012476 5.2 0.24
0.0001248 5.2 0.24
0.00012484 5.12 0.24
0.00012488 5.2 0.24
0.00012492 5.12 0.22
0.00012496 5.12 0.24
0.000125 5.04 0.24
0.00012504 5.04 0.22
0.00012508 4.88 0.24
0.00012512 4.88 0.24
0.00012516 4.88 0.24
0.0001252 4.8 0.22
0.00012524 4.8 0.22
0.00012528 4.64 0.22
0.00012532 4.64 0.22
0.00012536 4.56 0.2
0.0001254 4.56 0.22
0.00012544 4.56 0.24
0.00012548 4.48 0.24
0.00012552 4.48 0.22
0.00012556 4.32 0.2
0.0001256 4.24 0.2
0.00012564 4.24 0.2
0.00012568 4.24 0.2
0.00012572 4.16 0.2
0.00012576 4.08 0.2
0.0001258 4 0.2
0.00012584 3.92 0.2
0.00012588 3.84 0.18
0.00012592 3.84 0.2
0.00012596 3.76 0.18
0.000126 3.84 0.2
0.00012604 3.68 0.18
0.00012608 3.6 0.18
0.00012612 3.52 0.18
0.00012616 3.52 0.18
0.0001262 3.44 0.18
0.00012624 3.36 0.18
0.00012628 3.28 0.18
0.00012632 3.2 0.18
0.00012636 3.2 0.18
0.0001264 3.04 0.18
0.00012644 3.04 0.16
0.00012648 2.96 0.14
0.00012652 2.88 0.18
0.00012656 2.88 0.16
0.0001266 2.72 0.16
0.00012664 2.64 0.14
0.00012668 2.56 0.16
0.00012672 2.56 0.16
0.00012676 2.4 0.14
0.0001268 2.32 0.14
0.00012684 2.24 0.16
0.00012688 2.24 0.14
0.00012692 2.16 0.14
0.00012696 2.08 0.12
0.000127 2 0.14
0.00012704 1.92 0.14
0.00012708 1.92 0.12
0.00012712 1.76 0.12
0.00012716 1.68 0.12
0.0001272 1.6 0.12
0.00012724 1.6 0.12
0.00012728 1.52 0.1
0.00012732 1.44 0.1
0.00012736 1.28 0.1
0.0001274 1.28 0.1
0.00012744 1.12 0.1
0.00012748 1.12 0.1
0.00012752 1.04 0.08
0.00012756 0.96 0.1
0.0001276 0.88 0.1
0.00012764 0.72 0.1
0.00012768 0.72 0.08
0.00012772 0.64 0.08
0.00012776 0.48 0.08
0.0001278 0.48 0.08
0.00012784 0.4 0.06
0.00012788 0.32 0.06
0.00012792 0.24 0.08
0.00012796 0.16 0.06
0.000128 0.08 0.08
0.00012804 0 0.04
0.00012808 0 0.06
0.00012812 -0.24 0.04
0.00012816 -0.32 0.04
0.0001282 -0.4 0.02
0.00012824 -0.4 0.02
0.00012828 -0.56 0.04
0.00012832 -0.64 0.04
0.00012836 -0.72 0.02
0.0001284 -0.72 0.02
0.00012844 -0.88 0
0.00012848 -0.96 0.02
0.00012852 -1.04 0.02
0.00012856 -1.12 0
0.0001286 -1.2 0
0.00012864 -1.28 0
0.00012868 -1.28 0
0.00012872 -1.52 -0.06
0.00012876 -1.44 0
0.0001288 -1.6 0
0.00012884 -1.6 0
0.00012888 -1.68 -0.04
0.00012892 -1.76 -0.04
0.00012896 -1.84 -0.04
0.000129 -1.92 -0.04
0.00012904 -2 -0.04
0.00012908 -2.16 -0.06
0.00012912 -2.16 -0.06
0.00012916 -2.24 -0.06
0.0001292 -2.32 -0.06
0.00012924 -2.32 -0.08
0.00012928 -2.48 -0.08
0.00012932 -2.48 -0.08
0.00012936 -2.56 -0.08
0.0001294 -2.64 -0.08
0.00012944 -2.72 -0.08
0.00012948 -2.8 -0.1
0.00012952 -2.88 -0.08
0.00012956 -2.96 -0.1
0.0001296 -2.96 -0.1
0.00012964 -3.12 -0.1
0.00012968 -3.12 -0.1
0.00012972 -3.28 -0.1
0.00012976 -3.2 -0.12
0.0001298 -3.36 -0.12
0.00012984 -3.44 -0.12
0.00012988 -3.44 -0.1
0.00012992 -3.52 -0.14
0.00012996 -3.6 -0.14
0.00013 -3.6 -0.12
0.00013004 -3.76 -0.14
0.00013008 -3.76 -0.12
0.00013012 -3.84 -0.14
0.00013016 -3.92 -0.14
0.0001302 -3.92 -0.16
0.00013024 -4.08 -0.14
0.00013028 -4.08 -0.14
0.00013032 -4.16 -0.16
0.00013036 -4.16 -0.16
0.0001304 -4.24 -0.16
0.00013044 -4.24 -0.16
0.00013048 -4.4 -0.18
0.00013052 -4.4 -0.16
0.00013056 -4.48 -0.18
0.0001306 -4.56 -0.18
0.00013064 -4.56 -0.2
0.00013068 -4.72 -0.2
0.00013072 -4.72 -0.2
0.00013076 -4.72 -0.18
0.0001308 -4.8 -0.2
0.00013084 -4.88 -0.2
0.00013088 -4.88 -0.22
0.00013092 -4.96 -0.2
0.00013096 -4.96 -0.22
0.000131 -5.04 -0.22
0.00013104 -5.12 -0.22
0.00013108 -5.12 -0.22
0.00013112 -5.12 -0.22
0.00013116 -5.2 -0.22
0.0001312 -5.2 -0.24
0.00013124 -5.2 -0.24
0.00013128 -5.28 -0.22
0.00013132 -5.36 -0.22
0.00013136 -5.36 -0.24
0.0001314 -5.44 -0.24
0.00013144 -5.44 -0.24
0.00013148 -5.52 -0.26
0.00013152 -5.52 -0.24
0.00013156 -5.52 -0.26
0.0001316 -5.52 -0.26
0.00013164 -5.6 -0.26
0.00013168 -5.68 -0.24
0.00013172 -5.68 -0.26
0.00013176 -5.68 -0.26
0.0001318 -5.68 -0.24
0.00013184 -5.76 -0.26
0.00013188 -5.76 -0.26
0.00013192 -5.84 -0.26
0.00013196 -5.84 -0.3
0.000132 -5.84 -0.26
0.00013204 -5.84 -0.28
0.00013208 -5.84 -0.28
0.00013212 -6 -0.3
0.00013216 -6 -0.28
0.0001322 -5.92 -0.26
0.00013224 -6 -0.28
0.00013228 -6 -0.3
0.00013232 -6 -0.3
0.00013236 -6.08 -0.28
0.0001324 -6 -0.3
0.00013244 -6.08 -0.28
0.00013248 -6 -0.3
0.00013252 -6 -0.3
0.00013256 -6.08 -0.3
0.0001326 -6.08 -0.32
0.00013264 -6.08 -0.32
0.00013268 -6.08 -0.3
0.00013272 -6.08 -0.3
0.00013276 -6.16 -0.3
0.0001328 -6.08 -0.3
0.00013284 -6.08 -0.3
0.00013288 -6.08 -0.32
0.00013292 -6.08 -0.32
0.00013296 -6.08 -0.32
0.000133 -6.08 -0.32
0.00013304 -6.16 -0.32
0.00013308 -6.08 -0.32
0.00013312 -6.08 -0.32
0.00013316 -6.08 -0.32
0.0001332 -6.08 -0.32
0.00013324 -6.08 -0.32
0.00013328 -6 -0.32
0.00013332 -6 -0.32
0.00013336 -6 -0.32
0.0001334 -6 -0.32
0.00013344 -6 -0.32
0.00013348 -6 -0.32
0.00013352 -6 -0.32
0.00013356 -5.92 -0.32
0.0001336 -5.84 -0.32
0.00013364 -5.84 -0.32
0.00013368 -5.84 -0.32
0.00013372 -5.84 -0.32
0.00013376 -5.76 -0.32
0.0001338 -5.84 -0.32
0.00013384 -5.76 -0.32
0.00013388 -5.68 -0.32
0.00013392 -5.68 -0.32
0.00013396 -5.68 -0.32
0.000134 -5.68 -0.32
0.00013404 -5.68 -0.32
0.00013408 -5.6 -0.32
0.00013412 -5.52 -0.32
0.00013416 -5.52 -0.32
0.0001342 -5.44 -0.32
0.00013424 -5.52 -0.32
0.00013428 -5.44 -0.32
0.00013432 -5.36 -0.32
0.00013436 -5.36 -0.32
0.0001344 -5.36 -0.34
0.00013444 -5.36 -0.32
0.00013448 -5.2 -0.32
0.00013452 -5.2 -0.32
0.00013456 -5.2 -0.32
0.0001346 -5.2 -0.32
0.00013464 -5.12 -0.3
0.00013468 -5.04 -0.3
0.00013472 -5.04 -0.32
0.00013476 -4.88 -0.32
0.0001348 -4.88 -0.32
0.00013484 -4.88 -0.32
0.00013488 -4.8 -0.32
0.00013492 -4.8 -0.3
0.00013496 -4.72 -0.32
0.000135 -4.72 -0.32
0.00013504 -4.56 -0.3
0.00013508 -4.56 -0.32
0.00013512 -4.48 -0.3
0.00013516 -4.48 -0.3
0.0001352 -4.4 -0.28
0.00013524 -4.4 -0.28
0.00013528 -4.24 -0.28
0.00013532 -4.24 -0.28
0.00013536 -4.16 -0.28
0.0001354 -4.16 -0.28
0.00013544 -4.08 -0.3
0.00013548 -3.92 -0.3
0.00013552 -3.92 -0.26
0.00013556 -3.84 -0.28
0.0001356 -3.92 -0.28
0.00013564 -3.76 -0.28
0.00013568 -3.76 -0.26
0.00013572 -3.6 -0.26
0.00013576 -3.52 -0.26
0.0001358 -3.52 -0.26
0.00013584 -3.44 -0.26
0.00013588 -3.28 -0.26
0.00013592 -3.28 -0.26
0.00013596 -3.28 -0.26
0.000136 -3.2 -0.26
0.00013604 -3.12 -0.26
0.00013608 -2.96 -0.26
0.00013612 -2.96 -0.24
0.00013616 -2.96 -0.26
0.0001362 -2.8 -0.24
0.00013624 -2.72 -0.24
0.00013628 -2.64 -0.22
0.00013632 -2.64 -0.24
0.00013636 -2.56 -0.24
0.0001364 -2.48 -0.24
0.00013644 -2.48 -0.22
0.00013648 -2.32 -0.22
0.00013652 -2.32 -0.22
0.00013656 -2.24 -0.24
0.0001366 -2.16 -0.22
0.00013664 -2 -0.2
0.00013668 -1.92 -0.22
0.00013672 -1.84 -0.2
0.00013676 -1.84 -0.2
0.0001368 -1.68 -0.2
0.00013684 -1.68 -0.18
0.00013688 -1.52 -0.2
0.00013692 -1.52 -0.18
0.00013696 -1.36 -0.18
0.000137 -1.36 -0.2
0.00013704 -1.28 -0.18
0.00013708 -1.28 -0.18
0.00013712 -1.2 -0.16
0.00013716 -1.04 -0.18
0.0001372 -1.04 -0.16
0.00013724 -0.88 -0.18
0.00013728 -0.8 -0.18
0.00013732 -0.72 -0.16
0.00013736 -0.64 -0.16
0.0001374 -0.56 -0.16
0.00013744 -0.48 -0.16
0.00013748 -0.4 -0.14
0.00013752 -0.32 -0.14
0.00013756 -0.32 -0.16
0.0001376 -0.24 -0.14
0.00013764 0 -0.14
0.00013768 0.08 -0.14
0.00013772 0.08 -0.14
0.00013776 0.16 -0.12
0.0001378 0.32 -0.12
0.00013784 0.32 -0.12
0.00013788 0.48 -0.12
0.00013792 0.48 -0.12
0.00013796 0.56 -0.1
0.000138 0.64 -0.1
0.00013804 0.72 -0.1
0.00013808 0.8 -0.1
0.00013812 0.96 -0.08
0.00013816 0.96 -0.08
0.0001382 1.04 -0.08
0.00013824 1.12 -0.1
0.00013828 1.2 -0.08
0.00013832 1.28 -0.1
0.00013836 1.36 -0.08
0.0001384 1.44 -0.08
0.00013844 1.52 -0.06
0.00013848 1.6 -0.06
0.00013852 1.68 -0.06
0.00013856 1.76 -0.06
0.0001386 1.76 -0.04
0.00013864 1.92 -0.04
0.00013868 1.92 -0.04
0.00013872 2 0
0.00013876 2.08 -0.04
0.0001388 2.16 -0.04
0.00013884 2.24 -0.04
0.00013888 2.32 -0.04
0.00013892 2.4 0
0.00013896 2.56 -0.04
0.000139 2.48 -0.04
0.00013904 2.64 0
0.00013908 2.64 0
0.00013912 2.72 0.02
0.00013916 2.88 0
0.0001392 2.88 0.02
0.00013924 2.96 0.02
0.00013928 3.04 0.02
0.00013932 3.04 0.02
0.00013936 3.2 0.02
0.0001394 3.2 0.04
0.00013944 3.28 0.02
0.00013948 3.36 0.04
0.00013952 3.44 0.02
0.00013956 3.52 0.04
0.0001396 3.52 0.04
0.00013964 3.68 0.06
0.00013968 3.68 0.04
0.00013972 3.76 0.06
0.00013976 3.84 0.08
0.0001398 3.92 0.08
0.00013984 3.92 0.06
0.00013988 3.92 0.08
0.00013992 4 0.08
0.00013996 4.16 0.08
0.00014 4.16 0.08
0.00014004 4.16 0.08
0.00014008 4.24 0.08
0.00014012 4.32 0.08
0.00014016 4.32 0.1
0.0001402 4.48 0.08
0.00014024 4.48 0.1
0.00014028 4.56 0.1
0.00014032 4.64 0.12
0.00014036 4.64 0.12
0.0001404 4.64 0.1
0.00014044 4.8 0.12
0.00014048 4.8 0.1
0.00014052 4.88 0.1
0.00014056 4.88 0.12
0.0001406 4.96 0.12
0.00014064 4.96 0.12
0.00014068 5.04 0.12
0.00014072 5.12 0.14
0.00014076 5.12 0.12
0.0001408 5.12 0.16
0.00014084 5.2 0.14
0.00014088 5.2 0.14
0.00014092 5.28 0.16
0.00014096 5.28 0.14
0.000141 5.28 0.16
0.00014104 5.36 0.18
0.00014108 5.44 0.18
0.00014112 5.44 0.16
0.00014116 5.44 0.16
0.0001412 5.52 0.18
0.00014124 5.52 0.16
0.00014128 5.52 0.16
0.00014132 5.6 0.16
0.00014136 5.6 0.18
0.0001414 5.6 0.18
0.00014144 5.6 0.18
0.00014148 5.68 0.18
0.00014152 5.68 0.18
0.00014156 5.76 0.2
0.0001416 5.76 0.18
0.00014164 5.84 0.18
0.00014168 5.84 0.2
0.00014172 5.84 0.2
0.00014176 5.84 0.2
0.0001418 5.84 0.18
0.00014184 5.84 0.2
0.00014188 5.92 0.2
0.00014192 5.92 0.2
0.00014196 5.92 0.2
0.000142 5.92 0.2
0.00014204 6 0.22
0.00014208 5.92 0.22
0.00014212 5.92 0.22
0.00014216 5.92 0.22
0.0001422 5.92 0.22
0.00014224 5.92 0.22
0.00014228 6 0.22
0.00014232 6.08 0.22
0.00014236 6 0.22
0.0001424 6.08 0.2
0.00014244 6.08 0.22
0.00014248 6 0.22
0.00014252 6 0.22
0.00014256 6 0.22
0.0001426 6 0.24
0.00014264 5.92 0.24
0.00014268 6.08 0.22
0.00014272 5.92 0.22
0.00014276 5.92 0.22
0.0001428 5.92 0.24
0.00014284 6 0.22
0.00014288 5.92 0.22
0.00014292 6 0.24
0.00014296 5.92 0.24
0.000143 5.92 0.24
0.00014304 5.84 0.24
0.00014308 5.92 0.24
0.00014312 5.84 0.24
0.00014316 5.92 0.24
0.0001432 5.76 0.24
0.00014324 5.84 0.24
0.00014328 5.76 0.24
0.00014332 5.76 0.24
0.00014336 5.76 0.24
0.0001434 5.76 0.24
0.00014344 5.76 0.24
0.00014348 5.68 0.24
0.00014352 5.68 0.26
0.00014356 5.6 0.24
0.0001436 5.6 0.24
0.00014364 5.6 0.24
0.00014368 5.52 0.24
0.00014372 5.52 0.24
0.00014376 5.44 0.24
0.0001438 5.44 0.24
0.00014384 5.44 0.26
0.00014388 5.44 0.24
0.00014392 5.44 0.24
0.00014396 5.28 0.22
0.000144 5.28 0.24
0.00014404 5.2 0.24
0.00014408 5.2 0.24
0.00014412 5.2 0.24
0.00014416 5.12 0.24
0.0001442 5.04 0.24
0.00014424 5.04 0.24
0.00014428 4.96 0.22
0.00014432 4.96 0.24
0.00014436 4.88 0.24
0.0001444 4.8 0.24
0.00014444 4.8 0.24
0.00014448 4.8 0.22
0.00014452 4.64 0.22
0.00014456 4.64 0.24
0.0001446 4.56 0.22
0.00014464 4.56 0.2
0.00014468 4.48 0.22
0.00014472 4.48 0.22
0.00014476 4.32 0.22
0.0001448 4.32 0.22
0.00014484 4.32 0.2
0.00014488 4.24 0.2
0.00014492 4.16 0.22
0.00014496 4.16 0.22
0.000145 4 0.22
0.00014504 4 0.2
0.00014508 3.92 0.2
0.00014512 3.84 0.2
0.00014516 3.84 0.2
0.0001452 3.84 0.18
0.00014524 3.76 0.18
0.00014528 3.6 0.18
0.00014532 3.6 0.18
0.00014536 3.52 0.18
0.0001454 3.44 0.18
0.00014544 3.36 0.18
0.00014548 3.28 0.18
0.00014552 3.2 0.16
0.00014556 3.2 0.18
0.0001456 3.2 0.18
0.00014564 3.2 0.18
0.00014568 2.96 0.16
0.00014572 2.88 0.16
0.00014576 2.88 0.16
0.0001458 2.72 0.16
0.00014584 2.72 0.16
0.00014588 2.56 0.16
0.00014592 2.64 0.16
0.00014596 2.56 0.16
0.000146 2.4 0.16
0.00014604 2.32 0.14
0.00014608 2.32 0.12
0.00014612 2.24 0.14
0.00014616 2.16 0.14
0.0001462 2.08 0.12
0.00014624 2 0.12
0.00014628 1.92 0.12
0.00014632 1.84 0.14
0.00014636 1.76 0.12
0.0001464 1.68 0.1
0.00014644 1.6 0.1
0.00014648 1.6 0.12
0.00014652 1.52 0.12
0.00014656 1.36 0.12
0.0001466 1.28 0.1
0.00014664 1.28 0.1
0.00014668 1.12 0.1
0.00014672 1.12 0.1
0.00014676 1.04 0.1
0.0001468 0.96 0.1
0.00014684 0.8 0.08
0.00014688 0.8 0.08
0.00014692 0.72 0.1
0.00014696 0.64 0.08
0.000147 0.56 0.08
0.00014704 0.4 0.08
0.00014708 0.4 0.08
0.00014712 0.32 0.04
0.00014716 0.24 0.06
0.0001472 0.16 0.06
0.00014724 0.08 0.06
0.00014728 0 0.04
0.00014732 -0.16 0.04
0.00014736 -0.24 0.04
0.0001474 -0.32 0.04
0.00014744 -0.4 0.02
0.00014748 -0.4 0.02
0.00014752 -0.56 0.02
0.00014756 -0.64 0.04
0.0001476 -0.72 0.02
0.00014764 -0.8 0.02
0.00014768 -0.88 0
0.00014772 -1.04 0
0.00014776 -1.04 0
0.0001478 -1.04 0.02
0.00014784 -1.28 0
0.00014788 -1.28 0
0.00014792 -1.36 0
0.00014796 -1.44 0
0.000148 -1.52 0
0.00014804 -1.52 0
0.00014808 -1.68 0
0.00014812 -1.68 -0.04
0.00014816 -1.84 -0.04
0.0001482 -1.92 -0.04
0.00014824 -2 -0.06
0.00014828 -2 -0.04
0.00014832 -2.16 -0.04
0.00014836 -2.16 -0.06
0.0001484 -2.24 -0.06
0.00014844 -2.32 -0.06
0.00014848 -2.32 -0.06
0.00014852 -2.48 -0.08
0.00014856 -2.48 -0.08
0.0001486 -2.64 -0.08
0.00014864 -2.64 -0.08
0.00014868 -2.72 -0.08
0.00014872 -2.88 -0.1
0.00014876 -2.88 -0.08
0.0001488 -2.88 -0.1
0.00014884 -2.96 -0.1
0.00014888 -3.12 -0.1
0.00014892 -3.2 -0.1
0.00014896 -3.2 -0.1
0.000149 -3.28 -0.1
0.00014904 -3.44 -0.14
0.00014908 -3.44 -0.12
0.00014912 -3.52 -0.14
0.00014916 -3.6 -0.1
0.0001492 -3.6 -0.14
0.00014924 -3.6 -0.14
0.00014928 -3.76 -0.16
0.00014932 -3.84 -0.14
0.00014936 -3.84 -0.14
0.0001494 -3.92 -0.16
0.00014944 -3.92 -0.16
0.00014948 -4.08 -0.16
0.00014952 -4.08 -0.14
0.00014956 -4.16 -0.16
0.0001496 -4.24 -0.16
0.00014964 -4.24 -0.16
0.00014968 -4.24 -0.16
0.00014972 -4.4 -0.16
0.00014976 -4.48 -0.18
0.0001498 -4.48 -0.18
0.00014984 -4.56 -0.18
0.00014988 -4.56 -0.18
0.00014992 -4.72 -0.18
0.00014996 -4.72 -0.2
0.00015 -4.8 -0.2
0.00015004 -4.8 -0.2
0.00015008 -4.88 -0.2
0.00015012 -4.88 -0.22
0.00015016 -4.88 -0.2
0.0001502 -4.96 -0.2
0.00015024 -5.04 -0.2
0.00015028 -5.04 -0.22
0.00015032 -5.12 -0.22
0.00015036 -5.2 -0.24
0.0001504 -5.2 -0.22
0.00015044 -5.2 -0.22
0.00015048 -5.28 -0.24
0.00015052 -5.36 -0.24
0.00015056 -5.36 -0.24
0.0001506 -5.36 -0.24
0.00015064 -5.44 -0.24
0.00015068 -5.44 -0.24
0.00015072 -5.52 -0.26
0.00015076 -5.52 -0.24
0.0001508 -5.52 -0.24
0.00015084 -5.6 -0.26
0.00015088 -5.68 -0.26
0.00015092 -5.68 -0.24
0.00015096 -5.68 -0.24
0.000151 -5.68 -0.26
0.00015104 -5.76 -0.26
0.00015108 -5.76 -0.26
0.00015112 -5.76 -0.26
0.00015116 -5.84 -0.26
0.0001512 -5.84 -0.3
0.00015124 -5.84 -0.26
0.00015128 -5.84 -0.26
0.00015132 -5.84 -0.26
0.00015136 -6 -0.28
0.0001514 -6 -0.28
0.00015144 -6 -0.28
0.00015148 -6 -0.28
0.00015152 -6 -0.28
0.00015156 -6 -0.3
0.0001516 -6.08 -0.3
0.00015164 -6 -0.3
0.00015168 -6.08 -0.32
0.00015172 -6.08 -0.32
0.00015176 -6.08 -0.3
0.0001518 -6.08 -0.3
0.00015184 -6.08 -0.3
0.00015188 -6.08 -0.32
0.00015192 -6.08 -0.3
0.00015196 -6.16 -0.3
0.000152 -6.08 -0.3
0.00015204 -6.08 -0.32
0.00015208 -6.08 -0.32
0.00015212 -6.08 -0.32
0.00015216 -6.08 -0.32
0.0001522 -6.08 -0.3
0.00015224 -6.08 -0.32
0.00015228 -6.08 -0.32
0.00015232 -6.16 -0.32
0.00015236 -6.08 -0.3
0.0001524 -6.08 -0.32
0.00015244 -6 -0.32
0.00015248 -6.08 -0.3
0.00015252 -6.08 -0.32
0.00015256 -6 -0.32
0.0001526 -6.08 -0.32
0.00015264 -6.08 -0.32
0.00015268 -6 -0.32
0.00015272 -5.92 -0.32
0.00015276 -5.92 -0.32
0.0001528 -5.92 -0.32
0.00015284 -5.84 -0.32
0.00015288 -5.92 -0.32
0.00015292 -5.84 -0.32
0.00015296 -5.84 -0.34
0.000153 -5.84 -0.32
0.00015304 -5.76 -0.32
0.00015308 -5.84 -0.32
0.00015312 -5.76 -0.32
0.00015316 -5.68 -0.32
0.0001532 -5.68 -0.32
0.00015324 -5.68 -0.32
0.00015328 -5.68 -0.32
0.00015332 -5.52 -0.34
0.00015336 -5.52 -0.32
0.0001534 -5.52 -0.32
0.00015344 -5.52 -0.32
0.00015348 -5.44 -0.32
0.00015352 -5.44 -0.32
0.00015356 -5.36 -0.32
0.0001536 -5.36 -0.32
0.00015364 -5.36 -0.32
0.00015368 -5.36 -0.32
0.00015372 -5.2 -0.3
0.00015376 -5.2 -0.32
0.0001538 -5.2 -0.32
0.00015384 -5.12 -0.32
0.00015388 -5.12 -0.32
0.00015392 -5.04 -0.3
0.00015396 -5.04 -0.32
0.000154 -4.88 -0.3
0.00015404 -4.88 -0.32
0.00015408 -4.88 -0.3
0.00015412 -4.8 -0.3
0.00015416 -4.8 -0.3
0.0001542 -4.72 -0.3
0.00015424 -4.72 -0.32
0.00015428 -4.56 -0.3
0.00015432 -4.56 -0.3
0.00015436 -4.56 -0.3
0.0001544 -4.48 -0.3
0.00015444 -4.4 -0.3
0.00015448 -4.4 -0.3
0.00015452 -4.24 -0.32
0.00015456 -4.24 -0.3
0.0001546 -4.16 -0.3
0.00015464 -4.16 -0.26
0.00015468 -4.08 -0.26
0.00015472 -3.92 -0.3
0.00015476 -3.92 -0.3
0.0001548 -3.92 -0.28
0.00015484 -3.84 -0.28
0.00015488 -3.76 -0.26
0.00015492 -3.68 -0.28
0.00015496 -3.6 -0.28
0.000155 -3.6 -0.26
0.00015504 -3.52 -0.26
0.00015508 -3.44 -0.26
0.00015512 -3.36 -0.26
0.00015516 -3.28 -0.26
0.0001552 -3.28 -0.26
0.00015524 -3.2 -0.26
0.00015528 -3.12 -0.24
0.00015532 -2.96 -0.24
0.00015536 -2.96 -0.24
0.0001554 -2.88 -0.26
0.00015544 -2.8 -0.26
0.00015548 -2.8 -0.24
0.00015552 -2.64 -0.24
0.00015556 -2.64 -0.24
0.0001556 -2.56 -0.24
0.00015564 -2.48 -0.24
0.00015568 -2.4 -0.24
0.00015572 -2.32 -0.2
0.00015576 -2.24 -0.22
0.0001558 -2.24 -0.22
0.00015584 -2.16 -0.22
0.00015588 -2 -0.2
0.00015592 -2 -0.2
0.00015596 -1.92 -0.2
0.000156 -1.84 -0.2
0.00015604 -1.68 -0.2
0.00015608 -1.68 -0.22
0.00015612 -1.52 -0.2
0.00015616 -1.52 -0.22
0.0001562 -1.36 -0.18
0.00015624 -1.36 -0.2
0.00015628 -1.28 -0.16
0.00015632 -1.2 -0.18
0.00015636 -1.12 -0.18
0.0001564 -1.04 -0.18
0.00015644 -0.96 -0.16
0.00015648 -0.88 -0.18
0.00015652 -0.88 -0.16
0.00015656 -0.72 -0.16
0.0001566 -0.64 -0.14
0.00015664 -0.56 -0.16
0.00015668 -0.48 -0.16
0.00015672 -0.4 -0.16
0.00015676 -0.32 -0.14
0.0001568 -0.24 -0.14
0.00015684 0 -0.14
0.00015688 0 -0.14
0.00015692 0 -0.14
0.00015696 0.16 -0.12
0.000157 0.24 -0.14
0.00015704 0.32 -0.12
0.00015708 0.4 -0.12
0.00015712 0.48 -0.1
0.00015716 0.48 -0.12
0.0001572 0.64 -0.12
0.00015724 0.72 -0.1
0.00015728 0.72 -0.1
0.00015732 0.8 -0.08
0.00015736 0.96 -0.1
0.0001574 0.96 -0.1
0.00015744 1.04 -0.08
0.00015748 1.2 -0.08
0.00015752 1.28 -0.08
0.00015756 1.28 -0.08
0.0001576 1.36 -0.08
0.00015764 1.44 -0.08
0.00015768 1.6 -0.06
0.00015772 1.6 -0.06
0.00015776 1.68 -0.06
0.0001578 1.76 -0.04
0.00015784 1.84 -0.04
0.00015788 1.92 -0.06
0.00015792 2 -0.06
0.00015796 2.08 -0.04
0.000158 2.16 -0.04
0.00015804 2.24 -0.06
0.00015808 2.24 0
0.00015812 2.4 -0.04
0.00015816 2.4 0
0.0001582 2.56 0
0.00015824 2.56 0
0.00015828 2.64 0
0.00015832 2.72 0
0.00015836 2.72 0.02
0.0001584 2.88 0.02
0.00015844 2.88 0.02
0.00015848 2.96 0.02
0.00015852 3.04 0.02
0.00015856 3.12 0.04
0.0001586 3.2 0.02
0.00015864 3.28 0.04
0.00015868 3.36 0.02
0.00015872 3.36 0.04
0.00015876 3.52 0.04
0.0001588 3.52 0.04
0.00015884 3.52 0.06
0.00015888 3.68 0.06
0.00015892 3.68 0.04
0.00015896 3.76 0.06
0.000159 3.84 0.06
0.00015904 3.84 0.08
0.00015908 3.92 0.08
0.00015912 4 0.08
0.00015916 4 0.08
0.0001592 4.16 0.08
0.00015924 4.16 0.08
0.00015928 4.16 0.08
0.00015932 4.32 0.08
0.00015936 4.32 0.08
0.0001594 4.4 0.1
0.00015944 4.48 0.12
0.00015948 4.48 0.1
0.00015952 4.56 0.1
0.00015956 4.56 0.1
0.0001596 4.64 0.1
0.00015964 4.8 0.1
0.00015968 4.8 0.1
0.00015972 4.8 0.12
0.00015976 4.88 0.12
0.0001598 4.88 0.12
0.00015984 4.88 0.1
0.00015988 4.96 0.12
0.00015992 4.96 0.12
0.00015996 5.12 0.14
