0 0.56 0.48
1e-06 0.56 0.48
2e-06 -0.32 -0.24
3e-06 -0.32 -0.32
4e-06 -0.4 -0.32
5e-06 -0.4 -0.32
6e-06 -0.4 -0.4
7e-06 -0.4 -0.4
8e-06 -0.48 -0.4
9e-06 -0.48 -0.4
1e-05 -0.48 -0.48
1.1e-05 -0.48 -0.48
1.2e-05 -0.48 -0.56
1.3e-05 -0.48 -0.56
1.4e-05 -0.64 -0.56
1.5e-05 -0.64 -0.64
1.6e-05 -0.64 -0.72
1.7e-05 -0.64 -0.64
1.8e-05 -0.72 -0.72
1.9e-05 -0.8 -0.72
2e-05 -0.72 -0.72
2.1e-05 -0.8 -0.72
2.2e-05 -0.8 -0.72
2.3e-05 -0.8 -0.8
2.4e-05 -0.96 -0.88
2.5e-05 -0.88 -0.88
2.6e-05 -0.96 -0.88
2.7e-05 -0.96 -0.88
2.8e-05 -1.04 -0.96
2.9e-05 -1.04 -1.04
3e-05 -1.04 -0.96
3.1e-05 -1.04 -1.04
3.2e-05 -1.12 -1.04
3.3e-05 -1.12 -1.04
3.4e-05 -1.12 -1.12
3.5e-05 -1.12 -1.12
3.6e-05 -1.2 -1.2
3.7e-05 -1.2 -1.2
3.8e-05 -1.28 -1.28
3.9e-05 -1.28 -1.2
4e-05 -1.28 -1.28
4.1e-05 -1.36 -1.28
4.2e-05 -1.28 -1.36
4.3e-05 -1.36 -1.36
4.4e-05 -1.44 -1.36
4.5e-05 -1.44 -1.36
4.6e-05 -1.44 -1.36
4.7e-05 -1.44 -1.52
4.8e-05 -1.52 -1.44
4.9e-05 -1.52 -1.6
5e-05 -1.44 -1.52
5.1e-05 -1.6 -1.6
5.2e-05 -1.6 -1.6
5.3e-05 -1.6 -1.6
5.4e-05 -1.68 -1.68
5.5e-05 -1.68 -1.6
5.6e-05 -1.76 -1.68
5.7e-05 -1.76 -1.68
5.8e-05 -1.76 -1.68
5.9e-05 -1.76 -1.84
6e-05 -1.76 -1.76
6.1e-05 -1.84 -1.84
6.2e-05 -1.76 -1.92
6.3e-05 -1.92 -1.84
6.4e-05 -1.92 -1.92
6.5e-05 -1.92 -1.92
6.6e-05 -1.92 -1.92
6.7e-05 -2 -2
6.8e-05 -2.08 -2
6.9e-05 -2.08 -2
7e-05 -2.08 -2
7.1e-05 -2.08 -2
7.2e-05 -2.16 -2.08
7.3e-05 -2.16 -2
7.4e-05 -2.16 -2.08
7.5e-05 -2.24 -2.16
7.6e-05 -2.24 -2.16
7.7e-05 -2.24 -2.24
7.8e-05 -2.24 -2.24
7.9e-05 -2.32 -2.24
8e-05 -2.32 -2.32
8.1e-05 -2.4 -2.32
8.2e-05 -2.4 -2.32
8.3e-05 -2.4 -2.32
8.4e-05 -2.4 -2.32
8.5e-05 -2.48 -2.32
8.6e-05 -2.48 -2.4
8.7e-05 -2.48 -2.48
8.8e-05 -2.56 -2.56
8.9e-05 -2.56 -2.48
9e-05 -2.56 -2.48
9.1e-05 -2.64 -2.56
9.2e-05 -2.64 -2.64
9.3e-05 -2.64 -2.64
9.4e-05 -2.64 -2.56
9.5e-05 -2.72 -2.64
9.6e-05 -2.72 -2.64
9.7e-05 -2.72 -2.64
9.8e-05 -2.72 -2.72
9.9e-05 -2.72 -2.64
0.0001 -2.8 -2.8
0.000101 -2.88 -2.8
0.000102 -2.88 -2.8
0.000103 -2.88 -2.88
0.000104 -2.88 -2.88
0.000105 -2.88 -2.88
0.000106 -2.96 -2.88
0.000107 -2.96 -2.88
0.000108 -3.04 -2.96
0.000109 -3.04 -2.96
0.00011 -3.04 -3.04
0.000111 -3.04 -3.04
0.000112 -3.04 -2.96
0.000113 -3.12 -3.12
0.000114 -3.04 -3.04
0.000115 -3.2 -3.2
0.000116 -3.2 -3.12
0.000117 -3.2 -3.12
0.000118 -3.2 -3.28
0.000119 -3.2 -3.12
0.00012 -3.28 -3.28
0.000121 -3.28 -3.28
0.000122 -3.28 -3.2
0.000123 -3.28 -3.36
0.000124 -3.36 -3.28
0.000125 -3.36 -3.36
0.000126 -3.44 -3.36
0.000127 -3.44 -3.28
0.000128 -3.44 -3.44
0.000129 -3.44 -3.44
0.00013 -3.52 -3.52
0.000131 -3.52 -3.44
0.000132 -3.52 -3.44
0.000133 -3.6 -3.6
0.000134 -3.52 -3.52
0.000135 -3.6 -3.52
0.000136 -3.68 -3.6
0.000137 -3.68 -3.52
0.000138 -3.68 -3.6
0.000139 -3.68 -3.6
0.00014 -3.68 -3.68
0.000141 -3.68 -3.6
0.000142 -3.68 -3.68
0.000143 -3.68 -3.76
0.000144 -3.84 -3.76
0.000145 -3.84 -3.76
0.000146 -3.84 -3.76
0.000147 -3.84 -3.76
0.000148 -3.84 -3.84
0.000149 -3.92 -3.84
0.00015 -3.92 -3.84
0.000151 -4 -3.84
0.000152 -4 -3.92
0.000153 -4 -3.92
0.000154 -4 -3.92
0.000155 -4 -3.92
0.000156 -4 -3.92
0.000157 -4.08 -3.92
0.000158 -4 -4
0.000159 -4.08 -4
0.00016 -4.16 -4
0.000161 -4.16 -4.08
0.000162 -4.16 -4.08
0.000163 -4.16 -4.08
0.000164 -4.24 -4.16
0.000165 -4.16 -4.08
0.000166 -4.24 -4.16
0.000167 -4.24 -4.16
0.000168 -4.32 -4.08
0.000169 -4.24 -4.24
0.00017 -4.32 -4.16
0.000171 -4.32 -4.24
0.000172 -4.32 -4.24
0.000173 -4.32 -4.24
0.000174 -4.4 -4.32
0.000175 -4.4 -4.24
0.000176 -4.32 -4.32
0.000177 -4.4 -4.4
0.000178 -4.48 -4.24
0.000179 -4.48 -4.4
0.00018 -4.48 -4.32
0.000181 -4.48 -4.4
0.000182 -4.48 -4.48
0.000183 -4.56 -4.4
0.000184 -4.56 -4.48
0.000185 -4.56 -4.48
0.000186 -4.56 -4.48
0.000187 -4.64 -4.48
0.000188 -4.64 -4.48
0.000189 -4.64 -4.56
0.00019 -4.64 -4.56
0.000191 -4.72 -4.56
0.000192 -4.64 -4.64
0.000193 -4.64 -4.56
0.000194 -4.72 -4.64
0.000195 -4.8 -4.64
0.000196 -4.72 -4.56
0.000197 -4.8 -4.64
0.000198 -4.8 -4.56
0.000199 -4.8 -4.64
0.0002 -4.88 -4.72
0.000201 -4.88 -4.72
0.000202 -4.88 -4.8
0.000203 -4.88 -4.72
0.000204 -4.88 -4.8
0.000205 -4.88 -4.72
0.000206 -4.96 -4.8
0.000207 -4.96 -4.8
0.000208 -4.96 -4.8
0.000209 -4.96 -4.88
0.00021 -4.96 -4.88
0.000211 -4.96 -4.88
0.000212 -4.96 -4.88
0.000213 -4.96 -4.88
0.000214 -4.96 -4.88
0.000215 -5.12 -4.88
0.000216 -5.04 -4.88
0.000217 -5.12 -4.96
0.000218 -5.12 -4.96
0.000219 -5.12 -4.96
0.00022 -5.12 -4.96
0.000221 -5.12 -4.96
0.000222 -5.12 -5.04
0.000223 -5.2 -5.04
0.000224 -5.12 -5.04
0.000225 -5.2 -5.12
0.000226 -5.2 -5.04
0.000227 -5.2 -5.12
0.000228 -5.2 -5.12
0.000229 -5.2 -5.12
0.00023 -5.2 -5.12
0.000231 -5.28 -5.12
0.000232 -5.2 -5.12
0.000233 -5.28 -5.2
0.000234 -5.28 -5.12
0.000235 -5.28 -5.2
0.000236 -5.28 -5.2
0.000237 -5.28 -5.12
0.000238 -5.28 -5.2
0.000239 -5.28 -5.2
0.00024 -5.28 -5.28
0.000241 -5.28 -5.28
0.000242 -5.28 -5.2
0.000243 -5.44 -5.28
0.000244 -5.44 -5.2
0.000245 -5.44 -5.28
0.000246 -5.44 -5.28
0.000247 -5.36 -5.28
0.000248 -5.44 -5.36
0.000249 -5.44 -5.36
0.00025 -5.44 -5.36
0.000251 -5.44 -5.36
0.000252 -5.44 -5.36
0.000253 -5.44 -5.36
0.000254 -5.52 -5.36
0.000255 -5.52 -5.36
0.000256 -5.52 -5.44
0.000257 -5.52 -5.28
0.000258 -5.52 -5.44
0.000259 -5.52 -5.36
0.00026 -5.6 -5.44
0.000261 -5.52 -5.44
0.000262 -5.52 -5.44
0.000263 -5.6 -5.52
0.000264 -5.6 -5.52
0.000265 -5.6 -5.52
0.000266 -5.6 -5.52
0.000267 -5.52 -5.44
0.000268 -5.6 -5.52
0.000269 -5.6 -5.44
0.00027 -5.6 -5.52
0.000271 -5.6 -5.52
0.000272 -5.6 -5.52
0.000273 -5.6 -5.6
0.000274 -5.6 -5.52
0.000275 -5.6 -5.52
0.000276 -5.6 -5.6
0.000277 -5.68 -5.52
0.000278 -5.76 -5.52
0.000279 -5.68 -5.52
0.00028 -5.68 -5.52
0.000281 -5.68 -5.6
0.000282 -5.6 -5.52
0.000283 -5.76 -5.6
0.000284 -5.6 -5.6
0.000285 -5.76 -5.6
0.000286 -5.76 -5.68
0.000287 -5.76 -5.6
0.000288 -5.76 -5.52
0.000289 -5.76 -5.6
0.00029 -5.76 -5.6
0.000291 -5.76 -5.68
0.000292 -5.76 -5.6
0.000293 -5.76 -5.68
0.000294 -5.76 -5.6
0.000295 -5.76 -5.6
0.000296 -5.84 -5.68
0.000297 -5.76 -5.68
0.000298 -5.76 -5.68
0.000299 -5.76 -5.6
0.0003 -5.76 -5.68
0.000301 -5.76 -5.68
0.000302 -5.84 -5.68
0.000303 -5.84 -5.6
0.000304 -5.76 -5.68
0.000305 -5.84 -5.68
0.000306 -5.76 -5.68
0.000307 -5.84 -5.68
0.000308 -5.84 -5.68
0.000309 -5.84 -5.68
0.00031 -5.84 -5.68
0.000311 -5.84 -5.68
0.000312 -5.84 -5.76
0.000313 -5.84 -5.68
0.000314 -5.84 -5.68
0.000315 -5.84 -5.68
0.000316 -5.84 -5.68
0.000317 -5.84 -5.68
0.000318 -5.84 -5.68
0.000319 -5.84 -5.68
0.00032 -5.76 -5.68
0.000321 -5.84 -5.68
0.000322 -5.84 -5.68
0.000323 -5.84 -5.68
0.000324 -5.84 -5.68
0.000325 -5.84 -5.68
0.000326 -5.92 -5.68
0.000327 -5.84 -5.68
0.000328 -5.84 -5.68
0.000329 -5.84 -5.76
0.00033 -5.92 -5.68
0.000331 -5.92 -5.68
0.000332 -5.84 -5.76
0.000333 -5.84 -5.68
0.000334 -5.84 -5.76
0.000335 -5.84 -5.68
0.000336 -5.84 -5.76
0.000337 -5.84 -5.68
0.000338 -5.84 -5.68
0.000339 -5.84 -5.68
0.00034 -5.84 -5.76
0.000341 -5.84 -5.68
0.000342 -5.84 -5.76
0.000343 -5.84 -5.68
0.000344 -5.84 -5.68
0.000345 -5.84 -5.68
0.000346 -5.84 -5.68
0.000347 -5.84 -5.76
0.000348 -5.84 -5.68
0.000349 -5.84 -5.68
0.00035 -5.84 -5.68
0.000351 -5.84 -5.68
0.000352 -5.84 -5.68
0.000353 -5.84 -5.68
0.000354 -5.84 -5.68
0.000355 -5.84 -5.68
0.000356 -5.84 -5.6
0.000357 -5.84 -5.68
0.000358 -5.84 -5.68
0.000359 -5.76 -5.68
0.00036 -5.84 -5.68
0.000361 -5.84 -5.68
0.000362 -5.84 -5.68
0.000363 -5.76 -5.68
0.000364 -5.76 -5.68
0.000365 -5.76 -5.68
0.000366 -5.76 -5.6
0.000367 -5.84 -5.68
0.000368 -5.76 -5.68
0.000369 -5.76 -5.6
0.00037 -5.76 -5.68
0.000371 -5.76 -5.6
0.000372 -5.76 -5.6
0.000373 -5.76 -5.6
0.000374 -5.76 -5.6
0.000375 -5.76 -5.68
0.000376 -5.76 -5.6
0.000377 -5.76 -5.52
0.000378 -5.68 -5.6
0.000379 -5.76 -5.52
0.00038 -5.76 -5.6
0.000381 -5.76 -5.52
0.000382 -5.6 -5.52
0.000383 -5.76 -5.52
0.000384 -5.68 -5.52
0.000385 -5.6 -5.52
0.000386 -5.6 -5.52
0.000387 -5.6 -5.52
0.000388 -5.68 -5.52
0.000389 -5.68 -5.52
0.00039 -5.6 -5.52
0.000391 -5.6 -5.44
0.000392 -5.6 -5.52
0.000393 -5.6 -5.44
0.000394 -5.6 -5.44
0.000395 -5.6 -5.44
0.000396 -5.6 -5.52
0.000397 -5.6 -5.44
0.000398 -5.6 -5.44
0.000399 -5.6 -5.36
0.0004 -5.52 -5.44
0.000401 -5.52 -5.44
0.000402 -5.52 -5.36
0.000403 -5.52 -5.36
0.000404 -5.52 -5.36
0.000405 -5.52 -5.36
0.000406 -5.52 -5.44
0.000407 -5.44 -5.36
0.000408 -5.44 -5.36
0.000409 -5.52 -5.36
0.00041 -5.52 -5.28
0.000411 -5.52 -5.36
0.000412 -5.44 -5.28
0.000413 -5.44 -5.28
0.000414 -5.44 -5.36
0.000415 -5.44 -5.28
0.000416 -5.44 -5.36
0.000417 -5.44 -5.28
0.000418 -5.36 -5.2
0.000419 -5.44 -5.28
0.00042 -5.36 -5.12
0.000421 -5.28 -5.28
0.000422 -5.28 -5.2
0.000423 -5.28 -5.12
0.000424 -5.28 -5.2
0.000425 -5.28 -5.2
0.000426 -5.28 -5.2
0.000427 -5.28 -5.2
0.000428 -5.28 -5.12
0.000429 -5.28 -5.2
0.00043 -5.28 -5.12
0.000431 -5.28 -5.12
0.000432 -5.28 -5.12
0.000433 -5.28 -5.04
0.000434 -5.2 -5.12
0.000435 -5.2 -5.04
0.000436 -5.2 -5.04
0.000437 -5.2 -5.04
0.000438 -5.2 -5.04
0.000439 -5.12 -5.04
0.00044 -5.12 -5.04
0.000441 -5.2 -5.04
0.000442 -5.12 -4.96
0.000443 -5.12 -4.88
0.000444 -5.12 -4.96
0.000445 -5.04 -4.88
0.000446 -5.12 -4.96
0.000447 -4.96 -4.88
0.000448 -4.96 -4.88
0.000449 -4.96 -4.88
0.00045 -4.96 -4.88
0.000451 -4.96 -4.88
0.000452 -4.96 -4.88
0.000453 -4.96 -4.8
0.000454 -4.96 -4.8
0.000455 -4.96 -4.8
0.000456 -4.96 -4.8
0.000457 -4.88 -4.8
0.000458 -4.88 -4.72
0.000459 -4.88 -4.72
0.00046 -4.88 -4.72
0.000461 -4.88 -4.72
0.000462 -4.88 -4.72
0.000463 -4.8 -4.64
0.000464 -4.8 -4.64
0.000465 -4.8 -4.72
0.000466 -4.8 -4.56
0.000467 -4.8 -4.56
0.000468 -4.8 -4.56
0.000469 -4.72 -4.56
0.00047 -4.8 -4.56
0.000471 -4.64 -4.48
0.000472 -4.64 -4.56
0.000473 -4.64 -4.48
0.000474 -4.56 -4.48
0.000475 -4.64 -4.48
0.000476 -4.56 -4.4
0.000477 -4.64 -4.48
0.000478 -4.64 -4.4
0.000479 -4.56 -4.4
0.00048 -4.56 -4.4
0.000481 -4.48 -4.4
0.000482 -4.48 -4.4
0.000483 -4.48 -4.4
0.000484 -4.48 -4.32
0.000485 -4.48 -4.32
0.000486 -4.48 -4.24
0.000487 -4.32 -4.24
0.000488 -4.32 -4.32
0.000489 -4.32 -4.16
0.00049 -4.4 -4.24
0.000491 -4.32 -4.24
0.000492 -4.32 -4.16
0.000493 -4.24 -4.16
0.000494 -4.24 -4.16
0.000495 -4.24 -4.16
0.000496 -4.24 -4.08
0.000497 -4.16 -4.08
0.000498 -4.24 -4.08
0.000499 -4.16 -4
0.0005 -4.16 -4.08
0.000501 -4.16 -3.92
0.000502 -4.08 -4
0.000503 -4.08 -4
0.000504 -4.16 -3.92
0.000505 -4 -3.92
0.000506 -4 -3.92
0.000507 -4 -3.92
0.000508 -4 -3.92
0.000509 -4 -3.76
0.00051 -3.92 -3.84
0.000511 -4 -3.76
0.000512 -3.92 -3.84
0.000513 -3.92 -3.84
0.000514 -3.92 -3.76
0.000515 -3.92 -3.76
0.000516 -3.92 -3.68
0.000517 -3.84 -3.76
0.000518 -3.84 -3.76
0.000519 -3.76 -3.68
0.00052 -3.76 -3.6
0.000521 -3.68 -3.6
0.000522 -3.68 -3.6
0.000523 -3.68 -3.6
0.000524 -3.68 -3.52
0.000525 -3.68 -3.6
0.000526 -3.6 -3.52
0.000527 -3.6 -3.52
0.000528 -3.6 -3.52
0.000529 -3.6 -3.52
0.00053 -3.6 -3.44
0.000531 -3.6 -3.44
0.000532 -3.52 -3.36
0.000533 -3.52 -3.44
0.000534 -3.52 -3.44
0.000535 -3.52 -3.28
0.000536 -3.44 -3.28
0.000537 -3.36 -3.28
0.000538 -3.36 -3.28
0.000539 -3.36 -3.28
0.00054 -3.36 -3.2
0.000541 -3.28 -3.2
0.000542 -3.28 -3.2
0.000543 -3.28 -3.2
0.000544 -3.28 -3.12
0.000545 -3.2 -3.12
0.000546 -3.28 -3.12
0.000547 -3.2 -3.04
0.000548 -3.2 -2.96
0.000549 -3.2 -3.04
0.00055 -3.04 -2.96
0.000551 -3.04 -2.96
0.000552 -3.04 -2.96
0.000553 -3.04 -2.88
0.000554 -3.04 -2.96
0.000555 -2.96 -2.88
0.000556 -2.96 -2.96
0.000557 -2.96 -2.8
0.000558 -2.88 -2.8
0.000559 -2.88 -2.8
0.00056 -2.88 -2.8
0.000561 -2.88 -2.8
0.000562 -2.8 -2.8
0.000563 -2.88 -2.64
0.000564 -2.72 -2.72
0.000565 -2.72 -2.64
0.000566 -2.72 -2.64
0.000567 -2.72 -2.64
0.000568 -2.64 -2.56
0.000569 -2.64 -2.64
0.00057 -2.64 -2.56
0.000571 -2.64 -2.56
0.000572 -2.64 -2.48
0.000573 -2.56 -2.4
0.000574 -2.56 -2.48
0.000575 -2.56 -2.4
0.000576 -2.48 -2.4
0.000577 -2.4 -2.4
0.000578 -2.4 -2.32
0.000579 -2.4 -2.32
0.00058 -2.4 -2.32
0.000581 -2.32 -2.24
0.000582 -2.4 -2.24
0.000583 -2.32 -2.24
0.000584 -2.32 -2.24
0.000585 -2.24 -2.16
0.000586 -2.24 -2.16
0.000587 -2.24 -2.16
0.000588 -2.24 -2.08
0.000589 -2.16 -2.08
0.00059 -2.08 -2
0.000591 -2.16 -2
0.000592 -2 -2
0.000593 -2.08 -1.92
0.000594 -2.08 -2
0.000595 -2 -1.92
0.000596 -2 -1.92
0.000597 -1.92 -1.92
0.000598 -1.92 -1.84
0.000599 -1.92 -1.84
0.0006 -1.92 -1.84
0.000601 -1.84 -1.76
0.000602 -1.84 -1.68
0.000603 -1.76 -1.68
0.000604 -1.76 -1.68
0.000605 -1.68 -1.68
0.000606 -1.76 -1.6
0.000607 -1.68 -1.6
0.000608 -1.76 -1.6
0.000609 -1.6 -1.6
0.00061 -1.68 -1.52
0.000611 -1.6 -1.52
0.000612 -1.6 -1.52
0.000613 -1.52 -1.44
0.000614 -1.52 -1.44
0.000615 -1.44 -1.36
0.000616 -1.52 -1.36
0.000617 -1.44 -1.36
0.000618 -1.44 -1.36
0.000619 -1.44 -1.28
0.00062 -1.36 -1.28
0.000621 -1.36 -1.2
0.000622 -1.36 -1.28
0.000623 -1.36 -1.28
0.000624 -1.28 -1.2
0.000625 -1.28 -1.12
0.000626 -1.12 -1.12
0.000627 -1.2 -1.12
0.000628 -1.12 -1.12
0.000629 -1.12 -1.04
0.00063 -1.12 -1.04
0.000631 -1.12 -0.96
0.000632 -1.12 -0.96
0.000633 -1.04 -0.96
0.000634 -1.04 -0.88
0.000635 -0.96 -0.88
0.000636 -0.96 -0.88
0.000637 -0.96 -0.88
0.000638 -0.96 -0.88
0.000639 -0.88 -0.8
0.00064 -0.8 -0.72
0.000641 -0.8 -0.72
0.000642 -0.8 -0.72
0.000643 -0.8 -0.72
0.000644 -0.72 -0.64
0.000645 -0.72 -0.64
0.000646 -0.64 -0.56
0.000647 -0.64 -0.56
0.000648 -0.64 -0.56
0.000649 -0.64 -0.56
0.00065 -0.56 -0.48
0.000651 -0.56 -0.4
0.000652 -0.48 -0.4
0.000653 -0.48 -0.4
0.000654 -0.4 -0.4
0.000655 -0.48 -0.4
0.000656 -0.4 -0.32
0.000657 -0.4 -0.32
0.000658 -0.4 -0.32
0.000659 -0.32 -0.32
0.00066 -0.32 -0.24
0.000661 -0.32 -0.16
0.000662 -0.16 -0.16
0.000663 -0.16 -0.16
0.000664 -0.16 -0.16
0.000665 -0.16 0
0.000666 -0.16 0
0.000667 -0.16 0.08
0.000668 -0.16 0
0.000669 0 0
0.00067 0 0.08
0.000671 0 0.08
0.000672 0.08 0.16
0.000673 0.16 0.16
0.000674 0.16 0.16
0.000675 0.24 0.24
0.000676 0.24 0.16
0.000677 0.24 0.24
0.000678 0.24 0.32
0.000679 0.24 0.24
0.00068 0.32 0.32
0.000681 0.32 0.32
0.000682 0.32 0.4
0.000683 0.32 0.4
0.000684 0.4 0.4
0.000685 0.4 0.48
0.000686 0.48 0.48
0.000687 0.48 0.56
0.000688 0.56 0.48
0.000689 0.56 0.48
0.00069 0.56 0.64
0.000691 0.64 0.64
0.000692 0.64 0.72
0.000693 0.64 0.64
0.000694 0.72 0.64
0.000695 0.72 0.72
0.000696 0.72 0.72
0.000697 0.72 0.8
0.000698 0.8 0.8
0.000699 0.88 0.8
0.0007 0.88 0.88
0.000701 0.88 0.88
0.000702 0.88 0.96
0.000703 0.96 0.96
0.000704 0.96 0.96
0.000705 0.96 1.04
0.000706 1.04 1.04
0.000707 1.04 1.04
0.000708 1.04 1.04
0.000709 1.04 1.04
0.00071 1.12 1.04
0.000711 1.2 1.12
0.000712 1.2 1.12
0.000713 1.2 1.12
0.000714 1.2 1.2
0.000715 1.2 1.2
0.000716 1.28 1.28
0.000717 1.28 1.28
0.000718 1.28 1.28
0.000719 1.36 1.36
0.00072 1.36 1.36
0.000721 1.36 1.36
0.000722 1.36 1.36
0.000723 1.44 1.44
0.000724 1.44 1.44
0.000725 1.52 1.44
0.000726 1.52 1.52
0.000727 1.52 1.52
0.000728 1.52 1.6
0.000729 1.6 1.6
0.00073 1.6 1.6
0.000731 1.6 1.6
0.000732 1.6 1.68
0.000733 1.68 1.68
0.000734 1.68 1.68
0.000735 1.68 1.68
0.000736 1.76 1.76
0.000737 1.84 1.76
0.000738 1.84 1.84
0.000739 1.84 1.92
0.00074 1.84 1.84
0.000741 1.92 1.92
0.000742 1.92 1.92
0.000743 1.92 1.92
0.000744 2 2
0.000745 2 1.92
0.000746 2 2.08
0.000747 2 2
0.000748 2 2.08
0.000749 2.16 2.16
0.00075 2.16 2.08
0.000751 2.16 2.24
0.000752 2.16 2.16
0.000753 2.16 2.16
0.000754 2.24 2.24
0.000755 2.24 2.24
0.000756 2.32 2.24
0.000757 2.32 2.24
0.000758 2.32 2.32
0.000759 2.32 2.4
0.00076 2.4 2.4
0.000761 2.48 2.4
0.000762 2.48 2.4
0.000763 2.48 2.4
0.000764 2.48 2.56
0.000765 2.48 2.48
0.000766 2.56 2.56
0.000767 2.56 2.56
0.000768 2.56 2.56
0.000769 2.64 2.64
0.00077 2.56 2.56
0.000771 2.64 2.64
0.000772 2.64 2.64
0.000773 2.72 2.64
0.000774 2.72 2.72
0.000775 2.8 2.72
0.000776 2.8 2.72
0.000777 2.8 2.72
0.000778 2.8 2.72
0.000779 2.88 2.88
0.00078 2.88 2.88
0.000781 2.88 2.88
0.000782 2.88 2.88
0.000783 2.88 2.88
0.000784 2.88 2.96
0.000785 2.96 2.96
0.000786 2.96 2.96
0.000787 3.04 3.04
0.000788 3.04 3.04
0.000789 3.12 3.04
0.00079 3.04 3.04
0.000791 3.12 3.12
0.000792 3.12 3.12
0.000793 3.2 3.12
0.000794 3.2 3.12
0.000795 3.2 3.2
0.000796 3.2 3.2
0.000797 3.2 3.2
0.000798 3.28 3.28
0.000799 3.28 3.2
0.0008 3.28 3.28
0.000801 3.36 3.28
0.000802 3.28 3.36
0.000803 3.44 3.36
0.000804 3.44 3.28
0.000805 3.44 3.44
0.000806 3.44 3.36
0.000807 3.44 3.44
0.000808 3.44 3.36
0.000809 3.52 3.44
0.00081 3.52 3.52
0.000811 3.52 3.52
0.000812 3.6 3.52
0.000813 3.6 3.52
0.000814 3.6 3.52
0.000815 3.6 3.6
0.000816 3.6 3.6
0.000817 3.6 3.68
0.000818 3.76 3.68
0.000819 3.68 3.6
0.00082 3.76 3.76
0.000821 3.76 3.68
0.000822 3.76 3.76
0.000823 3.84 3.76
0.000824 3.84 3.68
0.000825 3.84 3.84
0.000826 3.84 3.84
0.000827 3.84 3.84
0.000828 3.92 3.84
0.000829 3.92 3.84
0.00083 3.92 3.92
0.000831 3.92 3.84
0.000832 3.92 3.92
0.000833 3.92 3.92
0.000834 4 3.92
0.000835 4.08 4
0.000836 4.08 4
0.000837 4.08 4
0.000838 4.08 4
0.000839 4.08 4
0.00084 4.16 4.08
0.000841 4.16 4.16
0.000842 4.16 4.08
0.000843 4.16 4.16
0.000844 4.16 4.16
0.000845 4.16 4.16
0.000846 4.16 4.16
0.000847 4.24 4.16
0.000848 4.24 4.24
0.000849 4.32 4.24
0.00085 4.24 4.24
0.000851 4.24 4.24
0.000852 4.4 4.24
0.000853 4.4 4.32
0.000854 4.4 4.32
0.000855 4.4 4.32
0.000856 4.4 4.32
0.000857 4.4 4.32
0.000858 4.48 4.32
0.000859 4.48 4.4
0.00086 4.48 4.4
0.000861 4.48 4.4
0.000862 4.48 4.4
0.000863 4.56 4.48
0.000864 4.56 4.48
0.000865 4.56 4.48
0.000866 4.56 4.56
0.000867 4.56 4.48
0.000868 4.56 4.48
0.000869 4.72 4.56
0.00087 4.64 4.48
0.000871 4.64 4.56
0.000872 4.72 4.56
0.000873 4.72 4.64
0.000874 4.72 4.64
0.000875 4.72 4.64
0.000876 4.72 4.64
0.000877 4.8 4.64
0.000878 4.72 4.72
0.000879 4.72 4.72
0.00088 4.72 4.64
0.000881 4.8 4.8
0.000882 4.8 4.72
0.000883 4.8 4.8
0.000884 4.88 4.8
0.000885 4.88 4.8
0.000886 4.88 4.8
0.000887 4.88 4.8
0.000888 4.88 4.8
0.000889 4.88 4.88
0.00089 4.88 4.8
0.000891 4.88 4.88
0.000892 4.96 4.8
0.000893 5.04 4.88
0.000894 4.96 4.88
0.000895 5.04 4.88
0.000896 5.04 4.96
0.000897 5.04 4.96
0.000898 5.04 4.88
0.000899 5.04 4.96
0.0009 5.04 4.96
0.000901 5.04 4.96
0.000902 5.12 4.96
0.000903 5.12 4.96
0.000904 5.12 5.04
0.000905 5.12 4.96
0.000906 5.12 5.04
0.000907 5.12 5.04
0.000908 5.12 5.04
0.000909 5.2 5.12
0.00091 5.12 5.12
0.000911 5.12 5.04
0.000912 5.12 5.12
0.000913 5.2 5.12
0.000914 5.2 5.12
0.000915 5.2 5.12
0.000916 5.2 5.12
0.000917 5.2 5.2
0.000918 5.28 5.12
0.000919 5.2 5.2
0.00092 5.28 5.2
0.000921 5.28 5.2
0.000922 5.36 5.2
0.000923 5.36 5.2
0.000924 5.36 5.2
0.000925 5.36 5.2
0.000926 5.36 5.2
0.000927 5.36 5.28
0.000928 5.36 5.2
0.000929 5.36 5.2
0.00093 5.36 5.28
0.000931 5.36 5.28
0.000932 5.36 5.28
0.000933 5.36 5.28
0.000934 5.44 5.28
0.000935 5.44 5.28
0.000936 5.36 5.36
0.000937 5.44 5.44
0.000938 5.36 5.36
0.000939 5.44 5.28
0.00094 5.44 5.36
0.000941 5.44 5.36
0.000942 5.44 5.44
0.000943 5.44 5.44
0.000944 5.44 5.36
0.000945 5.44 5.44
0.000946 5.52 5.36
0.000947 5.52 5.44
0.000948 5.44 5.44
0.000949 5.52 5.44
0.00095 5.52 5.44
0.000951 5.52 5.44
0.000952 5.52 5.44
0.000953 5.52 5.44
0.000954 5.52 5.44
0.000955 5.52 5.52
0.000956 5.52 5.52
0.000957 5.52 5.44
0.000958 5.52 5.44
0.000959 5.52 5.52
0.00096 5.6 5.52
0.000961 5.52 5.52
0.000962 5.52 5.44
0.000963 5.6 5.52
0.000964 5.6 5.52
0.000965 5.52 5.52
0.000966 5.6 5.52
0.000967 5.6 5.52
0.000968 5.6 5.6
0.000969 5.68 5.52
0.00097 5.6 5.52
0.000971 5.68 5.52
0.000972 5.6 5.52
0.000973 5.68 5.52
0.000974 5.68 5.52
0.000975 5.68 5.52
0.000976 5.68 5.52
0.000977 5.68 5.52
0.000978 5.68 5.6
0.000979 5.68 5.52
0.00098 5.68 5.52
0.000981 5.68 5.6
0.000982 5.68 5.52
0.000983 5.68 5.6
0.000984 5.68 5.52
0.000985 5.68 5.52
0.000986 5.68 5.6
0.000987 5.76 5.52
0.000988 5.68 5.6
0.000989 5.68 5.6
0.00099 5.68 5.52
0.000991 5.68 5.68
0.000992 5.68 5.52
0.000993 5.76 5.6
0.000994 5.68 5.6
0.000995 5.68 5.52
0.000996 5.68 5.6
0.000997 5.68 5.52
0.000998 5.68 5.6
0.000999 5.68 5.52
0.001 5.68 5.52
0.001001 5.76 5.6
0.001002 5.68 5.52
0.001003 5.68 5.6
0.001004 5.68 5.52
0.001005 5.68 5.52
0.001006 5.68 5.52
0.001007 5.68 5.52
0.001008 5.76 5.6
0.001009 5.68 5.52
0.00101 5.76 5.52
0.001011 5.76 5.6
0.001012 5.68 5.52
0.001013 5.76 5.6
0.001014 5.68 5.6
0.001015 5.68 5.52
0.001016 5.68 5.52
0.001017 5.68 5.6
0.001018 5.68 5.6
0.001019 5.68 5.52
0.00102 5.68 5.52
0.001021 5.68 5.52
0.001022 5.68 5.52
0.001023 5.68 5.52
0.001024 5.68 5.52
0.001025 5.68 5.52
0.001026 5.68 5.52
0.001027 5.68 5.6
0.001028 5.68 5.52
0.001029 5.68 5.52
0.00103 5.68 5.52
0.001031 5.68 5.52
0.001032 5.68 5.52
0.001033 5.68 5.52
0.001034 5.68 5.52
0.001035 5.6 5.52
0.001036 5.68 5.52
0.001037 5.68 5.52
0.001038 5.68 5.52
0.001039 5.68 5.52
0.00104 5.68 5.52
0.001041 5.6 5.44
0.001042 5.6 5.52
0.001043 5.6 5.44
0.001044 5.68 5.44
0.001045 5.6 5.44
0.001046 5.52 5.44
0.001047 5.52 5.52
0.001048 5.52 5.44
0.001049 5.52 5.44
0.00105 5.52 5.44
0.001051 5.52 5.36
0.001052 5.52 5.44
0.001053 5.52 5.44
0.001054 5.52 5.44
0.001055 5.52 5.44
0.001056 5.52 5.36
0.001057 5.52 5.44
0.001058 5.52 5.36
0.001059 5.44 5.44
0.00106 5.52 5.44
0.001061 5.44 5.36
0.001062 5.44 5.36
0.001063 5.52 5.28
0.001064 5.44 5.44
0.001065 5.44 5.44
0.001066 5.44 5.28
0.001067 5.44 5.36
0.001068 5.36 5.28
0.001069 5.36 5.28
0.00107 5.44 5.28
0.001071 5.44 5.2
0.001072 5.36 5.28
0.001073 5.36 5.28
0.001074 5.36 5.28
0.001075 5.36 5.28
0.001076 5.36 5.28
0.001077 5.36 5.28
0.001078 5.36 5.12
0.001079 5.36 5.2
0.00108 5.36 5.2
0.001081 5.36 5.2
0.001082 5.28 5.2
0.001083 5.36 5.2
0.001084 5.36 5.12
0.001085 5.36 5.2
0.001086 5.28 5.12
0.001087 5.2 5.12
0.001088 5.36 5.12
0.001089 5.2 5.12
0.00109 5.2 5.12
0.001091 5.28 5.12
0.001092 5.2 5.12
0.001093 5.2 5.12
0.001094 5.2 5.04
0.001095 5.2 5.04
0.001096 5.12 5.12
0.001097 5.12 5.04
0.001098 5.12 5.04
0.001099 5.12 4.96
0.0011 5.12 5.04
0.001101 5.12 5.04
0.001102 5.04 4.96
0.001103 5.04 4.96
0.001104 5.04 4.96
0.001105 5.04 4.88
0.001106 5.04 4.88
0.001107 5.04 4.96
0.001108 5.04 4.88
0.001109 5.04 4.88
0.00111 5.04 4.88
0.001111 5.04 4.88
0.001112 5.04 4.88
0.001113 4.96 4.88
0.001114 4.88 4.8
0.001115 4.88 4.8
0.001116 4.88 4.8
0.001117 4.88 4.8
0.001118 4.88 4.8
0.001119 4.88 4.8
0.00112 4.8 4.72
0.001121 4.88 4.72
0.001122 4.8 4.72
0.001123 4.8 4.72
0.001124 4.8 4.64
0.001125 4.8 4.64
0.001126 4.8 4.72
0.001127 4.72 4.64
0.001128 4.8 4.64
0.001129 4.72 4.64
0.00113 4.72 4.64
0.001131 4.72 4.64
0.001132 4.72 4.56
0.001133 4.72 4.56
0.001134 4.64 4.56
0.001135 4.64 4.48
0.001136 4.56 4.56
0.001137 4.64 4.48
0.001138 4.56 4.48
0.001139 4.56 4.48
0.00114 4.56 4.4
0.001141 4.56 4.48
0.001142 4.48 4.4
0.001143 4.56 4.48
0.001144 4.4 4.4
0.001145 4.48 4.32
0.001146 4.48 4.4
0.001147 4.48 4.32
0.001148 4.4 4.32
0.001149 4.48 4.32
0.00115 4.4 4.24
0.001151 4.4 4.24
0.001152 4.4 4.24
0.001153 4.32 4.24
0.001154 4.4 4.24
0.001155 4.32 4.16
0.001156 4.32 4.16
0.001157 4.24 4.16
0.001158 4.24 4.16
0.001159 4.24 4.16
0.00116 4.16 4.16
0.001161 4.16 4.08
0.001162 4.16 4.08
0.001163 4.16 4
0.001164 4.08 4.08
0.001165 4.16 4
0.001166 4.08 4.08
0.001167 4.08 3.92
0.001168 4.08 4
0.001169 4.08 3.92
0.00117 4.08 3.92
0.001171 4 3.92
0.001172 3.92 3.92
0.001173 3.92 3.84
0.001174 3.92 3.92
0.001175 3.92 3.84
0.001176 3.92 3.76
0.001177 3.84 3.84
0.001178 3.92 3.76
0.001179 3.92 3.84
0.00118 3.84 3.84
0.001181 3.84 3.68
0.001182 3.76 3.76
0.001183 3.76 3.68
0.001184 3.76 3.68
0.001185 3.76 3.68
0.001186 3.76 3.6
0.001187 3.76 3.6
0.001188 3.68 3.52
0.001189 3.6 3.52
0.00119 3.6 3.6
0.001191 3.6 3.44
0.001192 3.6 3.52
0.001193 3.6 3.44
0.001194 3.6 3.44
0.001195 3.52 3.52
0.001196 3.52 3.36
0.001197 3.44 3.44
0.001198 3.44 3.36
0.001199 3.44 3.28
0.0012 3.44 3.36
0.001201 3.44 3.28
0.001202 3.44 3.28
0.001203 3.44 3.28
0.001204 3.28 3.2
0.001205 3.36 3.28
0.001206 3.28 3.2
0.001207 3.28 3.2
0.001208 3.28 3.2
0.001209 3.2 3.2
0.00121 3.2 3.12
0.001211 3.12 3.04
0.001212 3.2 3.04
0.001213 3.2 3.12
0.001214 3.12 2.96
0.001215 3.12 3.04
0.001216 3.04 2.96
0.001217 3.12 2.96
0.001218 2.96 2.96
0.001219 2.96 2.88
0.00122 2.96 2.88
0.001221 2.96 2.88
0.001222 2.88 2.88
0.001223 2.88 2.8
0.001224 2.88 2.72
0.001225 2.8 2.8
0.001226 2.8 2.72
0.001227 2.8 2.72
0.001228 2.8 2.72
0.001229 2.8 2.64
0.00123 2.72 2.64
0.001231 2.72 2.64
0.001232 2.8 2.64
0.001233 2.72 2.64
0.001234 2.64 2.56
0.001235 2.64 2.56
0.001236 2.56 2.56
0.001237 2.64 2.56
0.001238 2.56 2.56
0.001239 2.48 2.4
0.00124 2.48 2.48
0.001241 2.48 2.4
0.001242 2.48 2.4
0.001243 2.48 2.4
0.001244 2.4 2.32
0.001245 2.4 2.32
0.001246 2.32 2.32
0.001247 2.32 2.24
0.001248 2.24 2.32
0.001249 2.32 2.24
0.00125 2.32 2.16
0.001251 2.24 2.16
0.001252 2.16 2.16
0.001253 2.16 2.16
0.001254 2.16 2.08
0.001255 2.16 2.08
0.001256 2.16 2.08
0.001257 2.16 2
0.001258 2.08 2
0.001259 2.08 2
0.00126 2 1.92
0.001261 2 2
0.001262 2 1.92
0.001263 1.92 1.92
0.001264 1.92 1.84
0.001265 1.92 1.76
0.001266 1.92 1.84
0.001267 1.84 1.76
0.001268 1.84 1.76
0.001269 1.68 1.68
0.00127 1.76 1.68
0.001271 1.68 1.68
0.001272 1.68 1.6
0.001273 1.68 1.6
0.001274 1.6 1.6
0.001275 1.6 1.6
0.001276 1.6 1.6
0.001277 1.52 1.52
0.001278 1.52 1.44
0.001279 1.52 1.52
0.00128 1.52 1.44
0.001281 1.52 1.44
0.001282 1.52 1.36
0.001283 1.44 1.28
0.001284 1.36 1.36
0.001285 1.36 1.36
0.001286 1.36 1.28
0.001287 1.28 1.28
0.001288 1.28 1.2
0.001289 1.28 1.28
0.00129 1.28 1.12
0.001291 1.2 1.2
0.001292 1.2 1.12
0.001293 1.2 1.04
0.001294 1.2 1.12
0.001295 1.12 1.04
0.001296 1.12 0.96
0.001297 1.04 0.96
0.001298 1.04 0.96
0.001299 0.96 0.96
0.0013 0.96 0.96
0.001301 0.96 0.88
0.001302 0.96 0.88
0.001303 0.88 0.8
0.001304 0.88 0.8
0.001305 0.88 0.8
0.001306 0.8 0.72
0.001307 0.8 0.8
0.001308 0.8 0.72
0.001309 0.72 0.72
0.00131 0.72 0.72
0.001311 0.72 0.64
0.001312 0.72 0.64
0.001313 0.64 0.48
0.001314 0.64 0.64
0.001315 0.48 0.56
0.001316 0.56 0.48
0.001317 0.56 0.48
0.001318 0.48 0.4
0.001319 0.48 0.4
0.00132 0.4 0.4
0.001321 0.4 0.4
0.001322 0.4 0.4
0.001323 0.32 0.32
0.001324 0.32 0.32
0.001325 0.24 0.32
0.001326 0.24 0.24
0.001327 0.24 0.24
0.001328 0.24 0.24
0.001329 0.24 0.16
0.00133 0.24 0.16
0.001331 0.08 0.08
0.001332 0.08 0.08
0.001333 0.08 0.08
0.001334 0 0.08
0.001335 0 0
0.001336 0 -0.16
0.001337 -0.16 0
0.001338 0 0
0.001339 -0.16 -0.16
0.00134 -0.16 -0.16
0.001341 -0.16 -0.24
0.001342 -0.16 -0.16
0.001343 -0.24 -0.24
0.001344 -0.24 -0.24
0.001345 -0.32 -0.32
0.001346 -0.32 -0.32
0.001347 -0.4 -0.32
0.001348 -0.4 -0.4
0.001349 -0.4 -0.4
0.00135 -0.4 -0.4
0.001351 -0.48 -0.4
0.001352 -0.48 -0.48
0.001353 -0.48 -0.48
0.001354 -0.48 -0.56
0.001355 -0.48 -0.56
0.001356 -0.64 -0.56
0.001357 -0.64 -0.64
0.001358 -0.64 -0.64
0.001359 -0.64 -0.64
0.00136 -0.72 -0.72
0.001361 -0.72 -0.72
0.001362 -0.72 -0.8
0.001363 -0.8 -0.72
0.001364 -0.8 -0.8
0.001365 -0.8 -0.88
0.001366 -0.8 -0.8
0.001367 -0.8 -0.96
0.001368 -0.96 -0.88
0.001369 -0.96 -0.96
0.00137 -1.04 -0.96
0.001371 -1.04 -0.96
0.001372 -1.04 -1.04
0.001373 -1.04 -0.96
0.001374 -1.04 -1.04
0.001375 -1.12 -1.04
0.001376 -1.12 -1.04
0.001377 -1.12 -1.12
0.001378 -1.12 -1.12
0.001379 -1.2 -1.2
0.00138 -1.28 -1.2
0.001381 -1.28 -1.2
0.001382 -1.28 -1.28
0.001383 -1.36 -1.28
0.001384 -1.36 -1.36
0.001385 -1.36 -1.36
0.001386 -1.44 -1.36
0.001387 -1.44 -1.36
0.001388 -1.44 -1.36
0.001389 -1.44 -1.44
0.00139 -1.44 -1.44
0.001391 -1.44 -1.44
0.001392 -1.6 -1.52
0.001393 -1.6 -1.52
0.001394 -1.6 -1.6
0.001395 -1.68 -1.6
0.001396 -1.68 -1.6
0.001397 -1.68 -1.68
0.001398 -1.76 -1.68
0.001399 -1.76 -1.68
0.0014 -1.76 -1.76
0.001401 -1.76 -1.76
0.001402 -1.76 -1.76
0.001403 -1.84 -1.84
0.001404 -1.84 -1.84
0.001405 -1.92 -1.84
0.001406 -1.84 -1.84
0.001407 -1.92 -1.92
0.001408 -2 -1.92
0.001409 -2 -1.92
0.00141 -2.08 -2
0.001411 -2.08 -2
0.001412 -2.08 -2
0.001413 -2.08 -2
0.001414 -2.08 -2
0.001415 -2.08 -2.08
0.001416 -2.16 -2.08
0.001417 -2.24 -2.16
0.001418 -2.24 -2.24
0.001419 -2.24 -2.16
0.00142 -2.24 -2.24
0.001421 -2.32 -2.24
0.001422 -2.32 -2.32
0.001423 -2.32 -2.32
0.001424 -2.32 -2.24
0.001425 -2.4 -2.32
0.001426 -2.4 -2.4
0.001427 -2.4 -2.32
0.001428 -2.4 -2.48
0.001429 -2.48 -2.48
0.00143 -2.56 -2.48
0.001431 -2.56 -2.56
0.001432 -2.56 -2.48
0.001433 -2.64 -2.56
0.001434 -2.64 -2.56
0.001435 -2.56 -2.56
0.001436 -2.64 -2.64
0.001437 -2.64 -2.64
0.001438 -2.64 -2.64
0.001439 -2.72 -2.64
0.00144 -2.72 -2.72
0.001441 -2.72 -2.8
0.001442 -2.8 -2.72
0.001443 -2.88 -2.8
0.001444 -2.88 -2.8
0.001445 -2.88 -2.8
0.001446 -2.88 -2.88
0.001447 -2.96 -2.88
0.001448 -2.96 -2.88
0.001449 -2.96 -2.88
0.00145 -3.04 -2.88
0.001451 -3.04 -2.96
0.001452 -3.04 -2.96
0.001453 -3.04 -3.04
0.001454 -3.04 -2.96
0.001455 -3.12 -3.04
0.001456 -3.04 -3.12
0.001457 -3.2 -3.04
0.001458 -3.2 -3.12
0.001459 -3.2 -3.12
0.00146 -3.2 -3.12
0.001461 -3.28 -3.2
0.001462 -3.28 -3.2
0.001463 -3.28 -3.2
0.001464 -3.28 -3.2
0.001465 -3.36 -3.2
0.001466 -3.36 -3.28
0.001467 -3.36 -3.28
0.001468 -3.36 -3.36
0.001469 -3.36 -3.36
0.00147 -3.44 -3.36
0.001471 -3.52 -3.44
0.001472 -3.52 -3.44
0.001473 -3.52 -3.44
0.001474 -3.52 -3.52
0.001475 -3.6 -3.44
0.001476 -3.52 -3.52
0.001477 -3.6 -3.52
0.001478 -3.68 -3.52
0.001479 -3.68 -3.6
0.00148 -3.68 -3.52
0.001481 -3.68 -3.6
0.001482 -3.68 -3.68
0.001483 -3.68 -3.68
0.001484 -3.84 -3.68
0.001485 -3.84 -3.68
0.001486 -3.76 -3.68
0.001487 -3.84 -3.76
0.001488 -3.84 -3.76
0.001489 -3.92 -3.84
0.00149 -3.92 -3.76
0.001491 -3.92 -3.76
0.001492 -3.92 -3.92
0.001493 -3.92 -3.84
0.001494 -3.92 -3.92
0.001495 -4 -3.92
0.001496 -4 -3.92
0.001497 -4 -3.92
0.001498 -4 -3.92
0.001499 -4 -4
0.0015 -4.08 -4
0.001501 -4 -4
0.001502 -4.08 -4
0.001503 -4.16 -4
0.001504 -4.16 -4.08
0.001505 -4.16 -4.08
0.001506 -4.16 -4.08
0.001507 -4.24 -4.16
0.001508 -4.24 -4.16
0.001509 -4.24 -4.16
0.00151 -4.24 -4.16
0.001511 -4.24 -4.16
0.001512 -4.32 -4.24
0.001513 -4.32 -4.24
0.001514 -4.32 -4.24
0.001515 -4.32 -4.24
0.001516 -4.32 -4.24
0.001517 -4.48 -4.32
0.001518 -4.32 -4.32
0.001519 -4.32 -4.32
0.00152 -4.4 -4.4
0.001521 -4.48 -4.32
0.001522 -4.48 -4.4
0.001523 -4.48 -4.32
0.001524 -4.48 -4.4
0.001525 -4.56 -4.48
0.001526 -4.48 -4.4
0.001527 -4.56 -4.48
0.001528 -4.56 -4.48
0.001529 -4.56 -4.56
0.00153 -4.56 -4.56
0.001531 -4.64 -4.48
0.001532 -4.64 -4.56
0.001533 -4.64 -4.56
0.001534 -4.64 -4.56
0.001535 -4.72 -4.64
0.001536 -4.64 -4.64
0.001537 -4.72 -4.64
0.001538 -4.8 -4.64
0.001539 -4.8 -4.64
0.00154 -4.8 -4.72
0.001541 -4.8 -4.72
0.001542 -4.8 -4.72
0.001543 -4.88 -4.72
0.001544 -4.8 -4.72
0.001545 -4.8 -4.8
0.001546 -4.88 -4.72
0.001547 -4.88 -4.8
0.001548 -4.96 -4.8
0.001549 -4.96 -4.8
0.00155 -4.88 -4.8
0.001551 -4.96 -4.88
0.001552 -4.96 -4.8
0.001553 -4.96 -4.88
0.001554 -4.96 -4.88
0.001555 -4.96 -4.88
0.001556 -4.96 -4.88
0.001557 -4.96 -4.88
0.001558 -5.04 -4.96
0.001559 -4.96 -4.88
0.00156 -5.12 -4.96
0.001561 -5.12 -4.96
0.001562 -5.12 -5.04
0.001563 -5.12 -4.96
0.001564 -5.12 -4.96
0.001565 -5.12 -5.04
0.001566 -5.12 -5.04
0.001567 -5.2 -5.04
0.001568 -5.2 -5.12
0.001569 -5.2 -5.04
0.00157 -5.2 -5.12
0.001571 -5.2 -5.12
0.001572 -5.2 -5.12
0.001573 -5.2 -5.12
0.001574 -5.28 -5.12
0.001575 -5.28 -5.12
0.001576 -5.28 -5.2
0.001577 -5.28 -5.12
0.001578 -5.28 -5.2
0.001579 -5.28 -5.12
0.00158 -5.28 -5.2
0.001581 -5.28 -5.2
0.001582 -5.36 -5.2
0.001583 -5.28 -5.2
0.001584 -5.36 -5.2
0.001585 -5.44 -5.28
0.001586 -5.36 -5.2
0.001587 -5.36 -5.2
0.001588 -5.44 -5.28
0.001589 -5.44 -5.28
0.00159 -5.44 -5.28
0.001591 -5.36 -5.36
0.001592 -5.44 -5.28
0.001593 -5.44 -5.28
0.001594 -5.52 -5.36
0.001595 -5.44 -5.28
0.001596 -5.44 -5.36
0.001597 -5.52 -5.36
0.001598 -5.52 -5.36
0.001599 -5.52 -5.44
0.0016 -5.52 -5.36
0.001601 -5.52 -5.36
0.001602 -5.52 -5.36
0.001603 -5.6 -5.36
0.001604 -5.52 -5.44
0.001605 -5.52 -5.36
0.001606 -5.6 -5.44
0.001607 -5.6 -5.44
0.001608 -5.6 -5.44
0.001609 -5.6 -5.52
0.00161 -5.6 -5.44
0.001611 -5.6 -5.52
0.001612 -5.6 -5.52
0.001613 -5.6 -5.44
0.001614 -5.6 -5.44
0.001615 -5.6 -5.44
0.001616 -5.6 -5.52
0.001617 -5.6 -5.52
0.001618 -5.6 -5.52
0.001619 -5.6 -5.52
0.00162 -5.6 -5.52
0.001621 -5.6 -5.52
0.001622 -5.76 -5.6
0.001623 -5.68 -5.52
0.001624 -5.76 -5.6
0.001625 -5.76 -5.52
0.001626 -5.76 -5.6
0.001627 -5.68 -5.68
0.001628 -5.68 -5.52
0.001629 -5.76 -5.6
0.00163 -5.76 -5.52
0.001631 -5.76 -5.52
0.001632 -5.76 -5.6
0.001633 -5.76 -5.6
0.001634 -5.76 -5.68
0.001635 -5.76 -5.52
0.001636 -5.76 -5.6
0.001637 -5.76 -5.68
0.001638 -5.84 -5.68
0.001639 -5.76 -5.68
0.00164 -5.76 -5.68
0.001641 -5.76 -5.68
0.001642 -5.84 -5.68
0.001643 -5.76 -5.6
0.001644 -5.76 -5.68
0.001645 -5.76 -5.68
0.001646 -5.84 -5.68
0.001647 -5.76 -5.68
0.001648 -5.84 -5.68
0.001649 -5.84 -5.68
0.00165 -5.84 -5.68
0.001651 -5.84 -5.68
0.001652 -5.84 -5.76
0.001653 -5.84 -5.76
0.001654 -5.84 -5.68
0.001655 -5.84 -5.68
0.001656 -5.76 -5.68
0.001657 -5.84 -5.68
0.001658 -5.84 -5.68
0.001659 -5.84 -5.68
0.00166 -5.84 -5.76
0.001661 -5.84 -5.68
0.001662 -5.84 -5.76
0.001663 -5.84 -5.68
0.001664 -5.84 -5.68
0.001665 -5.84 -5.76
0.001666 -5.84 -5.68
0.001667 -5.84 -5.68
0.001668 -5.84 -5.68
0.001669 -5.84 -5.68
0.00167 -5.84 -5.76
0.001671 -5.84 -5.76
0.001672 -5.92 -5.68
0.001673 -5.84 -5.76
0.001674 -5.84 -5.68
0.001675 -5.84 -5.76
0.001676 -5.84 -5.68
0.001677 -5.84 -5.68
0.001678 -5.84 -5.76
0.001679 -5.84 -5.68
0.00168 -5.84 -5.76
0.001681 -5.84 -5.76
0.001682 -5.84 -5.76
0.001683 -5.84 -5.76
0.001684 -5.84 -5.68
0.001685 -5.84 -5.76
0.001686 -5.84 -5.76
0.001687 -5.84 -5.68
0.001688 -5.84 -5.76
0.001689 -5.76 -5.68
0.00169 -5.84 -5.76
0.001691 -5.84 -5.68
0.001692 -5.84 -5.68
0.001693 -5.84 -5.76
0.001694 -5.84 -5.68
0.001695 -5.84 -5.68
0.001696 -5.84 -5.68
0.001697 -5.84 -5.6
0.001698 -5.76 -5.68
0.001699 -5.84 -5.6
0.0017 -5.84 -5.68
0.001701 -5.76 -5.68
0.001702 -5.84 -5.6
0.001703 -5.76 -5.68
0.001704 -5.84 -5.68
0.001705 -5.84 -5.68
0.001706 -5.84 -5.68
0.001707 -5.76 -5.6
0.001708 -5.84 -5.68
0.001709 -5.76 -5.6
0.00171 -5.76 -5.68
0.001711 -5.76 -5.6
0.001712 -5.76 -5.52
0.001713 -5.76 -5.6
0.001714 -5.76 -5.6
0.001715 -5.76 -5.68
0.001716 -5.76 -5.6
0.001717 -5.76 -5.6
0.001718 -5.68 -5.68
0.001719 -5.76 -5.6
0.00172 -5.76 -5.6
0.001721 -5.76 -5.52
0.001722 -5.76 -5.52
0.001723 -5.68 -5.52
0.001724 -5.6 -5.52
0.001725 -5.68 -5.52
0.001726 -5.6 -5.52
0.001727 -5.68 -5.52
0.001728 -5.6 -5.52
0.001729 -5.6 -5.52
0.00173 -5.68 -5.52
0.001731 -5.6 -5.52
0.001732 -5.6 -5.52
0.001733 -5.6 -5.44
0.001734 -5.6 -5.52
0.001735 -5.6 -5.44
0.001736 -5.6 -5.44
0.001737 -5.6 -5.52
0.001738 -5.6 -5.44
0.001739 -5.6 -5.52
0.00174 -5.6 -5.36
0.001741 -5.6 -5.44
0.001742 -5.6 -5.44
0.001743 -5.52 -5.36
0.001744 -5.52 -5.44
0.001745 -5.6 -5.36
0.001746 -5.52 -5.36
0.001747 -5.52 -5.44
0.001748 -5.52 -5.36
0.001749 -5.52 -5.36
0.00175 -5.44 -5.36
0.001751 -5.52 -5.36
0.001752 -5.44 -5.36
0.001753 -5.44 -5.28
0.001754 -5.44 -5.36
0.001755 -5.44 -5.2
0.001756 -5.44 -5.28
0.001757 -5.44 -5.36
0.001758 -5.44 -5.2
0.001759 -5.44 -5.2
0.00176 -5.44 -5.2
0.001761 -5.36 -5.2
0.001762 -5.44 -5.28
0.001763 -5.36 -5.2
0.001764 -5.36 -5.2
0.001765 -5.28 -5.12
0.001766 -5.36 -5.12
0.001767 -5.28 -5.2
0.001768 -5.28 -5.12
0.001769 -5.28 -5.12
0.00177 -5.28 -5.12
0.001771 -5.28 -5.12
0.001772 -5.28 -5.12
0.001773 -5.28 -5.12
0.001774 -5.2 -5.12
0.001775 -5.2 -5.04
0.001776 -5.2 -5.04
0.001777 -5.2 -5.04
0.001778 -5.2 -4.96
0.001779 -5.2 -5.04
0.00178 -5.12 -5.04
0.001781 -5.12 -5.04
0.001782 -5.12 -5.04
0.001783 -5.12 -4.96
0.001784 -5.12 -4.96
0.001785 -5.12 -4.96
0.001786 -5.12 -4.88
0.001787 -5.12 -4.88
0.001788 -5.12 -4.96
0.001789 -5.04 -4.96
0.00179 -4.96 -4.88
0.001791 -4.96 -4.88
0.001792 -4.96 -4.88
0.001793 -4.96 -4.88
0.001794 -4.96 -4.88
0.001795 -4.96 -4.88
0.001796 -4.96 -4.8
0.001797 -4.96 -4.8
0.001798 -4.96 -4.8
0.001799 -4.96 -4.8
0.0018 -4.88 -4.8
0.001801 -4.88 -4.8
0.001802 -4.88 -4.72
0.001803 -4.88 -4.72
0.001804 -4.88 -4.72
0.001805 -4.88 -4.64
0.001806 -4.8 -4.64
0.001807 -4.8 -4.64
0.001808 -4.8 -4.64
0.001809 -4.8 -4.56
0.00181 -4.8 -4.56
0.001811 -4.72 -4.56
0.001812 -4.64 -4.48
0.001813 -4.64 -4.56
0.001814 -4.64 -4.48
0.001815 -4.64 -4.56
0.001816 -4.64 -4.48
0.001817 -4.64 -4.4
0.001818 -4.64 -4.48
0.001819 -4.56 -4.48
0.00182 -4.64 -4.48
0.001821 -4.64 -4.4
0.001822 -4.56 -4.4
0.001823 -4.56 -4.4
0.001824 -4.48 -4.4
0.001825 -4.48 -4.4
0.001826 -4.48 -4.32
0.001827 -4.48 -4.24
0.001828 -4.4 -4.32
0.001829 -4.48 -4.24
0.00183 -4.32 -4.24
0.001831 -4.32 -4.24
0.001832 -4.32 -4.24
0.001833 -4.32 -4.24
0.001834 -4.32 -4.16
0.001835 -4.32 -4.16
0.001836 -4.32 -4.16
0.001837 -4.32 -4.16
0.001838 -4.16 -4.16
0.001839 -4.16 -4.08
0.00184 -4.24 -4.08
0.001841 -4.16 -4.16
0.001842 -4.16 -4
0.001843 -4.16 -4
0.001844 -4.08 -4
0.001845 -4.08 -3.92
0.001846 -4.16 -4
0.001847 -4 -4
0.001848 -4 -3.92
0.001849 -4 -3.92
0.00185 -4 -3.92
0.001851 -4 -3.92
0.001852 -4 -3.84
0.001853 -4 -3.84
0.001854 -4 -3.84
0.001855 -3.92 -3.76
0.001856 -3.92 -3.84
0.001857 -3.84 -3.84
0.001858 -3.84 -3.76
0.001859 -3.84 -3.76
0.00186 -3.76 -3.68
0.001861 -3.76 -3.76
0.001862 -3.84 -3.68
0.001863 -3.84 -3.6
0.001864 -3.76 -3.6
0.001865 -3.68 -3.52
0.001866 -3.68 -3.6
0.001867 -3.68 -3.6
0.001868 -3.6 -3.52
0.001869 -3.68 -3.52
0.00187 -3.6 -3.44
0.001871 -3.6 -3.52
0.001872 -3.6 -3.52
0.001873 -3.6 -3.44
0.001874 -3.52 -3.44
0.001875 -3.52 -3.36
0.001876 -3.52 -3.36
0.001877 -3.44 -3.36
0.001878 -3.44 -3.28
0.001879 -3.36 -3.36
0.00188 -3.36 -3.2
0.001881 -3.36 -3.28
0.001882 -3.36 -3.2
0.001883 -3.28 -3.2
0.001884 -3.28 -3.2
0.001885 -3.28 -3.2
0.001886 -3.28 -3.12
0.001887 -3.28 -3.12
0.001888 -3.2 -3.04
0.001889 -3.2 -3.12
0.00189 -3.2 -3.04
0.001891 -3.2 -3.04
0.001892 -3.04 -2.96
0.001893 -3.04 -2.96
0.001894 -3.04 -2.96
0.001895 -3.04 -2.96
0.001896 -3.04 -2.96
0.001897 -3.04 -2.88
0.001898 -3.04 -2.88
0.001899 -2.88 -2.88
0.0019 -2.96 -2.8
0.001901 -2.96 -2.8
0.001902 -2.88 -2.8
0.001903 -2.88 -2.72
0.001904 -2.88 -2.72
0.001905 -2.72 -2.72
0.001906 -2.72 -2.64
0.001907 -2.72 -2.56
0.001908 -2.72 -2.64
0.001909 -2.72 -2.64
0.00191 -2.64 -2.64
0.001911 -2.72 -2.48
0.001912 -2.64 -2.56
0.001913 -2.64 -2.56
0.001914 -2.56 -2.48
0.001915 -2.64 -2.48
0.001916 -2.56 -2.4
0.001917 -2.56 -2.4
0.001918 -2.48 -2.4
0.001919 -2.4 -2.32
0.00192 -2.4 -2.32
0.001921 -2.4 -2.32
0.001922 -2.4 -2.32
0.001923 -2.4 -2.32
0.001924 -2.4 -2.24
0.001925 -2.4 -2.24
0.001926 -2.32 -2.16
0.001927 -2.32 -2.16
0.001928 -2.32 -2.16
0.001929 -2.24 -2.08
0.00193 -2.24 -2.16
0.001931 -2.16 -2
0.001932 -2.08 -2.08
0.001933 -2.08 -2
0.001934 -2.08 -2
0.001935 -2.08 -2
0.001936 -2 -1.92
0.001937 -2 -1.92
0.001938 -2 -2
0.001939 -2 -1.84
0.00194 -1.92 -1.84
0.001941 -1.92 -1.76
0.001942 -1.92 -1.76
0.001943 -1.92 -1.84
0.001944 -1.76 -1.68
0.001945 -1.84 -1.76
0.001946 -1.76 -1.68
0.001947 -1.76 -1.68
0.001948 -1.76 -1.68
0.001949 -1.68 -1.6
0.00195 -1.68 -1.6
0.001951 -1.68 -1.52
0.001952 -1.68 -1.6
0.001953 -1.6 -1.52
0.001954 -1.6 -1.52
0.001955 -1.6 -1.52
0.001956 -1.6 -1.44
0.001957 -1.52 -1.44
0.001958 -1.44 -1.44
0.001959 -1.44 -1.36
0.00196 -1.44 -1.36
0.001961 -1.44 -1.36
0.001962 -1.36 -1.36
0.001963 -1.36 -1.36
0.001964 -1.36 -1.28
0.001965 -1.28 -1.2
0.001966 -1.28 -1.2
0.001967 -1.28 -1.2
0.001968 -1.2 -1.12
0.001969 -1.12 -1.12
0.00197 -1.12 -1.04
0.001971 -1.12 -1.04
0.001972 -1.12 -1.04
0.001973 -1.12 -1.04
0.001974 -1.12 -0.96
0.001975 -1.04 -0.96
0.001976 -1.04 -0.96
0.001977 -1.04 -0.88
0.001978 -1.04 -0.88
0.001979 -0.96 -0.88
0.00198 -0.96 -0.8
0.001981 -0.88 -0.88
0.001982 -0.8 -0.72
0.001983 -0.8 -0.72
0.001984 -0.8 -0.8
0.001985 -0.8 -0.64
0.001986 -0.8 -0.72
0.001987 -0.72 -0.64
0.001988 -0.64 -0.64
0.001989 -0.64 -0.64
0.00199 -0.64 -0.56
0.001991 -0.64 -0.64
0.001992 -0.56 -0.56
0.001993 -0.56 -0.4
0.001994 -0.48 -0.56
0.001995 -0.48 -0.4
0.001996 -0.48 -0.48
0.001997 -0.4 -0.4
0.001998 -0.48 -0.32
0.001999 -0.4 -0.4
0.002 -0.4 -0.24
0.002001 -0.32 -0.32
0.002002 -0.32 -0.24
0.002003 -0.32 -0.16
0.002004 -0.24 -0.24
0.002005 -0.24 -0.16
0.002006 -0.16 -0.16
0.002007 -0.16 -0.16
0.002008 -0.16 0
0.002009 -0.16 0
0.00201 0 0
0.002011 0 0
0.002012 0 0.08
0.002013 0 0.16
0.002014 0.08 0.08
0.002015 0.08 0.16
0.002016 0.08 0.08
0.002017 0.08 0.16
0.002018 0.24 0.32
0.002019 0.24 0.24
0.00202 0.24 0.32
0.002021 0.24 0.32
0.002022 0.32 0.32
0.002023 0.32 0.4
0.002024 0.32 0.32
0.002025 0.32 0.4
0.002026 0.4 0.48
0.002027 0.4 0.4
0.002028 0.4 0.48
0.002029 0.4 0.48
0.00203 0.56 0.56
0.002031 0.56 0.56
0.002032 0.56 0.64
0.002033 0.56 0.64
0.002034 0.56 0.64
0.002035 0.64 0.64
0.002036 0.64 0.64
0.002037 0.72 0.72
0.002038 0.72 0.72
0.002039 0.72 0.8
0.00204 0.72 0.8
0.002041 0.88 0.8
0.002042 0.88 0.8
0.002043 0.88 0.88
0.002044 0.88 0.96
0.002045 0.88 0.96
0.002046 0.88 0.96
0.002047 0.96 0.96
0.002048 0.96 0.96
0.002049 1.04 1.04
0.00205 1.04 1.04
0.002051 1.04 1.12
0.002052 1.12 1.12
0.002053 1.12 1.04
0.002054 1.2 1.2
0.002055 1.2 1.12
0.002056 1.2 1.28
0.002057 1.2 1.2
0.002058 1.28 1.28
0.002059 1.28 1.28
0.00206 1.28 1.28
0.002061 1.36 1.36
0.002062 1.36 1.36
0.002063 1.36 1.36
0.002064 1.44 1.44
0.002065 1.36 1.44
0.002066 1.44 1.44
0.002067 1.52 1.52
0.002068 1.52 1.44
0.002069 1.52 1.6
0.00207 1.52 1.52
0.002071 1.6 1.6
0.002072 1.6 1.6
0.002073 1.6 1.6
0.002074 1.68 1.68
0.002075 1.68 1.68
0.002076 1.68 1.68
0.002077 1.68 1.76
0.002078 1.84 1.68
0.002079 1.84 1.92
0.00208 1.84 1.76
0.002081 1.84 1.84
0.002082 1.84 1.84
0.002083 1.92 1.84
0.002084 1.92 1.92
0.002085 1.92 1.92
0.002086 1.92 2
0.002087 2 2
0.002088 2 2
0.002089 2 2.08
0.00209 2 2.08
0.002091 2.08 2.16
0.002092 2.16 2.08
0.002093 2.16 2.16
0.002094 2.16 2.24
0.002095 2.24 2.16
0.002096 2.24 2.24
0.002097 2.24 2.24
0.002098 2.32 2.32
0.002099 2.32 2.32
0.0021 2.32 2.32
0.002101 2.32 2.4
0.002102 2.4 2.4
0.002103 2.32 2.4
0.002104 2.48 2.4
0.002105 2.48 2.4
0.002106 2.48 2.4
0.002107 2.48 2.48
0.002108 2.48 2.48
0.002109 2.56 2.56
0.00211 2.56 2.56
0.002111 2.64 2.56
0.002112 2.56 2.56
0.002113 2.64 2.64
0.002114 2.64 2.64
0.002115 2.72 2.64
0.002116 2.72 2.72
0.002117 2.72 2.72
0.002118 2.8 2.8
0.002119 2.8 2.72
0.00212 2.8 2.8
0.002121 2.8 2.8
0.002122 2.88 2.88
0.002123 2.88 2.88
0.002124 2.88 2.88
0.002125 2.96 2.96
0.002126 2.88 2.88
0.002127 2.96 2.96
0.002128 3.04 2.96
0.002129 3.04 2.96
0.00213 3.12 3.04
0.002131 3.04 2.96
0.002132 3.12 3.04
0.002133 3.12 3.04
0.002134 3.12 3.04
0.002135 3.12 3.12
0.002136 3.2 3.12
0.002137 3.12 3.12
0.002138 3.2 3.2
0.002139 3.2 3.2
0.00214 3.28 3.28
0.002141 3.28 3.28
0.002142 3.28 3.28
0.002143 3.28 3.28
0.002144 3.36 3.28
0.002145 3.36 3.36
0.002146 3.44 3.28
0.002147 3.44 3.36
0.002148 3.44 3.44
0.002149 3.44 3.44
0.00215 3.52 3.44
0.002151 3.52 3.52
0.002152 3.6 3.52
0.002153 3.52 3.52
0.002154 3.6 3.52
0.002155 3.6 3.52
0.002156 3.6 3.6
0.002157 3.6 3.52
0.002158 3.68 3.68
0.002159 3.76 3.6
0.00216 3.68 3.68
0.002161 3.68 3.68
0.002162 3.76 3.68
0.002163 3.76 3.68
0.002164 3.76 3.68
0.002165 3.84 3.68
0.002166 3.84 3.76
0.002167 3.84 3.76
0.002168 3.84 3.84
0.002169 3.84 3.84
0.00217 3.84 3.84
0.002171 3.92 3.84
0.002172 3.92 3.84
0.002173 3.92 3.92
0.002174 3.92 3.92
0.002175 3.92 3.92
0.002176 4.08 4
0.002177 4.08 3.92
0.002178 4.08 4
0.002179 4.08 4
0.00218 4.08 4
0.002181 4.08 4.08
0.002182 4.08 4
0.002183 4.08 4
0.002184 4.08 4.08
0.002185 4.16 4.08
0.002186 4.08 4.16
0.002187 4.24 4.16
0.002188 4.16 4.16
0.002189 4.24 4.16
0.00219 4.24 4.16
0.002191 4.24 4.24
0.002192 4.24 4.24
0.002193 4.24 4.24
0.002194 4.24 4.32
0.002195 4.4 4.24
0.002196 4.4 4.32
0.002197 4.4 4.32
0.002198 4.4 4.32
0.002199 4.48 4.4
0.0022 4.48 4.4
0.002201 4.48 4.4
0.002202 4.48 4.4
0.002203 4.48 4.4
0.002204 4.48 4.48
0.002205 4.56 4.48
0.002206 4.56 4.48
0.002207 4.56 4.48
0.002208 4.56 4.48
0.002209 4.56 4.56
0.00221 4.56 4.56
0.002211 4.64 4.56
0.002212 4.64 4.56
0.002213 4.72 4.56
0.002214 4.72 4.64
0.002215 4.72 4.56
0.002216 4.72 4.64
0.002217 4.72 4.64
0.002218 4.72 4.64
0.002219 4.72 4.64
0.00222 4.72 4.72
0.002221 4.8 4.72
0.002222 4.72 4.72
0.002223 4.8 4.72
0.002224 4.8 4.8
0.002225 4.8 4.72
0.002226 4.88 4.72
0.002227 4.88 4.8
0.002228 4.88 4.8
0.002229 4.88 4.8
0.00223 4.88 4.88
0.002231 4.96 4.8
0.002232 4.88 4.88
0.002233 4.96 4.88
0.002234 4.96 4.88
0.002235 4.96 4.88
0.002236 5.04 4.88
0.002237 5.04 4.96
0.002238 5.04 4.96
0.002239 5.04 4.96
0.00224 5.04 5.04
0.002241 5.04 4.88
0.002242 5.04 5.04
0.002243 5.04 4.96
0.002244 5.04 4.96
0.002245 5.04 5.04
0.002246 5.04 4.96
0.002247 5.12 5.04
0.002248 5.12 5.04
0.002249 5.12 5.04
0.00225 5.12 5.12
0.002251 5.12 5.04
0.002252 5.12 5.12
0.002253 5.12 5.12
0.002254 5.2 5.12
0.002255 5.2 5.12
0.002256 5.2 5.04
0.002257 5.2 5.12
0.002258 5.2 5.12
0.002259 5.2 5.12
0.00226 5.2 5.12
0.002261 5.2 5.2
0.002262 5.28 5.2
0.002263 5.36 5.2
0.002264 5.36 5.12
0.002265 5.36 5.2
0.002266 5.36 5.2
0.002267 5.36 5.2
0.002268 5.36 5.2
0.002269 5.36 5.2
0.00227 5.36 5.28
0.002271 5.36 5.2
0.002272 5.36 5.28
0.002273 5.36 5.28
0.002274 5.44 5.28
0.002275 5.36 5.28
0.002276 5.44 5.28
0.002277 5.36 5.28
0.002278 5.44 5.36
0.002279 5.44 5.28
0.00228 5.44 5.28
0.002281 5.44 5.36
0.002282 5.44 5.44
0.002283 5.44 5.36
0.002284 5.44 5.44
0.002285 5.44 5.44
0.002286 5.44 5.44
0.002287 5.44 5.36
0.002288 5.52 5.44
0.002289 5.52 5.44
0.00229 5.52 5.44
0.002291 5.52 5.44
0.002292 5.52 5.44
0.002293 5.52 5.44
0.002294 5.52 5.52
0.002295 5.52 5.44
0.002296 5.52 5.44
0.002297 5.52 5.44
0.002298 5.52 5.44
0.002299 5.52 5.52
0.0023 5.52 5.44
0.002301 5.52 5.44
0.002302 5.52 5.44
0.002303 5.52 5.52
0.002304 5.52 5.52
0.002305 5.6 5.44
0.002306 5.52 5.52
0.002307 5.68 5.44
0.002308 5.6 5.52
0.002309 5.68 5.52
0.00231 5.6 5.44
0.002311 5.68 5.52
0.002312 5.68 5.52
0.002313 5.68 5.52
0.002314 5.68 5.6
0.002315 5.68 5.52
0.002316 5.68 5.52
0.002317 5.68 5.52
0.002318 5.68 5.52
0.002319 5.68 5.6
0.00232 5.68 5.52
0.002321 5.68 5.6
0.002322 5.68 5.52
0.002323 5.68 5.52
0.002324 5.68 5.6
0.002325 5.76 5.52
0.002326 5.68 5.6
0.002327 5.68 5.52
0.002328 5.68 5.6
0.002329 5.68 5.6
0.00233 5.68 5.52
0.002331 5.68 5.6
0.002332 5.68 5.52
0.002333 5.68 5.6
0.002334 5.68 5.6
0.002335 5.68 5.52
0.002336 5.68 5.6
0.002337 5.68 5.6
0.002338 5.68 5.6
0.002339 5.76 5.6
0.00234 5.68 5.52
0.002341 5.68 5.6
0.002342 5.68 5.6
0.002343 5.68 5.6
0.002344 5.68 5.6
0.002345 5.68 5.6
0.002346 5.68 5.6
0.002347 5.76 5.6
0.002348 5.76 5.6
0.002349 5.76 5.6
0.00235 5.68 5.6
0.002351 5.68 5.6
0.002352 5.76 5.52
0.002353 5.68 5.52
0.002354 5.68 5.6
0.002355 5.68 5.6
0.002356 5.68 5.52
0.002357 5.68 5.6
0.002358 5.68 5.52
0.002359 5.68 5.52
0.00236 5.68 5.52
0.002361 5.68 5.52
0.002362 5.68 5.6
0.002363 5.68 5.6
0.002364 5.68 5.52
0.002365 5.68 5.6
0.002366 5.68 5.52
0.002367 5.68 5.6
0.002368 5.68 5.52
0.002369 5.68 5.52
0.00237 5.6 5.52
0.002371 5.68 5.44
0.002372 5.68 5.52
0.002373 5.68 5.52
0.002374 5.68 5.44
0.002375 5.68 5.52
0.002376 5.68 5.52
0.002377 5.68 5.52
0.002378 5.6 5.52
0.002379 5.6 5.44
0.00238 5.68 5.52
0.002381 5.68 5.52
0.002382 5.6 5.52
0.002383 5.52 5.52
0.002384 5.52 5.44
0.002385 5.6 5.52
0.002386 5.6 5.44
0.002387 5.52 5.44
0.002388 5.68 5.44
0.002389 5.52 5.44
0.00239 5.52 5.52
0.002391 5.6 5.44
0.002392 5.52 5.52
0.002393 5.52 5.44
0.002394 5.52 5.44
0.002395 5.52 5.52
0.002396 5.52 5.44
0.002397 5.52 5.44
0.002398 5.52 5.44
0.002399 5.52 5.44
0.0024 5.52 5.44
0.002401 5.44 5.44
0.002402 5.52 5.44
0.002403 5.44 5.36
0.002404 5.44 5.36
0.002405 5.44 5.36
0.002406 5.44 5.28
0.002407 5.44 5.36
0.002408 5.52 5.36
0.002409 5.44 5.36
0.00241 5.44 5.36
0.002411 5.44 5.28
0.002412 5.44 5.28
0.002413 5.44 5.28
0.002414 5.44 5.28
0.002415 5.44 5.28
0.002416 5.36 5.28
0.002417 5.36 5.28
0.002418 5.36 5.28
0.002419 5.36 5.28
0.00242 5.36 5.2
0.002421 5.36 5.2
0.002422 5.36 5.2
0.002423 5.36 5.2
0.002424 5.36 5.2
0.002425 5.28 5.2
0.002426 5.28 5.2
0.002427 5.2 5.12
0.002428 5.36 5.2
0.002429 5.36 5.2
0.00243 5.28 5.12
0.002431 5.2 5.12
0.002432 5.2 5.12
0.002433 5.2 5.12
0.002434 5.2 5.12
0.002435 5.2 5.12
0.002436 5.2 5.04
0.002437 5.12 5.04
0.002438 5.12 5.04
0.002439 5.12 5.12
0.00244 5.12 4.96
0.002441 5.12 5.04
0.002442 5.12 5.04
0.002443 5.12 4.96
0.002444 5.04 5.04
0.002445 5.04 4.88
0.002446 5.04 4.96
0.002447 5.04 4.96
0.002448 5.04 4.96
0.002449 5.04 4.96
0.00245 5.04 4.88
0.002451 5.04 4.96
0.002452 5.04 4.88
0.002453 4.96 4.8
0.002454 4.96 4.88
0.002455 5.04 4.8
0.002456 4.96 4.88
0.002457 4.88 4.8
0.002458 4.88 4.8
0.002459 4.88 4.8
0.00246 4.88 4.8
0.002461 4.88 4.8
0.002462 4.88 4.8
0.002463 4.88 4.72
0.002464 4.8 4.72
0.002465 4.8 4.72
0.002466 4.8 4.64
0.002467 4.8 4.72
0.002468 4.8 4.64
0.002469 4.72 4.64
0.00247 4.72 4.64
0.002471 4.8 4.64
0.002472 4.72 4.64
0.002473 4.72 4.56
0.002474 4.72 4.56
0.002475 4.72 4.56
0.002476 4.72 4.56
0.002477 4.64 4.56
0.002478 4.64 4.48
0.002479 4.56 4.48
0.00248 4.56 4.48
0.002481 4.56 4.48
0.002482 4.56 4.48
0.002483 4.56 4.4
0.002484 4.56 4.4
0.002485 4.56 4.4
0.002486 4.48 4.4
0.002487 4.48 4.4
0.002488 4.48 4.32
0.002489 4.48 4.32
0.00249 4.4 4.24
0.002491 4.4 4.24
0.002492 4.4 4.32
0.002493 4.4 4.24
0.002494 4.32 4.24
0.002495 4.4 4.24
0.002496 4.32 4.24
0.002497 4.24 4.24
0.002498 4.32 4.16
0.002499 4.24 4.16
0.0025 4.24 4.16
0.002501 4.24 4.16
0.002502 4.24 4.16
0.002503 4.16 4.08
0.002504 4.16 4.08
0.002505 4.16 4.08
0.002506 4.16 4
0.002507 4.08 4.08
0.002508 4.08 4
0.002509 4.08 4
0.00251 4.08 4
0.002511 4.08 3.92
0.002512 4.08 3.92
0.002513 4.08 3.92
0.002514 4 3.92
0.002515 4 3.92
0.002516 3.92 3.84
0.002517 3.92 3.84
0.002518 3.84 3.84
0.002519 3.92 3.84
0.00252 3.84 3.84
0.002521 3.84 3.76
0.002522 3.84 3.76
0.002523 3.76 3.68
0.002524 3.76 3.68
0.002525 3.76 3.76
0.002526 3.76 3.6
0.002527 3.76 3.68
0.002528 3.76 3.68
0.002529 3.68 3.6
0.00253 3.76 3.6
0.002531 3.68 3.52
0.002532 3.68 3.52
0.002533 3.6 3.52
0.002534 3.6 3.52
0.002535 3.6 3.52
0.002536 3.6 3.44
0.002537 3.52 3.44
0.002538 3.52 3.44
0.002539 3.44 3.44
0.00254 3.44 3.36
0.002541 3.44 3.36
0.002542 3.44 3.36
0.002543 3.44 3.36
0.002544 3.44 3.36
0.002545 3.44 3.28
0.002546 3.28 3.2
0.002547 3.28 3.28
0.002548 3.28 3.28
0.002549 3.28 3.2
0.00255 3.2 3.12
0.002551 3.28 3.2
0.002552 3.2 3.12
0.002553 3.2 3.2
0.002554 3.12 3.12
0.002555 3.12 3.04
0.002556 3.12 3.04
0.002557 3.12 2.96
0.002558 3.12 3.04
0.002559 3.04 3.04
0.00256 3.04 2.88
0.002561 2.96 2.96
0.002562 3.04 2.88
0.002563 2.96 2.96
0.002564 2.96 2.88
0.002565 2.88 2.8
0.002566 2.88 2.8
0.002567 2.8 2.8
0.002568 2.8 2.8
0.002569 2.8 2.72
0.00257 2.8 2.72
0.002571 2.8 2.72
0.002572 2.8 2.64
0.002573 2.8 2.64
0.002574 2.64 2.64
0.002575 2.64 2.56
0.002576 2.64 2.64
0.002577 2.56 2.48
0.002578 2.56 2.56
0.002579 2.56 2.56
0.00258 2.56 2.48
0.002581 2.56 2.48
0.002582 2.48 2.4
0.002583 2.48 2.48
0.002584 2.48 2.32
0.002585 2.48 2.4
0.002586 2.48 2.32
0.002587 2.32 2.32
0.002588 2.32 2.4
0.002589 2.32 2.32
0.00259 2.32 2.24
0.002591 2.32 2.24
0.002592 2.24 2.24
0.002593 2.24 2.16
0.002594 2.24 2.24
0.002595 2.24 2.16
0.002596 2.16 2.08
0.002597 2.16 2.08
0.002598 2.16 2
0.002599 2.08 2.08
0.0026 2.08 2
0.002601 2 2
0.002602 2 2
0.002603 2 1.92
0.002604 2 1.92
0.002605 1.92 1.92
0.002606 1.92 1.84
0.002607 1.92 1.84
0.002608 1.84 1.76
0.002609 1.84 1.76
0.00261 1.84 1.76
0.002611 1.76 1.68
0.002612 1.84 1.76
0.002613 1.76 1.68
0.002614 1.68 1.68
0.002615 1.68 1.68
0.002616 1.68 1.6
0.002617 1.6 1.6
0.002618 1.6 1.52
0.002619 1.52 1.52
0.00262 1.52 1.6
0.002621 1.52 1.44
0.002622 1.52 1.44
0.002623 1.52 1.36
0.002624 1.52 1.44
0.002625 1.44 1.36
0.002626 1.36 1.28
0.002627 1.36 1.36
0.002628 1.36 1.28
0.002629 1.28 1.28
0.00263 1.28 1.28
0.002631 1.28 1.2
0.002632 1.28 1.28
0.002633 1.2 1.12
0.002634 1.2 1.12
0.002635 1.2 1.12
0.002636 1.2 1.04
0.002637 1.2 1.12
0.002638 1.04 1.04
0.002639 1.04 1.04
0.00264 1.04 1.04
0.002641 0.96 0.96
0.002642 0.96 0.96
0.002643 0.96 0.88
0.002644 0.96 0.88
0.002645 0.88 0.96
0.002646 0.88 0.8
0.002647 0.88 0.8
0.002648 0.8 0.72
0.002649 0.8 0.8
0.00265 0.88 0.72
0.002651 0.8 0.72
0.002652 0.72 0.64
0.002653 0.72 0.64
0.002654 0.64 0.64
0.002655 0.64 0.64
0.002656 0.64 0.64
0.002657 0.64 0.56
0.002658 0.56 0.56
0.002659 0.56 0.4
0.00266 0.56 0.48
0.002661 0.48 0.4
0.002662 0.4 0.4
0.002663 0.4 0.4
0.002664 0.4 0.32
0.002665 0.32 0.32
0.002666 0.32 0.32
0.002667 0.32 0.32
0.002668 0.32 0.32
0.002669 0.24 0.24
0.00267 0.24 0.24
0.002671 0.24 0.24
0.002672 0.16 0.16
0.002673 0.08 0.16
0.002674 0.24 0.08
0.002675 0.08 0.08
0.002676 0.08 0.08
0.002677 0 0
0.002678 0 0.08
0.002679 0 0
0.00268 -0.16 -0.16
0.002681 -0.16 0
0.002682 -0.16 -0.16
0.002683 -0.16 -0.16
0.002684 -0.16 -0.24
0.002685 -0.16 -0.24
0.002686 -0.24 -0.24
0.002687 -0.32 -0.32
0.002688 -0.32 -0.24
0.002689 -0.32 -0.4
0.00269 -0.32 -0.4
0.002691 -0.32 -0.4
0.002692 -0.4 -0.48
0.002693 -0.4 -0.4
0.002694 -0.48 -0.48
0.002695 -0.48 -0.56
0.002696 -0.48 -0.48
0.002697 -0.56 -0.56
0.002698 -0.64 -0.56
0.002699 -0.64 -0.64
0.0027 -0.64 -0.72
0.002701 -0.72 -0.64
0.002702 -0.72 -0.72
0.002703 -0.72 -0.64
0.002704 -0.72 -0.72
0.002705 -0.72 -0.8
0.002706 -0.8 -0.72
0.002707 -0.8 -0.8
0.002708 -0.8 -0.8
0.002709 -0.8 -0.8
0.00271 -0.96 -0.96
0.002711 -0.96 -0.88
0.002712 -0.96 -0.96
0.002713 -1.04 -0.96
0.002714 -1.04 -1.04
0.002715 -1.04 -1.04
0.002716 -1.04 -1.04
0.002717 -1.12 -1.04
0.002718 -1.12 -1.04
0.002719 -1.12 -1.2
0.00272 -1.12 -1.2
0.002721 -1.2 -1.12
0.002722 -1.28 -1.2
0.002723 -1.28 -1.2
0.002724 -1.28 -1.28
0.002725 -1.36 -1.28
0.002726 -1.36 -1.28
0.002727 -1.36 -1.36
0.002728 -1.44 -1.36
0.002729 -1.36 -1.36
0.00273 -1.44 -1.36
0.002731 -1.44 -1.44
0.002732 -1.44 -1.44
0.002733 -1.44 -1.52
0.002734 -1.6 -1.52
0.002735 -1.6 -1.44
0.002736 -1.6 -1.6
0.002737 -1.6 -1.6
0.002738 -1.6 -1.68
0.002739 -1.68 -1.6
0.00274 -1.68 -1.68
0.002741 -1.76 -1.68
0.002742 -1.68 -1.68
0.002743 -1.76 -1.76
0.002744 -1.76 -1.76
0.002745 -1.76 -1.76
0.002746 -1.76 -1.84
0.002747 -1.92 -1.84
0.002748 -1.92 -1.84
0.002749 -1.92 -1.92
0.00275 -1.92 -1.92
0.002751 -2 -1.92
0.002752 -2 -2
0.002753 -2.08 -2
0.002754 -2 -2
0.002755 -2.08 -2
0.002756 -2.08 -2.16
0.002757 -2.08 -2.08
0.002758 -2.24 -2.16
0.002759 -2.24 -2.16
0.00276 -2.24 -2.16
0.002761 -2.24 -2.24
0.002762 -2.24 -2.24
0.002763 -2.32 -2.24
0.002764 -2.32 -2.24
0.002765 -2.4 -2.32
0.002766 -2.4 -2.32
0.002767 -2.4 -2.32
0.002768 -2.4 -2.32
0.002769 -2.4 -2.4
0.00277 -2.4 -2.32
0.002771 -2.48 -2.48
0.002772 -2.56 -2.4
0.002773 -2.56 -2.48
0.002774 -2.56 -2.48
0.002775 -2.56 -2.48
0.002776 -2.56 -2.56
0.002777 -2.64 -2.56
0.002778 -2.64 -2.64
0.002779 -2.64 -2.64
0.00278 -2.72 -2.64
0.002781 -2.72 -2.8
0.002782 -2.8 -2.64
0.002783 -2.72 -2.72
0.002784 -2.72 -2.8
0.002785 -2.72 -2.8
0.002786 -2.88 -2.8
0.002787 -2.88 -2.8
0.002788 -2.88 -2.8
0.002789 -2.88 -2.88
0.00279 -2.96 -2.88
0.002791 -2.96 -2.88
0.002792 -2.96 -2.96
0.002793 -2.96 -2.96
0.002794 -2.96 -2.96
0.002795 -3.04 -2.96
0.002796 -3.04 -2.96
0.002797 -3.04 -3.04
0.002798 -3.12 -3.04
0.002799 -3.12 -3.12
0.0028 -3.2 -3.04
0.002801 -3.2 -3.12
0.002802 -3.2 -3.2
0.002803 -3.28 -3.12
0.002804 -3.28 -3.2
0.002805 -3.28 -3.2
0.002806 -3.28 -3.2
0.002807 -3.36 -3.2
0.002808 -3.28 -3.28
0.002809 -3.36 -3.28
0.00281 -3.36 -3.36
0.002811 -3.44 -3.36
0.002812 -3.36 -3.36
0.002813 -3.44 -3.44
0.002814 -3.52 -3.52
0.002815 -3.44 -3.52
0.002816 -3.52 -3.44
0.002817 -3.6 -3.52
0.002818 -3.6 -3.52
0.002819 -3.6 -3.52
0.00282 -3.6 -3.52
0.002821 -3.68 -3.52
0.002822 -3.68 -3.6
0.002823 -3.68 -3.52
0.002824 -3.68 -3.6
0.002825 -3.68 -3.6
0.002826 -3.68 -3.6
0.002827 -3.76 -3.68
0.002828 -3.76 -3.68
0.002829 -3.84 -3.76
0.00283 -3.84 -3.76
0.002831 -3.84 -3.76
0.002832 -3.84 -3.76
0.002833 -3.84 -3.76
0.002834 -3.92 -3.84
0.002835 -3.92 -3.84
0.002836 -4 -3.76
0.002837 -4 -3.92
0.002838 -4 -3.84
0.002839 -4 -3.92
0.00284 -4 -3.92
0.002841 -4 -3.92
0.002842 -4.08 -3.92
0.002843 -4.08 -4
0.002844 -4.16 -4
0.002845 -4.08 -4
0.002846 -4.16 -4.08
0.002847 -4.16 -4.08
0.002848 -4.16 -4.08
0.002849 -4.24 -4.08
0.00285 -4.16 -4.16
0.002851 -4.24 -4.08
0.002852 -4.24 -4.16
0.002853 -4.24 -4.16
0.002854 -4.32 -4.24
0.002855 -4.24 -4.24
0.002856 -4.32 -4.24
0.002857 -4.32 -4.32
0.002858 -4.4 -4.32
0.002859 -4.32 -4.24
0.00286 -4.48 -4.32
0.002861 -4.48 -4.32
0.002862 -4.48 -4.4
0.002863 -4.48 -4.32
0.002864 -4.48 -4.32
0.002865 -4.48 -4.4
0.002866 -4.48 -4.4
0.002867 -4.56 -4.4
0.002868 -4.48 -4.48
0.002869 -4.56 -4.4
0.00287 -4.56 -4.48
0.002871 -4.64 -4.56
0.002872 -4.56 -4.48
0.002873 -4.56 -4.56
0.002874 -4.64 -4.48
0.002875 -4.64 -4.56
0.002876 -4.64 -4.56
0.002877 -4.64 -4.56
0.002878 -4.72 -4.56
0.002879 -4.8 -4.56
0.00288 -4.72 -4.64
0.002881 -4.8 -4.72
0.002882 -4.8 -4.64
0.002883 -4.8 -4.72
0.002884 -4.8 -4.64
0.002885 -4.88 -4.72
0.002886 -4.88 -4.8
0.002887 -4.88 -4.72
0.002888 -4.88 -4.8
0.002889 -4.88 -4.72
0.00289 -4.88 -4.8
0.002891 -4.88 -4.8
0.002892 -4.96 -4.8
0.002893 -4.96 -4.88
0.002894 -4.96 -4.88
0.002895 -4.96 -4.8
0.002896 -4.96 -4.88
0.002897 -4.96 -4.88
0.002898 -4.96 -4.96
0.002899 -4.96 -4.88
0.0029 -4.96 -4.96
0.002901 -5.04 -4.96
0.002902 -5.04 -4.96
0.002903 -5.12 -4.88
0.002904 -5.04 -4.96
0.002905 -5.12 -4.96
0.002906 -5.12 -5.04
0.002907 -5.12 -5.04
0.002908 -5.12 -5.04
0.002909 -5.2 -5.04
0.00291 -5.12 -5.04
0.002911 -5.2 -5.12
0.002912 -5.2 -5.12
0.002913 -5.2 -5.12
0.002914 -5.28 -5.12
0.002915 -5.2 -5.12
0.002916 -5.28 -5.12
0.002917 -5.28 -5.12
0.002918 -5.28 -5.12
0.002919 -5.28 -5.2
0.00292 -5.28 -5.2
0.002921 -5.28 -5.2
0.002922 -5.28 -5.2
0.002923 -5.28 -5.2
0.002924 -5.28 -5.2
0.002925 -5.36 -5.2
0.002926 -5.36 -5.2
0.002927 -5.36 -5.28
0.002928 -5.44 -5.2
0.002929 -5.36 -5.28
0.00293 -5.44 -5.28
0.002931 -5.44 -5.28
0.002932 -5.44 -5.36
0.002933 -5.44 -5.28
0.002934 -5.44 -5.36
0.002935 -5.44 -5.28
0.002936 -5.44 -5.28
0.002937 -5.52 -5.36
0.002938 -5.52 -5.28
0.002939 -5.52 -5.36
0.00294 -5.52 -5.36
0.002941 -5.52 -5.28
0.002942 -5.52 -5.44
0.002943 -5.52 -5.36
0.002944 -5.6 -5.44
0.002945 -5.52 -5.44
0.002946 -5.6 -5.36
0.002947 -5.6 -5.44
0.002948 -5.6 -5.44
0.002949 -5.6 -5.52
0.00295 -5.6 -5.44
0.002951 -5.6 -5.44
0.002952 -5.6 -5.52
0.002953 -5.6 -5.44
0.002954 -5.6 -5.6
0.002955 -5.6 -5.44
0.002956 -5.6 -5.44
0.002957 -5.6 -5.52
0.002958 -5.6 -5.52
0.002959 -5.6 -5.52
0.00296 -5.6 -5.52
0.002961 -5.6 -5.52
0.002962 -5.68 -5.6
0.002963 -5.6 -5.52
0.002964 -5.76 -5.52
0.002965 -5.76 -5.6
0.002966 -5.68 -5.52
0.002967 -5.6 -5.52
0.002968 -5.68 -5.52
0.002969 -5.76 -5.6
0.00297 -5.68 -5.6
0.002971 -5.76 -5.6
0.002972 -5.76 -5.6
0.002973 -5.76 -5.6
0.002974 -5.76 -5.6
0.002975 -5.76 -5.6
0.002976 -5.76 -5.6
0.002977 -5.76 -5.68
0.002978 -5.76 -5.6
0.002979 -5.76 -5.6
0.00298 -5.76 -5.6
0.002981 -5.76 -5.68
0.002982 -5.76 -5.68
0.002983 -5.84 -5.68
0.002984 -5.76 -5.6
0.002985 -5.76 -5.68
0.002986 -5.84 -5.68
0.002987 -5.84 -5.68
0.002988 -5.84 -5.68
0.002989 -5.84 -5.68
0.00299 -5.76 -5.68
0.002991 -5.84 -5.68
0.002992 -5.84 -5.68
0.002993 -5.84 -5.68
0.002994 -5.84 -5.68
0.002995 -5.76 -5.68
0.002996 -5.84 -5.76
0.002997 -5.84 -5.68
0.002998 -5.84 -5.68
0.002999 -5.84 -5.68
0.003 -5.84 -5.68
0.003001 -5.84 -5.76
0.003002 -5.84 -5.68
0.003003 -5.84 -5.68
0.003004 -5.76 -5.68
0.003005 -5.84 -5.68
0.003006 -5.92 -5.76
0.003007 -5.84 -5.68
0.003008 -5.84 -5.68
0.003009 -5.84 -5.68
0.00301 -5.84 -5.76
0.003011 -5.84 -5.76
0.003012 -5.84 -5.68
0.003013 -5.92 -5.76
0.003014 -5.84 -5.68
0.003015 -5.84 -5.68
0.003016 -5.84 -5.76
0.003017 -5.84 -5.68
0.003018 -5.84 -5.76
0.003019 -5.84 -5.68
0.00302 -5.84 -5.68
0.003021 -5.84 -5.76
0.003022 -5.84 -5.68
0.003023 -5.84 -5.76
0.003024 -5.84 -5.68
0.003025 -5.84 -5.68
0.003026 -5.84 -5.68
0.003027 -5.84 -5.6
0.003028 -5.84 -5.68
0.003029 -5.84 -5.68
0.00303 -5.84 -5.68
0.003031 -5.84 -5.76
0.003032 -5.84 -5.68
0.003033 -5.84 -5.68
0.003034 -5.84 -5.68
0.003035 -5.84 -5.68
0.003036 -5.84 -5.68
0.003037 -5.84 -5.6
0.003038 -5.84 -5.68
0.003039 -5.84 -5.76
0.00304 -5.84 -5.68
0.003041 -5.84 -5.68
0.003042 -5.84 -5.68
0.003043 -5.76 -5.68
0.003044 -5.84 -5.68
0.003045 -5.84 -5.68
0.003046 -5.84 -5.68
0.003047 -5.76 -5.68
0.003048 -5.84 -5.6
0.003049 -5.84 -5.68
0.00305 -5.76 -5.6
0.003051 -5.84 -5.68
0.003052 -5.76 -5.68
0.003053 -5.76 -5.6
0.003054 -5.76 -5.6
0.003055 -5.76 -5.6
0.003056 -5.76 -5.6
0.003057 -5.76 -5.68
0.003058 -5.76 -5.6
0.003059 -5.76 -5.6
0.00306 -5.76 -5.6
0.003061 -5.76 -5.52
0.003062 -5.76 -5.6
0.003063 -5.68 -5.52
0.003064 -5.76 -5.6
0.003065 -5.76 -5.52
0.003066 -5.6 -5.52
0.003067 -5.68 -5.52
0.003068 -5.6 -5.52
0.003069 -5.68 -5.52
0.00307 -5.68 -5.52
0.003071 -5.6 -5.52
0.003072 -5.6 -5.52
0.003073 -5.68 -5.52
0.003074 -5.6 -5.52
0.003075 -5.68 -5.44
0.003076 -5.6 -5.44
0.003077 -5.6 -5.52
0.003078 -5.6 -5.44
0.003079 -5.6 -5.52
0.00308 -5.6 -5.44
0.003081 -5.6 -5.44
0.003082 -5.6 -5.52
0.003083 -5.6 -5.44
0.003084 -5.6 -5.44
0.003085 -5.6 -5.44
0.003086 -5.6 -5.36
0.003087 -5.52 -5.44
0.003088 -5.52 -5.36
0.003089 -5.6 -5.36
0.00309 -5.52 -5.36
0.003091 -5.52 -5.36
0.003092 -5.44 -5.36
0.003093 -5.44 -5.28
0.003094 -5.44 -5.36
0.003095 -5.52 -5.36
0.003096 -5.44 -5.28
0.003097 -5.44 -5.36
0.003098 -5.44 -5.28
0.003099 -5.44 -5.28
0.0031 -5.44 -5.28
0.003101 -5.44 -5.28
0.003102 -5.44 -5.28
0.003103 -5.44 -5.28
0.003104 -5.36 -5.28
0.003105 -5.44 -5.2
0.003106 -5.28 -5.2
0.003107 -5.36 -5.2
0.003108 -5.28 -5.2
0.003109 -5.28 -5.2
0.00311 -5.28 -5.2
0.003111 -5.28 -5.12
0.003112 -5.28 -5.2
0.003113 -5.28 -5.12
0.003114 -5.28 -5.04
0.003115 -5.28 -5.12
0.003116 -5.28 -5.12
0.003117 -5.28 -5.12
0.003118 -5.2 -5.12
0.003119 -5.28 -5.04
0.00312 -5.2 -5.04
0.003121 -5.2 -5.12
0.003122 -5.2 -5.04
0.003123 -5.2 -5.04
0.003124 -5.12 -4.96
0.003125 -5.12 -5.04
0.003126 -5.12 -4.96
0.003127 -5.12 -4.88
0.003128 -5.12 -4.96
0.003129 -5.12 -4.88
0.00313 -5.04 -4.88
0.003131 -5.04 -4.88
0.003132 -5.04 -4.88
0.003133 -4.96 -4.88
0.003134 -4.96 -4.88
0.003135 -5.04 -4.88
0.003136 -4.96 -4.88
0.003137 -4.96 -4.8
0.003138 -4.96 -4.8
0.003139 -4.96 -4.8
0.00314 -4.96 -4.8
0.003141 -4.88 -4.8
0.003142 -4.88 -4.72
0.003143 -4.88 -4.72
0.003144 -4.88 -4.72
0.003145 -4.88 -4.72
0.003146 -4.8 -4.72
0.003147 -4.8 -4.64
0.003148 -4.88 -4.64
0.003149 -4.8 -4.64
0.00315 -4.8 -4.64
0.003151 -4.8 -4.64
0.003152 -4.64 -4.56
0.003153 -4.8 -4.56
0.003154 -4.72 -4.56
0.003155 -4.72 -4.56
0.003156 -4.64 -4.48
0.003157 -4.64 -4.48
0.003158 -4.64 -4.48
0.003159 -4.64 -4.48
0.00316 -4.56 -4.4
0.003161 -4.56 -4.48
0.003162 -4.64 -4.4
0.003163 -4.56 -4.4
0.003164 -4.56 -4.4
0.003165 -4.56 -4.32
0.003166 -4.48 -4.4
0.003167 -4.48 -4.4
0.003168 -4.48 -4.32
0.003169 -4.48 -4.32
0.00317 -4.48 -4.24
0.003171 -4.4 -4.24
0.003172 -4.4 -4.24
0.003173 -4.4 -4.24
0.003174 -4.32 -4.24
0.003175 -4.32 -4.16
0.003176 -4.32 -4.24
0.003177 -4.32 -4.16
0.003178 -4.24 -4.16
0.003179 -4.32 -4.16
0.00318 -4.24 -4.08
0.003181 -4.24 -4.16
0.003182 -4.16 -4.08
0.003183 -4.24 -4
0.003184 -4.16 -4.08
0.003185 -4.16 -4
0.003186 -4.16 -4
0.003187 -4.16 -4
0.003188 -4.08 -3.92
0.003189 -4.08 -3.92
0.00319 -4.08 -3.92
0.003191 -4 -3.92
0.003192 -4 -3.92
0.003193 -4 -3.84
0.003194 -4 -3.92
0.003195 -4 -3.84
0.003196 -4 -3.84
0.003197 -3.92 -3.84
0.003198 -3.92 -3.76
0.003199 -3.92 -3.76
0.0032 -3.92 -3.76
0.003201 -3.84 -3.76
0.003202 -3.84 -3.76
0.003203 -3.84 -3.68
0.003204 -3.76 -3.68
0.003205 -3.76 -3.6
0.003206 -3.68 -3.6
0.003207 -3.68 -3.68
0.003208 -3.68 -3.6
0.003209 -3.68 -3.6
0.00321 -3.68 -3.52
0.003211 -3.68 -3.52
0.003212 -3.68 -3.52
0.003213 -3.6 -3.52
0.003214 -3.6 -3.52
0.003215 -3.6 -3.44
0.003216 -3.52 -3.44
0.003217 -3.52 -3.44
0.003218 -3.52 -3.36
0.003219 -3.52 -3.36
0.00322 -3.36 -3.28
0.003221 -3.36 -3.28
0.003222 -3.36 -3.28
0.003223 -3.36 -3.2
0.003224 -3.36 -3.28
0.003225 -3.36 -3.28
0.003226 -3.28 -3.2
0.003227 -3.28 -3.12
0.003228 -3.28 -3.12
0.003229 -3.28 -3.12
0.00323 -3.2 -3.2
0.003231 -3.2 -3.04
0.003232 -3.12 -3.04
0.003233 -3.2 -3.04
0.003234 -3.12 -3.04
0.003235 -3.12 -2.96
0.003236 -3.04 -2.96
0.003237 -3.04 -2.96
0.003238 -3.04 -2.96
0.003239 -3.04 -2.88
0.00324 -3.04 -2.88
0.003241 -2.96 -2.88
0.003242 -2.96 -2.8
0.003243 -2.96 -2.88
0.003244 -2.88 -2.8
0.003245 -2.88 -2.8
0.003246 -2.88 -2.8
0.003247 -2.8 -2.64
0.003248 -2.8 -2.8
0.003249 -2.72 -2.64
0.00325 -2.72 -2.72
0.003251 -2.72 -2.64
0.003252 -2.72 -2.56
0.003253 -2.64 -2.64
0.003254 -2.64 -2.56
0.003255 -2.64 -2.56
0.003256 -2.64 -2.48
0.003257 -2.56 -2.48
0.003258 -2.56 -2.56
0.003259 -2.48 -2.4
0.00326 -2.56 -2.48
0.003261 -2.4 -2.4
0.003262 -2.4 -2.32
0.003263 -2.4 -2.32
0.003264 -2.4 -2.32
0.003265 -2.4 -2.32
0.003266 -2.4 -2.24
0.003267 -2.32 -2.16
0.003268 -2.32 -2.24
0.003269 -2.32 -2.16
0.00327 -2.24 -2.16
0.003271 -2.24 -2.16
0.003272 -2.24 -2.08
0.003273 -2.24 -2.08
0.003274 -2.08 -2
0.003275 -2.08 -2.08
0.003276 -2.08 -2
0.003277 -2.08 -1.92
0.003278 -2 -1.92
0.003279 -2.08 -1.92
0.00328 -2 -1.92
0.003281 -2 -1.92
0.003282 -1.92 -1.84
0.003283 -1.92 -1.84
0.003284 -1.92 -1.84
0.003285 -1.92 -1.76
0.003286 -1.92 -1.76
0.003287 -1.76 -1.68
0.003288 -1.76 -1.68
0.003289 -1.76 -1.68
0.00329 -1.76 -1.68
0.003291 -1.76 -1.68
0.003292 -1.68 -1.6
0.003293 -1.68 -1.6
0.003294 -1.68 -1.6
0.003295 -1.6 -1.52
0.003296 -1.6 -1.44
0.003297 -1.6 -1.44
0.003298 -1.52 -1.36
0.003299 -1.6 -1.36
0.0033 -1.52 -1.36
0.003301 -1.44 -1.36
0.003302 -1.44 -1.36
0.003303 -1.44 -1.36
0.003304 -1.44 -1.28
0.003305 -1.36 -1.28
0.003306 -1.36 -1.28
0.003307 -1.28 -1.28
0.003308 -1.28 -1.2
0.003309 -1.28 -1.2
0.00331 -1.28 -1.12
0.003311 -1.2 -1.2
0.003312 -1.12 -1.12
0.003313 -1.12 -1.04
0.003314 -1.12 -1.04
0.003315 -1.12 -1.04
0.003316 -1.12 -1.04
0.003317 -1.04 -1.04
0.003318 -1.04 -0.88
0.003319 -0.96 -0.96
0.00332 -0.96 -0.88
0.003321 -0.96 -0.8
0.003322 -0.96 -0.88
0.003323 -0.96 -0.72
0.003324 -0.8 -0.8
0.003325 -0.8 -0.72
0.003326 -0.8 -0.72
0.003327 -0.8 -0.72
0.003328 -0.8 -0.64
0.003329 -0.72 -0.64
0.00333 -0.64 -0.56
0.003331 -0.64 -0.56
0.003332 -0.64 -0.56
0.003333 -0.64 -0.48
0.003334 -0.56 -0.56
0.003335 -0.56 -0.48
0.003336 -0.48 -0.48
0.003337 -0.48 -0.48
0.003338 -0.48 -0.32
0.003339 -0.48 -0.4
0.00334 -0.4 -0.32
0.003341 -0.4 -0.32
0.003342 -0.4 -0.32
0.003343 -0.32 -0.24
0.003344 -0.32 -0.24
0.003345 -0.32 -0.24
0.003346 -0.24 -0.24
0.003347 -0.24 -0.24
0.003348 -0.24 0
0.003349 -0.16 -0.16
0.00335 -0.16 0
0.003351 -0.16 0
0.003352 -0.16 0
0.003353 0 0.08
0.003354 0 0.08
0.003355 0 0.08
0.003356 0.08 0.08
0.003357 0.08 0.16
0.003358 0.08 0.16
0.003359 0.24 0.16
0.00336 0.24 0.24
0.003361 0.24 0.24
0.003362 0.24 0.32
0.003363 0.24 0.32
0.003364 0.32 0.32
0.003365 0.32 0.32
0.003366 0.32 0.4
0.003367 0.32 0.4
0.003368 0.4 0.4
0.003369 0.4 0.4
0.00337 0.48 0.48
0.003371 0.48 0.48
0.003372 0.48 0.56
0.003373 0.56 0.48
0.003374 0.56 0.56
0.003375 0.56 0.64
0.003376 0.56 0.64
0.003377 0.64 0.72
0.003378 0.64 0.64
0.003379 0.64 0.72
0.00338 0.72 0.72
0.003381 0.72 0.8
0.003382 0.72 0.8
0.003383 0.8 0.8
0.003384 0.88 0.8
0.003385 0.88 0.88
0.003386 0.88 0.88
0.003387 0.88 0.96
0.003388 0.96 0.88
0.003389 0.96 0.96
0.00339 0.96 0.96
0.003391 0.96 1.04
0.003392 1.04 1.04
0.003393 1.04 1.04
0.003394 1.04 1.12
0.003395 1.12 1.12
0.003396 1.2 1.12
0.003397 1.2 1.2
0.003398 1.2 1.12
0.003399 1.2 1.28
0.0034 1.2 1.28
0.003401 1.28 1.28
0.003402 1.28 1.28
0.003403 1.28 1.28
0.003404 1.36 1.36
0.003405 1.36 1.36
0.003406 1.36 1.36
0.003407 1.44 1.44
0.003408 1.52 1.36
0.003409 1.52 1.44
0.00341 1.52 1.44
0.003411 1.52 1.52
0.003412 1.52 1.6
0.003413 1.52 1.52
0.003414 1.6 1.6
0.003415 1.6 1.6
0.003416 1.6 1.68
0.003417 1.68 1.6
0.003418 1.68 1.68
0.003419 1.68 1.76
0.00342 1.76 1.76
0.003421 1.84 1.68
0.003422 1.84 1.76
0.003423 1.84 1.84
0.003424 1.84 1.84
0.003425 1.92 1.92
0.003426 1.92 1.84
0.003427 1.92 1.92
0.003428 1.92 2
0.003429 2 1.92
0.00343 2 2.08
0.003431 2.08 2
0.003432 2 2
0.003433 2.08 2.08
0.003434 2.16 2.08
0.003435 2.16 2.16
0.003436 2.16 2.08
0.003437 2.16 2.24
0.003438 2.24 2.24
0.003439 2.24 2.24
0.00344 2.32 2.24
0.003441 2.24 2.32
0.003442 2.24 2.32
0.003443 2.32 2.4
0.003444 2.4 2.32
0.003445 2.48 2.4
0.003446 2.4 2.32
0.003447 2.48 2.4
0.003448 2.48 2.48
0.003449 2.48 2.48
0.00345 2.48 2.56
0.003451 2.48 2.56
0.003452 2.56 2.56
0.003453 2.56 2.64
0.003454 2.56 2.56
0.003455 2.64 2.64
0.003456 2.64 2.64
0.003457 2.64 2.64
0.003458 2.72 2.72
0.003459 2.8 2.64
0.00346 2.8 2.8
0.003461 2.8 2.8
0.003462 2.8 2.8
0.003463 2.8 2.88
0.003464 2.8 2.8
0.003465 2.88 2.88
0.003466 2.88 2.88
0.003467 2.88 2.88
0.003468 2.96 2.96
0.003469 2.96 2.96
0.00347 2.96 2.96
0.003471 2.96 2.96
0.003472 3.04 2.96
0.003473 3.12 3.04
0.003474 3.12 3.04
0.003475 3.12 3.04
0.003476 3.12 3.2
0.003477 3.12 3.12
0.003478 3.2 3.12
0.003479 3.2 3.2
0.00348 3.2 3.2
0.003481 3.2 3.2
0.003482 3.28 3.2
0.003483 3.28 3.2
0.003484 3.28 3.28
0.003485 3.28 3.28
0.003486 3.36 3.36
0.003487 3.28 3.36
0.003488 3.44 3.36
0.003489 3.44 3.36
0.00349 3.44 3.36
0.003491 3.52 3.44
0.003492 3.44 3.44
0.003493 3.52 3.44
0.003494 3.52 3.52
0.003495 3.52 3.52
0.003496 3.6 3.52
0.003497 3.6 3.52
0.003498 3.6 3.52
0.003499 3.6 3.6
0.0035 3.6 3.52
0.003501 3.68 3.6
0.003502 3.76 3.6
0.003503 3.76 3.6
0.003504 3.76 3.68
0.003505 3.76 3.68
0.003506 3.76 3.76
0.003507 3.76 3.68
0.003508 3.84 3.76
0.003509 3.84 3.76
0.00351 3.84 3.76
0.003511 3.84 3.84
0.003512 3.92 3.84
0.003513 3.92 3.84
0.003514 3.92 3.92
0.003515 3.92 3.84
0.003516 3.92 3.92
0.003517 4 3.92
0.003518 4.08 3.92
0.003519 4.08 3.92
0.00352 4.08 3.92
0.003521 4.08 4
0.003522 4.08 4
0.003523 4.08 4
0.003524 4.08 4.08
0.003525 4.08 4.08
0.003526 4.16 4.08
0.003527 4.16 4.16
0.003528 4.16 4.08
0.003529 4.16 4.16
0.00353 4.16 4.16
0.003531 4.24 4.16
0.003532 4.24 4.16
0.003533 4.24 4.16
0.003534 4.24 4.24
0.003535 4.24 4.24
0.003536 4.32 4.24
0.003537 4.4 4.32
0.003538 4.32 4.24
0.003539 4.4 4.24
0.00354 4.4 4.32
0.003541 4.4 4.32
0.003542 4.4 4.4
0.003543 4.4 4.32
0.003544 4.4 4.32
0.003545 4.48 4.4
0.003546 4.48 4.4
0.003547 4.56 4.48
0.003548 4.56 4.48
0.003549 4.56 4.48
0.00355 4.56 4.56
0.003551 4.56 4.48
0.003552 4.56 4.56
0.003553 4.56 4.56
0.003554 4.64 4.56
0.003555 4.64 4.56
0.003556 4.64 4.56
0.003557 4.72 4.64
0.003558 4.72 4.64
0.003559 4.72 4.56
0.00356 4.72 4.64
0.003561 4.72 4.64
0.003562 4.72 4.72
0.003563 4.8 4.72
0.003564 4.8 4.64
0.003565 4.8 4.8
0.003566 4.8 4.64
0.003567 4.8 4.72
0.003568 4.8 4.8
0.003569 4.8 4.72
0.00357 4.88 4.8
0.003571 4.88 4.8
0.003572 4.88 4.8
0.003573 4.88 4.88
0.003574 4.88 4.8
0.003575 4.88 4.88
0.003576 4.88 4.8
0.003577 5.04 4.88
0.003578 5.04 4.88
0.003579 5.04 4.8
0.00358 5.04 4.88
0.003581 5.04 4.88
0.003582 5.04 4.88
0.003583 5.04 4.96
0.003584 5.04 4.88
0.003585 5.04 4.96
0.003586 5.12 4.96
0.003587 5.04 4.96
0.003588 5.12 5.04
0.003589 5.12 4.96
0.00359 5.12 5.04
0.003591 5.12 4.96
0.003592 5.12 5.04
0.003593 5.12 5.04
0.003594 5.2 5.04
0.003595 5.12 5.12
0.003596 5.2 5.12
0.003597 5.12 5.12
0.003598 5.2 5.12
0.003599 5.2 5.12
0.0036 5.2 5.2
0.003601 5.2 5.12
0.003602 5.2 5.12
0.003603 5.2 5.2
0.003604 5.2 5.12
0.003605 5.36 5.12
0.003606 5.36 5.2
0.003607 5.36 5.2
0.003608 5.28 5.2
0.003609 5.36 5.2
0.00361 5.36 5.2
0.003611 5.36 5.28
0.003612 5.36 5.2
0.003613 5.36 5.2
0.003614 5.36 5.28
0.003615 5.36 5.28
0.003616 5.36 5.28
0.003617 5.36 5.28
0.003618 5.44 5.28
0.003619 5.36 5.36
0.00362 5.44 5.28
0.003621 5.44 5.36
0.003622 5.44 5.36
0.003623 5.44 5.28
0.003624 5.44 5.36
0.003625 5.44 5.36
0.003626 5.44 5.44
0.003627 5.44 5.36
0.003628 5.44 5.36
0.003629 5.44 5.44
0.00363 5.44 5.36
0.003631 5.52 5.44
0.003632 5.52 5.44
0.003633 5.52 5.36
0.003634 5.52 5.44
0.003635 5.52 5.44
0.003636 5.52 5.44
0.003637 5.52 5.44
0.003638 5.52 5.44
0.003639 5.52 5.44
0.00364 5.52 5.44
0.003641 5.52 5.52
0.003642 5.52 5.44
0.003643 5.6 5.44
0.003644 5.52 5.52
0.003645 5.52 5.44
0.003646 5.6 5.52
0.003647 5.6 5.52
0.003648 5.6 5.44
0.003649 5.6 5.6
0.00365 5.6 5.44
0.003651 5.68 5.52
0.003652 5.68 5.52
0.003653 5.68 5.52
0.003654 5.68 5.6
0.003655 5.68 5.52
0.003656 5.68 5.52
0.003657 5.68 5.52
0.003658 5.6 5.52
0.003659 5.68 5.6
0.00366 5.68 5.52
0.003661 5.68 5.52
0.003662 5.68 5.52
0.003663 5.68 5.52
0.003664 5.68 5.6
0.003665 5.68 5.52
0.003666 5.68 5.52
0.003667 5.68 5.6
0.003668 5.76 5.52
0.003669 5.68 5.6
0.00367 5.68 5.6
0.003671 5.68 5.6
0.003672 5.68 5.52
0.003673 5.68 5.6
0.003674 5.68 5.52
0.003675 5.68 5.6
0.003676 5.68 5.52
0.003677 5.68 5.6
0.003678 5.68 5.52
0.003679 5.68 5.6
0.00368 5.76 5.52
0.003681 5.68 5.6
0.003682 5.68 5.6
0.003683 5.68 5.6
0.003684 5.68 5.52
0.003685 5.68 5.6
0.003686 5.68 5.6
0.003687 5.68 5.6
0.003688 5.68 5.6
0.003689 5.68 5.52
0.00369 5.68 5.52
0.003691 5.68 5.52
0.003692 5.68 5.6
0.003693 5.68 5.6
0.003694 5.68 5.52
0.003695 5.68 5.52
0.003696 5.68 5.52
0.003697 5.68 5.52
0.003698 5.68 5.6
0.003699 5.68 5.52
0.0037 5.68 5.6
0.003701 5.68 5.52
0.003702 5.68 5.6
0.003703 5.68 5.6
0.003704 5.68 5.52
0.003705 5.68 5.6
0.003706 5.68 5.52
0.003707 5.68 5.52
0.003708 5.68 5.52
0.003709 5.68 5.52
0.00371 5.68 5.6
0.003711 5.68 5.52
0.003712 5.68 5.52
0.003713 5.68 5.52
0.003714 5.68 5.52
0.003715 5.68 5.52
0.003716 5.68 5.52
0.003717 5.68 5.52
0.003718 5.68 5.52
0.003719 5.68 5.52
0.00372 5.68 5.52
0.003721 5.68 5.52
0.003722 5.68 5.44
0.003723 5.6 5.52
0.003724 5.68 5.44
0.003725 5.6 5.44
0.003726 5.6 5.44
0.003727 5.52 5.44
0.003728 5.6 5.44
0.003729 5.52 5.44
0.00373 5.52 5.44
0.003731 5.52 5.44
0.003732 5.6 5.44
0.003733 5.52 5.44
0.003734 5.52 5.44
0.003735 5.52 5.44
0.003736 5.52 5.44
0.003737 5.52 5.44
0.003738 5.52 5.36
0.003739 5.52 5.44
0.00374 5.44 5.44
0.003741 5.52 5.44
0.003742 5.52 5.44
0.003743 5.44 5.44
0.003744 5.52 5.44
0.003745 5.52 5.44
0.003746 5.52 5.36
0.003747 5.52 5.36
0.003748 5.44 5.36
0.003749 5.44 5.36
0.00375 5.36 5.36
0.003751 5.36 5.36
0.003752 5.44 5.28
0.003753 5.44 5.28
0.003754 5.44 5.28
0.003755 5.44 5.28
0.003756 5.36 5.28
0.003757 5.44 5.28
0.003758 5.36 5.2
0.003759 5.36 5.28
0.00376 5.36 5.28
0.003761 5.36 5.28
0.003762 5.36 5.2
0.003763 5.36 5.2
0.003764 5.36 5.28
0.003765 5.36 5.2
0.003766 5.36 5.2
0.003767 5.28 5.12
0.003768 5.28 5.2
0.003769 5.36 5.2
0.00377 5.36 5.2
0.003771 5.2 5.12
0.003772 5.28 5.12
0.003773 5.2 5.12
0.003774 5.2 5.12
0.003775 5.2 5.12
0.003776 5.2 5.12
0.003777 5.2 5.12
0.003778 5.2 5.12
0.003779 5.2 5.12
0.00378 5.2 5.04
0.003781 5.12 5.12
0.003782 5.12 5.04
0.003783 5.12 4.96
0.003784 5.12 5.04
0.003785 5.12 4.96
0.003786 5.12 4.96
0.003787 5.12 4.96
0.003788 5.04 4.96
0.003789 5.12 4.96
0.00379 5.04 4.96
0.003791 5.04 4.88
0.003792 5.04 4.88
0.003793 5.04 4.96
0.003794 5.04 4.88
0.003795 5.04 4.88
0.003796 4.96 4.88
0.003797 5.04 4.88
0.003798 5.04 4.88
0.003799 4.96 4.8
0.0038 4.88 4.8
0.003801 4.88 4.8
0.003802 4.88 4.8
0.003803 4.88 4.8
0.003804 4.8 4.72
0.003805 4.88 4.72
0.003806 4.88 4.72
0.003807 4.8 4.72
0.003808 4.72 4.72
0.003809 4.8 4.64
0.00381 4.8 4.72
0.003811 4.72 4.64
0.003812 4.72 4.64
0.003813 4.72 4.64
0.003814 4.72 4.64
0.003815 4.72 4.64
0.003816 4.72 4.56
0.003817 4.72 4.56
0.003818 4.72 4.56
0.003819 4.56 4.48
0.00382 4.64 4.56
0.003821 4.64 4.48
0.003822 4.64 4.56
0.003823 4.56 4.48
0.003824 4.56 4.48
0.003825 4.56 4.48
0.003826 4.48 4.4
0.003827 4.56 4.48
0.003828 4.56 4.4
0.003829 4.56 4.32
0.00383 4.4 4.4
0.003831 4.4 4.32
0.003832 4.48 4.32
0.003833 4.48 4.32
0.003834 4.4 4.24
0.003835 4.4 4.32
0.003836 4.4 4.24
0.003837 4.4 4.24
0.003838 4.32 4.24
0.003839 4.24 4.24
0.00384 4.32 4.16
0.003841 4.24 4.16
0.003842 4.24 4.16
0.003843 4.24 4.16
0.003844 4.24 4.08
0.003845 4.24 4.08
0.003846 4.16 4.08
0.003847 4.16 4.08
0.003848 4.16 4.08
0.003849 4.16 4
0.00385 4.08 4
0.003851 4.08 4
0.003852 4.08 3.92
0.003853 4.08 3.92
0.003854 4.08 3.92
0.003855 4 3.92
0.003856 4 3.92
0.003857 4 3.84
0.003858 4 3.92
0.003859 3.92 3.84
0.00386 3.92 3.84
0.003861 3.92 3.84
0.003862 3.92 3.84
0.003863 3.92 3.76
0.003864 3.84 3.76
0.003865 3.76 3.68
0.003866 3.84 3.68
0.003867 3.76 3.68
0.003868 3.76 3.68
0.003869 3.76 3.68
0.00387 3.76 3.6
0.003871 3.76 3.6
0.003872 3.6 3.6
0.003873 3.6 3.6
0.003874 3.6 3.6
0.003875 3.6 3.52
0.003876 3.6 3.52
0.003877 3.6 3.44
0.003878 3.52 3.52
0.003879 3.52 3.52
0.00388 3.52 3.36
0.003881 3.52 3.44
0.003882 3.52 3.36
0.003883 3.44 3.36
0.003884 3.44 3.36
0.003885 3.44 3.28
0.003886 3.44 3.28
0.003887 3.44 3.28
0.003888 3.28 3.28
0.003889 3.28 3.28
0.00389 3.28 3.2
0.003891 3.36 3.2
0.003892 3.28 3.12
0.003893 3.2 3.2
0.003894 3.2 3.2
0.003895 3.2 3.12
0.003896 3.12 3.12
0.003897 3.12 3.04
0.003898 3.12 3.04
0.003899 3.12 3.04
0.0039 3.12 2.96
0.003901 3.12 2.96
0.003902 3.04 2.88
0.003903 3.04 2.96
0.003904 3.04 2.96
0.003905 2.96 2.88
0.003906 2.96 2.88
0.003907 2.88 2.88
0.003908 2.88 2.88
0.003909 2.8 2.88
0.00391 2.88 2.72
0.003911 2.88 2.8
0.003912 2.8 2.72
0.003913 2.8 2.72
0.003914 2.8 2.72
0.003915 2.8 2.72
0.003916 2.72 2.64
0.003917 2.64 2.64
0.003918 2.64 2.56
0.003919 2.64 2.64
0.00392 2.56 2.56
0.003921 2.56 2.56
0.003922 2.56 2.56
0.003923 2.56 2.48
0.003924 2.56 2.48
0.003925 2.48 2.48
0.003926 2.48 2.4
0.003927 2.48 2.4
0.003928 2.4 2.32
0.003929 2.4 2.32
0.00393 2.32 2.32
0.003931 2.32 2.24
0.003932 2.32 2.32
0.003933 2.24 2.24
0.003934 2.24 2.16
0.003935 2.24 2.24
0.003936 2.24 2.16
0.003937 2.16 2.24
0.003938 2.16 2.08
0.003939 2.16 2.08
0.00394 2.16 2.08
0.003941 2.16 2
0.003942 2 2.08
0.003943 2 2
0.003944 2.08 1.92
0.003945 1.92 2
0.003946 1.92 1.92
0.003947 2 1.92
0.003948 1.92 1.84
0.003949 1.92 1.76
0.00395 1.84 1.84
0.003951 1.84 1.76
0.003952 1.84 1.84
0.003953 1.84 1.68
0.003954 1.84 1.68
0.003955 1.84 1.76
0.003956 1.68 1.6
0.003957 1.68 1.68
0.003958 1.68 1.6
0.003959 1.6 1.52
0.00396 1.6 1.6
0.003961 1.6 1.52
0.003962 1.6 1.52
0.003963 1.52 1.44
0.003964 1.52 1.36
0.003965 1.52 1.44
0.003966 1.52 1.36
0.003967 1.44 1.36
0.003968 1.44 1.36
0.003969 1.36 1.28
0.00397 1.36 1.36
0.003971 1.36 1.28
0.003972 1.28 1.28
0.003973 1.28 1.28
0.003974 1.2 1.28
0.003975 1.2 1.2
0.003976 1.2 1.12
0.003977 1.2 1.12
0.003978 1.2 1.12
0.003979 1.2 1.04
0.00398 1.04 1.04
0.003981 1.04 1.04
0.003982 1.04 1.04
0.003983 1.04 0.96
0.003984 0.96 0.96
0.003985 0.96 0.96
0.003986 0.96 0.88
0.003987 0.96 0.88
0.003988 0.88 0.88
0.003989 0.88 0.8
0.00399 0.88 0.8
0.003991 0.88 0.8
0.003992 0.88 0.72
0.003993 0.72 0.72
0.003994 0.72 0.72
0.003995 0.72 0.64
0.003996 0.64 0.64
0.003997 0.64 0.64
0.003998 0.64 0.64
0.003999 0.56 0.56
