0 1.84 3.2
1e-06 1.84 3.2
2e-06 1.92 3.4
3e-06 2 3.4
4e-06 2 3.4
5e-06 2.16 3.4
6e-06 2.16 3.6
7e-06 2.24 3.6
8e-06 2.32 3.6
9e-06 2.48 3.6
1e-05 2.48 3.8
1.1e-05 2.56 4
1.2e-05 2.64 3.6
1.3e-05 2.72 4
1.4e-05 2.8 4
1.5e-05 2.8 4
1.6e-05 2.88 4.2
1.7e-05 2.96 4
1.8e-05 3.12 4.2
1.9e-05 3.12 4.4
2e-05 3.28 4.2
2.1e-05 3.28 4.2
2.2e-05 3.44 4.4
2.3e-05 3.44 4.4
2.4e-05 3.52 4.4
2.5e-05 3.52 4.6
2.6e-05 3.6 4.6
2.7e-05 3.76 4.8
2.8e-05 3.76 4.6
2.9e-05 3.84 4.8
3e-05 3.84 4.6
3.1e-05 3.92 4.8
3.2e-05 3.92 4.8
3.3e-05 4.08 4.8
3.4e-05 4.16 5
3.5e-05 4.08 5
3.6e-05 4.24 5
3.7e-05 4.24 5.2
3.8e-05 4.24 5
3.9e-05 4.4 5
4e-05 4.4 5.2
4.1e-05 4.48 5
4.2e-05 4.48 5.2
4.3e-05 4.56 5.2
4.4e-05 4.64 5.2
4.5e-05 4.64 5.2
4.6e-05 4.72 5.2
4.7e-05 4.72 5.2
4.8e-05 4.8 5.2
4.9e-05 4.8 5.4
5e-05 4.8 5.2
5.1e-05 4.88 5.4
5.2e-05 4.88 5.2
5.3e-05 4.96 5.2
5.4e-05 4.96 5.2
5.5e-05 5.04 5.2
5.6e-05 5.04 5.6
5.7e-05 5.04 5.4
5.8e-05 5.12 5.4
5.9e-05 5.12 5.2
6e-05 5.12 5.2
6.1e-05 5.12 5.2
6.2e-05 5.2 5.2
6.3e-05 5.2 5.2
6.4e-05 5.2 5.2
6.5e-05 5.36 5.2
6.6e-05 5.2 5.2
6.7e-05 5.28 5.2
6.8e-05 5.36 5.4
6.9e-05 5.36 5.2
7e-05 5.36 5.2
7.1e-05 5.36 5.2
7.2e-05 5.36 5.2
7.3e-05 5.36 5.2
7.4e-05 5.36 5
7.5e-05 5.36 5.2
7.6e-05 5.36 5
7.7e-05 5.36 5
7.8e-05 5.36 5
7.9e-05 5.36 5
8e-05 5.36 5
8.1e-05 5.36 5
8.2e-05 5.36 4.8
8.3e-05 5.36 5
8.4e-05 5.36 5
8.5e-05 5.36 4.8
8.6e-05 5.36 4.8
8.7e-05 5.36 4.6
8.8e-05 5.36 4.8
8.9e-05 5.36 4.8
9e-05 5.28 4.4
9.1e-05 5.36 4.6
9.2e-05 5.2 4.4
9.3e-05 5.2 4.6
9.4e-05 5.2 4.4
9.5e-05 5.2 4.2
9.6e-05 5.2 4.2
9.7e-05 5.12 4.2
9.8e-05 5.12 4.2
9.9e-05 5.04 4.2
0.0001 5.12 4
0.000101 5.04 4.2
0.000102 5.04 4
0.000103 5.04 4
0.000104 4.96 4
0.000105 4.88 3.8
0.000106 4.88 3.8
0.000107 4.88 3.8
0.000108 4.8 3.6
0.000109 4.8 3.6
0.00011 4.72 3.6
0.000111 4.72 3.4
0.000112 4.72 3.4
0.000113 4.56 3.2
0.000114 4.56 3.2
0.000115 4.48 3.2
0.000116 4.48 3
0.000117 4.4 3.2
0.000118 4.4 2.8
0.000119 4.32 2.8
0.00012 4.32 3
0.000121 4.16 2.6
0.000122 4.16 2.6
0.000123 4.08 2.6
0.000124 4.08 2.6
0.000125 4.08 2.4
0.000126 3.92 2.4
0.000127 3.92 2.4
0.000128 3.84 2.2
0.000129 3.76 2
0.00013 3.76 2
0.000131 3.68 2
0.000132 3.6 1.8
0.000133 3.6 1.8
0.000134 3.44 1.6
0.000135 3.44 1.8
0.000136 3.28 1.6
0.000137 3.28 1.4
0.000138 3.2 1.6
0.000139 3.12 1.2
0.00014 3.12 1.2
0.000141 2.96 1.2
0.000142 2.88 1
0.000143 2.8 1
0.000144 2.8 1
0.000145 2.72 0.8
0.000146 2.64 0.8
0.000147 2.56 0.6
0.000148 2.48 0.6
0.000149 2.32 0.4
0.00015 2.32 0.4
0.000151 2.24 0.4
0.000152 2.16 0.2
0.000153 2.16 0.2
0.000154 1.92 0
0.000155 1.92 0
0.000156 1.84 -0.4
0.000157 1.84 -0.4
0.000158 1.68 -0.6
0.000159 1.6 -0.6
0.00016 1.52 -0.6
0.000161 1.52 -0.6
0.000162 1.36 -0.8
0.000163 1.28 -0.8
0.000164 1.2 -1
0.000165 1.12 -1
0.000166 1.04 -1.2
0.000167 0.96 -1.2
0.000168 0.88 -1.4
0.000169 0.8 -1.4
0.00017 0.72 -1.6
0.000171 0.64 -1.6
0.000172 0.56 -1.8
0.000173 0.48 -1.8
0.000174 0.32 -1.8
0.000175 0.24 -2.2
0.000176 0.24 -2.2
0.000177 0.08 -2.2
0.000178 0 -2.2
0.000179 -0.16 -2.2
0.00018 -0.16 -2.4
0.000181 -0.32 -2.4
0.000182 -0.4 -2.6
0.000183 -0.48 -2.6
0.000184 -0.48 -2.6
0.000185 -0.64 -2.8
0.000186 -0.72 -3
0.000187 -0.8 -3
0.000188 -0.88 -3
0.000189 -0.96 -3.2
0.00019 -1.04 -3
0.000191 -1.12 -3.2
0.000192 -1.2 -3.2
0.000193 -1.36 -3.4
0.000194 -1.36 -3.6
0.000195 -1.44 -3.4
0.000196 -1.6 -3.8
0.000197 -1.6 -3.6
0.000198 -1.68 -3.8
0.000199 -1.84 -4
0.0002 -1.92 -4
0.000201 -2 -4
0.000202 -2.08 -4
0.000203 -2.08 -4.2
0.000204 -2.16 -4.2
0.000205 -2.32 -4.2
0.000206 -2.4 -4.2
0.000207 -2.4 -4.2
0.000208 -2.56 -4.4
0.000209 -2.64 -4.4
0.00021 -2.72 -4.6
0.000211 -2.72 -4.6
0.000212 -2.8 -4.6
0.000213 -2.96 -4.8
0.000214 -2.96 -4.8
0.000215 -3.04 -5
0.000216 -3.12 -4.8
0.000217 -3.2 -5
0.000218 -3.2 -5
0.000219 -3.28 -5
0.00022 -3.36 -5.2
0.000221 -3.52 -5
0.000222 -3.52 -5.2
0.000223 -3.6 -5.2
0.000224 -3.68 -5.4
0.000225 -3.68 -5.4
0.000226 -3.84 -5.2
0.000227 -3.84 -5.4
0.000228 -3.92 -5.6
0.000229 -4 -5.6
0.00023 -4 -5.6
0.000231 -4.16 -5.6
0.000232 -4.16 -5.6
0.000233 -4.16 -5.6
0.000234 -4.24 -5.8
0.000235 -4.32 -5.6
0.000236 -4.32 -5.8
0.000237 -4.4 -5.8
0.000238 -4.48 -5.8
0.000239 -4.56 -6
0.00024 -4.56 -5.8
0.000241 -4.56 -6
0.000242 -4.64 -5.8
0.000243 -4.64 -5.8
0.000244 -4.8 -6
0.000245 -4.8 -6
0.000246 -4.88 -6
0.000247 -4.88 -6
0.000248 -4.96 -6
0.000249 -4.96 -6
0.00025 -4.96 -6
0.000251 -4.96 -6.2
0.000252 -5.12 -6
0.000253 -5.12 -6.2
0.000254 -5.2 -6
0.000255 -5.2 -6.2
0.000256 -5.2 -6.2
0.000257 -5.28 -6.2
0.000258 -5.28 -6.2
0.000259 -5.28 -6
0.00026 -5.28 -6.2
0.000261 -5.28 -6
0.000262 -5.36 -6
0.000263 -5.36 -6.2
0.000264 -5.44 -6
0.000265 -5.44 -6.2
0.000266 -5.44 -6
0.000267 -5.44 -6.2
0.000268 -5.52 -6
0.000269 -5.52 -6
0.00027 -5.52 -6
0.000271 -5.52 -6
0.000272 -5.52 -5.8
0.000273 -5.52 -5.8
0.000274 -5.52 -6
0.000275 -5.6 -5.8
0.000276 -5.52 -6
0.000277 -5.52 -5.8
0.000278 -5.52 -5.8
0.000279 -5.6 -5.8
0.00028 -5.52 -5.8
0.000281 -5.52 -5.8
0.000282 -5.52 -5.6
0.000283 -5.52 -5.6
0.000284 -5.52 -5.6
0.000285 -5.52 -5.6
0.000286 -5.52 -5.6
0.000287 -5.52 -5.6
0.000288 -5.52 -5.4
0.000289 -5.44 -5.4
0.00029 -5.44 -5.4
0.000291 -5.44 -5.4
0.000292 -5.44 -5.4
0.000293 -5.44 -5.2
0.000294 -5.36 -5.2
0.000295 -5.44 -5.2
0.000296 -5.28 -5.2
0.000297 -5.28 -5.2
0.000298 -5.28 -5.2
0.000299 -5.28 -4.8
0.0003 -5.28 -4.8
0.000301 -5.2 -4.8
0.000302 -5.2 -4.8
0.000303 -5.2 -4.8
0.000304 -5.12 -4.6
0.000305 -5.12 -4.6
0.000306 -5.12 -4.4
0.000307 -5.04 -4.6
0.000308 -4.96 -4.4
0.000309 -4.96 -4.4
0.00031 -4.96 -4.2
0.000311 -4.88 -4.2
0.000312 -4.88 -4.2
0.000313 -4.8 -4
0.000314 -4.8 -4
0.000315 -4.64 -3.8
0.000316 -4.64 -4
0.000317 -4.64 -3.8
0.000318 -4.56 -3.4
0.000319 -4.48 -4
0.00032 -4.4 -3.6
0.000321 -4.4 -3.8
0.000322 -4.32 -3.6
0.000323 -4.32 -3.4
0.000324 -4.24 -3.4
0.000325 -4.16 -3.2
0.000326 -4.16 -3.2
0.000327 -4 -3.2
0.000328 -4 -3
0.000329 -3.92 -3
0.00033 -3.92 -2.8
0.000331 -3.92 -2.8
0.000332 -3.84 -2.8
0.000333 -3.68 -2.6
0.000334 -3.68 -2.6
0.000335 -3.52 -2.4
0.000336 -3.52 -2.4
0.000337 -3.36 -2.2
0.000338 -3.36 -2.2
0.000339 -3.36 -2
0.00034 -3.2 -2
0.000341 -3.2 -1.8
0.000342 -3.04 -1.8
0.000343 -3.04 -1.8
0.000344 -2.96 -1.6
0.000345 -2.88 -1.6
0.000346 -2.8 -1.4
0.000347 -2.72 -1.4
0.000348 -2.64 -1.4
0.000349 -2.56 -1.2
0.00035 -2.48 -1
0.000351 -2.4 -1
0.000352 -2.32 -1
0.000353 -2.32 -0.8
0.000354 -2.24 -0.8
0.000355 -2.08 -0.6
0.000356 -2 -0.6
0.000357 -1.92 -0.6
0.000358 -1.76 -0.4
0.000359 -1.76 -0.4
0.00036 -1.68 0
0.000361 -1.68 0
0.000362 -1.6 0
0.000363 -1.44 0.2
0.000364 -1.36 0.2
0.000365 -1.2 0.4
0.000366 -1.2 0.4
0.000367 -1.12 0.4
0.000368 -1.04 0.4
0.000369 -0.96 0.6
0.00037 -0.96 0.8
0.000371 -0.8 0.8
0.000372 -0.72 1
0.000373 -0.64 0.8
0.000374 -0.56 1
0.000375 -0.48 1
0.000376 -0.32 1.2
0.000377 -0.32 1.4
0.000378 -0.16 1.4
0.000379 -0.16 1.6
0.00038 0 1.6
0.000381 0.08 1.6
0.000382 0.24 1.8
0.000383 0.32 1.8
0.000384 0.4 1.8
0.000385 0.4 1.8
0.000386 0.56 2
0.000387 0.64 2.4
0.000388 0.72 2.2
0.000389 0.88 2.4
0.00039 0.88 2.4
0.000391 0.96 2.6
0.000392 1.04 2.6
0.000393 1.2 2.8
0.000394 1.28 2.6
0.000395 1.28 2.8
0.000396 1.36 2.8
0.000397 1.52 2.8
0.000398 1.52 3.2
0.000399 1.68 3.2
0.0004 1.68 3.2
0.000401 1.84 3.2
0.000402 1.92 3.2
0.000403 2 3.4
0.000404 2.08 3.4
0.000405 2.16 3.6
0.000406 2.16 3.6
0.000407 2.24 3.6
0.000408 2.32 3.6
0.000409 2.48 3.6
0.00041 2.48 3.8
0.000411 2.56 4
0.000412 2.64 3.8
0.000413 2.64 4
0.000414 2.8 4
0.000415 2.88 4
0.000416 2.96 4.2
0.000417 2.96 4.2
0.000418 3.12 4.2
0.000419 3.2 4.2
0.00042 3.28 4.2
0.000421 3.28 4.4
0.000422 3.28 4.4
0.000423 3.44 4.4
0.000424 3.52 4.4
0.000425 3.6 4.4
0.000426 3.6 4.6
0.000427 3.6 4.8
0.000428 3.76 4.6
0.000429 3.84 4.8
0.00043 3.84 4.6
0.000431 3.92 4.8
0.000432 3.92 4.8
0.000433 4.08 5
0.000434 4.08 5
0.000435 4.16 4.8
0.000436 4.24 5
0.000437 4.24 5
0.000438 4.32 5
0.000439 4.32 5
0.00044 4.4 5.2
0.000441 4.48 5.2
0.000442 4.48 5
0.000443 4.56 5.2
0.000444 4.56 5
0.000445 4.72 5.4
0.000446 4.72 5.4
0.000447 4.72 5.2
0.000448 4.72 5.2
0.000449 4.8 5.2
0.00045 4.88 5.4
0.000451 4.88 5.2
0.000452 4.88 5.2
0.000453 4.88 5.4
0.000454 5.04 5.2
0.000455 4.96 5.4
0.000456 5.04 5.4
0.000457 5.12 5.4
0.000458 5.04 5.4
0.000459 5.12 5.4
0.00046 5.12 5.2
0.000461 5.12 5.4
0.000462 5.2 5.4
0.000463 5.2 5.4
0.000464 5.2 5.4
0.000465 5.2 5.2
0.000466 5.2 5.4
0.000467 5.36 5.2
0.000468 5.2 5.2
0.000469 5.36 5.2
0.00047 5.36 5.2
0.000471 5.36 5.2
0.000472 5.36 5.2
0.000473 5.36 5.2
0.000474 5.36 5
0.000475 5.36 5
0.000476 5.36 5
0.000477 5.36 5
0.000478 5.36 5
0.000479 5.36 5
0.00048 5.36 5
0.000481 5.36 5
0.000482 5.36 5
0.000483 5.36 4.8
0.000484 5.36 4.8
0.000485 5.36 4.8
0.000486 5.36 4.8
0.000487 5.36 4.6
0.000488 5.36 4.6
0.000489 5.36 4.6
0.00049 5.28 4.6
0.000491 5.2 4.4
0.000492 5.2 4.6
0.000493 5.28 4.4
0.000494 5.2 4.4
0.000495 5.2 4.4
0.000496 5.2 4.2
0.000497 5.12 4.4
0.000498 5.12 4.2
0.000499 5.12 4.2
0.0005 5.12 4.2
0.000501 5.04 4
0.000502 5.04 4
0.000503 5.04 4
0.000504 5.04 4
0.000505 4.96 3.8
0.000506 4.88 3.6
0.000507 4.88 3.8
0.000508 4.8 3.6
0.000509 4.8 3.6
0.00051 4.8 3.6
0.000511 4.72 3.4
0.000512 4.72 3.4
0.000513 4.64 3.2
0.000514 4.56 3.2
0.000515 4.56 3.2
0.000516 4.48 3.2
0.000517 4.48 3
0.000518 4.4 3
0.000519 4.4 2.8
0.00052 4.24 2.8
0.000521 4.24 2.8
0.000522 4.16 2.6
0.000523 4.16 2.6
0.000524 4.08 2.4
0.000525 4.08 2.6
0.000526 3.92 2.4
0.000527 3.92 2.2
0.000528 3.84 2.2
0.000529 3.76 2
0.00053 3.76 2
0.000531 3.68 2.2
0.000532 3.6 1.8
0.000533 3.52 1.8
0.000534 3.44 1.8
0.000535 3.44 1.8
0.000536 3.36 1.6
0.000537 3.2 1.6
0.000538 3.2 1.4
0.000539 3.12 1.4
0.00054 3.04 1.2
0.000541 2.96 1
0.000542 2.88 1
0.000543 2.88 0.8
0.000544 2.8 1
0.000545 2.64 0.8
0.000546 2.64 0.8
0.000547 2.56 0.8
0.000548 2.48 0.4
0.000549 2.32 0.4
0.00055 2.32 0.4
0.000551 2.24 0.2
0.000552 2.16 0.2
0.000553 2.16 0
0.000554 2 0
0.000555 1.92 0
0.000556 1.84 -0.4
0.000557 1.84 0
0.000558 1.6 -0.6
0.000559 1.68 -0.6
0.00056 1.52 -0.6
0.000561 1.52 -0.6
0.000562 1.36 -0.8
0.000563 1.28 -1
0.000564 1.2 -1
0.000565 1.12 -1
0.000566 1.04 -1
0.000567 0.96 -1.4
0.000568 0.88 -1.2
0.000569 0.8 -1.4
0.00057 0.72 -1.6
0.000571 0.64 -1.6
0.000572 0.56 -1.6
0.000573 0.4 -1.6
0.000574 0.32 -2
0.000575 0.24 -2
0.000576 0.24 -2.2
0.000577 0.08 -2.2
0.000578 0.08 -2.2
0.000579 -0.16 -2.4
0.00058 -0.16 -2.4
0.000581 -0.32 -2.4
0.000582 -0.4 -2.4
0.000583 -0.48 -2.6
0.000584 -0.56 -2.6
0.000585 -0.64 -2.6
0.000586 -0.72 -3
0.000587 -0.8 -3
0.000588 -0.88 -3
0.000589 -1.04 -3.2
0.00059 -1.04 -3.2
0.000591 -1.12 -3.4
0.000592 -1.28 -3.4
0.000593 -1.36 -3.4
0.000594 -1.44 -3.4
0.000595 -1.44 -3.4
0.000596 -1.6 -3.6
0.000597 -1.6 -3.6
0.000598 -1.76 -3.8
0.000599 -1.76 -3.8
0.0006 -1.92 -4
0.000601 -1.92 -3.8
0.000602 -2.08 -4
0.000603 -2.16 -4
0.000604 -2.24 -4.2
0.000605 -2.32 -4.2
0.000606 -2.4 -4.2
0.000607 -2.48 -4.4
0.000608 -2.56 -4.4
0.000609 -2.64 -4.6
0.00061 -2.72 -4.8
0.000611 -2.72 -4.6
0.000612 -2.88 -4.8
0.000613 -2.96 -4.8
0.000614 -2.96 -4.8
0.000615 -3.04 -4.8
0.000616 -3.12 -4.8
0.000617 -3.2 -5
0.000618 -3.28 -5
0.000619 -3.36 -5
0.00062 -3.36 -5
0.000621 -3.44 -5.2
0.000622 -3.52 -5.2
0.000623 -3.68 -5.4
0.000624 -3.68 -5.4
0.000625 -3.68 -5.2
0.000626 -3.84 -5.4
0.000627 -3.84 -5.4
0.000628 -3.92 -5.6
0.000629 -4 -5.6
0.00063 -4 -5.6
0.000631 -4 -5.8
0.000632 -4.16 -5.6
0.000633 -4.24 -5.8
0.000634 -4.24 -5.8
0.000635 -4.32 -5.6
0.000636 -4.4 -5.8
0.000637 -4.4 -5.8
0.000638 -4.48 -5.8
0.000639 -4.56 -5.8
0.00064 -4.56 -5.8
0.000641 -4.64 -5.8
0.000642 -4.64 -6
0.000643 -4.72 -6
0.000644 -4.8 -6.2
0.000645 -4.8 -6
0.000646 -4.8 -6
0.000647 -4.88 -6
0.000648 -4.96 -6
0.000649 -4.96 -6
0.00065 -4.96 -6.2
0.000651 -5.04 -6
0.000652 -5.12 -6.2
0.000653 -5.12 -6
0.000654 -5.12 -6
0.000655 -5.2 -6
0.000656 -5.2 -6
0.000657 -5.28 -6.2
0.000658 -5.28 -6
0.000659 -5.28 -6.2
0.00066 -5.28 -6
0.000661 -5.28 -6.2
0.000662 -5.28 -6
0.000663 -5.36 -6
0.000664 -5.44 -6
0.000665 -5.36 -5.8
0.000666 -5.44 -6
0.000667 -5.44 -5.8
0.000668 -5.44 -6.2
0.000669 -5.52 -6.2
0.00067 -5.52 -6
0.000671 -5.44 -5.8
0.000672 -5.52 -5.8
0.000673 -5.52 -5.8
0.000674 -5.52 -6
0.000675 -5.52 -6
0.000676 -5.52 -5.8
0.000677 -5.52 -5.8
0.000678 -5.52 -5.8
0.000679 -5.52 -5.6
0.00068 -5.52 -5.8
0.000681 -5.52 -5.6
0.000682 -5.52 -5.8
0.000683 -5.52 -5.8
0.000684 -5.52 -5.6
0.000685 -5.6 -5.8
0.000686 -5.52 -5.6
0.000687 -5.52 -5.6
0.000688 -5.52 -5.4
0.000689 -5.52 -5.4
0.00069 -5.44 -5.4
0.000691 -5.44 -5.4
0.000692 -5.44 -5.2
0.000693 -5.44 -5.2
0.000694 -5.44 -5
0.000695 -5.28 -5.2
0.000696 -5.28 -5
0.000697 -5.28 -5
0.000698 -5.28 -5
0.000699 -5.28 -5
0.0007 -5.28 -4.8
0.000701 -5.2 -5
0.000702 -5.2 -4.8
0.000703 -5.12 -4.6
0.000704 -5.12 -4.8
0.000705 -5.12 -4.4
0.000706 -4.96 -4.6
0.000707 -4.96 -4.4
0.000708 -4.96 -4.4
0.000709 -4.96 -4.6
0.00071 -4.88 -4.2
0.000711 -4.88 -4.2
0.000712 -4.8 -4.2
0.000713 -4.8 -4.2
0.000714 -4.8 -4
0.000715 -4.8 -3.8
0.000716 -4.64 -4
0.000717 -4.56 -3.8
0.000718 -4.56 -3.8
0.000719 -4.56 -3.8
0.00072 -4.48 -3.6
0.000721 -4.4 -3.4
0.000722 -4.32 -3.4
0.000723 -4.32 -3.4
0.000724 -4.24 -3.2
0.000725 -4.16 -3.4
0.000726 -4.16 -3.2
0.000727 -4.08 -3
0.000728 -4 -3
0.000729 -4 -2.8
0.00073 -3.92 -3
0.000731 -3.84 -2.8
0.000732 -3.68 -2.6
0.000733 -3.68 -2.6
0.000734 -3.68 -2.6
0.000735 -3.6 -2.6
0.000736 -3.6 -2.4
0.000737 -3.36 -2.4
0.000738 -3.36 -2.2
0.000739 -3.28 -2.2
0.00074 -3.28 -2
0.000741 -3.12 -2
0.000742 -3.04 -1.8
0.000743 -3.04 -1.8
0.000744 -2.96 -1.6
0.000745 -2.88 -1.4
0.000746 -2.72 -1.6
0.000747 -2.72 -1.2
0.000748 -2.64 -1.2
0.000749 -2.56 -1.4
0.00075 -2.48 -1
0.000751 -2.4 -1
0.000752 -2.32 -0.8
0.000753 -2.24 -0.8
0.000754 -2.24 -1
0.000755 -2.08 -0.6
0.000756 -2.08 -0.8
0.000757 -1.92 -0.6
0.000758 -1.92 -0.4
0.000759 -1.76 -0.4
0.00076 -1.76 -0.4
0.000761 -1.6 0
0.000762 -1.6 0
0.000763 -1.44 0.2
0.000764 -1.44 0.2
0.000765 -1.28 0.2
0.000766 -1.28 0.4
0.000767 -1.2 0.4
0.000768 -1.04 0.6
0.000769 -0.96 0.8
0.00077 -0.96 0.8
0.000771 -0.8 0.8
0.000772 -0.72 0.8
0.000773 -0.64 1
0.000774 -0.48 1
0.000775 -0.48 1.2
0.000776 -0.4 1.2
0.000777 -0.24 1.2
0.000778 -0.16 1.4
0.000779 -0.16 1.4
0.00078 0.08 1.6
0.000781 0.24 1.6
0.000782 0.24 1.8
0.000783 0.32 1.8
0.000784 0.32 1.8
0.000785 0.48 2
0.000786 0.56 2.2
0.000787 0.64 2.2
0.000788 0.72 2.4
0.000789 0.8 2.4
0.00079 0.88 2.4
0.000791 0.96 2.4
0.000792 1.04 2.6
0.000793 1.2 2.8
0.000794 1.2 2.6
0.000795 1.28 2.8
0.000796 1.44 2.8
0.000797 1.52 2.8
0.000798 1.6 3
0.000799 1.6 3.2
0.0008 1.68 3.2
0.000801 1.84 3.2
0.000802 1.84 3.4
0.000803 1.92 3.4
0.000804 2 3.4
0.000805 2.16 3.4
0.000806 2.16 3.4
0.000807 2.32 3.6
0.000808 2.4 3.6
0.000809 2.48 4
0.00081 2.48 3.8
0.000811 2.56 4
0.000812 2.64 4
0.000813 2.8 4
0.000814 2.8 4
0.000815 2.88 4
0.000816 2.96 4.2
0.000817 2.96 4.2
0.000818 3.12 4.2
0.000819 3.2 4.2
0.00082 3.28 4.4
0.000821 3.28 4.4
0.000822 3.44 4.4
0.000823 3.44 4.4
0.000824 3.52 4.4
0.000825 3.52 4.6
0.000826 3.6 4.6
0.000827 3.68 4.8
0.000828 3.76 4.8
0.000829 3.76 4.6
0.00083 3.76 4.8
0.000831 3.92 4.8
0.000832 4 4.8
0.000833 4.08 5
0.000834 4.08 4.8
0.000835 4.16 5
0.000836 4.24 5
0.000837 4.24 5
0.000838 4.24 5
0.000839 4.32 5
0.00084 4.4 5.2
0.000841 4.48 5
0.000842 4.48 5.2
0.000843 4.48 5
0.000844 4.56 5.2
0.000845 4.64 5.4
0.000846 4.72 5.2
0.000847 4.72 5.2
0.000848 4.8 5.2
0.000849 4.8 5.4
0.00085 4.8 5.4
0.000851 4.88 5.4
0.000852 4.88 5.2
0.000853 5.04 5.2
0.000854 4.96 5.4
0.000855 5.04 5.4
0.000856 5.04 5.4
0.000857 5.04 5.4
0.000858 5.12 5.2
0.000859 5.12 5.4
0.00086 5.12 5.4
0.000861 5.2 5.4
0.000862 5.2 5.2
0.000863 5.28 5.4
0.000864 5.2 5.2
0.000865 5.2 5.4
0.000866 5.28 5.2
0.000867 5.36 5.2
0.000868 5.36 5.4
0.000869 5.36 5.2
0.00087 5.36 5.2
0.000871 5.36 5.2
0.000872 5.36 5.2
0.000873 5.36 5.4
0.000874 5.36 5.2
0.000875 5.36 5
0.000876 5.36 5
0.000877 5.36 5
0.000878 5.36 5
0.000879 5.36 5
0.00088 5.36 5
0.000881 5.36 5
0.000882 5.36 4.8
0.000883 5.36 4.8
0.000884 5.36 5
0.000885 5.36 4.8
0.000886 5.36 4.8
0.000887 5.28 4.8
0.000888 5.36 4.6
0.000889 5.36 4.6
0.00089 5.36 4.6
0.000891 5.28 4.6
0.000892 5.2 4.6
0.000893 5.2 4.4
0.000894 5.2 4.4
0.000895 5.2 4.2
0.000896 5.2 4.2
0.000897 5.2 4.2
0.000898 5.12 4
0.000899 5.12 4.2
0.0009 5.12 4.2
0.000901 5.04 4
0.000902 5.04 4
0.000903 5.04 4
0.000904 4.96 3.8
0.000905 4.88 3.8
0.000906 4.88 3.8
0.000907 4.88 3.8
0.000908 4.88 3.6
0.000909 4.8 3.4
0.00091 4.72 3.6
0.000911 4.72 3.4
0.000912 4.64 3.2
0.000913 4.64 3.4
0.000914 4.56 3.2
0.000915 4.56 3.2
0.000916 4.48 3.2
0.000917 4.48 3
0.000918 4.4 3
0.000919 4.4 2.8
0.00092 4.32 2.8
0.000921 4.16 2.8
0.000922 4.16 2.8
0.000923 4.08 2.6
0.000924 4.08 2.4
0.000925 4.08 2.4
0.000926 3.92 2.4
0.000927 3.92 2.4
0.000928 3.84 2
0.000929 3.84 2.2
0.00093 3.76 2
0.000931 3.68 2
0.000932 3.6 2
0.000933 3.52 1.8
0.000934 3.44 1.8
0.000935 3.44 1.6
0.000936 3.36 1.6
0.000937 3.28 1.6
0.000938 3.2 1.4
0.000939 3.12 1.2
0.00094 3.04 1.2
0.000941 2.96 1
0.000942 2.96 1.2
0.000943 2.8 1
0.000944 2.8 1
0.000945 2.72 0.8
0.000946 2.64 0.6
0.000947 2.56 0.6
0.000948 2.48 0.6
0.000949 2.32 0.4
0.00095 2.24 0.2
0.000951 2.24 0.2
0.000952 2.16 0
0.000953 2 0.2
0.000954 2 0
0.000955 1.92 0
0.000956 1.84 0
0.000957 1.84 -0.6
0.000958 1.68 -0.4
0.000959 1.6 -0.6
0.00096 1.6 -0.6
0.000961 1.44 -0.6
0.000962 1.36 -0.8
0.000963 1.28 -1
0.000964 1.28 -1
0.000965 1.12 -1
0.000966 1.04 -1.2
0.000967 0.96 -1
0.000968 0.88 -1.4
0.000969 0.8 -1.4
0.00097 0.72 -1.6
0.000971 0.64 -1.6
0.000972 0.56 -1.6
0.000973 0.48 -1.8
0.000974 0.4 -1.8
0.000975 0.24 -2
0.000976 0.24 -2.2
0.000977 0.08 -2
0.000978 0 -2.2
0.000979 -0.16 -2.2
0.00098 -0.16 -2.4
0.000981 -0.32 -2.4
0.000982 -0.4 -2.6
0.000983 -0.48 -2.6
0.000984 -0.48 -2.8
0.000985 -0.64 -2.8
0.000986 -0.72 -3
0.000987 -0.8 -3
0.000988 -0.96 -3
0.000989 -1.04 -3.2
0.00099 -1.04 -3.2
0.000991 -1.12 -3.2
0.000992 -1.28 -3.4
0.000993 -1.36 -3.4
0.000994 -1.36 -3.6
0.000995 -1.44 -3.6
0.000996 -1.6 -3.4
0.000997 -1.68 -3.8
0.000998 -1.76 -3.8
0.000999 -1.76 -3.8
0.001 -1.92 -3.8
0.001001 -2 -4
0.001002 -2.08 -4
0.001003 -2.08 -4.2
0.001004 -2.24 -4.2
0.001005 -2.32 -4.2
0.001006 -2.32 -4.4
0.001007 -2.4 -4.2
0.001008 -2.56 -4.4
0.001009 -2.64 -4.4
0.00101 -2.72 -4.6
0.001011 -2.72 -4.6
0.001012 -2.8 -4.6
0.001013 -2.96 -4.8
0.001014 -2.96 -4.8
0.001015 -3.04 -4.8
0.001016 -3.12 -5
0.001017 -3.2 -5
0.001018 -3.2 -5
0.001019 -3.36 -5
0.00102 -3.36 -5.2
0.001021 -3.52 -5.2
0.001022 -3.6 -5.2
0.001023 -3.68 -5.4
0.001024 -3.68 -5.4
0.001025 -3.76 -5.4
0.001026 -3.84 -5.4
0.001027 -3.84 -5.6
0.001028 -3.92 -5.6
0.001029 -3.92 -5.6
0.00103 -4 -5.6
0.001031 -4.08 -5.6
0.001032 -4.16 -5.8
0.001033 -4.24 -5.6
0.001034 -4.24 -5.8
0.001035 -4.32 -5.8
0.001036 -4.32 -5.6
0.001037 -4.4 -5.8
0.001038 -4.48 -5.8
0.001039 -4.56 -5.8
0.00104 -4.56 -5.8
0.001041 -4.64 -5.8
0.001042 -4.64 -6
0.001043 -4.72 -5.8
0.001044 -4.8 -6
0.001045 -4.8 -5.8
0.001046 -4.88 -6
0.001047 -4.88 -6
0.001048 -4.88 -6
0.001049 -4.96 -6
0.00105 -4.96 -6.2
0.001051 -4.96 -6
0.001052 -5.04 -6.2
0.001053 -5.12 -6
0.001054 -5.2 -6
0.001055 -5.2 -6
0.001056 -5.28 -6.2
0.001057 -5.28 -6
0.001058 -5.28 -6.2
0.001059 -5.28 -5.8
0.00106 -5.28 -6
0.001061 -5.28 -6.4
0.001062 -5.44 -6
0.001063 -5.44 -6.2
0.001064 -5.36 -5.8
0.001065 -5.36 -6
0.001066 -5.44 -6.2
0.001067 -5.44 -6
0.001068 -5.44 -6
0.001069 -5.52 -6.2
0.00107 -5.44 -6
0.001071 -5.52 -5.8
0.001072 -5.52 -6
0.001073 -5.52 -5.8
0.001074 -5.52 -5.8
0.001075 -5.6 -5.8
0.001076 -5.52 -5.8
0.001077 -5.52 -5.8
0.001078 -5.52 -5.8
0.001079 -5.52 -5.8
0.00108 -5.52 -5.8
0.001081 -5.52 -5.6
0.001082 -5.6 -5.8
0.001083 -5.6 -5.6
0.001084 -5.52 -5.6
0.001085 -5.52 -5.6
0.001086 -5.52 -5.6
0.001087 -5.52 -5.8
0.001088 -5.44 -5.6
0.001089 -5.52 -5.6
0.00109 -5.44 -5.4
0.001091 -5.44 -5.4
0.001092 -5.44 -5.4
0.001093 -5.44 -5.4
0.001094 -5.44 -5.2
0.001095 -5.36 -5
0.001096 -5.36 -5.2
0.001097 -5.36 -5
0.001098 -5.28 -5
0.001099 -5.28 -5
0.0011 -5.2 -4.8
0.001101 -5.2 -4.8
0.001102 -5.2 -4.8
0.001103 -5.12 -4.8
0.001104 -5.12 -4.6
0.001105 -5.12 -4.6
0.001106 -5.12 -4.6
0.001107 -5.04 -4.4
0.001108 -4.96 -4.4
0.001109 -4.96 -4.4
0.00111 -4.88 -4.4
0.001111 -4.8 -4
0.001112 -4.8 -4.2
0.001113 -4.8 -4.2
0.001114 -4.8 -4
0.001115 -4.64 -4.2
0.001116 -4.64 -3.8
0.001117 -4.64 -4
0.001118 -4.56 -3.6
0.001119 -4.56 -3.8
0.00112 -4.48 -3.8
0.001121 -4.32 -3.6
0.001122 -4.32 -3.4
0.001123 -4.32 -3.4
0.001124 -4.32 -3.4
0.001125 -4.16 -3.4
0.001126 -4.16 -3.2
0.001127 -4.16 -3.2
0.001128 -4 -3
0.001129 -4 -2.8
0.00113 -3.92 -2.8
0.001131 -3.84 -3
0.001132 -3.68 -2.6
0.001133 -3.68 -2.6
0.001134 -3.6 -2.6
0.001135 -3.6 -2.4
0.001136 -3.52 -2.4
0.001137 -3.44 -2.4
0.001138 -3.36 -2.4
0.001139 -3.28 -2.2
0.00114 -3.2 -2
0.001141 -3.2 -2
0.001142 -3.04 -1.8
0.001143 -3.04 -1.8
0.001144 -2.96 -1.6
0.001145 -2.88 -1.6
0.001146 -2.8 -1.6
0.001147 -2.72 -1.4
0.001148 -2.64 -1.4
0.001149 -2.56 -1.4
0.00115 -2.4 -1.2
0.001151 -2.4 -1
0.001152 -2.32 -1
0.001153 -2.24 -1
0.001154 -2.24 -0.8
0.001155 -2.08 -1
0.001156 -2 -0.6
0.001157 -1.92 -0.6
0.001158 -1.76 -0.4
0.001159 -1.76 -0.4
0.00116 -1.68 0
0.001161 -1.68 0
0.001162 -1.6 0
0.001163 -1.44 0.2
0.001164 -1.36 0.2
0.001165 -1.36 0.2
0.001166 -1.28 0.4
0.001167 -1.12 0.4
0.001168 -1.12 0.6
0.001169 -0.96 0.6
0.00117 -0.8 0.8
0.001171 -0.8 0.8
0.001172 -0.72 1
0.001173 -0.64 1
0.001174 -0.48 1
0.001175 -0.48 1.2
0.001176 -0.32 1.2
0.001177 -0.24 1.6
0.001178 -0.16 1.4
0.001179 -0.16 1.4
0.00118 0.08 1.6
0.001181 0.08 1.6
0.001182 0.24 1.8
0.001183 0.32 1.8
0.001184 0.4 1.8
0.001185 0.48 1.8
0.001186 0.56 2
0.001187 0.64 2.2
0.001188 0.72 2.2
0.001189 0.8 2.4
0.00119 0.88 2.4
0.001191 0.96 2.4
0.001192 1.04 2.6
0.001193 1.2 2.6
0.001194 1.2 2.8
0.001195 1.36 2.6
0.001196 1.36 2.8
0.001197 1.52 3
0.001198 1.52 3
0.001199 1.68 3.2
0.0012 1.68 3.2
0.001201 1.84 3.2
0.001202 1.84 3.2
0.001203 1.92 3.4
0.001204 2 3.4
0.001205 2.16 3.4
0.001206 2.16 3.4
0.001207 2.24 3.6
0.001208 2.32 3.4
0.001209 2.4 3.8
0.00121 2.48 3.8
0.001211 2.56 4
0.001212 2.72 4
0.001213 2.8 4
0.001214 2.8 4
0.001215 2.88 4.2
0.001216 2.96 4
0.001217 3.04 4.2
0.001218 3.12 4.2
0.001219 3.12 4.2
0.00122 3.28 4.4
0.001221 3.28 4.4
0.001222 3.44 4.4
0.001223 3.44 4.4
0.001224 3.44 4.4
0.001225 3.52 4.6
0.001226 3.6 4.6
0.001227 3.68 4.6
0.001228 3.76 4.8
0.001229 3.84 4.8
0.00123 3.84 4.8
0.001231 3.92 4.8
0.001232 3.92 4.8
0.001233 4.08 4.8
0.001234 4.08 5
0.001235 4.16 5
0.001236 4.16 5
0.001237 4.24 4.8
0.001238 4.24 5.2
0.001239 4.4 5
0.00124 4.48 5
0.001241 4.4 5
0.001242 4.56 5
0.001243 4.56 5.2
0.001244 4.56 5.2
0.001245 4.64 5
0.001246 4.72 5.2
0.001247 4.72 5
0.001248 4.72 5.2
0.001249 4.8 5.4
0.00125 4.8 5.2
0.001251 4.88 5.4
0.001252 4.96 5.2
0.001253 4.96 5.2
0.001254 4.96 5.2
0.001255 5.04 5.4
0.001256 5.04 5.4
0.001257 5.12 5.4
0.001258 5.12 5.4
0.001259 5.12 5.2
0.00126 5.2 5.6
0.001261 5.12 5.2
0.001262 5.2 5.4
0.001263 5.12 5.4
0.001264 5.2 5.2
0.001265 5.2 5.2
0.001266 5.36 5.2
0.001267 5.36 5.4
0.001268 5.36 5.2
0.001269 5.36 5.2
0.00127 5.36 5.2
0.001271 5.36 5.2
0.001272 5.36 5.2
0.001273 5.36 5.2
0.001274 5.36 5.2
0.001275 5.36 5.2
0.001276 5.36 5
0.001277 5.36 5
0.001278 5.36 5
0.001279 5.36 5.2
0.00128 5.36 4.8
0.001281 5.36 4.8
0.001282 5.36 4.8
0.001283 5.36 4.8
0.001284 5.36 5
0.001285 5.36 4.8
0.001286 5.36 4.8
0.001287 5.36 4.8
0.001288 5.2 4.6
0.001289 5.36 4.6
0.00129 5.36 4.6
0.001291 5.36 4.6
0.001292 5.2 4.4
0.001293 5.2 4.4
0.001294 5.2 4.4
0.001295 5.2 4.2
0.001296 5.2 4.2
0.001297 5.2 4.2
0.001298 5.12 4.2
0.001299 5.12 4
0.0013 5.12 4
0.001301 5.04 4
0.001302 5.04 4
0.001303 5.04 4
0.001304 4.96 3.8
0.001305 4.88 3.8
0.001306 4.88 3.6
0.001307 4.88 3.6
0.001308 4.88 3.6
0.001309 4.8 3.6
0.00131 4.72 3.6
0.001311 4.72 3.4
0.001312 4.72 3.6
0.001313 4.64 3.4
0.001314 4.56 3.4
0.001315 4.56 3.2
0.001316 4.48 3.2
0.001317 4.4 3.2
0.001318 4.4 3
0.001319 4.4 3
0.00132 4.24 2.8
0.001321 4.24 2.8
0.001322 4.16 2.6
0.001323 4.08 2.4
0.001324 4.08 2.6
0.001325 4.08 2.4
0.001326 3.92 2.4
0.001327 3.92 2.4
0.001328 3.84 2
0.001329 3.76 2
0.00133 3.76 2
0.001331 3.76 2
0.001332 3.52 2
0.001333 3.52 1.8
0.001334 3.44 1.8
0.001335 3.44 1.8
0.001336 3.36 1.6
0.001337 3.28 1.6
0.001338 3.28 1.4
0.001339 3.12 1.4
0.00134 3.12 1.4
0.001341 2.96 1
0.001342 2.96 1
0.001343 2.88 1
0.001344 2.8 0.8
0.001345 2.8 0.8
0.001346 2.64 0.6
0.001347 2.56 0.6
0.001348 2.48 0.6
0.001349 2.32 0.4
0.00135 2.32 0.4
0.001351 2.24 0.2
0.001352 2.16 0.2
0.001353 2.16 0
0.001354 2 0.2
0.001355 1.92 0
0.001356 1.84 0
0.001357 1.84 -0.4
0.001358 1.68 -0.6
0.001359 1.6 -0.6
0.00136 1.52 -0.6
0.001361 1.36 -0.8
0.001362 1.36 -0.8
0.001363 1.28 -1
0.001364 1.2 -0.8
0.001365 1.12 -1.2
0.001366 1.04 -1
0.001367 0.96 -1.2
0.001368 0.88 -1.4
0.001369 0.8 -1.4
0.00137 0.72 -1.6
0.001371 0.56 -1.6
0.001372 0.56 -1.6
0.001373 0.48 -1.8
0.001374 0.32 -1.8
0.001375 0.24 -2
0.001376 0.16 -2
0.001377 0.08 -2.2
0.001378 0 -2.2
0.001379 0 -2.2
0.00138 -0.16 -2.4
0.001381 -0.32 -2.4
0.001382 -0.4 -2.6
0.001383 -0.48 -2.6
0.001384 -0.56 -2.6
0.001385 -0.64 -2.8
0.001386 -0.72 -3
0.001387 -0.8 -3
0.001388 -0.96 -3
0.001389 -1.04 -3.2
0.00139 -1.04 -3.2
0.001391 -1.12 -3.2
0.001392 -1.28 -3.4
0.001393 -1.36 -3.4
0.001394 -1.36 -3.4
0.001395 -1.44 -3.6
0.001396 -1.6 -3.6
0.001397 -1.68 -3.8
0.001398 -1.76 -3.8
0.001399 -1.76 -3.8
0.0014 -1.92 -4
0.001401 -1.92 -4
0.001402 -2.08 -4
0.001403 -2.08 -4.2
0.001404 -2.24 -4.2
0.001405 -2.32 -4.2
0.001406 -2.4 -4.2
0.001407 -2.4 -4.2
0.001408 -2.56 -4.6
0.001409 -2.64 -4.6
0.00141 -2.72 -4.6
0.001411 -2.72 -4.6
0.001412 -2.88 -4.8
0.001413 -2.96 -4.8
0.001414 -2.96 -4.8
0.001415 -3.04 -4.8
0.001416 -3.12 -5
0.001417 -3.2 -5
0.001418 -3.2 -5
0.001419 -3.36 -5
0.00142 -3.36 -5
0.001421 -3.44 -5
0.001422 -3.6 -5.4
0.001423 -3.6 -5
0.001424 -3.68 -5.2
0.001425 -3.68 -5.4
0.001426 -3.84 -5.4
0.001427 -3.84 -5.6
0.001428 -3.92 -5.6
0.001429 -4 -5.6
0.00143 -4 -5.6
0.001431 -4.08 -5.6
0.001432 -4.16 -5.8
0.001433 -4.16 -5.6
0.001434 -4.24 -5.8
0.001435 -4.32 -5.8
0.001436 -4.32 -5.8
0.001437 -4.48 -5.8
0.001438 -4.48 -5.8
0.001439 -4.56 -5.8
0.00144 -4.56 -6
0.001441 -4.64 -5.8
0.001442 -4.64 -5.8
0.001443 -4.72 -6
0.001444 -4.8 -5.8
0.001445 -4.8 -6
0.001446 -4.88 -6
0.001447 -4.96 -5.8
0.001448 -4.96 -6.2
0.001449 -4.96 -6
0.00145 -4.96 -6.2
0.001451 -5.04 -6.2
0.001452 -5.12 -6
0.001453 -5.12 -6
0.001454 -5.12 -6
0.001455 -5.2 -6
0.001456 -5.2 -6.2
0.001457 -5.2 -6
0.001458 -5.28 -6
0.001459 -5.28 -6.2
0.00146 -5.28 -6
0.001461 -5.28 -6.2
0.001462 -5.28 -6.2
0.001463 -5.36 -6
0.001464 -5.44 -6
0.001465 -5.44 -5.8
0.001466 -5.44 -6.2
0.001467 -5.44 -6.2
0.001468 -5.44 -6
0.001469 -5.44 -6
0.00147 -5.52 -5.8
0.001471 -5.52 -6
0.001472 -5.52 -6
0.001473 -5.52 -5.8
0.001474 -5.52 -5.8
0.001475 -5.6 -5.8
0.001476 -5.6 -5.8
0.001477 -5.52 -5.8
0.001478 -5.52 -5.8
0.001479 -5.6 -5.8
0.00148 -5.52 -5.8
0.001481 -5.52 -5.6
0.001482 -5.6 -5.6
0.001483 -5.52 -5.6
0.001484 -5.52 -5.6
0.001485 -5.52 -5.8
0.001486 -5.52 -5.6
0.001487 -5.52 -5.4
0.001488 -5.52 -5.6
0.001489 -5.44 -5.2
0.00149 -5.44 -5.4
0.001491 -5.44 -5.4
0.001492 -5.44 -5.2
0.001493 -5.44 -5.2
0.001494 -5.28 -5.2
0.001495 -5.28 -5.2
0.001496 -5.28 -5.2
0.001497 -5.28 -5.2
0.001498 -5.28 -5
0.001499 -5.28 -5
0.0015 -5.2 -5
0.001501 -5.2 -4.8
0.001502 -5.2 -5
0.001503 -5.2 -4.8
0.001504 -5.12 -4.6
0.001505 -5.12 -4.6
0.001506 -5.12 -4.6
0.001507 -4.96 -4.6
0.001508 -4.96 -4.2
0.001509 -4.96 -4.4
0.00151 -4.96 -4.2
0.001511 -4.88 -4.2
0.001512 -4.88 -4.2
0.001513 -4.8 -4
0.001514 -4.8 -4
0.001515 -4.72 -4
0.001516 -4.64 -4
0.001517 -4.56 -3.8
0.001518 -4.56 -3.8
0.001519 -4.48 -3.8
0.00152 -4.48 -3.6
0.001521 -4.32 -3.6
0.001522 -4.32 -3.4
0.001523 -4.32 -3.4
0.001524 -4.24 -3.2
0.001525 -4.24 -3.2
0.001526 -4.16 -3.4
0.001527 -4.08 -3
0.001528 -4 -3
0.001529 -4 -3
0.00153 -3.92 -2.8
0.001531 -3.84 -3
0.001532 -3.76 -2.6
0.001533 -3.68 -2.6
0.001534 -3.6 -2.4
0.001535 -3.6 -2.6
0.001536 -3.52 -2.4
0.001537 -3.44 -2.4
0.001538 -3.36 -2.4
0.001539 -3.28 -2.2
0.00154 -3.28 -2
0.001541 -3.12 -2
0.001542 -3.12 -1.8
0.001543 -3.04 -1.8
0.001544 -2.96 -1.8
0.001545 -2.88 -1.6
0.001546 -2.72 -1.4
0.001547 -2.72 -1.6
0.001548 -2.64 -1.2
0.001549 -2.56 -1.4
0.00155 -2.4 -1.2
0.001551 -2.4 -1
0.001552 -2.32 -1
0.001553 -2.24 -0.8
0.001554 -2.16 -0.8
0.001555 -2.08 -0.8
0.001556 -2.08 -0.6
0.001557 -1.92 -0.6
0.001558 -1.92 -0.4
0.001559 -1.76 -0.4
0.00156 -1.76 0
0.001561 -1.6 0
0.001562 -1.52 0
0.001563 -1.44 0.2
0.001564 -1.44 0.2
0.001565 -1.36 0.2
0.001566 -1.12 0.2
0.001567 -1.12 0.4
0.001568 -1.12 0.4
0.001569 -1.04 0.8
0.00157 -0.96 0.8
0.001571 -0.8 0.8
0.001572 -0.8 0.8
0.001573 -0.64 0.8
0.001574 -0.56 1.2
0.001575 -0.48 1.2
0.001576 -0.32 1.2
0.001577 -0.32 1.6
0.001578 -0.24 1.4
0.001579 0 1.6
0.00158 0.08 1.6
0.001581 0.08 1.6
0.001582 0.24 1.8
0.001583 0.24 1.8
0.001584 0.32 1.8
0.001585 0.48 2
0.001586 0.56 2.2
0.001587 0.64 2.2
0.001588 0.64 2.4
0.001589 0.88 2.4
0.00159 0.88 2.4
0.001591 0.96 2.6
0.001592 1.04 2.6
0.001593 1.2 2.6
0.001594 1.2 2.6
0.001595 1.28 2.8
0.001596 1.36 2.6
0.001597 1.52 2.8
0.001598 1.52 3
0.001599 1.6 3
0.0016 1.68 3
0.001601 1.76 3.2
0.001602 1.92 3.2
0.001603 1.92 3.2
0.001604 2 3.4
0.001605 2.16 3.4
0.001606 2.16 3.4
0.001607 2.24 3.6
0.001608 2.32 3.6
0.001609 2.4 3.6
0.00161 2.48 3.8
0.001611 2.56 3.6
0.001612 2.64 4
0.001613 2.8 4
0.001614 2.8 4
0.001615 2.8 4
0.001616 2.96 4
0.001617 2.96 4.2
0.001618 3.12 4.2
0.001619 3.2 4.2
0.00162 3.2 4.2
0.001621 3.28 4.4
0.001622 3.44 4.2
0.001623 3.44 4.6
0.001624 3.52 4.4
0.001625 3.6 4.4
0.001626 3.6 4.8
0.001627 3.68 4.6
0.001628 3.76 4.8
0.001629 3.76 4.8
0.00163 3.84 4.8
0.001631 3.92 5
0.001632 3.92 4.8
0.001633 4.08 5
0.001634 4.08 4.8
0.001635 4.16 4.8
0.001636 4.16 5
0.001637 4.24 5
0.001638 4.32 5
0.001639 4.4 5
0.00164 4.4 5
0.001641 4.4 5.2
0.001642 4.48 5.2
0.001643 4.56 5
0.001644 4.56 5.2
0.001645 4.64 5.4
0.001646 4.72 5
0.001647 4.72 5.4
0.001648 4.72 5.2
0.001649 4.8 5.2
0.00165 4.88 5.4
0.001651 4.88 5.2
0.001652 4.88 5.4
0.001653 5.04 5
0.001654 5.04 5.4
0.001655 5.04 5.4
0.001656 5.04 5.2
0.001657 5.04 5.4
0.001658 5.04 5.4
0.001659 5.12 5.2
0.00166 5.12 5.2
0.001661 5.2 5.4
0.001662 5.2 5.4
0.001663 5.2 5.4
0.001664 5.2 5.2
0.001665 5.28 5.4
0.001666 5.28 5.4
0.001667 5.28 5.4
0.001668 5.36 5.4
0.001669 5.36 5.2
0.00167 5.36 5
0.001671 5.36 5.2
0.001672 5.36 5.2
0.001673 5.36 5.2
0.001674 5.36 5
0.001675 5.36 5
0.001676 5.36 5.2
0.001677 5.36 5.2
0.001678 5.44 5
0.001679 5.36 5
0.00168 5.36 5
0.001681 5.36 5
0.001682 5.36 4.8
0.001683 5.36 5
0.001684 5.36 4.8
0.001685 5.36 4.8
0.001686 5.36 4.8
0.001687 5.36 4.8
0.001688 5.36 4.6
0.001689 5.36 4.6
0.00169 5.36 4.6
0.001691 5.28 4.4
0.001692 5.2 4.6
0.001693 5.2 4.4
0.001694 5.2 4.4
0.001695 5.2 4.4
0.001696 5.2 4.2
0.001697 5.12 4.2
0.001698 5.12 4.2
0.001699 5.12 4.2
0.0017 5.04 4
0.001701 5.04 4
0.001702 5.04 4
0.001703 5.04 4
0.001704 4.96 4
0.001705 4.88 3.8
0.001706 4.88 3.8
0.001707 4.88 3.6
0.001708 4.8 3.6
0.001709 4.72 3.6
0.00171 4.72 3.4
0.001711 4.72 3.6
0.001712 4.72 3.2
0.001713 4.64 3.4
0.001714 4.56 3.2
0.001715 4.56 3.2
0.001716 4.48 3.2
0.001717 4.48 3.2
0.001718 4.4 3
0.001719 4.4 3
0.00172 4.24 2.8
0.001721 4.24 2.6
0.001722 4.16 2.6
0.001723 4.16 2.6
0.001724 4.08 2.4
0.001725 4.08 2.6
0.001726 3.92 2.4
0.001727 3.84 2.4
0.001728 3.84 2.2
0.001729 3.76 2
0.00173 3.76 2.2
0.001731 3.68 2
0.001732 3.6 2
0.001733 3.52 2
0.001734 3.44 1.6
0.001735 3.44 1.8
0.001736 3.28 1.6
0.001737 3.28 1.6
0.001738 3.2 1.4
0.001739 3.12 1.2
0.00174 3.04 1.2
0.001741 2.96 1
0.001742 2.88 1.2
0.001743 2.8 1
0.001744 2.8 0.8
0.001745 2.72 0.8
0.001746 2.64 0.8
0.001747 2.56 0.6
0.001748 2.48 0.6
0.001749 2.48 0.6
0.00175 2.32 0.2
0.001751 2.24 0.2
0.001752 2.16 0.2
0.001753 2.16 0.2
0.001754 2 0
0.001755 1.92 -0.4
0.001756 1.84 0
0.001757 1.76 -0.4
0.001758 1.68 -0.6
0.001759 1.68 -0.6
0.00176 1.52 -0.6
0.001761 1.52 -0.8
0.001762 1.36 -0.8
0.001763 1.28 -1
0.001764 1.2 -1
0.001765 1.2 -1
0.001766 1.04 -1.2
0.001767 0.96 -1.4
0.001768 0.88 -1.4
0.001769 0.8 -1.4
0.00177 0.72 -1.4
0.001771 0.56 -1.6
0.001772 0.56 -1.6
0.001773 0.48 -1.8
0.001774 0.32 -2
0.001775 0.32 -2
0.001776 0.24 -2
0.001777 0.08 -2
0.001778 0 -2.2
0.001779 -0.16 -2.2
0.00178 -0.16 -2.4
0.001781 -0.32 -2.6
0.001782 -0.32 -2.4
0.001783 -0.48 -2.6
0.001784 -0.56 -2.6
0.001785 -0.64 -2.8
0.001786 -0.72 -3
0.001787 -0.8 -3
0.001788 -0.96 -3
0.001789 -0.96 -3
0.00179 -1.12 -3.2
0.001791 -1.12 -3.2
0.001792 -1.2 -3.4
0.001793 -1.36 -3.4
0.001794 -1.44 -3.4
0.001795 -1.44 -3.4
0.001796 -1.6 -3.4
0.001797 -1.68 -3.8
0.001798 -1.76 -3.8
0.001799 -1.76 -3.8
0.0018 -1.92 -4
0.001801 -2 -4
0.001802 -2.08 -4.2
0.001803 -2.16 -4
0.001804 -2.24 -4.2
0.001805 -2.32 -4.2
0.001806 -2.4 -4.4
0.001807 -2.4 -4.4
0.001808 -2.56 -4.4
0.001809 -2.64 -4.6
0.00181 -2.64 -4.6
0.001811 -2.72 -4.6
0.001812 -2.8 -4.6
0.001813 -2.88 -4.6
0.001814 -2.96 -4.8
0.001815 -3.04 -4.8
0.001816 -3.04 -5
0.001817 -3.2 -5
0.001818 -3.28 -4.8
0.001819 -3.28 -5
0.00182 -3.36 -5
0.001821 -3.52 -5.2
0.001822 -3.52 -5.2
0.001823 -3.6 -5.2
0.001824 -3.68 -5.4
0.001825 -3.68 -5.4
0.001826 -3.76 -5.4
0.001827 -3.84 -5.4
0.001828 -3.92 -5.6
0.001829 -3.92 -5.4
0.00183 -4 -5.6
0.001831 -4 -5.6
0.001832 -4.16 -5.6
0.001833 -4.24 -5.8
0.001834 -4.24 -5.6
0.001835 -4.32 -5.8
0.001836 -4.32 -5.6
0.001837 -4.48 -5.8
0.001838 -4.48 -5.8
0.001839 -4.48 -5.8
0.00184 -4.56 -5.8
0.001841 -4.64 -5.8
0.001842 -4.64 -5.8
0.001843 -4.64 -5.8
0.001844 -4.72 -5.8
0.001845 -4.88 -6
0.001846 -4.8 -6
0.001847 -4.88 -6
0.001848 -4.96 -5.8
0.001849 -4.96 -6.2
0.00185 -4.96 -6
0.001851 -5.12 -6.2
0.001852 -5.12 -6
0.001853 -5.12 -6
0.001854 -5.12 -6
0.001855 -5.2 -6
0.001856 -5.2 -6.2
0.001857 -5.28 -6.2
0.001858 -5.28 -6
0.001859 -5.28 -6.2
0.00186 -5.28 -6
0.001861 -5.28 -6
0.001862 -5.36 -6.2
0.001863 -5.36 -6
0.001864 -5.44 -6.2
0.001865 -5.44 -5.8
0.001866 -5.44 -6
0.001867 -5.44 -6
0.001868 -5.52 -6
0.001869 -5.52 -6
0.00187 -5.52 -6
0.001871 -5.52 -5.8
0.001872 -5.52 -5.8
0.001873 -5.52 -6
0.001874 -5.52 -6
0.001875 -5.52 -5.8
0.001876 -5.52 -5.8
0.001877 -5.6 -5.8
0.001878 -5.52 -6
0.001879 -5.52 -5.8
0.00188 -5.52 -5.8
0.001881 -5.52 -5.6
0.001882 -5.52 -5.6
0.001883 -5.6 -5.6
0.001884 -5.52 -5.6
0.001885 -5.52 -5.6
0.001886 -5.52 -5.4
0.001887 -5.52 -5.6
0.001888 -5.52 -5.4
0.001889 -5.52 -5.4
0.00189 -5.44 -5.4
0.001891 -5.44 -5.4
0.001892 -5.44 -5.4
0.001893 -5.36 -5.2
0.001894 -5.36 -5
0.001895 -5.36 -5
0.001896 -5.28 -5.2
0.001897 -5.28 -5
0.001898 -5.28 -5
0.001899 -5.28 -5
0.0019 -5.28 -4.8
0.001901 -5.28 -4.8
0.001902 -5.12 -4.8
0.001903 -5.2 -4.6
0.001904 -5.12 -4.8
0.001905 -5.12 -4.6
0.001906 -4.96 -4.6
0.001907 -5.04 -4.4
0.001908 -4.96 -4.4
0.001909 -4.96 -4.4
0.00191 -4.96 -4.2
0.001911 -4.88 -4.2
0.001912 -4.88 -4.2
0.001913 -4.8 -4.2
0.001914 -4.8 -4
0.001915 -4.72 -4
0.001916 -4.64 -3.8
0.001917 -4.64 -4
0.001918 -4.56 -3.8
0.001919 -4.48 -3.6
0.00192 -4.48 -3.6
0.001921 -4.4 -3.4
0.001922 -4.32 -3.4
0.001923 -4.24 -3.4
0.001924 -4.24 -3.4
0.001925 -4.16 -3.2
0.001926 -4.08 -3
0.001927 -4 -3.2
0.001928 -4 -3
0.001929 -3.92 -3
0.00193 -3.92 -2.8
0.001931 -3.84 -2.8
0.001932 -3.68 -2.6
0.001933 -3.68 -2.4
0.001934 -3.68 -2.6
0.001935 -3.6 -2.4
0.001936 -3.52 -2.2
0.001937 -3.44 -2.4
0.001938 -3.36 -2
0.001939 -3.28 -2.2
0.00194 -3.28 -2
0.001941 -3.04 -2
0.001942 -3.04 -2
0.001943 -3.04 -1.6
0.001944 -2.96 -1.6
0.001945 -2.88 -1.6
0.001946 -2.72 -1.6
0.001947 -2.72 -1.4
0.001948 -2.64 -1.2
0.001949 -2.56 -1.2
0.00195 -2.48 -1.2
0.001951 -2.4 -1
0.001952 -2.4 -0.8
0.001953 -2.24 -1
0.001954 -2.24 -0.8
0.001955 -2.08 -0.8
0.001956 -2.08 -0.6
0.001957 -1.92 -0.6
0.001958 -1.84 -0.6
0.001959 -1.76 0
0.00196 -1.76 -0.4
0.001961 -1.6 0
0.001962 -1.6 0.2
0.001963 -1.44 0.2
0.001964 -1.44 0.4
0.001965 -1.36 0.4
0.001966 -1.28 0.4
0.001967 -1.12 0.4
0.001968 -1.12 0.6
0.001969 -0.96 0.8
0.00197 -0.88 0.8
0.001971 -0.8 0.8
0.001972 -0.72 0.8
0.001973 -0.64 1
0.001974 -0.56 1
0.001975 -0.4 1.2
0.001976 -0.4 1.2
0.001977 -0.32 1.2
0.001978 -0.16 1.6
0.001979 -0.16 1.6
0.00198 0.08 1.8
0.001981 0.08 1.8
0.001982 0.24 1.8
0.001983 0.24 1.8
0.001984 0.32 1.8
0.001985 0.56 2
0.001986 0.56 2.2
0.001987 0.64 2.2
0.001988 0.72 2.2
0.001989 0.8 2.4
0.00199 0.88 2.4
0.001991 0.96 2.4
0.001992 0.96 2.6
0.001993 1.12 2.6
0.001994 1.2 2.8
0.001995 1.28 2.8
0.001996 1.36 2.8
0.001997 1.52 2.8
0.001998 1.52 3
0.001999 1.6 3.2
0.002 1.68 3.2
0.002001 1.84 3.2
0.002002 1.84 3.4
0.002003 1.92 3.2
0.002004 2 3.4
0.002005 2.08 3.4
0.002006 2.24 3.6
0.002007 2.24 3.6
0.002008 2.32 3.6
0.002009 2.48 3.8
0.00201 2.48 3.8
0.002011 2.56 4
0.002012 2.64 3.8
0.002013 2.8 4.2
0.002014 2.8 3.8
0.002015 2.8 4
0.002016 2.96 4.2
0.002017 2.96 4
0.002018 3.12 4.2
0.002019 3.12 4.2
0.00202 3.2 4.4
0.002021 3.28 4.4
0.002022 3.36 4.2
0.002023 3.44 4.4
0.002024 3.44 4.6
0.002025 3.52 4.6
0.002026 3.6 4.6
0.002027 3.68 4.6
0.002028 3.76 4.6
0.002029 3.76 4.8
0.00203 3.84 4.8
0.002031 3.92 4.8
0.002032 4 5
0.002033 4.08 5
0.002034 4.08 5
0.002035 4.08 5
0.002036 4.16 4.8
0.002037 4.24 5.2
0.002038 4.24 5
0.002039 4.24 5.2
0.00204 4.4 5
0.002041 4.48 4.8
0.002042 4.48 5.2
0.002043 4.48 5
0.002044 4.56 5.4
0.002045 4.64 5.2
0.002046 4.72 5
0.002047 4.72 5.2
0.002048 4.72 5.4
0.002049 4.8 5.4
0.00205 4.88 5.2
0.002051 4.8 5.2
0.002052 4.88 5.4
0.002053 4.96 5.4
0.002054 5.04 5.4
0.002055 5.04 5.2
0.002056 5.04 5.4
0.002057 5.04 5.2
0.002058 5.04 5.4
0.002059 5.12 5.2
0.00206 5.12 5.4
0.002061 5.12 5.4
0.002062 5.12 5.2
0.002063 5.2 5.4
0.002064 5.2 5.2
0.002065 5.28 5.2
0.002066 5.28 5.4
0.002067 5.28 5.2
0.002068 5.36 5.2
0.002069 5.36 5.2
0.00207 5.36 5.4
0.002071 5.36 5
0.002072 5.36 5.2
0.002073 5.36 5.2
0.002074 5.36 5.2
0.002075 5.36 5.2
0.002076 5.44 5
0.002077 5.44 5.2
0.002078 5.36 5
0.002079 5.36 5.2
0.00208 5.36 5
0.002081 5.36 4.8
0.002082 5.36 5
0.002083 5.44 4.6
0.002084 5.36 5
0.002085 5.36 4.8
0.002086 5.36 4.8
0.002087 5.36 4.8
0.002088 5.36 4.8
0.002089 5.36 4.8
0.00209 5.28 4.6
0.002091 5.36 4.6
0.002092 5.2 4.4
0.002093 5.2 4.4
0.002094 5.2 4.4
0.002095 5.2 4.2
0.002096 5.12 4.4
0.002097 5.12 4.4
0.002098 5.12 4.2
0.002099 5.12 4.2
0.0021 5.04 4.2
0.002101 5.04 4.2
0.002102 5.04 4
0.002103 5.04 4
0.002104 5.04 3.8
0.002105 4.88 3.8
0.002106 4.88 3.8
0.002107 4.88 3.6
0.002108 4.8 3.6
0.002109 4.8 3.6
0.00211 4.72 3.6
0.002111 4.72 3.4
0.002112 4.72 3.4
0.002113 4.64 3.2
0.002114 4.56 3.2
0.002115 4.56 3.2
0.002116 4.48 3
0.002117 4.4 3.2
0.002118 4.4 2.8
0.002119 4.4 2.8
0.00212 4.24 2.8
0.002121 4.24 2.6
0.002122 4.16 2.8
0.002123 4.08 2.6
0.002124 4.08 2.6
0.002125 4 2.4
0.002126 3.92 2.4
0.002127 3.92 2.4
0.002128 3.84 2.4
0.002129 3.76 2.2
0.00213 3.76 2
0.002131 3.6 2
0.002132 3.6 2
0.002133 3.52 1.8
0.002134 3.52 1.8
0.002135 3.44 1.6
0.002136 3.36 1.8
0.002137 3.28 1.4
0.002138 3.2 1.6
0.002139 3.12 1.2
0.00214 3.04 1.2
0.002141 2.96 1.2
0.002142 2.96 0.8
0.002143 2.88 1
0.002144 2.8 1
0.002145 2.8 0.8
0.002146 2.56 0.8
0.002147 2.56 0.6
0.002148 2.48 0.4
0.002149 2.4 0.6
0.00215 2.32 0.4
0.002151 2.32 0.2
0.002152 2.16 0.4
0.002153 2.16 0
0.002154 2 0
0.002155 1.84 0.2
0.002156 1.84 0
0.002157 1.76 -0.4
0.002158 1.68 -0.6
0.002159 1.6 -0.6
0.00216 1.52 -0.6
0.002161 1.52 -0.8
0.002162 1.36 -0.8
0.002163 1.28 -1
0.002164 1.2 -1
0.002165 1.12 -1
0.002166 1.04 -1.2
0.002167 0.96 -1.2
0.002168 0.88 -1.4
0.002169 0.8 -1.4
0.00217 0.72 -1.4
0.002171 0.64 -1.6
0.002172 0.56 -1.6
0.002173 0.48 -1.8
0.002174 0.32 -2
0.002175 0.32 -2
0.002176 0.24 -2.2
0.002177 0.16 -2.2
0.002178 0.08 -2.2
0.002179 0 -2.2
0.00218 -0.16 -2.6
0.002181 -0.24 -2.4
0.002182 -0.4 -2.6
0.002183 -0.48 -2.6
0.002184 -0.48 -2.6
0.002185 -0.64 -2.8
0.002186 -0.72 -2.6
0.002187 -0.8 -3
0.002188 -0.88 -3
0.002189 -0.96 -3
0.00219 -1.12 -3.2
0.002191 -1.12 -3.2
0.002192 -1.2 -3.4
0.002193 -1.36 -3.4
0.002194 -1.44 -3.4
0.002195 -1.44 -3.4
0.002196 -1.6 -3.6
0.002197 -1.68 -3.8
0.002198 -1.68 -3.8
0.002199 -1.76 -3.8
0.0022 -1.92 -3.8
0.002201 -2 -4
0.002202 -2 -4
0.002203 -2.16 -4.2
0.002204 -2.24 -4.2
0.002205 -2.32 -4.2
0.002206 -2.32 -4.2
0.002207 -2.48 -4.2
0.002208 -2.56 -4.4
0.002209 -2.56 -4.6
0.00221 -2.64 -4.6
0.002211 -2.72 -4.6
0.002212 -2.72 -4.8
0.002213 -2.96 -4.8
0.002214 -2.96 -4.8
0.002215 -3.04 -4.8
0.002216 -3.12 -4.8
0.002217 -3.2 -5
0.002218 -3.28 -5
0.002219 -3.28 -5
0.00222 -3.36 -5.4
0.002221 -3.44 -5
0.002222 -3.52 -5.4
0.002223 -3.6 -5.4
0.002224 -3.68 -5.2
0.002225 -3.68 -5.4
0.002226 -3.84 -5.4
0.002227 -3.84 -5.4
0.002228 -3.92 -5.6
0.002229 -4 -5.6
0.00223 -4 -5.6
0.002231 -4.08 -5.6
0.002232 -4.16 -5.6
0.002233 -4.16 -5.6
0.002234 -4.24 -5.6
0.002235 -4.32 -5.6
0.002236 -4.4 -5.8
0.002237 -4.48 -5.8
0.002238 -4.48 -5.8
0.002239 -4.56 -6
0.00224 -4.56 -5.8
0.002241 -4.64 -5.8
0.002242 -4.64 -5.8
0.002243 -4.8 -5.8
0.002244 -4.8 -6.2
0.002245 -4.8 -5.8
0.002246 -4.88 -5.8
0.002247 -4.88 -6
0.002248 -4.88 -6
0.002249 -4.96 -6.2
0.00225 -4.96 -6
0.002251 -5.04 -6
0.002252 -5.12 -6
0.002253 -5.12 -6
0.002254 -5.2 -6.2
0.002255 -5.2 -6
0.002256 -5.2 -6
0.002257 -5.2 -6.2
0.002258 -5.2 -6
0.002259 -5.28 -6
0.00226 -5.28 -6
0.002261 -5.44 -5.8
0.002262 -5.36 -6.2
0.002263 -5.28 -6
0.002264 -5.44 -5.8
0.002265 -5.44 -6.2
0.002266 -5.44 -5.8
0.002267 -5.44 -6.2
0.002268 -5.44 -5.8
0.002269 -5.52 -6
0.00227 -5.52 -6.2
0.002271 -5.44 -5.8
0.002272 -5.52 -6
0.002273 -5.52 -5.8
0.002274 -5.52 -5.8
0.002275 -5.52 -5.8
0.002276 -5.52 -5.8
0.002277 -5.6 -5.8
0.002278 -5.52 -5.8
0.002279 -5.52 -5.8
0.00228 -5.52 -5.6
0.002281 -5.6 -5.8
0.002282 -5.52 -5.6
0.002283 -5.6 -5.6
0.002284 -5.52 -5.6
0.002285 -5.44 -5.6
0.002286 -5.44 -5.6
0.002287 -5.52 -5.6
0.002288 -5.52 -5.6
0.002289 -5.44 -5.6
0.00229 -5.52 -5.4
0.002291 -5.44 -5.4
0.002292 -5.44 -5.2
0.002293 -5.44 -5.2
0.002294 -5.36 -5.2
0.002295 -5.36 -5
0.002296 -5.28 -5
0.002297 -5.28 -5
0.002298 -5.28 -5
0.002299 -5.28 -4.8
0.0023 -5.28 -4.8
0.002301 -5.2 -4.8
0.002302 -5.2 -4.6
0.002303 -5.12 -4.8
0.002304 -5.12 -4.4
0.002305 -5.12 -4.8
0.002306 -5.12 -4.6
0.002307 -5.04 -4.6
0.002308 -4.96 -4.6
0.002309 -4.96 -4.4
0.00231 -4.88 -4.2
0.002311 -4.88 -4.2
0.002312 -4.88 -4.2
0.002313 -4.8 -4
0.002314 -4.72 -4
0.002315 -4.64 -4
0.002316 -4.64 -4
0.002317 -4.64 -3.8
0.002318 -4.56 -3.8
0.002319 -4.48 -3.8
0.00232 -4.48 -3.4
0.002321 -4.4 -3.6
0.002322 -4.32 -3.4
0.002323 -4.32 -3.4
0.002324 -4.24 -3.4
0.002325 -4.16 -3.2
0.002326 -4.16 -3.2
0.002327 -4.16 -3
0.002328 -4 -3
0.002329 -4 -3
0.00233 -3.84 -3
0.002331 -3.84 -2.6
0.002332 -3.84 -2.6
0.002333 -3.68 -2.4
0.002334 -3.68 -2.4
0.002335 -3.6 -2.6
0.002336 -3.52 -2.4
0.002337 -3.36 -2.4
0.002338 -3.36 -2.2
0.002339 -3.28 -2
0.00234 -3.28 -2
0.002341 -3.2 -1.8
0.002342 -3.04 -1.8
0.002343 -3.04 -2
0.002344 -2.96 -1.6
0.002345 -2.88 -1.6
0.002346 -2.72 -1.4
0.002347 -2.72 -1.4
0.002348 -2.64 -1.4
0.002349 -2.56 -1.2
0.00235 -2.56 -1.2
0.002351 -2.4 -1
0.002352 -2.4 -1
0.002353 -2.24 -0.8
0.002354 -2.24 -0.8
0.002355 -2.08 -0.6
0.002356 -2 -0.6
0.002357 -2 -0.6
0.002358 -1.84 0
0.002359 -1.76 0
0.00236 -1.76 0
0.002361 -1.6 0
0.002362 -1.6 0
0.002363 -1.44 0.2
0.002364 -1.36 0.2
0.002365 -1.28 0.4
0.002366 -1.12 0.2
0.002367 -1.12 0.4
0.002368 -1.04 0.8
0.002369 -0.96 0.6
0.00237 -0.88 0.8
0.002371 -0.8 0.8
0.002372 -0.72 0.8
0.002373 -0.64 1.2
0.002374 -0.48 1
0.002375 -0.48 1.2
0.002376 -0.32 1.2
0.002377 -0.32 1.4
0.002378 -0.16 1.4
0.002379 -0.16 1.6
0.00238 0.08 1.6
0.002381 0.08 1.8
0.002382 0.24 1.8
0.002383 0.24 1.8
0.002384 0.32 2
0.002385 0.48 1.8
0.002386 0.56 2.2
0.002387 0.64 2.2
0.002388 0.64 2
0.002389 0.72 2.4
0.00239 0.88 2.4
0.002391 0.96 2.6
0.002392 1.04 2.6
0.002393 1.2 2.6
0.002394 1.2 2.8
0.002395 1.28 2.6
0.002396 1.36 3
0.002397 1.52 2.8
0.002398 1.52 3
0.002399 1.6 3
0.0024 1.68 3.2
0.002401 1.84 3.2
0.002402 1.84 3.2
0.002403 1.92 3.4
0.002404 2 3.4
0.002405 2.16 3.4
0.002406 2.16 3.6
0.002407 2.24 3.4
0.002408 2.32 3.6
0.002409 2.48 3.6
0.00241 2.48 4
0.002411 2.56 4
0.002412 2.64 4
0.002413 2.64 4
0.002414 2.8 4
0.002415 2.88 4.2
0.002416 2.96 4
0.002417 2.96 4.2
0.002418 3.12 4.2
0.002419 3.12 4.4
0.00242 3.2 4.2
0.002421 3.28 4.4
0.002422 3.44 4.4
0.002423 3.44 4.2
0.002424 3.52 4.4
0.002425 3.52 4.6
0.002426 3.6 4.6
0.002427 3.68 4.8
0.002428 3.76 4.8
0.002429 3.76 4.8
0.00243 3.84 4.6
0.002431 3.92 5
0.002432 3.92 5
0.002433 4.08 4.8
0.002434 4.08 5
0.002435 4.08 5
0.002436 4.16 5
0.002437 4.24 5
0.002438 4.24 5.2
0.002439 4.4 5
0.00244 4.4 5.2
0.002441 4.48 5.4
0.002442 4.48 5
0.002443 4.48 5.4
0.002444 4.56 5.2
0.002445 4.56 5.4
0.002446 4.72 5.4
0.002447 4.72 5.2
0.002448 4.8 5.4
0.002449 4.72 5.2
0.00245 4.88 5.2
0.002451 4.88 5.4
0.002452 4.96 5.2
0.002453 4.88 5.4
0.002454 4.96 5.4
0.002455 5.04 5.4
0.002456 5.04 5.4
0.002457 5.04 5.2
0.002458 5.12 5.4
0.002459 5.12 5.4
0.00246 5.12 5.4
0.002461 5.2 5.4
0.002462 5.12 5.4
0.002463 5.2 5.4
0.002464 5.2 5.4
0.002465 5.28 5.2
0.002466 5.2 5.2
0.002467 5.36 5.6
0.002468 5.28 5.2
0.002469 5.28 5.4
0.00247 5.36 5.2
0.002471 5.36 5.2
0.002472 5.36 5.2
0.002473 5.36 5
0.002474 5.36 5.2
0.002475 5.36 5
0.002476 5.36 5.2
0.002477 5.36 5.2
0.002478 5.36 5.2
0.002479 5.36 5
0.00248 5.36 5
0.002481 5.36 5
0.002482 5.36 4.8
0.002483 5.36 4.8
0.002484 5.36 4.8
0.002485 5.36 4.8
0.002486 5.36 4.8
0.002487 5.36 4.8
0.002488 5.36 4.8
0.002489 5.36 4.6
0.00249 5.2 4.6
0.002491 5.28 4.6
0.002492 5.2 4.4
0.002493 5.2 4.6
0.002494 5.2 4.4
0.002495 5.2 4.4
0.002496 5.2 4.2
0.002497 5.12 4.2
0.002498 5.12 4.2
0.002499 5.12 4.2
0.0025 5.12 4.2
0.002501 5.04 4
0.002502 5.04 4
0.002503 5.04 4
0.002504 4.96 3.8
0.002505 4.88 3.8
0.002506 4.88 3.8
0.002507 4.88 3.6
0.002508 4.88 3.6
0.002509 4.8 3.6
0.00251 4.72 3.6
0.002511 4.72 3.4
0.002512 4.72 3.4
0.002513 4.56 3.4
0.002514 4.56 3.2
0.002515 4.48 3.2
0.002516 4.48 3.2
0.002517 4.48 3.2
0.002518 4.4 3
0.002519 4.4 3
0.00252 4.32 2.8
0.002521 4.24 2.8
0.002522 4.16 2.6
0.002523 4.16 2.6
0.002524 4.08 2.6
0.002525 4.08 2.4
0.002526 3.92 2.4
0.002527 3.92 2.2
0.002528 3.84 2.2
0.002529 3.76 2
0.00253 3.76 2.2
0.002531 3.6 2
0.002532 3.6 1.8
0.002533 3.52 1.8
0.002534 3.52 1.8
0.002535 3.44 1.6
0.002536 3.28 1.8
0.002537 3.28 1.6
0.002538 3.2 1.4
0.002539 3.12 1.4
0.00254 3.12 1.2
0.002541 2.96 1.2
0.002542 2.88 1.2
0.002543 2.88 0.8
0.002544 2.8 0.8
0.002545 2.64 1
0.002546 2.56 0.8
0.002547 2.56 0.8
0.002548 2.48 0.6
0.002549 2.4 0.6
0.00255 2.32 0.2
0.002551 2.24 0.2
0.002552 2.16 0.2
0.002553 2.08 0.2
0.002554 2 0
0.002555 1.92 0
0.002556 1.84 -0.4
0.002557 1.76 -0.4
0.002558 1.68 -0.6
0.002559 1.6 -0.6
0.00256 1.52 -0.6
0.002561 1.52 -0.6
0.002562 1.36 -0.8
0.002563 1.36 -0.8
0.002564 1.2 -1
0.002565 1.12 -1
0.002566 1.04 -1
0.002567 0.96 -1.4
0.002568 0.88 -1.2
0.002569 0.8 -1.6
0.00257 0.72 -1.6
0.002571 0.56 -1.6
0.002572 0.56 -1.8
0.002573 0.4 -1.6
0.002574 0.4 -1.8
0.002575 0.24 -1.8
0.002576 0.24 -2
0.002577 0.08 -2.2
0.002578 0 -2.2
0.002579 -0.16 -2.2
0.00258 -0.16 -2.2
0.002581 -0.32 -2.6
0.002582 -0.4 -2.6
0.002583 -0.48 -2.4
0.002584 -0.56 -2.6
0.002585 -0.72 -2.8
0.002586 -0.72 -3
0.002587 -0.8 -2.8
0.002588 -0.96 -3
0.002589 -0.96 -3.2
0.00259 -1.12 -3.2
0.002591 -1.12 -3.4
0.002592 -1.2 -3.2
0.002593 -1.36 -3.4
0.002594 -1.44 -3.2
0.002595 -1.44 -3.4
0.002596 -1.6 -3.8
0.002597 -1.68 -3.8
0.002598 -1.76 -3.8
0.002599 -1.76 -3.8
0.0026 -1.92 -4
0.002601 -2 -4
0.002602 -2 -4
0.002603 -2.08 -4.2
0.002604 -2.24 -4.2
0.002605 -2.32 -4.2
0.002606 -2.4 -4.2
0.002607 -2.4 -4.4
0.002608 -2.56 -4.2
0.002609 -2.56 -4.6
0.00261 -2.64 -4.4
0.002611 -2.72 -4.6
0.002612 -2.88 -4.8
0.002613 -2.96 -4.8
0.002614 -2.96 -4.8
0.002615 -3.04 -4.8
0.002616 -3.12 -5
0.002617 -3.2 -4.8
0.002618 -3.28 -5
0.002619 -3.36 -5
0.00262 -3.36 -5
0.002621 -3.52 -5.2
0.002622 -3.52 -5.2
0.002623 -3.6 -5.2
0.002624 -3.68 -5.4
0.002625 -3.68 -5.4
0.002626 -3.84 -5.6
0.002627 -3.84 -5.4
0.002628 -3.92 -5.4
0.002629 -4 -5.6
0.00263 -4 -5.6
0.002631 -4.08 -5.6
0.002632 -4.16 -5.6
0.002633 -4.24 -5.8
0.002634 -4.24 -5.8
0.002635 -4.32 -5.6
0.002636 -4.32 -5.6
0.002637 -4.48 -5.8
0.002638 -4.48 -5.8
0.002639 -4.56 -5.8
0.00264 -4.56 -5.8
0.002641 -4.64 -5.8
0.002642 -4.64 -5.8
0.002643 -4.8 -5.8
0.002644 -4.72 -5.8
0.002645 -4.8 -6
0.002646 -4.88 -6
0.002647 -4.88 -6
0.002648 -4.96 -6
0.002649 -4.96 -6.2
0.00265 -5.04 -6.2
0.002651 -4.96 -5.8
0.002652 -5.04 -6.2
0.002653 -5.12 -6
0.002654 -5.12 -6
0.002655 -5.12 -6.4
0.002656 -5.2 -6.2
0.002657 -5.2 -6.2
0.002658 -5.28 -6.2
0.002659 -5.28 -6.2
0.00266 -5.28 -6
0.002661 -5.28 -6.2
0.002662 -5.28 -6
0.002663 -5.36 -6
0.002664 -5.44 -6
0.002665 -5.36 -6
0.002666 -5.44 -6
0.002667 -5.44 -5.8
0.002668 -5.44 -6
0.002669 -5.44 -5.8
0.00267 -5.52 -5.8
0.002671 -5.52 -6
0.002672 -5.52 -5.8
0.002673 -5.52 -5.8
0.002674 -5.52 -6
0.002675 -5.52 -5.8
0.002676 -5.6 -6
0.002677 -5.52 -5.8
0.002678 -5.52 -5.8
0.002679 -5.52 -5.8
0.00268 -5.52 -5.6
0.002681 -5.52 -5.8
0.002682 -5.52 -5.8
0.002683 -5.52 -5.8
0.002684 -5.52 -5.6
0.002685 -5.52 -5.8
0.002686 -5.52 -5.6
0.002687 -5.52 -5.6
0.002688 -5.52 -5.4
0.002689 -5.44 -5.6
0.00269 -5.44 -5.4
0.002691 -5.44 -5.2
0.002692 -5.44 -5.2
0.002693 -5.44 -5.2
0.002694 -5.44 -5.2
0.002695 -5.36 -5.2
0.002696 -5.44 -5
0.002697 -5.28 -5.2
0.002698 -5.28 -5
0.002699 -5.28 -4.8
0.0027 -5.2 -5
0.002701 -5.28 -4.8
0.002702 -5.2 -4.8
0.002703 -5.2 -4.6
0.002704 -5.12 -4.8
0.002705 -5.12 -4.6
0.002706 -5.12 -4.6
0.002707 -4.96 -4.4
0.002708 -4.96 -4.4
0.002709 -4.96 -4.2
0.00271 -4.88 -4
0.002711 -4.88 -4.2
0.002712 -4.8 -4.2
0.002713 -4.8 -4.2
0.002714 -4.8 -4
0.002715 -4.64 -3.8
0.002716 -4.64 -3.8
0.002717 -4.64 -3.8
0.002718 -4.56 -3.8
0.002719 -4.48 -3.8
0.00272 -4.48 -3.6
0.002721 -4.4 -3.6
0.002722 -4.32 -3.4
0.002723 -4.32 -3.4
0.002724 -4.24 -3.2
0.002725 -4.24 -3.2
0.002726 -4.16 -3.2
0.002727 -4 -3.2
0.002728 -4 -3.2
0.002729 -3.92 -2.8
0.00273 -3.92 -3
0.002731 -3.84 -2.6
0.002732 -3.76 -2.8
0.002733 -3.68 -2.6
0.002734 -3.6 -2.4
0.002735 -3.52 -2.4
0.002736 -3.52 -2.4
0.002737 -3.52 -2.4
0.002738 -3.36 -2.2
0.002739 -3.28 -2
0.00274 -3.28 -2
0.002741 -3.2 -2
0.002742 -3.04 -1.8
0.002743 -3.04 -1.8
0.002744 -2.96 -1.8
0.002745 -2.96 -1.4
0.002746 -2.88 -1.6
0.002747 -2.72 -1.2
0.002748 -2.64 -1.4
0.002749 -2.56 -1.4
0.00275 -2.48 -1
0.002751 -2.4 -1
0.002752 -2.32 -1
0.002753 -2.32 -0.8
0.002754 -2.24 -1
0.002755 -2.08 -0.6
0.002756 -2 -0.6
0.002757 -1.92 -0.4
0.002758 -1.92 -0.4
0.002759 -1.76 -0.6
0.00276 -1.76 0
0.002761 -1.68 0
0.002762 -1.6 0
0.002763 -1.44 0
0.002764 -1.44 0.2
0.002765 -1.28 0.2
0.002766 -1.28 0.2
0.002767 -1.12 0.4
0.002768 -1.04 0.6
0.002769 -1.04 0.8
0.00277 -0.96 0.8
0.002771 -0.8 0.8
0.002772 -0.72 0.8
0.002773 -0.64 1
0.002774 -0.48 1.2
0.002775 -0.48 1
0.002776 -0.32 1.2
0.002777 -0.32 1.2
0.002778 -0.16 1.2
0.002779 -0.16 1.6
0.00278 0.08 1.6
0.002781 0.16 1.8
0.002782 0.24 1.6
0.002783 0.24 1.8
0.002784 0.4 1.8
0.002785 0.4 2
0.002786 0.56 2.2
0.002787 0.64 2.2
0.002788 0.72 2.2
0.002789 0.88 2.4
0.00279 0.96 2.4
0.002791 0.96 2.4
0.002792 1.04 2.6
0.002793 1.12 2.6
0.002794 1.28 2.6
0.002795 1.28 2.8
0.002796 1.36 2.8
0.002797 1.52 3
0.002798 1.52 3
0.002799 1.6 3
0.0028 1.68 3.2
0.002801 1.68 3.2
0.002802 1.84 3.4
0.002803 2 3.4
0.002804 2 3.4
0.002805 2.16 3.4
0.002806 2.16 3.4
0.002807 2.24 3.6
0.002808 2.4 3.6
0.002809 2.48 4
0.00281 2.48 3.8
0.002811 2.56 3.8
0.002812 2.64 4
0.002813 2.72 4
0.002814 2.8 4
0.002815 2.88 4
0.002816 2.96 4.2
0.002817 3.04 4.2
0.002818 3.12 4.2
0.002819 3.12 4.2
0.00282 3.2 4.4
0.002821 3.28 4.4
0.002822 3.36 4.2
0.002823 3.44 4.4
0.002824 3.44 4.4
0.002825 3.6 4.6
0.002826 3.68 4.6
0.002827 3.68 4.6
0.002828 3.76 4.8
0.002829 3.84 4.6
0.00283 3.84 4.8
0.002831 3.92 4.8
0.002832 3.92 4.8
0.002833 4.08 5
0.002834 4.08 4.8
0.002835 4.16 5
0.002836 4.16 5
0.002837 4.24 5
0.002838 4.24 5.2
0.002839 4.32 5
0.00284 4.4 5.2
0.002841 4.48 5.2
0.002842 4.48 5.2
0.002843 4.48 5.4
0.002844 4.56 5.2
0.002845 4.72 5.2
0.002846 4.72 5.2
0.002847 4.72 5.2
0.002848 4.8 5.2
0.002849 4.8 5.4
0.00285 4.8 5.4
0.002851 4.88 5.4
0.002852 4.88 5.4
0.002853 4.96 5.2
0.002854 5.04 5.4
0.002855 5.04 5.2
0.002856 5.04 5.4
0.002857 5.04 5.4
0.002858 5.12 5.4
0.002859 5.12 5.4
0.00286 5.2 5.4
0.002861 5.2 5.4
0.002862 5.2 5.4
0.002863 5.2 5.4
0.002864 5.2 5.4
0.002865 5.28 5.4
0.002866 5.2 5.2
0.002867 5.28 5.2
0.002868 5.28 5.4
0.002869 5.28 5.2
0.00287 5.36 5.2
0.002871 5.36 5.2
0.002872 5.36 5.2
0.002873 5.36 5.2
0.002874 5.36 5
0.002875 5.36 5.2
0.002876 5.36 5
0.002877 5.36 5
0.002878 5.36 5.2
0.002879 5.36 5
0.00288 5.36 5
0.002881 5.36 5
0.002882 5.36 5
0.002883 5.36 5
0.002884 5.36 4.8
0.002885 5.36 4.8
0.002886 5.36 4.8
0.002887 5.36 4.8
0.002888 5.36 4.8
0.002889 5.36 4.8
0.00289 5.28 4.6
0.002891 5.28 4.6
0.002892 5.36 4.6
0.002893 5.2 4.4
0.002894 5.2 4.4
0.002895 5.2 4.4
0.002896 5.12 4.4
0.002897 5.12 4.2
0.002898 5.12 4
0.002899 5.04 4.2
0.0029 5.04 4
0.002901 5.04 4.2
0.002902 5.04 4
0.002903 5.04 4
0.002904 4.96 4
0.002905 4.88 3.8
0.002906 4.88 4
0.002907 4.88 3.8
0.002908 4.8 3.8
0.002909 4.72 3.4
0.00291 4.72 3.6
0.002911 4.72 3.4
0.002912 4.72 3.4
0.002913 4.56 3.4
0.002914 4.56 3.2
0.002915 4.48 3.4
0.002916 4.48 3.2
0.002917 4.4 3
0.002918 4.4 3.2
0.002919 4.32 2.8
0.00292 4.32 2.8
0.002921 4.24 2.8
0.002922 4.16 2.6
0.002923 4.08 2.8
0.002924 4.08 2.6
0.002925 3.92 2.6
0.002926 3.92 2.4
0.002927 3.84 2.2
0.002928 3.84 2.2
0.002929 3.76 2.2
0.00293 3.76 2
0.002931 3.68 2
0.002932 3.6 2
0.002933 3.52 1.8
0.002934 3.44 1.8
0.002935 3.44 1.6
0.002936 3.44 1.6
0.002937 3.28 1.6
0.002938 3.2 1.2
0.002939 3.12 1.2
0.00294 3.12 1.2
0.002941 2.96 1.2
0.002942 2.96 1.2
0.002943 2.88 0.8
0.002944 2.8 1
0.002945 2.72 0.8
0.002946 2.64 0.8
0.002947 2.48 0.8
0.002948 2.48 0.8
0.002949 2.48 0.4
0.00295 2.32 0.4
0.002951 2.24 0.2
0.002952 2.24 0.2
0.002953 2.08 0.2
0.002954 2 0
0.002955 1.92 0
0.002956 1.84 0
0.002957 1.84 -0.4
0.002958 1.68 -0.4
0.002959 1.6 -0.6
0.00296 1.52 -0.6
0.002961 1.52 -0.8
0.002962 1.36 -1
0.002963 1.28 -0.8
0.002964 1.2 -1
0.002965 1.2 -1
0.002966 1.04 -1
0.002967 0.96 -1.4
0.002968 0.88 -1.2
0.002969 0.8 -1.4
0.00297 0.64 -1.4
0.002971 0.64 -1.6
0.002972 0.56 -1.8
0.002973 0.4 -1.8
0.002974 0.32 -1.8
0.002975 0.24 -2
0.002976 0.24 -2
0.002977 0.16 -2
0.002978 0 -2.2
0.002979 0 -2.2
0.00298 -0.16 -2.4
0.002981 -0.32 -2.4
0.002982 -0.4 -2.4
0.002983 -0.48 -2.6
0.002984 -0.56 -2.6
0.002985 -0.64 -2.8
0.002986 -0.72 -2.8
0.002987 -0.8 -2.8
0.002988 -0.96 -3
0.002989 -1.04 -3.2
0.00299 -1.12 -3.2
0.002991 -1.12 -3.2
0.002992 -1.28 -3.4
0.002993 -1.28 -3.2
0.002994 -1.44 -3.4
0.002995 -1.44 -3.4
0.002996 -1.6 -3.6
0.002997 -1.6 -3.8
0.002998 -1.68 -3.8
0.002999 -1.76 -4
0.003 -1.92 -3.8
0.003001 -1.92 -4
0.003002 -2.08 -4
0.003003 -2.08 -4
0.003004 -2.24 -4.2
0.003005 -2.24 -4
0.003006 -2.32 -4.2
0.003007 -2.4 -4.4
0.003008 -2.48 -4.2
0.003009 -2.56 -4.4
0.00301 -2.64 -4.4
0.003011 -2.72 -4.6
0.003012 -2.8 -4.6
0.003013 -2.88 -4.8
0.003014 -2.96 -4.6
0.003015 -3.04 -4.8
0.003016 -3.12 -4.8
0.003017 -3.2 -4.8
0.003018 -3.28 -5
0.003019 -3.28 -5
0.00302 -3.36 -5
0.003021 -3.44 -5.2
0.003022 -3.6 -5
0.003023 -3.6 -5.2
0.003024 -3.68 -5.2
0.003025 -3.68 -5.4
0.003026 -3.68 -5.4
0.003027 -3.84 -5.4
0.003028 -3.92 -5.4
0.003029 -4 -5.4
0.00303 -4 -5.6
0.003031 -4.08 -5.6
0.003032 -4.16 -5.6
0.003033 -4.24 -5.8
0.003034 -4.24 -5.8
0.003035 -4.32 -5.6
0.003036 -4.32 -5.8
0.003037 -4.48 -5.8
0.003038 -4.48 -5.8
0.003039 -4.56 -5.8
0.00304 -4.56 -5.8
0.003041 -4.56 -5.8
0.003042 -4.64 -6
0.003043 -4.72 -5.8
0.003044 -4.8 -6
0.003045 -4.8 -5.8
0.003046 -4.88 -5.8
0.003047 -4.88 -6.2
0.003048 -4.96 -5.8
0.003049 -4.96 -5.8
0.00305 -4.96 -6
0.003051 -5.04 -6.2
0.003052 -5.04 -6
0.003053 -5.12 -6.2
0.003054 -5.2 -6
0.003055 -5.2 -6.2
0.003056 -5.2 -6.2
0.003057 -5.2 -6
0.003058 -5.2 -6.2
0.003059 -5.28 -6.2
0.00306 -5.28 -6
0.003061 -5.36 -6.2
0.003062 -5.28 -6
0.003063 -5.36 -6
0.003064 -5.44 -6
0.003065 -5.44 -6
0.003066 -5.44 -6.2
0.003067 -5.52 -6
0.003068 -5.44 -6
0.003069 -5.44 -6
0.00307 -5.52 -6
0.003071 -5.52 -6
0.003072 -5.52 -5.8
0.003073 -5.44 -5.8
0.003074 -5.6 -5.8
0.003075 -5.52 -5.8
0.003076 -5.52 -5.8
0.003077 -5.6 -5.8
0.003078 -5.52 -5.8
0.003079 -5.52 -6
0.00308 -5.52 -5.6
0.003081 -5.52 -5.6
0.003082 -5.52 -5.8
0.003083 -5.52 -5.6
0.003084 -5.52 -5.6
0.003085 -5.52 -5.6
0.003086 -5.44 -5.6
0.003087 -5.44 -5.6
0.003088 -5.52 -5.4
0.003089 -5.44 -5.6
0.00309 -5.44 -5.4
0.003091 -5.52 -5.4
0.003092 -5.44 -5.4
0.003093 -5.44 -5.2
0.003094 -5.44 -5.2
0.003095 -5.28 -5
0.003096 -5.28 -5.2
0.003097 -5.28 -5
0.003098 -5.28 -5
0.003099 -5.28 -4.8
0.0031 -5.2 -5
0.003101 -5.28 -5
0.003102 -5.2 -4.8
0.003103 -5.2 -4.8
0.003104 -5.12 -4.6
0.003105 -5.12 -4.6
0.003106 -5.12 -4.6
0.003107 -4.96 -4.4
0.003108 -4.96 -4.4
0.003109 -4.96 -4.2
0.00311 -4.96 -4.2
0.003111 -4.88 -4.2
0.003112 -4.88 -4.2
0.003113 -4.8 -4
0.003114 -4.72 -4
0.003115 -4.64 -4
0.003116 -4.64 -3.8
0.003117 -4.64 -3.8
0.003118 -4.56 -3.8
0.003119 -4.48 -3.8
0.00312 -4.48 -3.6
0.003121 -4.4 -3.4
0.003122 -4.32 -3.4
0.003123 -4.32 -3.4
0.003124 -4.24 -3.4
0.003125 -4.16 -3.2
0.003126 -4.16 -3.2
0.003127 -4.08 -3
0.003128 -4 -3
0.003129 -3.92 -3
0.00313 -3.92 -2.8
0.003131 -3.84 -2.8
0.003132 -3.68 -2.6
0.003133 -3.68 -2.6
0.003134 -3.6 -2.6
0.003135 -3.6 -2.4
0.003136 -3.6 -2.6
0.003137 -3.36 -2.2
0.003138 -3.36 -2.2
0.003139 -3.28 -2.2
0.00314 -3.28 -2
0.003141 -3.12 -2
0.003142 -3.04 -1.8
0.003143 -3.04 -1.8
0.003144 -2.96 -1.6
0.003145 -2.88 -1.4
0.003146 -2.72 -1.6
0.003147 -2.72 -1.4
0.003148 -2.72 -1.2
0.003149 -2.56 -1.2
0.00315 -2.56 -1
0.003151 -2.4 -1
0.003152 -2.4 -1
0.003153 -2.24 -0.8
0.003154 -2.16 -0.8
0.003155 -2.08 -0.8
0.003156 -2.08 -0.6
0.003157 -2 -0.6
0.003158 -1.84 0
0.003159 -1.76 0
0.00316 -1.68 -0.4
0.003161 -1.6 0.2
0.003162 -1.52 0
0.003163 -1.44 0.2
0.003164 -1.36 0.2
0.003165 -1.36 0.2
0.003166 -1.28 0.4
0.003167 -1.12 0.4
0.003168 -1.04 0.8
0.003169 -0.96 0.6
0.00317 -0.88 0.8
0.003171 -0.8 0.8
0.003172 -0.8 1
0.003173 -0.64 1
0.003174 -0.48 1.2
0.003175 -0.48 1.2
0.003176 -0.4 1.4
0.003177 -0.32 1.4
0.003178 -0.16 1.4
0.003179 -0.16 1.6
0.00318 0 1.8
0.003181 0.16 1.6
0.003182 0.24 2
0.003183 0.24 1.8
0.003184 0.4 2
0.003185 0.48 2
0.003186 0.56 2
0.003187 0.64 2.2
0.003188 0.72 2.2
0.003189 0.8 2.4
0.00319 0.88 2.4
0.003191 0.96 2.4
0.003192 1.12 2.6
0.003193 1.2 2.6
0.003194 1.2 2.8
0.003195 1.28 2.8
0.003196 1.36 3
0.003197 1.52 3
0.003198 1.6 3
0.003199 1.6 3
0.0032 1.68 3
0.003201 1.84 3.4
0.003202 1.92 3.2
0.003203 1.92 3.4
0.003204 2 3.4
0.003205 2.16 3.4
0.003206 2.16 3.6
0.003207 2.24 3.6
0.003208 2.32 3.6
0.003209 2.4 3.6
0.00321 2.48 3.6
0.003211 2.56 4
0.003212 2.64 4
0.003213 2.72 4
0.003214 2.8 4
0.003215 2.8 4.2
0.003216 2.96 4
0.003217 2.96 4.2
0.003218 3.12 4.4
0.003219 3.12 4.2
0.00322 3.2 4.4
0.003221 3.28 4.4
0.003222 3.36 4.4
0.003223 3.44 4.6
0.003224 3.44 4.4
0.003225 3.6 4.6
0.003226 3.6 4.6
0.003227 3.68 4.8
0.003228 3.76 4.6
0.003229 3.76 4.6
0.00323 3.84 4.8
0.003231 3.92 4.8
0.003232 3.92 4.8
0.003233 4.08 4.8
0.003234 4.08 5
0.003235 4.08 5
0.003236 4.16 5
0.003237 4.24 5.2
0.003238 4.24 5.2
0.003239 4.4 5.2
0.00324 4.4 5
0.003241 4.48 5.2
0.003242 4.48 5.2
0.003243 4.56 5.2
0.003244 4.56 5.2
0.003245 4.64 5.2
0.003246 4.72 5.2
0.003247 4.72 5.2
0.003248 4.8 5.4
0.003249 4.8 5.6
0.00325 4.8 5.4
0.003251 4.88 5.4
0.003252 4.88 5.4
0.003253 4.96 5.4
0.003254 5.04 5.4
0.003255 5.04 5.4
0.003256 5.04 5.4
0.003257 5.04 5.4
0.003258 5.12 5.6
0.003259 5.12 5.4
0.00326 5.12 5.4
0.003261 5.12 5.2
0.003262 5.2 5.4
0.003263 5.2 5.4
0.003264 5.2 5.2
0.003265 5.2 5.6
0.003266 5.2 5.2
0.003267 5.36 5.4
0.003268 5.28 5.4
0.003269 5.36 5.2
0.00327 5.36 5.4
0.003271 5.36 5.2
0.003272 5.36 5.2
0.003273 5.36 5.2
0.003274 5.36 5.2
0.003275 5.36 5.2
0.003276 5.36 5.2
0.003277 5.36 5
0.003278 5.36 5
0.003279 5.36 5
0.00328 5.36 4.8
0.003281 5.36 5
0.003282 5.36 5
0.003283 5.36 4.8
0.003284 5.36 5
0.003285 5.36 4.8
0.003286 5.36 4.8
0.003287 5.36 4.6
0.003288 5.36 4.6
0.003289 5.36 4.8
0.00329 5.36 4.4
0.003291 5.28 4.6
0.003292 5.2 4.4
0.003293 5.2 4.4
0.003294 5.2 4.4
0.003295 5.2 4.4
0.003296 5.2 4.4
0.003297 5.2 4.2
0.003298 5.12 4.2
0.003299 5.04 4
0.0033 5.04 4.2
0.003301 5.04 4
0.003302 5.04 4
0.003303 5.04 4
0.003304 4.96 3.8
0.003305 4.96 4
0.003306 4.88 3.8
0.003307 4.88 3.8
0.003308 4.8 3.6
0.003309 4.8 3.6
0.00331 4.72 3.6
0.003311 4.72 3.4
0.003312 4.72 3.6
0.003313 4.56 3.4
0.003314 4.56 3.2
0.003315 4.56 3.2
0.003316 4.48 3.2
0.003317 4.4 3.2
0.003318 4.4 3.2
0.003319 4.4 3
0.00332 4.32 2.8
0.003321 4.24 2.8
0.003322 4.16 2.8
0.003323 4.08 2.6
0.003324 4.08 2.8
0.003325 4.08 2.4
0.003326 4 2.4
0.003327 3.92 2.4
0.003328 3.84 2.2
0.003329 3.76 2
0.00333 3.76 2
0.003331 3.6 2
0.003332 3.6 2
0.003333 3.52 1.8
0.003334 3.52 1.8
0.003335 3.36 1.8
0.003336 3.28 1.6
0.003337 3.28 1.4
0.003338 3.2 1.4
0.003339 3.2 1.2
0.00334 3.12 1.4
0.003341 2.96 1
0.003342 2.88 1
0.003343 2.8 1
0.003344 2.8 0.8
0.003345 2.64 0.8
0.003346 2.64 0.8
0.003347 2.56 0.6
0.003348 2.48 0.6
0.003349 2.4 0.4
0.00335 2.32 0.4
0.003351 2.24 0.2
0.003352 2.16 0.2
0.003353 2.16 0.2
0.003354 2 0
0.003355 1.92 0
0.003356 1.84 0
0.003357 1.84 0
0.003358 1.68 -0.4
0.003359 1.6 -0.4
0.00336 1.52 -0.6
0.003361 1.52 -0.8
0.003362 1.44 -0.8
0.003363 1.36 -1
0.003364 1.2 -1
0.003365 1.12 -1
0.003366 1.04 -1
0.003367 0.96 -1.2
0.003368 0.88 -1.4
0.003369 0.88 -1.4
0.00337 0.72 -1.6
0.003371 0.64 -1.4
0.003372 0.56 -1.6
0.003373 0.48 -1.8
0.003374 0.4 -1.8
0.003375 0.24 -2
0.003376 0.24 -2
0.003377 0.08 -2
0.003378 0.08 -2.2
0.003379 -0.16 -2.2
0.00338 -0.16 -2.4
0.003381 -0.32 -2.4
0.003382 -0.32 -2.6
0.003383 -0.48 -2.6
0.003384 -0.56 -2.8
0.003385 -0.64 -2.8
0.003386 -0.72 -3
0.003387 -0.8 -3
0.003388 -0.88 -2.8
0.003389 -0.96 -3.2
0.00339 -1.04 -3
0.003391 -1.2 -3.2
0.003392 -1.28 -3.4
0.003393 -1.36 -3.2
0.003394 -1.36 -3.4
0.003395 -1.44 -3.4
0.003396 -1.6 -3.8
0.003397 -1.68 -3.6
0.003398 -1.76 -3.8
0.003399 -1.84 -3.8
0.0034 -1.92 -4
0.003401 -2 -4
0.003402 -2.08 -4
0.003403 -2.08 -4.2
0.003404 -2.24 -4.2
0.003405 -2.32 -4.2
0.003406 -2.32 -4.2
0.003407 -2.48 -4.4
0.003408 -2.56 -4.6
0.003409 -2.56 -4.4
0.00341 -2.64 -4.6
0.003411 -2.72 -4.6
0.003412 -2.88 -4.6
0.003413 -2.88 -4.6
0.003414 -2.96 -4.6
0.003415 -3.04 -4.8
0.003416 -3.04 -4.8
0.003417 -3.2 -4.8
0.003418 -3.28 -5
0.003419 -3.36 -5
0.00342 -3.44 -5
0.003421 -3.44 -5
0.003422 -3.52 -5.2
0.003423 -3.6 -5.2
0.003424 -3.68 -5.2
0.003425 -3.68 -5.2
0.003426 -3.68 -5.4
0.003427 -3.84 -5.4
0.003428 -3.92 -5.2
0.003429 -4 -5.6
0.00343 -4 -5.6
0.003431 -4.16 -5.6
0.003432 -4.16 -5.6
0.003433 -4.16 -5.6
0.003434 -4.24 -5.6
0.003435 -4.24 -5.6
0.003436 -4.32 -5.8
0.003437 -4.32 -5.8
0.003438 -4.48 -5.8
0.003439 -4.48 -5.8
0.00344 -4.56 -5.8
0.003441 -4.64 -6
0.003442 -4.64 -5.8
0.003443 -4.72 -6
0.003444 -4.8 -5.8
0.003445 -4.8 -5.8
0.003446 -4.88 -5.8
0.003447 -4.88 -5.8
0.003448 -4.96 -6
0.003449 -4.96 -6
0.00345 -4.96 -6.2
0.003451 -5.12 -6
0.003452 -5.04 -5.8
0.003453 -5.12 -6
0.003454 -5.12 -6.2
0.003455 -5.2 -6
0.003456 -5.2 -6.2
0.003457 -5.2 -6
0.003458 -5.28 -5.8
0.003459 -5.28 -6
0.00346 -5.28 -6
0.003461 -5.36 -6.2
0.003462 -5.36 -6.2
0.003463 -5.28 -6
0.003464 -5.44 -6
0.003465 -5.44 -6
0.003466 -5.44 -6
0.003467 -5.44 -6.2
0.003468 -5.44 -5.8
0.003469 -5.44 -6
0.00347 -5.52 -6
0.003471 -5.52 -6
0.003472 -5.52 -6
0.003473 -5.52 -5.8
0.003474 -5.52 -5.8
0.003475 -5.52 -5.8
0.003476 -5.52 -5.8
0.003477 -5.6 -5.8
0.003478 -5.52 -5.6
0.003479 -5.6 -5.8
0.00348 -5.52 -5.8
0.003481 -5.52 -5.6
0.003482 -5.52 -5.6
0.003483 -5.52 -5.6
0.003484 -5.52 -5.6
0.003485 -5.52 -5.6
0.003486 -5.52 -5.6
0.003487 -5.52 -5.4
0.003488 -5.52 -5.6
0.003489 -5.44 -5.4
0.00349 -5.52 -5.6
0.003491 -5.44 -5.4
0.003492 -5.44 -5.2
0.003493 -5.36 -5.4
0.003494 -5.44 -5
0.003495 -5.44 -5.2
0.003496 -5.28 -5
0.003497 -5.28 -5
0.003498 -5.28 -5
0.003499 -5.28 -4.8
0.0035 -5.28 -5
0.003501 -5.28 -4.8
0.003502 -5.2 -4.8
0.003503 -5.2 -4.6
0.003504 -5.12 -4.8
0.003505 -5.12 -4.6
0.003506 -5.12 -4.6
0.003507 -4.96 -4.6
0.003508 -4.96 -4.2
0.003509 -4.96 -4.4
0.00351 -4.96 -4.2
0.003511 -4.88 -4.2
0.003512 -4.8 -4.2
0.003513 -4.8 -4
0.003514 -4.8 -4
0.003515 -4.72 -3.8
0.003516 -4.64 -3.8
0.003517 -4.64 -3.8
0.003518 -4.56 -3.6
0.003519 -4.48 -3.8
0.00352 -4.48 -3.4
0.003521 -4.32 -3.4
0.003522 -4.32 -3.4
0.003523 -4.32 -3.4
0.003524 -4.24 -3.2
0.003525 -4.16 -3.2
0.003526 -4.16 -3.2
0.003527 -4 -3
0.003528 -4 -3
0.003529 -4 -3
0.00353 -3.92 -2.8
0.003531 -3.84 -2.8
0.003532 -3.68 -2.6
0.003533 -3.68 -2.6
0.003534 -3.68 -2.4
0.003535 -3.6 -2.4
0.003536 -3.52 -2.4
0.003537 -3.44 -2.2
0.003538 -3.36 -2.2
0.003539 -3.28 -2.2
0.00354 -3.2 -2
0.003541 -3.12 -1.8
0.003542 -3.12 -1.8
0.003543 -2.96 -1.8
0.003544 -2.96 -1.6
0.003545 -2.88 -1.6
0.003546 -2.88 -1.6
0.003547 -2.72 -1.4
0.003548 -2.64 -1.2
0.003549 -2.56 -1.2
0.00355 -2.48 -1
0.003551 -2.4 -1
0.003552 -2.32 -1
0.003553 -2.32 -0.8
0.003554 -2.24 -0.8
0.003555 -2.08 -0.6
0.003556 -2 -0.6
0.003557 -1.92 -0.6
0.003558 -1.92 -0.4
0.003559 -1.76 -0.4
0.00356 -1.68 0
0.003561 -1.6 0
0.003562 -1.6 0
0.003563 -1.44 0
0.003564 -1.44 0.2
0.003565 -1.28 0.4
0.003566 -1.2 0.2
0.003567 -1.12 0.8
0.003568 -1.04 0.6
0.003569 -0.96 0.8
0.00357 -0.96 0.8
0.003571 -0.8 0.8
0.003572 -0.72 1
0.003573 -0.64 1
0.003574 -0.48 1.2
0.003575 -0.48 1.2
0.003576 -0.32 1.2
0.003577 -0.24 1.4
0.003578 -0.16 1.4
0.003579 -0.16 1.6
0.00358 0.08 1.6
0.003581 0.24 1.8
0.003582 0.24 1.6
0.003583 0.32 1.8
0.003584 0.4 1.8
0.003585 0.4 2
0.003586 0.56 2.2
0.003587 0.64 2.2
0.003588 0.72 2.2
0.003589 0.72 2.4
0.00359 0.88 2.4
0.003591 0.96 2.6
0.003592 1.04 2.4
0.003593 1.12 2.6
0.003594 1.2 2.6
0.003595 1.36 2.8
0.003596 1.36 3
0.003597 1.44 2.8
0.003598 1.52 3
0.003599 1.6 3.2
0.0036 1.68 3.2
0.003601 1.76 3.2
0.003602 1.92 3.4
0.003603 1.92 3.2
0.003604 2.08 3.4
0.003605 2.16 3.6
0.003606 2.16 3.4
0.003607 2.24 3.6
0.003608 2.4 3.6
0.003609 2.48 3.8
0.00361 2.48 3.6
0.003611 2.56 3.8
0.003612 2.64 4
0.003613 2.72 4
0.003614 2.8 4.2
0.003615 2.88 4
0.003616 2.96 4
0.003617 2.96 4.2
0.003618 3.12 4.2
0.003619 3.2 4.4
0.00362 3.28 4.2
0.003621 3.28 4.4
0.003622 3.44 4.4
0.003623 3.44 4.4
0.003624 3.52 4.6
0.003625 3.6 4.6
0.003626 3.6 4.8
0.003627 3.76 4.6
0.003628 3.76 4.8
0.003629 3.76 4.8
0.00363 3.84 4.8
0.003631 3.92 5
0.003632 4 4.8
0.003633 4.08 5
0.003634 4.08 4.8
0.003635 4.16 5
0.003636 4.16 5
0.003637 4.24 5
0.003638 4.24 5
0.003639 4.4 5
0.00364 4.4 5
0.003641 4.48 5
0.003642 4.48 5.2
0.003643 4.56 5.2
0.003644 4.56 5.2
0.003645 4.72 5.2
0.003646 4.72 5.2
0.003647 4.72 5.4
0.003648 4.8 5.2
0.003649 4.8 5.2
0.00365 4.8 5.2
0.003651 4.88 5.2
0.003652 4.96 5.4
0.003653 4.96 5.4
0.003654 5.04 5.2
0.003655 5.04 5.4
0.003656 5.04 5.4
0.003657 5.04 5.2
0.003658 5.04 5.4
0.003659 5.12 5.4
0.00366 5.12 5.6
0.003661 5.12 5.2
0.003662 5.2 5.4
0.003663 5.2 5.4
0.003664 5.2 5.2
0.003665 5.2 5.2
0.003666 5.36 5.6
0.003667 5.36 5.2
0.003668 5.36 5.4
0.003669 5.36 5.2
0.00367 5.36 5
0.003671 5.36 5.4
0.003672 5.36 5.2
0.003673 5.36 5.2
0.003674 5.36 5.2
0.003675 5.36 5
0.003676 5.36 5.2
0.003677 5.36 5
0.003678 5.44 5.2
0.003679 5.36 5
0.00368 5.36 5
0.003681 5.44 5
0.003682 5.44 5
0.003683 5.36 4.8
0.003684 5.36 4.8
0.003685 5.36 4.8
0.003686 5.36 4.8
0.003687 5.36 4.6
0.003688 5.36 4.8
0.003689 5.36 4.6
0.00369 5.36 4.6
0.003691 5.28 4.4
0.003692 5.2 4.6
0.003693 5.2 4.4
0.003694 5.2 4.4
0.003695 5.2 4.4
0.003696 5.12 4.2
0.003697 5.2 4.2
0.003698 5.12 4.2
0.003699 5.12 4.2
0.0037 5.04 4.4
0.003701 5.04 4
0.003702 5.04 4.2
0.003703 5.04 3.8
0.003704 4.96 4
0.003705 4.96 3.8
0.003706 4.88 3.8
0.003707 4.88 3.8
0.003708 4.8 3.6
0.003709 4.8 3.6
0.00371 4.72 3.4
0.003711 4.72 3.4
0.003712 4.64 3.2
0.003713 4.56 3.2
0.003714 4.56 3.4
0.003715 4.56 3
0.003716 4.48 3.2
0.003717 4.4 3
0.003718 4.4 3.2
0.003719 4.32 3
0.00372 4.24 3
0.003721 4.16 2.8
0.003722 4.16 2.8
0.003723 4.08 2.8
0.003724 4.08 2.6
0.003725 4.08 2.4
0.003726 3.92 2.4
0.003727 3.84 2.2
0.003728 3.84 2.2
0.003729 3.76 2
0.00373 3.76 2.2
0.003731 3.68 2
0.003732 3.6 1.8
0.003733 3.52 1.8
0.003734 3.44 1.8
0.003735 3.44 1.6
0.003736 3.36 1.6
0.003737 3.28 1.6
0.003738 3.2 1.4
0.003739 3.12 1.4
0.00374 3.12 1.2
0.003741 2.96 1
0.003742 2.88 1
0.003743 2.8 1
0.003744 2.8 1
0.003745 2.8 0.8
0.003746 2.64 0.8
0.003747 2.56 0.8
0.003748 2.48 0.6
0.003749 2.4 0.4
0.00375 2.32 0.2
0.003751 2.24 0.4
0.003752 2.16 0.2
0.003753 2.08 0.2
0.003754 2 0.2
0.003755 1.92 -0.4
0.003756 1.84 -0.4
0.003757 1.84 -0.4
0.003758 1.68 -0.4
0.003759 1.6 -0.4
0.00376 1.52 -0.6
0.003761 1.52 -0.6
0.003762 1.36 -0.8
0.003763 1.28 -0.8
0.003764 1.2 -1
0.003765 1.2 -1
0.003766 1.04 -1.2
0.003767 0.96 -1.2
0.003768 0.88 -1.2
0.003769 0.8 -1.4
0.00377 0.8 -1.4
0.003771 0.64 -1.6
0.003772 0.56 -1.6
0.003773 0.48 -1.8
0.003774 0.32 -2
0.003775 0.32 -1.8
0.003776 0.24 -1.8
0.003777 0.08 -2
0.003778 0 -2.2
0.003779 -0.16 -2.4
0.00378 -0.16 -2.4
0.003781 -0.32 -2.4
0.003782 -0.4 -2.6
0.003783 -0.48 -2.6
0.003784 -0.48 -2.6
0.003785 -0.64 -2.6
0.003786 -0.72 -3
0.003787 -0.8 -3
0.003788 -0.88 -3
0.003789 -0.96 -3
0.00379 -1.12 -3.2
0.003791 -1.12 -3.2
0.003792 -1.28 -3.4
0.003793 -1.28 -3.4
0.003794 -1.36 -3.4
0.003795 -1.44 -3.6
0.003796 -1.6 -3.6
0.003797 -1.68 -3.8
0.003798 -1.76 -3.8
0.003799 -1.76 -3.8
0.0038 -1.92 -4
0.003801 -2 -3.8
0.003802 -2.08 -4.2
0.003803 -2.08 -4
0.003804 -2.24 -4
0.003805 -2.32 -4.2
0.003806 -2.4 -4.2
0.003807 -2.48 -4.4
0.003808 -2.56 -4.4
0.003809 -2.56 -4.6
0.00381 -2.64 -4.4
0.003811 -2.72 -4.6
0.003812 -2.88 -4.6
0.003813 -2.96 -4.8
0.003814 -2.96 -4.8
0.003815 -3.04 -4.6
0.003816 -3.04 -5
0.003817 -3.2 -4.8
0.003818 -3.28 -5
0.003819 -3.36 -5
0.00382 -3.36 -5
0.003821 -3.52 -5.2
0.003822 -3.52 -5
0.003823 -3.52 -5.2
0.003824 -3.68 -5.2
0.003825 -3.68 -5.2
0.003826 -3.76 -5.4
0.003827 -3.84 -5.4
0.003828 -3.92 -5.6
0.003829 -4 -5.4
0.00383 -4 -5.6
0.003831 -4.08 -5.6
0.003832 -4.08 -5.6
0.003833 -4.16 -5.6
0.003834 -4.24 -5.8
0.003835 -4.32 -5.6
0.003836 -4.4 -5.6
0.003837 -4.4 -5.8
0.003838 -4.48 -5.8
0.003839 -4.48 -5.8
0.00384 -4.64 -5.8
0.003841 -4.56 -5.8
0.003842 -4.64 -6
0.003843 -4.64 -6
0.003844 -4.72 -5.8
0.003845 -4.8 -6
0.003846 -4.88 -6
0.003847 -4.96 -6
0.003848 -4.88 -6
0.003849 -4.96 -6
0.00385 -4.96 -6
0.003851 -5.04 -6
0.003852 -5.04 -6.2
0.003853 -5.12 -6
0.003854 -5.12 -6.2
0.003855 -5.12 -6
0.003856 -5.2 -6
0.003857 -5.28 -6
0.003858 -5.28 -6
0.003859 -5.28 -6.2
0.00386 -5.28 -6
0.003861 -5.28 -6
0.003862 -5.36 -6
0.003863 -5.36 -6
0.003864 -5.44 -6
0.003865 -5.44 -6
0.003866 -5.44 -6
0.003867 -5.44 -6
0.003868 -5.52 -5.8
0.003869 -5.44 -5.8
0.00387 -5.44 -6
0.003871 -5.52 -6
0.003872 -5.52 -5.8
0.003873 -5.52 -6
0.003874 -5.52 -5.8
0.003875 -5.52 -5.8
0.003876 -5.52 -5.8
0.003877 -5.6 -5.8
0.003878 -5.52 -6
0.003879 -5.52 -5.8
0.00388 -5.52 -5.8
0.003881 -5.52 -5.6
0.003882 -5.52 -5.6
0.003883 -5.52 -5.8
0.003884 -5.6 -5.6
0.003885 -5.52 -5.6
0.003886 -5.52 -5.4
0.003887 -5.52 -5.4
0.003888 -5.44 -5.4
0.003889 -5.52 -5.4
0.00389 -5.44 -5.2
0.003891 -5.52 -5.4
0.003892 -5.44 -5.2
0.003893 -5.44 -5.2
0.003894 -5.44 -5.2
0.003895 -5.28 -5
0.003896 -5.28 -5
0.003897 -5.28 -5
0.003898 -5.28 -4.8
0.003899 -5.28 -4.8
0.0039 -5.28 -4.8
0.003901 -5.2 -5
0.003902 -5.2 -4.8
0.003903 -5.2 -4.6
0.003904 -5.2 -4.8
0.003905 -5.12 -4.6
0.003906 -5.04 -4.8
0.003907 -4.96 -4.4
0.003908 -4.96 -4.4
0.003909 -4.96 -4.4
0.00391 -4.88 -4.2
0.003911 -4.88 -4.2
0.003912 -4.8 -4.2
0.003913 -4.8 -4.2
0.003914 -4.72 -4
0.003915 -4.64 -4
0.003916 -4.64 -4
0.003917 -4.64 -3.8
0.003918 -4.56 -3.8
0.003919 -4.48 -3.6
0.00392 -4.48 -3.6
0.003921 -4.48 -3.4
0.003922 -4.32 -3.4
0.003923 -4.32 -3.4
0.003924 -4.24 -3.2
0.003925 -4.16 -3.2
0.003926 -4.16 -3
0.003927 -4.08 -3
0.003928 -4 -3
0.003929 -4 -2.8
0.00393 -3.92 -3
0.003931 -3.84 -2.8
0.003932 -3.68 -2.4
0.003933 -3.68 -2.4
0.003934 -3.6 -2.4
0.003935 -3.6 -2.4
0.003936 -3.52 -2.4
0.003937 -3.44 -2.4
0.003938 -3.36 -2
0.003939 -3.28 -2
0.00394 -3.2 -2
0.003941 -3.12 -2
0.003942 -3.04 -2
0.003943 -3.04 -1.6
0.003944 -2.88 -1.6
0.003945 -2.88 -1.6
0.003946 -2.72 -1.6
0.003947 -2.72 -1.4
0.003948 -2.64 -1.4
0.003949 -2.56 -1.2
0.00395 -2.4 -1.2
0.003951 -2.4 -1.2
0.003952 -2.32 -1
0.003953 -2.24 -1
0.003954 -2.16 -0.8
0.003955 -2.08 -0.8
0.003956 -2.08 -0.6
0.003957 -1.92 -0.6
0.003958 -1.84 -0.6
0.003959 -1.76 -0.4
0.00396 -1.68 -0.4
0.003961 -1.6 0
0.003962 -1.6 0.2
0.003963 -1.44 0
0.003964 -1.36 0.2
0.003965 -1.36 0.2
0.003966 -1.28 0.4
0.003967 -1.12 0.4
0.003968 -1.04 0.4
0.003969 -0.96 0.8
0.00397 -0.8 0.8
0.003971 -0.8 0.8
0.003972 -0.72 0.8
0.003973 -0.64 1.2
0.003974 -0.48 1.2
0.003975 -0.48 1.2
0.003976 -0.4 1.4
0.003977 -0.32 1.2
0.003978 -0.16 1.6
0.003979 -0.16 1.6
0.00398 0.08 1.6
0.003981 0.16 1.6
0.003982 0.24 1.8
0.003983 0.24 2
0.003984 0.4 1.8
0.003985 0.4 2.2
0.003986 0.56 2
0.003987 0.64 2
0.003988 0.72 2.4
0.003989 0.8 2.4
0.00399 0.88 2.4
0.003991 0.96 2.6
0.003992 1.04 2.6
0.003993 1.2 2.6
0.003994 1.2 2.8
0.003995 1.28 2.8
0.003996 1.36 2.8
0.003997 1.52 3
0.003998 1.6 3
0.003999 1.6 3.2
