0 5.68 5.52
1e-06 5.68 5.52
2e-06 -5.84 -5.68
3e-06 -5.92 -5.68
4e-06 -5.84 -5.68
5e-06 -5.84 -5.68
6e-06 -5.92 -5.76
7e-06 -5.84 -5.76
8e-06 -5.84 -5.68
9e-06 -5.92 -5.68
1e-05 -5.84 -5.68
1.1e-05 -5.84 -5.68
1.2e-05 -5.84 -5.76
1.3e-05 -5.84 -5.68
1.4e-05 -5.84 -5.68
1.5e-05 -5.84 -5.68
1.6e-05 -5.92 -5.76
1.7e-05 -5.84 -5.68
1.8e-05 -5.92 -5.68
1.9e-05 -5.84 -5.68
2e-05 -5.84 -5.68
2.1e-05 -5.76 -5.76
2.2e-05 -5.84 -5.76
2.3e-05 -5.84 -5.68
2.4e-05 -5.84 -5.76
2.5e-05 -5.92 -5.68
2.6e-05 -5.84 -5.76
2.7e-05 -5.84 -5.68
2.8e-05 -5.84 -5.68
2.9e-05 -5.84 -5.68
3e-05 -5.84 -5.68
3.1e-05 -5.92 -5.76
3.2e-05 -5.84 -5.76
3.3e-05 -5.84 -5.68
3.4e-05 -5.92 -5.76
3.5e-05 -5.84 -5.68
3.6e-05 -5.84 -5.68
3.7e-05 -5.84 -5.68
3.8e-05 -5.84 -5.68
3.9e-05 -5.84 -5.68
4e-05 -5.84 -5.68
4.1e-05 -5.84 -5.68
4.2e-05 -5.84 -5.76
4.3e-05 -5.76 -5.68
4.4e-05 -5.76 -5.68
4.5e-05 -5.76 -5.68
4.6e-05 -5.84 -5.68
4.7e-05 -5.84 -5.68
4.8e-05 -5.84 -5.68
4.9e-05 -5.84 -5.68
5e-05 -5.84 -5.68
5.1e-05 -5.76 -5.68
5.2e-05 -5.76 -5.68
5.3e-05 -5.84 -5.68
5.4e-05 -5.76 -5.68
5.5e-05 -5.76 -5.68
5.6e-05 -5.84 -5.68
5.7e-05 -5.76 -5.68
5.8e-05 -5.76 -5.6
5.9e-05 -5.76 -5.68
6e-05 -5.76 -5.6
6.1e-05 -5.76 -5.68
6.2e-05 -5.76 -5.68
6.3e-05 -5.76 -5.6
6.4e-05 -5.84 -5.68
6.5e-05 -5.76 -5.68
6.6e-05 -5.76 -5.6
6.7e-05 -5.76 -5.68
6.8e-05 -5.76 -5.6
6.9e-05 -5.76 -5.6
7e-05 -5.76 -5.6
7.1e-05 -5.76 -5.6
7.2e-05 -5.76 -5.6
7.3e-05 -5.76 -5.52
7.4e-05 -5.76 -5.6
7.5e-05 -5.68 -5.6
7.6e-05 -5.68 -5.68
7.7e-05 -5.68 -5.68
7.8e-05 -5.76 -5.52
7.9e-05 -5.68 -5.6
8e-05 -5.68 -5.52
8.1e-05 -5.6 -5.6
8.2e-05 -5.6 -5.52
8.3e-05 -5.6 -5.52
8.4e-05 -5.6 -5.6
8.5e-05 -5.6 -5.52
8.6e-05 -5.6 -5.52
8.7e-05 -5.6 -5.52
8.8e-05 -5.6 -5.44
8.9e-05 -5.6 -5.52
9e-05 -5.6 -5.52
9.1e-05 -5.6 -5.52
9.2e-05 -5.6 -5.52
9.3e-05 -5.6 -5.52
9.4e-05 -5.6 -5.52
9.5e-05 -5.6 -5.44
9.6e-05 -5.6 -5.52
9.7e-05 -5.6 -5.52
9.8e-05 -5.6 -5.44
9.9e-05 -5.52 -5.44
0.0001 -5.52 -5.44
0.000101 -5.6 -5.52
0.000102 -5.52 -5.44
0.000103 -5.52 -5.36
0.000104 -5.52 -5.44
0.000105 -5.52 -5.36
0.000106 -5.6 -5.44
0.000107 -5.52 -5.44
0.000108 -5.44 -5.36
0.000109 -5.52 -5.36
0.00011 -5.52 -5.36
0.000111 -5.52 -5.44
0.000112 -5.52 -5.36
0.000113 -5.44 -5.36
0.000114 -5.44 -5.36
0.000115 -5.44 -5.36
0.000116 -5.44 -5.36
0.000117 -5.36 -5.36
0.000118 -5.44 -5.28
0.000119 -5.36 -5.28
0.00012 -5.44 -5.28
0.000121 -5.36 -5.36
0.000122 -5.44 -5.36
0.000123 -5.28 -5.2
0.000124 -5.36 -5.28
0.000125 -5.28 -5.36
0.000126 -5.28 -5.2
0.000127 -5.36 -5.28
0.000128 -5.28 -5.2
0.000129 -5.28 -5.28
0.00013 -5.28 -5.2
0.000131 -5.28 -5.2
0.000132 -5.28 -5.2
0.000133 -5.28 -5.12
0.000134 -5.28 -5.2
0.000135 -5.28 -5.2
0.000136 -5.2 -5.12
0.000137 -5.2 -5.2
0.000138 -5.2 -5.12
0.000139 -5.2 -5.2
0.00014 -5.2 -5.12
0.000141 -5.2 -5.2
0.000142 -5.2 -5.12
0.000143 -5.12 -5.12
0.000144 -5.2 -5.12
0.000145 -5.2 -5.12
0.000146 -5.12 -5.04
0.000147 -5.2 -5.12
0.000148 -5.12 -5.04
0.000149 -5.12 -5.04
0.00015 -5.12 -5.04
0.000151 -5.12 -5.04
0.000152 -4.96 -5.04
0.000153 -5.12 -4.96
0.000154 -5.04 -5.04
0.000155 -5.04 -4.96
0.000156 -4.96 -4.96
0.000157 -4.96 -4.96
0.000158 -4.96 -4.88
0.000159 -4.96 -4.96
0.00016 -4.96 -4.88
0.000161 -4.96 -4.88
0.000162 -4.96 -4.88
0.000163 -4.96 -4.88
0.000164 -4.96 -4.88
0.000165 -4.96 -4.88
0.000166 -4.88 -4.8
0.000167 -4.88 -4.88
0.000168 -4.88 -4.8
0.000169 -4.88 -4.8
0.00017 -4.88 -4.88
0.000171 -4.88 -4.8
0.000172 -4.88 -4.8
0.000173 -4.8 -4.8
0.000174 -4.8 -4.8
0.000175 -4.8 -4.72
0.000176 -4.8 -4.72
0.000177 -4.8 -4.8
0.000178 -4.8 -4.72
0.000179 -4.8 -4.72
0.00018 -4.64 -4.72
0.000181 -4.72 -4.64
0.000182 -4.64 -4.64
0.000183 -4.64 -4.56
0.000184 -4.64 -4.56
0.000185 -4.64 -4.64
0.000186 -4.64 -4.56
0.000187 -4.64 -4.56
0.000188 -4.56 -4.56
0.000189 -4.56 -4.56
0.00019 -4.56 -4.56
0.000191 -4.56 -4.48
0.000192 -4.56 -4.48
0.000193 -4.56 -4.4
0.000194 -4.56 -4.48
0.000195 -4.48 -4.48
0.000196 -4.48 -4.4
0.000197 -4.48 -4.48
0.000198 -4.48 -4.4
0.000199 -4.48 -4.4
0.0002 -4.48 -4.4
0.000201 -4.4 -4.4
0.000202 -4.4 -4.4
0.000203 -4.32 -4.32
0.000204 -4.32 -4.32
0.000205 -4.32 -4.4
0.000206 -4.32 -4.32
0.000207 -4.32 -4.32
0.000208 -4.32 -4.24
0.000209 -4.32 -4.32
0.00021 -4.24 -4.24
0.000211 -4.24 -4.24
0.000212 -4.24 -4.24
0.000213 -4.24 -4.16
0.000214 -4.16 -4.16
0.000215 -4.16 -4.24
0.000216 -4.16 -4.16
0.000217 -4.16 -4.24
0.000218 -4.16 -4.16
0.000219 -4.16 -4.16
0.00022 -4.16 -4.16
0.000221 -4.08 -4.08
0.000222 -4 -4.16
0.000223 -4 -4.08
0.000224 -4 -4
0.000225 -4 -4.08
0.000226 -4 -4
0.000227 -4 -4
0.000228 -4 -4
0.000229 -4 -4
0.00023 -3.92 -4
0.000231 -4 -3.92
0.000232 -3.92 -3.92
0.000233 -3.92 -3.92
0.000234 -3.84 -3.84
0.000235 -3.84 -3.92
0.000236 -3.84 -3.84
0.000237 -3.92 -3.84
0.000238 -3.84 -3.84
0.000239 -3.76 -3.84
0.00024 -3.84 -3.84
0.000241 -3.68 -3.76
0.000242 -3.68 -3.76
0.000243 -3.68 -3.84
0.000244 -3.68 -3.76
0.000245 -3.68 -3.76
0.000246 -3.68 -3.68
0.000247 -3.68 -3.68
0.000248 -3.68 -3.68
0.000249 -3.68 -3.6
0.00025 -3.6 -3.6
0.000251 -3.52 -3.6
0.000252 -3.6 -3.6
0.000253 -3.6 -3.52
0.000254 -3.52 -3.6
0.000255 -3.52 -3.6
0.000256 -3.52 -3.52
0.000257 -3.52 -3.52
0.000258 -3.36 -3.44
0.000259 -3.52 -3.52
0.00026 -3.44 -3.52
0.000261 -3.36 -3.44
0.000262 -3.36 -3.44
0.000263 -3.36 -3.44
0.000264 -3.36 -3.36
0.000265 -3.28 -3.44
0.000266 -3.28 -3.28
0.000267 -3.28 -3.28
0.000268 -3.28 -3.28
0.000269 -3.2 -3.28
0.00027 -3.2 -3.36
0.000271 -3.2 -3.2
0.000272 -3.2 -3.2
0.000273 -3.2 -3.2
0.000274 -3.12 -3.2
0.000275 -3.04 -3.2
0.000276 -3.04 -3.12
0.000277 -3.04 -3.12
0.000278 -3.04 -3.12
0.000279 -3.04 -3.04
0.00028 -3.04 -3.04
0.000281 -3.04 -3.04
0.000282 -2.96 -3.04
0.000283 -3.04 -3.04
0.000284 -2.96 -2.96
0.000285 -2.96 -2.96
0.000286 -2.96 -2.96
0.000287 -2.88 -2.96
0.000288 -2.88 -2.96
0.000289 -2.88 -2.88
0.00029 -2.88 -2.96
0.000291 -2.72 -2.88
0.000292 -2.8 -2.88
0.000293 -2.8 -2.88
0.000294 -2.72 -2.8
0.000295 -2.72 -2.8
0.000296 -2.72 -2.72
0.000297 -2.72 -2.8
0.000298 -2.72 -2.8
0.000299 -2.56 -2.72
0.0003 -2.64 -2.72
0.000301 -2.64 -2.64
0.000302 -2.64 -2.64
0.000303 -2.56 -2.64
0.000304 -2.56 -2.64
0.000305 -2.48 -2.64
0.000306 -2.56 -2.56
0.000307 -2.56 -2.56
0.000308 -2.4 -2.64
0.000309 -2.4 -2.48
0.00031 -2.4 -2.56
0.000311 -2.4 -2.4
0.000312 -2.4 -2.48
0.000313 -2.32 -2.48
0.000314 -2.4 -2.4
0.000315 -2.32 -2.4
0.000316 -2.32 -2.4
0.000317 -2.32 -2.32
0.000318 -2.24 -2.32
0.000319 -2.24 -2.32
0.00032 -2.24 -2.32
0.000321 -2.24 -2.24
0.000322 -2.08 -2.24
0.000323 -2.08 -2.24
0.000324 -2.08 -2.16
0.000325 -2.08 -2.24
0.000326 -2.08 -2.16
0.000327 -2.08 -2.16
0.000328 -2.08 -2.16
0.000329 -2 -2.08
0.00033 -2 -2.16
0.000331 -1.92 -2
0.000332 -2 -2.08
0.000333 -1.92 -2
0.000334 -1.92 -2
0.000335 -1.92 -2
0.000336 -1.84 -1.92
0.000337 -1.84 -1.92
0.000338 -1.76 -1.92
0.000339 -1.76 -1.84
0.00034 -1.76 -1.92
0.000341 -1.76 -1.84
0.000342 -1.68 -1.84
0.000343 -1.68 -1.84
0.000344 -1.68 -1.84
0.000345 -1.68 -1.84
0.000346 -1.6 -1.68
0.000347 -1.6 -1.76
0.000348 -1.6 -1.76
0.000349 -1.6 -1.68
0.00035 -1.52 -1.68
0.000351 -1.6 -1.6
0.000352 -1.44 -1.6
0.000353 -1.44 -1.6
0.000354 -1.44 -1.6
0.000355 -1.44 -1.6
0.000356 -1.44 -1.52
0.000357 -1.44 -1.52
0.000358 -1.36 -1.52
0.000359 -1.36 -1.52
0.00036 -1.36 -1.44
0.000361 -1.28 -1.36
0.000362 -1.28 -1.36
0.000363 -1.28 -1.36
0.000364 -1.28 -1.36
0.000365 -1.12 -1.36
0.000366 -1.2 -1.28
0.000367 -1.2 -1.28
0.000368 -1.12 -1.28
0.000369 -1.12 -1.2
0.00037 -1.12 -1.28
0.000371 -1.12 -1.2
0.000372 -1.12 -1.2
0.000373 -1.04 -1.2
0.000374 -1.04 -1.12
0.000375 -1.04 -1.2
0.000376 -1.04 -1.12
0.000377 -1.04 -1.04
0.000378 -0.96 -1.12
0.000379 -0.88 -0.96
0.00038 -0.88 -1.04
0.000381 -0.8 -0.96
0.000382 -0.88 -1.04
0.000383 -0.8 -0.96
0.000384 -0.8 -0.96
0.000385 -0.72 -0.96
0.000386 -0.72 -0.8
0.000387 -0.72 -0.8
0.000388 -0.72 -0.88
0.000389 -0.64 -0.8
0.00039 -0.72 -0.88
0.000391 -0.64 -0.72
0.000392 -0.64 -0.72
0.000393 -0.56 -0.72
0.000394 -0.64 -0.72
0.000395 -0.56 -0.72
0.000396 -0.48 -0.64
0.000397 -0.48 -0.64
0.000398 -0.48 -0.72
0.000399 -0.48 -0.56
0.0004 -0.48 -0.56
0.000401 -0.4 -0.48
0.000402 -0.48 -0.56
0.000403 -0.4 -0.56
0.000404 -0.4 -0.48
0.000405 -0.32 -0.48
0.000406 -0.32 -0.4
0.000407 -0.32 -0.4
0.000408 -0.24 -0.4
0.000409 -0.24 -0.4
0.00041 -0.24 -0.4
0.000411 -0.16 -0.24
0.000412 -0.16 -0.32
0.000413 -0.16 -0.32
0.000414 -0.16 -0.24
0.000415 -0.16 -0.24
0.000416 0 -0.24
0.000417 0.08 -0.16
0.000418 0.08 -0.24
0.000419 0 0
0.00042 0.08 -0.24
0.000421 0.08 0
0.000422 0.08 0
0.000423 0.16 0
0.000424 0.24 0
0.000425 0.24 0
0.000426 0.24 0.08
0.000427 0.24 0.08
0.000428 0.24 0.08
0.000429 0.24 0.08
0.00043 0.32 0.08
0.000431 0.32 0.24
0.000432 0.32 0.16
0.000433 0.32 0.16
0.000434 0.4 0.32
0.000435 0.4 0.24
0.000436 0.48 0.32
0.000437 0.4 0.32
0.000438 0.56 0.32
0.000439 0.4 0.32
0.00044 0.48 0.32
0.000441 0.56 0.4
0.000442 0.56 0.4
0.000443 0.64 0.4
0.000444 0.64 0.48
0.000445 0.72 0.4
0.000446 0.64 0.48
0.000447 0.72 0.48
0.000448 0.72 0.48
0.000449 0.72 0.56
0.00045 0.8 0.56
0.000451 0.8 0.64
0.000452 0.88 0.64
0.000453 0.88 0.64
0.000454 0.88 0.64
0.000455 0.88 0.64
0.000456 0.88 0.72
0.000457 0.96 0.72
0.000458 0.96 0.72
0.000459 0.96 0.8
0.00046 0.96 0.8
0.000461 1.04 0.88
0.000462 1.04 0.88
0.000463 1.04 0.8
0.000464 1.04 0.96
0.000465 1.04 0.88
0.000466 1.2 0.96
0.000467 1.2 0.96
0.000468 1.2 0.96
0.000469 1.2 1.04
0.00047 1.2 1.04
0.000471 1.28 1.04
0.000472 1.28 1.04
0.000473 1.28 1.04
0.000474 1.28 1.04
0.000475 1.28 1.12
0.000476 1.36 1.2
0.000477 1.44 1.12
0.000478 1.36 1.12
0.000479 1.36 1.28
0.00048 1.36 1.2
0.000481 1.52 1.28
0.000482 1.44 1.28
0.000483 1.52 1.28
0.000484 1.52 1.36
0.000485 1.52 1.28
0.000486 1.6 1.36
0.000487 1.6 1.36
0.000488 1.6 1.44
0.000489 1.6 1.44
0.00049 1.6 1.44
0.000491 1.68 1.52
0.000492 1.68 1.44
0.000493 1.76 1.44
0.000494 1.84 1.6
0.000495 1.84 1.6
0.000496 1.84 1.6
0.000497 1.84 1.6
0.000498 1.84 1.6
0.000499 1.92 1.6
0.0005 1.84 1.6
0.000501 1.92 1.68
0.000502 1.92 1.68
0.000503 1.92 1.68
0.000504 1.92 1.76
0.000505 2 1.76
0.000506 2 1.84
0.000507 2 1.84
0.000508 2 1.76
0.000509 2.08 1.92
0.00051 2 1.92
0.000511 2.16 1.92
0.000512 2.16 1.92
0.000513 2.16 1.92
0.000514 2.16 2
0.000515 2.16 2
0.000516 2.24 2
0.000517 2.24 2.08
0.000518 2.24 2
0.000519 2.24 2.08
0.00052 2.24 2
0.000521 2.32 2.08
0.000522 2.32 2.16
0.000523 2.32 2.16
0.000524 2.4 2.24
0.000525 2.32 2.16
0.000526 2.48 2.24
0.000527 2.48 2.24
0.000528 2.48 2.24
0.000529 2.48 2.32
0.00053 2.48 2.24
0.000531 2.48 2.32
0.000532 2.56 2.32
0.000533 2.56 2.32
0.000534 2.56 2.4
0.000535 2.56 2.4
0.000536 2.64 2.4
0.000537 2.64 2.48
0.000538 2.64 2.4
0.000539 2.64 2.56
0.00054 2.8 2.56
0.000541 2.72 2.56
0.000542 2.8 2.56
0.000543 2.8 2.56
0.000544 2.8 2.56
0.000545 2.8 2.56
0.000546 2.8 2.64
0.000547 2.8 2.64
0.000548 2.88 2.64
0.000549 2.88 2.72
0.00055 2.88 2.72
0.000551 2.88 2.72
0.000552 2.88 2.8
0.000553 2.96 2.72
0.000554 2.96 2.8
0.000555 3.04 2.8
0.000556 3.04 2.88
0.000557 3.12 2.88
0.000558 3.04 2.88
0.000559 3.12 2.88
0.00056 3.12 2.88
0.000561 3.12 2.88
0.000562 3.12 2.96
0.000563 3.12 2.96
0.000564 3.2 2.96
0.000565 3.2 2.96
0.000566 3.2 3.04
0.000567 3.2 3.04
0.000568 3.28 2.96
0.000569 3.28 3.04
0.00057 3.28 3.04
0.000571 3.28 3.12
0.000572 3.28 3.2
0.000573 3.36 3.12
0.000574 3.36 3.12
0.000575 3.44 3.2
0.000576 3.44 3.2
0.000577 3.44 3.28
0.000578 3.44 3.2
0.000579 3.44 3.28
0.00058 3.44 3.28
0.000581 3.52 3.28
0.000582 3.52 3.28
0.000583 3.52 3.28
0.000584 3.52 3.36
0.000585 3.52 3.36
0.000586 3.6 3.36
0.000587 3.6 3.36
0.000588 3.6 3.36
0.000589 3.6 3.44
0.00059 3.6 3.44
0.000591 3.68 3.44
0.000592 3.76 3.52
0.000593 3.68 3.52
0.000594 3.76 3.52
0.000595 3.76 3.52
0.000596 3.76 3.52
0.000597 3.76 3.52
0.000598 3.76 3.6
0.000599 3.76 3.6
0.0006 3.76 3.6
0.000601 3.84 3.6
0.000602 3.84 3.68
0.000603 3.84 3.68
0.000604 3.84 3.68
0.000605 3.92 3.68
0.000606 3.92 3.76
0.000607 3.92 3.76
0.000608 3.92 3.76
0.000609 3.92 3.76
0.00061 4 3.84
0.000611 4 3.84
0.000612 4 3.84
0.000613 4.08 3.84
0.000614 4 3.92
0.000615 4.08 3.84
0.000616 4.08 3.92
0.000617 4.08 3.92
0.000618 4.08 3.92
0.000619 4.08 3.92
0.00062 4.16 4
0.000621 4.16 4
0.000622 4.16 4
0.000623 4.16 3.92
0.000624 4.24 4
0.000625 4.24 4
0.000626 4.24 4
0.000627 4.24 4
0.000628 4.24 4.08
0.000629 4.24 4.08
0.00063 4.24 4.08
0.000631 4.32 4.08
0.000632 4.32 4.16
0.000633 4.4 4.16
0.000634 4.4 4.16
0.000635 4.4 4.16
0.000636 4.4 4.16
0.000637 4.4 4.24
0.000638 4.4 4.16
0.000639 4.4 4.24
0.00064 4.48 4.24
0.000641 4.48 4.24
0.000642 4.48 4.24
0.000643 4.48 4.24
0.000644 4.48 4.24
0.000645 4.56 4.32
0.000646 4.56 4.24
0.000647 4.56 4.32
0.000648 4.56 4.32
0.000649 4.56 4.32
0.00065 4.56 4.32
0.000651 4.72 4.32
0.000652 4.56 4.4
0.000653 4.64 4.4
0.000654 4.72 4.4
0.000655 4.64 4.48
0.000656 4.72 4.48
0.000657 4.72 4.48
0.000658 4.72 4.48
0.000659 4.72 4.48
0.00066 4.72 4.56
0.000661 4.72 4.48
0.000662 4.72 4.56
0.000663 4.8 4.56
0.000664 4.72 4.56
0.000665 4.8 4.64
0.000666 4.8 4.56
0.000667 4.8 4.56
0.000668 4.8 4.64
0.000669 4.8 4.64
0.00067 4.88 4.64
0.000671 4.88 4.64
0.000672 4.88 4.64
0.000673 4.88 4.64
0.000674 4.88 4.64
0.000675 4.88 4.72
0.000676 4.88 4.64
0.000677 4.88 4.72
0.000678 4.88 4.72
0.000679 4.88 4.8
0.00068 5.04 4.8
0.000681 4.96 4.72
0.000682 4.96 4.8
0.000683 5.04 4.8
0.000684 5.04 4.8
0.000685 5.04 4.8
0.000686 5.04 4.8
0.000687 5.04 4.88
0.000688 5.04 4.96
0.000689 5.04 4.88
0.00069 5.04 4.88
0.000691 5.04 4.88
0.000692 5.04 4.88
0.000693 5.04 4.88
0.000694 5.12 4.88
0.000695 5.12 4.96
0.000696 5.12 4.88
0.000697 5.12 4.96
0.000698 5.12 4.96
0.000699 5.12 4.96
0.0007 5.12 5.04
0.000701 5.12 4.96
0.000702 5.2 4.96
0.000703 5.2 5.04
0.000704 5.12 5.04
0.000705 5.2 5.04
0.000706 5.2 5.04
0.000707 5.2 5.04
0.000708 5.2 5.12
0.000709 5.2 5.04
0.00071 5.2 5.12
0.000711 5.2 5.12
0.000712 5.36 5.12
0.000713 5.28 5.12
0.000714 5.36 5.04
0.000715 5.36 5.12
0.000716 5.36 5.12
0.000717 5.36 5.12
0.000718 5.36 5.2
0.000719 5.36 5.12
0.00072 5.36 5.2
0.000721 5.36 5.12
0.000722 5.36 5.2
0.000723 5.36 5.2
0.000724 5.36 5.2
0.000725 5.36 5.2
0.000726 5.36 5.2
0.000727 5.36 5.2
0.000728 5.36 5.28
0.000729 5.36 5.2
0.00073 5.44 5.28
0.000731 5.36 5.2
0.000732 5.36 5.28
0.000733 5.44 5.28
0.000734 5.44 5.28
0.000735 5.44 5.28
0.000736 5.44 5.28
0.000737 5.44 5.28
0.000738 5.44 5.28
0.000739 5.44 5.28
0.00074 5.44 5.36
0.000741 5.44 5.28
0.000742 5.44 5.36
0.000743 5.52 5.36
0.000744 5.44 5.36
0.000745 5.52 5.36
0.000746 5.52 5.28
0.000747 5.44 5.36
0.000748 5.52 5.44
0.000749 5.52 5.36
0.00075 5.52 5.44
0.000751 5.52 5.28
0.000752 5.52 5.44
0.000753 5.52 5.44
0.000754 5.52 5.36
0.000755 5.52 5.44
0.000756 5.52 5.36
0.000757 5.52 5.44
0.000758 5.52 5.44
0.000759 5.52 5.44
0.00076 5.52 5.44
0.000761 5.6 5.36
0.000762 5.6 5.44
0.000763 5.6 5.44
0.000764 5.52 5.44
0.000765 5.6 5.52
0.000766 5.6 5.44
0.000767 5.6 5.44
0.000768 5.68 5.44
0.000769 5.68 5.44
0.00077 5.68 5.44
0.000771 5.68 5.44
0.000772 5.6 5.52
0.000773 5.68 5.52
0.000774 5.68 5.44
0.000775 5.68 5.52
0.000776 5.68 5.44
0.000777 5.68 5.52
0.000778 5.68 5.52
0.000779 5.68 5.52
0.00078 5.68 5.52
0.000781 5.68 5.52
0.000782 5.68 5.52
0.000783 5.68 5.6
0.000784 5.68 5.44
0.000785 5.68 5.52
0.000786 5.68 5.44
0.000787 5.76 5.52
0.000788 5.68 5.6
0.000789 5.68 5.52
0.00079 5.68 5.6
0.000791 5.68 5.52
0.000792 5.68 5.52
0.000793 5.68 5.6
0.000794 5.68 5.52
0.000795 5.68 5.6
0.000796 5.68 5.52
0.000797 5.68 5.6
0.000798 5.68 5.6
0.000799 5.68 5.52
0.0008 5.68 5.6
0.000801 5.68 5.52
0.000802 5.68 5.52
0.000803 5.68 5.6
0.000804 5.76 5.52
0.000805 5.68 5.6
0.000806 5.68 5.6
0.000807 5.76 5.52
0.000808 5.68 5.6
0.000809 5.76 5.52
0.00081 5.76 5.6
0.000811 5.76 5.52
0.000812 5.76 5.6
0.000813 5.68 5.6
0.000814 5.68 5.52
0.000815 5.76 5.6
0.000816 5.68 5.52
0.000817 5.68 5.6
0.000818 5.68 5.6
0.000819 5.68 5.52
0.00082 5.68 5.6
0.000821 5.68 5.52
0.000822 5.68 5.6
0.000823 5.76 5.6
0.000824 5.68 5.52
0.000825 5.68 5.6
0.000826 5.68 5.52
0.000827 5.68 5.52
0.000828 5.68 5.6
0.000829 5.68 5.52
0.00083 5.68 5.6
0.000831 5.68 5.52
0.000832 5.68 5.52
0.000833 5.68 5.6
0.000834 5.68 5.52
0.000835 5.68 5.6
0.000836 5.68 5.52
0.000837 5.68 5.6
0.000838 5.68 5.6
0.000839 5.68 5.52
0.00084 5.68 5.6
0.000841 5.68 5.52
0.000842 5.68 5.52
0.000843 5.6 5.6
0.000844 5.68 5.52
0.000845 5.68 5.6
0.000846 5.68 5.52
0.000847 5.68 5.52
0.000848 5.68 5.52
0.000849 5.52 5.52
0.00085 5.68 5.6
0.000851 5.6 5.52
0.000852 5.68 5.52
0.000853 5.6 5.6
0.000854 5.6 5.52
0.000855 5.68 5.6
0.000856 5.68 5.52
0.000857 5.68 5.52
0.000858 5.6 5.52
0.000859 5.6 5.44
0.00086 5.52 5.52
0.000861 5.68 5.44
0.000862 5.68 5.52
0.000863 5.52 5.52
0.000864 5.6 5.44
0.000865 5.52 5.52
0.000866 5.52 5.44
0.000867 5.52 5.52
0.000868 5.52 5.52
0.000869 5.52 5.44
0.00087 5.52 5.44
0.000871 5.52 5.44
0.000872 5.52 5.44
0.000873 5.52 5.52
0.000874 5.52 5.44
0.000875 5.52 5.52
0.000876 5.52 5.44
0.000877 5.44 5.44
0.000878 5.52 5.44
0.000879 5.44 5.44
0.00088 5.52 5.44
0.000881 5.44 5.44
0.000882 5.44 5.44
0.000883 5.44 5.44
0.000884 5.44 5.36
0.000885 5.44 5.44
0.000886 5.44 5.36
0.000887 5.44 5.36
0.000888 5.44 5.44
0.000889 5.44 5.36
0.00089 5.44 5.36
0.000891 5.44 5.28
0.000892 5.44 5.36
0.000893 5.44 5.44
0.000894 5.36 5.28
0.000895 5.36 5.36
0.000896 5.44 5.28
0.000897 5.36 5.28
0.000898 5.36 5.36
0.000899 5.36 5.28
0.0009 5.36 5.36
0.000901 5.36 5.28
0.000902 5.36 5.28
0.000903 5.36 5.28
0.000904 5.36 5.2
0.000905 5.36 5.28
0.000906 5.36 5.2
0.000907 5.2 5.2
0.000908 5.36 5.28
0.000909 5.2 5.2
0.00091 5.2 5.2
0.000911 5.2 5.2
0.000912 5.2 5.2
0.000913 5.2 5.28
0.000914 5.2 5.12
0.000915 5.2 5.2
0.000916 5.2 5.2
0.000917 5.2 5.2
0.000918 5.2 5.2
0.000919 5.2 5.12
0.00092 5.12 5.12
0.000921 5.12 5.12
0.000922 5.12 5.12
0.000923 5.12 5.2
0.000924 5.12 5.04
0.000925 5.2 5.12
0.000926 5.12 5.04
0.000927 5.12 5.12
0.000928 5.04 5.12
0.000929 5.04 5.04
0.00093 5.04 5.12
0.000931 5.04 5.04
0.000932 5.04 5.04
0.000933 5.04 5.12
0.000934 5.04 4.96
0.000935 5.04 5.04
0.000936 5.04 4.96
0.000937 5.04 4.96
0.000938 5.04 5.04
0.000939 5.04 4.96
0.00094 5.04 4.96
0.000941 5.04 4.88
0.000942 4.88 4.96
0.000943 4.88 4.96
0.000944 4.88 4.88
0.000945 4.88 4.88
0.000946 4.88 4.88
0.000947 4.88 4.88
0.000948 4.88 4.96
0.000949 4.88 4.8
0.00095 4.88 4.88
0.000951 4.88 4.8
0.000952 4.88 4.8
0.000953 4.88 4.88
0.000954 4.8 4.8
0.000955 4.8 4.8
0.000956 4.8 4.72
0.000957 4.72 4.8
0.000958 4.8 4.8
0.000959 4.72 4.72
0.00096 4.72 4.8
0.000961 4.72 4.72
0.000962 4.72 4.72
0.000963 4.72 4.72
0.000964 4.72 4.64
0.000965 4.72 4.72
0.000966 4.64 4.64
0.000967 4.64 4.64
0.000968 4.64 4.72
0.000969 4.72 4.64
0.00097 4.56 4.64
0.000971 4.56 4.64
0.000972 4.56 4.56
0.000973 4.56 4.56
0.000974 4.56 4.56
0.000975 4.56 4.56
0.000976 4.48 4.48
0.000977 4.56 4.48
0.000978 4.48 4.56
0.000979 4.48 4.48
0.00098 4.48 4.48
0.000981 4.4 4.48
0.000982 4.4 4.48
0.000983 4.48 4.48
0.000984 4.48 4.4
0.000985 4.4 4.48
0.000986 4.4 4.4
0.000987 4.4 4.4
0.000988 4.4 4.48
0.000989 4.4 4.4
0.00099 4.32 4.32
0.000991 4.24 4.32
0.000992 4.24 4.32
0.000993 4.32 4.32
0.000994 4.24 4.24
0.000995 4.24 4.24
0.000996 4.24 4.24
0.000997 4.16 4.24
0.000998 4.16 4.24
0.000999 4.16 4.24
0.001 4.16 4.24
0.001001 4.16 4.16
0.001002 4.08 4.24
0.001003 4.08 4.16
0.001004 4.08 4.08
0.001005 4.08 4.16
0.001006 4.08 4.16
0.001007 4.08 4.16
0.001008 4.08 4.16
0.001009 4 4
0.00101 4 4.08
0.001011 4 4
0.001012 4.08 4.08
0.001013 4 4
0.001014 3.92 4
0.001015 3.92 4
0.001016 3.92 3.92
0.001017 3.92 3.92
0.001018 3.84 3.92
0.001019 3.84 3.92
0.00102 3.84 3.92
0.001021 3.84 3.92
0.001022 3.84 3.92
0.001023 3.84 3.92
0.001024 3.76 3.84
0.001025 3.76 3.84
0.001026 3.76 3.84
0.001027 3.76 3.84
0.001028 3.76 3.76
0.001029 3.76 3.76
0.00103 3.6 3.76
0.001031 3.68 3.76
0.001032 3.6 3.68
0.001033 3.68 3.68
0.001034 3.6 3.76
0.001035 3.52 3.6
0.001036 3.6 3.68
0.001037 3.6 3.6
0.001038 3.6 3.6
0.001039 3.52 3.68
0.00104 3.52 3.52
0.001041 3.52 3.52
0.001042 3.52 3.52
0.001043 3.44 3.52
0.001044 3.44 3.52
0.001045 3.36 3.52
0.001046 3.44 3.44
0.001047 3.28 3.44
0.001048 3.44 3.44
0.001049 3.36 3.44
0.00105 3.28 3.36
0.001051 3.28 3.36
0.001052 3.28 3.36
0.001053 3.28 3.36
0.001054 3.2 3.28
0.001055 3.2 3.28
0.001056 3.28 3.36
0.001057 3.2 3.28
0.001058 3.12 3.28
0.001059 3.12 3.2
0.00106 3.12 3.2
0.001061 3.12 3.2
0.001062 3.12 3.2
0.001063 3.12 3.2
0.001064 3.04 3.12
0.001065 3.04 3.12
0.001066 2.96 3.12
0.001067 2.96 3.12
0.001068 2.96 3.04
0.001069 2.96 3.04
0.00107 2.96 3.04
0.001071 2.96 3.04
0.001072 2.88 2.96
0.001073 2.88 2.96
0.001074 2.8 2.96
0.001075 2.8 2.96
0.001076 2.8 2.88
0.001077 2.8 2.96
0.001078 2.8 2.88
0.001079 2.8 2.88
0.00108 2.72 2.88
0.001081 2.72 2.88
0.001082 2.72 2.88
0.001083 2.64 2.8
0.001084 2.64 2.8
0.001085 2.64 2.8
0.001086 2.56 2.72
0.001087 2.56 2.72
0.001088 2.56 2.72
0.001089 2.56 2.64
0.00109 2.48 2.64
0.001091 2.56 2.64
0.001092 2.48 2.64
0.001093 2.48 2.56
0.001094 2.48 2.64
0.001095 2.4 2.56
0.001096 2.4 2.56
0.001097 2.32 2.56
0.001098 2.32 2.56
0.001099 2.32 2.48
0.0011 2.24 2.4
0.001101 2.32 2.48
0.001102 2.32 2.4
0.001103 2.24 2.4
0.001104 2.24 2.4
0.001105 2.16 2.32
0.001106 2.24 2.4
0.001107 2.16 2.32
0.001108 2.16 2.32
0.001109 2.16 2.24
0.00111 2.16 2.24
0.001111 2.08 2.24
0.001112 2.16 2.24
0.001113 2 2.24
0.001114 2 2.24
0.001115 2 2.08
0.001116 2 2.16
0.001117 2 2.16
0.001118 1.92 2.08
0.001119 2 2.08
0.00112 1.92 2
0.001121 1.92 2.08
0.001122 1.84 2
0.001123 1.84 2
0.001124 1.84 2
0.001125 1.84 1.92
0.001126 1.76 1.92
0.001127 1.84 1.92
0.001128 1.76 1.84
0.001129 1.68 1.84
0.00113 1.68 1.84
0.001131 1.68 1.84
0.001132 1.6 1.84
0.001133 1.6 1.68
0.001134 1.6 1.76
0.001135 1.52 1.68
0.001136 1.6 1.68
0.001137 1.52 1.68
0.001138 1.52 1.6
0.001139 1.52 1.6
0.00114 1.52 1.6
0.001141 1.52 1.6
0.001142 1.36 1.6
0.001143 1.36 1.6
0.001144 1.36 1.6
0.001145 1.36 1.52
0.001146 1.36 1.52
0.001147 1.36 1.44
0.001148 1.28 1.44
0.001149 1.28 1.44
0.00115 1.2 1.36
0.001151 1.2 1.36
0.001152 1.2 1.36
0.001153 1.2 1.28
0.001154 1.2 1.36
0.001155 1.2 1.28
0.001156 1.12 1.28
0.001157 1.12 1.28
0.001158 1.04 1.2
0.001159 1.04 1.28
0.00116 1.04 1.2
0.001161 1.04 1.2
0.001162 0.96 1.2
0.001163 0.96 1.12
0.001164 0.96 1.04
0.001165 0.88 1.04
0.001166 0.88 1.04
0.001167 0.88 1.04
0.001168 0.88 0.96
0.001169 0.88 1.04
0.00117 0.88 0.96
0.001171 0.88 0.96
0.001172 0.72 0.96
0.001173 0.72 0.88
0.001174 0.72 0.88
0.001175 0.72 0.88
0.001176 0.72 0.96
0.001177 0.64 0.8
0.001178 0.64 0.72
0.001179 0.56 0.8
0.00118 0.56 0.72
0.001181 0.56 0.8
0.001182 0.56 0.72
0.001183 0.56 0.64
0.001184 0.56 0.72
0.001185 0.48 0.64
0.001186 0.4 0.64
0.001187 0.4 0.64
0.001188 0.4 0.48
0.001189 0.32 0.56
0.00119 0.32 0.48
0.001191 0.32 0.48
0.001192 0.32 0.48
0.001193 0.24 0.4
0.001194 0.24 0.4
0.001195 0.24 0.4
0.001196 0.24 0.4
0.001197 0.16 0.4
0.001198 0.24 0.32
0.001199 0.16 0.32
0.0012 0.24 0.32
0.001201 0.08 0.32
0.001202 0.08 0.32
0.001203 0.08 0.24
0.001204 0 0.24
0.001205 0 0.16
0.001206 0 0.16
0.001207 0 0.16
0.001208 -0.16 0.08
0.001209 -0.16 0.16
0.00121 -0.16 0
0.001211 -0.32 0.08
0.001212 -0.32 0.08
0.001213 -0.32 0
0.001214 -0.24 0
0.001215 -0.32 0
0.001216 -0.32 0
0.001217 -0.4 0
0.001218 -0.32 -0.16
0.001219 -0.4 -0.16
0.00122 -0.4 -0.24
0.001221 -0.48 -0.16
0.001222 -0.4 -0.24
0.001223 -0.48 -0.32
0.001224 -0.48 -0.24
0.001225 -0.48 -0.32
0.001226 -0.56 -0.32
0.001227 -0.56 -0.32
0.001228 -0.64 -0.4
0.001229 -0.64 -0.32
0.00123 -0.64 -0.4
0.001231 -0.64 -0.4
0.001232 -0.64 -0.4
0.001233 -0.72 -0.56
0.001234 -0.72 -0.4
0.001235 -0.72 -0.56
0.001236 -0.72 -0.48
0.001237 -0.8 -0.56
0.001238 -0.8 -0.64
0.001239 -0.8 -0.56
0.00124 -0.8 -0.64
0.001241 -0.96 -0.56
0.001242 -0.96 -0.64
0.001243 -0.96 -0.8
0.001244 -0.96 -0.64
0.001245 -0.96 -0.72
0.001246 -0.96 -0.72
0.001247 -1.04 -0.8
0.001248 -1.04 -0.88
0.001249 -1.12 -0.8
0.00125 -1.04 -0.88
0.001251 -1.12 -0.8
0.001252 -1.12 -0.88
0.001253 -1.12 -0.96
0.001254 -1.12 -0.88
0.001255 -1.12 -0.96
0.001256 -1.28 -0.96
0.001257 -1.28 -0.96
0.001258 -1.28 -1.04
0.001259 -1.28 -0.96
0.00126 -1.28 -1.12
0.001261 -1.36 -1.04
0.001262 -1.36 -1.12
0.001263 -1.36 -1.2
0.001264 -1.36 -1.12
0.001265 -1.44 -1.2
0.001266 -1.44 -1.2
0.001267 -1.44 -1.28
0.001268 -1.44 -1.28
0.001269 -1.52 -1.2
0.00127 -1.44 -1.28
0.001271 -1.6 -1.28
0.001272 -1.6 -1.36
0.001273 -1.6 -1.36
0.001274 -1.6 -1.28
0.001275 -1.6 -1.36
0.001276 -1.6 -1.36
0.001277 -1.68 -1.44
0.001278 -1.68 -1.44
0.001279 -1.68 -1.44
0.00128 -1.76 -1.52
0.001281 -1.76 -1.52
0.001282 -1.76 -1.52
0.001283 -1.76 -1.6
0.001284 -1.84 -1.52
0.001285 -1.92 -1.6
0.001286 -1.84 -1.6
0.001287 -1.92 -1.68
0.001288 -1.92 -1.68
0.001289 -2 -1.6
0.00129 -1.92 -1.76
0.001291 -2 -1.68
0.001292 -2 -1.76
0.001293 -2 -1.84
0.001294 -2 -1.76
0.001295 -2.08 -1.84
0.001296 -2.08 -1.84
0.001297 -2.08 -1.84
0.001298 -2.08 -1.92
0.001299 -2.08 -1.84
0.0013 -2.08 -1.92
0.001301 -2.24 -1.92
0.001302 -2.24 -1.92
0.001303 -2.24 -2
0.001304 -2.32 -1.92
0.001305 -2.24 -2
0.001306 -2.32 -2
0.001307 -2.32 -2.08
0.001308 -2.32 -2.16
0.001309 -2.32 -2.08
0.00131 -2.4 -2.16
0.001311 -2.4 -2.16
0.001312 -2.4 -2.24
0.001313 -2.4 -2.24
0.001314 -2.48 -2.16
0.001315 -2.48 -2.32
0.001316 -2.48 -2.24
0.001317 -2.56 -2.24
0.001318 -2.56 -2.4
0.001319 -2.56 -2.24
0.00132 -2.56 -2.32
0.001321 -2.56 -2.32
0.001322 -2.64 -2.4
0.001323 -2.64 -2.48
0.001324 -2.64 -2.4
0.001325 -2.72 -2.48
0.001326 -2.64 -2.48
0.001327 -2.72 -2.48
0.001328 -2.72 -2.56
0.001329 -2.72 -2.48
0.00133 -2.72 -2.56
0.001331 -2.88 -2.48
0.001332 -2.88 -2.56
0.001333 -2.88 -2.64
0.001334 -2.88 -2.56
0.001335 -2.88 -2.64
0.001336 -2.88 -2.64
0.001337 -2.96 -2.64
0.001338 -2.96 -2.8
0.001339 -2.96 -2.64
0.00134 -2.96 -2.8
0.001341 -2.96 -2.8
0.001342 -3.04 -2.8
0.001343 -3.04 -2.88
0.001344 -3.04 -2.8
0.001345 -3.04 -2.88
0.001346 -3.04 -2.88
0.001347 -3.12 -2.88
0.001348 -3.2 -2.88
0.001349 -3.2 -2.88
0.00135 -3.2 -2.96
0.001351 -3.2 -2.96
0.001352 -3.2 -2.96
0.001353 -3.28 -3.04
0.001354 -3.28 -2.96
0.001355 -3.28 -3.04
0.001356 -3.28 -3.04
0.001357 -3.28 -3.12
0.001358 -3.28 -3.12
0.001359 -3.36 -3.04
0.00136 -3.36 -3.12
0.001361 -3.36 -3.12
0.001362 -3.36 -3.12
0.001363 -3.44 -3.2
0.001364 -3.52 -3.12
0.001365 -3.52 -3.28
0.001366 -3.52 -3.28
0.001367 -3.6 -3.28
0.001368 -3.52 -3.36
0.001369 -3.52 -3.28
0.00137 -3.6 -3.36
0.001371 -3.52 -3.28
0.001372 -3.6 -3.36
0.001373 -3.6 -3.44
0.001374 -3.68 -3.36
0.001375 -3.68 -3.44
0.001376 -3.68 -3.44
0.001377 -3.68 -3.44
0.001378 -3.68 -3.52
0.001379 -3.68 -3.44
0.00138 -3.76 -3.52
0.001381 -3.68 -3.52
0.001382 -3.84 -3.52
0.001383 -3.84 -3.6
0.001384 -3.84 -3.52
0.001385 -3.84 -3.6
0.001386 -3.84 -3.6
0.001387 -3.84 -3.6
0.001388 -3.92 -3.68
0.001389 -3.92 -3.6
0.00139 -3.92 -3.68
0.001391 -4 -3.6
0.001392 -4 -3.6
0.001393 -3.92 -3.76
0.001394 -3.92 -3.76
0.001395 -4 -3.76
0.001396 -4 -3.76
0.001397 -4 -3.76
0.001398 -4 -3.84
0.001399 -4 -3.76
0.0014 -4.08 -3.84
0.001401 -4.16 -3.84
0.001402 -4.08 -3.84
0.001403 -4.16 -3.92
0.001404 -4.16 -3.84
0.001405 -4.16 -3.92
0.001406 -4.16 -3.92
0.001407 -4.24 -3.92
0.001408 -4.24 -4
0.001409 -4.24 -3.92
0.00141 -4.24 -4
0.001411 -4.24 -4
0.001412 -4.32 -4
0.001413 -4.32 -4.08
0.001414 -4.32 -4.08
0.001415 -4.32 -4.08
0.001416 -4.32 -4.08
0.001417 -4.32 -4.08
0.001418 -4.32 -4.16
0.001419 -4.32 -4.08
0.00142 -4.4 -4.16
0.001421 -4.48 -4.16
0.001422 -4.32 -4.16
0.001423 -4.4 -4.24
0.001424 -4.48 -4.24
0.001425 -4.48 -4.24
0.001426 -4.48 -4.24
0.001427 -4.56 -4.24
0.001428 -4.56 -4.32
0.001429 -4.56 -4.24
0.00143 -4.56 -4.32
0.001431 -4.56 -4.32
0.001432 -4.64 -4.32
0.001433 -4.64 -4.32
0.001434 -4.64 -4.4
0.001435 -4.64 -4.4
0.001436 -4.64 -4.4
0.001437 -4.64 -4.4
0.001438 -4.64 -4.4
0.001439 -4.64 -4.4
0.00144 -4.72 -4.48
0.001441 -4.72 -4.48
0.001442 -4.72 -4.48
0.001443 -4.8 -4.48
0.001444 -4.8 -4.48
0.001445 -4.8 -4.48
0.001446 -4.8 -4.48
0.001447 -4.8 -4.56
0.001448 -4.8 -4.56
0.001449 -4.8 -4.56
0.00145 -4.88 -4.56
0.001451 -4.88 -4.56
0.001452 -4.88 -4.64
0.001453 -4.88 -4.64
0.001454 -4.88 -4.64
0.001455 -4.88 -4.72
0.001456 -4.88 -4.64
0.001457 -4.88 -4.72
0.001458 -4.96 -4.72
0.001459 -4.96 -4.72
0.00146 -4.96 -4.72
0.001461 -4.96 -4.72
0.001462 -4.96 -4.8
0.001463 -4.96 -4.8
0.001464 -4.96 -4.72
0.001465 -4.96 -4.8
0.001466 -5.04 -4.8
0.001467 -4.96 -4.8
0.001468 -5.04 -4.88
0.001469 -5.12 -4.8
0.00147 -5.04 -4.88
0.001471 -5.12 -4.88
0.001472 -5.12 -4.88
0.001473 -5.12 -4.88
0.001474 -5.12 -4.88
0.001475 -5.12 -4.88
0.001476 -5.2 -4.88
0.001477 -5.12 -4.88
0.001478 -5.2 -4.88
0.001479 -5.2 -4.88
0.00148 -5.2 -4.96
0.001481 -5.2 -4.96
0.001482 -5.2 -5.04
0.001483 -5.2 -5.04
0.001484 -5.28 -5.04
0.001485 -5.28 -5.04
0.001486 -5.28 -5.04
0.001487 -5.28 -5.04
0.001488 -5.28 -5.04
0.001489 -5.28 -5.04
0.00149 -5.28 -5.04
0.001491 -5.28 -5.04
0.001492 -5.28 -5.04
0.001493 -5.28 -5.12
0.001494 -5.28 -5.12
0.001495 -5.36 -5.12
0.001496 -5.36 -5.12
0.001497 -5.28 -5.12
0.001498 -5.28 -5.12
0.001499 -5.36 -5.12
0.0015 -5.44 -5.2
0.001501 -5.28 -5.2
0.001502 -5.44 -5.2
0.001503 -5.36 -5.2
0.001504 -5.44 -5.2
0.001505 -5.44 -5.2
0.001506 -5.44 -5.2
0.001507 -5.44 -5.2
0.001508 -5.44 -5.2
0.001509 -5.44 -5.2
0.00151 -5.44 -5.28
0.001511 -5.44 -5.2
0.001512 -5.52 -5.2
0.001513 -5.52 -5.28
0.001514 -5.52 -5.28
0.001515 -5.52 -5.28
0.001516 -5.44 -5.28
0.001517 -5.52 -5.28
0.001518 -5.52 -5.28
0.001519 -5.52 -5.36
0.00152 -5.52 -5.36
0.001521 -5.52 -5.36
0.001522 -5.6 -5.36
0.001523 -5.52 -5.36
0.001524 -5.6 -5.36
0.001525 -5.6 -5.44
0.001526 -5.6 -5.36
0.001527 -5.6 -5.36
0.001528 -5.6 -5.36
0.001529 -5.6 -5.36
0.00153 -5.6 -5.44
0.001531 -5.6 -5.44
0.001532 -5.6 -5.44
0.001533 -5.6 -5.44
0.001534 -5.6 -5.44
0.001535 -5.6 -5.44
0.001536 -5.6 -5.44
0.001537 -5.6 -5.44
0.001538 -5.6 -5.44
0.001539 -5.6 -5.52
0.00154 -5.6 -5.52
0.001541 -5.6 -5.52
0.001542 -5.68 -5.44
0.001543 -5.68 -5.52
0.001544 -5.68 -5.52
0.001545 -5.68 -5.44
0.001546 -5.68 -5.6
0.001547 -5.6 -5.52
0.001548 -5.76 -5.52
0.001549 -5.76 -5.52
0.00155 -5.76 -5.52
0.001551 -5.76 -5.52
0.001552 -5.76 -5.52
0.001553 -5.68 -5.52
0.001554 -5.76 -5.52
0.001555 -5.76 -5.6
0.001556 -5.76 -5.52
0.001557 -5.76 -5.52
0.001558 -5.76 -5.52
0.001559 -5.76 -5.6
0.00156 -5.76 -5.6
0.001561 -5.76 -5.6
0.001562 -5.76 -5.52
0.001563 -5.76 -5.52
0.001564 -5.76 -5.6
0.001565 -5.76 -5.6
0.001566 -5.76 -5.6
0.001567 -5.76 -5.6
0.001568 -5.84 -5.6
0.001569 -5.76 -5.6
0.00157 -5.84 -5.68
0.001571 -5.84 -5.6
0.001572 -5.84 -5.6
0.001573 -5.76 -5.6
0.001574 -5.76 -5.68
0.001575 -5.84 -5.68
0.001576 -5.84 -5.68
0.001577 -5.84 -5.68
0.001578 -5.84 -5.68
0.001579 -5.84 -5.68
0.00158 -5.84 -5.68
0.001581 -5.84 -5.68
0.001582 -5.84 -5.68
0.001583 -5.84 -5.6
0.001584 -5.84 -5.68
0.001585 -5.84 -5.68
0.001586 -5.84 -5.68
0.001587 -5.84 -5.68
0.001588 -5.84 -5.68
0.001589 -5.84 -5.68
0.00159 -5.84 -5.68
0.001591 -5.84 -5.68
0.001592 -5.84 -5.68
0.001593 -5.84 -5.68
0.001594 -5.84 -5.68
0.001595 -5.92 -5.68
0.001596 -5.84 -5.68
0.001597 -5.84 -5.68
0.001598 -5.84 -5.68
0.001599 -5.84 -5.76
0.0016 -5.84 -5.68
0.001601 -5.84 -5.68
0.001602 -5.84 -5.68
0.001603 -5.84 -5.68
0.001604 -5.84 -5.76
0.001605 -5.92 -5.76
0.001606 -5.84 -5.76
0.001607 -5.84 -5.68
0.001608 -5.84 -5.68
0.001609 -5.84 -5.76
0.00161 -5.84 -5.76
0.001611 -5.84 -5.76
0.001612 -5.84 -5.68
0.001613 -5.84 -5.68
0.001614 -5.84 -5.76
0.001615 -5.84 -5.76
0.001616 -5.84 -5.68
0.001617 -5.84 -5.68
0.001618 -5.84 -5.68
0.001619 -5.84 -5.76
0.00162 -5.84 -5.68
0.001621 -5.84 -5.76
0.001622 -5.84 -5.76
0.001623 -5.84 -5.76
0.001624 -5.84 -5.76
0.001625 -5.76 -5.68
0.001626 -5.84 -5.68
0.001627 -5.84 -5.68
0.001628 -5.84 -5.68
0.001629 -5.84 -5.68
0.00163 -5.76 -5.68
0.001631 -5.84 -5.76
0.001632 -5.76 -5.68
0.001633 -5.84 -5.68
0.001634 -5.84 -5.68
0.001635 -5.84 -5.68
0.001636 -5.84 -5.76
0.001637 -5.84 -5.68
0.001638 -5.84 -5.68
0.001639 -5.76 -5.76
0.00164 -5.84 -5.68
0.001641 -5.76 -5.68
0.001642 -5.76 -5.68
0.001643 -5.76 -5.6
0.001644 -5.76 -5.68
0.001645 -5.84 -5.6
0.001646 -5.76 -5.68
0.001647 -5.84 -5.68
0.001648 -5.76 -5.68
0.001649 -5.76 -5.68
0.00165 -5.76 -5.68
0.001651 -5.76 -5.68
0.001652 -5.76 -5.6
0.001653 -5.76 -5.6
0.001654 -5.76 -5.68
0.001655 -5.76 -5.6
0.001656 -5.76 -5.68
0.001657 -5.76 -5.6
0.001658 -5.76 -5.6
0.001659 -5.76 -5.68
0.00166 -5.76 -5.6
0.001661 -5.76 -5.68
0.001662 -5.68 -5.6
0.001663 -5.76 -5.6
0.001664 -5.76 -5.68
0.001665 -5.6 -5.52
0.001666 -5.68 -5.6
0.001667 -5.6 -5.52
0.001668 -5.68 -5.52
0.001669 -5.6 -5.6
0.00167 -5.68 -5.52
0.001671 -5.68 -5.6
0.001672 -5.6 -5.52
0.001673 -5.6 -5.52
0.001674 -5.6 -5.6
0.001675 -5.6 -5.52
0.001676 -5.6 -5.52
0.001677 -5.6 -5.52
0.001678 -5.6 -5.44
0.001679 -5.6 -5.6
0.00168 -5.6 -5.52
0.001681 -5.6 -5.52
0.001682 -5.52 -5.52
0.001683 -5.6 -5.44
0.001684 -5.6 -5.52
0.001685 -5.52 -5.52
0.001686 -5.52 -5.52
0.001687 -5.52 -5.44
0.001688 -5.6 -5.44
0.001689 -5.52 -5.52
0.00169 -5.52 -5.44
0.001691 -5.52 -5.44
0.001692 -5.44 -5.44
0.001693 -5.52 -5.44
0.001694 -5.52 -5.44
0.001695 -5.44 -5.44
0.001696 -5.52 -5.44
0.001697 -5.52 -5.36
0.001698 -5.52 -5.36
0.001699 -5.52 -5.44
0.0017 -5.44 -5.36
0.001701 -5.44 -5.44
0.001702 -5.44 -5.36
0.001703 -5.44 -5.36
0.001704 -5.44 -5.44
0.001705 -5.44 -5.28
0.001706 -5.44 -5.36
0.001707 -5.44 -5.36
0.001708 -5.44 -5.28
0.001709 -5.36 -5.36
0.00171 -5.36 -5.28
0.001711 -5.28 -5.28
0.001712 -5.44 -5.28
0.001713 -5.28 -5.2
0.001714 -5.28 -5.28
0.001715 -5.28 -5.2
0.001716 -5.28 -5.28
0.001717 -5.28 -5.2
0.001718 -5.28 -5.2
0.001719 -5.28 -5.2
0.00172 -5.28 -5.2
0.001721 -5.28 -5.2
0.001722 -5.28 -5.2
0.001723 -5.28 -5.12
0.001724 -5.2 -5.2
0.001725 -5.28 -5.2
0.001726 -5.2 -5.12
0.001727 -5.2 -5.2
0.001728 -5.2 -5.12
0.001729 -5.2 -5.12
0.00173 -5.2 -5.12
0.001731 -5.2 -5.12
0.001732 -5.2 -5.12
0.001733 -5.12 -5.04
0.001734 -5.12 -5.12
0.001735 -5.12 -5.04
0.001736 -5.12 -5.12
0.001737 -5.12 -5.04
0.001738 -5.12 -5.04
0.001739 -5.04 -5.04
0.00174 -5.12 -4.96
0.001741 -5.04 -5.04
0.001742 -4.96 -5.04
0.001743 -5.04 -4.96
0.001744 -5.04 -4.96
0.001745 -4.96 -4.96
0.001746 -4.96 -4.96
0.001747 -4.96 -4.88
0.001748 -4.96 -4.88
0.001749 -4.96 -4.88
0.00175 -4.96 -4.96
0.001751 -4.96 -4.88
0.001752 -4.96 -4.88
0.001753 -4.88 -4.8
0.001754 -4.88 -4.88
0.001755 -4.88 -4.88
0.001756 -4.88 -4.88
0.001757 -4.8 -4.8
0.001758 -4.8 -4.8
0.001759 -4.8 -4.8
0.00176 -4.8 -4.8
0.001761 -4.8 -4.8
0.001762 -4.8 -4.72
0.001763 -4.72 -4.8
0.001764 -4.64 -4.8
0.001765 -4.8 -4.72
0.001766 -4.72 -4.72
0.001767 -4.72 -4.72
0.001768 -4.64 -4.64
0.001769 -4.64 -4.72
0.00177 -4.64 -4.64
0.001771 -4.64 -4.72
0.001772 -4.64 -4.56
0.001773 -4.56 -4.56
0.001774 -4.64 -4.72
0.001775 -4.56 -4.56
0.001776 -4.64 -4.56
0.001777 -4.56 -4.56
0.001778 -4.56 -4.56
0.001779 -4.56 -4.56
0.00178 -4.48 -4.48
0.001781 -4.56 -4.56
0.001782 -4.48 -4.48
0.001783 -4.48 -4.48
0.001784 -4.48 -4.48
0.001785 -4.48 -4.4
0.001786 -4.48 -4.48
0.001787 -4.48 -4.48
0.001788 -4.4 -4.4
0.001789 -4.32 -4.48
0.00179 -4.32 -4.4
0.001791 -4.4 -4.4
0.001792 -4.32 -4.4
0.001793 -4.32 -4.32
0.001794 -4.32 -4.4
0.001795 -4.32 -4.32
0.001796 -4.32 -4.32
0.001797 -4.24 -4.32
0.001798 -4.24 -4.24
0.001799 -4.24 -4.32
0.0018 -4.16 -4.24
0.001801 -4.24 -4.24
0.001802 -4.16 -4.24
0.001803 -4.16 -4.16
0.001804 -4.16 -4.24
0.001805 -4.16 -4.16
0.001806 -4.16 -4.16
0.001807 -4.16 -4.16
0.001808 -4.08 -4.08
0.001809 -4.08 -4.08
0.00181 -4 -4.08
0.001811 -4 -4.08
0.001812 -4 -4.08
0.001813 -4 -4
0.001814 -4 -4.08
0.001815 -4 -3.92
0.001816 -4 -4
0.001817 -3.92 -3.92
0.001818 -3.92 -3.92
0.001819 -3.92 -3.92
0.00182 -3.92 -3.92
0.001821 -3.92 -3.92
0.001822 -3.92 -3.92
0.001823 -3.84 -3.84
0.001824 -3.84 -3.84
0.001825 -3.84 -3.84
0.001826 -3.84 -3.84
0.001827 -3.84 -3.84
0.001828 -3.68 -3.76
0.001829 -3.68 -3.84
0.00183 -3.68 -3.76
0.001831 -3.68 -3.76
0.001832 -3.68 -3.76
0.001833 -3.68 -3.68
0.001834 -3.68 -3.76
0.001835 -3.68 -3.6
0.001836 -3.6 -3.68
0.001837 -3.68 -3.68
0.001838 -3.6 -3.6
0.001839 -3.52 -3.6
0.00184 -3.52 -3.6
0.001841 -3.6 -3.52
0.001842 -3.52 -3.6
0.001843 -3.52 -3.52
0.001844 -3.44 -3.6
0.001845 -3.52 -3.44
0.001846 -3.36 -3.52
0.001847 -3.36 -3.52
0.001848 -3.36 -3.44
0.001849 -3.36 -3.52
0.00185 -3.36 -3.44
0.001851 -3.36 -3.36
0.001852 -3.28 -3.44
0.001853 -3.28 -3.36
0.001854 -3.28 -3.44
0.001855 -3.2 -3.28
0.001856 -3.28 -3.28
0.001857 -3.2 -3.36
0.001858 -3.2 -3.28
0.001859 -3.2 -3.28
0.00186 -3.12 -3.28
0.001861 -3.12 -3.2
0.001862 -3.2 -3.2
0.001863 -3.04 -3.2
0.001864 -3.12 -3.2
0.001865 -3.04 -3.12
0.001866 -3.04 -3.12
0.001867 -3.04 -3.12
0.001868 -3.04 -3.04
0.001869 -3.04 -3.12
0.00187 -2.96 -3.04
0.001871 -2.96 -3.04
0.001872 -2.88 -3.04
0.001873 -2.96 -2.96
0.001874 -2.88 -2.96
0.001875 -2.88 -2.96
0.001876 -2.88 -2.88
0.001877 -2.88 -2.96
0.001878 -2.72 -2.88
0.001879 -2.72 -2.88
0.00188 -2.72 -2.88
0.001881 -2.72 -2.8
0.001882 -2.72 -2.88
0.001883 -2.72 -2.8
0.001884 -2.72 -2.88
0.001885 -2.64 -2.8
0.001886 -2.72 -2.72
0.001887 -2.64 -2.72
0.001888 -2.64 -2.72
0.001889 -2.56 -2.72
0.00189 -2.56 -2.64
0.001891 -2.56 -2.64
0.001892 -2.56 -2.64
0.001893 -2.56 -2.56
0.001894 -2.48 -2.56
0.001895 -2.4 -2.56
0.001896 -2.4 -2.56
0.001897 -2.4 -2.56
0.001898 -2.4 -2.48
0.001899 -2.4 -2.48
0.0019 -2.32 -2.48
0.001901 -2.4 -2.4
0.001902 -2.32 -2.4
0.001903 -2.24 -2.4
0.001904 -2.32 -2.32
0.001905 -2.32 -2.32
0.001906 -2.24 -2.32
0.001907 -2.24 -2.32
0.001908 -2.24 -2.32
0.001909 -2.16 -2.24
0.00191 -2.08 -2.24
0.001911 -2.08 -2.24
0.001912 -2.08 -2.24
0.001913 -2.08 -2.16
0.001914 -2.08 -2.24
0.001915 -2 -2.16
0.001916 -2 -2.08
0.001917 -2 -2.16
0.001918 -2 -2.08
0.001919 -1.92 -2.08
0.00192 -1.92 -2
0.001921 -1.92 -2
0.001922 -1.92 -2
0.001923 -1.76 -2
0.001924 -1.92 -2
0.001925 -1.76 -1.92
0.001926 -1.76 -1.84
0.001927 -1.76 -1.92
0.001928 -1.76 -1.84
0.001929 -1.68 -1.92
0.00193 -1.68 -1.84
0.001931 -1.76 -1.84
0.001932 -1.68 -1.84
0.001933 -1.68 -1.76
0.001934 -1.6 -1.76
0.001935 -1.6 -1.68
0.001936 -1.6 -1.68
0.001937 -1.6 -1.68
0.001938 -1.6 -1.6
0.001939 -1.52 -1.68
0.00194 -1.44 -1.6
0.001941 -1.44 -1.6
0.001942 -1.44 -1.6
0.001943 -1.44 -1.52
0.001944 -1.44 -1.52
0.001945 -1.36 -1.52
0.001946 -1.36 -1.44
0.001947 -1.36 -1.44
0.001948 -1.36 -1.36
0.001949 -1.28 -1.44
0.00195 -1.28 -1.36
0.001951 -1.28 -1.36
0.001952 -1.2 -1.36
0.001953 -1.12 -1.36
0.001954 -1.2 -1.28
0.001955 -1.12 -1.28
0.001956 -1.12 -1.28
0.001957 -1.12 -1.28
0.001958 -1.12 -1.28
0.001959 -1.12 -1.2
0.00196 -1.12 -1.2
0.001961 -1.04 -1.2
0.001962 -1.04 -1.2
0.001963 -0.96 -1.04
0.001964 -0.96 -1.04
0.001965 -0.96 -1.04
0.001966 -0.96 -0.96
0.001967 -0.96 -1.12
0.001968 -0.8 -0.96
0.001969 -0.88 -1.04
0.00197 -0.8 -0.96
0.001971 -0.8 -0.96
0.001972 -0.8 -0.96
0.001973 -0.8 -0.88
0.001974 -0.72 -0.88
0.001975 -0.72 -0.8
0.001976 -0.72 -0.8
0.001977 -0.64 -0.88
0.001978 -0.64 -0.8
0.001979 -0.64 -0.72
0.00198 -0.64 -0.72
0.001981 -0.56 -0.72
0.001982 -0.48 -0.72
0.001983 -0.48 -0.72
0.001984 -0.48 -0.64
0.001985 -0.48 -0.64
0.001986 -0.48 -0.64
0.001987 -0.4 -0.56
0.001988 -0.4 -0.56
0.001989 -0.32 -0.48
0.00199 -0.4 -0.48
0.001991 -0.32 -0.4
0.001992 -0.32 -0.48
0.001993 -0.32 -0.48
0.001994 -0.32 -0.4
0.001995 -0.24 -0.4
0.001996 -0.16 -0.32
0.001997 -0.16 -0.32
0.001998 -0.16 -0.4
0.001999 -0.16 -0.32
0.002 -0.16 -0.32
0.002001 0 -0.24
0.002002 0 -0.32
0.002003 0 -0.24
0.002004 0 -0.16
0.002005 0 -0.16
0.002006 0.08 -0.16
0.002007 0.08 -0.16
0.002008 0.08 -0.16
0.002009 0.08 0
0.00201 0.08 0
0.002011 0.08 0.08
0.002012 0.24 0
0.002013 0.24 0
0.002014 0.24 0.08
0.002015 0.24 0.08
0.002016 0.32 0.16
0.002017 0.24 0.08
0.002018 0.32 0.16
0.002019 0.32 0.16
0.00202 0.32 0.16
0.002021 0.4 0.24
0.002022 0.4 0.24
0.002023 0.4 0.24
0.002024 0.4 0.32
0.002025 0.48 0.32
0.002026 0.48 0.4
0.002027 0.56 0.4
0.002028 0.56 0.4
0.002029 0.64 0.4
0.00203 0.64 0.4
0.002031 0.64 0.4
0.002032 0.64 0.48
0.002033 0.64 0.48
0.002034 0.72 0.48
0.002035 0.72 0.56
0.002036 0.72 0.64
0.002037 0.72 0.56
0.002038 0.8 0.56
0.002039 0.88 0.72
0.00204 0.8 0.64
0.002041 0.88 0.72
0.002042 0.88 0.64
0.002043 0.88 0.72
0.002044 0.88 0.72
0.002045 0.88 0.8
0.002046 0.96 0.8
0.002047 0.96 0.8
0.002048 1.04 0.8
0.002049 1.04 0.88
0.00205 1.04 0.88
0.002051 1.12 0.88
0.002052 1.12 0.88
0.002053 1.2 0.96
0.002054 1.2 0.96
0.002055 1.2 1.04
0.002056 1.2 1.04
0.002057 1.2 0.96
0.002058 1.2 1.04
0.002059 1.28 1.12
0.00206 1.28 1.12
0.002061 1.28 1.2
0.002062 1.36 1.12
0.002063 1.36 1.12
0.002064 1.36 1.2
0.002065 1.36 1.2
0.002066 1.36 1.2
0.002067 1.36 1.28
0.002068 1.52 1.28
0.002069 1.52 1.28
0.00207 1.52 1.28
0.002071 1.52 1.36
0.002072 1.52 1.36
0.002073 1.52 1.36
0.002074 1.6 1.36
0.002075 1.52 1.36
0.002076 1.6 1.44
0.002077 1.68 1.44
0.002078 1.68 1.44
0.002079 1.68 1.52
0.00208 1.68 1.52
0.002081 1.76 1.6
0.002082 1.68 1.52
0.002083 1.84 1.6
0.002084 1.84 1.6
0.002085 1.84 1.6
0.002086 1.84 1.68
0.002087 1.92 1.6
0.002088 1.92 1.68
0.002089 1.92 1.68
0.00209 1.92 1.68
0.002091 1.92 1.76
0.002092 2 1.76
0.002093 2 1.76
0.002094 2 1.84
0.002095 2 1.84
0.002096 2 1.92
0.002097 2 1.84
0.002098 2.08 1.92
0.002099 2.16 2
0.0021 2.16 1.92
0.002101 2.16 2
0.002102 2.16 2
0.002103 2.16 2
0.002104 2.24 2.08
0.002105 2.24 2.08
0.002106 2.24 2.16
0.002107 2.24 2.08
0.002108 2.32 2.08
0.002109 2.32 2.16
0.00211 2.32 2.16
0.002111 2.32 2.24
0.002112 2.32 2.24
0.002113 2.4 2.24
0.002114 2.48 2.32
0.002115 2.48 2.24
0.002116 2.48 2.24
0.002117 2.48 2.32
0.002118 2.48 2.32
0.002119 2.48 2.4
0.00212 2.56 2.32
0.002121 2.64 2.4
0.002122 2.56 2.4
0.002123 2.64 2.4
0.002124 2.56 2.56
0.002125 2.64 2.4
0.002126 2.64 2.56
0.002127 2.72 2.56
0.002128 2.8 2.56
0.002129 2.8 2.56
0.00213 2.8 2.56
0.002131 2.8 2.56
0.002132 2.8 2.56
0.002133 2.8 2.64
0.002134 2.88 2.72
0.002135 2.88 2.72
0.002136 2.88 2.72
0.002137 2.88 2.64
0.002138 2.88 2.72
0.002139 2.96 2.8
0.00214 2.96 2.8
0.002141 2.96 2.8
0.002142 2.96 2.8
0.002143 3.04 2.8
0.002144 2.96 2.88
0.002145 3.12 2.8
0.002146 3.12 2.88
0.002147 3.12 2.88
0.002148 3.12 2.88
0.002149 3.12 2.96
0.00215 3.2 2.96
0.002151 3.12 3.04
0.002152 3.12 2.96
0.002153 3.2 2.96
0.002154 3.2 3.04
0.002155 3.28 3.04
0.002156 3.28 3.04
0.002157 3.28 3.04
0.002158 3.28 3.04
0.002159 3.28 3.12
0.00216 3.28 3.2
0.002161 3.44 3.2
0.002162 3.44 3.2
0.002163 3.44 3.2
0.002164 3.44 3.28
0.002165 3.44 3.2
0.002166 3.44 3.2
0.002167 3.44 3.2
0.002168 3.44 3.28
0.002169 3.52 3.36
0.00217 3.52 3.28
0.002171 3.52 3.36
0.002172 3.52 3.36
0.002173 3.6 3.36
0.002174 3.6 3.44
0.002175 3.6 3.44
0.002176 3.6 3.44
0.002177 3.6 3.44
0.002178 3.6 3.44
0.002179 3.68 3.52
0.00218 3.76 3.52
0.002181 3.76 3.52
0.002182 3.76 3.52
0.002183 3.76 3.52
0.002184 3.76 3.6
0.002185 3.76 3.52
0.002186 3.84 3.6
0.002187 3.76 3.6
0.002188 3.76 3.68
0.002189 3.84 3.68
0.00219 3.84 3.68
0.002191 3.84 3.68
0.002192 3.92 3.68
0.002193 3.92 3.76
0.002194 3.92 3.84
0.002195 3.92 3.76
0.002196 3.92 3.84
0.002197 4 3.84
0.002198 4 3.84
0.002199 4 3.84
0.0022 4 3.84
0.002201 4.08 3.84
0.002202 4.08 3.92
0.002203 4.08 3.84
0.002204 4.08 3.92
0.002205 4.08 3.92
0.002206 4.08 3.92
0.002207 4.08 3.92
0.002208 4.08 4
0.002209 4.16 4
0.00221 4.16 3.92
0.002211 4.16 4
0.002212 4.16 4
0.002213 4.16 4
0.002214 4.16 4.08
0.002215 4.24 4.08
0.002216 4.24 4.08
0.002217 4.24 4.08
0.002218 4.24 4.16
0.002219 4.32 4.16
0.00222 4.4 4.16
0.002221 4.4 4.16
0.002222 4.4 4.16
0.002223 4.32 4.24
0.002224 4.4 4.24
0.002225 4.4 4.16
0.002226 4.4 4.24
0.002227 4.4 4.24
0.002228 4.48 4.24
0.002229 4.4 4.32
0.00223 4.48 4.24
0.002231 4.48 4.32
0.002232 4.48 4.32
0.002233 4.56 4.32
0.002234 4.56 4.4
0.002235 4.56 4.32
0.002236 4.56 4.4
0.002237 4.56 4.4
0.002238 4.56 4.4
0.002239 4.56 4.48
0.00224 4.56 4.4
0.002241 4.56 4.48
0.002242 4.72 4.48
0.002243 4.72 4.48
0.002244 4.72 4.48
0.002245 4.72 4.48
0.002246 4.72 4.48
0.002247 4.72 4.56
0.002248 4.72 4.56
0.002249 4.72 4.56
0.00225 4.72 4.56
0.002251 4.8 4.56
0.002252 4.8 4.56
0.002253 4.8 4.64
0.002254 4.8 4.64
0.002255 4.8 4.56
0.002256 4.8 4.64
0.002257 4.8 4.72
0.002258 4.8 4.64
0.002259 4.88 4.64
0.00226 4.8 4.72
0.002261 4.88 4.72
0.002262 4.88 4.72
0.002263 4.88 4.72
0.002264 4.88 4.8
0.002265 4.88 4.72
0.002266 4.88 4.8
0.002267 4.96 4.8
0.002268 5.04 4.8
0.002269 5.04 4.8
0.00227 4.96 4.8
0.002271 5.04 4.88
0.002272 5.04 4.88
0.002273 5.04 4.88
0.002274 5.04 4.88
0.002275 5.04 4.88
0.002276 5.04 4.88
0.002277 5.04 4.88
0.002278 5.04 4.88
0.002279 5.12 4.96
0.00228 5.04 4.88
0.002281 5.04 4.88
0.002282 5.04 4.96
0.002283 5.12 4.96
0.002284 5.12 4.96
0.002285 5.12 4.96
0.002286 5.12 4.96
0.002287 5.12 5.04
0.002288 5.2 4.96
0.002289 5.2 5.04
0.00229 5.12 5.04
0.002291 5.2 5.04
0.002292 5.2 5.04
0.002293 5.2 5.12
0.002294 5.2 5.04
0.002295 5.2 5.12
0.002296 5.2 5.04
0.002297 5.2 5.12
0.002298 5.28 5.12
0.002299 5.36 5.12
0.0023 5.2 5.12
0.002301 5.36 5.12
0.002302 5.28 5.2
0.002303 5.28 5.12
0.002304 5.28 5.12
0.002305 5.36 5.12
0.002306 5.36 5.12
0.002307 5.36 5.2
0.002308 5.36 5.2
0.002309 5.36 5.2
0.00231 5.36 5.2
0.002311 5.36 5.2
0.002312 5.36 5.2
0.002313 5.36 5.2
0.002314 5.36 5.2
0.002315 5.36 5.2
0.002316 5.36 5.2
0.002317 5.36 5.28
0.002318 5.44 5.2
0.002319 5.44 5.28
0.00232 5.44 5.2
0.002321 5.36 5.2
0.002322 5.36 5.28
0.002323 5.44 5.28
0.002324 5.44 5.28
0.002325 5.44 5.28
0.002326 5.44 5.28
0.002327 5.44 5.36
0.002328 5.44 5.28
0.002329 5.44 5.36
0.00233 5.52 5.36
0.002331 5.52 5.36
0.002332 5.52 5.36
0.002333 5.52 5.36
0.002334 5.52 5.44
0.002335 5.52 5.44
0.002336 5.52 5.36
0.002337 5.52 5.44
0.002338 5.52 5.44
0.002339 5.52 5.44
0.00234 5.52 5.44
0.002341 5.52 5.36
0.002342 5.52 5.44
0.002343 5.52 5.44
0.002344 5.52 5.44
0.002345 5.52 5.44
0.002346 5.6 5.44
0.002347 5.6 5.44
0.002348 5.6 5.44
0.002349 5.52 5.44
0.00235 5.6 5.44
0.002351 5.52 5.44
0.002352 5.52 5.52
0.002353 5.6 5.52
0.002354 5.6 5.44
0.002355 5.68 5.52
0.002356 5.68 5.44
0.002357 5.6 5.52
0.002358 5.68 5.52
0.002359 5.68 5.44
0.00236 5.68 5.52
0.002361 5.68 5.44
0.002362 5.68 5.52
0.002363 5.68 5.44
0.002364 5.6 5.52
0.002365 5.68 5.52
0.002366 5.6 5.44
0.002367 5.68 5.52
0.002368 5.68 5.52
0.002369 5.68 5.52
0.00237 5.68 5.52
0.002371 5.6 5.52
0.002372 5.68 5.52
0.002373 5.68 5.52
0.002374 5.68 5.6
0.002375 5.68 5.52
0.002376 5.68 5.52
0.002377 5.68 5.6
0.002378 5.68 5.52
0.002379 5.68 5.6
0.00238 5.68 5.52
0.002381 5.68 5.6
0.002382 5.68 5.6
0.002383 5.76 5.52
0.002384 5.68 5.6
0.002385 5.68 5.6
0.002386 5.68 5.6
0.002387 5.68 5.6
0.002388 5.76 5.6
0.002389 5.68 5.52
0.00239 5.76 5.6
0.002391 5.68 5.52
0.002392 5.68 5.6
0.002393 5.68 5.6
0.002394 5.68 5.6
0.002395 5.68 5.6
0.002396 5.68 5.52
0.002397 5.68 5.6
0.002398 5.68 5.6
0.002399 5.76 5.6
0.0024 5.68 5.6
0.002401 5.68 5.52
0.002402 5.68 5.6
0.002403 5.68 5.68
0.002404 5.68 5.6
0.002405 5.76 5.6
0.002406 5.68 5.52
0.002407 5.76 5.68
0.002408 5.68 5.6
0.002409 5.68 5.6
0.00241 5.68 5.6
0.002411 5.68 5.6
0.002412 5.68 5.6
0.002413 5.68 5.6
0.002414 5.68 5.6
0.002415 5.68 5.6
0.002416 5.68 5.52
0.002417 5.68 5.6
0.002418 5.68 5.6
0.002419 5.68 5.52
0.00242 5.68 5.6
0.002421 5.68 5.52
0.002422 5.68 5.6
0.002423 5.68 5.6
0.002424 5.68 5.52
0.002425 5.68 5.52
0.002426 5.68 5.52
0.002427 5.68 5.6
0.002428 5.68 5.6
0.002429 5.68 5.6
0.00243 5.68 5.6
0.002431 5.68 5.52
0.002432 5.68 5.68
0.002433 5.68 5.52
0.002434 5.68 5.52
0.002435 5.68 5.52
0.002436 5.68 5.52
0.002437 5.68 5.6
0.002438 5.6 5.52
0.002439 5.68 5.52
0.00244 5.68 5.52
0.002441 5.68 5.52
0.002442 5.68 5.6
0.002443 5.68 5.52
0.002444 5.52 5.52
0.002445 5.6 5.52
0.002446 5.52 5.52
0.002447 5.6 5.52
0.002448 5.68 5.52
0.002449 5.6 5.44
0.00245 5.6 5.52
0.002451 5.6 5.52
0.002452 5.52 5.52
0.002453 5.52 5.52
0.002454 5.52 5.44
0.002455 5.52 5.44
0.002456 5.52 5.44
0.002457 5.52 5.52
0.002458 5.52 5.52
0.002459 5.52 5.44
0.00246 5.52 5.52
0.002461 5.44 5.44
0.002462 5.52 5.52
0.002463 5.52 5.44
0.002464 5.44 5.44
0.002465 5.52 5.44
0.002466 5.44 5.44
0.002467 5.52 5.44
0.002468 5.52 5.44
0.002469 5.52 5.36
0.00247 5.44 5.44
0.002471 5.52 5.36
0.002472 5.44 5.44
0.002473 5.44 5.44
0.002474 5.44 5.36
0.002475 5.44 5.44
0.002476 5.44 5.28
0.002477 5.44 5.44
0.002478 5.36 5.36
0.002479 5.44 5.36
0.00248 5.36 5.36
0.002481 5.36 5.28
0.002482 5.44 5.36
0.002483 5.36 5.28
0.002484 5.36 5.28
0.002485 5.36 5.36
0.002486 5.36 5.28
0.002487 5.36 5.36
0.002488 5.36 5.36
0.002489 5.36 5.2
0.00249 5.36 5.28
0.002491 5.36 5.2
0.002492 5.36 5.28
0.002493 5.28 5.2
0.002494 5.36 5.2
0.002495 5.36 5.28
0.002496 5.2 5.2
0.002497 5.2 5.28
0.002498 5.2 5.2
0.002499 5.2 5.2
0.0025 5.2 5.2
0.002501 5.2 5.2
0.002502 5.2 5.2
0.002503 5.2 5.12
0.002504 5.2 5.12
0.002505 5.2 5.12
0.002506 5.2 5.12
0.002507 5.2 5.12
0.002508 5.12 5.2
0.002509 5.2 5.12
0.00251 5.2 5.12
0.002511 5.12 5.12
0.002512 5.12 5.12
0.002513 5.12 5.12
0.002514 5.04 5.04
0.002515 5.12 5.12
0.002516 5.04 5.04
0.002517 5.04 5.12
0.002518 5.04 5.04
0.002519 5.04 4.96
0.00252 5.04 5.12
0.002521 5.04 5.04
0.002522 5.04 5.04
0.002523 4.96 5.04
0.002524 5.04 4.96
0.002525 5.04 5.04
0.002526 4.96 4.96
0.002527 4.96 4.96
0.002528 4.96 4.96
0.002529 4.96 4.88
0.00253 4.88 4.96
0.002531 4.88 4.88
0.002532 4.88 4.96
0.002533 4.88 4.96
0.002534 4.88 4.88
0.002535 4.88 4.88
0.002536 4.88 4.8
0.002537 4.88 4.88
0.002538 4.8 4.8
0.002539 4.8 4.8
0.00254 4.8 4.8
0.002541 4.8 4.8
0.002542 4.8 4.8
0.002543 4.8 4.8
0.002544 4.8 4.8
0.002545 4.8 4.8
0.002546 4.8 4.8
0.002547 4.72 4.8
0.002548 4.72 4.72
0.002549 4.72 4.64
0.00255 4.72 4.72
0.002551 4.72 4.64
0.002552 4.72 4.72
0.002553 4.72 4.72
0.002554 4.72 4.64
0.002555 4.64 4.64
0.002556 4.72 4.64
0.002557 4.56 4.64
0.002558 4.56 4.56
0.002559 4.64 4.56
0.00256 4.56 4.64
0.002561 4.56 4.56
0.002562 4.56 4.56
0.002563 4.48 4.56
0.002564 4.48 4.48
0.002565 4.48 4.56
0.002566 4.48 4.48
0.002567 4.48 4.56
0.002568 4.4 4.48
0.002569 4.48 4.4
0.00257 4.48 4.48
0.002571 4.4 4.4
0.002572 4.4 4.48
0.002573 4.4 4.4
0.002574 4.4 4.32
0.002575 4.4 4.4
0.002576 4.4 4.32
0.002577 4.32 4.4
0.002578 4.32 4.32
0.002579 4.32 4.32
0.00258 4.32 4.32
0.002581 4.24 4.24
0.002582 4.24 4.32
0.002583 4.24 4.24
0.002584 4.24 4.24
0.002585 4.24 4.32
0.002586 4.16 4.24
0.002587 4.08 4.24
0.002588 4.16 4.24
0.002589 4.08 4.16
0.00259 4.08 4.24
0.002591 4.08 4.16
0.002592 4.08 4.24
0.002593 4.08 4.16
0.002594 4.08 4.08
0.002595 4.08 4.16
0.002596 4.08 4.08
0.002597 4 4.08
0.002598 4.08 4.08
0.002599 4 4
0.0026 4 4
0.002601 3.92 4
0.002602 3.92 4
0.002603 3.92 3.92
0.002604 3.92 3.92
0.002605 3.84 3.92
0.002606 3.84 3.92
0.002607 3.84 3.92
0.002608 3.84 3.84
0.002609 3.84 3.84
0.00261 3.76 3.92
0.002611 3.76 3.84
0.002612 3.76 3.84
0.002613 3.76 3.84
0.002614 3.76 3.76
0.002615 3.76 3.84
0.002616 3.76 3.76
0.002617 3.76 3.76
0.002618 3.68 3.68
0.002619 3.68 3.68
0.00262 3.6 3.68
0.002621 3.6 3.68
0.002622 3.6 3.68
0.002623 3.6 3.6
0.002624 3.6 3.6
0.002625 3.52 3.6
0.002626 3.52 3.6
0.002627 3.52 3.6
0.002628 3.52 3.6
0.002629 3.44 3.52
0.00263 3.44 3.52
0.002631 3.44 3.52
0.002632 3.44 3.52
0.002633 3.44 3.52
0.002634 3.36 3.44
0.002635 3.36 3.52
0.002636 3.36 3.44
0.002637 3.28 3.36
0.002638 3.28 3.36
0.002639 3.28 3.36
0.00264 3.28 3.36
0.002641 3.2 3.36
0.002642 3.2 3.28
0.002643 3.2 3.28
0.002644 3.2 3.2
0.002645 3.2 3.28
0.002646 3.2 3.2
0.002647 3.12 3.2
0.002648 3.12 3.2
0.002649 3.12 3.12
0.00265 3.12 3.2
0.002651 3.12 3.2
0.002652 3.04 3.2
0.002653 3.12 3.2
0.002654 2.96 3.04
0.002655 2.96 3.04
0.002656 2.96 3.04
0.002657 2.96 3.04
0.002658 2.96 3.04
0.002659 2.88 2.96
0.00266 2.88 2.96
0.002661 2.8 2.96
0.002662 2.88 2.96
0.002663 2.8 2.96
0.002664 2.8 2.88
0.002665 2.8 2.88
0.002666 2.8 2.88
0.002667 2.8 2.88
0.002668 2.64 2.88
0.002669 2.72 2.72
0.00267 2.8 2.8
0.002671 2.64 2.72
0.002672 2.64 2.72
0.002673 2.64 2.72
0.002674 2.64 2.72
0.002675 2.56 2.72
0.002676 2.56 2.72
0.002677 2.48 2.64
0.002678 2.48 2.64
0.002679 2.48 2.64
0.00268 2.48 2.64
0.002681 2.48 2.56
0.002682 2.48 2.56
0.002683 2.48 2.56
0.002684 2.48 2.56
0.002685 2.4 2.48
0.002686 2.32 2.48
0.002687 2.32 2.4
0.002688 2.32 2.4
0.002689 2.24 2.4
0.00269 2.32 2.4
0.002691 2.24 2.4
0.002692 2.24 2.4
0.002693 2.24 2.32
0.002694 2.24 2.32
0.002695 2.16 2.32
0.002696 2.16 2.24
0.002697 2.16 2.24
0.002698 2.08 2.24
0.002699 2.08 2.24
0.0027 2 2.24
0.002701 2 2.16
0.002702 2 2.16
0.002703 2 2.16
0.002704 1.92 2.08
0.002705 2 2.08
0.002706 1.92 2
0.002707 1.84 2.08
0.002708 1.92 2
0.002709 1.84 2
0.00271 1.84 2
0.002711 1.84 2
0.002712 1.84 1.92
0.002713 1.84 1.92
0.002714 1.68 1.92
0.002715 1.68 1.92
0.002716 1.68 1.84
0.002717 1.68 1.76
0.002718 1.68 1.84
0.002719 1.68 1.76
0.00272 1.6 1.76
0.002721 1.6 1.68
0.002722 1.6 1.68
0.002723 1.6 1.68
0.002724 1.52 1.68
0.002725 1.52 1.68
0.002726 1.52 1.6
0.002727 1.52 1.6
0.002728 1.44 1.6
0.002729 1.52 1.52
0.00273 1.36 1.6
0.002731 1.36 1.52
0.002732 1.36 1.52
0.002733 1.36 1.52
0.002734 1.36 1.44
0.002735 1.28 1.44
0.002736 1.28 1.44
0.002737 1.2 1.36
0.002738 1.28 1.36
0.002739 1.2 1.36
0.00274 1.2 1.36
0.002741 1.2 1.36
0.002742 1.2 1.28
0.002743 1.2 1.28
0.002744 1.12 1.28
0.002745 1.04 1.28
0.002746 1.12 1.28
0.002747 1.04 1.2
0.002748 1.04 1.2
0.002749 0.96 1.12
0.00275 0.96 1.12
0.002751 0.96 1.12
0.002752 0.88 1.04
0.002753 0.88 1.04
0.002754 0.88 1.04
0.002755 0.88 1.04
0.002756 0.88 0.96
0.002757 0.72 0.96
0.002758 0.8 0.96
0.002759 0.72 0.96
0.00276 0.72 0.96
0.002761 0.72 0.88
0.002762 0.72 0.8
0.002763 0.72 0.8
0.002764 0.64 0.88
0.002765 0.64 0.8
0.002766 0.64 0.8
0.002767 0.56 0.72
0.002768 0.56 0.72
0.002769 0.56 0.72
0.00277 0.56 0.72
0.002771 0.56 0.72
0.002772 0.48 0.64
0.002773 0.4 0.64
0.002774 0.4 0.64
0.002775 0.4 0.56
0.002776 0.4 0.56
0.002777 0.4 0.48
0.002778 0.32 0.48
0.002779 0.32 0.48
0.00278 0.32 0.48
0.002781 0.24 0.4
0.002782 0.24 0.4
0.002783 0.24 0.4
0.002784 0.24 0.4
0.002785 0.16 0.32
0.002786 0.24 0.32
0.002787 0.16 0.32
0.002788 0.16 0.32
0.002789 0.08 0.32
0.00279 0.08 0.24
0.002791 0 0.24
0.002792 0 0.16
0.002793 0 0.16
0.002794 0 0.16
0.002795 0 0.08
0.002796 -0.16 0.16
0.002797 -0.16 0.08
0.002798 -0.24 0.08
0.002799 -0.16 0.08
0.0028 -0.16 0
0.002801 -0.24 0.08
0.002802 -0.32 0
0.002803 -0.32 0
0.002804 -0.32 0
0.002805 -0.4 -0.16
0.002806 -0.32 0
0.002807 -0.4 -0.24
0.002808 -0.4 -0.16
0.002809 -0.48 -0.24
0.00281 -0.48 -0.24
0.002811 -0.48 -0.24
0.002812 -0.48 -0.32
0.002813 -0.56 -0.32
0.002814 -0.48 -0.32
0.002815 -0.64 -0.4
0.002816 -0.64 -0.4
0.002817 -0.64 -0.4
0.002818 -0.64 -0.4
0.002819 -0.64 -0.4
0.00282 -0.72 -0.4
0.002821 -0.72 -0.48
0.002822 -0.72 -0.56
0.002823 -0.8 -0.56
0.002824 -0.8 -0.48
0.002825 -0.8 -0.64
0.002826 -0.8 -0.56
0.002827 -0.8 -0.64
0.002828 -0.88 -0.64
0.002829 -0.88 -0.64
0.00283 -0.96 -0.8
0.002831 -0.96 -0.64
0.002832 -0.96 -0.8
0.002833 -0.96 -0.8
0.002834 -1.04 -0.72
0.002835 -1.04 -0.8
0.002836 -1.04 -0.8
0.002837 -1.12 -0.88
0.002838 -1.12 -0.88
0.002839 -1.12 -0.88
0.00284 -1.12 -0.96
0.002841 -1.12 -0.88
0.002842 -1.2 -1.04
0.002843 -1.28 -0.96
0.002844 -1.2 -0.96
0.002845 -1.28 -1.04
0.002846 -1.28 -1.04
0.002847 -1.28 -1.04
0.002848 -1.28 -1.04
0.002849 -1.36 -1.04
0.00285 -1.36 -1.2
0.002851 -1.44 -1.12
0.002852 -1.44 -1.2
0.002853 -1.44 -1.2
0.002854 -1.44 -1.2
0.002855 -1.44 -1.28
0.002856 -1.44 -1.28
0.002857 -1.52 -1.36
0.002858 -1.44 -1.36
0.002859 -1.6 -1.28
0.00286 -1.6 -1.36
0.002861 -1.6 -1.36
0.002862 -1.6 -1.44
0.002863 -1.68 -1.44
0.002864 -1.6 -1.36
0.002865 -1.68 -1.52
0.002866 -1.68 -1.44
0.002867 -1.76 -1.6
0.002868 -1.76 -1.52
0.002869 -1.76 -1.52
0.00287 -1.76 -1.6
0.002871 -1.84 -1.52
0.002872 -1.84 -1.68
0.002873 -1.92 -1.6
0.002874 -1.92 -1.6
0.002875 -1.84 -1.76
0.002876 -1.92 -1.6
0.002877 -1.92 -1.76
0.002878 -2 -1.76
0.002879 -2 -1.76
0.00288 -2 -1.84
0.002881 -2 -1.76
0.002882 -2.08 -1.84
0.002883 -2.08 -1.84
0.002884 -2.08 -1.84
0.002885 -2.08 -1.92
0.002886 -2.08 -1.92
0.002887 -2.16 -1.92
0.002888 -2.16 -2
0.002889 -2.24 -1.92
0.00289 -2.24 -2
0.002891 -2.32 -1.92
0.002892 -2.24 -2.08
0.002893 -2.32 -2.08
0.002894 -2.32 -2
0.002895 -2.32 -2.16
0.002896 -2.32 -2.08
0.002897 -2.4 -2.16
0.002898 -2.4 -2.16
0.002899 -2.4 -2.16
0.0029 -2.4 -2.24
0.002901 -2.4 -2.24
0.002902 -2.48 -2.32
0.002903 -2.56 -2.32
0.002904 -2.56 -2.24
0.002905 -2.56 -2.32
0.002906 -2.56 -2.32
0.002907 -2.56 -2.32
0.002908 -2.56 -2.32
0.002909 -2.64 -2.32
0.00291 -2.64 -2.48
0.002911 -2.64 -2.4
0.002912 -2.64 -2.56
0.002913 -2.64 -2.48
0.002914 -2.72 -2.4
0.002915 -2.72 -2.56
0.002916 -2.72 -2.48
0.002917 -2.8 -2.64
0.002918 -2.8 -2.64
0.002919 -2.88 -2.56
0.00292 -2.88 -2.64
0.002921 -2.88 -2.64
0.002922 -2.88 -2.64
0.002923 -2.88 -2.64
0.002924 -2.88 -2.64
0.002925 -2.96 -2.8
0.002926 -2.96 -2.72
0.002927 -3.04 -2.8
0.002928 -3.04 -2.8
0.002929 -3.04 -2.72
0.00293 -3.04 -2.88
0.002931 -3.04 -2.8
0.002932 -3.04 -2.88
0.002933 -3.04 -2.88
0.002934 -3.04 -2.88
0.002935 -3.2 -2.96
0.002936 -3.12 -2.88
0.002937 -3.2 -3.04
0.002938 -3.2 -2.96
0.002939 -3.2 -2.88
0.00294 -3.28 -3.04
0.002941 -3.28 -2.96
0.002942 -3.28 -3.04
0.002943 -3.28 -3.04
0.002944 -3.36 -3.04
0.002945 -3.28 -3.12
0.002946 -3.36 -3.12
0.002947 -3.36 -3.2
0.002948 -3.36 -3.12
0.002949 -3.44 -3.12
0.00295 -3.44 -3.2
0.002951 -3.44 -3.2
0.002952 -3.52 -3.28
0.002953 -3.52 -3.28
0.002954 -3.52 -3.2
0.002955 -3.52 -3.36
0.002956 -3.52 -3.2
0.002957 -3.6 -3.28
0.002958 -3.6 -3.36
0.002959 -3.6 -3.28
0.00296 -3.6 -3.44
0.002961 -3.68 -3.36
0.002962 -3.6 -3.44
0.002963 -3.68 -3.44
0.002964 -3.68 -3.36
0.002965 -3.68 -3.52
0.002966 -3.68 -3.52
0.002967 -3.68 -3.52
0.002968 -3.76 -3.52
0.002969 -3.76 -3.52
0.00297 -3.76 -3.6
0.002971 -3.76 -3.52
0.002972 -3.84 -3.68
0.002973 -3.84 -3.6
0.002974 -3.92 -3.6
0.002975 -3.92 -3.68
0.002976 -3.92 -3.6
0.002977 -3.92 -3.76
0.002978 -3.92 -3.76
0.002979 -3.92 -3.68
0.00298 -3.92 -3.76
0.002981 -4 -3.68
0.002982 -4 -3.84
0.002983 -4 -3.84
0.002984 -4 -3.76
0.002985 -4 -3.84
0.002986 -4 -3.84
0.002987 -4.08 -3.92
0.002988 -4 -3.92
0.002989 -4.08 -3.84
0.00299 -4.16 -3.92
0.002991 -4.16 -3.92
0.002992 -4.16 -3.92
0.002993 -4.16 -3.92
0.002994 -4.16 -3.92
0.002995 -4.16 -4
0.002996 -4.24 -3.92
0.002997 -4.24 -4.08
0.002998 -4.24 -4
0.002999 -4.32 -4
0.003 -4.32 -4.08
0.003001 -4.32 -4.08
0.003002 -4.32 -4.08
0.003003 -4.32 -4.08
0.003004 -4.32 -4.08
0.003005 -4.32 -4.16
0.003006 -4.32 -4.16
0.003007 -4.4 -4.24
0.003008 -4.4 -4.16
0.003009 -4.48 -4.16
0.00301 -4.48 -4.24
0.003011 -4.48 -4.24
0.003012 -4.48 -4.24
0.003013 -4.48 -4.24
0.003014 -4.48 -4.24
0.003015 -4.48 -4.4
0.003016 -4.56 -4.32
0.003017 -4.56 -4.4
0.003018 -4.56 -4.24
0.003019 -4.56 -4.32
0.00302 -4.64 -4.4
0.003021 -4.64 -4.32
0.003022 -4.64 -4.48
0.003023 -4.56 -4.4
0.003024 -4.64 -4.4
0.003025 -4.64 -4.48
0.003026 -4.64 -4.48
0.003027 -4.64 -4.48
0.003028 -4.72 -4.48
0.003029 -4.64 -4.48
0.00303 -4.72 -4.56
0.003031 -4.64 -4.48
0.003032 -4.8 -4.56
0.003033 -4.8 -4.56
0.003034 -4.8 -4.48
0.003035 -4.88 -4.64
0.003036 -4.8 -4.56
0.003037 -4.8 -4.64
0.003038 -4.88 -4.56
0.003039 -4.88 -4.56
0.00304 -4.8 -4.64
0.003041 -4.88 -4.64
0.003042 -4.88 -4.72
0.003043 -4.88 -4.72
0.003044 -4.96 -4.64
0.003045 -4.96 -4.72
0.003046 -4.96 -4.72
0.003047 -4.96 -4.72
0.003048 -4.96 -4.72
0.003049 -4.96 -4.72
0.00305 -4.96 -4.8
0.003051 -4.96 -4.72
0.003052 -4.96 -4.8
0.003053 -4.96 -4.8
0.003054 -4.96 -4.8
0.003055 -5.04 -4.88
0.003056 -4.96 -4.8
0.003057 -5.12 -4.88
0.003058 -5.04 -4.88
0.003059 -5.12 -4.88
0.00306 -5.12 -4.88
0.003061 -5.12 -4.88
0.003062 -5.12 -4.88
0.003063 -5.12 -4.88
0.003064 -5.12 -4.88
0.003065 -5.12 -4.96
0.003066 -5.2 -4.88
0.003067 -5.2 -4.96
0.003068 -5.2 -5.04
0.003069 -5.2 -4.88
0.00307 -5.2 -5.04
0.003071 -5.2 -5.04
0.003072 -5.2 -5.12
0.003073 -5.28 -5.04
0.003074 -5.28 -5.04
0.003075 -5.28 -5.04
0.003076 -5.28 -5.04
0.003077 -5.28 -5.12
0.003078 -5.28 -5.12
0.003079 -5.28 -5.04
0.00308 -5.28 -5.12
0.003081 -5.28 -5.12
0.003082 -5.28 -5.12
0.003083 -5.28 -5.12
0.003084 -5.28 -5.12
0.003085 -5.28 -5.12
0.003086 -5.28 -5.12
0.003087 -5.36 -5.2
0.003088 -5.36 -5.2
0.003089 -5.36 -5.12
0.00309 -5.44 -5.2
0.003091 -5.44 -5.2
0.003092 -5.44 -5.2
0.003093 -5.52 -5.2
0.003094 -5.36 -5.2
0.003095 -5.44 -5.28
0.003096 -5.44 -5.2
0.003097 -5.44 -5.28
0.003098 -5.44 -5.2
0.003099 -5.44 -5.2
0.0031 -5.44 -5.28
0.003101 -5.44 -5.28
0.003102 -5.52 -5.36
0.003103 -5.52 -5.36
0.003104 -5.52 -5.28
0.003105 -5.52 -5.28
0.003106 -5.52 -5.36
0.003107 -5.52 -5.36
0.003108 -5.52 -5.36
0.003109 -5.52 -5.28
0.00311 -5.52 -5.36
0.003111 -5.6 -5.36
0.003112 -5.6 -5.36
0.003113 -5.6 -5.44
0.003114 -5.6 -5.36
0.003115 -5.6 -5.36
0.003116 -5.6 -5.36
0.003117 -5.6 -5.44
0.003118 -5.6 -5.44
0.003119 -5.6 -5.44
0.00312 -5.6 -5.44
0.003121 -5.6 -5.44
0.003122 -5.6 -5.44
0.003123 -5.6 -5.44
0.003124 -5.6 -5.44
0.003125 -5.6 -5.44
0.003126 -5.6 -5.44
0.003127 -5.6 -5.52
0.003128 -5.68 -5.52
0.003129 -5.68 -5.44
0.00313 -5.68 -5.52
0.003131 -5.68 -5.52
0.003132 -5.76 -5.52
0.003133 -5.68 -5.52
0.003134 -5.76 -5.52
0.003135 -5.76 -5.52
0.003136 -5.76 -5.52
0.003137 -5.6 -5.52
0.003138 -5.76 -5.52
0.003139 -5.76 -5.52
0.00314 -5.76 -5.52
0.003141 -5.76 -5.52
0.003142 -5.76 -5.52
0.003143 -5.76 -5.52
0.003144 -5.76 -5.52
0.003145 -5.68 -5.6
0.003146 -5.76 -5.6
0.003147 -5.76 -5.6
0.003148 -5.76 -5.52
0.003149 -5.76 -5.52
0.00315 -5.76 -5.6
0.003151 -5.76 -5.6
0.003152 -5.84 -5.6
0.003153 -5.84 -5.6
0.003154 -5.76 -5.52
0.003155 -5.76 -5.6
0.003156 -5.84 -5.6
0.003157 -5.76 -5.6
0.003158 -5.76 -5.68
0.003159 -5.84 -5.68
0.00316 -5.84 -5.6
0.003161 -5.84 -5.68
0.003162 -5.76 -5.68
0.003163 -5.84 -5.6
0.003164 -5.76 -5.68
0.003165 -5.84 -5.6
0.003166 -5.84 -5.68
0.003167 -5.76 -5.68
0.003168 -5.84 -5.68
0.003169 -5.84 -5.68
0.00317 -5.84 -5.68
0.003171 -5.84 -5.68
0.003172 -5.84 -5.68
0.003173 -5.84 -5.68
0.003174 -5.84 -5.68
0.003175 -5.92 -5.68
0.003176 -5.84 -5.76
0.003177 -5.84 -5.68
0.003178 -5.84 -5.76
0.003179 -5.84 -5.68
0.00318 -5.84 -5.68
0.003181 -5.92 -5.76
0.003182 -5.84 -5.68
0.003183 -5.84 -5.68
0.003184 -5.84 -5.68
0.003185 -5.84 -5.68
0.003186 -5.84 -5.68
0.003187 -5.84 -5.68
0.003188 -5.84 -5.76
0.003189 -5.84 -5.68
0.00319 -5.84 -5.68
0.003191 -5.84 -5.68
0.003192 -5.84 -5.68
0.003193 -5.84 -5.76
0.003194 -5.92 -5.68
0.003195 -5.92 -5.68
0.003196 -5.92 -5.76
0.003197 -5.92 -5.76
0.003198 -5.84 -5.76
0.003199 -5.84 -5.76
0.0032 -5.84 -5.68
0.003201 -5.84 -5.76
0.003202 -5.84 -5.68
0.003203 -5.84 -5.68
0.003204 -5.76 -5.68
0.003205 -5.84 -5.68
0.003206 -5.84 -5.76
0.003207 -5.84 -5.68
0.003208 -5.84 -5.68
0.003209 -5.84 -5.68
0.00321 -5.84 -5.68
0.003211 -5.84 -5.68
0.003212 -5.84 -5.68
0.003213 -5.84 -5.76
0.003214 -5.84 -5.68
0.003215 -5.84 -5.68
0.003216 -5.84 -5.68
0.003217 -5.84 -5.68
0.003218 -5.84 -5.68
0.003219 -5.84 -5.68
0.00322 -5.84 -5.68
0.003221 -5.76 -5.68
0.003222 -5.84 -5.68
0.003223 -5.84 -5.68
0.003224 -5.76 -5.68
0.003225 -5.84 -5.68
0.003226 -5.84 -5.68
0.003227 -5.76 -5.68
0.003228 -5.76 -5.6
0.003229 -5.76 -5.68
0.00323 -5.76 -5.68
0.003231 -5.84 -5.68
0.003232 -5.76 -5.68
0.003233 -5.76 -5.68
0.003234 -5.76 -5.68
0.003235 -5.84 -5.68
0.003236 -5.76 -5.68
0.003237 -5.76 -5.6
0.003238 -5.76 -5.6
0.003239 -5.76 -5.68
0.00324 -5.76 -5.6
0.003241 -5.76 -5.68
0.003242 -5.76 -5.6
0.003243 -5.76 -5.68
0.003244 -5.76 -5.68
0.003245 -5.76 -5.6
0.003246 -5.76 -5.6
0.003247 -5.76 -5.6
0.003248 -5.6 -5.6
0.003249 -5.6 -5.6
0.00325 -5.68 -5.6
0.003251 -5.68 -5.6
0.003252 -5.76 -5.52
0.003253 -5.6 -5.52
0.003254 -5.76 -5.6
0.003255 -5.68 -5.6
0.003256 -5.6 -5.6
0.003257 -5.6 -5.52
0.003258 -5.6 -5.52
0.003259 -5.6 -5.6
0.00326 -5.6 -5.52
0.003261 -5.6 -5.52
0.003262 -5.6 -5.52
0.003263 -5.6 -5.52
0.003264 -5.6 -5.6
0.003265 -5.6 -5.52
0.003266 -5.6 -5.52
0.003267 -5.6 -5.52
0.003268 -5.6 -5.52
0.003269 -5.52 -5.52
0.00327 -5.6 -5.44
0.003271 -5.6 -5.52
0.003272 -5.52 -5.44
0.003273 -5.6 -5.52
0.003274 -5.52 -5.44
0.003275 -5.6 -5.44
0.003276 -5.52 -5.44
0.003277 -5.52 -5.44
0.003278 -5.52 -5.44
0.003279 -5.52 -5.52
0.00328 -5.44 -5.36
0.003281 -5.52 -5.44
0.003282 -5.52 -5.36
0.003283 -5.44 -5.44
0.003284 -5.44 -5.44
0.003285 -5.52 -5.36
0.003286 -5.44 -5.36
0.003287 -5.44 -5.36
0.003288 -5.44 -5.36
0.003289 -5.44 -5.36
0.00329 -5.44 -5.36
0.003291 -5.44 -5.36
0.003292 -5.44 -5.36
0.003293 -5.36 -5.36
0.003294 -5.36 -5.36
0.003295 -5.36 -5.28
0.003296 -5.36 -5.28
0.003297 -5.36 -5.28
0.003298 -5.36 -5.28
0.003299 -5.36 -5.28
0.0033 -5.28 -5.2
0.003301 -5.28 -5.28
0.003302 -5.28 -5.2
0.003303 -5.28 -5.2
0.003304 -5.28 -5.28
0.003305 -5.28 -5.2
0.003306 -5.28 -5.2
0.003307 -5.28 -5.2
0.003308 -5.28 -5.2
0.003309 -5.2 -5.2
0.00331 -5.2 -5.12
0.003311 -5.28 -5.2
0.003312 -5.28 -5.2
0.003313 -5.28 -5.2
0.003314 -5.28 -5.2
0.003315 -5.2 -5.12
0.003316 -5.2 -5.12
0.003317 -5.2 -5.04
0.003318 -5.2 -5.12
0.003319 -5.12 -5.12
0.00332 -5.12 -5.04
0.003321 -5.12 -5.12
0.003322 -5.12 -5.04
0.003323 -5.12 -5.04
0.003324 -5.12 -5.12
0.003325 -5.12 -5.04
0.003326 -5.12 -5.04
0.003327 -4.96 -4.96
0.003328 -5.12 -5.04
0.003329 -4.96 -5.04
0.00333 -5.04 -4.88
0.003331 -4.96 -4.96
0.003332 -4.96 -4.88
0.003333 -4.96 -4.96
0.003334 -4.96 -4.96
0.003335 -4.96 -4.88
0.003336 -4.96 -4.88
0.003337 -4.96 -4.88
0.003338 -4.96 -4.88
0.003339 -4.96 -4.88
0.00334 -4.96 -4.88
0.003341 -4.88 -4.88
0.003342 -4.88 -4.8
0.003343 -4.88 -4.8
0.003344 -4.88 -4.88
0.003345 -4.8 -4.8
0.003346 -4.88 -4.88
0.003347 -4.8 -4.8
0.003348 -4.8 -4.8
0.003349 -4.8 -4.8
0.00335 -4.72 -4.72
0.003351 -4.72 -4.72
0.003352 -4.8 -4.72
0.003353 -4.72 -4.72
0.003354 -4.72 -4.72
0.003355 -4.72 -4.72
0.003356 -4.64 -4.72
0.003357 -4.64 -4.56
0.003358 -4.64 -4.64
0.003359 -4.64 -4.72
0.00336 -4.64 -4.64
0.003361 -4.64 -4.64
0.003362 -4.64 -4.56
0.003363 -4.56 -4.56
0.003364 -4.56 -4.64
0.003365 -4.56 -4.48
0.003366 -4.56 -4.56
0.003367 -4.56 -4.48
0.003368 -4.56 -4.48
0.003369 -4.48 -4.48
0.00337 -4.48 -4.48
0.003371 -4.48 -4.48
0.003372 -4.48 -4.4
0.003373 -4.48 -4.48
0.003374 -4.48 -4.48
0.003375 -4.48 -4.32
0.003376 -4.4 -4.4
0.003377 -4.4 -4.32
0.003378 -4.32 -4.32
0.003379 -4.32 -4.4
0.00338 -4.32 -4.32
0.003381 -4.32 -4.32
0.003382 -4.24 -4.24
0.003383 -4.32 -4.24
0.003384 -4.24 -4.32
0.003385 -4.24 -4.24
0.003386 -4.24 -4.24
0.003387 -4.24 -4.16
0.003388 -4.24 -4.16
0.003389 -4.24 -4.24
0.00339 -4.16 -4.16
0.003391 -4.16 -4.24
0.003392 -4.16 -4.08
0.003393 -4.16 -4.16
0.003394 -4.16 -4.16
0.003395 -4 -4.08
0.003396 -4.08 -4.08
0.003397 -4.08 -4.08
0.003398 -4 -4.08
0.003399 -4 -4.08
0.0034 -4 -4
0.003401 -4 -4.08
0.003402 -4 -4
0.003403 -4 -3.92
0.003404 -3.92 -4
0.003405 -4 -3.92
0.003406 -3.92 -3.92
0.003407 -3.92 -3.92
0.003408 -3.92 -3.92
0.003409 -3.84 -4
0.00341 -3.84 -3.84
0.003411 -3.84 -3.84
0.003412 -3.84 -3.84
0.003413 -3.84 -3.84
0.003414 -3.76 -3.84
0.003415 -3.68 -3.76
0.003416 -3.84 -3.84
0.003417 -3.68 -3.76
0.003418 -3.68 -3.76
0.003419 -3.68 -3.76
0.00342 -3.68 -3.6
0.003421 -3.68 -3.68
0.003422 -3.68 -3.6
0.003423 -3.6 -3.68
0.003424 -3.6 -3.68
0.003425 -3.6 -3.6
0.003426 -3.6 -3.68
0.003427 -3.6 -3.6
0.003428 -3.6 -3.6
0.003429 -3.52 -3.6
0.00343 -3.52 -3.52
0.003431 -3.52 -3.52
0.003432 -3.52 -3.52
0.003433 -3.36 -3.52
0.003434 -3.36 -3.52
0.003435 -3.36 -3.44
0.003436 -3.36 -3.44
0.003437 -3.36 -3.44
0.003438 -3.36 -3.36
0.003439 -3.28 -3.44
0.00344 -3.28 -3.36
0.003441 -3.28 -3.36
0.003442 -3.28 -3.36
0.003443 -3.28 -3.28
0.003444 -3.2 -3.36
0.003445 -3.2 -3.2
0.003446 -3.2 -3.28
0.003447 -3.2 -3.2
0.003448 -3.2 -3.2
0.003449 -3.12 -3.28
0.00345 -3.2 -3.12
0.003451 -3.04 -3.2
0.003452 -3.04 -3.12
0.003453 -3.04 -3.12
0.003454 -3.04 -3.12
0.003455 -2.96 -2.96
0.003456 -3.04 -3.04
0.003457 -2.96 -3.04
0.003458 -2.88 -3.04
0.003459 -3.04 -3.04
0.00346 -2.96 -2.96
0.003461 -2.96 -2.96
0.003462 -2.88 -2.88
0.003463 -2.88 -2.96
0.003464 -2.88 -2.96
0.003465 -2.88 -2.88
0.003466 -2.88 -2.88
0.003467 -2.72 -2.88
0.003468 -2.72 -2.8
0.003469 -2.72 -2.88
0.00347 -2.72 -2.8
0.003471 -2.72 -2.8
0.003472 -2.72 -2.72
0.003473 -2.64 -2.72
0.003474 -2.64 -2.72
0.003475 -2.64 -2.64
0.003476 -2.64 -2.72
0.003477 -2.56 -2.64
0.003478 -2.56 -2.64
0.003479 -2.56 -2.64
0.00348 -2.48 -2.56
0.003481 -2.4 -2.64
0.003482 -2.48 -2.56
0.003483 -2.4 -2.48
0.003484 -2.4 -2.56
0.003485 -2.4 -2.48
0.003486 -2.4 -2.48
0.003487 -2.4 -2.4
0.003488 -2.32 -2.4
0.003489 -2.4 -2.4
0.00349 -2.32 -2.32
0.003491 -2.24 -2.4
0.003492 -2.32 -2.32
0.003493 -2.24 -2.32
0.003494 -2.24 -2.32
0.003495 -2.24 -2.24
0.003496 -2.16 -2.32
0.003497 -2.08 -2.24
0.003498 -2.08 -2.24
0.003499 -2.08 -2.24
0.0035 -2.08 -2.08
0.003501 -2.08 -2.16
0.003502 -2.08 -2.16
0.003503 -2 -2.16
0.003504 -2 -2.16
0.003505 -2 -2
0.003506 -2 -2.08
0.003507 -2 -2
0.003508 -1.92 -2
0.003509 -1.92 -2
0.00351 -1.92 -2
0.003511 -1.92 -2
0.003512 -1.84 -1.92
0.003513 -1.84 -1.92
0.003514 -1.76 -1.92
0.003515 -1.76 -1.84
0.003516 -1.76 -1.84
0.003517 -1.68 -1.84
0.003518 -1.68 -1.76
0.003519 -1.68 -1.84
0.00352 -1.68 -1.68
0.003521 -1.68 -1.76
0.003522 -1.6 -1.68
0.003523 -1.6 -1.68
0.003524 -1.6 -1.68
0.003525 -1.44 -1.6
0.003526 -1.52 -1.6
0.003527 -1.52 -1.6
0.003528 -1.44 -1.6
0.003529 -1.44 -1.6
0.00353 -1.44 -1.52
0.003531 -1.44 -1.52
0.003532 -1.36 -1.44
0.003533 -1.44 -1.52
0.003534 -1.36 -1.52
0.003535 -1.36 -1.44
0.003536 -1.28 -1.44
0.003537 -1.28 -1.36
0.003538 -1.28 -1.36
0.003539 -1.28 -1.36
0.00354 -1.12 -1.36
0.003541 -1.28 -1.36
0.003542 -1.12 -1.28
0.003543 -1.12 -1.28
0.003544 -1.12 -1.2
0.003545 -1.12 -1.2
0.003546 -1.04 -1.2
0.003547 -1.04 -1.2
0.003548 -1.12 -1.2
0.003549 -1.04 -1.2
0.00355 -1.04 -1.04
0.003551 -0.96 -1.04
0.003552 -0.96 -1.04
0.003553 -0.88 -1.04
0.003554 -0.96 -1.04
0.003555 -0.88 -0.96
0.003556 -0.8 -1.04
0.003557 -0.8 -0.96
0.003558 -0.8 -0.96
0.003559 -0.8 -0.96
0.00356 -0.72 -0.88
0.003561 -0.72 -0.88
0.003562 -0.72 -0.88
0.003563 -0.72 -0.88
0.003564 -0.64 -0.88
0.003565 -0.64 -0.8
0.003566 -0.64 -0.8
0.003567 -0.56 -0.72
0.003568 -0.56 -0.72
0.003569 -0.64 -0.72
0.00357 -0.48 -0.64
0.003571 -0.48 -0.64
0.003572 -0.48 -0.64
0.003573 -0.48 -0.64
0.003574 -0.48 -0.64
0.003575 -0.48 -0.48
0.003576 -0.4 -0.56
0.003577 -0.4 -0.48
0.003578 -0.4 -0.48
0.003579 -0.32 -0.4
0.00358 -0.32 -0.48
0.003581 -0.32 -0.4
0.003582 -0.24 -0.4
0.003583 -0.16 -0.4
0.003584 -0.16 -0.4
0.003585 -0.24 -0.32
0.003586 -0.16 -0.32
0.003587 -0.16 -0.32
0.003588 0 -0.32
0.003589 0 -0.24
0.00359 0 -0.24
0.003591 0 -0.24
0.003592 0 -0.24
0.003593 0.08 -0.16
0.003594 0 0
0.003595 0.08 0
0.003596 0.08 0
0.003597 0.16 0
0.003598 0.16 0
0.003599 0.24 0
0.0036 0.24 0.08
0.003601 0.24 0.08
0.003602 0.24 0.08
0.003603 0.24 0.16
0.003604 0.32 0.16
0.003605 0.32 0.16
0.003606 0.32 0.16
0.003607 0.32 0.16
0.003608 0.4 0.24
0.003609 0.4 0.24
0.00361 0.4 0.24
0.003611 0.4 0.32
0.003612 0.48 0.32
0.003613 0.56 0.32
0.003614 0.56 0.4
0.003615 0.56 0.4
0.003616 0.64 0.4
0.003617 0.64 0.4
0.003618 0.64 0.4
0.003619 0.64 0.48
0.00362 0.64 0.48
0.003621 0.72 0.48
0.003622 0.72 0.48
0.003623 0.72 0.56
0.003624 0.72 0.64
0.003625 0.8 0.64
0.003626 0.88 0.64
0.003627 0.88 0.64
0.003628 0.88 0.64
0.003629 0.88 0.72
0.00363 0.88 0.72
0.003631 0.88 0.72
0.003632 0.88 0.72
0.003633 0.96 0.8
0.003634 1.04 0.8
0.003635 0.96 0.8
0.003636 0.96 0.88
0.003637 1.04 0.8
0.003638 1.04 0.96
0.003639 1.12 0.96
0.00364 1.04 0.96
0.003641 1.12 0.96
0.003642 1.2 0.96
0.003643 1.2 1.04
0.003644 1.2 1.04
0.003645 1.2 1.04
0.003646 1.2 1.04
0.003647 1.28 1.04
0.003648 1.28 1.04
0.003649 1.36 1.12
0.00365 1.36 1.12
0.003651 1.36 1.2
0.003652 1.36 1.2
0.003653 1.44 1.2
0.003654 1.36 1.28
0.003655 1.52 1.28
0.003656 1.52 1.28
0.003657 1.52 1.28
0.003658 1.52 1.36
0.003659 1.52 1.36
0.00366 1.52 1.36
0.003661 1.52 1.36
0.003662 1.6 1.36
0.003663 1.6 1.44
0.003664 1.6 1.44
0.003665 1.68 1.44
0.003666 1.68 1.52
0.003667 1.68 1.52
0.003668 1.68 1.6
0.003669 1.84 1.6
0.00367 1.84 1.6
0.003671 1.84 1.6
0.003672 1.84 1.6
0.003673 1.84 1.68
0.003674 1.92 1.68
0.003675 1.84 1.68
0.003676 1.92 1.68
0.003677 1.92 1.68
0.003678 2 1.76
0.003679 2 1.76
0.00368 2 1.76
0.003681 2 1.76
0.003682 2 1.84
0.003683 2 1.84
0.003684 2 1.92
0.003685 2.08 1.84
0.003686 2.08 1.92
0.003687 2.16 1.92
0.003688 2.16 2
0.003689 2.16 2.08
0.00369 2.16 2
0.003691 2.24 2
0.003692 2.24 2
0.003693 2.24 2
0.003694 2.24 2.16
0.003695 2.32 2.08
0.003696 2.32 2.08
0.003697 2.24 2.16
0.003698 2.32 2.24
0.003699 2.4 2.24
0.0037 2.32 2.16
0.003701 2.48 2.24
0.003702 2.4 2.24
0.003703 2.48 2.32
0.003704 2.48 2.24
0.003705 2.48 2.32
0.003706 2.48 2.32
0.003707 2.56 2.32
0.003708 2.56 2.4
0.003709 2.64 2.48
0.00371 2.56 2.4
0.003711 2.64 2.4
0.003712 2.64 2.4
0.003713 2.64 2.48
0.003714 2.64 2.56
0.003715 2.64 2.56
0.003716 2.8 2.56
0.003717 2.8 2.56
0.003718 2.8 2.56
0.003719 2.8 2.64
0.00372 2.8 2.56
0.003721 2.8 2.64
0.003722 2.8 2.64
0.003723 2.88 2.64
0.003724 2.88 2.72
0.003725 2.88 2.72
0.003726 2.88 2.72
0.003727 2.88 2.64
0.003728 2.96 2.72
0.003729 2.96 2.8
0.00373 2.96 2.72
0.003731 2.96 2.8
0.003732 3.04 2.8
0.003733 3.04 2.88
0.003734 3.12 2.88
0.003735 3.12 2.88
0.003736 3.12 2.96
0.003737 3.12 2.88
0.003738 3.2 2.96
0.003739 3.2 3.04
0.00374 3.2 2.96
0.003741 3.2 3.04
0.003742 3.2 2.96
0.003743 3.28 3.04
0.003744 3.28 3.04
0.003745 3.28 3.04
0.003746 3.28 3.12
0.003747 3.36 3.12
0.003748 3.36 3.12
0.003749 3.28 3.2
0.00375 3.44 3.12
0.003751 3.44 3.2
0.003752 3.44 3.2
0.003753 3.44 3.2
0.003754 3.44 3.28
0.003755 3.52 3.2
0.003756 3.52 3.28
0.003757 3.52 3.28
0.003758 3.52 3.28
0.003759 3.52 3.36
0.00376 3.6 3.36
0.003761 3.52 3.44
0.003762 3.6 3.36
0.003763 3.6 3.44
0.003764 3.6 3.44
0.003765 3.6 3.44
0.003766 3.68 3.52
0.003767 3.76 3.44
0.003768 3.76 3.52
0.003769 3.76 3.52
0.00377 3.76 3.52
0.003771 3.76 3.6
0.003772 3.76 3.52
0.003773 3.84 3.6
0.003774 3.76 3.6
0.003775 3.76 3.6
0.003776 3.76 3.68
0.003777 3.84 3.6
0.003778 3.84 3.68
0.003779 3.92 3.76
0.00378 3.92 3.68
0.003781 3.92 3.76
0.003782 3.92 3.68
0.003783 4 3.76
0.003784 4.08 3.84
0.003785 4 3.76
0.003786 4 3.84
0.003787 4.08 3.84
0.003788 4.08 3.84
0.003789 4.08 3.92
0.00379 4.08 3.84
0.003791 4.08 3.92
0.003792 4.08 3.92
0.003793 4.16 3.92
0.003794 4.16 4
0.003795 4.16 3.92
0.003796 4.16 4
0.003797 4.16 4
0.003798 4.16 4
0.003799 4.24 4
0.0038 4.16 3.92
0.003801 4.24 4.08
0.003802 4.24 4
0.003803 4.24 4.08
0.003804 4.24 4.16
0.003805 4.24 4.08
0.003806 4.32 4.16
0.003807 4.4 4.08
0.003808 4.4 4.16
0.003809 4.4 4.24
0.00381 4.32 4.16
0.003811 4.4 4.24
0.003812 4.4 4.16
0.003813 4.4 4.24
0.003814 4.4 4.24
0.003815 4.4 4.16
0.003816 4.48 4.24
0.003817 4.48 4.24
0.003818 4.48 4.24
0.003819 4.56 4.32
0.00382 4.56 4.32
0.003821 4.48 4.32
0.003822 4.56 4.32
0.003823 4.56 4.4
0.003824 4.56 4.4
0.003825 4.56 4.32
0.003826 4.56 4.4
0.003827 4.56 4.4
0.003828 4.56 4.4
0.003829 4.64 4.48
0.00383 4.72 4.4
0.003831 4.64 4.48
0.003832 4.72 4.48
0.003833 4.72 4.48
0.003834 4.72 4.56
0.003835 4.72 4.48
0.003836 4.72 4.56
0.003837 4.72 4.56
0.003838 4.72 4.56
0.003839 4.72 4.56
0.00384 4.8 4.56
0.003841 4.8 4.64
0.003842 4.8 4.64
0.003843 4.8 4.64
0.003844 4.88 4.64
0.003845 4.88 4.64
0.003846 4.8 4.64
0.003847 4.88 4.72
0.003848 4.88 4.72
0.003849 4.88 4.72
0.00385 4.88 4.64
0.003851 4.88 4.72
0.003852 4.88 4.72
0.003853 4.96 4.72
0.003854 5.04 4.8
0.003855 4.96 4.72
0.003856 4.96 4.8
0.003857 5.04 4.8
0.003858 5.04 4.8
0.003859 5.04 4.88
0.00386 4.96 4.8
0.003861 5.04 4.88
0.003862 5.04 4.88
0.003863 5.04 4.88
0.003864 5.04 4.88
0.003865 5.04 4.88
0.003866 5.04 4.96
0.003867 5.12 4.88
0.003868 5.04 4.88
0.003869 5.12 4.96
0.00387 5.12 4.88
0.003871 5.12 4.96
0.003872 5.04 4.96
0.003873 5.12 4.96
0.003874 5.12 5.04
0.003875 5.12 4.96
0.003876 5.12 4.96
0.003877 5.12 4.96
0.003878 5.12 5.04
0.003879 5.2 5.04
0.00388 5.2 4.96
0.003881 5.2 5.04
0.003882 5.2 5.04
0.003883 5.2 5.04
0.003884 5.2 5.12
0.003885 5.2 5.04
0.003886 5.2 5.12
0.003887 5.28 5.12
0.003888 5.28 5.12
0.003889 5.28 5.12
0.00389 5.36 5.12
0.003891 5.36 5.12
0.003892 5.36 5.12
0.003893 5.36 5.04
0.003894 5.36 5.2
0.003895 5.36 5.12
0.003896 5.36 5.2
0.003897 5.36 5.2
0.003898 5.36 5.2
0.003899 5.36 5.2
0.0039 5.44 5.2
0.003901 5.36 5.28
0.003902 5.36 5.2
0.003903 5.36 5.28
0.003904 5.36 5.28
0.003905 5.44 5.2
0.003906 5.44 5.28
0.003907 5.36 5.28
0.003908 5.44 5.2
0.003909 5.44 5.28
0.00391 5.44 5.28
0.003911 5.44 5.28
0.003912 5.44 5.28
0.003913 5.44 5.28
0.003914 5.44 5.28
0.003915 5.52 5.28
0.003916 5.44 5.36
0.003917 5.52 5.36
0.003918 5.52 5.28
0.003919 5.52 5.44
0.00392 5.52 5.28
0.003921 5.44 5.36
0.003922 5.52 5.36
0.003923 5.44 5.36
0.003924 5.52 5.44
0.003925 5.52 5.36
0.003926 5.52 5.44
0.003927 5.52 5.44
0.003928 5.52 5.36
0.003929 5.52 5.44
0.00393 5.52 5.44
0.003931 5.6 5.44
0.003932 5.52 5.44
0.003933 5.52 5.44
0.003934 5.6 5.44
0.003935 5.6 5.44
0.003936 5.52 5.44
0.003937 5.6 5.44
0.003938 5.6 5.44
0.003939 5.68 5.52
0.00394 5.68 5.44
0.003941 5.6 5.44
0.003942 5.68 5.52
0.003943 5.6 5.44
0.003944 5.68 5.52
0.003945 5.6 5.44
0.003946 5.6 5.52
0.003947 5.6 5.44
0.003948 5.68 5.44
0.003949 5.68 5.52
0.00395 5.6 5.44
0.003951 5.68 5.52
0.003952 5.68 5.52
0.003953 5.68 5.52
0.003954 5.68 5.52
0.003955 5.68 5.52
0.003956 5.68 5.52
0.003957 5.68 5.52
0.003958 5.6 5.52
0.003959 5.68 5.52
0.00396 5.68 5.52
0.003961 5.68 5.52
0.003962 5.68 5.52
0.003963 5.68 5.52
0.003964 5.68 5.52
0.003965 5.68 5.52
0.003966 5.68 5.52
0.003967 5.68 5.52
0.003968 5.68 5.52
0.003969 5.68 5.6
0.00397 5.68 5.52
0.003971 5.68 5.6
0.003972 5.68 5.6
0.003973 5.68 5.52
0.003974 5.68 5.52
0.003975 5.76 5.52
0.003976 5.76 5.52
0.003977 5.76 5.52
0.003978 5.68 5.52
0.003979 5.68 5.6
0.00398 5.68 5.52
0.003981 5.68 5.52
0.003982 5.68 5.52
0.003983 5.68 5.52
0.003984 5.68 5.6
0.003985 5.68 5.52
0.003986 5.68 5.6
0.003987 5.68 5.6
0.003988 5.76 5.52
0.003989 5.68 5.6
0.00399 5.68 5.52
0.003991 5.68 5.6
0.003992 5.68 5.6
0.003993 5.68 5.52
0.003994 5.68 5.6
0.003995 5.68 5.52
0.003996 5.76 5.52
0.003997 5.68 5.6
0.003998 5.68 5.6
0.003999 5.76 5.6
