0 1.92 -0.8
1e-07 1.92 -0.8
2e-07 -0.32 -5.8
3e-07 -0.32 -6.2
4e-07 -0.32 -6
5e-07 -0.4 -6.2
6e-07 -0.48 -6.4
7e-07 -0.48 -6.4
8e-07 -0.48 -6.2
9e-07 -0.48 -6.2
1e-06 -0.48 -6.4
1.1e-06 -0.56 -6.2
1.2e-06 -0.48 -6.2
1.3e-06 -0.64 -6
1.4e-06 -0.56 -6.4
1.5e-06 -0.64 -6.2
1.6e-06 -0.64 -6.4
1.7e-06 -0.64 -6.4
1.8e-06 -0.64 -6.4
1.9e-06 -0.72 -6.4
2e-06 -0.72 -6.4
2.1e-06 -0.72 -6.2
2.2e-06 -0.8 -6.4
2.3e-06 -0.8 -6.4
2.4e-06 -0.8 -6.4
2.5e-06 -0.8 -6.4
2.6e-06 -0.88 -6.4
2.7e-06 -0.88 -6.2
2.8e-06 -0.88 -6.4
2.9e-06 -0.96 -6.4
3e-06 -0.96 -6.2
3.1e-06 -0.96 -6.2
3.2e-06 -0.96 -6.4
3.3e-06 -1.04 -6.4
3.4e-06 -1.04 -6.4
3.5e-06 -1.12 -6.6
3.6e-06 -1.12 -6.2
3.7e-06 -1.12 -6.4
3.8e-06 -1.12 -6.4
3.9e-06 -1.12 -6.4
4e-06 -1.12 -6.4
4.1e-06 -1.12 -6.4
4.2e-06 -1.12 -6.2
4.3e-06 -1.12 -6.2
4.4e-06 -1.28 -6.4
4.5e-06 -1.28 -6.2
4.6e-06 -1.28 -6.2
4.7e-06 -1.28 -6.2
4.8e-06 -1.36 -6.4
4.9e-06 -1.36 -6
5e-06 -1.36 -6.2
5.1e-06 -1.36 -6.2
5.2e-06 -1.44 -6
5.3e-06 -1.44 -6.4
5.4e-06 -1.44 -6.2
5.5e-06 -1.44 -6.2
5.6e-06 -1.44 -5.8
5.7e-06 -1.44 -5.8
5.8e-06 -1.44 -5.8
5.9e-06 -1.44 -5.8
6e-06 -1.52 -5.8
6.1e-06 -1.6 -5.8
6.2e-06 -1.6 -5.8
6.3e-06 -1.6 -5.8
6.4e-06 -1.6 -6
6.5e-06 -1.6 -5.8
6.6e-06 -1.68 -5.8
6.7e-06 -1.68 -5.8
6.8e-06 -1.68 -5.8
6.9e-06 -1.68 -5.6
7e-06 -1.68 -5.6
7.1e-06 -1.76 -5.8
7.2e-06 -1.76 -5.6
7.3e-06 -1.76 -5.8
7.4e-06 -1.76 -5.8
7.5e-06 -1.76 -5.6
7.6e-06 -1.76 -5.6
7.7e-06 -1.76 -5.4
7.8e-06 -1.76 -5.6
7.9e-06 -1.76 -5.4
8e-06 -1.76 -5.4
8.1e-06 -1.76 -5.4
8.2e-06 -1.92 -5.4
8.3e-06 -1.84 -5.4
8.4e-06 -1.92 -5
8.5e-06 -1.92 -5.4
8.6e-06 -1.92 -5
8.7e-06 -1.92 -5.2
8.8e-06 -1.92 -5.2
8.9e-06 -2 -5.2
9e-06 -2 -5
9.1e-06 -2 -5
9.2e-06 -1.92 -5
9.3e-06 -2 -4.8
9.4e-06 -2 -4.8
9.5e-06 -2 -4.8
9.6e-06 -2 -4.8
9.7e-06 -2.08 -4.6
9.8e-06 -2.08 -4.8
9.9e-06 -2.08 -4.6
1e-05 -2.08 -4.6
1.01e-05 -2.08 -4.8
1.02e-05 -2.08 -4.6
1.03e-05 -2.08 -4.6
1.04e-05 -2.08 -4.6
1.05e-05 -2.08 -4.6
1.06e-05 -2.08 -4.4
1.07e-05 -2.08 -4.4
1.08e-05 -2.08 -4.2
1.09e-05 -2.16 -4.2
1.1e-05 -2.08 -4.2
1.11e-05 -2.16 -4
1.12e-05 -2.16 -4
1.13e-05 -2.16 -4
1.14e-05 -2.16 -3.8
1.15e-05 -2.24 -3.8
1.16e-05 -2.24 -3.8
1.17e-05 -2.24 -4
1.18e-05 -2.24 -3.8
1.19e-05 -2.24 -3.8
1.2e-05 -2.24 -3.8
1.21e-05 -2.24 -3.6
1.22e-05 -2.24 -3.4
1.23e-05 -2.24 -3.4
1.24e-05 -2.24 -3.4
1.25e-05 -2.24 -3.4
1.26e-05 -2.24 -3.4
1.27e-05 -2.24 -3.2
1.28e-05 -2.24 -3.4
1.29e-05 -2.24 -3.2
1.3e-05 -2.24 -3.2
1.31e-05 -2.32 -3
1.32e-05 -2.24 -3.2
1.33e-05 -2.32 -3
1.34e-05 -2.24 -3
1.35e-05 -2.24 -2.8
1.36e-05 -2.24 -2.6
1.37e-05 -2.24 -2.8
1.38e-05 -2.32 -2.6
1.39e-05 -2.24 -2.6
1.4e-05 -2.24 -2.4
1.41e-05 -2.32 -2.4
1.42e-05 -2.24 -2.6
1.43e-05 -2.24 -2.2
1.44e-05 -2.24 -2.2
1.45e-05 -2.24 -2.2
1.46e-05 -2.24 -2.2
1.47e-05 -2.24 -2.2
1.48e-05 -2.32 -2.2
1.49e-05 -2.32 -2
1.5e-05 -2.24 -2
1.51e-05 -2.24 -2
1.52e-05 -2.24 -1.8
1.53e-05 -2.24 -1.8
1.54e-05 -2.24 -1.6
1.55e-05 -2.24 -1.8
1.56e-05 -2.24 -1.4
1.57e-05 -2.24 -1.6
1.58e-05 -2.24 -1.4
1.59e-05 -2.24 -1.4
1.6e-05 -2.24 -1.4
1.61e-05 -2.24 -1.2
1.62e-05 -2.16 -1.2
1.63e-05 -2.16 -1
1.64e-05 -2.24 -1
1.65e-05 -2.24 -1
1.66e-05 -2.16 -1
1.67e-05 -2.08 -1
1.68e-05 -2.08 -1
1.69e-05 -2.16 -1
1.7e-05 -2.16 -0.6
1.71e-05 -2.08 -0.6
1.72e-05 -2.08 -0.6
1.73e-05 -2.08 -0.6
1.74e-05 -2.08 -0.4
1.75e-05 -2.08 -0.4
1.76e-05 -2.08 0
1.77e-05 -2.08 -0.4
1.78e-05 -2.08 0
1.79e-05 -2.08 0
1.8e-05 -2.08 0
1.81e-05 -2.08 0.2
1.82e-05 -2 0.2
1.83e-05 -2.08 0.2
1.84e-05 -2 0.4
1.85e-05 -2.08 0.4
1.86e-05 -2 0.4
1.87e-05 -2 0.4
1.88e-05 -2 0.6
1.89e-05 -2 0.4
1.9e-05 -1.92 0.8
1.91e-05 -1.92 0.8
1.92e-05 -1.92 0.8
1.93e-05 -1.92 0.8
1.94e-05 -1.92 1
1.95e-05 -1.92 1
1.96e-05 -1.84 1
1.97e-05 -1.92 1.2
1.98e-05 -1.92 1
1.99e-05 -1.76 1.2
2e-05 -1.84 1.4
2.01e-05 -1.84 1.4
2.02e-05 -1.76 1.4
2.03e-05 -1.76 1.4
2.04e-05 -1.76 1.6
2.05e-05 -1.76 1.6
2.06e-05 -1.76 1.8
2.07e-05 -1.76 1.6
2.08e-05 -1.68 1.8
2.09e-05 -1.76 1.8
2.1e-05 -1.68 1.8
2.11e-05 -1.68 1.8
2.12e-05 -1.68 2
2.13e-05 -1.68 2
2.14e-05 -1.6 2
2.15e-05 -1.6 2.2
2.16e-05 -1.6 2.2
2.17e-05 -1.6 2.4
2.18e-05 -1.52 2.4
2.19e-05 -1.6 2.4
2.2e-05 -1.52 2.4
2.21e-05 -1.44 2.4
2.22e-05 -1.44 2.6
2.23e-05 -1.44 2.6
2.24e-05 -1.44 2.6
2.25e-05 -1.44 2.6
2.26e-05 -1.44 2.8
2.27e-05 -1.44 2.8
2.28e-05 -1.36 2.8
2.29e-05 -1.36 2.8
2.3e-05 -1.36 2.8
2.31e-05 -1.36 3
2.32e-05 -1.36 2.8
2.33e-05 -1.28 3.2
2.34e-05 -1.36 3.2
2.35e-05 -1.28 3.4
2.36e-05 -1.28 3.2
2.37e-05 -1.12 3.2
2.38e-05 -1.28 3.4
2.39e-05 -1.2 3.4
2.4e-05 -1.12 3.6
2.41e-05 -1.12 3.4
2.42e-05 -1.12 3.4
2.43e-05 -1.12 3.6
2.44e-05 -1.12 3.6
2.45e-05 -1.04 3.6
2.46e-05 -1.04 3.6
2.47e-05 -0.96 3.6
2.48e-05 -1.04 3.6
2.49e-05 -0.96 3.8
2.5e-05 -0.96 4
2.51e-05 -0.96 3.8
2.52e-05 -0.96 4
2.53e-05 -0.8 4
2.54e-05 -0.88 4
2.55e-05 -0.8 4
2.56e-05 -0.8 4.2
2.57e-05 -0.8 4.2
2.58e-05 -0.8 4.2
2.59e-05 -0.8 4.2
2.6e-05 -0.8 4.4
2.61e-05 -0.72 4.2
2.62e-05 -0.64 4.2
2.63e-05 -0.72 4.4
2.64e-05 -0.64 4.4
2.65e-05 -0.64 4.6
2.66e-05 -0.64 4.4
2.67e-05 -0.64 4.4
2.68e-05 -0.48 4.4
2.69e-05 -0.48 4.6
2.7e-05 -0.48 4.6
2.71e-05 -0.48 4.6
2.72e-05 -0.48 4.8
2.73e-05 -0.48 4.8
2.74e-05 -0.48 4.8
2.75e-05 -0.4 4.8
2.76e-05 -0.4 4.8
2.77e-05 -0.4 4.8
2.78e-05 -0.32 5
2.79e-05 -0.32 5
2.8e-05 -0.32 4.8
2.81e-05 -0.32 4.8
2.82e-05 -0.24 4.8
2.83e-05 -0.16 5
2.84e-05 -0.16 5
2.85e-05 -0.16 5.2
2.86e-05 -0.16 4.8
2.87e-05 -0.16 5.2
2.88e-05 0 5.2
2.89e-05 0 5.4
2.9e-05 0 5.2
2.91e-05 0 5.2
2.92e-05 0.08 5.2
2.93e-05 0.08 5.2
2.94e-05 0.08 5.2
2.95e-05 0.08 5.4
2.96e-05 0.16 5.2
2.97e-05 0.24 5.2
2.98e-05 0.24 5.2
2.99e-05 0.24 5.2
3e-05 0.24 5.4
3.01e-05 0.24 5.4
3.02e-05 0.24 5.2
3.03e-05 0.32 5.4
3.04e-05 0.32 5.4
3.05e-05 0.4 5.6
3.06e-05 0.4 5.4
3.07e-05 0.4 5.4
3.08e-05 0.4 5.6
3.09e-05 0.4 5.6
3.1e-05 0.4 5.6
3.11e-05 0.56 5.4
3.12e-05 0.56 5.4
3.13e-05 0.56 5.4
3.14e-05 0.56 5.4
3.15e-05 0.64 5.6
3.16e-05 0.56 5.6
3.17e-05 0.64 5.6
3.18e-05 0.64 5.6
3.19e-05 0.64 5.6
3.2e-05 0.72 5.6
3.21e-05 0.72 5.6
3.22e-05 0.72 5.6
3.23e-05 0.72 5.6
3.24e-05 0.8 5.4
3.25e-05 0.8 5.6
3.26e-05 0.8 5.4
3.27e-05 0.88 5.4
3.28e-05 0.88 5.6
3.29e-05 0.88 5.4
3.3e-05 0.88 5.6
3.31e-05 0.96 5.4
3.32e-05 0.96 5.4
3.33e-05 0.96 5.4
3.34e-05 0.96 5.6
3.35e-05 1.04 5.6
3.36e-05 1.04 5.4
3.37e-05 1.04 5.4
3.38e-05 1.04 5.4
3.39e-05 1.04 5.4
3.4e-05 1.12 5.6
3.41e-05 1.12 5.2
3.42e-05 1.2 5.4
3.43e-05 1.2 5.2
3.44e-05 1.2 5.6
3.45e-05 1.2 5.4
3.46e-05 1.2 5.2
3.47e-05 1.2 5.2
3.48e-05 1.28 5.2
3.49e-05 1.28 5.2
3.5e-05 1.28 5.2
3.51e-05 1.36 5.4
3.52e-05 1.36 5.2
3.53e-05 1.36 5.2
3.54e-05 1.36 5.2
3.55e-05 1.36 5.2
3.56e-05 1.36 5.2
3.57e-05 1.44 5.2
3.58e-05 1.44 5
3.59e-05 1.52 5
3.6e-05 1.52 5.2
3.61e-05 1.44 4.8
3.62e-05 1.52 5
3.63e-05 1.52 5
3.64e-05 1.52 4.8
3.65e-05 1.52 4.8
3.66e-05 1.52 4.8
3.67e-05 1.6 4.8
3.68e-05 1.6 4.8
3.69e-05 1.6 4.8
3.7e-05 1.6 4.8
3.71e-05 1.6 4.8
3.72e-05 1.6 4.6
3.73e-05 1.6 4.6
3.74e-05 1.68 4.6
3.75e-05 1.68 4.4
3.76e-05 1.68 4.4
3.77e-05 1.68 4.4
3.78e-05 1.68 4.4
3.79e-05 1.68 4.4
3.8e-05 1.76 4.2
3.81e-05 1.76 4.2
3.82e-05 1.76 4.2
3.83e-05 1.84 4.2
3.84e-05 1.84 4.2
3.85e-05 1.84 4.4
3.86e-05 1.84 4
3.87e-05 1.84 4
3.88e-05 1.84 4
3.89e-05 1.84 4
3.9e-05 1.84 4
3.91e-05 1.84 4
3.92e-05 1.84 4
3.93e-05 1.84 3.6
3.94e-05 2 4
3.95e-05 1.92 3.8
3.96e-05 1.92 3.6
3.97e-05 1.92 3.6
3.98e-05 1.92 3.6
3.99e-05 2 3.6
4e-05 1.92 3.4
4.01e-05 2 3.6
4.02e-05 1.92 3.4
4.03e-05 2 3.4
4.04e-05 2 3.4
4.05e-05 2 3.2
4.06e-05 2 3.2
4.07e-05 2 3.2
4.08e-05 2 3.2
4.09e-05 2 3
4.1e-05 2 3.2
4.11e-05 2 2.8
4.12e-05 2.08 3
4.13e-05 2 3
4.14e-05 2 2.8
4.15e-05 2.08 2.8
4.16e-05 2.08 2.6
4.17e-05 2.16 2.8
4.18e-05 2 2.6
4.19e-05 2.08 2.8
4.2e-05 2 2.6
4.21e-05 2.08 2.6
4.22e-05 2.08 2.4
4.23e-05 2.16 2.4
4.24e-05 2 2.4
4.25e-05 2 2.2
4.26e-05 2.16 2.2
4.27e-05 2.16 2
4.28e-05 2.08 2
4.29e-05 2.16 2
4.3e-05 2.08 2
4.31e-05 2.16 1.8
4.32e-05 2.08 1.8
4.33e-05 2.08 1.8
4.34e-05 2.16 1.8
4.35e-05 2.16 1.8
4.36e-05 2.16 1.6
4.37e-05 2.08 1.6
4.38e-05 2.16 1.4
4.39e-05 2 1.6
4.4e-05 2.16 1.4
4.41e-05 2.08 1.2
4.42e-05 2 1.2
4.43e-05 2.08 1
4.44e-05 2.08 1.2
4.45e-05 2 1
4.46e-05 2 1
4.47e-05 2 0.8
4.48e-05 2 1
4.49e-05 2 0.8
4.5e-05 2.08 0.6
4.51e-05 2.08 0.8
4.52e-05 2 0.8
4.53e-05 2.08 0.6
4.54e-05 2.08 0.4
4.55e-05 2 0.4
4.56e-05 2 0.4
4.57e-05 2 0.4
4.58e-05 2 0.2
4.59e-05 2 0
4.6e-05 2 0
4.61e-05 2 0
4.62e-05 2 0
4.63e-05 1.92 0
4.64e-05 2 0
4.65e-05 2 -0.4
4.66e-05 2 -0.4
4.67e-05 2 0
4.68e-05 2 -0.4
4.69e-05 2 -0.4
4.7e-05 2 -0.6
4.71e-05 1.92 -0.6
4.72e-05 1.92 -0.8
4.73e-05 1.92 -0.8
4.74e-05 1.92 -0.8
4.75e-05 1.84 -0.8
4.76e-05 1.84 -1
4.77e-05 1.92 -1
4.78e-05 1.84 -1
4.79e-05 1.92 -1
4.8e-05 1.84 -1
4.81e-05 1.84 -1.4
4.82e-05 1.84 -1.2
4.83e-05 1.84 -1.4
4.84e-05 1.84 -1.4
4.85e-05 1.84 -1.6
4.86e-05 1.84 -1.6
4.87e-05 1.84 -1.6
4.88e-05 1.68 -1.8
4.89e-05 1.68 -1.6
4.9e-05 1.68 -1.8
4.91e-05 1.68 -1.8
4.92e-05 1.68 -2
4.93e-05 1.68 -2.2
4.94e-05 1.68 -2.2
4.95e-05 1.6 -2.2
4.96e-05 1.6 -2.2
4.97e-05 1.6 -2.4
4.98e-05 1.6 -2.2
4.99e-05 1.68 -2.4
5e-05 1.6 -2.4
5.01e-05 1.6 -2.4
5.02e-05 1.6 -2.6
5.03e-05 1.52 -2.6
5.04e-05 1.52 -2.6
5.05e-05 1.52 -2.6
5.06e-05 1.52 -2.8
5.07e-05 1.52 -2.8
5.08e-05 1.52 -2.8
5.09e-05 1.52 -3
5.1e-05 1.52 -3.2
5.11e-05 1.36 -3.2
5.12e-05 1.52 -3.2
5.13e-05 1.44 -3.2
5.14e-05 1.44 -3.2
5.15e-05 1.36 -3.4
5.16e-05 1.36 -3.2
5.17e-05 1.36 -3.4
5.18e-05 1.28 -3.4
5.19e-05 1.28 -3.4
5.2e-05 1.28 -3.4
5.21e-05 1.28 -3.6
5.22e-05 1.28 -3.8
5.23e-05 1.28 -3.6
5.24e-05 1.2 -3.8
5.25e-05 1.2 -3.8
5.26e-05 1.2 -4
5.27e-05 1.2 -4
5.28e-05 1.2 -4
5.29e-05 1.12 -3.8
5.3e-05 1.12 -4.2
5.31e-05 1.04 -4.2
5.32e-05 1.04 -4
5.33e-05 1.04 -4.2
5.34e-05 1.04 -4.2
5.35e-05 0.96 -4.2
5.36e-05 0.96 -4.6
5.37e-05 0.96 -4.4
5.38e-05 0.96 -4.4
5.39e-05 0.88 -4.6
5.4e-05 0.88 -4.6
5.41e-05 0.88 -4.8
5.42e-05 0.88 -4.8
5.43e-05 0.8 -4.6
5.44e-05 0.88 -4.8
5.45e-05 0.8 -4.8
5.46e-05 0.72 -4.8
5.47e-05 0.72 -4.8
5.48e-05 0.72 -4.8
5.49e-05 0.64 -5
5.5e-05 0.72 -4.8
5.51e-05 0.72 -4.8
5.52e-05 0.64 -5
5.53e-05 0.64 -5
5.54e-05 0.56 -5.2
5.55e-05 0.56 -5
5.56e-05 0.56 -5.4
5.57e-05 0.56 -5.2
5.58e-05 0.56 -5.4
5.59e-05 0.48 -5.4
5.6e-05 0.4 -5.4
5.61e-05 0.4 -5.4
5.62e-05 0.4 -5.4
5.63e-05 0.4 -5.6
5.64e-05 0.32 -5.6
5.65e-05 0.32 -5.6
5.66e-05 0.32 -5.6
5.67e-05 0.24 -5.6
5.68e-05 0.24 -5.6
5.69e-05 0.24 -5.6
5.7e-05 0.24 -5.8
5.71e-05 0.24 -5.6
5.72e-05 0.16 -5.8
5.73e-05 0.16 -5.8
5.74e-05 0.08 -5.8
5.75e-05 0.16 -5.8
5.76e-05 0.08 -5.8
5.77e-05 0.08 -5.8
5.78e-05 0 -5.8
5.79e-05 0 -5.8
5.8e-05 0 -5.8
5.81e-05 -0.16 -6.2
5.82e-05 0 -5.8
5.83e-05 0 -5.8
5.84e-05 -0.16 -5.8
5.85e-05 -0.16 -6.2
5.86e-05 -0.16 -6
5.87e-05 -0.24 -6.2
5.88e-05 -0.32 -6.2
5.89e-05 -0.32 -6.2
5.9e-05 -0.32 -6.4
5.91e-05 -0.32 -6.2
5.92e-05 -0.32 -6.2
5.93e-05 -0.4 -6
5.94e-05 -0.4 -6.2
5.95e-05 -0.48 -6.2
5.96e-05 -0.48 -6
5.97e-05 -0.48 -6.2
5.98e-05 -0.48 -6.2
5.99e-05 -0.48 -6.2
6e-05 -0.48 -6.2
6.01e-05 -0.48 -6.2
6.02e-05 -0.64 -6.2
6.03e-05 -0.64 -6.4
6.04e-05 -0.64 -6.2
6.05e-05 -0.64 -6.4
6.06e-05 -0.64 -6.4
6.07e-05 -0.72 -6.2
6.08e-05 -0.72 -6.4
6.09e-05 -0.72 -6.4
6.1e-05 -0.72 -6.4
6.11e-05 -0.8 -6.4
6.12e-05 -0.8 -6.4
6.13e-05 -0.8 -6.4
6.14e-05 -0.8 -6.2
6.15e-05 -0.88 -6.4
6.16e-05 -0.8 -6.2
6.17e-05 -0.96 -6.4
6.18e-05 -0.96 -6.2
6.19e-05 -0.96 -6.4
6.2e-05 -1.04 -6.4
6.21e-05 -0.96 -6.4
6.22e-05 -1.04 -6.4
6.23e-05 -1.04 -6.4
6.24e-05 -1.04 -6.4
6.25e-05 -1.12 -6.2
6.26e-05 -1.12 -6.2
6.27e-05 -1.12 -6.4
6.28e-05 -1.2 -6.4
6.29e-05 -1.12 -6.2
6.3e-05 -1.12 -6.2
6.31e-05 -1.12 -6.4
6.32e-05 -1.28 -6.2
6.33e-05 -1.28 -6.2
6.34e-05 -1.28 -6.2
6.35e-05 -1.28 -6.2
6.36e-05 -1.28 -6
6.37e-05 -1.28 -6.2
6.38e-05 -1.36 -6.2
6.39e-05 -1.36 -6.2
6.4e-05 -1.36 -6.2
6.41e-05 -1.44 -6.2
6.42e-05 -1.44 -6.2
6.43e-05 -1.44 -6
6.44e-05 -1.44 -6.2
6.45e-05 -1.44 -6
6.46e-05 -1.44 -6
6.47e-05 -1.44 -5.8
6.48e-05 -1.44 -6
6.49e-05 -1.6 -5.8
6.5e-05 -1.6 -5.8
6.51e-05 -1.6 -6
6.52e-05 -1.6 -5.8
6.53e-05 -1.6 -5.8
6.54e-05 -1.6 -5.8
6.55e-05 -1.6 -5.8
6.56e-05 -1.68 -5.8
6.57e-05 -1.6 -5.8
6.58e-05 -1.68 -5.8
6.59e-05 -1.6 -5.6
6.6e-05 -1.76 -5.6
6.61e-05 -1.76 -5.6
6.62e-05 -1.76 -5.6
6.63e-05 -1.76 -5.6
6.64e-05 -1.76 -5.6
6.65e-05 -1.76 -5.6
6.66e-05 -1.76 -5.6
6.67e-05 -1.76 -5.6
6.68e-05 -1.84 -5.4
6.69e-05 -1.84 -5.4
6.7e-05 -1.76 -5.4
6.71e-05 -1.92 -5.4
6.72e-05 -1.92 -5.4
6.73e-05 -1.84 -5.2
6.74e-05 -1.92 -5.2
6.75e-05 -1.92 -5.2
6.76e-05 -1.92 -5.2
6.77e-05 -1.92 -5
6.78e-05 -1.92 -5
6.79e-05 -2 -5
6.8e-05 -2.08 -4.8
6.81e-05 -2 -4.8
6.82e-05 -2 -4.8
6.83e-05 -2 -4.8
6.84e-05 -2 -4.8
6.85e-05 -2 -4.8
6.86e-05 -2.08 -4.6
6.87e-05 -2.08 -4.8
6.88e-05 -2 -4.8
6.89e-05 -2.08 -4.6
6.9e-05 -2.08 -4.6
6.91e-05 -2.08 -4.6
6.92e-05 -2.08 -4.6
6.93e-05 -2.08 -4.4
6.94e-05 -2.08 -4.4
6.95e-05 -2.08 -4.2
6.96e-05 -2.08 -4.2
6.97e-05 -2.16 -4.2
6.98e-05 -2.16 -4.2
6.99e-05 -2.24 -4.2
7e-05 -2.16 -4
7.01e-05 -2.24 -4
7.02e-05 -2.16 -4
7.03e-05 -2.08 -4
7.04e-05 -2.24 -4
7.05e-05 -2.24 -4
7.06e-05 -2.24 -3.8
7.07e-05 -2.16 -3.8
7.08e-05 -2.24 -3.6
7.09e-05 -2.24 -3.4
7.1e-05 -2.24 -3.6
7.11e-05 -2.24 -3.4
7.12e-05 -2.24 -3.4
7.13e-05 -2.24 -3.4
7.14e-05 -2.24 -3.4
7.15e-05 -2.24 -3.4
7.16e-05 -2.32 -3.2
7.17e-05 -2.24 -3.2
7.18e-05 -2.24 -3
7.19e-05 -2.24 -3.2
7.2e-05 -2.32 -3.2
7.21e-05 -2.32 -3
7.22e-05 -2.32 -3
7.23e-05 -2.24 -3
7.24e-05 -2.32 -2.8
7.25e-05 -2.24 -2.6
7.26e-05 -2.24 -2.6
7.27e-05 -2.24 -2.6
7.28e-05 -2.24 -2.6
7.29e-05 -2.32 -2.4
7.3e-05 -2.32 -2.4
7.31e-05 -2.24 -2.4
7.32e-05 -2.24 -2.4
7.33e-05 -2.24 -2.4
7.34e-05 -2.24 -2.2
7.35e-05 -2.24 -2.2
7.36e-05 -2.24 -2.2
7.37e-05 -2.24 -2.2
7.38e-05 -2.24 -2
7.39e-05 -2.24 -1.8
7.4e-05 -2.24 -2
7.41e-05 -2.24 -1.8
7.42e-05 -2.24 -1.8
7.43e-05 -2.24 -1.6
7.44e-05 -2.24 -1.6
7.45e-05 -2.24 -1.6
7.46e-05 -2.24 -1.4
7.47e-05 -2.24 -1.4
7.48e-05 -2.24 -1.4
7.49e-05 -2.24 -1.4
7.5e-05 -2.24 -1.2
7.51e-05 -2.24 -1.2
7.52e-05 -2.24 -1
7.53e-05 -2.24 -1
7.54e-05 -2.24 -1
7.55e-05 -2.16 -0.8
7.56e-05 -2.24 -1
7.57e-05 -2.16 -0.8
7.58e-05 -2.08 -0.6
7.59e-05 -2.08 -0.6
7.6e-05 -2.16 -0.6
7.61e-05 -2.08 -0.4
7.62e-05 -2.08 -0.6
7.63e-05 -2.08 -0.4
7.64e-05 -2.08 -0.4
7.65e-05 -2.08 0
7.66e-05 -2.08 0
7.67e-05 -2.08 0
7.68e-05 -2.08 0
7.69e-05 -2.08 0
7.7e-05 -2.08 0
7.71e-05 -2.08 0.2
7.72e-05 -2.08 0.4
7.73e-05 -2 0.2
7.74e-05 -2 0.4
7.75e-05 -2 0.8
7.76e-05 -2 0.6
7.77e-05 -2 0.8
7.78e-05 -2 0.8
7.79e-05 -2 0.8
7.8e-05 -1.92 0.8
7.81e-05 -1.92 0.8
7.82e-05 -1.92 0.8
7.83e-05 -1.92 1
7.84e-05 -1.92 1
7.85e-05 -1.92 1
7.86e-05 -1.92 1.2
7.87e-05 -1.76 1
7.88e-05 -1.76 1.2
7.89e-05 -1.76 1.2
7.9e-05 -1.76 1.4
7.91e-05 -1.76 1.4
7.92e-05 -1.76 1.4
7.93e-05 -1.76 1.6
7.94e-05 -1.76 1.6
7.95e-05 -1.76 1.8
7.96e-05 -1.76 1.8
7.97e-05 -1.68 1.8
7.98e-05 -1.68 1.8
7.99e-05 -1.68 1.8
8e-05 -1.68 1.8
8.01e-05 -1.68 1.8
8.02e-05 -1.6 2.2
8.03e-05 -1.6 2.2
8.04e-05 -1.6 2.2
8.05e-05 -1.6 2.2
8.06e-05 -1.6 2.2
8.07e-05 -1.6 2.4
8.08e-05 -1.6 2.4
8.09e-05 -1.52 2.6
8.1e-05 -1.44 2.4
8.11e-05 -1.44 2.6
8.12e-05 -1.44 2.6
8.13e-05 -1.44 2.8
8.14e-05 -1.44 2.6
8.15e-05 -1.36 2.8
8.16e-05 -1.36 2.8
8.17e-05 -1.36 2.8
8.18e-05 -1.36 3
8.19e-05 -1.36 2.8
8.2e-05 -1.28 3.2
8.21e-05 -1.28 3
8.22e-05 -1.28 3.2
8.23e-05 -1.28 3.2
8.24e-05 -1.2 3.4
8.25e-05 -1.28 3.4
8.26e-05 -1.2 3.2
8.27e-05 -1.2 3.4
8.28e-05 -1.12 3.4
8.29e-05 -1.12 3.4
8.3e-05 -1.12 3.4
8.31e-05 -1.12 3.6
8.32e-05 -1.12 3.6
8.33e-05 -1.12 3.6
8.34e-05 -1.04 3.6
8.35e-05 -1.04 3.6
8.36e-05 -1.04 3.8
8.37e-05 -1.04 3.6
8.38e-05 -0.96 4
8.39e-05 -0.96 3.8
8.4e-05 -0.96 4
8.41e-05 -0.96 4
8.42e-05 -0.96 4
8.43e-05 -0.88 4.2
8.44e-05 -0.8 4
8.45e-05 -0.8 4.2
8.46e-05 -0.8 4.2
8.47e-05 -0.72 4.4
8.48e-05 -0.72 4.2
8.49e-05 -0.72 4.4
8.5e-05 -0.72 4.2
8.51e-05 -0.64 4.2
8.52e-05 -0.64 4.4
8.53e-05 -0.64 4.4
8.54e-05 -0.64 4.4
8.55e-05 -0.64 4.4
8.56e-05 -0.48 4.8
8.57e-05 -0.48 4.6
8.58e-05 -0.48 4.4
8.59e-05 -0.48 4.8
8.6e-05 -0.48 4.6
8.61e-05 -0.48 4.6
8.62e-05 -0.4 4.8
8.63e-05 -0.4 4.8
8.64e-05 -0.4 4.8
8.65e-05 -0.4 4.8
8.66e-05 -0.32 4.8
8.67e-05 -0.32 4.8
8.68e-05 -0.32 4.8
8.69e-05 -0.24 4.8
8.7e-05 -0.16 5
8.71e-05 -0.16 5
8.72e-05 -0.16 5.2
8.73e-05 -0.16 5.2
8.74e-05 -0.16 5.2
8.75e-05 -0.16 5.2
8.76e-05 -0.16 5.2
8.77e-05 0 5.2
8.78e-05 0 5
8.79e-05 0 5.2
8.8e-05 0.08 5.2
8.81e-05 0.08 5.2
8.82e-05 0.08 5.2
8.83e-05 0.16 5
8.84e-05 0.16 5.2
8.85e-05 0.24 5
8.86e-05 0.24 5.4
8.87e-05 0.24 5.2
8.88e-05 0.24 5.4
8.89e-05 0.24 5.2
8.9e-05 0.32 5.6
8.91e-05 0.24 5.4
8.92e-05 0.32 5.6
8.93e-05 0.32 5.6
8.94e-05 0.4 5.4
8.95e-05 0.4 5.4
8.96e-05 0.4 5.6
8.97e-05 0.48 5.6
8.98e-05 0.48 5.4
8.99e-05 0.56 5.6
9e-05 0.56 5.6
9.01e-05 0.56 5.6
9.02e-05 0.56 5.6
9.03e-05 0.56 5.4
9.04e-05 0.64 5.6
9.05e-05 0.64 5.4
9.06e-05 0.64 5.8
9.07e-05 0.64 5.6
9.08e-05 0.72 5.6
9.09e-05 0.72 5.6
9.1e-05 0.72 5.6
9.11e-05 0.72 5.6
9.12e-05 0.8 5.6
9.13e-05 0.88 5.6
9.14e-05 0.8 5.4
9.15e-05 0.88 5.6
9.16e-05 0.88 5.4
9.17e-05 0.88 5.6
9.18e-05 0.88 5.4
9.19e-05 0.88 5.6
9.2e-05 0.96 5.6
9.21e-05 0.96 5.4
9.22e-05 0.96 5.6
9.23e-05 1.04 5.6
9.24e-05 1.04 5.6
9.25e-05 1.04 5.4
9.26e-05 1.04 5.6
9.27e-05 1.04 5.6
9.28e-05 1.04 5.4
9.29e-05 1.12 5.4
9.3e-05 1.12 5.2
9.31e-05 1.2 5.2
9.32e-05 1.2 5.4
9.33e-05 1.2 5.2
9.34e-05 1.2 5.2
9.35e-05 1.2 5.2
9.36e-05 1.28 5.2
9.37e-05 1.2 5
9.38e-05 1.28 5.4
9.39e-05 1.28 5
9.4e-05 1.36 5.2
9.41e-05 1.28 5.2
9.42e-05 1.36 5.2
9.43e-05 1.36 5.2
9.44e-05 1.36 5
9.45e-05 1.44 5
9.46e-05 1.36 4.8
9.47e-05 1.52 5
9.48e-05 1.52 4.8
9.49e-05 1.52 4.8
9.5e-05 1.52 4.8
9.51e-05 1.52 4.8
9.52e-05 1.52 4.8
9.53e-05 1.52 4.8
9.54e-05 1.52 5
9.55e-05 1.52 4.8
9.56e-05 1.6 5
9.57e-05 1.52 4.8
9.58e-05 1.6 4.8
9.59e-05 1.6 4.6
9.6e-05 1.68 4.8
9.61e-05 1.6 4.6
9.62e-05 1.6 4.4
9.63e-05 1.68 4.8
9.64e-05 1.68 4.4
9.65e-05 1.68 4.4
9.66e-05 1.68 4.2
9.67e-05 1.68 4.4
9.68e-05 1.84 4.2
9.69e-05 1.68 4.2
9.7e-05 1.84 4.4
9.71e-05 1.76 4.2
9.72e-05 1.84 4.2
9.73e-05 1.84 4
9.74e-05 1.84 4.2
9.75e-05 1.84 4
9.76e-05 1.84 4
9.77e-05 1.84 4
9.78e-05 1.92 4
9.79e-05 1.84 4
9.8e-05 1.84 3.8
9.81e-05 1.84 3.8
9.82e-05 1.92 3.8
9.83e-05 1.92 3.8
9.84e-05 1.92 3.6
9.85e-05 1.92 3.6
9.86e-05 1.92 3.6
9.87e-05 1.92 3.6
9.88e-05 1.92 3.6
9.89e-05 1.92 3.4
9.9e-05 1.92 3.4
9.91e-05 2 3.4
9.92e-05 2 3.4
9.93e-05 2 3.2
9.94e-05 2 3.4
9.95e-05 2 3.2
9.96e-05 2 3
9.97e-05 2 3.2
9.98e-05 2 3
9.99e-05 2 3
0.0001 2 3
0.0001001 2 2.8
0.0001002 2.08 2.8
0.0001003 2.08 2.8
0.0001004 2.08 2.8
0.0001005 2 2.6
0.0001006 2 2.6
0.0001007 2 2.6
0.0001008 2.16 2.6
0.0001009 2.08 2.4
0.000101 2.16 2.4
0.0001011 2.16 2.4
0.0001012 2.16 2.4
0.0001013 2 2.4
0.0001014 2.08 2
0.0001015 2.16 2.2
0.0001016 2.08 2
0.0001017 2.16 2
0.0001018 2 2
0.0001019 2.08 1.8
0.000102 2.08 1.8
0.0001021 2.16 1.8
0.0001022 2.16 1.6
0.0001023 2.16 1.6
0.0001024 2.16 1.6
0.0001025 2.16 1.6
0.0001026 2.16 1.6
0.0001027 2.16 1.4
0.0001028 2.16 1.4
0.0001029 2.16 1.2
0.000103 2.08 1
0.0001031 2.16 1.2
0.0001032 2 1.2
0.0001033 2.08 1
0.0001034 2.16 1
0.0001035 2.16 1
0.0001036 2 1
0.0001037 2 1
0.0001038 2.08 0.8
0.0001039 2 0.8
0.000104 2.16 0.8
0.0001041 2.08 0.6
0.0001042 2 0.6
0.0001043 2 0.4
0.0001044 2 0.4
0.0001045 2 0.4
0.0001046 2 0.2
0.0001047 2 0.2
0.0001048 2 0
0.0001049 2 0.2
0.000105 2 0
0.0001051 2 0
0.0001052 2 -0.4
0.0001053 2 0
0.0001054 2 0
0.0001055 2 -0.4
0.0001056 2 -0.4
0.0001057 1.92 -0.6
0.0001058 1.92 -0.6
0.0001059 1.92 -0.8
0.000106 2 -0.6
0.0001061 2 -0.8
0.0001062 1.92 -0.8
0.0001063 1.92 -0.8
0.0001064 1.92 -0.8
0.0001065 1.92 -1
0.0001066 1.84 -1.2
0.0001067 1.84 -1.2
0.0001068 1.84 -1.4
0.0001069 1.84 -1.2
0.000107 1.84 -1.4
0.0001071 1.84 -1.2
0.0001072 1.84 -1.4
0.0001073 1.84 -1.4
0.0001074 1.84 -1.6
0.0001075 1.76 -1.8
0.0001076 1.76 -1.6
0.0001077 1.76 -1.8
0.0001078 1.68 -1.8
0.0001079 1.68 -2
0.000108 1.68 -1.8
0.0001081 1.68 -2
0.0001082 1.68 -2.2
0.0001083 1.68 -2.2
0.0001084 1.68 -2.2
0.0001085 1.6 -2.2
0.0001086 1.6 -2.2
0.0001087 1.6 -2.4
0.0001088 1.6 -2.4
0.0001089 1.6 -2.4
0.000109 1.52 -2.6
0.0001091 1.52 -2.6
0.0001092 1.52 -2.6
0.0001093 1.6 -2.6
0.0001094 1.52 -2.6
0.0001095 1.52 -3
0.0001096 1.52 -3
0.0001097 1.52 -3
0.0001098 1.52 -3.2
0.0001099 1.44 -3
0.00011 1.36 -3.2
0.0001101 1.36 -3.2
0.0001102 1.36 -3.2
0.0001103 1.36 -3.2
0.0001104 1.36 -3.2
0.0001105 1.36 -3.4
0.0001106 1.28 -3.4
0.0001107 1.28 -3.4
0.0001108 1.28 -3.4
0.0001109 1.28 -3.6
0.000111 1.2 -3.6
0.0001111 1.2 -3.8
0.0001112 1.2 -3.8
0.0001113 1.2 -4
0.0001114 1.2 -4
0.0001115 1.2 -3.8
0.0001116 1.12 -4
0.0001117 1.12 -3.8
0.0001118 1.04 -4
0.0001119 1.04 -4
0.000112 1.04 -4
0.0001121 1.04 -4.2
0.0001122 0.96 -4.2
0.0001123 1.04 -4.2
0.0001124 0.96 -4.2
0.0001125 0.96 -4.4
0.0001126 0.88 -4.4
0.0001127 0.96 -4.6
0.0001128 0.88 -4.6
0.0001129 0.88 -4.6
0.000113 0.88 -4.6
0.0001131 0.88 -4.6
0.0001132 0.8 -4.8
0.0001133 0.72 -4.8
0.0001134 0.72 -4.8
0.0001135 0.72 -4.6
0.0001136 0.72 -4.8
0.0001137 0.72 -4.8
0.0001138 0.64 -5
0.0001139 0.64 -5
0.000114 0.64 -5
0.0001141 0.56 -5
0.0001142 0.56 -5.2
0.0001143 0.56 -5.2
0.0001144 0.56 -5.2
0.0001145 0.48 -5.2
0.0001146 0.48 -5.4
0.0001147 0.4 -5.4
0.0001148 0.4 -5.4
0.0001149 0.4 -5.4
0.000115 0.4 -5.4
0.0001151 0.4 -5.4
0.0001152 0.4 -5.6
0.0001153 0.32 -5.4
0.0001154 0.32 -5.6
0.0001155 0.32 -5.4
0.0001156 0.24 -5.6
0.0001157 0.24 -5.6
0.0001158 0.24 -5.8
0.0001159 0.24 -5.6
0.000116 0.24 -5.6
0.0001161 0.08 -5.8
0.0001162 0.08 -5.8
0.0001163 0.08 -5.8
0.0001164 0.08 -5.8
0.0001165 0.08 -5.8
0.0001166 0.08 -5.8
0.0001167 0 -5.6
0.0001168 0 -5.8
0.0001169 0 -5.8
0.000117 -0.16 -5.8
0.0001171 -0.16 -5.8
0.0001172 -0.16 -6
0.0001173 -0.16 -6
0.0001174 -0.24 -6.2
0.0001175 -0.32 -6.2
0.0001176 -0.32 -6
0.0001177 -0.32 -6.4
0.0001178 -0.32 -6.2
0.0001179 -0.4 -6.2
0.000118 -0.32 -6.2
0.0001181 -0.4 -6.4
0.0001182 -0.4 -6.4
0.0001183 -0.4 -6.2
0.0001184 -0.4 -6.2
0.0001185 -0.48 -6.2
0.0001186 -0.48 -6.2
0.0001187 -0.48 -6.2
0.0001188 -0.48 -6.4
0.0001189 -0.64 -6.2
0.000119 -0.56 -6.4
0.0001191 -0.56 -6.2
0.0001192 -0.64 -6.2
0.0001193 -0.64 -6.4
0.0001194 -0.64 -6.2
0.0001195 -0.72 -6.4
0.0001196 -0.72 -6.2
0.0001197 -0.72 -6.4
0.0001198 -0.8 -6.4
0.0001199 -0.8 -6.4
0.00012 -0.8 -6.4
0.0001201 -0.8 -6.4
0.0001202 -0.8 -6.4
0.0001203 -0.8 -6.2
0.0001204 -0.88 -6.6
0.0001205 -0.96 -6.4
0.0001206 -0.96 -6.4
0.0001207 -0.96 -6.4
0.0001208 -0.96 -6.4
0.0001209 -1.04 -6.4
0.000121 -1.04 -6.2
0.0001211 -1.04 -6.4
0.0001212 -1.04 -6.4
0.0001213 -1.04 -6.4
0.0001214 -1.12 -6.2
0.0001215 -1.12 -6.4
0.0001216 -1.12 -6.2
0.0001217 -1.12 -6.2
0.0001218 -1.12 -6.2
0.0001219 -1.12 -6.2
0.000122 -1.28 -6.2
0.0001221 -1.28 -6.2
0.0001222 -1.28 -6.4
0.0001223 -1.28 -6.2
0.0001224 -1.28 -6.2
0.0001225 -1.36 -6.2
0.0001226 -1.36 -6.2
0.0001227 -1.36 -6.4
0.0001228 -1.36 -6.2
0.0001229 -1.44 -6.2
0.000123 -1.44 -6
0.0001231 -1.44 -6.2
0.0001232 -1.44 -6
0.0001233 -1.44 -5.8
0.0001234 -1.44 -5.8
0.0001235 -1.52 -5.8
0.0001236 -1.44 -5.8
0.0001237 -1.44 -5.8
0.0001238 -1.6 -6.2
0.0001239 -1.6 -5.8
0.000124 -1.6 -5.8
0.0001241 -1.6 -5.8
0.0001242 -1.6 -5.8
0.0001243 -1.6 -5.8
0.0001244 -1.68 -5.8
0.0001245 -1.68 -5.8
0.0001246 -1.68 -5.8
0.0001247 -1.68 -5.8
0.0001248 -1.68 -5.6
0.0001249 -1.68 -5.6
0.000125 -1.68 -5.6
0.0001251 -1.76 -5.6
0.0001252 -1.76 -5.6
0.0001253 -1.76 -5.6
0.0001254 -1.76 -5.4
0.0001255 -1.76 -5.2
0.0001256 -1.76 -5.4
0.0001257 -1.76 -5.4
0.0001258 -1.92 -5.4
0.0001259 -1.84 -5.4
0.000126 -1.92 -5.2
0.0001261 -1.92 -5.4
0.0001262 -1.92 -5.2
0.0001263 -1.92 -5.2
0.0001264 -1.92 -5
0.0001265 -1.92 -5
0.0001266 -1.92 -5
0.0001267 -2 -5
0.0001268 -2 -4.8
0.0001269 -2 -4.8
0.000127 -2 -4.8
0.0001271 -2 -4.8
0.0001272 -2 -5
0.0001273 -2.08 -4.8
0.0001274 -2 -4.8
0.0001275 -2 -4.8
0.0001276 -2.08 -4.8
0.0001277 -2.08 -4.6
0.0001278 -2 -4.6
0.0001279 -2.08 -4.6
0.000128 -2.08 -4.4
0.0001281 -2.08 -4.6
0.0001282 -2.08 -4.2
0.0001283 -2.08 -4.4
0.0001284 -2.08 -4.2
0.0001285 -2.16 -4.2
0.0001286 -2.16 -4.2
0.0001287 -2.16 -4.2
0.0001288 -2.16 -4.2
0.0001289 -2.16 -3.8
0.000129 -2.24 -4
0.0001291 -2.24 -4
0.0001292 -2.24 -4
0.0001293 -2.24 -4
0.0001294 -2.24 -3.8
0.0001295 -2.24 -4
0.0001296 -2.24 -3.6
0.0001297 -2.24 -3.8
0.0001298 -2.16 -3.6
0.0001299 -2.24 -3.6
0.00013 -2.24 -3.4
0.0001301 -2.24 -3.4
0.0001302 -2.24 -3.4
0.0001303 -2.24 -3.4
0.0001304 -2.24 -3.4
0.0001305 -2.24 -3.2
0.0001306 -2.24 -3.4
0.0001307 -2.24 -3
0.0001308 -2.24 -3.2
0.0001309 -2.24 -3
0.000131 -2.24 -3
0.0001311 -2.24 -3
0.0001312 -2.24 -2.6
0.0001313 -2.32 -2.6
0.0001314 -2.24 -2.6
0.0001315 -2.24 -2.6
0.0001316 -2.24 -2.6
0.0001317 -2.24 -2.4
0.0001318 -2.24 -2.4
0.0001319 -2.24 -2.4
0.000132 -2.24 -2.4
0.0001321 -2.24 -2.4
0.0001322 -2.24 -2.2
0.0001323 -2.24 -2.2
0.0001324 -2.32 -2.2
0.0001325 -2.24 -2.2
0.0001326 -2.24 -2
0.0001327 -2.24 -2
0.0001328 -2.24 -2
0.0001329 -2.24 -1.8
0.000133 -2.24 -1.8
0.0001331 -2.24 -1.6
0.0001332 -2.24 -1.6
0.0001333 -2.24 -1.4
0.0001334 -2.24 -1.4
0.0001335 -2.24 -1.4
0.0001336 -2.24 -1.4
0.0001337 -2.24 -1.2
0.0001338 -2.24 -1.4
0.0001339 -2.24 -1
0.000134 -2.24 -1.2
0.0001341 -2.24 -1.2
0.0001342 -2.24 -1
0.0001343 -2.24 -0.8
0.0001344 -2.16 -1
0.0001345 -2.24 -0.8
0.0001346 -2.16 -0.6
0.0001347 -2.08 -0.8
0.0001348 -2.16 -0.6
0.0001349 -2.08 -0.6
0.000135 -2.08 -0.4
0.0001351 -2.08 -0.4
0.0001352 -2.08 -0.4
0.0001353 -2.08 0
0.0001354 -2.08 -0.4
0.0001355 -2.08 0
0.0001356 -2.08 0
0.0001357 -2 0
0.0001358 -2 0
0.0001359 -2.08 0.2
0.000136 -2 0.2
0.0001361 -2.08 0.2
0.0001362 -2.08 0.4
0.0001363 -2 0.4
0.0001364 -2 0.8
0.0001365 -2 0.6
0.0001366 -2 0.8
0.0001367 -2 0.8
0.0001368 -1.92 0.8
0.0001369 -1.92 1
0.000137 -1.92 0.8
0.0001371 -1.92 0.8
0.0001372 -1.92 0.8
0.0001373 -1.84 1.2
0.0001374 -1.92 1
0.0001375 -1.92 1.2
0.0001376 -1.84 1.2
0.0001377 -1.76 1.2
0.0001378 -1.76 1.6
0.0001379 -1.76 1.4
0.000138 -1.84 1.6
0.0001381 -1.76 1.6
0.0001382 -1.76 1.6
0.0001383 -1.76 1.6
0.0001384 -1.76 1.8
0.0001385 -1.76 1.8
0.0001386 -1.76 1.8
0.0001387 -1.68 2
0.0001388 -1.68 1.8
0.0001389 -1.68 2
0.000139 -1.6 2
0.0001391 -1.6 2
0.0001392 -1.6 2
0.0001393 -1.6 2.4
0.0001394 -1.6 2.2
0.0001395 -1.6 2.4
0.0001396 -1.6 2.4
0.0001397 -1.52 2.4
0.0001398 -1.6 2.6
0.0001399 -1.44 2.4
0.00014 -1.44 2.6
0.0001401 -1.44 2.6
0.0001402 -1.44 2.6
0.0001403 -1.44 2.6
0.0001404 -1.36 2.8
0.0001405 -1.44 2.8
0.0001406 -1.44 2.8
0.0001407 -1.36 3
0.0001408 -1.28 3
0.0001409 -1.28 3.2
0.000141 -1.28 3
0.0001411 -1.28 3.2
0.0001412 -1.28 3.2
0.0001413 -1.12 3.4
0.0001414 -1.2 3.4
0.0001415 -1.12 3.4
0.0001416 -1.12 3.4
0.0001417 -1.12 3.2
0.0001418 -1.12 3.6
0.0001419 -1.12 3.6
0.000142 -1.12 3.6
0.0001421 -1.12 3.6
0.0001422 -1.04 3.6
0.0001423 -1.04 3.8
0.0001424 -1.04 3.6
0.0001425 -0.96 3.8
0.0001426 -0.96 3.6
0.0001427 -0.96 4
0.0001428 -0.96 4
0.0001429 -0.96 4
0.000143 -0.88 4
0.0001431 -0.8 4
0.0001432 -0.8 4
0.0001433 -0.8 4
0.0001434 -0.8 4.2
0.0001435 -0.72 4.2
0.0001436 -0.72 4.2
0.0001437 -0.72 4.2
0.0001438 -0.72 4.2
0.0001439 -0.72 4.4
0.000144 -0.64 4.4
0.0001441 -0.64 4.4
0.0001442 -0.64 4.6
0.0001443 -0.64 4.6
0.0001444 -0.56 4.6
0.0001445 -0.48 4.6
0.0001446 -0.48 4.8
0.0001447 -0.48 4.4
0.0001448 -0.48 4.8
0.0001449 -0.48 4.8
0.000145 -0.4 4.8
0.0001451 -0.48 4.6
0.0001452 -0.4 4.8
0.0001453 -0.4 4.8
0.0001454 -0.32 4.8
0.0001455 -0.32 4.8
0.0001456 -0.32 5
0.0001457 -0.32 4.8
0.0001458 -0.24 5
0.0001459 -0.24 5
0.000146 -0.16 5
0.0001461 -0.16 5
0.0001462 -0.16 5.2
0.0001463 -0.16 5.2
0.0001464 0 5.2
0.0001465 0 5.2
0.0001466 0 5.2
0.0001467 0.08 5.2
0.0001468 0.08 5.2
0.0001469 0.08 5.2
0.000147 0.08 5.2
0.0001471 0.16 5.2
0.0001472 0.24 5.2
0.0001473 0.24 5.4
0.0001474 0.24 5.4
0.0001475 0.24 5.6
0.0001476 0.24 5.2
0.0001477 0.24 5.4
0.0001478 0.24 5.4
0.0001479 0.32 5.6
0.000148 0.32 5.4
0.0001481 0.32 5.4
0.0001482 0.4 5.4
0.0001483 0.4 5.6
0.0001484 0.4 5.6
0.0001485 0.4 5.2
0.0001486 0.4 5.6
0.0001487 0.48 5.4
0.0001488 0.48 5.6
0.0001489 0.56 5.6
0.000149 0.56 5.4
0.0001491 0.56 5.6
0.0001492 0.56 5.6
0.0001493 0.64 5.6
0.0001494 0.64 5.6
0.0001495 0.64 5.6
0.0001496 0.72 5.6
0.0001497 0.72 5.6
0.0001498 0.72 5.6
0.0001499 0.72 5.4
0.00015 0.72 5.6
0.0001501 0.72 5.4
0.0001502 0.88 5.6
0.0001503 0.88 5.6
0.0001504 0.88 5.6
0.0001505 0.88 5.6
0.0001506 0.88 5.6
0.0001507 0.88 5.6
0.0001508 0.96 5.2
0.0001509 0.96 5.6
0.000151 1.04 5.6
0.0001511 1.04 5.4
0.0001512 0.96 5.6
0.0001513 1.04 5.6
0.0001514 1.04 5.4
0.0001515 1.04 5.4
0.0001516 1.12 5.4
0.0001517 1.12 5.4
0.0001518 1.2 5.6
0.0001519 1.2 5.4
0.000152 1.2 5.2
0.0001521 1.2 5.2
0.0001522 1.2 5.4
0.0001523 1.2 5.4
0.0001524 1.28 5.2
0.0001525 1.28 5.4
0.0001526 1.28 5.2
0.0001527 1.28 5.2
0.0001528 1.28 5.2
0.0001529 1.28 5.2
0.000153 1.36 5.2
0.0001531 1.28 5.2
0.0001532 1.36 5.2
0.0001533 1.36 5
0.0001534 1.36 5
0.0001535 1.44 5
0.0001536 1.52 5
0.0001537 1.52 5
0.0001538 1.52 5
0.0001539 1.52 5
0.000154 1.52 4.8
0.0001541 1.52 5
0.0001542 1.52 5
0.0001543 1.52 5
0.0001544 1.6 4.8
0.0001545 1.6 4.8
0.0001546 1.6 4.8
0.0001547 1.6 4.8
0.0001548 1.6 4.6
0.0001549 1.6 4.6
0.000155 1.68 4.6
0.0001551 1.68 4.4
0.0001552 1.68 4.6
0.0001553 1.68 4.4
0.0001554 1.76 4.4
0.0001555 1.68 4.2
0.0001556 1.84 4.2
0.0001557 1.68 4.4
0.0001558 1.68 4.2
0.0001559 1.76 4.4
0.000156 1.76 4.2
0.0001561 1.84 4.2
0.0001562 1.84 4
0.0001563 1.84 4.2
0.0001564 1.84 4
0.0001565 1.84 4
0.0001566 1.84 4
0.0001567 1.84 3.8
0.0001568 1.92 4
0.0001569 1.92 3.8
0.000157 1.92 4
0.0001571 1.92 3.8
0.0001572 1.92 3.8
0.0001573 1.92 3.6
0.0001574 1.92 3.6
0.0001575 1.92 3.8
0.0001576 2 3.4
0.0001577 1.92 3.4
0.0001578 2 3.4
0.0001579 2 3.6
0.000158 2 3.2
0.0001581 2 3.4
0.0001582 2 3.4
0.0001583 2 3.2
0.0001584 2 3.2
0.0001585 2 3.2
0.0001586 2 3.2
0.0001587 2 3
0.0001588 2 3
0.0001589 2 2.8
0.000159 2.08 3
0.0001591 2 2.8
0.0001592 2.08 2.8
0.0001593 2.16 2.8
0.0001594 2.08 2.6
0.0001595 2.08 2.6
0.0001596 2.08 2.6
0.0001597 2.16 2.6
0.0001598 2 2.4
0.0001599 2.08 2.4
0.00016 2.08 2.4
0.0001601 2.08 2.2
0.0001602 2.08 2.2
0.0001603 2.08 2.2
0.0001604 2.08 2.2
0.0001605 2 2
0.0001606 2.16 2
0.0001607 2.16 2
0.0001608 2.16 1.8
0.0001609 2.16 1.8
0.000161 2.16 1.8
0.0001611 2.08 1.8
0.0001612 2.16 1.6
0.0001613 2.16 1.6
0.0001614 2.16 1.6
0.0001615 2.16 1.6
0.0001616 2.08 1.4
0.0001617 2.08 1
0.0001618 2.16 1.2
0.0001619 2.08 1.2
0.000162 2.16 1.2
0.0001621 2.08 1
0.0001622 2.08 1.2
0.0001623 2 1
0.0001624 2.08 1
0.0001625 2 1
0.0001626 2.08 0.8
0.0001627 2.16 0.8
0.0001628 2 0.8
0.0001629 2.16 0.8
0.000163 2.08 0.4
0.0001631 2 0.6
0.0001632 2 0.4
0.0001633 2.08 0.2
0.0001634 2.08 0.4
0.0001635 2 0.2
0.0001636 2 0.2
0.0001637 2 0
0.0001638 2 0.2
0.0001639 2 0
0.000164 2 0
0.0001641 2 0
0.0001642 2 -0.4
0.0001643 2 -0.4
0.0001644 1.92 -0.6
0.0001645 1.92 -0.6
0.0001646 1.92 -0.8
0.0001647 1.92 -0.6
0.0001648 2 -0.8
0.0001649 1.92 -0.8
0.000165 1.92 -0.8
0.0001651 1.92 -1
0.0001652 1.92 -0.8
0.0001653 1.84 -1
0.0001654 1.92 -1
0.0001655 1.84 -1.2
0.0001656 1.84 -1.2
0.0001657 1.92 -1.2
0.0001658 1.84 -1.2
0.0001659 1.84 -1.4
0.000166 1.84 -1.6
0.0001661 1.84 -1.4
0.0001662 1.76 -1.6
0.0001663 1.84 -1.4
0.0001664 1.76 -1.8
0.0001665 1.76 -1.8
0.0001666 1.76 -1.8
0.0001667 1.68 -1.8
0.0001668 1.68 -1.8
0.0001669 1.68 -2
0.000167 1.68 -2
0.0001671 1.68 -2
0.0001672 1.6 -2
0.0001673 1.6 -2.2
0.0001674 1.6 -2.2
0.0001675 1.68 -2.4
0.0001676 1.6 -2.4
0.0001677 1.6 -2.4
0.0001678 1.6 -2.6
0.0001679 1.52 -2.6
0.000168 1.52 -2.6
0.0001681 1.52 -2.6
0.0001682 1.52 -2.8
0.0001683 1.52 -3
0.0001684 1.52 -3
0.0001685 1.52 -3
0.0001686 1.44 -3
0.0001687 1.44 -3
0.0001688 1.36 -3
0.0001689 1.44 -3.2
0.000169 1.36 -3.2
0.0001691 1.36 -3.2
0.0001692 1.36 -3.2
0.0001693 1.36 -3.4
0.0001694 1.28 -3.4
0.0001695 1.28 -3.4
0.0001696 1.28 -3.6
0.0001697 1.28 -3.4
0.0001698 1.28 -3.4
0.0001699 1.2 -3.6
0.00017 1.2 -3.8
0.0001701 1.2 -3.8
0.0001702 1.2 -4
0.0001703 1.2 -3.8
0.0001704 1.2 -3.8
0.0001705 1.12 -4
0.0001706 1.04 -4
0.0001707 1.04 -4
0.0001708 1.04 -4.2
0.0001709 1.04 -4.2
0.000171 1.04 -4.2
0.0001711 0.96 -4.4
0.0001712 0.96 -4.4
0.0001713 0.96 -4.2
0.0001714 0.96 -4.4
0.0001715 0.88 -4.4
0.0001716 0.88 -4.6
0.0001717 0.88 -4.6
0.0001718 0.88 -4.6
0.0001719 0.8 -4.8
0.000172 0.88 -4.6
0.0001721 0.72 -4.8
0.0001722 0.8 -4.6
0.0001723 0.8 -4.8
0.0001724 0.72 -4.8
0.0001725 0.72 -4.8
0.0001726 0.72 -4.8
0.0001727 0.64 -4.8
0.0001728 0.64 -5
0.0001729 0.64 -5
0.000173 0.56 -5.2
0.0001731 0.56 -5
0.0001732 0.56 -5.2
0.0001733 0.56 -5.2
0.0001734 0.56 -5.2
0.0001735 0.48 -5.4
0.0001736 0.4 -5.4
0.0001737 0.4 -5.4
0.0001738 0.4 -5.4
0.0001739 0.4 -5.4
0.000174 0.32 -5.4
0.0001741 0.32 -5.4
0.0001742 0.32 -5.4
0.0001743 0.32 -5.6
0.0001744 0.24 -5.6
0.0001745 0.24 -5.6
0.0001746 0.24 -5.6
0.0001747 0.24 -5.6
0.0001748 0.24 -5.6
0.0001749 0.16 -5.6
0.000175 0.24 -5.8
0.0001751 0.16 -5.8
0.0001752 0.08 -5.8
0.0001753 0.08 -6
0.0001754 0 -5.6
0.0001755 0 -5.8
0.0001756 0 -5.8
0.0001757 0 -6
0.0001758 -0.16 -5.8
0.0001759 0 -6
0.000176 -0.16 -6
0.0001761 -0.16 -6
0.0001762 -0.16 -6.2
0.0001763 -0.24 -6.2
0.0001764 -0.16 -6.2
0.0001765 -0.32 -6
0.0001766 -0.32 -6.2
0.0001767 -0.32 -6.2
0.0001768 -0.32 -6.2
0.0001769 -0.4 -6.2
0.000177 -0.4 -6.2
0.0001771 -0.4 -6.2
0.0001772 -0.4 -6.2
0.0001773 -0.48 -6.2
0.0001774 -0.4 -6
0.0001775 -0.48 -6.2
0.0001776 -0.48 -6.2
0.0001777 -0.48 -6.4
0.0001778 -0.56 -6.2
0.0001779 -0.48 -6.2
0.000178 -0.56 -6.4
0.0001781 -0.64 -6.2
0.0001782 -0.64 -6.2
0.0001783 -0.72 -6.2
0.0001784 -0.72 -6.4
0.0001785 -0.64 -6.2
0.0001786 -0.8 -6.4
0.0001787 -0.8 -6.4
0.0001788 -0.8 -6.2
0.0001789 -0.8 -6.4
0.000179 -0.8 -6.4
0.0001791 -0.8 -6.4
0.0001792 -0.8 -6.4
0.0001793 -0.88 -6.4
0.0001794 -0.96 -6.4
0.0001795 -0.96 -6.4
0.0001796 -0.96 -6.4
0.0001797 -1.04 -6.2
0.0001798 -1.04 -6.4
0.0001799 -1.04 -6.2
0.00018 -1.04 -6.4
0.0001801 -1.04 -6.2
0.0001802 -1.12 -6.4
0.0001803 -1.12 -6.4
0.0001804 -1.12 -6.2
0.0001805 -1.12 -6.2
0.0001806 -1.12 -6.2
0.0001807 -1.2 -6.2
0.0001808 -1.2 -6.2
0.0001809 -1.28 -6.2
0.000181 -1.28 -6.2
0.0001811 -1.28 -6.2
0.0001812 -1.28 -6.4
0.0001813 -1.36 -6.4
0.0001814 -1.36 -6.4
0.0001815 -1.36 -6.2
0.0001816 -1.36 -6.2
0.0001817 -1.36 -6
0.0001818 -1.44 -6.2
0.0001819 -1.44 -6
0.000182 -1.44 -6.2
0.0001821 -1.44 -5.8
0.0001822 -1.44 -6
0.0001823 -1.44 -5.8
0.0001824 -1.44 -5.8
0.0001825 -1.44 -6
0.0001826 -1.52 -5.8
0.0001827 -1.52 -5.8
0.0001828 -1.6 -5.8
0.0001829 -1.6 -5.8
0.000183 -1.68 -5.8
0.0001831 -1.6 -5.8
0.0001832 -1.68 -5.8
0.0001833 -1.68 -5.6
0.0001834 -1.68 -5.8
0.0001835 -1.68 -5.6
0.0001836 -1.68 -5.6
0.0001837 -1.68 -5.6
0.0001838 -1.76 -5.6
0.0001839 -1.76 -5.6
0.000184 -1.76 -5.6
0.0001841 -1.76 -5.6
0.0001842 -1.76 -5.6
0.0001843 -1.76 -5.4
0.0001844 -1.76 -5.4
0.0001845 -1.76 -5.4
0.0001846 -1.84 -5.4
0.0001847 -1.84 -5.4
0.0001848 -1.92 -5.4
0.0001849 -1.92 -5.2
0.000185 -1.92 -5.2
0.0001851 -1.84 -5.2
0.0001852 -1.92 -5.2
0.0001853 -1.92 -5
0.0001854 -2 -5
0.0001855 -2 -4.8
0.0001856 -2 -5
0.0001857 -2 -4.8
0.0001858 -2 -4.8
0.0001859 -2 -4.8
0.000186 -2 -4.8
0.0001861 -2 -4.8
0.0001862 -2.08 -4.8
0.0001863 -2 -4.8
0.0001864 -2.08 -4.6
0.0001865 -2.08 -4.6
0.0001866 -2.08 -4.6
0.0001867 -2.08 -4.6
0.0001868 -2.08 -4.6
0.0001869 -2.08 -4.6
0.000187 -2.08 -4.2
0.0001871 -2.16 -4.2
0.0001872 -2.08 -4.2
0.0001873 -2.08 -4.2
0.0001874 -2.08 -4
0.0001875 -2.16 -4.2
0.0001876 -2.16 -4
0.0001877 -2.24 -4.2
0.0001878 -2.16 -4.2
0.0001879 -2.24 -4
0.000188 -2.24 -3.8
0.0001881 -2.24 -3.8
0.0001882 -2.24 -3.8
0.0001883 -2.16 -3.8
0.0001884 -2.24 -3.6
0.0001885 -2.24 -3.6
0.0001886 -2.24 -3.4
0.0001887 -2.24 -3.4
0.0001888 -2.24 -3.4
0.0001889 -2.32 -3.4
0.000189 -2.24 -3.2
0.0001891 -2.24 -3.4
0.0001892 -2.24 -3.2
0.0001893 -2.24 -3.2
0.0001894 -2.24 -3.2
0.0001895 -2.24 -3.2
0.0001896 -2.24 -3
0.0001897 -2.32 -3
0.0001898 -2.24 -3
0.0001899 -2.24 -3
0.00019 -2.24 -2.6
0.0001901 -2.32 -2.6
0.0001902 -2.24 -2.6
0.0001903 -2.24 -2.8
0.0001904 -2.24 -2.6
0.0001905 -2.24 -2.6
0.0001906 -2.24 -2.6
0.0001907 -2.24 -2.4
0.0001908 -2.24 -2.4
0.0001909 -2.24 -2.4
0.000191 -2.24 -2.2
0.0001911 -2.24 -2.2
0.0001912 -2.24 -2
0.0001913 -2.24 -2.2
0.0001914 -2.24 -2
0.0001915 -2.24 -2
0.0001916 -2.24 -1.8
0.0001917 -2.24 -1.8
0.0001918 -2.32 -1.8
0.0001919 -2.24 -1.6
0.000192 -2.24 -1.6
0.0001921 -2.24 -1.4
0.0001922 -2.24 -1.4
0.0001923 -2.24 -1.4
0.0001924 -2.24 -1.4
0.0001925 -2.24 -1.6
0.0001926 -2.24 -1.4
0.0001927 -2.24 -1.2
0.0001928 -2.08 -1
0.0001929 -2.24 -1.2
0.000193 -2.16 -1
0.0001931 -2.24 -1
0.0001932 -2.24 -0.8
0.0001933 -2.16 -0.8
0.0001934 -2.16 -0.8
0.0001935 -2.16 -0.6
0.0001936 -2.08 -0.6
0.0001937 -2.08 -0.6
0.0001938 -2.16 -0.6
0.0001939 -2.08 -0.4
0.000194 -2.08 -0.4
0.0001941 -2.08 -0.4
0.0001942 -2 0
0.0001943 -2.08 0
0.0001944 -2.08 0
0.0001945 -2.08 0
0.0001946 -2.08 0
0.0001947 -2.08 0.2
0.0001948 -2 0.2
0.0001949 -2 0.4
0.000195 -2.08 0.4
0.0001951 -2 0.4
0.0001952 -2 0.6
0.0001953 -2 0.6
0.0001954 -2 0.6
0.0001955 -2 0.8
0.0001956 -1.92 0.8
0.0001957 -1.92 0.8
0.0001958 -1.92 1
0.0001959 -1.92 0.8
0.000196 -1.92 1
0.0001961 -1.92 1
0.0001962 -1.92 1.2
0.0001963 -1.84 1
0.0001964 -1.76 1.2
0.0001965 -1.84 1.4
0.0001966 -1.76 1.2
0.0001967 -1.76 1.4
0.0001968 -1.76 1.4
0.0001969 -1.76 1.4
0.000197 -1.76 1.6
0.0001971 -1.76 1.6
0.0001972 -1.76 1.6
0.0001973 -1.68 1.8
0.0001974 -1.76 1.8
0.0001975 -1.68 1.8
0.0001976 -1.68 2
0.0001977 -1.68 1.8
0.0001978 -1.6 2.2
0.0001979 -1.6 2
0.000198 -1.6 2.2
0.0001981 -1.6 2.4
0.0001982 -1.6 2
0.0001983 -1.6 2.4
0.0001984 -1.52 2.4
0.0001985 -1.44 2.4
0.0001986 -1.44 2.4
0.0001987 -1.44 2.6
0.0001988 -1.44 2.6
0.0001989 -1.44 2.6
0.000199 -1.44 2.6
0.0001991 -1.44 2.6
0.0001992 -1.44 2.8
0.0001993 -1.36 2.8
0.0001994 -1.36 3
0.0001995 -1.36 3
0.0001996 -1.36 3
0.0001997 -1.36 3.2
0.0001998 -1.28 3.2
0.0001999 -1.28 3.2
0.0002 -1.28 3.2
0.0002001 -1.28 3.4
0.0002002 -1.28 3.4
0.0002003 -1.12 3.4
0.0002004 -1.12 3.4
0.0002005 -1.12 3.4
0.0002006 -1.12 3.6
0.0002007 -1.12 3.4
0.0002008 -1.12 3.6
0.0002009 -1.12 3.6
0.000201 -1.12 3.6
0.0002011 -1.04 3.6
0.0002012 -1.04 3.8
0.0002013 -1.04 3.6
0.0002014 -0.96 4
0.0002015 -0.96 3.8
0.0002016 -0.96 4
0.0002017 -0.96 4
0.0002018 -0.88 4
0.0002019 -0.88 4
0.000202 -0.8 4
0.0002021 -0.8 4
0.0002022 -0.8 4.2
0.0002023 -0.72 4.2
0.0002024 -0.8 4.2
0.0002025 -0.72 4.2
0.0002026 -0.72 4.2
0.0002027 -0.64 4.2
0.0002028 -0.64 4.4
0.0002029 -0.64 4.4
0.000203 -0.64 4.6
0.0002031 -0.56 4.4
0.0002032 -0.64 4.6
0.0002033 -0.56 4.6
0.0002034 -0.48 4.6
0.0002035 -0.48 4.8
0.0002036 -0.48 4.8
0.0002037 -0.48 4.8
0.0002038 -0.4 4.8
0.0002039 -0.48 4.8
0.000204 -0.4 4.8
0.0002041 -0.4 4.8
0.0002042 -0.32 4.8
0.0002043 -0.32 4.8
0.0002044 -0.32 4.8
0.0002045 -0.32 4.8
0.0002046 -0.24 5
0.0002047 -0.16 5
0.0002048 -0.16 5
0.0002049 -0.16 5
0.000205 -0.16 5
0.0002051 -0.16 5.2
0.0002052 -0.16 5.2
0.0002053 0 5.2
0.0002054 0 5.2
0.0002055 0 5.4
0.0002056 0.08 5.2
0.0002057 0 5.2
0.0002058 0.08 5.2
0.0002059 0.08 5.2
0.000206 0.24 5.4
0.0002061 0.24 5.2
0.0002062 0.24 5.4
0.0002063 0.24 5.4
0.0002064 0.24 5.4
0.0002065 0.24 5.2
0.0002066 0.24 5.4
0.0002067 0.24 5.4
0.0002068 0.32 5.4
0.0002069 0.32 5.4
0.000207 0.4 5.2
0.0002071 0.4 5.4
0.0002072 0.4 5.4
0.0002073 0.4 5.6
0.0002074 0.4 5.4
0.0002075 0.48 5.6
0.0002076 0.48 5.4
0.0002077 0.56 5.6
0.0002078 0.56 5.6
0.0002079 0.56 5.6
0.000208 0.56 5.6
0.0002081 0.64 5.4
0.0002082 0.64 5.8
0.0002083 0.64 5.6
0.0002084 0.64 5.6
0.0002085 0.72 5.6
0.0002086 0.72 5.6
0.0002087 0.72 5.6
0.0002088 0.72 5.6
0.0002089 0.88 5.6
0.000209 0.72 5.6
0.0002091 0.88 5.6
0.0002092 0.88 5.4
0.0002093 0.88 5.6
0.0002094 0.88 5.6
0.0002095 0.88 5.4
0.0002096 0.96 5.6
0.0002097 0.88 5.6
0.0002098 0.96 5.6
0.0002099 1.04 5.4
0.00021 0.96 5.6
0.0002101 1.04 5.4
0.0002102 1.04 5.6
0.0002103 1.04 5.4
0.0002104 1.04 5.2
0.0002105 1.04 5.6
0.0002106 1.12 5.4
0.0002107 1.2 5.2
0.0002108 1.2 5.4
0.0002109 1.2 5.4
0.000211 1.2 5.4
0.0002111 1.2 5.2
0.0002112 1.2 5.4
0.0002113 1.2 5.2
0.0002114 1.28 5.2
0.0002115 1.28 5.2
0.0002116 1.28 5.4
0.0002117 1.28 5
0.0002118 1.36 5.2
0.0002119 1.36 5.2
0.000212 1.36 5
0.0002121 1.36 5
0.0002122 1.36 5
0.0002123 1.52 5
0.0002124 1.52 4.8
0.0002125 1.52 5.2
0.0002126 1.52 4.8
0.0002127 1.52 5
0.0002128 1.52 5
0.0002129 1.52 5
0.000213 1.52 4.8
0.0002131 1.52 4.8
0.0002132 1.6 4.8
0.0002133 1.6 4.8
0.0002134 1.6 4.8
0.0002135 1.6 4.6
0.0002136 1.6 4.6
0.0002137 1.6 4.4
0.0002138 1.68 4.4
0.0002139 1.68 4.6
0.000214 1.68 4.4
0.0002141 1.68 4.4
0.0002142 1.68 4.4
0.0002143 1.68 4.4
0.0002144 1.68 4.4
0.0002145 1.68 4.2
0.0002146 1.84 4.4
0.0002147 1.76 4.2
0.0002148 1.84 4.2
0.0002149 1.84 4.2
0.000215 1.84 4.2
0.0002151 1.84 4
0.0002152 1.84 4
0.0002153 1.84 4
0.0002154 1.84 4
0.0002155 1.84 4
0.0002156 1.92 4
0.0002157 1.92 3.8
0.0002158 1.84 3.6
0.0002159 1.92 3.8
0.000216 1.92 3.8
0.0002161 1.92 3.8
0.0002162 1.92 3.6
0.0002163 1.92 3.6
0.0002164 1.92 3.6
0.0002165 1.92 3.6
0.0002166 2 3.4
0.0002167 2 3.4
0.0002168 2 3.4
0.0002169 1.92 3.4
0.000217 2 3
0.0002171 2 3.2
0.0002172 2 3.2
0.0002173 2.08 3
0.0002174 2 3
0.0002175 2 3.2
0.0002176 2 3
0.0002177 2 2.8
0.0002178 2 2.8
0.0002179 2 3
0.000218 2 2.8
0.0002181 2 2.6
0.0002182 2.16 2.6
0.0002183 2 2.6
0.0002184 2.08 2.6
0.0002185 2.08 2.4
0.0002186 2.08 2.4
0.0002187 2.08 2.4
0.0002188 2.08 2.4
0.0002189 2.08 2.4
0.000219 2.08 2.2
0.0002191 2.08 2.2
0.0002192 2.16 2
0.0002193 2.16 2.2
0.0002194 2.16 2
0.0002195 2.08 2
0.0002196 2.08 1.8
0.0002197 2.16 1.8
0.0002198 2.16 1.6
0.0002199 2.16 1.6
0.00022 2.08 1.8
0.0002201 2.08 1.6
0.0002202 2.08 1.6
0.0002203 2.08 1.4
0.0002204 2.08 1.4
0.0002205 2.08 1.4
0.0002206 2.16 1.2
0.0002207 2.08 1.2
0.0002208 2.16 1
0.0002209 2.16 1.2
0.000221 2.16 1
0.0002211 2.16 1
0.0002212 2.08 1
0.0002213 2.16 1
0.0002214 2 0.8
0.0002215 2.08 0.8
0.0002216 2 0.8
0.0002217 2 0.4
0.0002218 2 0.6
0.0002219 2 0.6
0.000222 2 0.4
0.0002221 2 0.4
0.0002222 2 0.2
0.0002223 2 0.2
0.0002224 2 0.2
0.0002225 2.08 0.2
0.0002226 2 0
0.0002227 2 0
0.0002228 2 0
0.0002229 2 0
0.000223 2 0
0.0002231 1.92 0
0.0002232 2 -0.4
0.0002233 2 -0.6
0.0002234 1.92 -0.4
0.0002235 2 -0.6
0.0002236 1.92 -0.6
0.0002237 1.92 -0.8
0.0002238 1.92 -0.8
0.0002239 1.92 -0.8
0.000224 1.92 -1
0.0002241 1.92 -1
0.0002242 1.92 -1
0.0002243 1.84 -1.2
0.0002244 1.84 -1
0.0002245 1.84 -1.2
0.0002246 1.84 -1.4
0.0002247 1.84 -1.4
0.0002248 1.84 -1.4
0.0002249 1.84 -1.6
0.000225 1.84 -1.6
0.0002251 1.76 -1.6
0.0002252 1.84 -1.6
0.0002253 1.76 -1.8
0.0002254 1.84 -1.8
0.0002255 1.68 -1.8
0.0002256 1.68 -1.8
0.0002257 1.68 -2
0.0002258 1.68 -2
0.0002259 1.68 -2
0.000226 1.68 -2.2
0.0002261 1.68 -2.2
0.0002262 1.68 -2.4
0.0002263 1.6 -2.4
0.0002264 1.52 -2.4
0.0002265 1.6 -2.6
0.0002266 1.6 -2.4
0.0002267 1.6 -2.6
0.0002268 1.52 -2.6
0.0002269 1.52 -2.6
0.000227 1.52 -2.6
0.0002271 1.52 -3
0.0002272 1.52 -2.8
0.0002273 1.44 -3
0.0002274 1.52 -3
0.0002275 1.52 -3
0.0002276 1.36 -3.2
0.0002277 1.36 -3.2
0.0002278 1.44 -3.2
0.0002279 1.36 -3.2
0.000228 1.36 -3.2
0.0002281 1.28 -3.4
0.0002282 1.28 -3.4
0.0002283 1.36 -3.4
0.0002284 1.28 -3.4
0.0002285 1.28 -3.8
0.0002286 1.28 -3.6
0.0002287 1.2 -3.8
0.0002288 1.2 -3.6
0.0002289 1.2 -3.8
0.000229 1.2 -3.8
0.0002291 1.2 -3.8
0.0002292 1.2 -4
0.0002293 1.12 -3.8
0.0002294 1.04 -4
0.0002295 1.12 -4
0.0002296 1.04 -4.2
0.0002297 0.96 -4.2
0.0002298 1.04 -4.2
0.0002299 1.04 -4.4
0.00023 0.96 -4.2
0.0002301 0.88 -4.4
0.0002302 0.96 -4.4
0.0002303 0.88 -4.6
0.0002304 0.88 -4.4
0.0002305 0.88 -4.6
0.0002306 0.88 -4.6
0.0002307 0.88 -4.6
0.0002308 0.88 -4.6
0.0002309 0.8 -4.6
0.000231 0.88 -4.8
0.0002311 0.72 -4.8
0.0002312 0.72 -5
0.0002313 0.72 -4.8
0.0002314 0.64 -4.8
0.0002315 0.64 -5
0.0002316 0.64 -5
0.0002317 0.64 -5
0.0002318 0.64 -5
0.0002319 0.56 -5.2
0.000232 0.56 -5
0.0002321 0.56 -5.4
0.0002322 0.56 -5.2
0.0002323 0.48 -5.2
0.0002324 0.48 -5.4
0.0002325 0.4 -5.4
0.0002326 0.4 -5.4
0.0002327 0.4 -5.4
0.0002328 0.32 -5.4
0.0002329 0.32 -5.6
0.000233 0.4 -5.6
0.0002331 0.32 -5.4
0.0002332 0.32 -5.6
0.0002333 0.24 -5.6
0.0002334 0.24 -5.6
0.0002335 0.24 -5.6
0.0002336 0.24 -5.6
0.0002337 0.24 -5.6
0.0002338 0.24 -5.6
0.0002339 0.08 -5.8
0.000234 0.08 -5.8
0.0002341 0.08 -5.8
0.0002342 0 -5.8
0.0002343 0 -5.8
0.0002344 0 -5.8
0.0002345 0 -5.8
0.0002346 -0.16 -6.2
0.0002347 0 -6
0.0002348 -0.16 -6
0.0002349 -0.16 -6.2
0.000235 -0.16 -6.2
0.0002351 -0.24 -6.2
0.0002352 -0.32 -6
0.0002353 -0.32 -6.2
0.0002354 -0.32 -6
0.0002355 -0.32 -6.2
0.0002356 -0.32 -6
0.0002357 -0.4 -6.2
0.0002358 -0.4 -6
0.0002359 -0.4 -6.2
0.000236 -0.4 -6.2
0.0002361 -0.48 -6.2
0.0002362 -0.48 -6.2
0.0002363 -0.48 -6.2
0.0002364 -0.48 -6.2
0.0002365 -0.48 -6.4
0.0002366 -0.56 -6.4
0.0002367 -0.56 -6.4
0.0002368 -0.64 -6.4
0.0002369 -0.64 -6.2
0.000237 -0.72 -6.2
0.0002371 -0.72 -6.4
0.0002372 -0.64 -6.2
0.0002373 -0.8 -6.4
0.0002374 -0.72 -6.2
0.0002375 -0.72 -6.2
0.0002376 -0.8 -6.4
0.0002377 -0.8 -6.4
0.0002378 -0.8 -6.4
0.0002379 -0.8 -6.2
0.000238 -0.88 -6.4
0.0002381 -0.8 -6.4
0.0002382 -0.88 -6.4
0.0002383 -0.96 -6.4
0.0002384 -1.04 -6.2
0.0002385 -1.04 -6.4
0.0002386 -1.04 -6.4
0.0002387 -1.04 -6.4
0.0002388 -1.12 -6.2
0.0002389 -1.12 -6.4
0.000239 -1.12 -6.2
0.0002391 -1.12 -6.2
0.0002392 -1.12 -6.2
0.0002393 -1.12 -6.2
0.0002394 -1.2 -6.4
0.0002395 -1.2 -6.2
0.0002396 -1.12 -6.2
0.0002397 -1.28 -6.2
0.0002398 -1.2 -6.2
0.0002399 -1.28 -6.2
0.00024 -1.28 -6.4
0.0002401 -1.36 -6.2
0.0002402 -1.36 -6.2
0.0002403 -1.36 -6.2
0.0002404 -1.36 -6
0.0002405 -1.36 -6.2
0.0002406 -1.44 -6.2
0.0002407 -1.44 -6
0.0002408 -1.44 -6.2
0.0002409 -1.44 -6
0.000241 -1.44 -6
0.0002411 -1.44 -6
0.0002412 -1.52 -6
0.0002413 -1.44 -5.8
0.0002414 -1.6 -5.8
0.0002415 -1.6 -6
0.0002416 -1.6 -6
0.0002417 -1.6 -5.8
0.0002418 -1.6 -5.6
0.0002419 -1.6 -5.8
0.000242 -1.6 -5.6
0.0002421 -1.68 -5.8
0.0002422 -1.68 -5.8
0.0002423 -1.68 -5.8
0.0002424 -1.68 -5.6
0.0002425 -1.68 -5.6
0.0002426 -1.68 -5.6
0.0002427 -1.76 -5.6
0.0002428 -1.76 -5.8
0.0002429 -1.76 -5.4
0.000243 -1.76 -5.6
0.0002431 -1.76 -5.6
0.0002432 -1.76 -5.6
0.0002433 -1.84 -5.4
0.0002434 -1.92 -5.4
0.0002435 -1.84 -5.4
0.0002436 -1.92 -5
0.0002437 -1.92 -5.4
0.0002438 -1.92 -5.2
0.0002439 -1.92 -5.4
0.000244 -1.92 -5.2
0.0002441 -1.92 -5
0.0002442 -1.92 -5
0.0002443 -2 -5
0.0002444 -2 -5
0.0002445 -2 -4.8
0.0002446 -1.92 -5
0.0002447 -2 -4.8
0.0002448 -2 -4.8
0.0002449 -2 -4.8
0.000245 -2 -4.8
0.0002451 -2 -4.6
0.0002452 -2.08 -4.6
0.0002453 -2.08 -4.6
0.0002454 -2.08 -4.4
0.0002455 -2.08 -4.6
0.0002456 -2.08 -4.4
0.0002457 -2.08 -4.4
0.0002458 -2.08 -4.4
0.0002459 -2.08 -4.4
0.000246 -2.16 -4.2
0.0002461 -2.08 -4.2
0.0002462 -2.08 -4.2
0.0002463 -2.16 -4
0.0002464 -2.16 -4.2
0.0002465 -2.24 -4.2
0.0002466 -2.16 -4
0.0002467 -2.24 -4
0.0002468 -2.24 -3.8
0.0002469 -2.24 -4
0.000247 -2.24 -3.6
0.0002471 -2.24 -3.8
0.0002472 -2.24 -3.8
0.0002473 -2.24 -3.6
0.0002474 -2.24 -3.6
0.0002475 -2.24 -3.6
0.0002476 -2.24 -3.4
0.0002477 -2.24 -3.4
0.0002478 -2.24 -3.4
0.0002479 -2.24 -3.4
0.000248 -2.24 -3.4
0.0002481 -2.24 -3.2
0.0002482 -2.24 -3.4
0.0002483 -2.24 -3
0.0002484 -2.32 -3.2
0.0002485 -2.24 -3
0.0002486 -2.24 -2.8
0.0002487 -2.24 -2.8
0.0002488 -2.24 -2.8
0.0002489 -2.24 -2.6
0.000249 -2.24 -2.6
0.0002491 -2.24 -2.6
0.0002492 -2.32 -2.4
0.0002493 -2.24 -2.6
0.0002494 -2.24 -2.4
0.0002495 -2.32 -2.4
0.0002496 -2.24 -2.4
0.0002497 -2.32 -2.2
0.0002498 -2.32 -2.4
0.0002499 -2.24 -2.2
0.00025 -2.24 -2.2
0.0002501 -2.24 -2
0.0002502 -2.24 -2
0.0002503 -2.24 -2
0.0002504 -2.24 -1.8
0.0002505 -2.24 -1.8
0.0002506 -2.24 -1.8
0.0002507 -2.24 -1.8
0.0002508 -2.24 -1.6
0.0002509 -2.24 -1.6
0.000251 -2.24 -1.6
0.0002511 -2.24 -1.4
0.0002512 -2.24 -1.6
0.0002513 -2.24 -1.2
0.0002514 -2.24 -1.2
0.0002515 -2.24 -1.2
0.0002516 -2.24 -1.4
0.0002517 -2.24 -1.2
0.0002518 -2.24 -1
0.0002519 -2.24 -1
0.000252 -2.16 -0.8
0.0002521 -2.08 -1
0.0002522 -2.16 -0.8
0.0002523 -2.08 -0.8
0.0002524 -2.16 -0.6
0.0002525 -2.08 -0.6
0.0002526 -2.08 -0.6
0.0002527 -2.08 -0.6
0.0002528 -2.16 -0.4
0.0002529 -2.08 -0.4
0.000253 -2.08 -0.4
0.0002531 -2.08 0
0.0002532 -2.08 0
0.0002533 -2.08 0.2
0.0002534 -2.08 0
0.0002535 -2.08 0
0.0002536 -2 0.4
0.0002537 -2 0.2
0.0002538 -2.08 0.4
0.0002539 -2 0.4
0.000254 -2 0.4
0.0002541 -2 0.6
0.0002542 -2 0.6
0.0002543 -2 0.8
0.0002544 -2 0.8
0.0002545 -1.92 0.8
0.0002546 -1.92 0.8
0.0002547 -1.92 0.8
0.0002548 -1.92 1
0.0002549 -1.92 1
0.000255 -1.92 1
0.0002551 -1.92 1.2
0.0002552 -1.76 1
0.0002553 -1.84 1.4
0.0002554 -1.84 1.4
0.0002555 -1.76 1.2
0.0002556 -1.76 1.4
0.0002557 -1.76 1.4
0.0002558 -1.76 1.6
0.0002559 -1.76 1.6
0.000256 -1.76 1.6
0.0002561 -1.76 1.6
0.0002562 -1.76 1.6
0.0002563 -1.76 2
0.0002564 -1.68 1.8
0.0002565 -1.68 2
0.0002566 -1.6 2
0.0002567 -1.6 2.2
0.0002568 -1.6 2
0.0002569 -1.6 2.4
0.000257 -1.6 2.4
0.0002571 -1.6 2.4
0.0002572 -1.52 2.4
0.0002573 -1.52 2.4
0.0002574 -1.52 2.6
0.0002575 -1.44 2.4
0.0002576 -1.52 2.6
0.0002577 -1.44 2.6
0.0002578 -1.44 2.6
0.0002579 -1.44 2.6
0.000258 -1.36 2.6
0.0002581 -1.36 2.8
0.0002582 -1.36 2.8
0.0002583 -1.36 3.2
0.0002584 -1.36 3
0.0002585 -1.28 3
0.0002586 -1.28 3.2
0.0002587 -1.28 3.2
0.0002588 -1.28 3.2
0.0002589 -1.28 3.2
0.000259 -1.2 3.2
0.0002591 -1.12 3.2
0.0002592 -1.12 3.4
0.0002593 -1.12 3.4
0.0002594 -1.12 3.4
0.0002595 -1.12 3.4
0.0002596 -1.12 3.4
0.0002597 -1.12 3.6
0.0002598 -1.04 3.6
0.0002599 -1.04 3.8
0.00026 -1.04 3.6
0.0002601 -1.04 4
0.0002602 -0.96 3.8
0.0002603 -0.96 4
0.0002604 -0.96 4
0.0002605 -0.96 4
0.0002606 -0.96 4
0.0002607 -0.88 3.8
0.0002608 -0.8 4.2
0.0002609 -0.8 4
0.000261 -0.8 4.2
0.0002611 -0.8 4.2
0.0002612 -0.8 4.2
0.0002613 -0.72 4.2
0.0002614 -0.72 4.2
0.0002615 -0.72 4.4
0.0002616 -0.72 4.4
0.0002617 -0.64 4.6
0.0002618 -0.64 4.6
0.0002619 -0.64 4.6
0.000262 -0.56 4.6
0.0002621 -0.48 4.6
0.0002622 -0.48 4.6
0.0002623 -0.48 4.6
0.0002624 -0.48 4.6
0.0002625 -0.48 4.6
0.0002626 -0.48 4.8
0.0002627 -0.48 4.8
0.0002628 -0.4 4.8
0.0002629 -0.4 4.8
0.000263 -0.4 5
0.0002631 -0.32 5
0.0002632 -0.32 4.8
0.0002633 -0.32 5
0.0002634 -0.32 5
0.0002635 -0.24 5
0.0002636 -0.16 5
0.0002637 -0.16 5.2
0.0002638 -0.16 5
0.0002639 -0.16 5.2
0.000264 -0.16 5.2
0.0002641 -0.16 5.2
0.0002642 0 5.2
0.0002643 0 5.2
0.0002644 0 5.2
0.0002645 0.08 5.2
0.0002646 0.08 5.2
0.0002647 0.16 5.2
0.0002648 0.08 5.4
0.0002649 0.24 5.4
0.000265 0.24 5.2
0.0002651 0.24 5.4
0.0002652 0.24 5.4
0.0002653 0.24 5.6
0.0002654 0.32 5.4
0.0002655 0.32 5.4
0.0002656 0.24 5.4
0.0002657 0.32 5.2
0.0002658 0.4 5.6
0.0002659 0.32 5.4
0.000266 0.4 5.4
0.0002661 0.4 5.6
0.0002662 0.4 5.6
0.0002663 0.48 5.4
0.0002664 0.56 5.6
0.0002665 0.48 5.6
0.0002666 0.56 5.6
0.0002667 0.56 5.6
0.0002668 0.56 5.4
0.0002669 0.64 5.6
0.000267 0.64 5.6
0.0002671 0.64 5.6
0.0002672 0.64 5.6
0.0002673 0.72 5.4
0.0002674 0.72 5.6
0.0002675 0.8 5.6
0.0002676 0.72 5.6
0.0002677 0.88 5.6
0.0002678 0.88 5.6
0.0002679 0.88 5.4
0.000268 0.88 5.6
0.0002681 0.88 5.6
0.0002682 0.88 5.6
0.0002683 0.88 5.6
0.0002684 0.96 5.4
0.0002685 0.96 5.6
0.0002686 0.96 5.6
0.0002687 1.04 5.6
0.0002688 0.96 5.6
0.0002689 1.04 5.6
0.000269 1.04 5.6
0.0002691 1.04 5.2
0.0002692 1.04 5.6
0.0002693 1.12 5.2
0.0002694 1.2 5.4
0.0002695 1.2 5.4
0.0002696 1.2 5.4
0.0002697 1.2 5.4
0.0002698 1.2 5.4
0.0002699 1.2 5.4
0.00027 1.2 5.2
0.0002701 1.2 5.4
0.0002702 1.2 5.2
0.0002703 1.28 5.4
0.0002704 1.36 5.2
0.0002705 1.28 5.2
0.0002706 1.36 5.2
0.0002707 1.28 5
0.0002708 1.36 5.2
0.0002709 1.44 5
0.000271 1.44 5.2
0.0002711 1.44 4.8
0.0002712 1.52 5
0.0002713 1.44 5
0.0002714 1.52 5
0.0002715 1.52 5
0.0002716 1.52 5
0.0002717 1.52 5
0.0002718 1.52 4.8
0.0002719 1.52 5
0.000272 1.52 4.8
0.0002721 1.6 4.8
0.0002722 1.6 4.8
0.0002723 1.6 4.8
0.0002724 1.6 4.8
0.0002725 1.6 4.6
0.0002726 1.68 4.4
0.0002727 1.68 4.6
0.0002728 1.68 4.6
0.0002729 1.68 4.4
0.000273 1.68 4.4
0.0002731 1.68 4.4
0.0002732 1.68 4.4
0.0002733 1.76 4.2
0.0002734 1.76 4.2
0.0002735 1.76 4.2
0.0002736 1.76 4.2
0.0002737 1.84 4.2
0.0002738 1.84 4.2
0.0002739 1.84 4
0.000274 1.84 4.2
0.0002741 1.84 4
0.0002742 1.84 4
0.0002743 1.84 4
0.0002744 1.92 4
0.0002745 1.92 4
0.0002746 1.92 4
0.0002747 1.92 3.8
0.0002748 1.92 3.8
0.0002749 1.84 3.6
0.000275 1.92 3.6
0.0002751 1.92 3.6
0.0002752 1.92 3.6
0.0002753 2 3.6
0.0002754 1.92 3.4
0.0002755 2 3.4
0.0002756 2 3.4
0.0002757 2 3.2
0.0002758 2 3.2
0.0002759 2 3.2
0.000276 2 3.2
0.0002761 2 3.2
0.0002762 2 3.2
0.0002763 2 3
0.0002764 2 3
0.0002765 2 3
0.0002766 2 2.8
0.0002767 2 3
0.0002768 2.08 2.6
0.0002769 2 2.8
0.000277 2 2.6
0.0002771 2 2.8
0.0002772 2.16 2.6
0.0002773 2.08 2.4
0.0002774 2.16 2.4
0.0002775 2.16 2.4
0.0002776 2.08 2.4
0.0002777 2.16 2.2
0.0002778 2.16 2.4
0.0002779 2.08 2
0.000278 2.08 2.2
0.0002781 2.08 2
0.0002782 2.16 2
0.0002783 2.16 2
0.0002784 2.16 1.8
0.0002785 2.16 1.8
0.0002786 2.08 1.6
0.0002787 2.08 1.8
0.0002788 2.16 1.6
0.0002789 2.16 1.6
0.000279 2.08 1.6
0.0002791 2.08 1.6
0.0002792 2.16 1.4
0.0002793 2.08 1.4
0.0002794 2.08 1.2
0.0002795 2.08 1.2
0.0002796 2.08 1.4
0.0002797 2.08 1.2
0.0002798 2.08 1
0.0002799 2.16 1
0.00028 2 1
0.0002801 2.08 1
0.0002802 2 0.8
0.0002803 2 0.8
0.0002804 2 0.6
0.0002805 2 0.8
0.0002806 2.08 0.6
0.0002807 2 0.4
0.0002808 2 0.4
0.0002809 2 0.2
0.000281 2 0.4
0.0002811 2 0.2
0.0002812 2 0.2
0.0002813 2 0
0.0002814 2 0.2
0.0002815 2 0
0.0002816 2 0
0.0002817 2 0
0.0002818 2 -0.4
0.0002819 1.92 0
0.000282 1.92 -0.6
0.0002821 2 -0.4
0.0002822 2 -0.6
0.0002823 2 -0.6
0.0002824 1.92 -0.8
0.0002825 1.92 -0.6
0.0002826 1.92 -0.8
0.0002827 1.92 -1
0.0002828 1.92 -0.8
0.0002829 1.84 -1
0.000283 1.92 -1
0.0002831 1.84 -1
0.0002832 1.84 -1
0.0002833 1.84 -1.4
0.0002834 1.84 -1.4
0.0002835 1.84 -1.2
0.0002836 1.84 -1.4
0.0002837 1.84 -1.4
0.0002838 1.84 -1.6
0.0002839 1.84 -1.6
0.000284 1.76 -1.6
0.0002841 1.76 -1.8
0.0002842 1.68 -1.8
0.0002843 1.68 -1.6
0.0002844 1.68 -1.8
0.0002845 1.68 -2
0.0002846 1.68 -2
0.0002847 1.68 -2.2
0.0002848 1.6 -2.2
0.0002849 1.6 -2.2
0.000285 1.6 -2.2
0.0002851 1.6 -2.4
0.0002852 1.6 -2.4
0.0002853 1.6 -2.4
0.0002854 1.6 -2.6
0.0002855 1.6 -2.6
0.0002856 1.52 -2.6
0.0002857 1.52 -2.6
0.0002858 1.52 -2.8
0.0002859 1.52 -2.8
0.000286 1.52 -3
0.0002861 1.44 -3
0.0002862 1.52 -2.8
0.0002863 1.52 -3
0.0002864 1.52 -3
0.0002865 1.36 -3.2
0.0002866 1.36 -3.2
0.0002867 1.36 -3.2
0.0002868 1.36 -3.4
0.0002869 1.28 -3.2
0.000287 1.28 -3.4
0.0002871 1.28 -3.4
0.0002872 1.28 -3.4
0.0002873 1.28 -3.4
0.0002874 1.2 -3.6
0.0002875 1.2 -3.6
0.0002876 1.2 -3.8
0.0002877 1.2 -3.8
0.0002878 1.2 -3.8
0.0002879 1.2 -3.8
0.000288 1.2 -3.8
0.0002881 1.2 -4
0.0002882 1.04 -4
0.0002883 1.04 -4
0.0002884 1.04 -4.2
0.0002885 1.04 -4.2
0.0002886 1.04 -4.2
0.0002887 1.04 -4.2
0.0002888 0.96 -4.4
0.0002889 0.96 -4.2
0.000289 0.96 -4.4
0.0002891 0.88 -4.6
0.0002892 0.88 -4.6
0.0002893 0.88 -4.6
0.0002894 0.88 -4.4
0.0002895 0.88 -4.6
0.0002896 0.88 -4.6
0.0002897 0.72 -4.6
0.0002898 0.72 -4.8
0.0002899 0.72 -4.8
0.00029 0.72 -4.8
0.0002901 0.72 -4.8
0.0002902 0.72 -5
0.0002903 0.64 -5
0.0002904 0.64 -5
0.0002905 0.64 -5
0.0002906 0.56 -5
0.0002907 0.56 -5
0.0002908 0.56 -5.4
0.0002909 0.48 -5.2
0.000291 0.48 -5.2
0.0002911 0.56 -5.2
0.0002912 0.48 -5.4
0.0002913 0.4 -5.4
0.0002914 0.4 -5.4
0.0002915 0.4 -5.4
0.0002916 0.32 -5.2
0.0002917 0.32 -5.4
0.0002918 0.32 -5.6
0.0002919 0.32 -5.6
0.000292 0.24 -5.6
0.0002921 0.24 -5.6
0.0002922 0.24 -5.6
0.0002923 0.24 -5.8
0.0002924 0.24 -5.8
0.0002925 0.24 -5.6
0.0002926 0.24 -5.6
0.0002927 0.08 -5.8
0.0002928 0.08 -5.6
0.0002929 0.08 -5.8
0.000293 0.08 -5.8
0.0002931 0.08 -5.8
0.0002932 0 -5.8
0.0002933 0 -6
0.0002934 0 -5.8
0.0002935 0 -6
0.0002936 -0.16 -6
0.0002937 -0.16 -6.2
0.0002938 -0.16 -6.2
0.0002939 -0.16 -6.2
0.000294 -0.16 -6.2
0.0002941 -0.16 -5.8
0.0002942 -0.32 -6.2
0.0002943 -0.32 -6.2
0.0002944 -0.32 -6
0.0002945 -0.32 -6.2
0.0002946 -0.32 -6.2
0.0002947 -0.4 -6.4
0.0002948 -0.48 -6.2
0.0002949 -0.48 -6.2
0.000295 -0.48 -6.2
0.0002951 -0.48 -6.4
0.0002952 -0.48 -6.2
0.0002953 -0.48 -6.4
0.0002954 -0.64 -6.4
0.0002955 -0.64 -6.2
0.0002956 -0.64 -6.4
0.0002957 -0.64 -6.2
0.0002958 -0.64 -6.4
0.0002959 -0.64 -6.2
0.000296 -0.8 -6.4
0.0002961 -0.72 -6.2
0.0002962 -0.8 -6.2
0.0002963 -0.8 -6.4
0.0002964 -0.8 -6.4
0.0002965 -0.8 -6.4
0.0002966 -0.8 -6.2
0.0002967 -0.88 -6.4
0.0002968 -0.8 -6.4
0.0002969 -0.88 -6.4
0.000297 -0.96 -6.4
0.0002971 -0.96 -6.4
0.0002972 -0.96 -6.4
0.0002973 -0.96 -6.2
0.0002974 -1.12 -6.4
0.0002975 -1.04 -6.2
0.0002976 -1.04 -6.4
0.0002977 -1.04 -6.2
0.0002978 -1.12 -6.2
0.0002979 -1.12 -6.2
0.000298 -1.12 -6.2
0.0002981 -1.12 -6.2
0.0002982 -1.12 -6.2
0.0002983 -1.12 -6.4
0.0002984 -1.2 -6.4
0.0002985 -1.2 -6.2
0.0002986 -1.28 -6.4
0.0002987 -1.28 -6.2
0.0002988 -1.28 -6.2
0.0002989 -1.36 -6.2
0.000299 -1.36 -6.2
0.0002991 -1.36 -6
0.0002992 -1.36 -6.2
0.0002993 -1.36 -6.2
0.0002994 -1.36 -6.2
0.0002995 -1.36 -5.8
0.0002996 -1.44 -6
0.0002997 -1.44 -6.2
0.0002998 -1.44 -6
0.0002999 -1.44 -6
0.0003 -1.44 -5.8
0.0003001 -1.44 -6
0.0003002 -1.52 -6
0.0003003 -1.52 -5.8
0.0003004 -1.6 -5.8
0.0003005 -1.6 -5.8
0.0003006 -1.6 -6
0.0003007 -1.68 -5.6
0.0003008 -1.6 -5.8
0.0003009 -1.68 -5.6
0.000301 -1.68 -5.8
0.0003011 -1.68 -5.6
0.0003012 -1.68 -5.6
0.0003013 -1.76 -5.6
0.0003014 -1.76 -5.6
0.0003015 -1.76 -5.8
0.0003016 -1.76 -5.6
0.0003017 -1.76 -5.6
0.0003018 -1.76 -5.6
0.0003019 -1.76 -5.4
0.000302 -1.76 -5.4
0.0003021 -1.76 -5.4
0.0003022 -1.84 -5.6
0.0003023 -1.84 -5.4
0.0003024 -1.84 -5.4
0.0003025 -1.92 -5
0.0003026 -1.84 -5.2
0.0003027 -1.92 -5
0.0003028 -1.92 -5.2
0.0003029 -1.92 -5
0.000303 -1.92 -5
0.0003031 -1.92 -5
0.0003032 -2 -5
0.0003033 -2 -5
0.0003034 -2 -4.8
0.0003035 -2 -4.8
0.0003036 -2 -5
0.0003037 -2 -4.8
0.0003038 -2.08 -4.8
0.0003039 -2 -4.8
0.000304 -2 -4.6
0.0003041 -2.08 -4.6
0.0003042 -2.08 -4.6
0.0003043 -2.08 -4.6
0.0003044 -2.08 -4.4
0.0003045 -2.08 -4.4
0.0003046 -2.08 -4.4
0.0003047 -2.08 -4.4
0.0003048 -2.08 -4.2
0.0003049 -2.16 -4.4
0.000305 -2.16 -4.2
0.0003051 -2.08 -4.2
0.0003052 -2.08 -4.2
0.0003053 -2.24 -4
0.0003054 -2.16 -4
0.0003055 -2.16 -4
0.0003056 -2.16 -4
0.0003057 -2.24 -3.6
0.0003058 -2.16 -3.8
0.0003059 -2.24 -3.8
0.000306 -2.16 -3.8
0.0003061 -2.24 -3.6
0.0003062 -2.24 -3.6
0.0003063 -2.24 -3.4
0.0003064 -2.24 -3.4
0.0003065 -2.24 -3.6
0.0003066 -2.24 -3.4
0.0003067 -2.24 -3.4
0.0003068 -2.24 -3.4
0.0003069 -2.24 -3.2
0.000307 -2.24 -3.2
0.0003071 -2.32 -3.4
0.0003072 -2.24 -3
0.0003073 -2.24 -3
0.0003074 -2.32 -3
0.0003075 -2.24 -2.8
0.0003076 -2.24 -3
0.0003077 -2.24 -2.8
0.0003078 -2.24 -2.6
0.0003079 -2.24 -2.6
0.000308 -2.24 -2.6
0.0003081 -2.24 -2.6
0.0003082 -2.24 -2.6
0.0003083 -2.24 -2.4
0.0003084 -2.24 -2.4
0.0003085 -2.24 -2.4
0.0003086 -2.24 -2.4
0.0003087 -2.24 -2.4
0.0003088 -2.24 -2.2
0.0003089 -2.24 -2.2
0.000309 -2.24 -2.2
0.0003091 -2.24 -2
0.0003092 -2.24 -2
0.0003093 -2.24 -1.8
0.0003094 -2.32 -1.8
0.0003095 -2.24 -1.6
0.0003096 -2.24 -1.6
0.0003097 -2.24 -1.6
0.0003098 -2.24 -1.6
0.0003099 -2.24 -1.6
0.00031 -2.24 -1.4
0.0003101 -2.24 -1.4
0.0003102 -2.24 -1.2
0.0003103 -2.16 -1.2
0.0003104 -2.16 -1
0.0003105 -2.24 -1
0.0003106 -2.24 -1.2
0.0003107 -2.24 -1
0.0003108 -2.16 -1
0.0003109 -2.16 -0.8
0.000311 -2.16 -0.8
0.0003111 -2.16 -0.8
0.0003112 -2.16 -0.8
0.0003113 -2.08 -0.8
0.0003114 -2.08 -0.6
0.0003115 -2.16 -0.6
0.0003116 -2.08 -0.4
0.0003117 -2.08 -0.4
0.0003118 -2.08 0
0.0003119 -2.08 -0.4
0.000312 -2.08 0
0.0003121 -2.08 0
0.0003122 -2.08 0
0.0003123 -2.08 0.2
0.0003124 -2.08 0.2
0.0003125 -2.08 0.2
0.0003126 -2 0.2
0.0003127 -2 0.4
0.0003128 -2 0.4
0.0003129 -2 0.6
0.000313 -2 0.8
0.0003131 -2 0.6
0.0003132 -2 0.8
0.0003133 -1.92 0.8
0.0003134 -1.92 0.8
0.0003135 -1.92 0.8
0.0003136 -1.92 1
0.0003137 -1.92 1
0.0003138 -1.92 1.2
0.0003139 -1.92 1
0.000314 -1.84 1.2
0.0003141 -1.76 1.2
0.0003142 -1.76 1.2
0.0003143 -1.84 1.6
0.0003144 -1.76 1.6
0.0003145 -1.76 1.6
0.0003146 -1.76 1.6
0.0003147 -1.76 1.6
0.0003148 -1.76 1.6
0.0003149 -1.76 1.8
0.000315 -1.68 1.8
0.0003151 -1.68 1.8
0.0003152 -1.68 2
0.0003153 -1.68 2
0.0003154 -1.68 2.2
0.0003155 -1.6 2
0.0003156 -1.6 2.2
0.0003157 -1.6 2.2
0.0003158 -1.6 2.4
0.0003159 -1.6 2.4
0.000316 -1.6 2.4
0.0003161 -1.44 2.4
0.0003162 -1.44 2.4
0.0003163 -1.52 2.6
0.0003164 -1.44 2.6
0.0003165 -1.44 2.6
0.0003166 -1.44 2.6
0.0003167 -1.44 2.6
0.0003168 -1.44 2.8
0.0003169 -1.44 2.6
0.000317 -1.36 3
0.0003171 -1.36 2.8
0.0003172 -1.36 3
0.0003173 -1.36 3.2
0.0003174 -1.28 3.2
0.0003175 -1.36 3.2
0.0003176 -1.28 3.2
0.0003177 -1.28 3.2
0.0003178 -1.28 3.2
0.0003179 -1.2 3.4
0.000318 -1.12 3.4
0.0003181 -1.12 3.2
0.0003182 -1.12 3.4
0.0003183 -1.12 3.4
0.0003184 -1.12 3.6
0.0003185 -1.12 3.6
0.0003186 -1.12 3.6
0.0003187 -1.04 3.6
0.0003188 -1.04 3.8
0.0003189 -1.04 3.8
0.000319 -1.04 4
0.0003191 -0.96 3.8
0.0003192 -0.96 3.8
0.0003193 -0.88 4
0.0003194 -0.96 3.8
0.0003195 -0.88 4.2
0.0003196 -0.88 4
0.0003197 -0.8 4.2
0.0003198 -0.8 4
0.0003199 -0.8 4.2
0.00032 -0.8 4.2
0.0003201 -0.8 4.2
0.0003202 -0.72 4.4
0.0003203 -0.72 4.4
0.0003204 -0.64 4.6
0.0003205 -0.64 4.4
0.0003206 -0.64 4.4
0.0003207 -0.64 4.6
0.0003208 -0.56 4.4
0.0003209 -0.56 4.6
0.000321 -0.48 4.6
0.0003211 -0.48 4.6
0.0003212 -0.48 4.6
0.0003213 -0.48 4.6
0.0003214 -0.4 4.8
0.0003215 -0.4 4.8
0.0003216 -0.4 4.8
0.0003217 -0.4 4.8
0.0003218 -0.32 4.8
0.0003219 -0.4 4.8
0.000322 -0.32 5
0.0003221 -0.32 4.8
0.0003222 -0.32 5
0.0003223 -0.24 5
0.0003224 -0.16 5
0.0003225 -0.16 5
0.0003226 -0.16 5.2
0.0003227 -0.16 5
0.0003228 -0.16 5
0.0003229 0 5.2
0.000323 0.08 5.2
0.0003231 0 5.2
0.0003232 0.08 5.2
0.0003233 0 5.4
0.0003234 0.08 5.2
0.0003235 0.08 5.4
0.0003236 0.08 5.4
0.0003237 0.16 5.2
0.0003238 0.24 5.4
0.0003239 0.24 5.4
0.000324 0.24 5.4
0.0003241 0.24 5.4
0.0003242 0.24 5.4
0.0003243 0.32 5.4
0.0003244 0.24 5.2
0.0003245 0.32 5.4
0.0003246 0.32 5.4
0.0003247 0.4 5.6
0.0003248 0.4 5.4
0.0003249 0.4 5.4
0.000325 0.4 5.6
0.0003251 0.56 5.4
0.0003252 0.4 5.6
0.0003253 0.56 5.6
0.0003254 0.56 5.6
0.0003255 0.56 5.6
0.0003256 0.56 5.6
0.0003257 0.64 5.6
0.0003258 0.64 5.6
0.0003259 0.64 5.6
0.000326 0.64 5.6
0.0003261 0.72 5.6
0.0003262 0.72 5.6
0.0003263 0.72 5.6
0.0003264 0.72 5.4
0.0003265 0.72 5.6
0.0003266 0.72 5.6
0.0003267 0.88 5.6
0.0003268 0.88 5.6
0.0003269 0.88 5.4
0.000327 0.88 5.6
0.0003271 0.88 5.6
0.0003272 0.88 5.6
0.0003273 0.96 5.6
0.0003274 0.96 5.6
0.0003275 0.96 5.6
0.0003276 1.04 5.6
0.0003277 1.04 5.4
0.0003278 1.04 5.2
0.0003279 1.04 5.4
0.000328 1.04 5.4
0.0003281 1.12 5.4
0.0003282 1.2 5.4
0.0003283 1.2 5.6
0.0003284 1.2 5.4
0.0003285 1.2 5.2
0.0003286 1.2 5.4
0.0003287 1.2 5.4
0.0003288 1.28 5.4
0.0003289 1.28 5.2
0.000329 1.28 5.2
0.0003291 1.28 5.2
0.0003292 1.28 5.2
0.0003293 1.28 5.2
0.0003294 1.36 5
0.0003295 1.36 5
0.0003296 1.36 5.2
0.0003297 1.36 5
0.0003298 1.36 5
0.0003299 1.36 5.2
0.00033 1.52 5
0.0003301 1.52 5
0.0003302 1.52 5
0.0003303 1.52 5
0.0003304 1.52 4.8
0.0003305 1.52 5
0.0003306 1.52 5
0.0003307 1.52 4.8
0.0003308 1.6 5
0.0003309 1.52 4.8
0.000331 1.52 4.6
0.0003311 1.6 4.8
0.0003312 1.6 4.6
0.0003313 1.6 4.6
0.0003314 1.68 4.6
0.0003315 1.68 4.6
0.0003316 1.68 4.4
0.0003317 1.68 4.6
0.0003318 1.68 4.4
0.0003319 1.68 4.4
0.000332 1.68 4.4
0.0003321 1.76 4.4
0.0003322 1.76 4.2
0.0003323 1.76 4.2
0.0003324 1.76 4.2
0.0003325 1.84 4
0.0003326 1.76 4.2
0.0003327 1.84 4.2
0.0003328 1.84 4.2
0.0003329 1.84 4
0.000333 1.84 4
0.0003331 1.84 4
0.0003332 1.84 4
0.0003333 1.84 4
0.0003334 1.92 3.8
0.0003335 1.92 3.8
0.0003336 1.92 4
0.0003337 1.92 3.8
0.0003338 1.92 3.6
0.0003339 1.92 3.6
0.000334 1.92 3.6
0.0003341 1.92 3.4
0.0003342 2 3.6
0.0003343 2 3.4
0.0003344 2 3.2
0.0003345 2 3.4
0.0003346 2 3.2
0.0003347 2 3.2
0.0003348 2 3.2
0.0003349 2 3.4
0.000335 2 3.2
0.0003351 2 3
0.0003352 2 3
0.0003353 2.08 3
0.0003354 2.08 3
0.0003355 2 2.8
0.0003356 2 2.8
0.0003357 2 2.8
0.0003358 2.16 2.8
0.0003359 2.08 2.8
0.000336 2.08 2.4
0.0003361 2.08 2.4
0.0003362 2 2.4
0.0003363 2 2.4
0.0003364 2.16 2.4
0.0003365 2.08 2.4
0.0003366 2.16 2.2
0.0003367 2 2.2
0.0003368 2.16 2.2
0.0003369 2.16 2.2
0.000337 2.16 2
0.0003371 2.16 2
0.0003372 2.16 1.8
0.0003373 2.16 1.8
0.0003374 2.16 1.8
0.0003375 2.16 1.6
0.0003376 2.16 1.8
0.0003377 2.16 1.8
0.0003378 2 1.6
0.0003379 2.16 1.6
0.000338 2.08 1.4
0.0003381 2.16 1.6
0.0003382 2.16 1.4
0.0003383 2.16 1.4
0.0003384 2.16 1.2
0.0003385 2.16 1.2
0.0003386 2.16 1.2
0.0003387 2.08 1
0.0003388 2 1
0.0003389 2.08 1
0.000339 2 1
0.0003391 2.08 0.8
0.0003392 2.08 0.8
0.0003393 2.08 0.4
0.0003394 2 0.8
0.0003395 2 0.4
0.0003396 2 0.4
0.0003397 2 0.4
0.0003398 2.08 0.2
0.0003399 2 0.4
0.00034 2 0.2
0.0003401 2 0.2
0.0003402 2 0.2
0.0003403 2 0
0.0003404 2 0
0.0003405 2 0
0.0003406 2 0
0.0003407 1.92 -0.6
0.0003408 2 0
0.0003409 2 -0.4
0.000341 2 -0.6
0.0003411 2 -0.6
0.0003412 1.92 -0.4
0.0003413 1.92 -0.6
0.0003414 1.92 -0.8
0.0003415 1.92 -0.8
0.0003416 1.92 -1
0.0003417 1.92 -0.8
0.0003418 1.84 -1
0.0003419 1.84 -1
0.000342 1.84 -1.2
0.0003421 1.84 -1
0.0003422 1.84 -1.4
0.0003423 1.84 -1.4
0.0003424 1.84 -1.4
0.0003425 1.84 -1.6
0.0003426 1.84 -1.6
0.0003427 1.84 -1.6
0.0003428 1.76 -1.6
0.0003429 1.76 -1.8
0.000343 1.68 -1.6
0.0003431 1.76 -1.8
0.0003432 1.68 -1.8
0.0003433 1.68 -2
0.0003434 1.68 -2
0.0003435 1.68 -2
0.0003436 1.68 -2
0.0003437 1.68 -2.2
0.0003438 1.6 -2.4
0.0003439 1.6 -2.4
0.000344 1.6 -2.4
0.0003441 1.6 -2.6
0.0003442 1.6 -2.6
0.0003443 1.6 -2.6
0.0003444 1.52 -2.4
0.0003445 1.52 -2.6
0.0003446 1.52 -2.6
0.0003447 1.52 -2.6
0.0003448 1.52 -2.8
0.0003449 1.52 -2.8
0.000345 1.52 -3
0.0003451 1.52 -3
0.0003452 1.44 -3
0.0003453 1.36 -3
0.0003454 1.36 -3.2
0.0003455 1.36 -3.2
0.0003456 1.36 -3.2
0.0003457 1.28 -3.4
0.0003458 1.28 -3.4
0.0003459 1.28 -3.4
0.000346 1.28 -3.4
0.0003461 1.28 -3.4
0.0003462 1.2 -3.4
0.0003463 1.28 -3.8
0.0003464 1.2 -3.6
0.0003465 1.2 -3.6
0.0003466 1.2 -3.8
0.0003467 1.2 -3.8
0.0003468 1.2 -3.8
0.0003469 1.12 -3.8
0.000347 1.12 -4
0.0003471 1.04 -4
0.0003472 1.12 -4
0.0003473 1.04 -4.2
0.0003474 1.04 -4.2
0.0003475 0.96 -4.2
0.0003476 0.96 -4.4
0.0003477 0.96 -4.2
0.0003478 0.96 -4.2
0.0003479 0.88 -4.4
0.000348 0.96 -4.4
0.0003481 0.88 -4.2
0.0003482 0.88 -4.4
0.0003483 0.88 -4.6
0.0003484 0.88 -4.6
0.0003485 0.72 -4.6
0.0003486 0.8 -4.8
0.0003487 0.72 -4.6
0.0003488 0.72 -4.8
0.0003489 0.72 -4.8
0.000349 0.72 -5
0.0003491 0.64 -5
0.0003492 0.64 -5
0.0003493 0.56 -5
0.0003494 0.64 -5
0.0003495 0.56 -5.2
0.0003496 0.56 -5
0.0003497 0.56 -5.2
0.0003498 0.56 -5
0.0003499 0.56 -5.4
0.00035 0.48 -5.4
0.0003501 0.4 -5.4
0.0003502 0.4 -5.4
0.0003503 0.4 -5.4
0.0003504 0.4 -5.6
0.0003505 0.32 -5.4
0.0003506 0.4 -5.4
0.0003507 0.32 -5.6
0.0003508 0.24 -5.6
0.0003509 0.32 -5.6
0.000351 0.24 -5.6
0.0003511 0.24 -5.6
0.0003512 0.24 -5.4
0.0003513 0.24 -5.6
0.0003514 0.16 -5.6
0.0003515 0.16 -5.6
0.0003516 0.16 -5.8
0.0003517 0.08 -5.8
0.0003518 0.08 -5.8
0.0003519 0 -5.8
0.000352 0 -5.8
0.0003521 0 -5.8
0.0003522 0 -6
0.0003523 0 -6
0.0003524 -0.16 -6
0.0003525 -0.16 -6
0.0003526 -0.16 -6
0.0003527 -0.16 -6
0.0003528 -0.16 -6
0.0003529 -0.24 -6
0.000353 -0.32 -6
0.0003531 -0.32 -6
0.0003532 -0.32 -6
0.0003533 -0.32 -6
0.0003534 -0.4 -6.2
0.0003535 -0.4 -6.2
0.0003536 -0.4 -6.2
0.0003537 -0.48 -6
0.0003538 -0.48 -6.2
0.0003539 -0.48 -6.4
0.000354 -0.48 -6.2
0.0003541 -0.56 -6.4
0.0003542 -0.56 -6.2
0.0003543 -0.64 -6.2
0.0003544 -0.64 -6.2
0.0003545 -0.64 -6.4
0.0003546 -0.64 -6.2
0.0003547 -0.72 -6.4
0.0003548 -0.72 -6.2
0.0003549 -0.72 -6.4
0.000355 -0.8 -6.2
0.0003551 -0.72 -6.4
0.0003552 -0.8 -6.4
0.0003553 -0.8 -6.4
0.0003554 -0.8 -6.4
0.0003555 -0.8 -6.4
0.0003556 -0.88 -6.4
0.0003557 -0.8 -6.2
0.0003558 -0.96 -6.2
0.0003559 -0.96 -6.4
0.000356 -0.96 -6.4
0.0003561 -0.96 -6.2
0.0003562 -0.96 -6.2
0.0003563 -0.96 -6.4
0.0003564 -1.04 -6.4
0.0003565 -1.04 -6.2
0.0003566 -1.12 -6.2
0.0003567 -1.12 -6.4
0.0003568 -1.12 -6.4
0.0003569 -1.12 -6.2
0.000357 -1.12 -6.4
0.0003571 -1.12 -6.2
0.0003572 -1.2 -6.2
0.0003573 -1.2 -6.2
0.0003574 -1.2 -6.4
0.0003575 -1.28 -6.4
0.0003576 -1.36 -6.2
0.0003577 -1.28 -6.2
0.0003578 -1.28 -6.2
0.0003579 -1.36 -6.2
0.000358 -1.36 -6.2
0.0003581 -1.44 -6
0.0003582 -1.44 -6
0.0003583 -1.44 -6
0.0003584 -1.44 -6
0.0003585 -1.44 -6
0.0003586 -1.44 -6.2
0.0003587 -1.44 -6
0.0003588 -1.44 -6
0.0003589 -1.44 -6
0.000359 -1.52 -6
0.0003591 -1.6 -5.8
0.0003592 -1.6 -5.8
0.0003593 -1.6 -5.8
0.0003594 -1.6 -5.6
0.0003595 -1.6 -5.8
0.0003596 -1.6 -5.8
0.0003597 -1.68 -5.8
0.0003598 -1.68 -5.8
0.0003599 -1.68 -5.8
0.00036 -1.68 -5.8
0.0003601 -1.68 -5.8
0.0003602 -1.68 -5.6
0.0003603 -1.76 -5.6
0.0003604 -1.76 -5.6
0.0003605 -1.76 -5.6
0.0003606 -1.76 -5.6
0.0003607 -1.84 -5.4
0.0003608 -1.76 -5.6
0.0003609 -1.84 -5.4
0.000361 -1.76 -5.2
0.0003611 -1.84 -5.4
0.0003612 -1.84 -5.2
0.0003613 -1.92 -5.4
0.0003614 -1.84 -5.2
0.0003615 -1.92 -5
0.0003616 -1.92 -5
0.0003617 -1.92 -5
0.0003618 -1.92 -5
0.0003619 -2 -5
0.000362 -2 -5.2
0.0003621 -1.92 -5
0.0003622 -2 -5
0.0003623 -1.92 -4.8
0.0003624 -2 -5
0.0003625 -2 -4.8
0.0003626 -2.08 -4.8
0.0003627 -2.08 -4.8
0.0003628 -2 -4.6
0.0003629 -2.08 -4.6
0.000363 -2.08 -4.6
0.0003631 -2.08 -4.6
0.0003632 -2.08 -4.6
0.0003633 -2.08 -4.4
0.0003634 -2.08 -4.6
0.0003635 -2.08 -4.2
0.0003636 -2.08 -4.4
0.0003637 -2.08 -4.2
0.0003638 -2.16 -4.2
0.0003639 -2.24 -4.2
0.000364 -2.24 -4.2
0.0003641 -2.24 -4
0.0003642 -2.24 -4
0.0003643 -2.24 -4
0.0003644 -2.24 -3.8
0.0003645 -2.24 -4
0.0003646 -2.24 -3.8
0.0003647 -2.24 -3.8
0.0003648 -2.24 -3.8
0.0003649 -2.24 -3.8
0.000365 -2.16 -3.4
0.0003651 -2.24 -3.6
0.0003652 -2.24 -3.6
0.0003653 -2.24 -3.4
0.0003654 -2.24 -3.4
0.0003655 -2.24 -3.4
0.0003656 -2.24 -3.2
0.0003657 -2.24 -3.2
0.0003658 -2.24 -3.2
0.0003659 -2.24 -3.2
0.000366 -2.24 -3
0.0003661 -2.32 -3
0.0003662 -2.32 -3
0.0003663 -2.24 -2.8
0.0003664 -2.24 -2.8
0.0003665 -2.24 -2.8
0.0003666 -2.32 -2.6
0.0003667 -2.24 -2.6
0.0003668 -2.24 -2.6
0.0003669 -2.24 -2.4
0.000367 -2.24 -2.6
0.0003671 -2.24 -2.4
0.0003672 -2.24 -2.4
0.0003673 -2.32 -2.2
0.0003674 -2.24 -2.4
0.0003675 -2.24 -2.2
0.0003676 -2.24 -2.2
0.0003677 -2.24 -2.2
0.0003678 -2.24 -2
0.0003679 -2.24 -2
0.000368 -2.24 -1.8
0.0003681 -2.24 -1.8
0.0003682 -2.24 -1.8
0.0003683 -2.24 -1.8
0.0003684 -2.24 -1.6
0.0003685 -2.32 -1.6
0.0003686 -2.24 -1.6
0.0003687 -2.24 -1.6
0.0003688 -2.24 -1.4
0.0003689 -2.24 -1.4
0.000369 -2.24 -1.4
0.0003691 -2.24 -1
0.0003692 -2.24 -1
0.0003693 -2.24 -1
0.0003694 -2.16 -1
0.0003695 -2.16 -1
0.0003696 -2.16 -0.8
0.0003697 -2.24 -0.8
0.0003698 -2.08 -0.8
0.0003699 -2.16 -1
0.00037 -2.08 -0.6
0.0003701 -2.16 -0.6
0.0003702 -2.16 -0.8
0.0003703 -2.08 -0.6
0.0003704 -2.08 -0.6
0.0003705 -2.08 -0.4
0.0003706 -2.16 -0.4
0.0003707 -2.08 0
0.0003708 -2 0
0.0003709 -2.08 0.2
0.000371 -2.08 0
0.0003711 -2.08 0.2
0.0003712 -2.08 0.2
0.0003713 -2 0.2
0.0003714 -2 0.4
0.0003715 -2 0.4
0.0003716 -2 0.6
0.0003717 -2 0.4
0.0003718 -2 0.4
0.0003719 -1.92 0.8
0.000372 -2 0.8
0.0003721 -1.92 0.8
0.0003722 -1.92 0.8
0.0003723 -1.92 1
0.0003724 -1.92 0.8
0.0003725 -1.92 1
0.0003726 -1.92 1
0.0003727 -1.92 1
0.0003728 -1.84 1.2
0.0003729 -1.84 1.2
0.000373 -1.84 1.2
0.0003731 -1.76 1.2
0.0003732 -1.76 1.6
0.0003733 -1.76 1.4
0.0003734 -1.76 1.6
0.0003735 -1.76 1.6
0.0003736 -1.76 1.6
0.0003737 -1.76 1.6
0.0003738 -1.76 1.6
0.0003739 -1.76 1.8
0.000374 -1.68 1.8
0.0003741 -1.68 2.2
0.0003742 -1.68 2
0.0003743 -1.6 2
0.0003744 -1.6 2.2
0.0003745 -1.6 2.2
0.0003746 -1.6 2.4
0.0003747 -1.52 2.2
0.0003748 -1.52 2.2
0.0003749 -1.52 2.4
0.000375 -1.52 2.6
0.0003751 -1.52 2.6
0.0003752 -1.44 2.4
0.0003753 -1.44 2.4
0.0003754 -1.44 2.6
0.0003755 -1.44 2.6
0.0003756 -1.44 2.8
0.0003757 -1.44 2.8
0.0003758 -1.36 2.8
0.0003759 -1.36 3
0.000376 -1.36 3
0.0003761 -1.36 3
0.0003762 -1.36 3.2
0.0003763 -1.28 3.2
0.0003764 -1.36 3.2
0.0003765 -1.28 3.2
0.0003766 -1.2 3.2
0.0003767 -1.2 3.4
0.0003768 -1.12 3.4
0.0003769 -1.12 3.4
0.000377 -1.12 3.4
0.0003771 -1.12 3.4
0.0003772 -1.12 3.4
0.0003773 -1.12 3.6
0.0003774 -1.04 3.6
0.0003775 -1.04 3.6
0.0003776 -1.04 3.8
0.0003777 -1.04 3.6
0.0003778 -1.04 3.8
0.0003779 -1.04 3.8
0.000378 -0.96 4
0.0003781 -0.96 4
0.0003782 -0.96 4
0.0003783 -0.88 3.8
0.0003784 -0.8 4
0.0003785 -0.8 4
0.0003786 -0.8 4.2
0.0003787 -0.8 4
0.0003788 -0.8 4.2
0.0003789 -0.72 4.2
0.000379 -0.72 4.2
0.0003791 -0.64 4.4
0.0003792 -0.72 4.2
0.0003793 -0.64 4.4
0.0003794 -0.64 4.4
0.0003795 -0.64 4.6
0.0003796 -0.64 4.6
0.0003797 -0.56 4.4
0.0003798 -0.48 4.6
0.0003799 -0.48 4.6
0.00038 -0.48 4.8
0.0003801 -0.48 4.8
0.0003802 -0.48 4.8
0.0003803 -0.48 4.8
0.0003804 -0.4 4.8
0.0003805 -0.4 4.8
0.0003806 -0.32 4.8
0.0003807 -0.32 5
0.0003808 -0.32 4.8
0.0003809 -0.32 5
0.000381 -0.24 4.8
0.0003811 -0.24 5
0.0003812 -0.16 5
0.0003813 -0.16 5
0.0003814 -0.16 5.2
0.0003815 -0.16 5
0.0003816 -0.16 5.2
0.0003817 -0.16 5.2
0.0003818 0 5.2
0.0003819 0 5.2
0.000382 0 5.2
0.0003821 0 5.4
0.0003822 0.08 5.2
0.0003823 0.08 5.2
0.0003824 0.08 5.4
0.0003825 0.08 5.4
0.0003826 0.16 5.4
0.0003827 0.24 5.4
0.0003828 0.24 5.2
0.0003829 0.24 5.4
0.000383 0.24 5.4
0.0003831 0.24 5.4
0.0003832 0.32 5.4
0.0003833 0.32 5.4
0.0003834 0.32 5.4
0.0003835 0.4 5.4
0.0003836 0.4 5.6
0.0003837 0.4 5.4
0.0003838 0.4 5.6
0.0003839 0.48 5.6
0.000384 0.56 5.6
0.0003841 0.56 5.6
0.0003842 0.56 5.6
0.0003843 0.56 5.6
0.0003844 0.56 5.6
0.0003845 0.56 5.6
0.0003846 0.56 5.6
0.0003847 0.64 5.6
0.0003848 0.72 5.6
0.0003849 0.64 5.6
0.000385 0.72 5.6
0.0003851 0.72 5.6
0.0003852 0.8 5.6
0.0003853 0.8 5.4
0.0003854 0.8 5.6
0.0003855 0.8 5.6
0.0003856 0.88 5.6
0.0003857 0.88 5.6
0.0003858 0.88 5.6
0.0003859 0.88 5.6
0.000386 0.88 5.4
0.0003861 0.96 5.6
0.0003862 0.88 5.6
0.0003863 0.96 5.6
0.0003864 0.96 5.6
0.0003865 1.04 5.6
0.0003866 1.04 5.4
0.0003867 1.04 5.4
0.0003868 1.12 5.6
0.0003869 1.12 5.4
0.000387 1.12 5.4
0.0003871 1.12 5.4
0.0003872 1.2 5.4
0.0003873 1.2 5.6
0.0003874 1.2 5.4
0.0003875 1.2 5.4
0.0003876 1.2 5.2
0.0003877 1.28 5.4
0.0003878 1.28 5.2
0.0003879 1.2 5.2
0.000388 1.28 5.4
0.0003881 1.28 5.2
0.0003882 1.28 5.2
0.0003883 1.28 5
0.0003884 1.36 5.2
0.0003885 1.36 5
0.0003886 1.36 5.2
0.0003887 1.44 5
0.0003888 1.52 5.2
0.0003889 1.44 5
0.000389 1.52 5
0.0003891 1.52 5
0.0003892 1.52 4.8
0.0003893 1.52 5
0.0003894 1.52 4.8
0.0003895 1.52 5
0.0003896 1.52 5
0.0003897 1.52 4.8
0.0003898 1.6 4.8
0.0003899 1.6 4.6
0.00039 1.68 4.6
0.0003901 1.68 4.6
0.0003902 1.68 4.6
0.0003903 1.68 4.4
0.0003904 1.68 4.6
0.0003905 1.68 4.4
0.0003906 1.68 4.4
0.0003907 1.68 4.4
0.0003908 1.68 4.4
0.0003909 1.68 4.4
0.000391 1.76 4.2
0.0003911 1.76 4.4
0.0003912 1.68 4.2
0.0003913 1.84 4.2
0.0003914 1.84 4
0.0003915 1.84 4.2
0.0003916 1.84 4.2
0.0003917 1.84 4
0.0003918 1.84 4.2
0.0003919 1.92 4
0.000392 1.92 4
0.0003921 1.84 4
0.0003922 1.92 4
0.0003923 1.84 3.8
0.0003924 1.92 3.8
0.0003925 1.92 4
0.0003926 1.92 3.6
0.0003927 1.92 3.8
0.0003928 1.92 3.4
0.0003929 1.92 3.6
0.000393 1.92 3.6
0.0003931 1.92 3.4
0.0003932 2 3.4
0.0003933 2 3.2
0.0003934 2 3.2
0.0003935 2 3.2
0.0003936 2 3.2
0.0003937 2 3.2
0.0003938 2 3.2
0.0003939 2 3
0.000394 2 3.2
0.0003941 2 3.2
0.0003942 2 3
0.0003943 2.08 3
0.0003944 2.08 2.8
0.0003945 2.08 2.8
0.0003946 2 2.8
0.0003947 2.08 2.6
0.0003948 2.08 2.6
0.0003949 2 2.6
0.000395 2.08 2.4
0.0003951 2.08 2.4
0.0003952 2.08 2.6
0.0003953 2.16 2.4
0.0003954 2.08 2.4
0.0003955 2.16 2.2
0.0003956 2.16 2.4
0.0003957 2.08 2
0.0003958 2.16 2
0.0003959 2.16 2
0.000396 2.16 1.8
0.0003961 2.16 2
0.0003962 2.16 1.8
0.0003963 2.08 1.8
0.0003964 2.16 1.6
0.0003965 2.16 1.6
0.0003966 2.08 1.6
0.0003967 2.16 1.4
0.0003968 2.16 1.6
0.0003969 2.08 1.6
0.000397 2.08 1.6
0.0003971 2.08 1.2
0.0003972 2.08 1.2
0.0003973 2.16 1
0.0003974 2 1.2
0.0003975 2.16 1
0.0003976 2.08 1
0.0003977 2.08 1
0.0003978 2 0.8
0.0003979 2.16 0.8
0.000398 2 0.8
0.0003981 2 0.6
0.0003982 2 0.4
0.0003983 2 0.6
0.0003984 2 0.4
0.0003985 2 0.4
0.0003986 2 0.4
0.0003987 2 0.2
0.0003988 2 0.4
0.0003989 2 0.2
0.000399 2 0.2
0.0003991 2 0
0.0003992 2 0.2
0.0003993 2 0
0.0003994 2 -0.4
0.0003995 2 -0.4
0.0003996 1.92 -0.4
0.0003997 2 -0.4
0.0003998 2 -0.6
0.0003999 1.92 -0.4
