0 -1.68 -1.68
1e-06 -1.68 -1.68
2e-06 1.92 1.84
3e-06 1.92 1.84
4e-06 1.92 1.76
5e-06 1.84 1.76
6e-06 1.84 1.76
7e-06 1.84 1.68
8e-06 1.84 1.68
9e-06 1.76 1.6
1e-05 1.68 1.6
1.1e-05 1.68 1.6
1.2e-05 1.6 1.6
1.3e-05 1.6 1.52
1.4e-05 1.6 1.52
1.5e-05 1.6 1.44
1.6e-05 1.52 1.52
1.7e-05 1.52 1.44
1.8e-05 1.52 1.36
1.9e-05 1.52 1.36
2e-05 1.52 1.28
2.1e-05 1.44 1.36
2.2e-05 1.36 1.28
2.3e-05 1.36 1.28
2.4e-05 1.36 1.28
2.5e-05 1.28 1.2
2.6e-05 1.28 1.28
2.7e-05 1.28 1.12
2.8e-05 1.2 1.12
2.9e-05 1.2 1.12
3e-05 1.2 1.04
3.1e-05 1.2 1.04
3.2e-05 1.2 0.96
3.3e-05 1.2 0.96
3.4e-05 1.12 1.04
3.5e-05 1.04 0.96
3.6e-05 1.04 0.96
3.7e-05 0.96 0.88
3.8e-05 0.96 0.88
3.9e-05 0.96 0.96
4e-05 0.96 0.8
4.1e-05 0.88 0.8
4.2e-05 0.88 0.72
4.3e-05 0.88 0.72
4.4e-05 0.8 0.72
4.5e-05 0.72 0.72
4.6e-05 0.72 0.64
4.7e-05 0.72 0.64
4.8e-05 0.72 0.64
4.9e-05 0.72 0.56
5e-05 0.64 0.56
5.1e-05 0.56 0.48
5.2e-05 0.56 0.48
5.3e-05 0.56 0.48
5.4e-05 0.56 0.4
5.5e-05 0.48 0.4
5.6e-05 0.48 0.4
5.7e-05 0.4 0.4
5.8e-05 0.48 0.32
5.9e-05 0.4 0.32
6e-05 0.32 0.32
6.1e-05 0.32 0.24
6.2e-05 0.32 0.24
6.3e-05 0.24 0.24
6.4e-05 0.24 0.16
6.5e-05 0.24 0.16
6.6e-05 0.24 0.08
6.7e-05 0.08 0.08
6.8e-05 0.16 0.08
6.9e-05 0.08 0
7e-05 0.08 0
7.1e-05 0 0
7.2e-05 0 0
7.3e-05 0 0
7.4e-05 -0.16 -0.24
7.5e-05 -0.16 0
7.6e-05 -0.16 -0.24
7.7e-05 -0.16 -0.16
7.8e-05 -0.16 -0.24
7.9e-05 -0.24 -0.32
8e-05 -0.32 -0.24
8.1e-05 -0.32 -0.32
8.2e-05 -0.32 -0.32
8.3e-05 -0.4 -0.32
8.4e-05 -0.32 -0.4
8.5e-05 -0.4 -0.4
8.6e-05 -0.4 -0.48
8.7e-05 -0.4 -0.56
8.8e-05 -0.48 -0.56
8.9e-05 -0.48 -0.64
9e-05 -0.48 -0.56
9.1e-05 -0.64 -0.64
9.2e-05 -0.56 -0.64
9.3e-05 -0.64 -0.64
9.4e-05 -0.64 -0.72
9.5e-05 -0.72 -0.72
9.6e-05 -0.72 -0.72
9.7e-05 -0.72 -0.72
9.8e-05 -0.72 -0.8
9.9e-05 -0.8 -0.88
0.0001 -0.8 -0.88
0.000101 -0.8 -0.88
0.000102 -0.8 -0.88
0.000103 -0.96 -0.96
0.000104 -0.96 -0.96
0.000105 -1.04 -1.04
0.000106 -1.04 -1.04
0.000107 -1.04 -1.04
0.000108 -1.04 -1.04
0.000109 -1.12 -1.04
0.00011 -1.12 -1.2
0.000111 -1.12 -1.2
0.000112 -1.12 -1.2
0.000113 -1.12 -1.2
0.000114 -1.28 -1.2
0.000115 -1.28 -1.28
0.000116 -1.28 -1.28
0.000117 -1.28 -1.36
0.000118 -1.36 -1.36
0.000119 -1.36 -1.36
0.00012 -1.44 -1.44
0.000121 -1.44 -1.44
0.000122 -1.44 -1.44
0.000123 -1.44 -1.52
0.000124 -1.44 -1.44
0.000125 -1.44 -1.6
0.000126 -1.52 -1.6
0.000127 -1.6 -1.6
0.000128 -1.6 -1.68
0.000129 -1.68 -1.68
0.00013 -1.68 -1.68
0.000131 -1.68 -1.68
0.000132 -1.68 -1.76
0.000133 -1.76 -1.76
0.000134 -1.76 -1.76
0.000135 -1.76 -1.76
0.000136 -1.76 -1.84
0.000137 -1.76 -1.84
0.000138 -1.84 -1.92
0.000139 -1.92 -1.92
0.00014 -1.92 -1.92
0.000141 -1.92 -1.92
0.000142 -1.92 -1.92
0.000143 -2 -2
0.000144 -2 -2
0.000145 -2 -2.08
0.000146 -2.08 -2.08
0.000147 -2.16 -2
0.000148 -2.08 -2.16
0.000149 -2.16 -2.16
0.00015 -2.16 -2.16
0.000151 -2.24 -2.24
0.000152 -2.24 -2.24
0.000153 -2.32 -2.32
0.000154 -2.24 -2.32
0.000155 -2.32 -2.32
0.000156 -2.32 -2.32
0.000157 -2.4 -2.32
0.000158 -2.4 -2.32
0.000159 -2.4 -2.48
0.00016 -2.4 -2.32
0.000161 -2.4 -2.48
0.000162 -2.48 -2.48
0.000163 -2.56 -2.56
0.000164 -2.56 -2.56
0.000165 -2.56 -2.48
0.000166 -2.64 -2.56
0.000167 -2.64 -2.64
0.000168 -2.64 -2.64
0.000169 -2.72 -2.64
0.00017 -2.72 -2.64
0.000171 -2.72 -2.72
0.000172 -2.72 -2.72
0.000173 -2.72 -2.72
0.000174 -2.8 -2.8
0.000175 -2.88 -2.8
0.000176 -2.8 -2.88
0.000177 -2.88 -2.88
0.000178 -2.88 -2.8
0.000179 -2.96 -2.88
0.00018 -2.96 -2.88
0.000181 -2.96 -2.88
0.000182 -2.96 -2.96
0.000183 -3.04 -2.96
0.000184 -3.04 -2.96
0.000185 -3.04 -3.12
0.000186 -3.04 -3.04
0.000187 -3.12 -3.12
0.000188 -3.2 -3.12
0.000189 -3.2 -3.2
0.00019 -3.2 -3.2
0.000191 -3.2 -3.2
0.000192 -3.28 -3.28
0.000193 -3.2 -3.2
0.000194 -3.28 -3.2
0.000195 -3.28 -3.28
0.000196 -3.28 -3.28
0.000197 -3.36 -3.36
0.000198 -3.36 -3.28
0.000199 -3.36 -3.36
0.0002 -3.44 -3.44
0.000201 -3.44 -3.44
0.000202 -3.52 -3.44
0.000203 -3.52 -3.44
0.000204 -3.52 -3.52
0.000205 -3.6 -3.6
0.000206 -3.52 -3.52
0.000207 -3.6 -3.6
0.000208 -3.6 -3.6
0.000209 -3.68 -3.6
0.00021 -3.68 -3.68
0.000211 -3.6 -3.6
0.000212 -3.68 -3.6
0.000213 -3.68 -3.6
0.000214 -3.68 -3.68
0.000215 -3.68 -3.76
0.000216 -3.76 -3.76
0.000217 -3.84 -3.76
0.000218 -3.84 -3.84
0.000219 -3.84 -3.76
0.00022 -3.84 -3.84
0.000221 -3.92 -3.84
0.000222 -3.92 -3.84
0.000223 -3.92 -3.92
0.000224 -3.92 -3.92
0.000225 -3.92 -3.92
0.000226 -4 -4
0.000227 -4 -3.92
0.000228 -4 -4
0.000229 -4 -4
0.00023 -4 -4
0.000231 -4.16 -4.08
0.000232 -4 -4.08
0.000233 -4.16 -4.08
0.000234 -4.08 -4.08
0.000235 -4.16 -4.08
0.000236 -4.16 -4.16
0.000237 -4.24 -4.16
0.000238 -4.24 -4.24
0.000239 -4.24 -4.16
0.00024 -4.24 -4.16
0.000241 -4.24 -4.24
0.000242 -4.32 -4.24
0.000243 -4.32 -4.24
0.000244 -4.32 -4.24
0.000245 -4.32 -4.24
0.000246 -4.32 -4.4
0.000247 -4.32 -4.32
0.000248 -4.48 -4.4
0.000249 -4.4 -4.4
0.00025 -4.48 -4.4
0.000251 -4.48 -4.4
0.000252 -4.48 -4.4
0.000253 -4.48 -4.48
0.000254 -4.48 -4.48
0.000255 -4.56 -4.4
0.000256 -4.56 -4.48
0.000257 -4.56 -4.48
0.000258 -4.64 -4.48
0.000259 -4.56 -4.56
0.00026 -4.64 -4.56
0.000261 -4.64 -4.56
0.000262 -4.64 -4.64
0.000263 -4.64 -4.56
0.000264 -4.64 -4.56
0.000265 -4.72 -4.64
0.000266 -4.8 -4.72
0.000267 -4.8 -4.72
0.000268 -4.8 -4.72
0.000269 -4.8 -4.72
0.00027 -4.8 -4.8
0.000271 -4.88 -4.72
0.000272 -4.88 -4.8
0.000273 -4.88 -4.72
0.000274 -4.88 -4.8
0.000275 -4.88 -4.8
0.000276 -4.88 -4.72
0.000277 -4.96 -4.88
0.000278 -4.96 -4.8
0.000279 -4.96 -4.88
0.00028 -4.96 -4.88
0.000281 -4.96 -4.8
0.000282 -4.96 -4.88
0.000283 -4.96 -4.88
0.000284 -4.96 -4.88
0.000285 -4.96 -4.96
0.000286 -4.96 -4.88
0.000287 -5.04 -5.04
0.000288 -5.12 -4.96
0.000289 -5.12 -5.04
0.00029 -5.12 -5.04
0.000291 -5.12 -4.96
0.000292 -5.12 -5.04
0.000293 -5.12 -5.04
0.000294 -5.12 -5.04
0.000295 -5.12 -5.12
0.000296 -5.2 -5.04
0.000297 -5.2 -5.12
0.000298 -5.2 -5.12
0.000299 -5.2 -5.12
0.0003 -5.28 -5.12
0.000301 -5.2 -5.12
0.000302 -5.28 -5.2
0.000303 -5.28 -5.2
0.000304 -5.28 -5.2
0.000305 -5.28 -5.2
0.000306 -5.28 -5.2
0.000307 -5.28 -5.2
0.000308 -5.28 -5.28
0.000309 -5.28 -5.2
0.00031 -5.28 -5.2
0.000311 -5.28 -5.28
0.000312 -5.36 -5.28
0.000313 -5.44 -5.28
0.000314 -5.44 -5.28
0.000315 -5.44 -5.28
0.000316 -5.44 -5.36
0.000317 -5.44 -5.36
0.000318 -5.44 -5.36
0.000319 -5.52 -5.36
0.00032 -5.44 -5.36
0.000321 -5.44 -5.36
0.000322 -5.44 -5.36
0.000323 -5.52 -5.44
0.000324 -5.52 -5.36
0.000325 -5.44 -5.36
0.000326 -5.44 -5.44
0.000327 -5.52 -5.44
0.000328 -5.52 -5.44
0.000329 -5.52 -5.44
0.00033 -5.52 -5.44
0.000331 -5.52 -5.44
0.000332 -5.6 -5.44
0.000333 -5.52 -5.44
0.000334 -5.6 -5.52
0.000335 -5.6 -5.44
0.000336 -5.6 -5.52
0.000337 -5.6 -5.52
0.000338 -5.6 -5.52
0.000339 -5.6 -5.52
0.00034 -5.6 -5.52
0.000341 -5.6 -5.52
0.000342 -5.6 -5.52
0.000343 -5.6 -5.52
0.000344 -5.6 -5.6
0.000345 -5.6 -5.52
0.000346 -5.6 -5.52
0.000347 -5.6 -5.52
0.000348 -5.76 -5.52
0.000349 -5.68 -5.6
0.00035 -5.68 -5.6
0.000351 -5.6 -5.6
0.000352 -5.68 -5.52
0.000353 -5.68 -5.6
0.000354 -5.76 -5.68
0.000355 -5.76 -5.68
0.000356 -5.76 -5.6
0.000357 -5.76 -5.6
0.000358 -5.76 -5.6
0.000359 -5.76 -5.68
0.00036 -5.76 -5.68
0.000361 -5.76 -5.6
0.000362 -5.76 -5.6
0.000363 -5.76 -5.6
0.000364 -5.76 -5.68
0.000365 -5.76 -5.68
0.000366 -5.76 -5.6
0.000367 -5.76 -5.68
0.000368 -5.76 -5.6
0.000369 -5.84 -5.68
0.00037 -5.76 -5.68
0.000371 -5.76 -5.6
0.000372 -5.76 -5.68
0.000373 -5.76 -5.68
0.000374 -5.76 -5.68
0.000375 -5.84 -5.76
0.000376 -5.84 -5.68
0.000377 -5.84 -5.68
0.000378 -5.84 -5.68
0.000379 -5.84 -5.68
0.00038 -5.84 -5.76
0.000381 -5.76 -5.68
0.000382 -5.84 -5.68
0.000383 -5.84 -5.68
0.000384 -5.76 -5.6
0.000385 -5.84 -5.68
0.000386 -5.92 -5.68
0.000387 -5.84 -5.68
0.000388 -5.84 -5.76
0.000389 -5.84 -5.68
0.00039 -5.92 -5.68
0.000391 -5.84 -5.68
0.000392 -5.84 -5.68
0.000393 -5.84 -5.76
0.000394 -5.84 -5.68
0.000395 -5.84 -5.68
0.000396 -5.84 -5.76
0.000397 -5.92 -5.68
0.000398 -5.84 -5.76
0.000399 -5.84 -5.68
0.0004 -5.84 -5.76
0.000401 -5.92 -5.76
0.000402 -5.84 -5.68
0.000403 -5.84 -5.68
0.000404 -5.84 -5.68
0.000405 -5.84 -5.68
0.000406 -5.84 -5.76
0.000407 -5.84 -5.68
0.000408 -5.84 -5.76
0.000409 -5.84 -5.68
0.00041 -5.84 -5.76
0.000411 -5.76 -5.68
0.000412 -5.84 -5.76
0.000413 -5.84 -5.68
0.000414 -5.84 -5.68
0.000415 -5.84 -5.68
0.000416 -5.92 -5.68
0.000417 -5.84 -5.6
0.000418 -5.84 -5.68
0.000419 -5.76 -5.68
0.00042 -5.84 -5.68
0.000421 -5.84 -5.68
0.000422 -5.84 -5.68
0.000423 -5.84 -5.68
0.000424 -5.76 -5.68
0.000425 -5.84 -5.6
0.000426 -5.76 -5.68
0.000427 -5.76 -5.6
0.000428 -5.76 -5.68
0.000429 -5.84 -5.68
0.00043 -5.84 -5.68
0.000431 -5.76 -5.68
0.000432 -5.76 -5.6
0.000433 -5.76 -5.6
0.000434 -5.76 -5.6
0.000435 -5.76 -5.52
0.000436 -5.76 -5.6
0.000437 -5.76 -5.6
0.000438 -5.76 -5.52
0.000439 -5.76 -5.6
0.00044 -5.76 -5.52
0.000441 -5.76 -5.52
0.000442 -5.76 -5.6
0.000443 -5.76 -5.52
0.000444 -5.6 -5.6
0.000445 -5.6 -5.52
0.000446 -5.68 -5.52
0.000447 -5.76 -5.6
0.000448 -5.6 -5.52
0.000449 -5.6 -5.52
0.00045 -5.6 -5.52
0.000451 -5.68 -5.52
0.000452 -5.6 -5.52
0.000453 -5.6 -5.44
0.000454 -5.6 -5.52
0.000455 -5.6 -5.52
0.000456 -5.6 -5.44
0.000457 -5.6 -5.44
0.000458 -5.6 -5.44
0.000459 -5.6 -5.52
0.00046 -5.6 -5.44
0.000461 -5.6 -5.36
0.000462 -5.52 -5.44
0.000463 -5.6 -5.44
0.000464 -5.52 -5.36
0.000465 -5.52 -5.36
0.000466 -5.52 -5.36
0.000467 -5.52 -5.36
0.000468 -5.52 -5.36
0.000469 -5.52 -5.36
0.00047 -5.52 -5.36
0.000471 -5.52 -5.36
0.000472 -5.52 -5.28
0.000473 -5.44 -5.36
0.000474 -5.44 -5.28
0.000475 -5.44 -5.2
0.000476 -5.52 -5.36
0.000477 -5.44 -5.2
0.000478 -5.36 -5.2
0.000479 -5.44 -5.2
0.00048 -5.44 -5.2
0.000481 -5.44 -5.28
0.000482 -5.44 -5.2
0.000483 -5.36 -5.2
0.000484 -5.36 -5.12
0.000485 -5.28 -5.2
0.000486 -5.28 -5.2
0.000487 -5.28 -5.12
0.000488 -5.28 -5.12
0.000489 -5.28 -5.12
0.00049 -5.28 -5.2
0.000491 -5.28 -5.12
0.000492 -5.28 -5.04
0.000493 -5.2 -5.04
0.000494 -5.2 -5.04
0.000495 -5.28 -5.04
0.000496 -5.2 -5.04
0.000497 -5.2 -4.96
0.000498 -5.12 -5.04
0.000499 -5.2 -4.96
0.0005 -5.12 -5.04
0.000501 -5.2 -5.04
0.000502 -5.12 -4.96
0.000503 -5.12 -4.96
0.000504 -5.12 -4.88
0.000505 -5.12 -4.88
0.000506 -5.12 -4.88
0.000507 -5.12 -4.88
0.000508 -5.12 -4.88
0.000509 -5.04 -4.88
0.00051 -4.96 -4.8
0.000511 -4.96 -4.88
0.000512 -4.96 -4.8
0.000513 -4.96 -4.8
0.000514 -4.96 -4.8
0.000515 -4.96 -4.8
0.000516 -4.96 -4.8
0.000517 -4.88 -4.8
0.000518 -4.96 -4.8
0.000519 -4.88 -4.8
0.00052 -4.88 -4.72
0.000521 -4.88 -4.64
0.000522 -4.88 -4.72
0.000523 -4.88 -4.64
0.000524 -4.88 -4.64
0.000525 -4.8 -4.56
0.000526 -4.8 -4.56
0.000527 -4.8 -4.56
0.000528 -4.8 -4.56
0.000529 -4.72 -4.56
0.00053 -4.64 -4.56
0.000531 -4.64 -4.48
0.000532 -4.64 -4.48
0.000533 -4.64 -4.48
0.000534 -4.64 -4.48
0.000535 -4.56 -4.4
0.000536 -4.56 -4.4
0.000537 -4.56 -4.4
0.000538 -4.56 -4.32
0.000539 -4.56 -4.4
0.00054 -4.56 -4.4
0.000541 -4.56 -4.32
0.000542 -4.48 -4.4
0.000543 -4.48 -4.32
0.000544 -4.48 -4.32
0.000545 -4.48 -4.24
0.000546 -4.32 -4.24
0.000547 -4.48 -4.24
0.000548 -4.32 -4.24
0.000549 -4.4 -4.16
0.00055 -4.32 -4.24
0.000551 -4.32 -4.16
0.000552 -4.32 -4.16
0.000553 -4.24 -4.08
0.000554 -4.32 -4.08
0.000555 -4.24 -4.08
0.000556 -4.24 -4.08
0.000557 -4.24 -4.08
0.000558 -4.16 -4
0.000559 -4.16 -4
0.00056 -4.16 -4.08
0.000561 -4.08 -3.92
0.000562 -4.08 -3.92
0.000563 -4.16 -3.92
0.000564 -4 -3.92
0.000565 -4 -3.92
0.000566 -4.08 -3.92
0.000567 -4 -3.84
0.000568 -4 -3.84
0.000569 -4 -3.76
0.00057 -3.92 -3.76
0.000571 -3.92 -3.84
0.000572 -3.84 -3.76
0.000573 -3.84 -3.76
0.000574 -3.92 -3.68
0.000575 -3.84 -3.76
0.000576 -3.84 -3.68
0.000577 -3.84 -3.6
0.000578 -3.84 -3.6
0.000579 -3.76 -3.6
0.00058 -3.68 -3.6
0.000581 -3.68 -3.52
0.000582 -3.68 -3.44
0.000583 -3.6 -3.52
0.000584 -3.68 -3.52
0.000585 -3.6 -3.44
0.000586 -3.6 -3.44
0.000587 -3.6 -3.44
0.000588 -3.52 -3.44
0.000589 -3.52 -3.36
0.00059 -3.52 -3.44
0.000591 -3.52 -3.36
0.000592 -3.44 -3.28
0.000593 -3.52 -3.28
0.000594 -3.36 -3.28
0.000595 -3.36 -3.2
0.000596 -3.36 -3.2
0.000597 -3.36 -3.2
0.000598 -3.36 -3.12
0.000599 -3.28 -3.2
0.0006 -3.28 -3.12
0.000601 -3.28 -3.12
0.000602 -3.2 -3.12
0.000603 -3.2 -3.04
0.000604 -3.2 -3.04
0.000605 -3.2 -2.96
0.000606 -3.12 -2.96
0.000607 -3.04 -2.96
0.000608 -3.04 -2.96
0.000609 -3.04 -2.96
0.00061 -3.04 -2.88
0.000611 -3.04 -2.88
0.000612 -3.04 -2.88
0.000613 -2.96 -2.8
0.000614 -3.04 -2.8
0.000615 -2.96 -2.8
0.000616 -2.96 -2.72
0.000617 -2.88 -2.8
0.000618 -2.88 -2.72
0.000619 -2.88 -2.72
0.00062 -2.72 -2.64
0.000621 -2.72 -2.64
0.000622 -2.72 -2.64
0.000623 -2.72 -2.56
0.000624 -2.72 -2.64
0.000625 -2.72 -2.48
0.000626 -2.64 -2.48
0.000627 -2.64 -2.56
0.000628 -2.64 -2.48
0.000629 -2.56 -2.48
0.00063 -2.56 -2.32
0.000631 -2.48 -2.32
0.000632 -2.4 -2.4
0.000633 -2.4 -2.32
0.000634 -2.4 -2.24
0.000635 -2.4 -2.32
0.000636 -2.4 -2.24
0.000637 -2.4 -2.24
0.000638 -2.32 -2.24
0.000639 -2.32 -2.16
0.00064 -2.32 -2.08
0.000641 -2.24 -2.16
0.000642 -2.24 -2.08
0.000643 -2.24 -2
0.000644 -2.16 -2
0.000645 -2.08 -2.08
0.000646 -2.16 -2
0.000647 -2.08 -1.92
0.000648 -2.08 -2
0.000649 -2 -1.84
0.00065 -2 -1.92
0.000651 -2 -1.84
0.000652 -2 -1.84
0.000653 -1.92 -1.84
0.000654 -1.92 -1.76
0.000655 -1.92 -1.76
0.000656 -1.84 -1.76
0.000657 -1.76 -1.6
0.000658 -1.76 -1.68
0.000659 -1.76 -1.68
0.00066 -1.76 -1.68
0.000661 -1.76 -1.6
0.000662 -1.76 -1.52
0.000663 -1.68 -1.6
0.000664 -1.6 -1.44
0.000665 -1.68 -1.52
0.000666 -1.6 -1.44
0.000667 -1.6 -1.36
0.000668 -1.44 -1.44
0.000669 -1.52 -1.36
0.00067 -1.44 -1.36
0.000671 -1.44 -1.36
0.000672 -1.44 -1.28
0.000673 -1.44 -1.28
0.000674 -1.36 -1.2
0.000675 -1.28 -1.2
0.000676 -1.36 -1.12
0.000677 -1.28 -1.12
0.000678 -1.28 -1.12
0.000679 -1.2 -1.12
0.00068 -1.12 -1.04
0.000681 -1.2 -1.04
0.000682 -1.12 -1.04
0.000683 -1.12 -1.04
0.000684 -1.12 -1.04
0.000685 -1.12 -0.96
0.000686 -1.04 -0.96
0.000687 -1.04 -0.96
0.000688 -1.04 -0.88
0.000689 -1.04 -0.88
0.00069 -0.96 -0.8
0.000691 -0.96 -0.8
0.000692 -0.88 -0.8
0.000693 -0.88 -0.72
0.000694 -0.8 -0.72
0.000695 -0.8 -0.64
0.000696 -0.8 -0.64
0.000697 -0.8 -0.64
0.000698 -0.72 -0.56
0.000699 -0.72 -0.56
0.0007 -0.72 -0.56
0.000701 -0.64 -0.56
0.000702 -0.64 -0.56
0.000703 -0.64 -0.4
0.000704 -0.56 -0.4
0.000705 -0.48 -0.32
0.000706 -0.48 -0.4
0.000707 -0.4 -0.4
0.000708 -0.4 -0.24
0.000709 -0.4 -0.32
0.00071 -0.4 -0.24
0.000711 -0.32 -0.24
0.000712 -0.32 -0.32
0.000713 -0.32 -0.16
0.000714 -0.32 -0.16
0.000715 -0.32 0
0.000716 -0.16 0
0.000717 -0.16 0
0.000718 -0.16 0
0.000719 -0.16 0
0.00072 0 0.08
0.000721 0 0.16
0.000722 0 0.08
0.000723 0.08 0.16
0.000724 0 0.16
0.000725 0.08 0.16
0.000726 0.08 0.24
0.000727 0.24 0.32
0.000728 0.24 0.32
0.000729 0.24 0.32
0.00073 0.24 0.32
0.000731 0.24 0.4
0.000732 0.32 0.4
0.000733 0.32 0.4
0.000734 0.32 0.4
0.000735 0.4 0.4
0.000736 0.4 0.48
0.000737 0.4 0.48
0.000738 0.4 0.48
0.000739 0.48 0.56
0.00074 0.56 0.56
0.000741 0.56 0.64
0.000742 0.64 0.72
0.000743 0.56 0.64
0.000744 0.64 0.72
0.000745 0.64 0.64
0.000746 0.64 0.72
0.000747 0.72 0.8
0.000748 0.72 0.72
0.000749 0.8 0.8
0.00075 0.8 0.88
0.000751 0.8 0.88
0.000752 0.88 0.96
0.000753 0.88 0.88
0.000754 0.88 1.04
0.000755 0.96 0.96
0.000756 0.96 0.96
0.000757 1.04 1.04
0.000758 0.96 1.04
0.000759 1.04 1.12
0.00076 1.04 1.12
0.000761 1.12 1.12
0.000762 1.2 1.2
0.000763 1.2 1.2
0.000764 1.2 1.28
0.000765 1.2 1.28
0.000766 1.2 1.28
0.000767 1.2 1.36
0.000768 1.28 1.28
0.000769 1.28 1.28
0.00077 1.36 1.44
0.000771 1.36 1.36
0.000772 1.44 1.44
0.000773 1.36 1.44
0.000774 1.44 1.52
0.000775 1.52 1.6
0.000776 1.52 1.6
0.000777 1.52 1.6
0.000778 1.52 1.6
0.000779 1.6 1.6
0.00078 1.6 1.68
0.000781 1.6 1.68
0.000782 1.68 1.76
0.000783 1.68 1.76
0.000784 1.76 1.76
0.000785 1.76 1.76
0.000786 1.84 1.84
0.000787 1.84 1.84
0.000788 1.84 1.92
0.000789 1.84 1.92
0.00079 1.84 2
0.000791 1.92 2
0.000792 1.92 2
0.000793 2 2.08
0.000794 2 2
0.000795 2 2.08
0.000796 2 2.08
0.000797 2.08 2.08
0.000798 2.16 2.16
0.000799 2.16 2.16
0.0008 2.16 2.24
0.000801 2.16 2.24
0.000802 2.16 2.24
0.000803 2.24 2.32
0.000804 2.24 2.32
0.000805 2.32 2.24
0.000806 2.32 2.4
0.000807 2.32 2.4
0.000808 2.4 2.4
0.000809 2.32 2.4
0.00081 2.48 2.48
0.000811 2.48 2.56
0.000812 2.48 2.48
0.000813 2.48 2.56
0.000814 2.48 2.56
0.000815 2.56 2.56
0.000816 2.56 2.64
0.000817 2.56 2.56
0.000818 2.56 2.64
0.000819 2.64 2.64
0.00082 2.64 2.64
0.000821 2.64 2.72
0.000822 2.64 2.72
0.000823 2.8 2.72
0.000824 2.8 2.8
0.000825 2.8 2.8
0.000826 2.8 2.88
0.000827 2.8 2.8
0.000828 2.88 2.8
0.000829 2.88 2.88
0.00083 2.88 2.88
0.000831 2.88 2.96
0.000832 2.96 2.96
0.000833 2.96 2.96
0.000834 2.96 3.04
0.000835 2.96 2.96
0.000836 3.04 3.04
0.000837 3.12 3.12
0.000838 3.12 3.04
0.000839 3.12 3.12
0.00084 3.12 3.12
0.000841 3.2 3.2
0.000842 3.12 3.2
0.000843 3.2 3.2
0.000844 3.2 3.28
0.000845 3.2 3.28
0.000846 3.28 3.28
0.000847 3.28 3.36
0.000848 3.36 3.36
0.000849 3.36 3.36
0.00085 3.44 3.36
0.000851 3.44 3.36
0.000852 3.44 3.44
0.000853 3.44 3.44
0.000854 3.44 3.44
0.000855 3.52 3.52
0.000856 3.52 3.52
0.000857 3.52 3.52
0.000858 3.52 3.6
0.000859 3.6 3.52
0.00086 3.52 3.6
0.000861 3.6 3.6
0.000862 3.6 3.6
0.000863 3.68 3.68
0.000864 3.6 3.6
0.000865 3.76 3.68
0.000866 3.76 3.68
0.000867 3.76 3.76
0.000868 3.76 3.84
0.000869 3.76 3.68
0.00087 3.76 3.84
0.000871 3.76 3.76
0.000872 3.84 3.84
0.000873 3.84 3.84
0.000874 3.84 3.84
0.000875 3.92 3.92
0.000876 3.92 3.84
0.000877 3.92 3.92
0.000878 3.92 4
0.000879 3.92 3.92
0.00088 3.92 4
0.000881 4.08 3.92
0.000882 4 4
0.000883 4.08 4.08
0.000884 4.08 4
0.000885 4.08 4.08
0.000886 4.08 4.08
0.000887 4.16 4.08
0.000888 4.16 4.16
0.000889 4.16 4.16
0.00089 4.16 4.24
0.000891 4.24 4.24
0.000892 4.16 4.16
0.000893 4.24 4.24
0.000894 4.24 4.24
0.000895 4.24 4.24
0.000896 4.32 4.32
0.000897 4.32 4.24
0.000898 4.32 4.24
0.000899 4.4 4.4
0.0009 4.4 4.32
0.000901 4.4 4.4
0.000902 4.4 4.32
0.000903 4.4 4.32
0.000904 4.4 4.48
0.000905 4.48 4.48
0.000906 4.48 4.48
0.000907 4.48 4.48
0.000908 4.56 4.4
0.000909 4.56 4.56
0.00091 4.56 4.48
0.000911 4.56 4.56
0.000912 4.64 4.56
0.000913 4.72 4.48
0.000914 4.72 4.56
0.000915 4.72 4.56
0.000916 4.64 4.64
0.000917 4.72 4.64
0.000918 4.72 4.64
0.000919 4.72 4.64
0.00092 4.72 4.64
0.000921 4.72 4.72
0.000922 4.72 4.72
0.000923 4.72 4.64
0.000924 4.8 4.8
0.000925 4.8 4.72
0.000926 4.8 4.8
0.000927 4.8 4.8
0.000928 4.88 4.8
0.000929 4.88 4.8
0.00093 4.88 4.8
0.000931 4.88 4.8
0.000932 4.88 4.88
0.000933 4.88 4.88
0.000934 4.88 4.88
0.000935 4.96 4.88
0.000936 5.04 4.88
0.000937 4.96 4.88
0.000938 5.04 4.96
0.000939 5.04 4.88
0.00094 5.04 4.96
0.000941 5.04 4.96
0.000942 5.04 4.96
0.000943 5.04 5.04
0.000944 5.04 4.96
0.000945 5.04 4.96
0.000946 5.04 5.04
0.000947 5.04 5.04
0.000948 5.12 5.12
0.000949 5.12 5.04
0.00095 5.12 5.12
0.000951 5.12 5.04
0.000952 5.12 5.12
0.000953 5.2 5.12
0.000954 5.12 5.12
0.000955 5.2 5.12
0.000956 5.12 5.04
0.000957 5.2 5.12
0.000958 5.2 5.2
0.000959 5.2 5.12
0.00096 5.2 5.2
0.000961 5.2 5.12
0.000962 5.28 5.2
0.000963 5.36 5.2
0.000964 5.36 5.2
0.000965 5.36 5.2
0.000966 5.28 5.2
0.000967 5.36 5.2
0.000968 5.36 5.28
0.000969 5.36 5.2
0.00097 5.36 5.28
0.000971 5.36 5.28
0.000972 5.36 5.28
0.000973 5.36 5.28
0.000974 5.36 5.28
0.000975 5.36 5.28
0.000976 5.36 5.36
0.000977 5.44 5.28
0.000978 5.44 5.36
0.000979 5.36 5.36
0.00098 5.36 5.28
0.000981 5.44 5.36
0.000982 5.36 5.36
0.000983 5.44 5.36
0.000984 5.44 5.44
0.000985 5.44 5.44
0.000986 5.44 5.44
0.000987 5.52 5.36
0.000988 5.44 5.44
0.000989 5.52 5.44
0.00099 5.52 5.44
0.000991 5.52 5.44
0.000992 5.44 5.44
0.000993 5.52 5.44
0.000994 5.52 5.44
0.000995 5.52 5.44
0.000996 5.52 5.44
0.000997 5.52 5.44
0.000998 5.52 5.44
0.000999 5.6 5.52
0.001 5.52 5.44
0.001001 5.6 5.52
0.001002 5.6 5.52
0.001003 5.52 5.44
0.001004 5.52 5.52
0.001005 5.6 5.52
0.001006 5.6 5.52
0.001007 5.68 5.52
0.001008 5.6 5.52
0.001009 5.68 5.52
0.00101 5.68 5.52
0.001011 5.6 5.52
0.001012 5.68 5.6
0.001013 5.68 5.52
0.001014 5.6 5.52
0.001015 5.68 5.52
0.001016 5.68 5.52
0.001017 5.68 5.6
0.001018 5.68 5.52
0.001019 5.68 5.52
0.00102 5.68 5.52
0.001021 5.68 5.52
0.001022 5.68 5.6
0.001023 5.68 5.6
0.001024 5.68 5.52
0.001025 5.68 5.6
0.001026 5.68 5.52
0.001027 5.68 5.6
0.001028 5.68 5.52
0.001029 5.68 5.52
0.00103 5.68 5.6
0.001031 5.68 5.52
0.001032 5.68 5.6
0.001033 5.68 5.6
0.001034 5.68 5.52
0.001035 5.68 5.6
0.001036 5.68 5.52
0.001037 5.76 5.6
0.001038 5.68 5.6
0.001039 5.68 5.6
0.00104 5.76 5.6
0.001041 5.68 5.6
0.001042 5.68 5.6
0.001043 5.68 5.6
0.001044 5.68 5.52
0.001045 5.68 5.6
0.001046 5.68 5.52
0.001047 5.68 5.6
0.001048 5.68 5.6
0.001049 5.68 5.52
0.00105 5.68 5.52
0.001051 5.68 5.52
0.001052 5.68 5.52
0.001053 5.68 5.6
0.001054 5.68 5.52
0.001055 5.68 5.52
0.001056 5.68 5.6
0.001057 5.68 5.52
0.001058 5.68 5.6
0.001059 5.68 5.52
0.00106 5.68 5.52
0.001061 5.68 5.6
0.001062 5.68 5.52
0.001063 5.68 5.52
0.001064 5.68 5.6
0.001065 5.68 5.52
0.001066 5.68 5.52
0.001067 5.68 5.52
0.001068 5.68 5.52
0.001069 5.68 5.52
0.00107 5.6 5.52
0.001071 5.68 5.52
0.001072 5.68 5.52
0.001073 5.68 5.52
0.001074 5.68 5.6
0.001075 5.68 5.44
0.001076 5.68 5.52
0.001077 5.68 5.44
0.001078 5.6 5.52
0.001079 5.6 5.52
0.00108 5.52 5.44
0.001081 5.6 5.44
0.001082 5.6 5.44
0.001083 5.52 5.44
0.001084 5.52 5.52
0.001085 5.52 5.44
0.001086 5.52 5.52
0.001087 5.52 5.44
0.001088 5.52 5.44
0.001089 5.52 5.44
0.00109 5.52 5.44
0.001091 5.52 5.44
0.001092 5.52 5.44
0.001093 5.44 5.44
0.001094 5.52 5.44
0.001095 5.44 5.36
0.001096 5.44 5.36
0.001097 5.44 5.36
0.001098 5.52 5.28
0.001099 5.52 5.36
0.0011 5.44 5.28
0.001101 5.44 5.28
0.001102 5.44 5.28
0.001103 5.44 5.28
0.001104 5.36 5.28
0.001105 5.44 5.28
0.001106 5.44 5.28
0.001107 5.44 5.28
0.001108 5.36 5.28
0.001109 5.36 5.28
0.00111 5.36 5.28
0.001111 5.36 5.2
0.001112 5.36 5.2
0.001113 5.36 5.2
0.001114 5.36 5.2
0.001115 5.36 5.28
0.001116 5.36 5.2
0.001117 5.36 5.2
0.001118 5.36 5.2
0.001119 5.36 5.12
0.00112 5.36 5.2
0.001121 5.28 5.12
0.001122 5.2 5.2
0.001123 5.2 5.12
0.001124 5.2 5.12
0.001125 5.2 5.12
0.001126 5.2 5.12
0.001127 5.2 5.12
0.001128 5.2 5.04
0.001129 5.12 5.04
0.00113 5.2 5.12
0.001131 5.2 5.04
0.001132 5.12 4.96
0.001133 5.2 5.04
0.001134 5.12 4.96
0.001135 5.12 5.04
0.001136 5.12 4.96
0.001137 5.04 4.96
0.001138 5.12 4.96
0.001139 5.04 4.96
0.00114 5.04 4.88
0.001141 5.04 4.88
0.001142 5.04 4.88
0.001143 5.04 4.88
0.001144 5.04 4.88
0.001145 5.04 4.8
0.001146 4.96 4.88
0.001147 4.96 4.88
0.001148 4.96 4.8
0.001149 5.04 4.88
0.00115 4.96 4.8
0.001151 4.88 4.8
0.001152 4.88 4.8
0.001153 4.88 4.8
0.001154 4.88 4.8
0.001155 4.88 4.64
0.001156 4.8 4.72
0.001157 4.8 4.64
0.001158 4.88 4.72
0.001159 4.8 4.72
0.00116 4.8 4.64
0.001161 4.72 4.64
0.001162 4.8 4.56
0.001163 4.72 4.56
0.001164 4.72 4.64
0.001165 4.72 4.48
0.001166 4.72 4.56
0.001167 4.72 4.56
0.001168 4.72 4.48
0.001169 4.72 4.56
0.00117 4.56 4.48
0.001171 4.64 4.48
0.001172 4.56 4.4
0.001173 4.56 4.48
0.001174 4.56 4.48
0.001175 4.56 4.4
0.001176 4.56 4.4
0.001177 4.56 4.32
0.001178 4.48 4.32
0.001179 4.48 4.32
0.00118 4.48 4.24
0.001181 4.4 4.24
0.001182 4.48 4.32
0.001183 4.4 4.24
0.001184 4.4 4.24
0.001185 4.4 4.16
0.001186 4.32 4.16
0.001187 4.32 4.24
0.001188 4.32 4.16
0.001189 4.32 4.16
0.00119 4.32 4.16
0.001191 4.24 4.08
0.001192 4.24 4.16
0.001193 4.24 4.08
0.001194 4.16 4
0.001195 4.24 4.16
0.001196 4.08 4
0.001197 4.16 4.08
0.001198 4.08 4
0.001199 4.08 4
0.0012 4.08 4
0.001201 4.08 3.92
0.001202 4.08 3.92
0.001203 4.08 3.92
0.001204 4 3.84
0.001205 4 3.92
0.001206 3.92 3.84
0.001207 3.92 3.84
0.001208 3.92 3.84
0.001209 3.92 3.76
0.00121 3.92 3.84
0.001211 3.84 3.76
0.001212 3.84 3.76
0.001213 3.84 3.76
0.001214 3.76 3.68
0.001215 3.76 3.68
0.001216 3.76 3.6
0.001217 3.76 3.68
0.001218 3.76 3.6
0.001219 3.76 3.6
0.00122 3.68 3.6
0.001221 3.6 3.52
0.001222 3.68 3.52
0.001223 3.6 3.52
0.001224 3.6 3.52
0.001225 3.6 3.52
0.001226 3.52 3.44
0.001227 3.52 3.36
0.001228 3.52 3.36
0.001229 3.44 3.36
0.00123 3.44 3.36
0.001231 3.44 3.28
0.001232 3.44 3.28
0.001233 3.44 3.28
0.001234 3.44 3.28
0.001235 3.36 3.28
0.001236 3.28 3.2
0.001237 3.28 3.2
0.001238 3.28 3.2
0.001239 3.28 3.2
0.00124 3.2 3.04
0.001241 3.2 3.12
0.001242 3.2 3.04
0.001243 3.12 3.04
0.001244 3.12 3.04
0.001245 3.12 2.96
0.001246 3.12 2.96
0.001247 3.12 2.96
0.001248 3.04 2.96
0.001249 2.96 2.88
0.00125 2.96 2.88
0.001251 2.96 2.88
0.001252 2.96 2.8
0.001253 2.96 2.8
0.001254 2.96 2.88
0.001255 2.8 2.72
0.001256 2.88 2.8
0.001257 2.8 2.72
0.001258 2.8 2.72
0.001259 2.8 2.72
0.00126 2.8 2.64
0.001261 2.8 2.56
0.001262 2.8 2.56
0.001263 2.64 2.56
0.001264 2.64 2.56
0.001265 2.64 2.56
0.001266 2.56 2.48
0.001267 2.64 2.48
0.001268 2.56 2.56
0.001269 2.56 2.4
0.00127 2.48 2.48
0.001271 2.48 2.32
0.001272 2.48 2.32
0.001273 2.48 2.32
0.001274 2.4 2.32
0.001275 2.4 2.24
0.001276 2.4 2.16
0.001277 2.32 2.24
0.001278 2.32 2.08
0.001279 2.32 2.24
0.00128 2.24 2.24
0.001281 2.24 2.08
0.001282 2.16 2.16
0.001283 2.16 2.08
0.001284 2.16 2
0.001285 2.16 2.08
0.001286 2.08 2
0.001287 2.16 2
0.001288 2 1.92
0.001289 2 1.92
0.00129 2 1.92
0.001291 1.92 1.92
0.001292 1.92 1.92
0.001293 1.92 1.76
0.001294 1.92 1.76
0.001295 1.84 1.76
0.001296 1.84 1.68
0.001297 1.84 1.68
0.001298 1.84 1.6
0.001299 1.68 1.68
0.0013 1.68 1.68
0.001301 1.68 1.6
0.001302 1.68 1.6
0.001303 1.68 1.52
0.001304 1.6 1.6
0.001305 1.6 1.52
0.001306 1.6 1.44
0.001307 1.52 1.44
0.001308 1.52 1.44
0.001309 1.52 1.36
0.00131 1.52 1.36
0.001311 1.36 1.36
0.001312 1.36 1.36
0.001313 1.36 1.28
0.001314 1.36 1.28
0.001315 1.28 1.2
0.001316 1.28 1.28
0.001317 1.28 1.2
0.001318 1.2 1.12
0.001319 1.2 1.12
0.00132 1.2 1.12
0.001321 1.2 1.12
0.001322 1.2 1.04
0.001323 1.12 1.04
0.001324 1.12 0.96
0.001325 1.04 0.96
0.001326 1.04 0.96
0.001327 0.96 0.88
0.001328 0.96 0.96
0.001329 0.96 0.88
0.00133 0.96 0.8
0.001331 0.88 0.88
0.001332 0.88 0.8
0.001333 0.88 0.8
0.001334 0.88 0.72
0.001335 0.8 0.64
0.001336 0.72 0.72
0.001337 0.72 0.64
0.001338 0.72 0.64
0.001339 0.64 0.64
0.00134 0.64 0.56
0.001341 0.64 0.56
0.001342 0.64 0.48
0.001343 0.56 0.48
0.001344 0.56 0.48
0.001345 0.48 0.4
0.001346 0.56 0.4
0.001347 0.4 0.4
0.001348 0.4 0.4
0.001349 0.4 0.32
0.00135 0.32 0.24
0.001351 0.32 0.32
0.001352 0.24 0.16
0.001353 0.32 0.24
0.001354 0.24 0.16
0.001355 0.24 0.16
0.001356 0.24 0.08
0.001357 0.16 0.08
0.001358 0.24 0
0.001359 0.08 0.08
0.00136 0.08 0
0.001361 0.08 0
0.001362 0 0
0.001363 0 -0.16
0.001364 0 -0.16
0.001365 0 -0.16
0.001366 -0.16 -0.24
0.001367 -0.16 -0.24
0.001368 -0.16 -0.24
0.001369 -0.16 -0.24
0.00137 -0.24 -0.24
0.001371 -0.24 -0.4
0.001372 -0.32 -0.32
0.001373 -0.32 -0.4
0.001374 -0.32 -0.4
0.001375 -0.4 -0.4
0.001376 -0.4 -0.48
0.001377 -0.4 -0.48
0.001378 -0.48 -0.56
0.001379 -0.48 -0.56
0.00138 -0.48 -0.56
0.001381 -0.56 -0.64
0.001382 -0.64 -0.64
0.001383 -0.64 -0.64
0.001384 -0.64 -0.64
0.001385 -0.72 -0.64
0.001386 -0.72 -0.8
0.001387 -0.72 -0.8
0.001388 -0.8 -0.88
0.001389 -0.8 -0.88
0.00139 -0.8 -0.88
0.001391 -0.8 -0.96
0.001392 -0.88 -0.88
0.001393 -0.88 -0.96
0.001394 -0.96 -0.96
0.001395 -0.96 -1.04
0.001396 -0.96 -1.04
0.001397 -1.04 -1.04
0.001398 -1.04 -1.04
0.001399 -1.04 -1.12
0.0014 -1.12 -1.12
0.001401 -1.12 -1.12
0.001402 -1.12 -1.2
0.001403 -1.12 -1.2
0.001404 -1.28 -1.28
0.001405 -1.28 -1.28
0.001406 -1.28 -1.28
0.001407 -1.28 -1.28
0.001408 -1.36 -1.28
0.001409 -1.36 -1.36
0.00141 -1.44 -1.44
0.001411 -1.44 -1.36
0.001412 -1.44 -1.44
0.001413 -1.44 -1.44
0.001414 -1.44 -1.52
0.001415 -1.44 -1.52
0.001416 -1.52 -1.52
0.001417 -1.6 -1.52
0.001418 -1.6 -1.6
0.001419 -1.6 -1.6
0.00142 -1.68 -1.68
0.001421 -1.68 -1.6
0.001422 -1.68 -1.68
0.001423 -1.76 -1.68
0.001424 -1.76 -1.76
0.001425 -1.76 -1.84
0.001426 -1.76 -1.76
0.001427 -1.76 -1.84
0.001428 -1.76 -1.84
0.001429 -1.92 -1.92
0.00143 -1.92 -1.92
0.001431 -2 -1.92
0.001432 -2 -1.92
0.001433 -2 -2
0.001434 -2 -2
0.001435 -2.08 -2.08
0.001436 -2.08 -2
0.001437 -2.08 -2.08
0.001438 -2.08 -2.16
0.001439 -2.08 -2.08
0.00144 -2.24 -2.16
0.001441 -2.24 -2.24
0.001442 -2.24 -2.24
0.001443 -2.24 -2.32
0.001444 -2.32 -2.24
0.001445 -2.32 -2.32
0.001446 -2.32 -2.32
0.001447 -2.32 -2.32
0.001448 -2.4 -2.4
0.001449 -2.4 -2.32
0.00145 -2.4 -2.4
0.001451 -2.4 -2.48
0.001452 -2.4 -2.4
0.001453 -2.48 -2.56
0.001454 -2.56 -2.48
0.001455 -2.56 -2.48
0.001456 -2.56 -2.64
0.001457 -2.64 -2.56
0.001458 -2.64 -2.64
0.001459 -2.64 -2.64
0.00146 -2.64 -2.72
0.001461 -2.72 -2.8
0.001462 -2.72 -2.72
0.001463 -2.8 -2.72
0.001464 -2.72 -2.8
0.001465 -2.8 -2.8
0.001466 -2.88 -2.88
0.001467 -2.88 -2.88
0.001468 -2.88 -2.88
0.001469 -2.88 -2.88
0.00147 -2.96 -2.96
0.001471 -2.96 -2.96
0.001472 -2.96 -2.96
0.001473 -3.04 -2.96
0.001474 -3.04 -2.96
0.001475 -3.04 -3.04
0.001476 -3.12 -3.12
0.001477 -3.12 -3.12
0.001478 -3.04 -3.12
0.001479 -3.2 -3.2
0.00148 -3.2 -3.2
0.001481 -3.2 -3.2
0.001482 -3.2 -3.28
0.001483 -3.2 -3.2
0.001484 -3.28 -3.28
0.001485 -3.28 -3.2
0.001486 -3.28 -3.28
0.001487 -3.28 -3.36
0.001488 -3.28 -3.28
0.001489 -3.36 -3.44
0.00149 -3.36 -3.36
0.001491 -3.36 -3.36
0.001492 -3.44 -3.52
0.001493 -3.44 -3.44
0.001494 -3.52 -3.6
0.001495 -3.52 -3.52
0.001496 -3.52 -3.52
0.001497 -3.52 -3.6
0.001498 -3.6 -3.52
0.001499 -3.6 -3.6
0.0015 -3.68 -3.6
0.001501 -3.68 -3.6
0.001502 -3.68 -3.76
0.001503 -3.68 -3.68
0.001504 -3.68 -3.76
0.001505 -3.68 -3.76
0.001506 -3.68 -3.68
0.001507 -3.84 -3.84
0.001508 -3.76 -3.76
0.001509 -3.84 -3.84
0.00151 -3.84 -3.84
0.001511 -3.92 -3.84
0.001512 -3.92 -3.84
0.001513 -3.92 -3.84
0.001514 -4 -3.92
0.001515 -4 -3.92
0.001516 -4 -3.92
0.001517 -4 -3.92
0.001518 -4 -4
0.001519 -4 -3.92
0.00152 -4 -4
0.001521 -4 -4
0.001522 -4.16 -4.08
0.001523 -4.08 -4.08
0.001524 -4.16 -4.08
0.001525 -4.16 -4.16
0.001526 -4.16 -4.16
0.001527 -4.24 -4.16
0.001528 -4.16 -4.16
0.001529 -4.32 -4.16
0.00153 -4.24 -4.16
0.001531 -4.32 -4.32
0.001532 -4.24 -4.24
0.001533 -4.32 -4.24
0.001534 -4.32 -4.24
0.001535 -4.32 -4.24
0.001536 -4.48 -4.4
0.001537 -4.4 -4.32
0.001538 -4.4 -4.4
0.001539 -4.48 -4.32
0.00154 -4.4 -4.4
0.001541 -4.48 -4.4
0.001542 -4.48 -4.32
0.001543 -4.48 -4.48
0.001544 -4.56 -4.48
0.001545 -4.48 -4.48
0.001546 -4.56 -4.56
0.001547 -4.56 -4.48
0.001548 -4.56 -4.56
0.001549 -4.56 -4.48
0.00155 -4.64 -4.56
0.001551 -4.64 -4.56
0.001552 -4.64 -4.56
0.001553 -4.64 -4.64
0.001554 -4.64 -4.56
0.001555 -4.64 -4.64
0.001556 -4.64 -4.72
0.001557 -4.8 -4.56
0.001558 -4.8 -4.72
0.001559 -4.8 -4.72
0.00156 -4.8 -4.72
0.001561 -4.8 -4.8
0.001562 -4.8 -4.8
0.001563 -4.8 -4.8
0.001564 -4.88 -4.8
0.001565 -4.88 -4.8
0.001566 -4.88 -4.8
0.001567 -4.88 -4.8
0.001568 -4.96 -4.88
0.001569 -4.96 -4.88
0.00157 -4.88 -4.8
0.001571 -4.96 -4.88
0.001572 -4.96 -4.96
0.001573 -4.96 -4.96
0.001574 -4.96 -4.88
0.001575 -4.96 -4.88
0.001576 -4.96 -4.96
0.001577 -4.96 -5.04
0.001578 -5.04 -5.04
0.001579 -5.12 -4.96
0.00158 -5.12 -5.04
0.001581 -5.12 -4.96
0.001582 -5.12 -5.04
0.001583 -5.12 -5.04
0.001584 -5.12 -5.12
0.001585 -5.2 -5.04
0.001586 -5.2 -5.04
0.001587 -5.2 -5.12
0.001588 -5.2 -5.04
0.001589 -5.2 -5.12
0.00159 -5.2 -5.12
0.001591 -5.2 -5.12
0.001592 -5.28 -5.2
0.001593 -5.28 -5.12
0.001594 -5.28 -5.2
0.001595 -5.28 -5.2
0.001596 -5.28 -5.2
0.001597 -5.28 -5.28
0.001598 -5.28 -5.2
0.001599 -5.28 -5.2
0.0016 -5.36 -5.28
0.001601 -5.28 -5.28
0.001602 -5.44 -5.28
0.001603 -5.36 -5.28
0.001604 -5.44 -5.28
0.001605 -5.44 -5.36
0.001606 -5.44 -5.36
0.001607 -5.44 -5.36
0.001608 -5.44 -5.36
0.001609 -5.44 -5.36
0.00161 -5.52 -5.44
0.001611 -5.44 -5.44
0.001612 -5.44 -5.36
0.001613 -5.52 -5.36
0.001614 -5.44 -5.36
0.001615 -5.52 -5.44
0.001616 -5.52 -5.44
0.001617 -5.52 -5.44
0.001618 -5.52 -5.44
0.001619 -5.52 -5.44
0.00162 -5.6 -5.44
0.001621 -5.6 -5.44
0.001622 -5.6 -5.44
0.001623 -5.6 -5.44
0.001624 -5.6 -5.44
0.001625 -5.6 -5.52
0.001626 -5.6 -5.52
0.001627 -5.6 -5.44
0.001628 -5.6 -5.52
0.001629 -5.6 -5.52
0.00163 -5.6 -5.52
0.001631 -5.6 -5.52
0.001632 -5.6 -5.52
0.001633 -5.6 -5.52
0.001634 -5.6 -5.52
0.001635 -5.6 -5.52
0.001636 -5.68 -5.52
0.001637 -5.68 -5.52
0.001638 -5.68 -5.52
0.001639 -5.6 -5.52
0.00164 -5.68 -5.6
0.001641 -5.76 -5.52
0.001642 -5.76 -5.52
0.001643 -5.76 -5.6
0.001644 -5.68 -5.6
0.001645 -5.76 -5.52
0.001646 -5.76 -5.6
0.001647 -5.76 -5.6
0.001648 -5.76 -5.6
0.001649 -5.76 -5.68
0.00165 -5.76 -5.6
0.001651 -5.76 -5.6
0.001652 -5.76 -5.68
0.001653 -5.76 -5.68
0.001654 -5.76 -5.68
0.001655 -5.76 -5.6
0.001656 -5.76 -5.68
0.001657 -5.76 -5.68
0.001658 -5.76 -5.6
0.001659 -5.84 -5.68
0.00166 -5.84 -5.6
0.001661 -5.84 -5.68
0.001662 -5.84 -5.76
0.001663 -5.84 -5.68
0.001664 -5.76 -5.68
0.001665 -5.84 -5.68
0.001666 -5.84 -5.68
0.001667 -5.84 -5.76
0.001668 -5.84 -5.68
0.001669 -5.84 -5.68
0.00167 -5.84 -5.68
0.001671 -5.84 -5.68
0.001672 -5.84 -5.76
0.001673 -5.84 -5.68
0.001674 -5.84 -5.76
0.001675 -5.84 -5.68
0.001676 -5.84 -5.68
0.001677 -5.84 -5.76
0.001678 -5.84 -5.76
0.001679 -5.84 -5.76
0.00168 -5.84 -5.76
0.001681 -5.84 -5.68
0.001682 -5.84 -5.76
0.001683 -5.84 -5.76
0.001684 -5.92 -5.68
0.001685 -5.84 -5.76
0.001686 -5.84 -5.68
0.001687 -5.84 -5.76
0.001688 -5.84 -5.68
0.001689 -5.84 -5.68
0.00169 -5.84 -5.76
0.001691 -5.84 -5.68
0.001692 -5.84 -5.68
0.001693 -5.84 -5.76
0.001694 -5.92 -5.68
0.001695 -5.84 -5.76
0.001696 -5.84 -5.68
0.001697 -5.84 -5.68
0.001698 -5.84 -5.76
0.001699 -5.84 -5.68
0.0017 -5.84 -5.76
0.001701 -5.84 -5.68
0.001702 -5.84 -5.68
0.001703 -5.84 -5.68
0.001704 -5.84 -5.68
0.001705 -5.84 -5.76
0.001706 -5.84 -5.68
0.001707 -5.84 -5.6
0.001708 -5.84 -5.68
0.001709 -5.84 -5.68
0.00171 -5.84 -5.68
0.001711 -5.84 -5.68
0.001712 -5.76 -5.6
0.001713 -5.84 -5.68
0.001714 -5.76 -5.6
0.001715 -5.76 -5.68
0.001716 -5.84 -5.68
0.001717 -5.76 -5.6
0.001718 -5.76 -5.68
0.001719 -5.76 -5.6
0.00172 -5.76 -5.68
0.001721 -5.84 -5.6
0.001722 -5.76 -5.6
0.001723 -5.76 -5.68
0.001724 -5.76 -5.52
0.001725 -5.76 -5.6
0.001726 -5.76 -5.6
0.001727 -5.76 -5.6
0.001728 -5.76 -5.6
0.001729 -5.76 -5.52
0.00173 -5.76 -5.52
0.001731 -5.76 -5.52
0.001732 -5.76 -5.6
0.001733 -5.76 -5.52
0.001734 -5.76 -5.52
0.001735 -5.76 -5.52
0.001736 -5.68 -5.52
0.001737 -5.6 -5.52
0.001738 -5.68 -5.52
0.001739 -5.6 -5.52
0.00174 -5.6 -5.52
0.001741 -5.6 -5.52
0.001742 -5.6 -5.52
0.001743 -5.6 -5.44
0.001744 -5.6 -5.44
0.001745 -5.6 -5.44
0.001746 -5.6 -5.52
0.001747 -5.6 -5.52
0.001748 -5.6 -5.44
0.001749 -5.6 -5.44
0.00175 -5.6 -5.36
0.001751 -5.6 -5.44
0.001752 -5.52 -5.44
0.001753 -5.6 -5.36
0.001754 -5.52 -5.44
0.001755 -5.6 -5.36
0.001756 -5.52 -5.36
0.001757 -5.52 -5.36
0.001758 -5.52 -5.28
0.001759 -5.52 -5.36
0.00176 -5.52 -5.36
0.001761 -5.52 -5.36
0.001762 -5.44 -5.36
0.001763 -5.44 -5.28
0.001764 -5.52 -5.28
0.001765 -5.44 -5.28
0.001766 -5.52 -5.28
0.001767 -5.44 -5.28
0.001768 -5.44 -5.28
0.001769 -5.44 -5.2
0.00177 -5.44 -5.2
0.001771 -5.44 -5.2
0.001772 -5.36 -5.2
0.001773 -5.28 -5.2
0.001774 -5.28 -5.2
0.001775 -5.28 -5.2
0.001776 -5.28 -5.2
0.001777 -5.28 -5.12
0.001778 -5.28 -5.12
0.001779 -5.28 -5.12
0.00178 -5.28 -5.12
0.001781 -5.28 -5.12
0.001782 -5.28 -5.04
0.001783 -5.28 -5.12
0.001784 -5.28 -5.04
0.001785 -5.2 -5.12
0.001786 -5.28 -5.04
0.001787 -5.2 -5.04
0.001788 -5.2 -5.04
0.001789 -5.12 -4.96
0.00179 -5.12 -5.04
0.001791 -5.2 -4.96
0.001792 -5.12 -4.96
0.001793 -5.12 -4.96
0.001794 -5.12 -4.88
0.001795 -5.12 -4.96
0.001796 -4.96 -4.88
0.001797 -5.12 -4.88
0.001798 -5.04 -4.96
0.001799 -5.04 -4.88
0.0018 -4.96 -4.88
0.001801 -4.96 -4.8
0.001802 -4.96 -4.8
0.001803 -4.96 -4.8
0.001804 -4.96 -4.8
0.001805 -4.96 -4.8
0.001806 -4.96 -4.8
0.001807 -4.96 -4.8
0.001808 -4.88 -4.8
0.001809 -4.88 -4.72
0.00181 -4.88 -4.72
0.001811 -4.88 -4.72
0.001812 -4.88 -4.64
0.001813 -4.88 -4.64
0.001814 -4.8 -4.64
0.001815 -4.8 -4.64
0.001816 -4.8 -4.64
0.001817 -4.8 -4.56
0.001818 -4.72 -4.56
0.001819 -4.64 -4.56
0.00182 -4.72 -4.48
0.001821 -4.64 -4.48
0.001822 -4.64 -4.48
0.001823 -4.64 -4.48
0.001824 -4.64 -4.48
0.001825 -4.64 -4.4
0.001826 -4.64 -4.48
0.001827 -4.56 -4.4
0.001828 -4.56 -4.32
0.001829 -4.56 -4.4
0.00183 -4.56 -4.32
0.001831 -4.56 -4.32
0.001832 -4.48 -4.4
0.001833 -4.48 -4.24
0.001834 -4.48 -4.24
0.001835 -4.48 -4.24
0.001836 -4.48 -4.24
0.001837 -4.32 -4.24
0.001838 -4.32 -4.16
0.001839 -4.4 -4.24
0.00184 -4.32 -4.16
0.001841 -4.32 -4.16
0.001842 -4.32 -4.16
0.001843 -4.32 -4.16
0.001844 -4.24 -4.16
0.001845 -4.24 -4.08
0.001846 -4.24 -4.08
0.001847 -4.24 -4.08
0.001848 -4.16 -4
0.001849 -4.16 -4
0.00185 -4.16 -4
0.001851 -4.16 -3.92
0.001852 -4.16 -3.92
0.001853 -4.16 -3.92
0.001854 -4 -3.92
0.001855 -4.08 -3.92
0.001856 -4 -3.84
0.001857 -4 -3.84
0.001858 -4 -3.84
0.001859 -4 -3.84
0.00186 -4 -3.84
0.001861 -4 -3.76
0.001862 -3.92 -3.76
0.001863 -3.92 -3.76
0.001864 -3.92 -3.76
0.001865 -3.84 -3.76
0.001866 -3.84 -3.6
0.001867 -3.84 -3.6
0.001868 -3.84 -3.68
0.001869 -3.84 -3.6
0.00187 -3.68 -3.6
0.001871 -3.68 -3.52
0.001872 -3.68 -3.52
0.001873 -3.68 -3.52
0.001874 -3.68 -3.52
0.001875 -3.68 -3.52
0.001876 -3.6 -3.44
0.001877 -3.6 -3.44
0.001878 -3.6 -3.44
0.001879 -3.52 -3.44
0.00188 -3.52 -3.44
0.001881 -3.52 -3.36
0.001882 -3.52 -3.36
0.001883 -3.44 -3.36
0.001884 -3.36 -3.28
0.001885 -3.36 -3.28
0.001886 -3.36 -3.2
0.001887 -3.36 -3.2
0.001888 -3.36 -3.2
0.001889 -3.28 -3.2
0.00189 -3.28 -3.12
0.001891 -3.28 -3.12
0.001892 -3.2 -3.12
0.001893 -3.2 -3.12
0.001894 -3.2 -3.04
0.001895 -3.2 -3.04
0.001896 -3.2 -3.04
0.001897 -3.12 -2.96
0.001898 -3.12 -2.96
0.001899 -3.04 -2.96
0.0019 -3.04 -2.88
0.001901 -3.04 -2.88
0.001902 -3.04 -2.88
0.001903 -3.04 -2.8
0.001904 -2.96 -2.8
0.001905 -2.88 -2.72
0.001906 -2.96 -2.8
0.001907 -2.88 -2.8
0.001908 -2.88 -2.64
0.001909 -2.88 -2.72
0.00191 -2.8 -2.64
0.001911 -2.72 -2.64
0.001912 -2.72 -2.64
0.001913 -2.72 -2.56
0.001914 -2.72 -2.64
0.001915 -2.64 -2.48
0.001916 -2.64 -2.56
0.001917 -2.72 -2.48
0.001918 -2.56 -2.4
0.001919 -2.56 -2.48
0.00192 -2.56 -2.32
0.001921 -2.48 -2.48
0.001922 -2.48 -2.32
0.001923 -2.4 -2.32
0.001924 -2.4 -2.32
0.001925 -2.4 -2.24
0.001926 -2.4 -2.32
0.001927 -2.4 -2.24
0.001928 -2.32 -2.16
0.001929 -2.4 -2.24
0.00193 -2.32 -2.16
0.001931 -2.24 -2.16
0.001932 -2.24 -2.08
0.001933 -2.24 -2
0.001934 -2.24 -2
0.001935 -2.24 -2
0.001936 -2.16 -2
0.001937 -2.08 -1.92
0.001938 -2.08 -1.92
0.001939 -2.08 -1.92
0.00194 -2.08 -1.92
0.001941 -2 -1.84
0.001942 -2 -1.84
0.001943 -1.92 -1.84
0.001944 -1.92 -1.76
0.001945 -1.92 -1.84
0.001946 -1.84 -1.68
0.001947 -1.84 -1.68
0.001948 -1.76 -1.68
0.001949 -1.76 -1.68
0.00195 -1.76 -1.68
0.001951 -1.76 -1.6
0.001952 -1.68 -1.6
0.001953 -1.68 -1.6
0.001954 -1.68 -1.44
0.001955 -1.68 -1.52
0.001956 -1.6 -1.44
0.001957 -1.6 -1.52
0.001958 -1.52 -1.44
0.001959 -1.44 -1.36
0.00196 -1.44 -1.36
0.001961 -1.44 -1.36
0.001962 -1.44 -1.28
0.001963 -1.44 -1.36
0.001964 -1.44 -1.2
0.001965 -1.36 -1.28
0.001966 -1.36 -1.2
0.001967 -1.36 -1.2
0.001968 -1.28 -1.28
0.001969 -1.28 -1.04
0.00197 -1.28 -1.12
0.001971 -1.2 -1.04
0.001972 -1.12 -1.04
0.001973 -1.12 -1.04
0.001974 -1.12 -0.96
0.001975 -1.04 -0.96
0.001976 -1.04 -0.88
0.001977 -1.04 -0.88
0.001978 -1.04 -0.88
0.001979 -0.96 -0.8
0.00198 -0.96 -0.88
0.001981 -0.96 -0.8
0.001982 -0.96 -0.72
0.001983 -0.88 -0.72
0.001984 -0.8 -0.72
0.001985 -0.8 -0.72
0.001986 -0.72 -0.64
0.001987 -0.72 -0.64
0.001988 -0.72 -0.64
0.001989 -0.64 -0.64
0.00199 -0.64 -0.56
0.001991 -0.64 -0.56
0.001992 -0.56 -0.56
0.001993 -0.64 -0.48
0.001994 -0.56 -0.56
0.001995 -0.48 -0.48
0.001996 -0.48 -0.4
0.001997 -0.48 -0.4
0.001998 -0.4 -0.32
0.001999 -0.48 -0.32
0.002 -0.4 -0.24
0.002001 -0.4 -0.32
0.002002 -0.32 -0.24
0.002003 -0.32 -0.16
0.002004 -0.32 -0.24
0.002005 -0.32 -0.16
0.002006 -0.24 0
0.002007 -0.24 0
0.002008 -0.16 0
0.002009 -0.16 0
0.00201 -0.16 0.08
0.002011 0 0
0.002012 0 0.08
0.002013 0 0.16
0.002014 0.08 0.08
0.002015 0.08 0.24
0.002016 0.08 0.16
0.002017 0.16 0.24
0.002018 0.16 0.24
0.002019 0.24 0.24
0.00202 0.24 0.32
0.002021 0.24 0.32
0.002022 0.24 0.32
0.002023 0.32 0.4
0.002024 0.32 0.4
0.002025 0.4 0.48
0.002026 0.4 0.48
0.002027 0.4 0.48
0.002028 0.4 0.56
0.002029 0.48 0.64
0.00203 0.48 0.56
0.002031 0.48 0.64
0.002032 0.56 0.64
0.002033 0.64 0.64
0.002034 0.64 0.72
0.002035 0.56 0.72
0.002036 0.64 0.8
0.002037 0.72 0.72
0.002038 0.72 0.8
0.002039 0.72 0.88
0.00204 0.88 0.88
0.002041 0.88 0.96
0.002042 0.88 0.96
0.002043 0.88 0.88
0.002044 0.88 0.96
0.002045 0.88 1.04
0.002046 0.96 1.04
0.002047 0.96 0.96
0.002048 0.96 1.04
0.002049 1.04 1.12
0.00205 1.04 1.12
0.002051 1.04 1.12
0.002052 1.12 1.2
0.002053 1.12 1.2
0.002054 1.2 1.28
0.002055 1.2 1.28
0.002056 1.2 1.28
0.002057 1.2 1.36
0.002058 1.28 1.36
0.002059 1.28 1.36
0.00206 1.36 1.36
0.002061 1.36 1.44
0.002062 1.44 1.44
0.002063 1.36 1.44
0.002064 1.52 1.52
0.002065 1.52 1.52
0.002066 1.52 1.52
0.002067 1.52 1.6
0.002068 1.52 1.6
0.002069 1.6 1.6
0.00207 1.6 1.68
0.002071 1.68 1.68
0.002072 1.6 1.76
0.002073 1.68 1.68
0.002074 1.68 1.76
0.002075 1.68 1.76
0.002076 1.68 1.76
0.002077 1.76 1.92
0.002078 1.84 1.84
0.002079 1.84 1.84
0.00208 1.92 1.92
0.002081 1.84 1.92
0.002082 1.92 2
0.002083 2 2
0.002084 2 1.92
0.002085 2 2.08
0.002086 2 2.08
0.002087 2 2.16
0.002088 2.08 2.16
0.002089 2.16 2.16
0.00209 2.16 2.24
0.002091 2.16 2.24
0.002092 2.16 2.24
0.002093 2.24 2.24
0.002094 2.24 2.32
0.002095 2.24 2.32
0.002096 2.32 2.32
0.002097 2.32 2.32
0.002098 2.32 2.4
0.002099 2.32 2.32
0.0021 2.32 2.4
0.002101 2.4 2.48
0.002102 2.48 2.48
0.002103 2.48 2.48
0.002104 2.48 2.56
0.002105 2.48 2.56
0.002106 2.56 2.56
0.002107 2.56 2.56
0.002108 2.56 2.56
0.002109 2.64 2.64
0.00211 2.64 2.64
0.002111 2.64 2.72
0.002112 2.72 2.72
0.002113 2.72 2.72
0.002114 2.8 2.8
0.002115 2.8 2.72
0.002116 2.8 2.88
0.002117 2.8 2.8
0.002118 2.8 2.88
0.002119 2.88 2.88
0.00212 2.88 2.88
0.002121 2.88 2.96
0.002122 2.88 2.88
0.002123 2.96 2.96
0.002124 2.96 3.04
0.002125 2.96 2.96
0.002126 3.12 3.12
0.002127 3.12 3.04
0.002128 3.04 3.04
0.002129 3.12 3.2
0.00213 3.12 3.12
0.002131 3.12 3.2
0.002132 3.2 3.2
0.002133 3.2 3.2
0.002134 3.2 3.28
0.002135 3.2 3.2
0.002136 3.2 3.28
0.002137 3.28 3.28
0.002138 3.28 3.28
0.002139 3.36 3.36
0.00214 3.44 3.28
0.002141 3.44 3.44
0.002142 3.44 3.44
0.002143 3.44 3.44
0.002144 3.44 3.44
0.002145 3.52 3.52
0.002146 3.52 3.52
0.002147 3.52 3.52
0.002148 3.52 3.6
0.002149 3.6 3.6
0.00215 3.6 3.6
0.002151 3.52 3.6
0.002152 3.6 3.6
0.002153 3.6 3.6
0.002154 3.68 3.68
0.002155 3.68 3.68
0.002156 3.76 3.68
0.002157 3.76 3.76
0.002158 3.76 3.76
0.002159 3.76 3.76
0.00216 3.76 3.84
0.002161 3.76 3.76
0.002162 3.76 3.84
0.002163 3.84 3.84
0.002164 3.84 3.84
0.002165 3.92 3.92
0.002166 3.92 3.92
0.002167 3.92 3.92
0.002168 3.92 3.92
0.002169 4 3.92
0.00217 4 4
0.002171 4 4
0.002172 4.08 4.08
0.002173 4.08 4
0.002174 4.08 4
0.002175 4.08 4.16
0.002176 4.08 4.08
0.002177 4.08 4.08
0.002178 4.16 4.16
0.002179 4.16 4.16
0.00218 4.16 4.24
0.002181 4.24 4.16
0.002182 4.24 4.24
0.002183 4.24 4.16
0.002184 4.24 4.24
0.002185 4.32 4.24
0.002186 4.24 4.24
0.002187 4.32 4.24
0.002188 4.32 4.24
0.002189 4.4 4.32
0.00219 4.4 4.32
0.002191 4.4 4.32
0.002192 4.48 4.4
0.002193 4.4 4.32
0.002194 4.48 4.4
0.002195 4.48 4.4
0.002196 4.48 4.48
0.002197 4.48 4.48
0.002198 4.56 4.48
0.002199 4.56 4.48
0.0022 4.48 4.48
0.002201 4.56 4.56
0.002202 4.56 4.56
0.002203 4.56 4.56
0.002204 4.56 4.56
0.002205 4.56 4.56
0.002206 4.72 4.56
0.002207 4.64 4.56
0.002208 4.72 4.64
0.002209 4.72 4.64
0.00221 4.72 4.64
0.002211 4.72 4.72
0.002212 4.72 4.64
0.002213 4.72 4.72
0.002214 4.8 4.8
0.002215 4.8 4.72
0.002216 4.8 4.8
0.002217 4.88 4.72
0.002218 4.88 4.8
0.002219 4.88 4.8
0.00222 4.88 4.8
0.002221 4.88 4.88
0.002222 4.88 4.8
0.002223 4.88 4.8
0.002224 4.88 4.88
0.002225 4.96 4.88
0.002226 5.04 4.88
0.002227 4.96 4.88
0.002228 4.96 4.88
0.002229 5.04 4.88
0.00223 5.04 4.88
0.002231 5.04 4.88
0.002232 5.04 4.96
0.002233 5.04 4.96
0.002234 5.04 4.96
0.002235 5.04 4.96
0.002236 5.12 5.04
0.002237 5.04 5.04
0.002238 5.12 4.96
0.002239 5.04 5.04
0.00224 5.12 5.12
0.002241 5.12 5.04
0.002242 5.12 5.12
0.002243 5.12 5.12
0.002244 5.12 5.12
0.002245 5.12 5.12
0.002246 5.2 5.12
0.002247 5.2 5.12
0.002248 5.2 5.12
0.002249 5.2 5.12
0.00225 5.2 5.2
0.002251 5.2 5.12
0.002252 5.2 5.2
0.002253 5.28 5.12
0.002254 5.36 5.2
0.002255 5.28 5.28
0.002256 5.36 5.2
0.002257 5.36 5.2
0.002258 5.36 5.2
0.002259 5.36 5.2
0.00226 5.36 5.28
0.002261 5.36 5.28
0.002262 5.36 5.28
0.002263 5.36 5.28
0.002264 5.36 5.28
0.002265 5.36 5.28
0.002266 5.36 5.28
0.002267 5.36 5.28
0.002268 5.36 5.28
0.002269 5.44 5.36
0.00227 5.44 5.44
0.002271 5.36 5.36
0.002272 5.44 5.36
0.002273 5.44 5.44
0.002274 5.52 5.36
0.002275 5.44 5.36
0.002276 5.44 5.44
0.002277 5.44 5.44
0.002278 5.52 5.52
0.002279 5.44 5.44
0.00228 5.52 5.44
0.002281 5.44 5.44
0.002282 5.52 5.44
0.002283 5.52 5.52
0.002284 5.52 5.44
0.002285 5.52 5.44
0.002286 5.52 5.44
0.002287 5.52 5.44
0.002288 5.6 5.52
0.002289 5.52 5.44
0.00229 5.6 5.44
0.002291 5.6 5.52
0.002292 5.52 5.44
0.002293 5.6 5.52
0.002294 5.6 5.52
0.002295 5.52 5.44
0.002296 5.6 5.52
0.002297 5.68 5.44
0.002298 5.6 5.52
0.002299 5.6 5.52
0.0023 5.6 5.44
0.002301 5.52 5.52
0.002302 5.68 5.52
0.002303 5.68 5.52
0.002304 5.68 5.52
0.002305 5.68 5.52
0.002306 5.68 5.6
0.002307 5.68 5.52
0.002308 5.68 5.52
0.002309 5.68 5.52
0.00231 5.68 5.52
0.002311 5.68 5.52
0.002312 5.68 5.6
0.002313 5.68 5.52
0.002314 5.68 5.52
0.002315 5.68 5.6
0.002316 5.68 5.52
0.002317 5.68 5.6
0.002318 5.68 5.52
0.002319 5.68 5.6
0.00232 5.68 5.6
0.002321 5.68 5.6
0.002322 5.68 5.6
0.002323 5.68 5.52
0.002324 5.76 5.6
0.002325 5.68 5.6
0.002326 5.68 5.52
0.002327 5.68 5.6
0.002328 5.68 5.52
0.002329 5.68 5.52
0.00233 5.68 5.6
0.002331 5.68 5.52
0.002332 5.68 5.6
0.002333 5.76 5.6
0.002334 5.68 5.6
0.002335 5.68 5.6
0.002336 5.76 5.52
0.002337 5.68 5.6
0.002338 5.68 5.52
0.002339 5.68 5.6
0.00234 5.68 5.6
0.002341 5.68 5.52
0.002342 5.68 5.6
0.002343 5.68 5.52
0.002344 5.68 5.6
0.002345 5.68 5.6
0.002346 5.68 5.52
0.002347 5.68 5.52
0.002348 5.68 5.6
0.002349 5.68 5.52
0.00235 5.68 5.6
0.002351 5.76 5.52
0.002352 5.68 5.52
0.002353 5.68 5.52
0.002354 5.68 5.52
0.002355 5.68 5.52
0.002356 5.68 5.52
0.002357 5.68 5.52
0.002358 5.68 5.52
0.002359 5.6 5.52
0.00236 5.6 5.52
0.002361 5.6 5.52
0.002362 5.68 5.52
0.002363 5.68 5.52
0.002364 5.6 5.52
0.002365 5.68 5.52
0.002366 5.68 5.52
0.002367 5.6 5.44
0.002368 5.68 5.52
0.002369 5.6 5.44
0.00237 5.6 5.44
0.002371 5.6 5.52
0.002372 5.6 5.44
0.002373 5.52 5.52
0.002374 5.6 5.44
0.002375 5.52 5.44
0.002376 5.52 5.44
0.002377 5.52 5.44
0.002378 5.6 5.52
0.002379 5.52 5.44
0.00238 5.52 5.44
0.002381 5.52 5.44
0.002382 5.52 5.44
0.002383 5.52 5.44
0.002384 5.52 5.36
0.002385 5.52 5.36
0.002386 5.52 5.44
0.002387 5.52 5.36
0.002388 5.44 5.36
0.002389 5.44 5.36
0.00239 5.44 5.28
0.002391 5.44 5.44
0.002392 5.44 5.28
0.002393 5.44 5.28
0.002394 5.44 5.28
0.002395 5.36 5.28
0.002396 5.36 5.28
0.002397 5.36 5.28
0.002398 5.36 5.28
0.002399 5.36 5.28
0.0024 5.36 5.28
0.002401 5.36 5.28
0.002402 5.36 5.2
0.002403 5.36 5.2
0.002404 5.36 5.2
0.002405 5.36 5.2
0.002406 5.36 5.12
0.002407 5.36 5.2
0.002408 5.36 5.12
0.002409 5.36 5.2
0.00241 5.36 5.2
0.002411 5.36 5.12
0.002412 5.36 5.12
0.002413 5.2 5.12
0.002414 5.28 5.12
0.002415 5.2 5.12
0.002416 5.2 5.12
0.002417 5.2 5.12
0.002418 5.2 5.04
0.002419 5.2 5.12
0.00242 5.2 5.04
0.002421 5.2 4.96
0.002422 5.2 5.04
0.002423 5.12 5.04
0.002424 5.12 4.96
0.002425 5.12 4.96
0.002426 5.12 4.96
0.002427 5.12 4.96
0.002428 5.12 4.96
0.002429 5.04 4.96
0.00243 5.04 4.96
0.002431 5.04 4.88
0.002432 5.04 4.88
0.002433 5.04 4.88
0.002434 5.04 4.8
0.002435 5.04 4.88
0.002436 5.04 4.8
0.002437 5.04 4.88
0.002438 4.88 4.8
0.002439 5.04 4.8
0.00244 4.96 4.8
0.002441 4.88 4.8
0.002442 4.96 4.8
0.002443 4.88 4.8
0.002444 4.88 4.72
0.002445 4.88 4.72
0.002446 4.8 4.64
0.002447 4.8 4.72
0.002448 4.8 4.72
0.002449 4.8 4.64
0.00245 4.8 4.56
0.002451 4.8 4.64
0.002452 4.8 4.64
0.002453 4.72 4.64
0.002454 4.8 4.56
0.002455 4.72 4.56
0.002456 4.72 4.56
0.002457 4.72 4.56
0.002458 4.72 4.56
0.002459 4.64 4.56
0.00246 4.56 4.48
0.002461 4.72 4.56
0.002462 4.56 4.48
0.002463 4.56 4.48
0.002464 4.56 4.4
0.002465 4.56 4.4
0.002466 4.56 4.48
0.002467 4.48 4.4
0.002468 4.48 4.4
0.002469 4.56 4.32
0.00247 4.4 4.32
0.002471 4.48 4.4
0.002472 4.48 4.32
0.002473 4.4 4.32
0.002474 4.4 4.24
0.002475 4.4 4.24
0.002476 4.4 4.32
0.002477 4.4 4.24
0.002478 4.32 4.16
0.002479 4.32 4.24
0.00248 4.24 4.16
0.002481 4.16 4.16
0.002482 4.24 4.08
0.002483 4.24 4.08
0.002484 4.24 4.08
0.002485 4.16 4.08
0.002486 4.16 4
0.002487 4.16 4
0.002488 4.08 4
0.002489 4.08 4
0.00249 4.08 3.92
0.002491 4.08 3.92
0.002492 4.08 3.92
0.002493 4.08 3.92
0.002494 4.08 3.92
0.002495 4 3.84
0.002496 3.92 3.84
0.002497 3.92 3.84
0.002498 3.92 3.76
0.002499 3.92 3.84
0.0025 3.92 3.76
0.002501 3.84 3.68
0.002502 3.84 3.76
0.002503 3.84 3.68
0.002504 3.76 3.68
0.002505 3.76 3.68
0.002506 3.76 3.6
0.002507 3.76 3.68
0.002508 3.76 3.6
0.002509 3.76 3.6
0.00251 3.76 3.6
0.002511 3.76 3.52
0.002512 3.68 3.52
0.002513 3.6 3.52
0.002514 3.52 3.52
0.002515 3.52 3.44
0.002516 3.6 3.44
0.002517 3.52 3.36
0.002518 3.52 3.36
0.002519 3.44 3.36
0.00252 3.44 3.36
0.002521 3.44 3.28
0.002522 3.44 3.36
0.002523 3.44 3.28
0.002524 3.44 3.28
0.002525 3.44 3.2
0.002526 3.28 3.2
0.002527 3.28 3.2
0.002528 3.28 3.2
0.002529 3.28 3.12
0.00253 3.28 3.04
0.002531 3.2 3.12
0.002532 3.2 3.12
0.002533 3.2 3.04
0.002534 3.12 2.96
0.002535 3.12 3.04
0.002536 3.12 3.04
0.002537 3.12 2.96
0.002538 3.12 2.96
0.002539 3.04 2.88
0.00254 2.96 2.88
0.002541 2.96 2.88
0.002542 2.96 2.8
0.002543 2.96 2.88
0.002544 2.88 2.8
0.002545 2.88 2.72
0.002546 2.88 2.8
0.002547 2.8 2.72
0.002548 2.8 2.72
0.002549 2.8 2.64
0.00255 2.8 2.64
0.002551 2.8 2.72
0.002552 2.72 2.56
0.002553 2.72 2.64
0.002554 2.64 2.56
0.002555 2.64 2.56
0.002556 2.56 2.56
0.002557 2.56 2.48
0.002558 2.56 2.56
0.002559 2.56 2.4
0.00256 2.48 2.4
0.002561 2.48 2.4
0.002562 2.48 2.32
0.002563 2.48 2.32
0.002564 2.4 2.32
0.002565 2.4 2.32
0.002566 2.32 2.24
0.002567 2.4 2.24
0.002568 2.32 2.24
0.002569 2.32 2.24
0.00257 2.24 2.16
0.002571 2.24 2.16
0.002572 2.24 2.08
0.002573 2.16 2.08
0.002574 2.16 2.08
0.002575 2.16 2
0.002576 2.16 2
0.002577 2.16 2
0.002578 2.16 2
0.002579 2.08 2
0.00258 2 1.92
0.002581 1.92 1.84
0.002582 2 1.92
0.002583 1.92 1.84
0.002584 1.92 1.84
0.002585 1.84 1.76
0.002586 1.84 1.68
0.002587 1.84 1.76
0.002588 1.76 1.68
0.002589 1.68 1.68
0.00259 1.68 1.6
0.002591 1.68 1.6
0.002592 1.68 1.6
0.002593 1.6 1.6
0.002594 1.6 1.52
0.002595 1.6 1.52
0.002596 1.52 1.44
0.002597 1.6 1.52
0.002598 1.52 1.44
0.002599 1.52 1.44
0.0026 1.52 1.36
0.002601 1.52 1.36
0.002602 1.36 1.36
0.002603 1.36 1.28
0.002604 1.36 1.28
0.002605 1.36 1.28
0.002606 1.28 1.2
0.002607 1.28 1.2
0.002608 1.28 1.2
0.002609 1.2 1.12
0.00261 1.2 1.12
0.002611 1.2 1.12
0.002612 1.2 1.04
0.002613 1.12 1.04
0.002614 1.2 0.96
0.002615 1.04 0.96
0.002616 1.04 0.96
0.002617 1.04 0.96
0.002618 0.96 0.88
0.002619 0.96 0.88
0.00262 0.96 0.88
0.002621 0.88 0.88
0.002622 0.88 0.8
0.002623 0.88 0.8
0.002624 0.72 0.72
0.002625 0.8 0.72
0.002626 0.8 0.72
0.002627 0.72 0.64
0.002628 0.72 0.64
0.002629 0.72 0.64
0.00263 0.64 0.56
0.002631 0.64 0.64
0.002632 0.56 0.4
0.002633 0.56 0.48
0.002634 0.56 0.4
0.002635 0.56 0.4
0.002636 0.4 0.4
0.002637 0.48 0.32
0.002638 0.4 0.32
0.002639 0.4 0.32
0.00264 0.32 0.32
0.002641 0.32 0.32
0.002642 0.24 0.16
0.002643 0.24 0.24
0.002644 0.24 0.16
0.002645 0.24 0.16
0.002646 0.24 0.08
0.002647 0.24 0.08
0.002648 0.24 0.08
0.002649 0.08 0.08
0.00265 0.08 0
0.002651 0.08 0
0.002652 0 0
0.002653 0 0
0.002654 0 -0.16
0.002655 0 -0.24
0.002656 -0.16 -0.24
0.002657 -0.16 -0.24
0.002658 -0.16 -0.24
0.002659 -0.24 -0.24
0.00266 -0.24 -0.32
0.002661 -0.16 -0.32
0.002662 -0.32 -0.4
0.002663 -0.32 -0.4
0.002664 -0.32 -0.32
0.002665 -0.4 -0.4
0.002666 -0.4 -0.48
0.002667 -0.4 -0.48
0.002668 -0.48 -0.56
0.002669 -0.48 -0.48
0.00267 -0.48 -0.64
0.002671 -0.48 -0.56
0.002672 -0.56 -0.56
0.002673 -0.56 -0.64
0.002674 -0.64 -0.64
0.002675 -0.64 -0.72
0.002676 -0.64 -0.72
0.002677 -0.72 -0.72
0.002678 -0.8 -0.8
0.002679 -0.8 -0.88
0.00268 -0.8 -0.88
0.002681 -0.8 -0.88
0.002682 -0.8 -0.88
0.002683 -0.88 -0.96
0.002684 -0.96 -0.96
0.002685 -0.96 -0.96
0.002686 -1.04 -1.04
0.002687 -1.04 -1.04
0.002688 -1.04 -1.04
0.002689 -1.04 -1.12
0.00269 -1.12 -1.12
0.002691 -1.12 -1.2
0.002692 -1.12 -1.2
0.002693 -1.12 -1.2
0.002694 -1.2 -1.2
0.002695 -1.12 -1.2
0.002696 -1.28 -1.28
0.002697 -1.28 -1.36
0.002698 -1.36 -1.36
0.002699 -1.36 -1.36
0.0027 -1.36 -1.36
0.002701 -1.44 -1.44
0.002702 -1.44 -1.44
0.002703 -1.44 -1.44
0.002704 -1.44 -1.52
0.002705 -1.44 -1.44
0.002706 -1.52 -1.52
0.002707 -1.6 -1.6
0.002708 -1.6 -1.52
0.002709 -1.6 -1.68
0.00271 -1.68 -1.6
0.002711 -1.68 -1.68
0.002712 -1.68 -1.76
0.002713 -1.76 -1.68
0.002714 -1.76 -1.76
0.002715 -1.76 -1.76
0.002716 -1.76 -1.84
0.002717 -1.76 -1.84
0.002718 -1.84 -1.84
0.002719 -1.92 -1.92
0.00272 -1.92 -1.92
0.002721 -1.92 -1.92
0.002722 -1.92 -2
0.002723 -1.92 -2
0.002724 -2 -2
0.002725 -2 -2
0.002726 -2 -2.08
0.002727 -2.08 -2.16
0.002728 -2.08 -2.16
0.002729 -2.16 -2.16
0.00273 -2.08 -2.16
0.002731 -2.16 -2.24
0.002732 -2.24 -2.24
0.002733 -2.32 -2.24
0.002734 -2.32 -2.24
0.002735 -2.32 -2.24
0.002736 -2.32 -2.32
0.002737 -2.4 -2.32
0.002738 -2.4 -2.32
0.002739 -2.4 -2.4
0.00274 -2.4 -2.48
0.002741 -2.4 -2.48
0.002742 -2.48 -2.48
0.002743 -2.48 -2.56
0.002744 -2.56 -2.48
0.002745 -2.56 -2.56
0.002746 -2.64 -2.64
0.002747 -2.64 -2.56
0.002748 -2.64 -2.64
0.002749 -2.64 -2.56
0.00275 -2.64 -2.64
0.002751 -2.72 -2.64
0.002752 -2.72 -2.72
0.002753 -2.72 -2.72
0.002754 -2.8 -2.72
0.002755 -2.8 -2.88
0.002756 -2.8 -2.8
0.002757 -2.88 -2.8
0.002758 -2.88 -2.88
0.002759 -2.88 -2.88
0.00276 -2.96 -2.96
0.002761 -2.96 -2.96
0.002762 -2.96 -2.88
0.002763 -3.04 -2.96
0.002764 -3.04 -2.96
0.002765 -3.04 -3.04
0.002766 -3.04 -3.04
0.002767 -3.12 -3.04
0.002768 -3.12 -3.12
0.002769 -3.12 -3.12
0.00277 -3.2 -3.12
0.002771 -3.2 -3.2
0.002772 -3.2 -3.12
0.002773 -3.28 -3.28
0.002774 -3.28 -3.2
0.002775 -3.28 -3.28
0.002776 -3.28 -3.28
0.002777 -3.36 -3.28
0.002778 -3.36 -3.36
0.002779 -3.36 -3.36
0.00278 -3.44 -3.28
0.002781 -3.36 -3.44
0.002782 -3.52 -3.44
0.002783 -3.52 -3.44
0.002784 -3.52 -3.52
0.002785 -3.52 -3.44
0.002786 -3.6 -3.52
0.002787 -3.6 -3.52
0.002788 -3.6 -3.52
0.002789 -3.6 -3.6
0.00279 -3.6 -3.6
0.002791 -3.68 -3.6
0.002792 -3.68 -3.6
0.002793 -3.68 -3.6
0.002794 -3.68 -3.68
0.002795 -3.68 -3.68
0.002796 -3.76 -3.76
0.002797 -3.84 -3.76
0.002798 -3.84 -3.76
0.002799 -3.84 -3.84
0.0028 -3.84 -3.76
0.002801 -3.84 -3.84
0.002802 -3.92 -3.92
0.002803 -3.92 -3.84
0.002804 -3.92 -3.92
0.002805 -3.92 -3.92
0.002806 -3.92 -3.92
0.002807 -4 -3.92
0.002808 -4 -3.92
0.002809 -4 -4
0.00281 -4.08 -4
0.002811 -4.08 -4
0.002812 -4.16 -4.08
0.002813 -4.08 -4
0.002814 -4.16 -4.08
0.002815 -4.16 -4.08
0.002816 -4.16 -4.08
0.002817 -4.24 -4.16
0.002818 -4.24 -4.16
0.002819 -4.24 -4.16
0.00282 -4.24 -4.16
0.002821 -4.24 -4.24
0.002822 -4.32 -4.24
0.002823 -4.32 -4.24
0.002824 -4.32 -4.32
0.002825 -4.32 -4.24
0.002826 -4.32 -4.32
0.002827 -4.32 -4.32
0.002828 -4.4 -4.4
0.002829 -4.4 -4.4
0.00283 -4.48 -4.4
0.002831 -4.4 -4.4
0.002832 -4.48 -4.4
0.002833 -4.48 -4.48
0.002834 -4.48 -4.48
0.002835 -4.56 -4.48
0.002836 -4.56 -4.48
0.002837 -4.56 -4.48
0.002838 -4.64 -4.64
0.002839 -4.64 -4.56
0.00284 -4.64 -4.56
0.002841 -4.64 -4.56
0.002842 -4.64 -4.56
0.002843 -4.64 -4.56
0.002844 -4.64 -4.64
0.002845 -4.72 -4.64
0.002846 -4.72 -4.72
0.002847 -4.8 -4.64
0.002848 -4.72 -4.72
0.002849 -4.8 -4.72
0.00285 -4.8 -4.72
0.002851 -4.8 -4.72
0.002852 -4.8 -4.72
0.002853 -4.88 -4.8
0.002854 -4.88 -4.8
0.002855 -4.88 -4.88
0.002856 -4.88 -4.88
0.002857 -4.88 -4.8
0.002858 -4.96 -4.88
0.002859 -4.96 -4.88
0.00286 -4.96 -4.88
0.002861 -4.96 -4.88
0.002862 -4.96 -4.88
0.002863 -4.96 -4.88
0.002864 -4.96 -4.88
0.002865 -4.96 -4.88
0.002866 -4.96 -4.96
0.002867 -5.12 -4.96
0.002868 -5.12 -4.96
0.002869 -5.12 -5.04
0.00287 -5.04 -4.96
0.002871 -5.12 -5.04
0.002872 -5.12 -5.04
0.002873 -5.12 -5.04
0.002874 -5.12 -5.04
0.002875 -5.2 -5.04
0.002876 -5.2 -5.12
0.002877 -5.2 -5.12
0.002878 -5.2 -5.12
0.002879 -5.28 -5.12
0.00288 -5.28 -5.12
0.002881 -5.28 -5.2
0.002882 -5.2 -5.2
0.002883 -5.28 -5.12
0.002884 -5.28 -5.2
0.002885 -5.28 -5.12
0.002886 -5.28 -5.2
0.002887 -5.28 -5.2
0.002888 -5.28 -5.2
0.002889 -5.28 -5.2
0.00289 -5.28 -5.2
0.002891 -5.36 -5.28
0.002892 -5.36 -5.28
0.002893 -5.36 -5.2
0.002894 -5.36 -5.28
0.002895 -5.44 -5.28
0.002896 -5.44 -5.28
0.002897 -5.44 -5.28
0.002898 -5.44 -5.28
0.002899 -5.44 -5.36
0.0029 -5.44 -5.36
0.002901 -5.44 -5.28
0.002902 -5.44 -5.36
0.002903 -5.44 -5.36
0.002904 -5.44 -5.36
0.002905 -5.52 -5.36
0.002906 -5.52 -5.36
0.002907 -5.52 -5.44
0.002908 -5.52 -5.44
0.002909 -5.52 -5.36
0.00291 -5.6 -5.44
0.002911 -5.52 -5.36
0.002912 -5.6 -5.44
0.002913 -5.6 -5.52
0.002914 -5.52 -5.44
0.002915 -5.6 -5.44
0.002916 -5.6 -5.44
0.002917 -5.6 -5.44
0.002918 -5.6 -5.52
0.002919 -5.6 -5.52
0.00292 -5.6 -5.52
0.002921 -5.6 -5.52
0.002922 -5.68 -5.52
0.002923 -5.6 -5.6
0.002924 -5.6 -5.52
0.002925 -5.6 -5.6
0.002926 -5.6 -5.52
0.002927 -5.6 -5.52
0.002928 -5.68 -5.6
0.002929 -5.6 -5.52
0.00293 -5.68 -5.6
0.002931 -5.68 -5.52
0.002932 -5.76 -5.6
0.002933 -5.76 -5.68
0.002934 -5.76 -5.6
0.002935 -5.76 -5.6
0.002936 -5.76 -5.6
0.002937 -5.76 -5.6
0.002938 -5.76 -5.68
0.002939 -5.76 -5.68
0.00294 -5.84 -5.68
0.002941 -5.76 -5.68
0.002942 -5.76 -5.68
0.002943 -5.76 -5.6
0.002944 -5.76 -5.68
0.002945 -5.76 -5.68
0.002946 -5.76 -5.68
0.002947 -5.84 -5.68
0.002948 -5.76 -5.68
0.002949 -5.76 -5.68
0.00295 -5.84 -5.68
0.002951 -5.76 -5.76
0.002952 -5.84 -5.68
0.002953 -5.84 -5.68
0.002954 -5.76 -5.68
0.002955 -5.84 -5.68
0.002956 -5.84 -5.68
0.002957 -5.76 -5.68
0.002958 -5.84 -5.68
0.002959 -5.84 -5.76
0.00296 -5.84 -5.68
0.002961 -5.84 -5.76
0.002962 -5.84 -5.68
0.002963 -5.84 -5.68
0.002964 -5.84 -5.76
0.002965 -5.76 -5.68
0.002966 -5.84 -5.76
0.002967 -5.84 -5.68
0.002968 -5.84 -5.68
0.002969 -5.84 -5.76
0.00297 -5.92 -5.68
0.002971 -5.84 -5.76
0.002972 -5.84 -5.68
0.002973 -5.76 -5.68
0.002974 -5.84 -5.76
0.002975 -5.84 -5.68
0.002976 -5.84 -5.76
0.002977 -5.84 -5.68
0.002978 -5.84 -5.68
0.002979 -5.84 -5.68
0.00298 -5.84 -5.68
0.002981 -5.84 -5.68
0.002982 -5.84 -5.68
0.002983 -5.84 -5.68
0.002984 -5.84 -5.68
0.002985 -5.84 -5.76
0.002986 -5.84 -5.68
0.002987 -5.84 -5.68
0.002988 -5.84 -5.76
0.002989 -5.84 -5.76
0.00299 -5.84 -5.68
0.002991 -5.84 -5.68
0.002992 -5.84 -5.68
0.002993 -5.76 -5.68
0.002994 -5.84 -5.68
0.002995 -5.84 -5.68
0.002996 -5.76 -5.6
0.002997 -5.92 -5.68
0.002998 -5.84 -5.68
0.002999 -5.84 -5.68
0.003 -5.84 -5.68
0.003001 -5.76 -5.68
0.003002 -5.84 -5.68
0.003003 -5.84 -5.68
0.003004 -5.76 -5.6
0.003005 -5.76 -5.68
0.003006 -5.76 -5.6
0.003007 -5.76 -5.68
0.003008 -5.76 -5.68
0.003009 -5.76 -5.52
0.00301 -5.76 -5.68
0.003011 -5.76 -5.6
0.003012 -5.76 -5.68
0.003013 -5.76 -5.68
0.003014 -5.76 -5.52
0.003015 -5.76 -5.68
0.003016 -5.76 -5.6
0.003017 -5.76 -5.68
0.003018 -5.76 -5.68
0.003019 -5.76 -5.52
0.00302 -5.76 -5.6
0.003021 -5.76 -5.6
0.003022 -5.68 -5.52
0.003023 -5.76 -5.6
0.003024 -5.76 -5.52
0.003025 -5.68 -5.52
0.003026 -5.6 -5.52
0.003027 -5.6 -5.52
0.003028 -5.6 -5.52
0.003029 -5.76 -5.52
0.00303 -5.6 -5.52
0.003031 -5.6 -5.52
0.003032 -5.6 -5.52
0.003033 -5.6 -5.52
0.003034 -5.6 -5.52
0.003035 -5.6 -5.52
0.003036 -5.6 -5.44
0.003037 -5.6 -5.44
0.003038 -5.6 -5.44
0.003039 -5.6 -5.44
0.00304 -5.52 -5.44
0.003041 -5.6 -5.44
0.003042 -5.6 -5.36
0.003043 -5.6 -5.44
0.003044 -5.52 -5.44
0.003045 -5.52 -5.36
0.003046 -5.52 -5.44
0.003047 -5.52 -5.36
0.003048 -5.52 -5.36
0.003049 -5.52 -5.44
0.00305 -5.52 -5.36
0.003051 -5.44 -5.36
0.003052 -5.52 -5.36
0.003053 -5.44 -5.28
0.003054 -5.52 -5.36
0.003055 -5.44 -5.28
0.003056 -5.44 -5.36
0.003057 -5.44 -5.36
0.003058 -5.44 -5.2
0.003059 -5.44 -5.28
0.00306 -5.44 -5.2
0.003061 -5.44 -5.28
0.003062 -5.28 -5.2
0.003063 -5.44 -5.2
0.003064 -5.28 -5.2
0.003065 -5.36 -5.2
0.003066 -5.28 -5.2
0.003067 -5.28 -5.2
0.003068 -5.28 -5.12
0.003069 -5.28 -5.12
0.00307 -5.28 -5.12
0.003071 -5.28 -5.12
0.003072 -5.2 -5.12
0.003073 -5.28 -5.12
0.003074 -5.28 -5.04
0.003075 -5.28 -5.04
0.003076 -5.28 -5.04
0.003077 -5.2 -5.04
0.003078 -5.2 -5.04
0.003079 -5.2 -5.04
0.00308 -5.2 -5.04
0.003081 -5.12 -4.96
0.003082 -5.12 -5.04
0.003083 -5.12 -4.96
0.003084 -5.04 -4.88
0.003085 -5.04 -4.88
0.003086 -5.12 -4.88
0.003087 -5.12 -4.96
0.003088 -5.04 -4.88
0.003089 -4.96 -4.8
0.00309 -4.96 -4.88
0.003091 -5.04 -4.88
0.003092 -4.96 -4.8
0.003093 -4.96 -4.88
0.003094 -4.96 -4.8
0.003095 -4.96 -4.8
0.003096 -4.96 -4.8
0.003097 -4.96 -4.72
0.003098 -4.88 -4.8
0.003099 -4.88 -4.64
0.0031 -4.88 -4.72
0.003101 -4.88 -4.72
0.003102 -4.88 -4.72
0.003103 -4.8 -4.64
0.003104 -4.8 -4.56
0.003105 -4.8 -4.56
0.003106 -4.8 -4.56
0.003107 -4.8 -4.56
0.003108 -4.72 -4.56
0.003109 -4.72 -4.56
0.00311 -4.64 -4.56
0.003111 -4.64 -4.56
0.003112 -4.64 -4.48
0.003113 -4.64 -4.48
0.003114 -4.64 -4.48
0.003115 -4.64 -4.48
0.003116 -4.64 -4.48
0.003117 -4.56 -4.4
0.003118 -4.56 -4.4
0.003119 -4.56 -4.4
0.00312 -4.56 -4.4
0.003121 -4.48 -4.4
0.003122 -4.56 -4.32
0.003123 -4.48 -4.24
0.003124 -4.48 -4.32
0.003125 -4.48 -4.24
0.003126 -4.4 -4.32
0.003127 -4.32 -4.24
0.003128 -4.4 -4.24
0.003129 -4.4 -4.24
0.00313 -4.32 -4.24
0.003131 -4.32 -4.16
0.003132 -4.32 -4.16
0.003133 -4.32 -4.16
0.003134 -4.32 -4.24
0.003135 -4.24 -4.08
0.003136 -4.24 -4.16
0.003137 -4.24 -4
0.003138 -4.16 -4
0.003139 -4.16 -4.08
0.00314 -4.16 -3.92
0.003141 -4.16 -4
0.003142 -4.16 -3.92
0.003143 -4.16 -3.92
0.003144 -4.08 -3.92
0.003145 -4 -3.92
0.003146 -4 -3.84
0.003147 -4 -3.84
0.003148 -4 -3.84
0.003149 -4 -3.84
0.00315 -4 -3.84
0.003151 -4 -3.76
0.003152 -3.92 -3.76
0.003153 -3.92 -3.76
0.003154 -3.84 -3.76
0.003155 -3.92 -3.76
0.003156 -3.84 -3.68
0.003157 -3.84 -3.6
0.003158 -3.84 -3.6
0.003159 -3.76 -3.6
0.00316 -3.68 -3.6
0.003161 -3.68 -3.6
0.003162 -3.68 -3.6
0.003163 -3.68 -3.52
0.003164 -3.68 -3.52
0.003165 -3.6 -3.52
0.003166 -3.68 -3.52
0.003167 -3.6 -3.52
0.003168 -3.6 -3.44
0.003169 -3.6 -3.36
0.00317 -3.52 -3.44
0.003171 -3.52 -3.36
0.003172 -3.52 -3.44
0.003173 -3.52 -3.28
0.003174 -3.44 -3.2
0.003175 -3.44 -3.28
0.003176 -3.36 -3.2
0.003177 -3.36 -3.28
0.003178 -3.36 -3.2
0.003179 -3.28 -3.12
0.00318 -3.28 -3.2
0.003181 -3.28 -3.12
0.003182 -3.28 -3.12
0.003183 -3.2 -3.12
0.003184 -3.2 -3.04
0.003185 -3.2 -3.12
0.003186 -3.12 -3.04
0.003187 -3.2 -3.04
0.003188 -3.04 -2.96
0.003189 -3.04 -2.88
0.00319 -3.04 -2.96
0.003191 -3.04 -2.88
0.003192 -3.04 -2.88
0.003193 -3.04 -2.88
0.003194 -2.96 -2.8
0.003195 -2.96 -2.8
0.003196 -2.96 -2.8
0.003197 -2.88 -2.72
0.003198 -2.88 -2.8
0.003199 -2.88 -2.72
0.0032 -2.72 -2.64
0.003201 -2.8 -2.64
0.003202 -2.72 -2.64
0.003203 -2.72 -2.64
0.003204 -2.72 -2.64
0.003205 -2.72 -2.56
0.003206 -2.64 -2.48
0.003207 -2.64 -2.48
0.003208 -2.64 -2.48
0.003209 -2.56 -2.56
0.00321 -2.56 -2.4
0.003211 -2.56 -2.4
0.003212 -2.56 -2.32
0.003213 -2.4 -2.32
0.003214 -2.4 -2.32
0.003215 -2.4 -2.24
0.003216 -2.4 -2.32
0.003217 -2.4 -2.24
0.003218 -2.4 -2.24
0.003219 -2.4 -2.24
0.00322 -2.24 -2.16
0.003221 -2.32 -2.16
0.003222 -2.24 -2
0.003223 -2.24 -2.08
0.003224 -2.24 -2.16
0.003225 -2.16 -2
0.003226 -2.08 -2.08
0.003227 -2.08 -1.92
0.003228 -2.08 -1.92
0.003229 -2.08 -2
0.00323 -2 -1.84
0.003231 -2 -1.84
0.003232 -1.92 -1.92
0.003233 -1.92 -1.84
0.003234 -1.92 -1.84
0.003235 -1.92 -1.76
0.003236 -1.92 -1.84
0.003237 -1.76 -1.68
0.003238 -1.84 -1.68
0.003239 -1.76 -1.68
0.00324 -1.76 -1.68
0.003241 -1.76 -1.68
0.003242 -1.76 -1.6
0.003243 -1.68 -1.6
0.003244 -1.68 -1.52
0.003245 -1.6 -1.52
0.003246 -1.6 -1.44
0.003247 -1.6 -1.52
0.003248 -1.6 -1.36
0.003249 -1.52 -1.36
0.00325 -1.52 -1.36
0.003251 -1.44 -1.36
0.003252 -1.44 -1.28
0.003253 -1.44 -1.28
0.003254 -1.36 -1.2
0.003255 -1.44 -1.28
0.003256 -1.36 -1.28
0.003257 -1.36 -1.2
0.003258 -1.28 -1.12
0.003259 -1.28 -1.12
0.00326 -1.28 -1.2
0.003261 -1.2 -1.04
0.003262 -1.2 -1.12
0.003263 -1.12 -1.04
0.003264 -1.12 -1.04
0.003265 -1.12 -1.04
0.003266 -1.12 -0.88
0.003267 -1.12 -0.96
0.003268 -1.04 -0.88
0.003269 -0.96 -0.88
0.00327 -0.96 -0.88
0.003271 -0.96 -0.88
0.003272 -0.96 -0.8
0.003273 -0.88 -0.8
0.003274 -0.8 -0.72
0.003275 -0.8 -0.72
0.003276 -0.8 -0.64
0.003277 -0.8 -0.64
0.003278 -0.72 -0.64
0.003279 -0.64 -0.56
0.00328 -0.64 -0.56
0.003281 -0.64 -0.56
0.003282 -0.64 -0.48
0.003283 -0.56 -0.56
0.003284 -0.48 -0.4
0.003285 -0.48 -0.4
0.003286 -0.48 -0.4
0.003287 -0.48 -0.4
0.003288 -0.48 -0.4
0.003289 -0.4 -0.32
0.00329 -0.4 -0.32
0.003291 -0.4 -0.24
0.003292 -0.32 -0.24
0.003293 -0.32 -0.24
0.003294 -0.32 -0.24
0.003295 -0.32 -0.16
0.003296 -0.32 -0.16
0.003297 -0.16 0
0.003298 -0.16 0
0.003299 -0.16 0
0.0033 -0.16 0.08
0.003301 0 0.08
0.003302 0 0.08
0.003303 0 0.08
0.003304 0 0.16
0.003305 0.08 0.24
0.003306 0.16 0.16
0.003307 0.08 0.32
0.003308 0.24 0.24
0.003309 0.24 0.24
0.00331 0.24 0.32
0.003311 0.24 0.32
0.003312 0.24 0.32
0.003313 0.32 0.4
0.003314 0.32 0.4
0.003315 0.4 0.48
0.003316 0.4 0.48
0.003317 0.4 0.48
0.003318 0.4 0.56
0.003319 0.4 0.56
0.00332 0.56 0.64
0.003321 0.56 0.64
0.003322 0.56 0.64
0.003323 0.56 0.72
0.003324 0.64 0.64
0.003325 0.64 0.72
0.003326 0.64 0.72
0.003327 0.64 0.8
0.003328 0.72 0.8
0.003329 0.72 0.8
0.00333 0.88 0.8
0.003331 0.88 0.88
0.003332 0.88 0.8
0.003333 0.88 0.96
0.003334 0.88 0.96
0.003335 0.96 0.96
0.003336 0.96 1.04
0.003337 0.96 1.04
0.003338 1.04 1.12
0.003339 1.04 1.04
0.00334 1.04 1.04
0.003341 1.04 1.12
0.003342 1.12 1.12
0.003343 1.2 1.28
0.003344 1.2 1.2
0.003345 1.2 1.2
0.003346 1.2 1.28
0.003347 1.28 1.28
0.003348 1.28 1.36
0.003349 1.28 1.36
0.00335 1.36 1.36
0.003351 1.36 1.36
0.003352 1.36 1.44
0.003353 1.52 1.44
0.003354 1.44 1.44
0.003355 1.52 1.44
0.003356 1.52 1.6
0.003357 1.52 1.6
0.003358 1.52 1.6
0.003359 1.6 1.6
0.00336 1.6 1.6
0.003361 1.6 1.6
0.003362 1.6 1.68
0.003363 1.6 1.68
0.003364 1.6 1.76
0.003365 1.68 1.76
0.003366 1.68 1.76
0.003367 1.84 1.84
0.003368 1.84 1.84
0.003369 1.84 1.84
0.00337 1.84 1.92
0.003371 1.92 1.92
0.003372 1.84 2
0.003373 1.92 1.92
0.003374 1.92 2
0.003375 2 2
0.003376 2 2
0.003377 2.08 2.08
0.003378 2.08 2.08
0.003379 2.16 2.08
0.00338 2.16 2.16
0.003381 2.16 2.16
0.003382 2.16 2.24
0.003383 2.16 2.24
0.003384 2.24 2.24
0.003385 2.24 2.32
0.003386 2.24 2.24
0.003387 2.32 2.4
0.003388 2.32 2.32
0.003389 2.32 2.4
0.00339 2.48 2.48
0.003391 2.4 2.4
0.003392 2.48 2.56
0.003393 2.48 2.48
0.003394 2.48 2.56
0.003395 2.48 2.56
0.003396 2.56 2.56
0.003397 2.56 2.56
0.003398 2.56 2.56
0.003399 2.56 2.56
0.0034 2.56 2.72
0.003401 2.64 2.64
0.003402 2.64 2.72
0.003403 2.8 2.72
0.003404 2.72 2.72
0.003405 2.8 2.8
0.003406 2.8 2.8
0.003407 2.8 2.88
0.003408 2.88 2.88
0.003409 2.88 2.88
0.00341 2.88 2.88
0.003411 2.88 2.96
0.003412 2.96 2.88
0.003413 2.96 2.96
0.003414 2.96 2.96
0.003415 2.96 2.96
0.003416 3.04 3.04
0.003417 3.04 3.04
0.003418 3.12 3.2
0.003419 3.12 3.04
0.00342 3.12 3.04
0.003421 3.2 3.2
0.003422 3.2 3.2
0.003423 3.2 3.2
0.003424 3.2 3.2
0.003425 3.28 3.2
0.003426 3.28 3.28
0.003427 3.28 3.28
0.003428 3.28 3.28
0.003429 3.28 3.36
0.00343 3.44 3.36
0.003431 3.36 3.44
0.003432 3.44 3.36
0.003433 3.44 3.44
0.003434 3.44 3.44
0.003435 3.44 3.44
0.003436 3.52 3.52
0.003437 3.52 3.52
0.003438 3.52 3.6
0.003439 3.6 3.52
0.00344 3.6 3.52
0.003441 3.6 3.6
0.003442 3.6 3.6
0.003443 3.68 3.6
0.003444 3.6 3.68
0.003445 3.76 3.68
0.003446 3.76 3.76
0.003447 3.76 3.76
0.003448 3.76 3.76
0.003449 3.76 3.84
0.00345 3.76 3.76
0.003451 3.76 3.84
0.003452 3.84 3.84
0.003453 3.84 3.84
0.003454 3.84 3.84
0.003455 3.84 3.92
0.003456 3.92 3.84
0.003457 3.92 3.84
0.003458 3.92 3.92
0.003459 3.92 3.92
0.00346 4 4
0.003461 4 4
0.003462 4.08 4
0.003463 4 4
0.003464 4.08 4
0.003465 4.08 4.08
0.003466 4.08 4
0.003467 4.08 4.16
0.003468 4.16 4.16
0.003469 4.16 4.16
0.00347 4.16 4.16
0.003471 4.16 4.16
0.003472 4.16 4.16
0.003473 4.24 4.16
0.003474 4.24 4.24
0.003475 4.24 4.32
0.003476 4.24 4.24
0.003477 4.4 4.32
0.003478 4.4 4.32
0.003479 4.32 4.32
0.00348 4.4 4.32
0.003481 4.4 4.32
0.003482 4.4 4.32
0.003483 4.4 4.32
0.003484 4.4 4.4
0.003485 4.48 4.4
0.003486 4.48 4.4
0.003487 4.48 4.48
0.003488 4.56 4.48
0.003489 4.56 4.48
0.00349 4.56 4.56
0.003491 4.56 4.56
0.003492 4.56 4.56
0.003493 4.56 4.56
0.003494 4.72 4.56
0.003495 4.64 4.56
0.003496 4.72 4.56
0.003497 4.72 4.64
0.003498 4.72 4.64
0.003499 4.72 4.64
0.0035 4.72 4.64
0.003501 4.72 4.64
0.003502 4.72 4.72
0.003503 4.72 4.64
0.003504 4.8 4.64
0.003505 4.8 4.72
0.003506 4.72 4.8
0.003507 4.8 4.72
0.003508 4.88 4.8
0.003509 4.88 4.8
0.00351 4.88 4.8
0.003511 4.88 4.88
0.003512 4.88 4.8
0.003513 4.88 4.88
0.003514 4.88 4.88
0.003515 4.88 4.88
0.003516 4.88 4.88
0.003517 4.88 4.88
0.003518 4.96 4.96
0.003519 4.96 4.88
0.00352 5.04 4.96
0.003521 5.04 4.96
0.003522 5.04 4.96
0.003523 5.04 4.96
0.003524 5.04 5.04
0.003525 5.04 4.96
0.003526 5.04 5.04
0.003527 5.12 5.04
0.003528 5.12 5.04
0.003529 5.12 5.04
0.00353 5.12 5.04
0.003531 5.12 5.12
0.003532 5.12 5.12
0.003533 5.12 5.12
0.003534 5.12 5.12
0.003535 5.2 5.12
0.003536 5.2 5.12
0.003537 5.2 5.12
0.003538 5.2 5.12
0.003539 5.2 5.2
0.00354 5.2 5.2
0.003541 5.2 5.12
0.003542 5.2 5.2
0.003543 5.28 5.2
0.003544 5.28 5.28
0.003545 5.36 5.2
0.003546 5.36 5.2
0.003547 5.36 5.28
0.003548 5.36 5.2
0.003549 5.36 5.28
0.00355 5.36 5.2
0.003551 5.36 5.2
0.003552 5.36 5.28
0.003553 5.44 5.2
0.003554 5.36 5.28
0.003555 5.36 5.28
0.003556 5.44 5.28
0.003557 5.36 5.36
0.003558 5.44 5.28
0.003559 5.36 5.36
0.00356 5.44 5.36
0.003561 5.44 5.36
0.003562 5.44 5.44
0.003563 5.44 5.36
0.003564 5.44 5.36
0.003565 5.44 5.36
0.003566 5.52 5.36
0.003567 5.44 5.44
0.003568 5.44 5.44
0.003569 5.44 5.44
0.00357 5.52 5.44
0.003571 5.52 5.44
0.003572 5.52 5.44
0.003573 5.52 5.44
0.003574 5.52 5.44
0.003575 5.52 5.44
0.003576 5.52 5.52
0.003577 5.52 5.44
0.003578 5.52 5.44
0.003579 5.52 5.44
0.00358 5.52 5.44
0.003581 5.52 5.52
0.003582 5.52 5.44
0.003583 5.6 5.52
0.003584 5.6 5.44
0.003585 5.6 5.52
0.003586 5.68 5.52
0.003587 5.6 5.44
0.003588 5.68 5.52
0.003589 5.68 5.44
0.00359 5.6 5.52
0.003591 5.68 5.6
0.003592 5.68 5.44
0.003593 5.68 5.52
0.003594 5.6 5.44
0.003595 5.68 5.52
0.003596 5.68 5.6
0.003597 5.68 5.52
0.003598 5.68 5.52
0.003599 5.68 5.52
0.0036 5.68 5.52
0.003601 5.68 5.6
0.003602 5.68 5.52
0.003603 5.68 5.6
0.003604 5.68 5.52
0.003605 5.68 5.6
0.003606 5.68 5.6
0.003607 5.68 5.52
0.003608 5.68 5.52
0.003609 5.68 5.6
0.00361 5.68 5.52
0.003611 5.68 5.6
0.003612 5.68 5.6
0.003613 5.68 5.52
0.003614 5.68 5.6
0.003615 5.68 5.52
0.003616 5.68 5.52
0.003617 5.68 5.6
0.003618 5.68 5.6
0.003619 5.68 5.6
0.00362 5.68 5.6
0.003621 5.76 5.52
0.003622 5.68 5.6
0.003623 5.68 5.6
0.003624 5.68 5.6
0.003625 5.68 5.6
0.003626 5.76 5.52
0.003627 5.68 5.6
0.003628 5.76 5.6
0.003629 5.68 5.6
0.00363 5.68 5.6
0.003631 5.68 5.52
0.003632 5.68 5.6
0.003633 5.76 5.6
0.003634 5.68 5.6
0.003635 5.68 5.52
0.003636 5.68 5.52
0.003637 5.68 5.6
0.003638 5.68 5.52
0.003639 5.68 5.52
0.00364 5.68 5.52
0.003641 5.68 5.52
0.003642 5.76 5.6
0.003643 5.68 5.52
0.003644 5.68 5.52
0.003645 5.68 5.52
0.003646 5.68 5.52
0.003647 5.68 5.6
0.003648 5.68 5.52
0.003649 5.68 5.52
0.00365 5.68 5.52
0.003651 5.68 5.52
0.003652 5.68 5.6
0.003653 5.68 5.44
0.003654 5.68 5.52
0.003655 5.68 5.52
0.003656 5.68 5.44
0.003657 5.6 5.52
0.003658 5.68 5.44
0.003659 5.6 5.52
0.00366 5.6 5.44
0.003661 5.68 5.44
0.003662 5.52 5.44
0.003663 5.6 5.44
0.003664 5.52 5.44
0.003665 5.6 5.44
0.003666 5.52 5.44
0.003667 5.52 5.44
0.003668 5.52 5.44
0.003669 5.52 5.44
0.00367 5.52 5.44
0.003671 5.52 5.44
0.003672 5.52 5.44
0.003673 5.52 5.44
0.003674 5.52 5.44
0.003675 5.52 5.36
0.003676 5.44 5.36
0.003677 5.44 5.28
0.003678 5.52 5.44
0.003679 5.44 5.36
0.00368 5.44 5.36
0.003681 5.44 5.44
0.003682 5.44 5.28
0.003683 5.52 5.36
0.003684 5.44 5.28
0.003685 5.44 5.28
0.003686 5.36 5.28
0.003687 5.44 5.2
0.003688 5.44 5.28
0.003689 5.36 5.28
0.00369 5.44 5.28
0.003691 5.36 5.28
0.003692 5.36 5.2
0.003693 5.36 5.28
0.003694 5.36 5.2
0.003695 5.36 5.2
0.003696 5.36 5.2
0.003697 5.36 5.2
0.003698 5.36 5.2
0.003699 5.36 5.2
0.0037 5.28 5.12
0.003701 5.28 5.12
0.003702 5.2 5.12
0.003703 5.2 5.12
0.003704 5.28 5.12
0.003705 5.2 5.12
0.003706 5.2 5.12
0.003707 5.2 5.12
0.003708 5.28 5.04
0.003709 5.2 5.04
0.00371 5.2 5.04
0.003711 5.12 5.04
0.003712 5.2 5.04
0.003713 5.12 4.96
0.003714 5.12 5.04
0.003715 5.12 4.96
0.003716 5.12 4.96
0.003717 5.12 4.96
0.003718 5.04 4.96
0.003719 5.12 4.96
0.00372 5.04 4.96
0.003721 5.04 4.96
0.003722 5.04 4.96
0.003723 5.04 4.96
0.003724 5.04 4.88
0.003725 5.04 4.8
0.003726 5.04 4.88
0.003727 5.04 4.88
0.003728 5.04 4.8
0.003729 4.96 4.88
0.00373 4.96 4.8
0.003731 4.96 4.8
0.003732 4.88 4.8
0.003733 4.88 4.8
0.003734 4.88 4.8
0.003735 4.8 4.8
0.003736 4.8 4.72
0.003737 4.8 4.72
0.003738 4.88 4.72
0.003739 4.8 4.72
0.00374 4.8 4.64
0.003741 4.8 4.64
0.003742 4.8 4.64
0.003743 4.72 4.64
0.003744 4.72 4.56
0.003745 4.72 4.64
0.003746 4.72 4.56
0.003747 4.72 4.56
0.003748 4.72 4.56
0.003749 4.72 4.48
0.00375 4.72 4.56
0.003751 4.64 4.56
0.003752 4.64 4.48
0.003753 4.56 4.48
0.003754 4.64 4.4
0.003755 4.56 4.48
0.003756 4.56 4.4
0.003757 4.56 4.32
0.003758 4.56 4.4
0.003759 4.56 4.32
0.00376 4.48 4.4
0.003761 4.48 4.32
0.003762 4.4 4.24
0.003763 4.48 4.32
0.003764 4.4 4.24
0.003765 4.4 4.24
0.003766 4.4 4.24
0.003767 4.4 4.16
0.003768 4.4 4.16
0.003769 4.4 4.16
0.00377 4.24 4.16
0.003771 4.24 4.16
0.003772 4.24 4.08
0.003773 4.24 4.16
0.003774 4.24 4
0.003775 4.16 4.08
0.003776 4.16 4.08
0.003777 4.16 4
0.003778 4.16 4
0.003779 4.08 4
0.00378 4.08 4
0.003781 4.08 4
0.003782 4.08 3.92
0.003783 4.08 3.92
0.003784 4.08 3.92
0.003785 4.08 3.84
0.003786 4.08 3.84
0.003787 3.92 3.84
0.003788 3.92 3.76
0.003789 3.92 3.84
0.00379 3.92 3.68
0.003791 3.92 3.76
0.003792 3.84 3.76
0.003793 3.84 3.68
0.003794 3.76 3.68
0.003795 3.84 3.6
0.003796 3.76 3.68
0.003797 3.76 3.68
0.003798 3.76 3.6
0.003799 3.76 3.6
0.0038 3.76 3.52
0.003801 3.68 3.52
0.003802 3.68 3.52
0.003803 3.6 3.44
0.003804 3.6 3.52
0.003805 3.6 3.44
0.003806 3.6 3.44
0.003807 3.52 3.52
0.003808 3.52 3.36
0.003809 3.52 3.44
0.00381 3.44 3.36
0.003811 3.44 3.36
0.003812 3.44 3.36
0.003813 3.44 3.28
0.003814 3.36 3.28
0.003815 3.36 3.2
0.003816 3.44 3.2
0.003817 3.28 3.28
0.003818 3.28 3.2
0.003819 3.28 3.2
0.00382 3.28 3.12
0.003821 3.2 3.12
0.003822 3.2 3.2
0.003823 3.2 3.04
0.003824 3.2 3.04
0.003825 3.2 3.04
0.003826 3.12 2.96
0.003827 3.12 2.96
0.003828 3.12 2.96
0.003829 3.04 2.88
0.00383 2.96 2.88
0.003831 3.04 2.88
0.003832 2.96 2.8
0.003833 2.96 2.88
0.003834 2.96 2.8
0.003835 2.88 2.88
0.003836 2.88 2.72
0.003837 2.88 2.72
0.003838 2.8 2.72
0.003839 2.8 2.72
0.00384 2.8 2.72
0.003841 2.8 2.64
0.003842 2.8 2.56
0.003843 2.8 2.64
0.003844 2.72 2.56
0.003845 2.64 2.56
0.003846 2.56 2.56
0.003847 2.64 2.48
0.003848 2.56 2.56
0.003849 2.48 2.48
0.00385 2.48 2.48
0.003851 2.48 2.4
0.003852 2.48 2.32
0.003853 2.48 2.4
0.003854 2.48 2.32
0.003855 2.4 2.32
0.003856 2.4 2.32
0.003857 2.32 2.24
0.003858 2.32 2.32
0.003859 2.32 2.16
0.00386 2.24 2.16
0.003861 2.24 2.16
0.003862 2.24 2.08
0.003863 2.24 2.16
0.003864 2.16 2.08
0.003865 2.16 2.08
0.003866 2.16 2.08
0.003867 2.16 2
0.003868 2 2
0.003869 2 1.92
0.00387 2 1.92
0.003871 2 1.92
0.003872 2 1.92
0.003873 1.92 1.76
0.003874 1.92 1.76
0.003875 1.92 1.76
0.003876 1.84 1.76
0.003877 1.84 1.76
0.003878 1.84 1.68
0.003879 1.68 1.68
0.00388 1.68 1.6
0.003881 1.68 1.6
0.003882 1.68 1.6
0.003883 1.6 1.6
0.003884 1.68 1.6
0.003885 1.6 1.44
0.003886 1.6 1.44
0.003887 1.6 1.44
0.003888 1.52 1.36
0.003889 1.52 1.36
0.00389 1.44 1.36
0.003891 1.44 1.36
0.003892 1.44 1.36
0.003893 1.36 1.28
0.003894 1.36 1.28
0.003895 1.28 1.2
0.003896 1.36 1.28
0.003897 1.28 1.28
0.003898 1.28 1.12
0.003899 1.2 1.2
0.0039 1.2 1.04
0.003901 1.2 1.04
0.003902 1.2 1.04
0.003903 1.2 1.04
0.003904 1.2 1.04
0.003905 1.04 0.96
0.003906 1.12 0.96
0.003907 1.04 0.96
0.003908 1.04 0.88
0.003909 0.96 0.88
0.00391 0.96 0.8
0.003911 0.88 0.8
0.003912 0.88 0.8
0.003913 0.88 0.8
0.003914 0.88 0.72
0.003915 0.8 0.72
0.003916 0.72 0.72
0.003917 0.72 0.64
0.003918 0.72 0.64
0.003919 0.72 0.56
0.00392 0.64 0.64
0.003921 0.56 0.48
0.003922 0.64 0.56
0.003923 0.56 0.56
0.003924 0.56 0.48
0.003925 0.56 0.48
0.003926 0.48 0.4
0.003927 0.4 0.32
0.003928 0.4 0.4
0.003929 0.4 0.32
0.00393 0.4 0.32
0.003931 0.32 0.32
0.003932 0.32 0.24
0.003933 0.32 0.24
0.003934 0.32 0.16
0.003935 0.24 0.16
0.003936 0.24 0.16
0.003937 0.24 0.08
0.003938 0.24 0.16
0.003939 0.08 0.08
0.00394 0.08 0.08
0.003941 0.08 0.08
0.003942 0.08 0
0.003943 0 0
0.003944 0 -0.16
0.003945 -0.16 -0.16
0.003946 -0.16 -0.16
0.003947 -0.16 -0.16
0.003948 -0.16 -0.24
0.003949 -0.16 -0.24
0.00395 -0.16 -0.32
0.003951 -0.32 -0.32
0.003952 -0.32 -0.32
0.003953 -0.32 -0.32
0.003954 -0.32 -0.4
0.003955 -0.4 -0.4
0.003956 -0.4 -0.4
0.003957 -0.4 -0.48
0.003958 -0.48 -0.56
0.003959 -0.48 -0.56
0.00396 -0.48 -0.56
0.003961 -0.48 -0.56
0.003962 -0.56 -0.64
0.003963 -0.56 -0.64
0.003964 -0.64 -0.64
0.003965 -0.64 -0.72
0.003966 -0.64 -0.72
0.003967 -0.72 -0.8
0.003968 -0.72 -0.88
0.003969 -0.8 -0.8
0.00397 -0.8 -0.88
0.003971 -0.8 -0.8
0.003972 -0.8 -0.88
0.003973 -0.88 -0.96
0.003974 -0.96 -0.96
0.003975 -0.96 -1.04
0.003976 -1.04 -0.96
0.003977 -1.04 -1.04
0.003978 -1.04 -1.04
0.003979 -1.04 -1.04
0.00398 -1.12 -1.12
0.003981 -1.12 -1.12
0.003982 -1.12 -1.12
0.003983 -1.12 -1.2
0.003984 -1.12 -1.2
0.003985 -1.28 -1.28
0.003986 -1.2 -1.28
0.003987 -1.28 -1.28
0.003988 -1.28 -1.36
0.003989 -1.28 -1.36
0.00399 -1.36 -1.36
0.003991 -1.36 -1.44
0.003992 -1.44 -1.44
0.003993 -1.44 -1.44
0.003994 -1.44 -1.52
0.003995 -1.44 -1.52
0.003996 -1.44 -1.52
0.003997 -1.6 -1.6
0.003998 -1.6 -1.6
0.003999 -1.6 -1.6
