0 0.72 5.2
1e-07 0.72 5.2
2e-07 -1.44 -3.6
3e-07 -1.44 -3.6
4e-07 -1.44 -3.4
5e-07 -1.44 -3.4
6e-07 -1.44 -3.2
7e-07 -1.44 -3.2
8e-07 -1.44 -3
9e-07 -1.44 -3
1e-06 -1.44 -3
1.1e-06 -1.52 -2.8
1.2e-06 -1.44 -2.8
1.3e-06 -1.44 -2.6
1.4e-06 -1.52 -2.6
1.5e-06 -1.52 -2.4
1.6e-06 -1.44 -2.4
1.7e-06 -1.52 -2.4
1.8e-06 -1.52 -2.2
1.9e-06 -1.44 -2.2
2e-06 -1.52 -2.2
2.1e-06 -1.6 -2
2.2e-06 -1.44 -1.8
2.3e-06 -1.6 -1.8
2.4e-06 -1.44 -1.6
2.5e-06 -1.44 -1.6
2.6e-06 -1.44 -1.6
2.7e-06 -1.44 -1.4
2.8e-06 -1.6 -1.4
2.9e-06 -1.52 -1
3e-06 -1.44 -1.2
3.1e-06 -1.44 -1
3.2e-06 -1.44 -1
3.3e-06 -1.44 -0.8
3.4e-06 -1.44 -0.6
3.5e-06 -1.44 -0.6
3.6e-06 -1.6 -0.4
3.7e-06 -1.44 -0.4
3.8e-06 -1.44 0
3.9e-06 -1.44 0
4e-06 -1.44 0
4.1e-06 -1.44 0
4.2e-06 -1.44 0.2
4.3e-06 -1.44 0.2
4.4e-06 -1.44 0.4
4.5e-06 -1.44 0.4
4.6e-06 -1.44 0.6
4.7e-06 -1.44 0.6
4.8e-06 -1.44 0.8
4.9e-06 -1.44 1
5e-06 -1.44 1
5.1e-06 -1.44 1
5.2e-06 -1.36 1
5.3e-06 -1.44 1.2
5.4e-06 -1.36 1.6
5.5e-06 -1.28 1.4
5.6e-06 -1.36 1.6
5.7e-06 -1.36 1.6
5.8e-06 -1.28 1.8
5.9e-06 -1.28 1.8
6e-06 -1.28 1.8
6.1e-06 -1.28 2.2
6.2e-06 -1.28 2
6.3e-06 -1.28 2.2
6.4e-06 -1.28 2.2
6.5e-06 -1.28 2.2
6.6e-06 -1.12 2.4
6.7e-06 -1.12 2.4
6.8e-06 -1.12 2.6
6.9e-06 -1.12 2.6
7e-06 -1.12 2.8
7.1e-06 -1.12 2.6
7.2e-06 -1.12 2.8
7.3e-06 -1.12 3
7.4e-06 -1.12 3.2
7.5e-06 -1.04 3
7.6e-06 -1.04 3.2
7.7e-06 -1.04 3.2
7.8e-06 -1.04 3.2
7.9e-06 -1.04 3.4
8e-06 -0.96 3.4
8.1e-06 -0.96 3.6
8.2e-06 -0.96 3.6
8.3e-06 -0.96 3.8
8.4e-06 -0.88 3.8
8.5e-06 -0.88 3.8
8.6e-06 -0.8 4
8.7e-06 -0.8 4
8.8e-06 -0.8 4
8.9e-06 -0.8 4
9e-06 -0.72 4.2
9.1e-06 -0.72 4.2
9.2e-06 -0.72 4.4
9.3e-06 -0.72 4.4
9.4e-06 -0.72 4.4
9.5e-06 -0.64 4.4
9.6e-06 -0.64 4.4
9.7e-06 -0.64 4.4
9.8e-06 -0.56 4.6
9.9e-06 -0.48 4.8
1e-05 -0.48 4.6
1.01e-05 -0.48 4.6
1.02e-05 -0.48 4.8
1.03e-05 -0.48 4.8
1.04e-05 -0.4 5
1.05e-05 -0.48 5
1.06e-05 -0.48 5
1.07e-05 -0.4 5
1.08e-05 -0.32 5
1.09e-05 -0.4 5.2
1.1e-05 -0.32 5.2
1.11e-05 -0.32 5.4
1.12e-05 -0.32 5.2
1.13e-05 -0.24 5.2
1.14e-05 -0.16 5.4
1.15e-05 -0.16 5.4
1.16e-05 -0.16 5.2
1.17e-05 -0.16 5.4
1.18e-05 -0.16 5.6
1.19e-05 -0.16 5.2
1.2e-05 -0.16 5.4
1.21e-05 0 5.4
1.22e-05 0 5.4
1.23e-05 0 5.4
1.24e-05 0 5.6
1.25e-05 0.08 5.4
1.26e-05 0.16 5.6
1.27e-05 0.08 5.6
1.28e-05 0.24 5.6
1.29e-05 0.24 5.6
1.3e-05 0.24 5.6
1.31e-05 0.24 5.8
1.32e-05 0.24 5.4
1.33e-05 0.24 5.6
1.34e-05 0.32 5.6
1.35e-05 0.32 5.6
1.36e-05 0.32 5.6
1.37e-05 0.4 5.6
1.38e-05 0.4 5.6
1.39e-05 0.4 5.6
1.4e-05 0.4 5.6
1.41e-05 0.4 5.4
1.42e-05 0.48 5.6
1.43e-05 0.56 5.6
1.44e-05 0.56 5.6
1.45e-05 0.56 5.6
1.46e-05 0.56 5.4
1.47e-05 0.56 5.4
1.48e-05 0.64 5.4
1.49e-05 0.64 5.4
1.5e-05 0.64 5.2
1.51e-05 0.64 5.2
1.52e-05 0.64 5.2
1.53e-05 0.72 5.2
1.54e-05 0.72 5.2
1.55e-05 0.72 5
1.56e-05 0.72 5.2
1.57e-05 0.72 5
1.58e-05 0.88 5.2
1.59e-05 0.88 4.8
1.6e-05 0.88 5
1.61e-05 0.88 5
1.62e-05 0.88 5
1.63e-05 0.88 4.8
1.64e-05 0.88 4.8
1.65e-05 0.88 4.6
1.66e-05 0.88 4.6
1.67e-05 0.96 4.6
1.68e-05 0.96 4.6
1.69e-05 0.96 4.4
1.7e-05 1.04 4.4
1.71e-05 0.96 4.4
1.72e-05 1.04 4.4
1.73e-05 1.04 4.2
1.74e-05 1.04 4.2
1.75e-05 1.04 4
1.76e-05 1.12 4.2
1.77e-05 1.12 4
1.78e-05 1.2 4
1.79e-05 1.12 4
1.8e-05 1.12 3.8
1.81e-05 1.2 3.8
1.82e-05 1.2 3.6
1.83e-05 1.2 3.8
1.84e-05 1.2 3.6
1.85e-05 1.2 3.6
1.86e-05 1.2 3.4
1.87e-05 1.28 3.2
1.88e-05 1.2 3.4
1.89e-05 1.2 3.2
1.9e-05 1.2 3.2
1.91e-05 1.28 3
1.92e-05 1.28 3
1.93e-05 1.28 3
1.94e-05 1.28 2.8
1.95e-05 1.28 2.8
1.96e-05 1.28 2.6
1.97e-05 1.28 2.6
1.98e-05 1.28 2.4
1.99e-05 1.28 2.4
2e-05 1.28 2.2
2.01e-05 1.28 2.4
2.02e-05 1.28 2
2.03e-05 1.36 2
2.04e-05 1.28 2
2.05e-05 1.28 1.8
2.06e-05 1.28 2
2.07e-05 1.36 1.6
2.08e-05 1.36 1.8
2.09e-05 1.36 1.6
2.1e-05 1.36 1.6
2.11e-05 1.36 1.2
2.12e-05 1.36 1.4
2.13e-05 1.36 1.2
2.14e-05 1.36 1
2.15e-05 1.36 1
2.16e-05 1.36 0.8
2.17e-05 1.36 0.8
2.18e-05 1.36 0.6
2.19e-05 1.28 0.8
2.2e-05 1.36 0.4
2.21e-05 1.36 0.4
2.22e-05 1.36 0.4
2.23e-05 1.28 0
2.24e-05 1.36 0.4
2.25e-05 1.36 0
2.26e-05 1.28 0
2.27e-05 1.36 0
2.28e-05 1.36 -0.4
2.29e-05 1.36 -0.4
2.3e-05 1.36 -0.6
2.31e-05 1.36 -0.6
2.32e-05 1.28 -1
2.33e-05 1.28 -1
2.34e-05 1.28 -1
2.35e-05 1.36 -1.2
2.36e-05 1.28 -1.2
2.37e-05 1.28 -1.2
2.38e-05 1.28 -1.4
2.39e-05 1.28 -1.4
2.4e-05 1.28 -1.4
2.41e-05 1.2 -1.6
2.42e-05 1.2 -1.8
2.43e-05 1.2 -1.8
2.44e-05 1.2 -1.8
2.45e-05 1.2 -2
2.46e-05 1.2 -2.2
2.47e-05 1.2 -2.2
2.48e-05 1.2 -2.2
2.49e-05 1.2 -2.4
2.5e-05 1.2 -2.6
2.51e-05 1.12 -2.6
2.52e-05 1.12 -2.6
2.53e-05 1.04 -2.8
2.54e-05 1.04 -2.8
2.55e-05 1.04 -3
2.56e-05 1.04 -3
2.57e-05 1.04 -3
2.58e-05 1.04 -3
2.59e-05 1.04 -3.2
2.6e-05 1.04 -3.2
2.61e-05 0.96 -3.4
2.62e-05 0.96 -3.4
2.63e-05 0.96 -3.6
2.64e-05 0.96 -3.8
2.65e-05 0.88 -3.6
2.66e-05 0.88 -3.8
2.67e-05 0.88 -3.8
2.68e-05 0.88 -4
2.69e-05 0.88 -4
2.7e-05 0.88 -4.2
2.71e-05 0.88 -4.2
2.72e-05 0.8 -4.2
2.73e-05 0.72 -4.2
2.74e-05 0.72 -4.4
2.75e-05 0.8 -4.6
2.76e-05 0.72 -4.4
2.77e-05 0.64 -4.6
2.78e-05 0.64 -4.6
2.79e-05 0.64 -4.8
2.8e-05 0.64 -4.8
2.81e-05 0.64 -4.8
2.82e-05 0.56 -5
2.83e-05 0.64 -5
2.84e-05 0.56 -5
2.85e-05 0.56 -5
2.86e-05 0.56 -5
2.87e-05 0.56 -5
2.88e-05 0.4 -5.4
2.89e-05 0.4 -5.4
2.9e-05 0.4 -5.4
2.91e-05 0.4 -5.6
2.92e-05 0.4 -5.4
2.93e-05 0.32 -5.6
2.94e-05 0.32 -5.6
2.95e-05 0.32 -5.8
2.96e-05 0.32 -5.6
2.97e-05 0.32 -5.8
2.98e-05 0.24 -5.8
2.99e-05 0.24 -5.8
3e-05 0.24 -6
3.01e-05 0.24 -5.8
3.02e-05 0.16 -5.8
3.03e-05 0.16 -5.8
3.04e-05 0.08 -6
3.05e-05 0.08 -6
3.06e-05 0.08 -5.8
3.07e-05 0.08 -6
3.08e-05 0 -6.2
3.09e-05 0 -6.2
3.1e-05 0 -6
3.11e-05 -0.16 -6.2
3.12e-05 -0.16 -6.2
3.13e-05 -0.16 -6.2
3.14e-05 -0.16 -6.4
3.15e-05 -0.16 -6.2
3.16e-05 -0.16 -6.4
3.17e-05 -0.32 -6.4
3.18e-05 -0.32 -6.4
3.19e-05 -0.32 -6.4
3.2e-05 -0.32 -6.4
3.21e-05 -0.32 -6.4
3.22e-05 -0.4 -6.4
3.23e-05 -0.4 -6.2
3.24e-05 -0.4 -6.2
3.25e-05 -0.4 -6.4
3.26e-05 -0.48 -6.2
3.27e-05 -0.48 -6.4
3.28e-05 -0.48 -6.4
3.29e-05 -0.48 -6.4
3.3e-05 -0.56 -6.4
3.31e-05 -0.64 -6.4
3.32e-05 -0.56 -6.4
3.33e-05 -0.64 -6.4
3.34e-05 -0.64 -6.4
3.35e-05 -0.64 -6.2
3.36e-05 -0.72 -6.2
3.37e-05 -0.72 -6
3.38e-05 -0.72 -6.4
3.39e-05 -0.72 -6.2
3.4e-05 -0.72 -6.2
3.41e-05 -0.72 -6.2
3.42e-05 -0.8 -6.2
3.43e-05 -0.8 -6
3.44e-05 -0.8 -6
3.45e-05 -0.8 -6
3.46e-05 -0.8 -6
3.47e-05 -0.88 -6
3.48e-05 -0.96 -6
3.49e-05 -0.96 -5.8
3.5e-05 -0.96 -6
3.51e-05 -0.96 -5.8
3.52e-05 -1.04 -5.8
3.53e-05 -1.04 -5.8
3.54e-05 -1.04 -5.8
3.55e-05 -1.04 -5.6
3.56e-05 -1.12 -5.6
3.57e-05 -1.12 -5.4
3.58e-05 -1.12 -5.4
3.59e-05 -1.12 -5.6
3.6e-05 -1.12 -5.4
3.61e-05 -1.12 -5.4
3.62e-05 -1.12 -5
3.63e-05 -1.12 -5.4
3.64e-05 -1.12 -5
3.65e-05 -1.2 -5
3.66e-05 -1.2 -5
3.67e-05 -1.28 -5
3.68e-05 -1.28 -5
3.69e-05 -1.28 -4.8
3.7e-05 -1.28 -4.8
3.71e-05 -1.28 -4.6
3.72e-05 -1.28 -4.8
3.73e-05 -1.36 -4.6
3.74e-05 -1.28 -4.4
3.75e-05 -1.36 -4.6
3.76e-05 -1.36 -4.4
3.77e-05 -1.44 -4.4
3.78e-05 -1.36 -4.2
3.79e-05 -1.36 -4.2
3.8e-05 -1.36 -4
3.81e-05 -1.44 -4
3.82e-05 -1.44 -4
3.83e-05 -1.44 -3.8
3.84e-05 -1.44 -3.8
3.85e-05 -1.44 -3.4
3.86e-05 -1.44 -3.6
3.87e-05 -1.44 -3.4
3.88e-05 -1.44 -3.4
3.89e-05 -1.44 -3.4
3.9e-05 -1.44 -3.2
3.91e-05 -1.44 -3.2
3.92e-05 -1.44 -3
3.93e-05 -1.44 -3
3.94e-05 -1.44 -3
3.95e-05 -1.52 -3
3.96e-05 -1.44 -2.8
3.97e-05 -1.44 -2.8
3.98e-05 -1.52 -2.8
3.99e-05 -1.52 -2.6
4e-05 -1.44 -2.4
4.01e-05 -1.52 -2.4
4.02e-05 -1.44 -2.4
4.03e-05 -1.6 -2
4.04e-05 -1.44 -2.2
4.05e-05 -1.52 -1.8
4.06e-05 -1.6 -1.8
4.07e-05 -1.52 -1.6
4.08e-05 -1.44 -1.8
4.09e-05 -1.44 -1.6
4.1e-05 -1.44 -1.4
4.11e-05 -1.6 -1.4
4.12e-05 -1.44 -1.2
4.13e-05 -1.44 -1.4
4.14e-05 -1.44 -1
4.15e-05 -1.44 -1.2
4.16e-05 -1.44 -1
4.17e-05 -1.44 -0.8
4.18e-05 -1.44 -0.8
4.19e-05 -1.44 -0.6
4.2e-05 -1.44 -0.6
4.21e-05 -1.52 -0.4
4.22e-05 -1.52 -0.4
4.23e-05 -1.44 -0.4
4.24e-05 -1.44 0
4.25e-05 -1.44 0
4.26e-05 -1.44 0.2
4.27e-05 -1.44 0.2
4.28e-05 -1.44 0.2
4.29e-05 -1.44 0.2
4.3e-05 -1.44 0.6
4.31e-05 -1.44 0.6
4.32e-05 -1.44 0.8
4.33e-05 -1.44 0.8
4.34e-05 -1.44 0.8
4.35e-05 -1.36 1
4.36e-05 -1.36 1
4.37e-05 -1.36 1.2
4.38e-05 -1.44 1.2
4.39e-05 -1.36 1.4
4.4e-05 -1.36 1.6
4.41e-05 -1.28 1.6
4.42e-05 -1.28 1.6
4.43e-05 -1.28 1.6
4.44e-05 -1.28 2
4.45e-05 -1.36 1.8
4.46e-05 -1.28 2
4.47e-05 -1.28 2.2
4.48e-05 -1.28 2.2
4.49e-05 -1.2 2
4.5e-05 -1.2 2.4
4.51e-05 -1.12 2.4
4.52e-05 -1.12 2.6
4.53e-05 -1.12 2.6
4.54e-05 -1.12 2.6
4.55e-05 -1.12 2.6
4.56e-05 -1.12 2.8
4.57e-05 -1.12 3
4.58e-05 -1.04 2.8
4.59e-05 -1.12 3
4.6e-05 -1.12 3.2
4.61e-05 -1.04 3.2
4.62e-05 -1.04 3.2
4.63e-05 -0.96 3.4
4.64e-05 -1.04 3.4
4.65e-05 -0.96 3.4
4.66e-05 -0.96 3.6
4.67e-05 -0.96 3.6
4.68e-05 -0.96 3.8
4.69e-05 -0.8 3.8
4.7e-05 -0.8 3.6
4.71e-05 -0.8 4
4.72e-05 -0.8 3.8
4.73e-05 -0.8 4.2
4.74e-05 -0.8 4
4.75e-05 -0.72 4.2
4.76e-05 -0.72 4.2
4.77e-05 -0.72 4.2
4.78e-05 -0.64 4.4
4.79e-05 -0.64 4.4
4.8e-05 -0.64 4.6
4.81e-05 -0.64 4.2
4.82e-05 -0.64 4.6
4.83e-05 -0.56 4.6
4.84e-05 -0.48 4.8
4.85e-05 -0.48 4.8
4.86e-05 -0.48 4.8
4.87e-05 -0.48 4.8
4.88e-05 -0.48 4.8
4.89e-05 -0.48 4.8
4.9e-05 -0.4 4.8
4.91e-05 -0.48 5.2
4.92e-05 -0.4 5.2
4.93e-05 -0.4 5
4.94e-05 -0.4 5.2
4.95e-05 -0.32 5.2
4.96e-05 -0.32 5.4
4.97e-05 -0.24 5.2
4.98e-05 -0.32 5.2
4.99e-05 -0.16 5.2
5e-05 -0.16 5.4
5.01e-05 -0.16 5.4
5.02e-05 -0.16 5.2
5.03e-05 -0.16 5.6
5.04e-05 0 5.6
5.05e-05 0.08 5.6
5.06e-05 0 5.6
5.07e-05 0 5.6
5.08e-05 0 5.6
5.09e-05 0.08 5.6
5.1e-05 0.08 5.6
5.11e-05 0.16 5.4
5.12e-05 0.16 5.6
5.13e-05 0.24 5.6
5.14e-05 0.24 5.6
5.15e-05 0.24 5.6
5.16e-05 0.24 5.6
5.17e-05 0.32 5.6
5.18e-05 0.32 5.6
5.19e-05 0.32 5.6
5.2e-05 0.32 5.6
5.21e-05 0.32 5.6
5.22e-05 0.32 5.6
5.23e-05 0.4 5.6
5.24e-05 0.4 5.6
5.25e-05 0.4 5.4
5.26e-05 0.56 5.6
5.27e-05 0.56 5.4
5.28e-05 0.56 5.4
5.29e-05 0.56 5.4
5.3e-05 0.56 5.4
5.31e-05 0.56 5.4
5.32e-05 0.64 5.4
5.33e-05 0.56 5.4
5.34e-05 0.64 5.2
5.35e-05 0.64 5.4
5.36e-05 0.72 5.4
5.37e-05 0.72 5.2
5.38e-05 0.72 5.2
5.39e-05 0.72 5.2
5.4e-05 0.72 5.2
5.41e-05 0.8 5.2
5.42e-05 0.8 5
5.43e-05 0.88 5
5.44e-05 0.8 4.8
5.45e-05 0.88 4.8
5.46e-05 0.88 5
5.47e-05 0.88 4.8
5.48e-05 0.88 4.8
5.49e-05 0.88 4.6
5.5e-05 0.96 4.8
5.51e-05 0.96 4.6
5.52e-05 0.96 4.8
5.53e-05 0.96 4.4
5.54e-05 0.96 4.4
5.55e-05 1.04 4.4
5.56e-05 1.04 4.4
5.57e-05 1.04 4.4
5.58e-05 1.04 4.2
5.59e-05 1.04 4.2
5.6e-05 1.04 4.2
5.61e-05 1.12 4
5.62e-05 1.12 4
5.63e-05 1.12 4
5.64e-05 1.12 4
5.65e-05 1.2 3.8
5.66e-05 1.12 4
5.67e-05 1.2 3.6
5.68e-05 1.2 3.6
5.69e-05 1.2 3.6
5.7e-05 1.2 3.4
5.71e-05 1.28 3.4
5.72e-05 1.2 3.2
5.73e-05 1.2 3.4
5.74e-05 1.2 3.2
5.75e-05 1.28 3.2
5.76e-05 1.28 3
5.77e-05 1.28 2.8
5.78e-05 1.28 2.8
5.79e-05 1.28 2.8
5.8e-05 1.28 2.6
5.81e-05 1.28 2.6
5.82e-05 1.28 2.6
5.83e-05 1.28 2.4
5.84e-05 1.28 2.4
5.85e-05 1.36 2.4
5.86e-05 1.28 2.4
5.87e-05 1.36 2.2
5.88e-05 1.36 2
5.89e-05 1.36 1.8
5.9e-05 1.36 1.8
5.91e-05 1.36 1.8
5.92e-05 1.36 1.6
5.93e-05 1.36 1.6
5.94e-05 1.36 1.6
5.95e-05 1.36 1.4
5.96e-05 1.28 1.2
5.97e-05 1.36 1.2
5.98e-05 1.36 1.2
5.99e-05 1.28 1
6e-05 1.36 1
6.01e-05 1.28 0.8
6.02e-05 1.28 0.8
6.03e-05 1.36 0.8
6.04e-05 1.28 0.4
6.05e-05 1.36 0.4
6.06e-05 1.36 0.2
6.07e-05 1.36 0.4
6.08e-05 1.36 0.2
6.09e-05 1.36 0
6.1e-05 1.36 0
6.11e-05 1.36 0
6.12e-05 1.28 0
6.13e-05 1.28 -0.4
6.14e-05 1.28 -0.4
6.15e-05 1.36 -0.6
6.16e-05 1.28 -0.6
6.17e-05 1.28 -0.8
6.18e-05 1.28 -0.8
6.19e-05 1.28 -1
6.2e-05 1.28 -1
6.21e-05 1.28 -1.2
6.22e-05 1.28 -1.4
6.23e-05 1.2 -1.4
6.24e-05 1.28 -1.4
6.25e-05 1.2 -1.6
6.26e-05 1.28 -1.6
6.27e-05 1.2 -1.8
6.28e-05 1.2 -1.8
6.29e-05 1.2 -2
6.3e-05 1.2 -2.2
6.31e-05 1.2 -2.2
6.32e-05 1.2 -2
6.33e-05 1.2 -2.4
6.34e-05 1.2 -2.4
6.35e-05 1.2 -2.4
6.36e-05 1.2 -2.6
6.37e-05 1.12 -2.6
6.38e-05 1.2 -2.8
6.39e-05 1.04 -2.8
6.4e-05 1.04 -3
6.41e-05 1.04 -3
6.42e-05 1.04 -3.2
6.43e-05 1.04 -3.2
6.44e-05 1.04 -3.2
6.45e-05 0.96 -3.4
6.46e-05 0.88 -3.4
6.47e-05 0.96 -3.6
6.48e-05 0.96 -3.4
6.49e-05 0.96 -3.6
6.5e-05 0.88 -3.8
6.51e-05 0.88 -3.8
6.52e-05 0.88 -3.8
6.53e-05 0.88 -4
6.54e-05 0.88 -4.2
6.55e-05 0.8 -4.2
6.56e-05 0.8 -4.2
6.57e-05 0.72 -4.2
6.58e-05 0.8 -4.4
6.59e-05 0.72 -4.2
6.6e-05 0.72 -4.6
6.61e-05 0.72 -4.6
6.62e-05 0.72 -4.6
6.63e-05 0.64 -4.6
6.64e-05 0.64 -4.6
6.65e-05 0.64 -4.8
6.66e-05 0.64 -4.8
6.67e-05 0.56 -5
6.68e-05 0.64 -5
6.69e-05 0.56 -5
6.7e-05 0.56 -5
6.71e-05 0.56 -5
6.72e-05 0.56 -5.4
6.73e-05 0.4 -5.4
6.74e-05 0.4 -5.4
6.75e-05 0.4 -5.4
6.76e-05 0.4 -5.6
6.77e-05 0.4 -5.4
6.78e-05 0.4 -5.6
6.79e-05 0.32 -5.6
6.8e-05 0.32 -5.8
6.81e-05 0.24 -5.8
6.82e-05 0.24 -5.6
6.83e-05 0.24 -5.8
6.84e-05 0.24 -5.8
6.85e-05 0.16 -5.8
6.86e-05 0.24 -5.8
6.87e-05 0.24 -5.8
6.88e-05 0.08 -6
6.89e-05 0.16 -6
6.9e-05 0.08 -6
6.91e-05 0.08 -5.8
6.92e-05 0 -6.2
6.93e-05 0 -6.2
6.94e-05 0 -6.2
6.95e-05 0 -6
6.96e-05 -0.16 -6.2
6.97e-05 -0.16 -6.2
6.98e-05 -0.16 -6.2
6.99e-05 -0.16 -6.2
7e-05 -0.16 -6.2
7.01e-05 -0.16 -6.2
7.02e-05 -0.24 -6.2
7.03e-05 -0.32 -6.4
7.04e-05 -0.32 -6.2
7.05e-05 -0.32 -6.4
7.06e-05 -0.4 -6.4
7.07e-05 -0.4 -6.4
7.08e-05 -0.4 -6.4
7.09e-05 -0.4 -6.4
7.1e-05 -0.48 -6.4
7.11e-05 -0.48 -6.2
7.12e-05 -0.48 -6.4
7.13e-05 -0.48 -6.4
7.14e-05 -0.48 -6.2
7.15e-05 -0.56 -6.4
7.16e-05 -0.64 -6.2
7.17e-05 -0.64 -6.4
7.18e-05 -0.64 -6.2
7.19e-05 -0.64 -6.4
7.2e-05 -0.64 -6.2
7.21e-05 -0.64 -6.2
7.22e-05 -0.72 -6.2
7.23e-05 -0.72 -6.2
7.24e-05 -0.8 -6.4
7.25e-05 -0.72 -6.2
7.26e-05 -0.8 -6.2
7.27e-05 -0.8 -6
7.28e-05 -0.8 -6
7.29e-05 -0.8 -6
7.3e-05 -0.88 -6
7.31e-05 -0.88 -6
7.32e-05 -0.88 -5.8
7.33e-05 -0.96 -5.8
7.34e-05 -1.04 -5.8
7.35e-05 -0.96 -5.8
7.36e-05 -1.04 -5.8
7.37e-05 -1.04 -5.8
7.38e-05 -1.04 -5.8
7.39e-05 -1.04 -5.8
7.4e-05 -1.12 -5.8
7.41e-05 -1.04 -5.6
7.42e-05 -1.12 -5.6
7.43e-05 -1.12 -5.6
7.44e-05 -1.12 -5.4
7.45e-05 -1.2 -5.4
7.46e-05 -1.12 -5.4
7.47e-05 -1.12 -5.2
7.48e-05 -1.12 -5
7.49e-05 -1.12 -5.2
7.5e-05 -1.12 -5
7.51e-05 -1.2 -5
7.52e-05 -1.28 -5
7.53e-05 -1.28 -5
7.54e-05 -1.28 -4.8
7.55e-05 -1.28 -4.8
7.56e-05 -1.28 -5
7.57e-05 -1.28 -4.6
7.58e-05 -1.28 -4.8
7.59e-05 -1.36 -4.6
7.6e-05 -1.44 -4.4
7.61e-05 -1.36 -4.2
7.62e-05 -1.44 -4.2
7.63e-05 -1.36 -4.2
7.64e-05 -1.36 -4.2
7.65e-05 -1.44 -4
7.66e-05 -1.44 -4
7.67e-05 -1.44 -4
7.68e-05 -1.44 -3.8
7.69e-05 -1.44 -3.8
7.7e-05 -1.44 -3.6
7.71e-05 -1.44 -3.6
7.72e-05 -1.44 -3.4
7.73e-05 -1.44 -3.4
7.74e-05 -1.44 -3.4
7.75e-05 -1.44 -3.4
7.76e-05 -1.44 -3.2
7.77e-05 -1.44 -3.2
7.78e-05 -1.44 -3
7.79e-05 -1.44 -3
7.8e-05 -1.44 -2.8
7.81e-05 -1.44 -2.6
7.82e-05 -1.52 -2.6
7.83e-05 -1.52 -2.6
7.84e-05 -1.52 -2.6
7.85e-05 -1.52 -2.6
7.86e-05 -1.6 -2.2
7.87e-05 -1.44 -2.4
7.88e-05 -1.6 -2.2
7.89e-05 -1.6 -2.2
7.9e-05 -1.44 -2
7.91e-05 -1.6 -1.8
7.92e-05 -1.52 -1.8
7.93e-05 -1.44 -1.6
7.94e-05 -1.52 -1.6
7.95e-05 -1.6 -1.4
7.96e-05 -1.52 -1.4
7.97e-05 -1.52 -1.2
7.98e-05 -1.52 -1.2
7.99e-05 -1.44 -1
8e-05 -1.52 -1
8.01e-05 -1.52 -1
8.02e-05 -1.52 -0.8
8.03e-05 -1.44 -0.8
8.04e-05 -1.44 -0.6
8.05e-05 -1.44 -0.6
8.06e-05 -1.44 -0.6
8.07e-05 -1.44 -0.4
8.08e-05 -1.44 -0.4
8.09e-05 -1.44 0
8.1e-05 -1.52 0
8.11e-05 -1.44 0.2
8.12e-05 -1.44 0.2
8.13e-05 -1.44 0.4
8.14e-05 -1.44 0.6
8.15e-05 -1.44 0.8
8.16e-05 -1.44 0.8
8.17e-05 -1.44 0.8
8.18e-05 -1.44 1
8.19e-05 -1.44 0.8
8.2e-05 -1.36 1
8.21e-05 -1.36 1
8.22e-05 -1.36 1.2
8.23e-05 -1.44 1.2
8.24e-05 -1.36 1.4
8.25e-05 -1.28 1.6
8.26e-05 -1.36 1.6
8.27e-05 -1.36 1.8
8.28e-05 -1.28 1.8
8.29e-05 -1.28 1.8
8.3e-05 -1.28 2
8.31e-05 -1.28 2.2
8.32e-05 -1.28 2.2
8.33e-05 -1.28 2.2
8.34e-05 -1.2 2.2
8.35e-05 -1.2 2.4
8.36e-05 -1.12 2.4
8.37e-05 -1.12 2.4
8.38e-05 -1.12 2.6
8.39e-05 -1.12 2.6
8.4e-05 -1.12 2.6
8.41e-05 -1.12 2.8
8.42e-05 -1.12 2.8
8.43e-05 -1.04 3
8.44e-05 -1.04 3
8.45e-05 -1.04 3.4
8.46e-05 -1.04 3.2
8.47e-05 -1.04 3.4
8.48e-05 -1.04 3.4
8.49e-05 -1.04 3.6
8.5e-05 -0.96 3.6
8.51e-05 -0.96 3.6
8.52e-05 -0.96 3.6
8.53e-05 -0.8 3.6
8.54e-05 -0.8 3.8
8.55e-05 -0.88 3.8
8.56e-05 -0.8 4
8.57e-05 -0.8 4
8.58e-05 -0.8 4
8.59e-05 -0.8 4
8.6e-05 -0.72 4.2
8.61e-05 -0.72 4.4
8.62e-05 -0.64 4.2
8.63e-05 -0.64 4.6
8.64e-05 -0.64 4.4
8.65e-05 -0.64 4.6
8.66e-05 -0.56 4.6
8.67e-05 -0.56 4.6
8.68e-05 -0.56 4.6
8.69e-05 -0.48 4.6
8.7e-05 -0.48 4.8
8.71e-05 -0.48 4.8
8.72e-05 -0.48 4.8
8.73e-05 -0.48 4.8
8.74e-05 -0.48 5
8.75e-05 -0.48 5
8.76e-05 -0.4 5
8.77e-05 -0.4 5
8.78e-05 -0.4 5
8.79e-05 -0.32 5.2
8.8e-05 -0.32 5.2
8.81e-05 -0.32 5.2
8.82e-05 -0.32 5.2
8.83e-05 -0.16 5.4
8.84e-05 -0.16 5.2
8.85e-05 -0.16 5.2
8.86e-05 -0.16 5.4
8.87e-05 -0.16 5.2
8.88e-05 0 5.2
8.89e-05 -0.16 5.4
8.9e-05 -0.16 5.4
8.91e-05 0 5.6
8.92e-05 0 5.4
8.93e-05 0.08 5.4
8.94e-05 0.08 5.4
8.95e-05 0.08 5.8
8.96e-05 0.16 5.6
8.97e-05 0.16 5.8
8.98e-05 0.24 5.6
8.99e-05 0.24 5.6
9e-05 0.24 5.6
9.01e-05 0.24 5.6
9.02e-05 0.24 5.6
9.03e-05 0.24 5.4
9.04e-05 0.32 5.6
9.05e-05 0.32 5.6
9.06e-05 0.32 5.6
9.07e-05 0.4 5.6
9.08e-05 0.4 5.4
9.09e-05 0.4 5.6
9.1e-05 0.4 5.6
9.11e-05 0.48 5.6
9.12e-05 0.56 5.6
9.13e-05 0.56 5.6
9.14e-05 0.56 5.6
9.15e-05 0.56 5.4
9.16e-05 0.56 5.4
9.17e-05 0.64 5.4
9.18e-05 0.64 5.4
9.19e-05 0.64 5.2
9.2e-05 0.64 5.4
9.21e-05 0.72 5.2
9.22e-05 0.72 5.2
9.23e-05 0.72 5.2
9.24e-05 0.72 5.2
9.25e-05 0.72 5.2
9.26e-05 0.8 5
9.27e-05 0.8 5.2
9.28e-05 0.88 5
9.29e-05 0.88 5
9.3e-05 0.8 5
9.31e-05 0.88 5
9.32e-05 0.88 4.8
9.33e-05 0.88 4.8
9.34e-05 0.96 4.8
9.35e-05 0.96 4.6
9.36e-05 0.96 4.8
9.37e-05 0.96 4.4
9.38e-05 0.96 4.4
9.39e-05 1.04 4.4
9.4e-05 0.96 4.4
9.41e-05 1.04 4.2
9.42e-05 1.04 4.2
9.43e-05 1.04 4.2
9.44e-05 1.04 4.2
9.45e-05 1.04 4
9.46e-05 1.12 4
9.47e-05 1.04 4
9.48e-05 1.12 4
9.49e-05 1.04 4
9.5e-05 1.2 4
9.51e-05 1.12 3.8
9.52e-05 1.2 3.8
9.53e-05 1.2 3.4
9.54e-05 1.2 3.4
9.55e-05 1.2 3.4
9.56e-05 1.2 3.4
9.57e-05 1.2 3.2
9.58e-05 1.2 3.2
9.59e-05 1.28 3.2
9.6e-05 1.2 3
9.61e-05 1.28 3
9.62e-05 1.28 2.8
9.63e-05 1.2 2.6
9.64e-05 1.28 2.8
9.65e-05 1.28 2.8
9.66e-05 1.28 2.6
9.67e-05 1.28 2.4
9.68e-05 1.36 2.4
9.69e-05 1.28 2.4
9.7e-05 1.28 2.4
9.71e-05 1.28 2.4
9.72e-05 1.36 2
9.73e-05 1.36 2
9.74e-05 1.36 2
9.75e-05 1.36 1.8
9.76e-05 1.28 1.8
9.77e-05 1.36 1.8
9.78e-05 1.36 1.6
9.79e-05 1.28 1.6
9.8e-05 1.36 1.4
9.81e-05 1.36 1.2
9.82e-05 1.36 1
9.83e-05 1.36 1
9.84e-05 1.36 1
9.85e-05 1.36 0.8
9.86e-05 1.36 0.8
9.87e-05 1.36 0.6
9.88e-05 1.28 0.6
9.89e-05 1.36 0.4
9.9e-05 1.36 0.6
9.91e-05 1.36 0.2
9.92e-05 1.36 0.2
9.93e-05 1.36 0.2
9.94e-05 1.28 0
9.95e-05 1.28 0
9.96e-05 1.28 0
9.97e-05 1.28 -0.4
9.98e-05 1.28 -0.6
9.99e-05 1.36 -0.6
0.0001 1.28 -0.6
0.0001001 1.28 -0.8
0.0001002 1.36 -0.8
0.0001003 1.28 -1
0.0001004 1.28 -1
0.0001005 1.28 -1
0.0001006 1.28 -1.2
0.0001007 1.28 -1.4
0.0001008 1.2 -1.4
0.0001009 1.2 -1.6
0.000101 1.28 -1.6
0.0001011 1.28 -1.6
0.0001012 1.28 -2
0.0001013 1.2 -1.8
0.0001014 1.2 -2
0.0001015 1.2 -2
0.0001016 1.2 -2
0.0001017 1.2 -2.4
0.0001018 1.2 -2.4
0.0001019 1.2 -2.6
0.000102 1.2 -2.4
0.0001021 1.2 -2.6
0.0001022 1.12 -2.6
0.0001023 1.12 -3
0.0001024 1.04 -2.6
0.0001025 1.04 -3
0.0001026 1.04 -3
0.0001027 1.04 -3
0.0001028 0.96 -3.2
0.0001029 0.96 -3.4
0.000103 0.96 -3.4
0.0001031 1.04 -3.4
0.0001032 0.96 -3.6
0.0001033 0.96 -3.4
0.0001034 0.88 -3.8
0.0001035 0.88 -3.8
0.0001036 0.88 -3.8
0.0001037 0.88 -4
0.0001038 0.88 -4.2
0.0001039 0.88 -4.2
0.000104 0.72 -4
0.0001041 0.88 -4.2
0.0001042 0.88 -4.2
0.0001043 0.72 -4.4
0.0001044 0.72 -4.4
0.0001045 0.72 -4.4
0.0001046 0.72 -4.6
0.0001047 0.72 -4.6
0.0001048 0.64 -4.8
0.0001049 0.64 -4.6
0.000105 0.64 -4.8
0.0001051 0.64 -5
0.0001052 0.56 -5
0.0001053 0.64 -5
0.0001054 0.56 -5
0.0001055 0.56 -5
0.0001056 0.56 -5
0.0001057 0.4 -5.4
0.0001058 0.4 -5.4
0.0001059 0.4 -5.4
0.000106 0.4 -5.4
0.0001061 0.4 -5.4
0.0001062 0.32 -5.4
0.0001063 0.32 -5.6
0.0001064 0.32 -5.6
0.0001065 0.32 -5.6
0.0001066 0.24 -5.8
0.0001067 0.24 -5.8
0.0001068 0.24 -5.8
0.0001069 0.24 -5.8
0.000107 0.24 -5.8
0.0001071 0.24 -5.8
0.0001072 0.24 -5.8
0.0001073 0.16 -6
0.0001074 0.08 -5.8
0.0001075 0.08 -6
0.0001076 0 -6
0.0001077 0 -6
0.0001078 0 -6.2
0.0001079 0 -6.2
0.000108 -0.16 -6.2
0.0001081 -0.16 -6.2
0.0001082 -0.16 -6.4
0.0001083 -0.16 -6.4
0.0001084 -0.16 -6.2
0.0001085 -0.24 -6.2
0.0001086 -0.32 -6.2
0.0001087 -0.32 -6.4
0.0001088 -0.4 -6.4
0.0001089 -0.32 -6.4
0.000109 -0.32 -6.2
0.0001091 -0.32 -6.4
0.0001092 -0.4 -6.4
0.0001093 -0.4 -6.4
0.0001094 -0.4 -6.4
0.0001095 -0.48 -6.2
0.0001096 -0.48 -6.4
0.0001097 -0.48 -6.2
0.0001098 -0.48 -6.4
0.0001099 -0.48 -6.2
0.00011 -0.56 -6.4
0.0001101 -0.56 -6.4
0.0001102 -0.64 -6.4
0.0001103 -0.64 -6.4
0.0001104 -0.64 -6.4
0.0001105 -0.72 -6.4
0.0001106 -0.72 -6
0.0001107 -0.72 -6.2
0.0001108 -0.72 -6.2
0.0001109 -0.72 -6.2
0.000111 -0.8 -6
0.0001111 -0.8 -6
0.0001112 -0.8 -6
0.0001113 -0.88 -6
0.0001114 -0.8 -6
0.0001115 -0.8 -5.8
0.0001116 -0.96 -6
0.0001117 -0.96 -5.8
0.0001118 -0.96 -5.8
0.0001119 -0.96 -5.8
0.000112 -0.96 -5.8
0.0001121 -1.04 -5.8
0.0001122 -1.04 -5.8
0.0001123 -1.04 -5.8
0.0001124 -1.04 -5.6
0.0001125 -1.12 -5.6
0.0001126 -1.04 -5.6
0.0001127 -1.12 -5.4
0.0001128 -1.12 -5.4
0.0001129 -1.12 -5.4
0.000113 -1.12 -5.4
0.0001131 -1.2 -5.2
0.0001132 -1.12 -5.4
0.0001133 -1.12 -5.2
0.0001134 -1.28 -5
0.0001135 -1.12 -5
0.0001136 -1.28 -5
0.0001137 -1.2 -5
0.0001138 -1.28 -5
0.0001139 -1.28 -4.8
0.000114 -1.28 -4.6
0.0001141 -1.28 -4.8
0.0001142 -1.28 -4.6
0.0001143 -1.28 -4.6
0.0001144 -1.36 -4.4
0.0001145 -1.36 -4.2
0.0001146 -1.36 -4.4
0.0001147 -1.36 -4.2
0.0001148 -1.44 -4.2
0.0001149 -1.44 -4.2
0.000115 -1.44 -4
0.0001151 -1.44 -4
0.0001152 -1.44 -4
0.0001153 -1.44 -3.8
0.0001154 -1.44 -3.8
0.0001155 -1.44 -3.8
0.0001156 -1.44 -3.4
0.0001157 -1.44 -3.4
0.0001158 -1.44 -3.2
0.0001159 -1.44 -3.4
0.000116 -1.44 -3.2
0.0001161 -1.44 -3.2
0.0001162 -1.6 -3
0.0001163 -1.44 -3.2
0.0001164 -1.44 -3
0.0001165 -1.44 -2.8
0.0001166 -1.52 -2.8
0.0001167 -1.52 -2.8
0.0001168 -1.52 -2.6
0.0001169 -1.52 -2.4
0.000117 -1.44 -2.4
0.0001171 -1.44 -2.2
0.0001172 -1.52 -2.2
0.0001173 -1.44 -2.2
0.0001174 -1.44 -2
0.0001175 -1.44 -2
0.0001176 -1.6 -1.8
0.0001177 -1.6 -1.8
0.0001178 -1.44 -1.6
0.0001179 -1.44 -1.6
0.000118 -1.6 -1.4
0.0001181 -1.44 -1.4
0.0001182 -1.6 -1.4
0.0001183 -1.6 -1
0.0001184 -1.52 -1
0.0001185 -1.44 -1
0.0001186 -1.44 -1
0.0001187 -1.44 -0.8
0.0001188 -1.44 -0.8
0.0001189 -1.44 -0.6
0.000119 -1.44 -0.4
0.0001191 -1.52 -0.4
0.0001192 -1.44 -0.4
0.0001193 -1.44 0
0.0001194 -1.44 0
0.0001195 -1.44 0.2
0.0001196 -1.44 0.2
0.0001197 -1.44 0.2
0.0001198 -1.44 0.2
0.0001199 -1.44 0.4
0.00012 -1.44 0.6
0.0001201 -1.44 0.8
0.0001202 -1.44 0.8
0.0001203 -1.44 1
0.0001204 -1.44 0.8
0.0001205 -1.36 1
0.0001206 -1.36 1.2
0.0001207 -1.36 1.2
0.0001208 -1.36 1.6
0.0001209 -1.36 1.2
0.000121 -1.36 1.6
0.0001211 -1.28 1.6
0.0001212 -1.36 1.8
0.0001213 -1.28 1.8
0.0001214 -1.28 2
0.0001215 -1.28 2
0.0001216 -1.28 2
0.0001217 -1.28 2.2
0.0001218 -1.2 2.2
0.0001219 -1.2 2.4
0.000122 -1.2 2.4
0.0001221 -1.12 2.4
0.0001222 -1.12 2.6
0.0001223 -1.12 2.6
0.0001224 -1.12 2.8
0.0001225 -1.12 3
0.0001226 -1.12 3
0.0001227 -1.12 3
0.0001228 -1.12 3.2
0.0001229 -1.12 3.2
0.000123 -1.04 3.2
0.0001231 -1.04 3.4
0.0001232 -0.96 3.2
0.0001233 -0.96 3.4
0.0001234 -1.04 3.4
0.0001235 -0.96 3.4
0.0001236 -0.96 3.4
0.0001237 -0.96 3.6
0.0001238 -0.88 3.8
0.0001239 -0.8 4
0.000124 -0.8 4
0.0001241 -0.8 4
0.0001242 -0.8 4
0.0001243 -0.8 4
0.0001244 -0.72 4.2
0.0001245 -0.72 4.2
0.0001246 -0.72 4.2
0.0001247 -0.72 4.2
0.0001248 -0.64 4.2
0.0001249 -0.64 4.4
0.000125 -0.64 4.4
0.0001251 -0.64 4.6
0.0001252 -0.56 4.6
0.0001253 -0.64 4.8
0.0001254 -0.48 4.8
0.0001255 -0.48 4.8
0.0001256 -0.48 5
0.0001257 -0.48 5
0.0001258 -0.48 4.8
0.0001259 -0.48 5
0.000126 -0.4 5.2
0.0001261 -0.4 5
0.0001262 -0.32 5.2
0.0001263 -0.32 5
0.0001264 -0.32 5.2
0.0001265 -0.32 5.2
0.0001266 -0.32 5
0.0001267 -0.24 5.2
0.0001268 -0.16 5.4
0.0001269 -0.16 5.6
0.000127 -0.16 5.2
0.0001271 -0.16 5.4
0.0001272 -0.16 5.6
0.0001273 -0.16 5.4
0.0001274 0 5.6
0.0001275 0 5.6
0.0001276 0 5.6
0.0001277 0.08 5.6
0.0001278 0.08 5.6
0.0001279 0.08 5.6
0.000128 0.08 5.6
0.0001281 0.16 5.6
0.0001282 0.16 5.4
0.0001283 0.24 5.6
0.0001284 0.24 5.6
0.0001285 0.24 5.6
0.0001286 0.24 5.6
0.0001287 0.32 5.6
0.0001288 0.32 5.6
0.0001289 0.32 5.6
0.000129 0.32 5.6
0.0001291 0.4 5.6
0.0001292 0.4 5.6
0.0001293 0.4 5.6
0.0001294 0.4 5.6
0.0001295 0.4 5.6
0.0001296 0.48 5.6
0.0001297 0.56 5.6
0.0001298 0.56 5.6
0.0001299 0.56 5.6
0.00013 0.56 5.4
0.0001301 0.56 5.6
0.0001302 0.64 5.2
0.0001303 0.64 5.6
0.0001304 0.64 5.4
0.0001305 0.72 5.4
0.0001306 0.64 5.4
0.0001307 0.72 5.2
0.0001308 0.72 5.4
0.0001309 0.72 5
0.000131 0.72 5.2
0.0001311 0.8 5
0.0001312 0.88 5
0.0001313 0.88 5
0.0001314 0.88 5
0.0001315 0.88 4.8
0.0001316 0.88 4.8
0.0001317 0.88 5
0.0001318 0.88 4.8
0.0001319 0.88 4.8
0.000132 0.88 4.6
0.0001321 0.96 4.6
0.0001322 0.96 4.6
0.0001323 0.96 4.4
0.0001324 0.96 4.4
0.0001325 1.04 4.2
0.0001326 1.04 4.4
0.0001327 1.04 4.4
0.0001328 1.04 4.2
0.0001329 1.04 4
0.000133 1.04 4
0.0001331 1.04 4
0.0001332 1.12 4
0.0001333 1.2 3.8
0.0001334 1.2 3.8
0.0001335 1.2 3.8
0.0001336 1.2 3.6
0.0001337 1.2 3.6
0.0001338 1.2 3.6
0.0001339 1.2 3.4
0.000134 1.2 3.4
0.0001341 1.2 3.4
0.0001342 1.2 3.2
0.0001343 1.2 3.2
0.0001344 1.2 3.2
0.0001345 1.28 3
0.0001346 1.28 3
0.0001347 1.28 2.8
0.0001348 1.28 2.6
0.0001349 1.28 2.6
0.000135 1.28 2.6
0.0001351 1.28 2.4
0.0001352 1.28 2.4
0.0001353 1.28 2.6
0.0001354 1.28 2.4
0.0001355 1.36 2.2
0.0001356 1.28 2.4
0.0001357 1.36 2
0.0001358 1.36 2
0.0001359 1.36 1.8
0.000136 1.36 1.8
0.0001361 1.36 1.6
0.0001362 1.36 1.6
0.0001363 1.36 1.6
0.0001364 1.36 1.4
0.0001365 1.28 1.2
0.0001366 1.36 1.2
0.0001367 1.36 1
0.0001368 1.36 1
0.0001369 1.36 1
0.000137 1.36 0.8
0.0001371 1.36 0.8
0.0001372 1.36 0.8
0.0001373 1.36 0.6
0.0001374 1.36 0.4
0.0001375 1.28 0.4
0.0001376 1.28 0.2
0.0001377 1.28 0
0.0001378 1.36 0.2
0.0001379 1.28 0
0.000138 1.36 0
0.0001381 1.36 -0.4
0.0001382 1.28 -0.4
0.0001383 1.36 -0.4
0.0001384 1.36 -0.6
0.0001385 1.36 -0.6
0.0001386 1.28 -0.8
0.0001387 1.36 -0.8
0.0001388 1.28 -1
0.0001389 1.28 -1
0.000139 1.28 -1.2
0.0001391 1.28 -1.2
0.0001392 1.28 -1.4
0.0001393 1.28 -1.6
0.0001394 1.28 -1.6
0.0001395 1.2 -1.8
0.0001396 1.2 -1.6
0.0001397 1.2 -1.8
0.0001398 1.2 -1.8
0.0001399 1.2 -2.2
0.00014 1.2 -2.2
0.0001401 1.2 -2
0.0001402 1.2 -2.4
0.0001403 1.2 -2.2
0.0001404 1.2 -2.4
0.0001405 1.2 -2.4
0.0001406 1.12 -2.6
0.0001407 1.04 -2.6
0.0001408 1.04 -2.8
0.0001409 1.12 -3
0.000141 1.04 -3
0.0001411 1.04 -3.2
0.0001412 1.04 -3.2
0.0001413 0.96 -3.4
0.0001414 1.04 -3.4
0.0001415 0.96 -3.4
0.0001416 0.96 -3.4
0.0001417 0.96 -3.4
0.0001418 0.96 -3.8
0.0001419 0.96 -3.4
0.000142 0.88 -4
0.0001421 0.88 -3.8
0.0001422 0.88 -4
0.0001423 0.88 -4
0.0001424 0.88 -4
0.0001425 0.8 -4.2
0.0001426 0.8 -4.2
0.0001427 0.8 -4.4
0.0001428 0.72 -4.4
0.0001429 0.72 -4.4
0.000143 0.72 -4.6
0.0001431 0.72 -4.8
0.0001432 0.64 -4.6
0.0001433 0.64 -4.8
0.0001434 0.64 -4.8
0.0001435 0.56 -4.8
0.0001436 0.64 -5
0.0001437 0.56 -5
0.0001438 0.56 -5
0.0001439 0.48 -5
0.000144 0.56 -5.4
0.0001441 0.48 -5.2
0.0001442 0.4 -5.4
0.0001443 0.4 -5.4
0.0001444 0.4 -5.4
0.0001445 0.4 -5.4
0.0001446 0.32 -5.6
0.0001447 0.32 -5.6
0.0001448 0.4 -5.6
0.0001449 0.32 -5.6
0.000145 0.32 -5.6
0.0001451 0.24 -5.6
0.0001452 0.32 -5.8
0.0001453 0.24 -5.8
0.0001454 0.24 -5.8
0.0001455 0.24 -5.8
0.0001456 0.24 -5.8
0.0001457 0.08 -5.8
0.0001458 0.08 -5.8
0.0001459 0.08 -6.2
0.000146 0.08 -6.2
0.0001461 0 -6.2
0.0001462 0 -6
0.0001463 0 -6.2
0.0001464 0 -6.2
0.0001465 -0.16 -6.4
0.0001466 -0.16 -6.2
0.0001467 -0.16 -6.2
0.0001468 -0.16 -6.2
0.0001469 -0.16 -6.4
0.000147 -0.24 -6.4
0.0001471 -0.24 -6.4
0.0001472 -0.32 -6.2
0.0001473 -0.32 -6.2
0.0001474 -0.32 -6.4
0.0001475 -0.4 -6.4
0.0001476 -0.32 -6.6
0.0001477 -0.4 -6.4
0.0001478 -0.48 -6.4
0.0001479 -0.4 -6.4
0.000148 -0.48 -6.4
0.0001481 -0.48 -6.4
0.0001482 -0.48 -6.2
0.0001483 -0.48 -6.2
0.0001484 -0.56 -6.4
0.0001485 -0.64 -6.2
0.0001486 -0.64 -6.4
0.0001487 -0.64 -6.4
0.0001488 -0.64 -6.4
0.0001489 -0.64 -6.2
0.000149 -0.64 -6.4
0.0001491 -0.72 -6.4
0.0001492 -0.72 -6.2
0.0001493 -0.8 -6.4
0.0001494 -0.8 -6.4
0.0001495 -0.8 -6.2
0.0001496 -0.8 -6.2
0.0001497 -0.8 -6.2
0.0001498 -0.8 -6
0.0001499 -0.8 -6
0.00015 -0.88 -5.8
0.0001501 -0.96 -5.8
0.0001502 -0.96 -5.8
0.0001503 -0.96 -5.8
0.0001504 -0.96 -5.8
0.0001505 -0.96 -5.8
0.0001506 -1.04 -5.8
0.0001507 -1.04 -5.6
0.0001508 -1.04 -5.6
0.0001509 -1.04 -5.8
0.000151 -1.04 -5.6
0.0001511 -1.04 -5.6
0.0001512 -1.12 -5.6
0.0001513 -1.12 -5.6
0.0001514 -1.12 -5.2
0.0001515 -1.12 -5.4
0.0001516 -1.2 -5.2
0.0001517 -1.12 -5
0.0001518 -1.2 -5
0.0001519 -1.2 -5.2
0.000152 -1.28 -5
0.0001521 -1.28 -5
0.0001522 -1.28 -5
0.0001523 -1.28 -4.8
0.0001524 -1.28 -4.8
0.0001525 -1.28 -4.8
0.0001526 -1.28 -4.8
0.0001527 -1.36 -4.6
0.0001528 -1.36 -4.6
0.0001529 -1.36 -4.2
0.000153 -1.36 -4.4
0.0001531 -1.44 -4.2
0.0001532 -1.36 -4.2
0.0001533 -1.36 -4.2
0.0001534 -1.44 -4
0.0001535 -1.44 -4
0.0001536 -1.44 -4
0.0001537 -1.44 -4
0.0001538 -1.44 -3.8
0.0001539 -1.44 -3.6
0.000154 -1.44 -3.8
0.0001541 -1.44 -3.6
0.0001542 -1.44 -3.4
0.0001543 -1.44 -3.4
0.0001544 -1.44 -3.4
0.0001545 -1.44 -3.2
0.0001546 -1.44 -3.2
0.0001547 -1.6 -3.2
0.0001548 -1.44 -2.8
0.0001549 -1.44 -2.8
0.000155 -1.44 -2.8
0.0001551 -1.44 -2.6
0.0001552 -1.52 -2.6
0.0001553 -1.52 -2.6
0.0001554 -1.44 -2.4
0.0001555 -1.52 -2.4
0.0001556 -1.52 -2.4
0.0001557 -1.52 -2
0.0001558 -1.52 -2.2
0.0001559 -1.44 -2
0.000156 -1.52 -2
0.0001561 -1.6 -1.8
0.0001562 -1.52 -1.8
0.0001563 -1.6 -1.6
0.0001564 -1.44 -1.4
0.0001565 -1.52 -1.4
0.0001566 -1.44 -1.2
0.0001567 -1.44 -1.2
0.0001568 -1.44 -1
0.0001569 -1.44 -1
0.000157 -1.44 -1
0.0001571 -1.44 -0.8
0.0001572 -1.44 -0.8
0.0001573 -1.44 -0.6
0.0001574 -1.44 -0.8
0.0001575 -1.44 -0.4
0.0001576 -1.44 -0.4
0.0001577 -1.44 0
0.0001578 -1.44 0
0.0001579 -1.52 0
0.000158 -1.44 0.2
0.0001581 -1.44 0.2
0.0001582 -1.44 0.4
0.0001583 -1.44 0.4
0.0001584 -1.44 0.6
0.0001585 -1.44 0.8
0.0001586 -1.44 0.8
0.0001587 -1.44 0.8
0.0001588 -1.44 1
0.0001589 -1.36 1
0.000159 -1.44 1
0.0001591 -1.36 1
0.0001592 -1.36 1.2
0.0001593 -1.36 1.2
0.0001594 -1.36 1.6
0.0001595 -1.28 1.6
0.0001596 -1.28 1.8
0.0001597 -1.28 1.8
0.0001598 -1.28 2
0.0001599 -1.28 1.8
0.00016 -1.28 2
0.0001601 -1.28 2.2
0.0001602 -1.12 2.2
0.0001603 -1.28 2.4
0.0001604 -1.2 2.4
0.0001605 -1.12 2.4
0.0001606 -1.12 2.4
0.0001607 -1.28 2.6
0.0001608 -1.12 2.6
0.0001609 -1.12 2.8
0.000161 -1.12 2.8
0.0001611 -1.12 3
0.0001612 -1.04 3
0.0001613 -1.12 3
0.0001614 -1.04 3.2
0.0001615 -1.04 3.2
0.0001616 -1.04 3.2
0.0001617 -0.96 3.4
0.0001618 -1.04 3.4
0.0001619 -0.96 3.4
0.000162 -0.96 3.6
0.0001621 -0.88 3.6
0.0001622 -0.96 3.6
0.0001623 -0.8 3.8
0.0001624 -0.88 3.8
0.0001625 -0.8 4
0.0001626 -0.8 4
0.0001627 -0.8 4
0.0001628 -0.72 4.2
0.0001629 -0.8 4.2
0.000163 -0.72 4.2
0.0001631 -0.72 4.2
0.0001632 -0.72 4.4
0.0001633 -0.72 4.4
0.0001634 -0.64 4.6
0.0001635 -0.64 4.6
0.0001636 -0.64 4.6
0.0001637 -0.48 4.6
0.0001638 -0.56 4.8
0.0001639 -0.48 4.8
0.000164 -0.48 4.6
0.0001641 -0.48 4.8
0.0001642 -0.48 4.8
0.0001643 -0.48 4.8
0.0001644 -0.4 5
0.0001645 -0.4 4.8
0.0001646 -0.4 5
0.0001647 -0.4 5
0.0001648 -0.32 5.2
0.0001649 -0.32 5.2
0.000165 -0.24 5.2
0.0001651 -0.24 5.2
0.0001652 -0.24 5.4
0.0001653 -0.24 5.4
0.0001654 -0.16 5.4
0.0001655 -0.16 5.4
0.0001656 -0.16 5.4
0.0001657 -0.16 5.6
0.0001658 -0.16 5.4
0.0001659 -0.16 5.4
0.000166 0 5.4
0.0001661 0 5.6
0.0001662 0.08 5.4
0.0001663 0.08 5.4
0.0001664 0.08 5.6
0.0001665 0.08 5.6
0.0001666 0.16 5.6
0.0001667 0.24 5.6
0.0001668 0.16 5.8
0.0001669 0.24 5.4
0.000167 0.24 5.6
0.0001671 0.32 5.6
0.0001672 0.32 5.4
0.0001673 0.32 5.6
0.0001674 0.32 5.6
0.0001675 0.32 5.4
0.0001676 0.4 5.6
0.0001677 0.4 5.6
0.0001678 0.4 5.6
0.0001679 0.4 5.6
0.000168 0.48 5.6
0.0001681 0.48 5.6
0.0001682 0.56 5.6
0.0001683 0.56 5.6
0.0001684 0.56 5.6
0.0001685 0.56 5.4
0.0001686 0.64 5.6
0.0001687 0.64 5.4
0.0001688 0.56 5.2
0.0001689 0.64 5.4
0.000169 0.64 5.2
0.0001691 0.72 5.2
0.0001692 0.72 5.2
0.0001693 0.72 5
0.0001694 0.72 5.2
0.0001695 0.72 5.2
0.0001696 0.8 5
0.0001697 0.8 5
0.0001698 0.88 5
0.0001699 0.88 5
0.00017 0.88 5
0.0001701 0.88 4.8
0.0001702 0.88 4.8
0.0001703 0.96 4.8
0.0001704 0.96 4.8
0.0001705 0.96 4.6
0.0001706 0.96 4.4
0.0001707 0.96 4.8
0.0001708 1.04 4.4
0.0001709 0.96 4.4
0.000171 1.04 4.2
0.0001711 1.04 4.4
0.0001712 1.04 4.2
0.0001713 1.04 4.4
0.0001714 1.04 4.2
0.0001715 1.12 4
0.0001716 1.04 4
0.0001717 1.2 4
0.0001718 1.12 4
0.0001719 1.12 3.6
0.000172 1.2 3.8
0.0001721 1.2 3.6
0.0001722 1.2 3.6
0.0001723 1.2 3.4
0.0001724 1.2 3.4
0.0001725 1.2 3.4
0.0001726 1.2 3.2
0.0001727 1.28 3.2
0.0001728 1.28 3.2
0.0001729 1.2 3.2
0.000173 1.28 3.2
0.0001731 1.2 3
0.0001732 1.28 3
0.0001733 1.28 2.8
0.0001734 1.28 2.8
0.0001735 1.28 2.6
0.0001736 1.28 2.6
0.0001737 1.36 2.4
0.0001738 1.28 2.2
0.0001739 1.28 2.4
0.000174 1.28 2
0.0001741 1.28 2.2
0.0001742 1.28 2
0.0001743 1.36 2
0.0001744 1.28 1.8
0.0001745 1.36 1.8
0.0001746 1.36 1.6
0.0001747 1.36 1.6
0.0001748 1.36 1.6
0.0001749 1.36 1.2
0.000175 1.36 1.2
0.0001751 1.28 1.2
0.0001752 1.36 1.2
0.0001753 1.36 1
0.0001754 1.36 1
0.0001755 1.36 0.8
0.0001756 1.28 0.6
0.0001757 1.36 0.8
0.0001758 1.36 0.6
0.0001759 1.36 0.4
0.000176 1.36 0.2
0.0001761 1.36 0.4
0.0001762 1.36 0.2
0.0001763 1.36 0
0.0001764 1.36 0
0.0001765 1.36 0
0.0001766 1.28 -0.4
0.0001767 1.36 -0.4
0.0001768 1.36 -0.4
0.0001769 1.28 -0.6
0.000177 1.28 -0.8
0.0001771 1.28 -0.8
0.0001772 1.28 -1
0.0001773 1.28 -1
0.0001774 1.28 -1.2
0.0001775 1.28 -1.2
0.0001776 1.28 -1.4
0.0001777 1.2 -1.4
0.0001778 1.28 -1.6
0.0001779 1.28 -1.6
0.000178 1.2 -1.6
0.0001781 1.2 -1.6
0.0001782 1.2 -1.8
0.0001783 1.2 -2
0.0001784 1.2 -2
0.0001785 1.2 -2.2
0.0001786 1.2 -2.2
0.0001787 1.2 -2.2
0.0001788 1.2 -2.4
0.0001789 1.2 -2.6
0.000179 1.2 -2.6
0.0001791 1.2 -2.6
0.0001792 1.04 -2.6
0.0001793 1.04 -3
0.0001794 1.04 -3
0.0001795 1.04 -3.2
0.0001796 1.04 -3.2
0.0001797 1.04 -3.2
0.0001798 1.04 -3.2
0.0001799 0.96 -3.4
0.00018 0.96 -3.4
0.0001801 0.88 -3.4
0.0001802 0.96 -3.6
0.0001803 0.88 -3.8
0.0001804 0.88 -3.8
0.0001805 0.88 -4
0.0001806 0.88 -4
0.0001807 0.88 -4
0.0001808 0.88 -4.2
0.0001809 0.8 -4
0.000181 0.88 -4.2
0.0001811 0.8 -4
0.0001812 0.8 -4.4
0.0001813 0.72 -4.4
0.0001814 0.72 -4.6
0.0001815 0.72 -4.6
0.0001816 0.72 -4.6
0.0001817 0.64 -4.8
0.0001818 0.64 -4.8
0.0001819 0.64 -5
0.000182 0.56 -5
0.0001821 0.64 -5
0.0001822 0.56 -5
0.0001823 0.56 -5.2
0.0001824 0.56 -5.2
0.0001825 0.56 -5.2
0.0001826 0.48 -5.4
0.0001827 0.48 -5.2
0.0001828 0.4 -5.6
0.0001829 0.4 -5.4
0.000183 0.4 -5.4
0.0001831 0.4 -5.6
0.0001832 0.32 -5.4
0.0001833 0.24 -5.6
0.0001834 0.24 -5.6
0.0001835 0.24 -5.8
0.0001836 0.24 -5.6
0.0001837 0.24 -5.8
0.0001838 0.24 -5.8
0.0001839 0.16 -6
0.000184 0.16 -6
0.0001841 0.16 -6
0.0001842 0.08 -6
0.0001843 0.08 -5.8
0.0001844 0.08 -6.2
0.0001845 0.08 -6
0.0001846 0 -6.2
0.0001847 0 -6
0.0001848 0 -6.4
0.0001849 0 -6.2
0.000185 -0.16 -6
0.0001851 -0.16 -6.4
0.0001852 -0.16 -6.2
0.0001853 -0.16 -6.4
0.0001854 -0.16 -6.2
0.0001855 -0.32 -6.4
0.0001856 -0.24 -6.4
0.0001857 -0.32 -6.2
0.0001858 -0.32 -6.4
0.0001859 -0.32 -6.4
0.000186 -0.32 -6.2
0.0001861 -0.4 -6.4
0.0001862 -0.4 -6.4
0.0001863 -0.4 -6.4
0.0001864 -0.48 -6.2
0.0001865 -0.48 -6.2
0.0001866 -0.48 -6.4
0.0001867 -0.48 -6.2
0.0001868 -0.48 -6.2
0.0001869 -0.56 -6.4
0.000187 -0.64 -6.4
0.0001871 -0.64 -6.2
0.0001872 -0.64 -6.4
0.0001873 -0.64 -6.4
0.0001874 -0.64 -6.2
0.0001875 -0.72 -6.4
0.0001876 -0.72 -6.4
0.0001877 -0.72 -6.2
0.0001878 -0.72 -6.2
0.0001879 -0.8 -6.2
0.000188 -0.8 -6.2
0.0001881 -0.8 -6
0.0001882 -0.8 -6
0.0001883 -0.8 -6
0.0001884 -0.96 -5.8
0.0001885 -0.96 -6
0.0001886 -0.96 -5.8
0.0001887 -0.96 -5.8
0.0001888 -1.04 -5.8
0.0001889 -1.04 -5.8
0.000189 -1.04 -5.8
0.0001891 -1.04 -5.8
0.0001892 -1.04 -5.8
0.0001893 -1.04 -5.6
0.0001894 -1.12 -5.6
0.0001895 -1.12 -5.6
0.0001896 -1.04 -5.6
0.0001897 -1.12 -5.4
0.0001898 -1.12 -5.4
0.0001899 -1.12 -5.4
0.00019 -1.12 -5.4
0.0001901 -1.12 -5.4
0.0001902 -1.2 -5
0.0001903 -1.12 -5.2
0.0001904 -1.2 -5.2
0.0001905 -1.28 -5
0.0001906 -1.28 -5
0.0001907 -1.28 -4.8
0.0001908 -1.28 -5
0.0001909 -1.36 -4.8
0.000191 -1.28 -4.6
0.0001911 -1.36 -4.6
0.0001912 -1.36 -4.6
0.0001913 -1.36 -4.4
0.0001914 -1.36 -4.4
0.0001915 -1.36 -4.2
0.0001916 -1.36 -4.2
0.0001917 -1.36 -4.2
0.0001918 -1.44 -4
0.0001919 -1.36 -4.2
0.000192 -1.36 -4
0.0001921 -1.44 -4
0.0001922 -1.44 -3.8
0.0001923 -1.44 -3.8
0.0001924 -1.44 -3.6
0.0001925 -1.44 -3.6
0.0001926 -1.44 -3.6
0.0001927 -1.44 -3.4
0.0001928 -1.44 -3.4
0.0001929 -1.44 -3.2
0.000193 -1.44 -3.2
0.0001931 -1.44 -3
0.0001932 -1.44 -3
0.0001933 -1.44 -3
0.0001934 -1.44 -2.8
0.0001935 -1.52 -2.8
0.0001936 -1.44 -2.6
0.0001937 -1.52 -2.4
0.0001938 -1.44 -2.6
0.0001939 -1.6 -2.4
0.000194 -1.52 -2.2
0.0001941 -1.52 -2.2
0.0001942 -1.6 -2.2
0.0001943 -1.52 -1.8
0.0001944 -1.44 -2
0.0001945 -1.44 -1.8
0.0001946 -1.52 -1.8
0.0001947 -1.44 -1.6
0.0001948 -1.6 -1.6
0.0001949 -1.52 -1.4
0.000195 -1.44 -1.4
0.0001951 -1.6 -1.4
0.0001952 -1.44 -1.2
0.0001953 -1.52 -1.2
0.0001954 -1.6 -1
0.0001955 -1.52 -0.8
0.0001956 -1.44 -0.6
0.0001957 -1.52 -0.6
0.0001958 -1.44 -0.6
0.0001959 -1.52 -0.4
0.000196 -1.44 0
0.0001961 -1.44 0
0.0001962 -1.44 0
0.0001963 -1.44 0.2
0.0001964 -1.44 0.2
0.0001965 -1.44 0.2
0.0001966 -1.44 0.2
0.0001967 -1.44 0.4
0.0001968 -1.44 0.4
0.0001969 -1.44 0.4
0.000197 -1.44 0.8
0.0001971 -1.44 0.8
0.0001972 -1.36 1
0.0001973 -1.44 1
0.0001974 -1.44 1
0.0001975 -1.36 1.2
0.0001976 -1.44 1.2
0.0001977 -1.36 1.4
0.0001978 -1.36 1.2
0.0001979 -1.36 1.6
0.000198 -1.28 1.6
0.0001981 -1.36 1.8
0.0001982 -1.28 1.8
0.0001983 -1.28 1.8
0.0001984 -1.28 2
0.0001985 -1.28 2
0.0001986 -1.28 2
0.0001987 -1.28 2.4
0.0001988 -1.2 2.4
0.0001989 -1.12 2.4
0.000199 -1.2 2.6
0.0001991 -1.12 2.4
0.0001992 -1.12 2.6
0.0001993 -1.12 2.8
0.0001994 -1.12 2.8
0.0001995 -1.12 2.8
0.0001996 -1.04 3
0.0001997 -1.04 3.2
0.0001998 -1.04 3
0.0001999 -1.04 3.2
0.0002 -1.04 3.4
0.0002001 -1.04 3.2
0.0002002 -0.96 3.4
0.0002003 -0.96 3.4
0.0002004 -0.96 3.4
0.0002005 -0.96 3.6
0.0002006 -0.96 3.8
0.0002007 -0.88 3.8
0.0002008 -0.96 4
0.0002009 -0.8 4
0.000201 -0.8 4
0.0002011 -0.8 4.2
0.0002012 -0.8 4
0.0002013 -0.72 4.2
0.0002014 -0.72 4.2
0.0002015 -0.72 4.4
0.0002016 -0.72 4.4
0.0002017 -0.72 4.2
0.0002018 -0.64 4.4
0.0002019 -0.64 4.4
0.000202 -0.64 4.6
0.0002021 -0.56 4.6
0.0002022 -0.48 4.8
0.0002023 -0.48 4.6
0.0002024 -0.48 4.8
0.0002025 -0.48 4.8
0.0002026 -0.48 5
0.0002027 -0.48 5
0.0002028 -0.48 4.8
0.0002029 -0.4 5
0.000203 -0.4 5
0.0002031 -0.32 5.4
0.0002032 -0.4 5.2
0.0002033 -0.32 5.2
0.0002034 -0.32 5.2
0.0002035 -0.32 5.2
0.0002036 -0.24 5.4
0.0002037 -0.16 5.4
0.0002038 -0.16 5.4
0.0002039 -0.16 5.4
0.000204 -0.16 5.4
0.0002041 -0.16 5.4
0.0002042 0 5.6
0.0002043 -0.16 5.6
0.0002044 0 5.6
0.0002045 0 5.6
0.0002046 0.08 5.6
0.0002047 0.08 5.6
0.0002048 0.08 5.4
0.0002049 0.08 5.6
0.000205 0.16 5.6
0.0002051 0.16 5.6
0.0002052 0.24 5.4
0.0002053 0.24 5.6
0.0002054 0.24 5.6
0.0002055 0.24 5.4
0.0002056 0.24 5.6
0.0002057 0.32 5.6
0.0002058 0.32 5.6
0.0002059 0.32 5.6
0.000206 0.32 5.6
0.0002061 0.4 5.6
0.0002062 0.4 5.6
0.0002063 0.4 5.6
0.0002064 0.48 5.6
0.0002065 0.4 5.6
0.0002066 0.56 5.4
0.0002067 0.56 5.6
0.0002068 0.56 5.4
0.0002069 0.56 5.4
0.000207 0.56 5.4
0.0002071 0.56 5.4
0.0002072 0.56 5.6
0.0002073 0.64 5.2
0.0002074 0.64 5.2
0.0002075 0.64 5.2
0.0002076 0.72 5.2
0.0002077 0.72 5.2
0.0002078 0.72 5.2
0.0002079 0.8 5
0.000208 0.72 5
0.0002081 0.88 5
0.0002082 0.8 5
0.0002083 0.88 4.8
0.0002084 0.88 5
0.0002085 0.88 4.8
0.0002086 0.88 4.8
0.0002087 0.96 4.8
0.0002088 0.88 5
0.0002089 0.96 4.6
0.000209 0.96 4.8
0.0002091 1.04 4.6
0.0002092 1.04 4.6
0.0002093 0.96 4.6
0.0002094 1.04 4.4
0.0002095 1.04 4.4
0.0002096 1.04 4.2
0.0002097 1.04 4.2
0.0002098 1.04 4
0.0002099 1.12 4.2
0.00021 1.04 4.2
0.0002101 1.04 4
0.0002102 1.2 4
0.0002103 1.2 3.8
0.0002104 1.2 3.8
0.0002105 1.2 3.6
0.0002106 1.2 3.8
0.0002107 1.2 3.6
0.0002108 1.2 3.6
0.0002109 1.2 3.4
0.000211 1.2 3.4
0.0002111 1.2 3.2
0.0002112 1.28 3
0.0002113 1.28 3.2
0.0002114 1.2 3
0.0002115 1.2 3.2
0.0002116 1.28 2.8
0.0002117 1.28 2.8
0.0002118 1.28 2.8
0.0002119 1.28 2.8
0.000212 1.36 2.6
0.0002121 1.28 2.6
0.0002122 1.28 2.4
0.0002123 1.28 2.4
0.0002124 1.28 2.4
0.0002125 1.36 2.2
0.0002126 1.28 2
0.0002127 1.36 1.8
0.0002128 1.28 2
0.0002129 1.36 1.8
0.000213 1.28 1.6
0.0002131 1.36 1.6
0.0002132 1.28 1.4
0.0002133 1.36 1.4
0.0002134 1.36 1.2
0.0002135 1.36 1.4
0.0002136 1.36 1
0.0002137 1.36 1
0.0002138 1.28 1
0.0002139 1.36 0.8
0.000214 1.36 0.8
0.0002141 1.36 0.6
0.0002142 1.28 0.6
0.0002143 1.36 0.6
0.0002144 1.36 0.4
0.0002145 1.36 0.4
0.0002146 1.36 0.2
0.0002147 1.28 0.2
0.0002148 1.36 0
0.0002149 1.36 0
0.000215 1.36 0
0.0002151 1.36 -0.4
0.0002152 1.36 -0.6
0.0002153 1.28 -0.6
0.0002154 1.36 -0.6
0.0002155 1.28 -0.8
0.0002156 1.28 -0.8
0.0002157 1.36 -1
0.0002158 1.28 -1
0.0002159 1.28 -1
0.000216 1.2 -1.2
0.0002161 1.28 -1.4
0.0002162 1.2 -1.6
0.0002163 1.2 -1.6
0.0002164 1.2 -1.6
0.0002165 1.2 -1.6
0.0002166 1.28 -1.8
0.0002167 1.2 -1.8
0.0002168 1.2 -2.2
0.0002169 1.2 -2.2
0.000217 1.2 -2.2
0.0002171 1.2 -2.2
0.0002172 1.2 -2.2
0.0002173 1.2 -2.6
0.0002174 1.2 -2.4
0.0002175 1.2 -2.6
0.0002176 1.04 -2.6
0.0002177 1.2 -3
0.0002178 1.04 -2.8
0.0002179 1.12 -3
0.000218 1.04 -3.2
0.0002181 1.04 -3.2
0.0002182 1.04 -3.4
0.0002183 1.04 -3.2
0.0002184 1.04 -3.4
0.0002185 0.96 -3.4
0.0002186 0.88 -3.4
0.0002187 0.96 -3.6
0.0002188 0.96 -3.6
0.0002189 0.96 -3.8
0.000219 0.88 -3.8
0.0002191 0.88 -4
0.0002192 0.88 -4
0.0002193 0.88 -4.2
0.0002194 0.88 -4
0.0002195 0.88 -4.2
0.0002196 0.72 -4.6
0.0002197 0.72 -4.4
0.0002198 0.72 -4.6
0.0002199 0.72 -4.6
0.00022 0.72 -4.6
0.0002201 0.72 -4.8
0.0002202 0.64 -4.8
0.0002203 0.64 -4.8
0.0002204 0.64 -4.8
0.0002205 0.64 -5
0.0002206 0.56 -5
0.0002207 0.56 -5
0.0002208 0.56 -5.2
0.0002209 0.56 -5
0.000221 0.56 -5.2
0.0002211 0.4 -5.4
0.0002212 0.4 -5.2
0.0002213 0.48 -5.4
0.0002214 0.4 -5.6
0.0002215 0.32 -5.4
0.0002216 0.32 -5.6
0.0002217 0.32 -5.6
0.0002218 0.32 -5.6
0.0002219 0.32 -5.6
0.000222 0.24 -5.8
0.0002221 0.24 -5.8
0.0002222 0.24 -5.8
0.0002223 0.24 -5.8
0.0002224 0.24 -6
0.0002225 0.24 -6
0.0002226 0.16 -5.8
0.0002227 0.08 -6
0.0002228 0.08 -6
0.0002229 0.08 -6.2
0.000223 0 -6.2
0.0002231 0 -6.2
0.0002232 0 -6.4
0.0002233 0 -6.2
0.0002234 -0.16 -6.4
0.0002235 -0.16 -6.2
0.0002236 -0.16 -6.2
0.0002237 -0.16 -6.2
0.0002238 -0.16 -6.2
0.0002239 -0.16 -6.2
0.000224 -0.24 -6.2
0.0002241 -0.32 -6.2
0.0002242 -0.32 -6.2
0.0002243 -0.32 -6.4
0.0002244 -0.32 -6.2
0.0002245 -0.4 -6.2
0.0002246 -0.4 -6.4
0.0002247 -0.4 -6.4
0.0002248 -0.48 -6.4
0.0002249 -0.48 -6.2
0.000225 -0.48 -6.4
0.0002251 -0.48 -6.2
0.0002252 -0.48 -6.4
0.0002253 -0.56 -6.2
0.0002254 -0.48 -6.2
0.0002255 -0.48 -6.4
0.0002256 -0.64 -6.2
0.0002257 -0.72 -6.4
0.0002258 -0.72 -6.4
0.0002259 -0.72 -6.2
0.000226 -0.64 -6.2
0.0002261 -0.72 -6.2
0.0002262 -0.72 -6.2
0.0002263 -0.8 -6.4
0.0002264 -0.8 -6.2
0.0002265 -0.8 -6.2
0.0002266 -0.8 -6
0.0002267 -0.8 -6
0.0002268 -0.88 -6
0.0002269 -0.96 -6
0.000227 -0.96 -6
0.0002271 -0.96 -5.8
0.0002272 -0.96 -5.8
0.0002273 -1.04 -5.8
0.0002274 -1.04 -5.8
0.0002275 -1.04 -5.8
0.0002276 -1.04 -5.6
0.0002277 -1.04 -5.8
0.0002278 -1.04 -5.6
0.0002279 -1.04 -5.6
0.000228 -1.12 -5.6
0.0002281 -1.12 -5.6
0.0002282 -1.12 -5.6
0.0002283 -1.12 -5.4
0.0002284 -1.12 -5.4
0.0002285 -1.12 -5
0.0002286 -1.12 -5.2
0.0002287 -1.12 -5
0.0002288 -1.28 -5
0.0002289 -1.28 -5
0.000229 -1.28 -4.8
0.0002291 -1.28 -4.8
0.0002292 -1.28 -4.8
0.0002293 -1.28 -4.8
0.0002294 -1.28 -4.6
0.0002295 -1.28 -4.6
0.0002296 -1.36 -4.6
0.0002297 -1.36 -4.6
0.0002298 -1.36 -4.6
0.0002299 -1.36 -4.6
0.00023 -1.44 -4.4
0.0002301 -1.36 -4.2
0.0002302 -1.36 -4.2
0.0002303 -1.36 -4
0.0002304 -1.36 -4.2
0.0002305 -1.44 -3.8
0.0002306 -1.44 -3.8
0.0002307 -1.44 -3.8
0.0002308 -1.44 -3.8
0.0002309 -1.44 -3.8
0.000231 -1.44 -3.4
0.0002311 -1.44 -3.6
0.0002312 -1.44 -3.4
0.0002313 -1.44 -3.4
0.0002314 -1.44 -3.2
0.0002315 -1.52 -3.2
0.0002316 -1.44 -3.2
0.0002317 -1.44 -3
0.0002318 -1.44 -2.8
0.0002319 -1.44 -2.6
0.000232 -1.52 -2.6
0.0002321 -1.52 -2.4
0.0002322 -1.44 -2.4
0.0002323 -1.52 -2.4
0.0002324 -1.52 -2.4
0.0002325 -1.44 -2.2
0.0002326 -1.44 -2.2
0.0002327 -1.6 -2.2
0.0002328 -1.52 -2
0.0002329 -1.44 -2
0.000233 -1.52 -2
0.0002331 -1.6 -1.8
0.0002332 -1.6 -1.6
0.0002333 -1.52 -1.4
0.0002334 -1.52 -1.4
0.0002335 -1.52 -1.2
0.0002336 -1.52 -1.4
0.0002337 -1.52 -1
0.0002338 -1.44 -1
0.0002339 -1.44 -1
0.000234 -1.44 -0.8
0.0002341 -1.44 -0.8
0.0002342 -1.44 -0.6
0.0002343 -1.52 -0.6
0.0002344 -1.44 -0.4
0.0002345 -1.44 -0.4
0.0002346 -1.44 -0.4
0.0002347 -1.44 0
0.0002348 -1.44 0
0.0002349 -1.44 0
0.000235 -1.44 0.2
0.0002351 -1.44 0.4
0.0002352 -1.44 0.4
0.0002353 -1.44 0.6
0.0002354 -1.44 0.6
0.0002355 -1.44 0.8
0.0002356 -1.44 0.8
0.0002357 -1.36 1
0.0002358 -1.44 0.8
0.0002359 -1.44 0.8
0.000236 -1.36 1.2
0.0002361 -1.36 1.2
0.0002362 -1.36 1.4
0.0002363 -1.36 1.4
0.0002364 -1.36 1.6
0.0002365 -1.36 1.6
0.0002366 -1.36 1.6
0.0002367 -1.36 1.8
0.0002368 -1.28 1.8
0.0002369 -1.28 2
0.000237 -1.28 2
0.0002371 -1.2 2.2
0.0002372 -1.28 2.2
0.0002373 -1.2 2.4
0.0002374 -1.2 2.6
0.0002375 -1.12 2.4
0.0002376 -1.12 2.6
0.0002377 -1.12 2.4
0.0002378 -1.12 2.8
0.0002379 -1.12 2.8
0.000238 -1.12 2.8
0.0002381 -1.12 3
0.0002382 -1.04 3
0.0002383 -1.04 3.2
0.0002384 -1.04 3.2
0.0002385 -1.04 3.4
0.0002386 -1.04 3.4
0.0002387 -1.04 3.4
0.0002388 -0.96 3.6
0.0002389 -0.96 3.6
0.000239 -0.96 3.6
0.0002391 -0.96 3.8
0.0002392 -0.88 3.8
0.0002393 -0.8 3.8
0.0002394 -0.8 4
0.0002395 -0.8 4
0.0002396 -0.8 4
0.0002397 -0.8 4
0.0002398 -0.8 4.2
0.0002399 -0.72 4.2
0.00024 -0.72 4.2
0.0002401 -0.64 4.4
0.0002402 -0.72 4.2
0.0002403 -0.64 4.4
0.0002404 -0.64 4.6
0.0002405 -0.64 4.6
0.0002406 -0.56 4.6
0.0002407 -0.56 4.8
0.0002408 -0.64 4.8
0.0002409 -0.48 4.6
0.000241 -0.48 4.8
0.0002411 -0.48 4.8
0.0002412 -0.48 5
0.0002413 -0.4 5
0.0002414 -0.4 5
0.0002415 -0.4 5
0.0002416 -0.4 5
0.0002417 -0.32 5.2
0.0002418 -0.32 5.2
0.0002419 -0.32 5.4
0.000242 -0.24 5.2
0.0002421 -0.24 5.2
0.0002422 -0.24 5.4
0.0002423 -0.16 5.4
0.0002424 -0.16 5.2
0.0002425 -0.16 5.4
0.0002426 0 5.4
0.0002427 -0.16 5.2
0.0002428 0 5.6
0.0002429 0 5.4
0.000243 0.08 5.6
0.0002431 0.08 5.4
0.0002432 0.08 5.6
0.0002433 0.08 5.6
0.0002434 0.16 5.6
0.0002435 0.08 5.6
0.0002436 0.16 5.6
0.0002437 0.24 5.6
0.0002438 0.24 5.6
0.0002439 0.24 5.6
0.000244 0.24 5.6
0.0002441 0.24 5.4
0.0002442 0.24 5.6
0.0002443 0.32 5.6
0.0002444 0.4 5.6
0.0002445 0.4 5.6
0.0002446 0.32 5.6
0.0002447 0.4 5.4
0.0002448 0.4 5.6
0.0002449 0.48 5.4
0.000245 0.56 5.6
0.0002451 0.56 5.6
0.0002452 0.48 5.4
0.0002453 0.56 5.6
0.0002454 0.64 5.6
0.0002455 0.56 5.6
0.0002456 0.64 5.2
0.0002457 0.64 5.4
0.0002458 0.64 5.4
0.0002459 0.64 5.2
0.000246 0.64 5.2
0.0002461 0.72 5.2
0.0002462 0.64 5.2
0.0002463 0.72 5
0.0002464 0.72 5.2
0.0002465 0.8 5
0.0002466 0.8 5
0.0002467 0.88 5
0.0002468 0.88 5
0.0002469 0.88 5.2
0.000247 0.88 5
0.0002471 0.88 4.8
0.0002472 0.96 4.6
0.0002473 0.96 4.8
0.0002474 0.96 4.6
0.0002475 0.96 4.6
0.0002476 0.96 4.4
0.0002477 1.04 4.4
0.0002478 1.04 4.4
0.0002479 1.04 4.4
0.000248 1.04 4.4
0.0002481 1.04 4.2
0.0002482 1.04 4.2
0.0002483 1.12 4.2
0.0002484 1.04 4
0.0002485 1.04 4
0.0002486 1.12 4
0.0002487 1.2 4
0.0002488 1.2 3.8
0.0002489 1.2 3.8
0.000249 1.2 3.6
0.0002491 1.2 3.6
0.0002492 1.2 3.4
0.0002493 1.2 3.4
0.0002494 1.2 3.4
0.0002495 1.2 3.4
0.0002496 1.2 3.2
0.0002497 1.28 3.2
0.0002498 1.2 3.2
0.0002499 1.2 3
0.00025 1.28 2.8
0.0002501 1.28 3
0.0002502 1.28 2.6
0.0002503 1.28 2.8
0.0002504 1.28 2.6
0.0002505 1.28 2.6
0.0002506 1.28 2.4
0.0002507 1.36 2.6
0.0002508 1.28 2.4
0.0002509 1.28 2
0.000251 1.36 2
0.0002511 1.28 2
0.0002512 1.36 2
0.0002513 1.28 1.8
0.0002514 1.36 1.8
0.0002515 1.36 1.8
0.0002516 1.36 1.6
0.0002517 1.36 1.6
0.0002518 1.28 1.4
0.0002519 1.36 1.4
0.000252 1.36 1.2
0.0002521 1.36 1.2
0.0002522 1.36 1
0.0002523 1.28 1
0.0002524 1.36 0.8
0.0002525 1.36 0.8
0.0002526 1.36 0.8
0.0002527 1.36 0.6
0.0002528 1.36 0.4
0.0002529 1.36 0.2
0.000253 1.36 0.2
0.0002531 1.28 0
0.0002532 1.36 0
0.0002533 1.36 0
0.0002534 1.36 0
0.0002535 1.28 -0.4
0.0002536 1.36 -0.4
0.0002537 1.28 -0.4
0.0002538 1.28 -0.8
0.0002539 1.36 -0.8
0.000254 1.36 -0.8
0.0002541 1.28 -0.8
0.0002542 1.28 -1
0.0002543 1.2 -1
0.0002544 1.28 -1.2
0.0002545 1.2 -1.4
0.0002546 1.2 -1.4
0.0002547 1.28 -1.6
0.0002548 1.2 -1.4
0.0002549 1.28 -1.6
0.000255 1.2 -1.6
0.0002551 1.2 -1.8
0.0002552 1.2 -2
0.0002553 1.2 -2
0.0002554 1.2 -2.2
0.0002555 1.2 -2.2
0.0002556 1.2 -2.4
0.0002557 1.2 -2.4
0.0002558 1.2 -2.6
0.0002559 1.2 -2.6
0.000256 1.12 -2.6
0.0002561 1.12 -2.8
0.0002562 1.2 -3
0.0002563 1.04 -3
0.0002564 1.04 -3
0.0002565 1.04 -3.2
0.0002566 1.04 -3.2
0.0002567 0.96 -3.2
0.0002568 1.04 -3.2
0.0002569 0.96 -3.4
0.000257 0.96 -3.4
0.0002571 0.96 -3.6
0.0002572 0.96 -3.8
0.0002573 0.96 -3.6
0.0002574 0.88 -3.8
0.0002575 0.96 -3.8
0.0002576 0.88 -4.2
0.0002577 0.88 -4
0.0002578 0.88 -4.2
0.0002579 0.8 -4.2
0.000258 0.88 -4.2
0.0002581 0.72 -4.4
0.0002582 0.8 -4.4
0.0002583 0.72 -4.6
0.0002584 0.64 -4.6
0.0002585 0.72 -4.8
0.0002586 0.64 -4.6
0.0002587 0.64 -4.8
0.0002588 0.56 -5
0.0002589 0.56 -5
0.000259 0.56 -5
0.0002591 0.56 -5
0.0002592 0.56 -5.2
0.0002593 0.56 -5
0.0002594 0.48 -5
0.0002595 0.56 -5.2
0.0002596 0.4 -5.2
0.0002597 0.4 -5.4
0.0002598 0.4 -5.4
0.0002599 0.4 -5.4
0.00026 0.32 -5.4
0.0002601 0.32 -5.6
0.0002602 0.32 -5.6
0.0002603 0.24 -5.6
0.0002604 0.24 -5.8
0.0002605 0.24 -5.6
0.0002606 0.24 -5.8
0.0002607 0.24 -5.8
0.0002608 0.24 -5.8
0.0002609 0.24 -5.8
0.000261 0.08 -6
0.0002611 0.08 -6
0.0002612 0.08 -6
0.0002613 0.08 -6
0.0002614 0.08 -6
0.0002615 0 -6
0.0002616 0 -6.2
0.0002617 0 -6.2
0.0002618 0 -6
0.0002619 -0.16 -6.2
0.000262 -0.16 -6.2
0.0002621 -0.16 -6.2
0.0002622 -0.16 -6.2
0.0002623 -0.16 -6.2
0.0002624 -0.16 -6.4
0.0002625 -0.24 -6.2
0.0002626 -0.32 -6.4
0.0002627 -0.4 -6.4
0.0002628 -0.32 -6.4
0.0002629 -0.4 -6.4
0.000263 -0.4 -6.2
0.0002631 -0.4 -6.4
0.0002632 -0.4 -6.4
0.0002633 -0.48 -6.4
0.0002634 -0.48 -6.4
0.0002635 -0.48 -6.4
0.0002636 -0.48 -6.4
0.0002637 -0.48 -6.2
0.0002638 -0.64 -6.6
0.0002639 -0.56 -6.4
0.000264 -0.64 -6.4
0.0002641 -0.64 -6.4
0.0002642 -0.64 -6.4
0.0002643 -0.64 -6
0.0002644 -0.72 -6.2
0.0002645 -0.72 -6.2
0.0002646 -0.72 -6.2
0.0002647 -0.72 -6.2
0.0002648 -0.8 -6.2
0.0002649 -0.8 -6.2
0.000265 -0.8 -5.8
0.0002651 -0.8 -6.2
0.0002652 -0.8 -5.8
0.0002653 -0.8 -6
0.0002654 -0.88 -6
0.0002655 -0.96 -5.8
0.0002656 -0.96 -6
0.0002657 -0.88 -5.8
0.0002658 -0.96 -5.8
0.0002659 -0.96 -5.8
0.000266 -1.04 -5.8
0.0002661 -1.04 -5.8
0.0002662 -1.04 -5.6
0.0002663 -1.04 -5.8
0.0002664 -1.12 -5.6
0.0002665 -1.04 -5.4
0.0002666 -1.12 -5.4
0.0002667 -1.12 -5.6
0.0002668 -1.12 -5.2
0.0002669 -1.12 -5.4
0.000267 -1.12 -5.4
0.0002671 -1.12 -5.2
0.0002672 -1.12 -5.4
0.0002673 -1.28 -5
0.0002674 -1.28 -5
0.0002675 -1.28 -5
0.0002676 -1.28 -4.8
0.0002677 -1.28 -4.6
0.0002678 -1.28 -4.8
0.0002679 -1.28 -4.8
0.000268 -1.28 -4.6
0.0002681 -1.36 -4.6
0.0002682 -1.36 -4.4
0.0002683 -1.36 -4.2
0.0002684 -1.36 -4.2
0.0002685 -1.44 -4.2
0.0002686 -1.36 -4.2
0.0002687 -1.36 -4.2
0.0002688 -1.44 -4.2
0.0002689 -1.36 -4
0.000269 -1.44 -4
0.0002691 -1.44 -3.8
0.0002692 -1.44 -3.8
0.0002693 -1.44 -3.6
0.0002694 -1.44 -3.6
0.0002695 -1.44 -3.4
0.0002696 -1.44 -3.4
0.0002697 -1.44 -3.4
0.0002698 -1.44 -3.2
0.0002699 -1.44 -3.2
0.00027 -1.44 -3
0.0002701 -1.44 -3
0.0002702 -1.44 -2.8
0.0002703 -1.44 -2.8
0.0002704 -1.52 -2.8
0.0002705 -1.52 -2.6
0.0002706 -1.52 -2.6
0.0002707 -1.52 -2.6
0.0002708 -1.52 -2.4
0.0002709 -1.52 -2.4
0.000271 -1.6 -2.4
0.0002711 -1.52 -2.2
0.0002712 -1.52 -2
0.0002713 -1.6 -1.8
0.0002714 -1.52 -1.8
0.0002715 -1.6 -1.8
0.0002716 -1.44 -1.6
0.0002717 -1.44 -1.6
0.0002718 -1.6 -1.4
0.0002719 -1.52 -1.6
0.000272 -1.52 -1.2
0.0002721 -1.44 -1.4
0.0002722 -1.44 -1.2
0.0002723 -1.44 -1
0.0002724 -1.44 -1
0.0002725 -1.44 -0.8
0.0002726 -1.44 -0.8
0.0002727 -1.44 -0.6
0.0002728 -1.44 -0.6
0.0002729 -1.44 -0.4
0.000273 -1.44 0
0.0002731 -1.44 0
0.0002732 -1.44 0
0.0002733 -1.44 0
0.0002734 -1.44 0
0.0002735 -1.44 0.2
0.0002736 -1.44 0.4
0.0002737 -1.44 0.4
0.0002738 -1.44 0.4
0.0002739 -1.44 0.6
0.000274 -1.44 0.6
0.0002741 -1.44 0.8
0.0002742 -1.44 0.8
0.0002743 -1.44 1
0.0002744 -1.44 1
0.0002745 -1.36 1.2
0.0002746 -1.36 1.2
0.0002747 -1.36 1.4
0.0002748 -1.36 1.6
0.0002749 -1.36 1.6
0.000275 -1.28 1.8
0.0002751 -1.36 1.8
0.0002752 -1.28 2
0.0002753 -1.28 2
0.0002754 -1.28 1.8
0.0002755 -1.28 2
0.0002756 -1.28 2
0.0002757 -1.2 2.4
0.0002758 -1.2 2.4
0.0002759 -1.2 2.4
0.000276 -1.12 2.4
0.0002761 -1.12 2.6
0.0002762 -1.12 2.8
0.0002763 -1.12 2.8
0.0002764 -1.12 2.8
0.0002765 -1.12 3
0.0002766 -1.12 3
0.0002767 -1.12 3
0.0002768 -1.04 3.2
0.0002769 -1.04 3.2
0.000277 -1.04 3.2
0.0002771 -0.96 3.4
0.0002772 -0.96 3.4
0.0002773 -0.96 3.6
0.0002774 -0.96 3.6
0.0002775 -0.88 3.6
0.0002776 -0.88 3.6
0.0002777 -0.8 3.8
0.0002778 -0.8 4
0.0002779 -0.8 4
0.000278 -0.8 4
0.0002781 -0.8 4.2
0.0002782 -0.8 4.2
0.0002783 -0.72 4.2
0.0002784 -0.72 4.2
0.0002785 -0.72 4.2
0.0002786 -0.72 4.2
0.0002787 -0.64 4.4
0.0002788 -0.64 4.6
0.0002789 -0.64 4.4
0.000279 -0.64 4.6
0.0002791 -0.64 4.6
0.0002792 -0.56 4.6
0.0002793 -0.48 4.8
0.0002794 -0.48 4.8
0.0002795 -0.48 4.8
0.0002796 -0.48 4.8
0.0002797 -0.4 5
0.0002798 -0.48 5
0.0002799 -0.4 5
0.00028 -0.4 5.2
0.0002801 -0.4 5
0.0002802 -0.32 5.2
0.0002803 -0.32 5
0.0002804 -0.32 5.2
0.0002805 -0.32 5.4
0.0002806 -0.16 5.2
0.0002807 -0.16 5.2
0.0002808 -0.16 5.2
0.0002809 -0.16 5.6
0.000281 -0.16 5.4
0.0002811 0 5.6
0.0002812 -0.16 5.6
0.0002813 0 5.6
0.0002814 0 5.6
0.0002815 0.08 5.6
0.0002816 0.08 5.6
0.0002817 0.08 5.4
0.0002818 0.08 5.6
0.0002819 0.16 5.6
0.000282 0.08 5.6
0.0002821 0.16 5.6
0.0002822 0.24 5.6
0.0002823 0.24 5.6
0.0002824 0.24 5.6
0.0002825 0.24 5.6
0.0002826 0.32 5.6
0.0002827 0.32 5.8
0.0002828 0.32 5.6
0.0002829 0.32 5.6
0.000283 0.4 5.6
0.0002831 0.4 5.6
0.0002832 0.4 5.6
0.0002833 0.48 5.4
0.0002834 0.48 5.6
0.0002835 0.4 5.2
0.0002836 0.56 5.6
0.0002837 0.56 5.4
0.0002838 0.56 5.4
0.0002839 0.56 5.4
0.000284 0.64 5.4
0.0002841 0.64 5.4
0.0002842 0.72 5.4
0.0002843 0.64 5.4
0.0002844 0.64 5.2
0.0002845 0.72 5.2
0.0002846 0.72 5.4
0.0002847 0.72 5.4
0.0002848 0.72 5.2
0.0002849 0.72 5
0.000285 0.72 5.2
0.0002851 0.88 5
0.0002852 0.88 5
0.0002853 0.88 5
0.0002854 0.88 4.8
0.0002855 0.88 4.8
0.0002856 0.88 4.8
0.0002857 0.88 4.8
0.0002858 0.88 4.8
0.0002859 0.96 4.8
0.000286 0.96 4.4
0.0002861 1.04 4.6
0.0002862 0.96 4.4
0.0002863 0.96 4.4
0.0002864 0.96 4.4
0.0002865 1.04 4.4
0.0002866 1.04 4.2
0.0002867 1.04 4
0.0002868 1.04 4.2
0.0002869 1.04 4
0.000287 1.12 4
0.0002871 1.04 4
0.0002872 1.2 4
0.0002873 1.12 3.6
0.0002874 1.2 3.8
0.0002875 1.2 3.6
0.0002876 1.2 3.6
0.0002877 1.2 3.6
0.0002878 1.2 3.4
0.0002879 1.2 3.4
0.000288 1.2 3.2
0.0002881 1.2 3.2
0.0002882 1.2 3.2
0.0002883 1.2 3
0.0002884 1.2 3
0.0002885 1.28 2.8
0.0002886 1.28 2.8
0.0002887 1.28 2.8
0.0002888 1.36 2.8
0.0002889 1.28 2.4
0.000289 1.28 2.4
0.0002891 1.28 2.4
0.0002892 1.28 2.4
0.0002893 1.28 2.4
0.0002894 1.36 2.2
0.0002895 1.36 2
0.0002896 1.28 2
0.0002897 1.28 2
0.0002898 1.28 1.8
0.0002899 1.36 1.8
0.00029 1.36 1.8
0.0002901 1.36 1.4
0.0002902 1.36 1.6
0.0002903 1.36 1.4
0.0002904 1.36 1.4
0.0002905 1.36 1
0.0002906 1.36 1.2
0.0002907 1.36 1
0.0002908 1.28 0.8
0.0002909 1.36 0.8
0.000291 1.36 0.8
0.0002911 1.36 0.8
0.0002912 1.36 0.6
0.0002913 1.28 0.6
0.0002914 1.36 0.2
0.0002915 1.36 0.2
0.0002916 1.36 0.2
0.0002917 1.36 0
0.0002918 1.36 0
0.0002919 1.28 -0.4
0.000292 1.36 0
0.0002921 1.36 -0.6
0.0002922 1.28 -0.6
0.0002923 1.36 -0.6
0.0002924 1.28 -0.8
0.0002925 1.28 -0.6
0.0002926 1.28 -1
0.0002927 1.28 -1
0.0002928 1.28 -1.2
0.0002929 1.28 -1.2
0.000293 1.28 -1.4
0.0002931 1.28 -1.4
0.0002932 1.28 -1.4
0.0002933 1.2 -1.6
0.0002934 1.28 -1.6
0.0002935 1.28 -1.6
0.0002936 1.2 -1.8
0.0002937 1.2 -2
0.0002938 1.2 -2.2
0.0002939 1.2 -2.2
0.000294 1.2 -2.2
0.0002941 1.2 -2.4
0.0002942 1.2 -2.4
0.0002943 1.12 -2.6
0.0002944 1.2 -2.6
0.0002945 1.04 -2.6
0.0002946 1.2 -2.6
0.0002947 1.12 -2.8
0.0002948 1.04 -3
0.0002949 1.04 -3
0.000295 1.04 -3.2
0.0002951 1.04 -3.4
0.0002952 1.04 -3.2
0.0002953 1.04 -3.4
0.0002954 0.96 -3.4
0.0002955 0.96 -3.4
0.0002956 0.96 -3.4
0.0002957 0.88 -3.6
0.0002958 0.96 -3.8
0.0002959 0.88 -3.8
0.000296 0.88 -3.8
0.0002961 0.88 -4
0.0002962 0.88 -4
0.0002963 0.88 -4.2
0.0002964 0.8 -4.2
0.0002965 0.72 -4.2
0.0002966 0.72 -4.4
0.0002967 0.72 -4.6
0.0002968 0.72 -4.6
0.0002969 0.64 -4.8
0.000297 0.72 -4.6
0.0002971 0.64 -4.8
0.0002972 0.64 -4.8
0.0002973 0.64 -4.8
0.0002974 0.64 -4.8
0.0002975 0.64 -4.8
0.0002976 0.56 -5
0.0002977 0.56 -5
0.0002978 0.56 -5
0.0002979 0.48 -5
0.000298 0.4 -5.4
0.0002981 0.48 -5.2
0.0002982 0.48 -5.4
0.0002983 0.4 -5.4
0.0002984 0.4 -5.6
0.0002985 0.32 -5.6
0.0002986 0.32 -5.6
0.0002987 0.32 -5.6
0.0002988 0.24 -5.6
0.0002989 0.24 -5.8
0.000299 0.24 -5.8
0.0002991 0.24 -5.6
0.0002992 0.24 -5.8
0.0002993 0.24 -5.8
0.0002994 0.24 -5.8
0.0002995 0.24 -5.8
0.0002996 0.16 -6
0.0002997 0.08 -6
0.0002998 0.08 -6.2
0.0002999 0.08 -6
0.0003 0 -6.2
0.0003001 0.08 -6.2
0.0003002 0 -6.2
0.0003003 -0.16 -6.4
0.0003004 -0.16 -6
0.0003005 -0.16 -6.2
0.0003006 -0.16 -6
0.0003007 -0.16 -6.2
0.0003008 -0.16 -6.2
0.0003009 -0.24 -6.2
0.000301 -0.32 -6.4
0.0003011 -0.32 -6.2
0.0003012 -0.32 -6.4
0.0003013 -0.32 -6.2
0.0003014 -0.4 -6.4
0.0003015 -0.32 -6.2
0.0003016 -0.4 -6.4
0.0003017 -0.4 -6.2
0.0003018 -0.4 -6.2
0.0003019 -0.48 -6.6
0.000302 -0.48 -6.2
0.0003021 -0.48 -6.4
0.0003022 -0.48 -6.2
0.0003023 -0.48 -6.2
0.0003024 -0.64 -6.4
0.0003025 -0.64 -6.4
0.0003026 -0.64 -6.2
0.0003027 -0.64 -6.2
0.0003028 -0.64 -6.2
0.0003029 -0.64 -6.2
0.000303 -0.72 -6.4
0.0003031 -0.72 -6
0.0003032 -0.8 -6.2
0.0003033 -0.8 -6
0.0003034 -0.8 -6.2
0.0003035 -0.8 -6
0.0003036 -0.8 -6.2
0.0003037 -0.88 -6
0.0003038 -0.96 -5.8
0.0003039 -0.96 -6
0.000304 -0.96 -5.8
0.0003041 -1.04 -5.8
0.0003042 -0.96 -5.8
0.0003043 -0.96 -5.8
0.0003044 -1.04 -5.8
0.0003045 -1.04 -5.8
0.0003046 -1.04 -5.8
0.0003047 -1.04 -5.6
0.0003048 -1.12 -5.8
0.0003049 -1.12 -5.4
0.000305 -1.12 -5.6
0.0003051 -1.12 -5.6
0.0003052 -1.12 -5.4
0.0003053 -1.12 -5.4
0.0003054 -1.12 -5.2
0.0003055 -1.12 -5.2
0.0003056 -1.12 -5
0.0003057 -1.12 -5.2
0.0003058 -1.28 -5
0.0003059 -1.2 -4.8
0.000306 -1.28 -5
0.0003061 -1.28 -4.8
0.0003062 -1.28 -4.8
0.0003063 -1.28 -4.8
0.0003064 -1.36 -4.8
0.0003065 -1.36 -4.6
0.0003066 -1.36 -4.6
0.0003067 -1.36 -4.4
0.0003068 -1.36 -4.6
0.0003069 -1.36 -4.4
0.000307 -1.36 -4.2
0.0003071 -1.36 -4.2
0.0003072 -1.36 -4
0.0003073 -1.44 -4.2
0.0003074 -1.44 -3.8
0.0003075 -1.44 -3.8
0.0003076 -1.44 -3.8
0.0003077 -1.44 -3.6
0.0003078 -1.44 -3.8
0.0003079 -1.44 -3.4
0.000308 -1.44 -3.6
0.0003081 -1.44 -3.4
0.0003082 -1.44 -3.2
0.0003083 -1.44 -3.2
0.0003084 -1.44 -3.2
0.0003085 -1.44 -3
0.0003086 -1.44 -3
0.0003087 -1.44 -3
0.0003088 -1.44 -2.6
0.0003089 -1.44 -2.8
0.000309 -1.6 -2.6
0.0003091 -1.44 -2.6
0.0003092 -1.6 -2.6
0.0003093 -1.44 -2.4
0.0003094 -1.44 -2.2
0.0003095 -1.52 -2.2
0.0003096 -1.52 -2.4
0.0003097 -1.44 -2
0.0003098 -1.52 -2.2
0.0003099 -1.44 -1.6
0.00031 -1.52 -1.8
0.0003101 -1.52 -1.6
0.0003102 -1.6 -1.6
0.0003103 -1.52 -1.4
0.0003104 -1.44 -1.2
0.0003105 -1.52 -1.2
0.0003106 -1.44 -1
0.0003107 -1.6 -1
0.0003108 -1.44 -1
0.0003109 -1.52 -0.8
0.000311 -1.44 -0.8
0.0003111 -1.6 -0.6
0.0003112 -1.52 -0.6
0.0003113 -1.44 -0.4
0.0003114 -1.44 -0.4
0.0003115 -1.44 0
0.0003116 -1.44 0
0.0003117 -1.44 0
0.0003118 -1.44 0
0.0003119 -1.44 0
0.000312 -1.44 0.2
0.0003121 -1.44 0.4
0.0003122 -1.44 0.6
0.0003123 -1.44 0.4
0.0003124 -1.44 0.8
0.0003125 -1.44 0.8
0.0003126 -1.36 1
0.0003127 -1.44 1
0.0003128 -1.36 1
0.0003129 -1.36 1.2
0.000313 -1.36 1
0.0003131 -1.36 1.4
0.0003132 -1.36 1.4
0.0003133 -1.36 1.6
0.0003134 -1.36 1.6
0.0003135 -1.28 1.8
0.0003136 -1.28 1.8
0.0003137 -1.36 1.8
0.0003138 -1.28 2
0.0003139 -1.28 2
0.000314 -1.28 2.2
0.0003141 -1.2 2.4
0.0003142 -1.2 2.4
0.0003143 -1.12 2.4
0.0003144 -1.12 2.6
0.0003145 -1.12 2.6
0.0003146 -1.12 2.6
0.0003147 -1.12 2.6
0.0003148 -1.12 2.8
0.0003149 -1.12 3
0.000315 -1.04 3
0.0003151 -1.04 3.2
0.0003152 -1.04 3.2
0.0003153 -1.04 3.2
0.0003154 -1.04 3.4
0.0003155 -0.96 3.4
0.0003156 -0.96 3.4
0.0003157 -0.96 3.6
0.0003158 -0.96 3.6
0.0003159 -0.96 3.6
0.000316 -0.88 3.8
0.0003161 -0.8 3.8
0.0003162 -0.88 3.8
0.0003163 -0.8 4
0.0003164 -0.8 4
0.0003165 -0.8 4
0.0003166 -0.8 4
0.0003167 -0.72 4.2
0.0003168 -0.72 4
0.0003169 -0.72 4.2
0.000317 -0.72 4.4
0.0003171 -0.64 4.4
0.0003172 -0.64 4.4
0.0003173 -0.64 4.4
0.0003174 -0.64 4.6
0.0003175 -0.64 4.8
0.0003176 -0.48 4.8
0.0003177 -0.48 4.6
0.0003178 -0.48 4.8
0.0003179 -0.48 5
0.000318 -0.48 4.8
0.0003181 -0.4 5
0.0003182 -0.4 5
0.0003183 -0.4 5
0.0003184 -0.4 5
0.0003185 -0.4 5
0.0003186 -0.32 5
0.0003187 -0.32 5.2
0.0003188 -0.32 5.4
0.0003189 -0.32 5.2
0.000319 -0.16 5.4
0.0003191 -0.16 5.2
0.0003192 -0.16 5.4
0.0003193 -0.16 5.2
0.0003194 -0.16 5.4
0.0003195 -0.16 5.4
0.0003196 0 5.4
0.0003197 0 5.4
0.0003198 0 5.4
0.0003199 0 5.6
0.00032 0 5.4
0.0003201 0.08 5.6
0.0003202 0.16 5.6
0.0003203 0.16 5.6
0.0003204 0.16 5.6
0.0003205 0.24 5.6
0.0003206 0.24 5.6
0.0003207 0.24 5.6
0.0003208 0.24 5.6
0.0003209 0.24 5.6
0.000321 0.24 5.8
0.0003211 0.24 5.4
0.0003212 0.32 5.4
0.0003213 0.32 5.6
0.0003214 0.32 5.6
0.0003215 0.4 5.6
0.0003216 0.4 5.4
0.0003217 0.4 5.6
0.0003218 0.4 5.6
0.0003219 0.56 5.6
0.000322 0.4 5.4
0.0003221 0.56 5.6
0.0003222 0.56 5.4
0.0003223 0.56 5.6
0.0003224 0.56 5.4
0.0003225 0.64 5.2
0.0003226 0.64 5.4
0.0003227 0.64 5.4
0.0003228 0.72 5.4
0.0003229 0.64 5.2
0.000323 0.72 5.2
0.0003231 0.72 5.2
0.0003232 0.72 5.2
0.0003233 0.72 5.2
0.0003234 0.8 5
0.0003235 0.88 5.2
0.0003236 0.88 5
0.0003237 0.88 5
0.0003238 0.88 5
0.0003239 0.88 4.8
0.000324 0.88 4.8
0.0003241 0.88 4.8
0.0003242 0.88 4.8
0.0003243 0.96 4.6
0.0003244 0.96 4.8
0.0003245 0.96 4.6
0.0003246 0.96 4.4
0.0003247 0.96 4.4
0.0003248 1.04 4.4
0.0003249 1.04 4.4
0.000325 1.04 4.2
0.0003251 1.04 4.4
0.0003252 1.12 4
0.0003253 1.04 4.2
0.0003254 1.2 4
0.0003255 1.2 4
0.0003256 1.2 4
0.0003257 1.2 3.8
0.0003258 1.2 4
0.0003259 1.2 3.6
0.000326 1.2 3.8
0.0003261 1.2 3.6
0.0003262 1.2 3.4
0.0003263 1.2 3.4
0.0003264 1.2 3.2
0.0003265 1.2 3.4
0.0003266 1.2 3.2
0.0003267 1.2 3.2
0.0003268 1.2 3
0.0003269 1.28 3
0.000327 1.28 3
0.0003271 1.28 3
0.0003272 1.28 2.8
0.0003273 1.36 2.8
0.0003274 1.28 2.6
0.0003275 1.28 2.4
0.0003276 1.28 2.6
0.0003277 1.28 2.4
0.0003278 1.28 2.2
0.0003279 1.28 2
0.000328 1.36 2
0.0003281 1.36 2
0.0003282 1.28 2
0.0003283 1.36 1.8
0.0003284 1.28 1.8
0.0003285 1.36 1.8
0.0003286 1.36 1.6
0.0003287 1.36 1.4
0.0003288 1.28 1.4
0.0003289 1.36 1.4
0.000329 1.36 1.2
0.0003291 1.36 1
0.0003292 1.36 1
0.0003293 1.36 0.8
0.0003294 1.36 0.8
0.0003295 1.36 0.6
0.0003296 1.36 0.4
0.0003297 1.36 0.4
0.0003298 1.36 0.4
0.0003299 1.36 0.2
0.00033 1.36 0.2
0.0003301 1.28 0.2
0.0003302 1.36 0
0.0003303 1.36 0
0.0003304 1.28 -0.4
0.0003305 1.36 -0.4
0.0003306 1.28 -0.4
0.0003307 1.28 -0.6
0.0003308 1.28 -0.8
0.0003309 1.28 -0.8
0.000331 1.28 -0.8
0.0003311 1.28 -1
0.0003312 1.28 -1
0.0003313 1.28 -1.2
0.0003314 1.28 -1.2
0.0003315 1.28 -1.4
0.0003316 1.28 -1.4
0.0003317 1.2 -1.4
0.0003318 1.2 -1.6
0.0003319 1.28 -1.6
0.000332 1.2 -1.8
0.0003321 1.2 -1.8
0.0003322 1.2 -2.2
0.0003323 1.2 -2.2
0.0003324 1.2 -2.2
0.0003325 1.2 -2.4
0.0003326 1.2 -2.4
0.0003327 1.12 -2.6
0.0003328 1.2 -2.6
0.0003329 1.04 -2.8
0.000333 1.04 -2.8
0.0003331 1.12 -3
0.0003332 1.04 -3
0.0003333 1.12 -3
0.0003334 1.04 -3
0.0003335 1.04 -3
0.0003336 1.04 -3.2
0.0003337 0.96 -3.4
0.0003338 1.04 -3.4
0.0003339 0.96 -3.4
0.000334 0.96 -3.4
0.0003341 0.96 -3.8
0.0003342 0.88 -3.8
0.0003343 0.88 -4
0.0003344 0.88 -3.8
0.0003345 0.88 -4
0.0003346 0.88 -4.2
0.0003347 0.8 -4.2
0.0003348 0.88 -4.2
0.0003349 0.88 -4.2
0.000335 0.88 -4.4
0.0003351 0.72 -4.4
0.0003352 0.8 -4.6
0.0003353 0.72 -4.6
0.0003354 0.72 -4.6
0.0003355 0.72 -4.6
0.0003356 0.64 -4.8
0.0003357 0.64 -4.8
0.0003358 0.56 -4.8
0.0003359 0.56 -5
0.000336 0.56 -5
0.0003361 0.56 -5.2
0.0003362 0.56 -5
0.0003363 0.56 -5.2
0.0003364 0.56 -5
0.0003365 0.48 -5.2
0.0003366 0.4 -5.4
0.0003367 0.4 -5.2
0.0003368 0.4 -5.4
0.0003369 0.4 -5.4
0.000337 0.32 -5.6
0.0003371 0.32 -5.6
0.0003372 0.32 -5.6
0.0003373 0.32 -5.6
0.0003374 0.24 -5.8
0.0003375 0.24 -5.8
0.0003376 0.24 -5.8
0.0003377 0.24 -5.8
0.0003378 0.24 -5.8
0.0003379 0.24 -5.8
0.000338 0.16 -6
0.0003381 0.08 -5.8
0.0003382 0.08 -6
0.0003383 0.08 -6
0.0003384 0 -6
0.0003385 0 -6
0.0003386 0 -6.2
0.0003387 0 -6.2
0.0003388 0 -6
0.0003389 0 -6
0.000339 -0.16 -6.2
0.0003391 -0.16 -6.4
0.0003392 -0.16 -6.4
0.0003393 -0.16 -6.4
0.0003394 -0.24 -6.4
0.0003395 -0.32 -6.4
0.0003396 -0.32 -6.2
0.0003397 -0.32 -6.4
0.0003398 -0.32 -6.4
0.0003399 -0.4 -6.4
0.00034 -0.4 -6.2
0.0003401 -0.4 -6.2
0.0003402 -0.48 -6.4
0.0003403 -0.48 -6.4
0.0003404 -0.48 -6.6
0.0003405 -0.48 -6.2
0.0003406 -0.48 -6.4
0.0003407 -0.48 -6.4
0.0003408 -0.56 -6.4
0.0003409 -0.64 -6.4
0.000341 -0.64 -6.4
0.0003411 -0.64 -6.2
0.0003412 -0.64 -6.2
0.0003413 -0.64 -6.4
0.0003414 -0.72 -6
0.0003415 -0.72 -6.2
0.0003416 -0.72 -6.2
0.0003417 -0.8 -6.2
0.0003418 -0.8 -6.2
0.0003419 -0.8 -6
0.000342 -0.8 -6
0.0003421 -0.8 -5.8
0.0003422 -0.8 -6.2
0.0003423 -0.88 -5.8
0.0003424 -0.8 -6
0.0003425 -0.96 -5.8
0.0003426 -0.96 -5.8
0.0003427 -0.96 -5.8
0.0003428 -1.04 -5.6
0.0003429 -1.04 -5.8
0.000343 -1.04 -5.6
0.0003431 -1.04 -5.8
0.0003432 -1.04 -5.6
0.0003433 -1.04 -5.4
0.0003434 -1.12 -5.6
0.0003435 -1.12 -5.4
0.0003436 -1.12 -5.4
0.0003437 -1.12 -5.4
0.0003438 -1.12 -5.4
0.0003439 -1.12 -5.2
0.000344 -1.12 -5.2
0.0003441 -1.2 -5.2
0.0003442 -1.12 -5.2
0.0003443 -1.28 -5
0.0003444 -1.28 -5
0.0003445 -1.28 -5
0.0003446 -1.28 -4.8
0.0003447 -1.28 -4.8
0.0003448 -1.36 -4.6
0.0003449 -1.36 -4.6
0.000345 -1.36 -4.6
0.0003451 -1.36 -4.4
0.0003452 -1.36 -4.6
0.0003453 -1.36 -4.4
0.0003454 -1.36 -4.4
0.0003455 -1.36 -4
0.0003456 -1.36 -4
0.0003457 -1.36 -4.2
0.0003458 -1.36 -4
0.0003459 -1.44 -4
0.000346 -1.44 -3.8
0.0003461 -1.44 -3.8
0.0003462 -1.44 -3.8
0.0003463 -1.44 -3.6
0.0003464 -1.44 -3.4
0.0003465 -1.44 -3.4
0.0003466 -1.44 -3.4
0.0003467 -1.44 -3.4
0.0003468 -1.44 -3.2
0.0003469 -1.44 -3
0.000347 -1.44 -3
0.0003471 -1.44 -3
0.0003472 -1.44 -3
0.0003473 -1.52 -2.6
0.0003474 -1.44 -2.6
0.0003475 -1.52 -2.6
0.0003476 -1.44 -2.6
0.0003477 -1.52 -2.6
0.0003478 -1.52 -2.4
0.0003479 -1.44 -2.2
0.000348 -1.52 -2
0.0003481 -1.52 -2.2
0.0003482 -1.52 -2
0.0003483 -1.52 -1.8
0.0003484 -1.52 -1.8
0.0003485 -1.52 -1.8
0.0003486 -1.52 -1.6
0.0003487 -1.52 -1.4
0.0003488 -1.52 -1.6
0.0003489 -1.52 -1
0.000349 -1.6 -1.2
0.0003491 -1.52 -1.2
0.0003492 -1.44 -1.2
0.0003493 -1.52 -1
0.0003494 -1.44 -0.8
0.0003495 -1.44 -0.8
0.0003496 -1.44 -0.6
0.0003497 -1.52 -0.6
0.0003498 -1.44 -0.4
0.0003499 -1.44 -0.6
0.00035 -1.52 0
0.0003501 -1.44 0
0.0003502 -1.44 0
0.0003503 -1.44 0
0.0003504 -1.44 0.2
0.0003505 -1.44 0.4
0.0003506 -1.44 0.4
0.0003507 -1.44 0.4
0.0003508 -1.44 0.6
0.0003509 -1.44 0.8
0.000351 -1.44 0.8
0.0003511 -1.44 1
0.0003512 -1.44 1
0.0003513 -1.36 1
0.0003514 -1.44 1.2
0.0003515 -1.36 1.2
0.0003516 -1.36 1.6
0.0003517 -1.36 1.6
0.0003518 -1.36 1.6
0.0003519 -1.28 1.8
0.000352 -1.28 1.6
0.0003521 -1.28 1.8
0.0003522 -1.28 2
0.0003523 -1.28 2.2
0.0003524 -1.28 2
0.0003525 -1.28 2.2
0.0003526 -1.12 2.2
0.0003527 -1.2 2.4
0.0003528 -1.12 2.4
0.0003529 -1.2 2.6
0.000353 -1.12 2.6
0.0003531 -1.12 2.6
0.0003532 -1.12 2.8
0.0003533 -1.12 3
0.0003534 -1.04 3
0.0003535 -1.12 3
0.0003536 -1.04 3.2
0.0003537 -1.04 3.2
0.0003538 -1.04 3.2
0.0003539 -1.04 3.4
0.000354 -0.96 3.4
0.0003541 -0.96 3.4
0.0003542 -0.96 3.4
0.0003543 -0.96 3.6
0.0003544 -0.8 3.6
0.0003545 -0.96 3.8
0.0003546 -0.8 3.8
0.0003547 -0.88 3.8
0.0003548 -0.8 4
0.0003549 -0.8 4
0.000355 -0.72 4.2
0.0003551 -0.72 4.2
0.0003552 -0.8 4.2
0.0003553 -0.72 4.2
0.0003554 -0.72 4
0.0003555 -0.64 4.4
0.0003556 -0.64 4.2
0.0003557 -0.64 4.6
0.0003558 -0.64 4.4
0.0003559 -0.64 4.6
0.000356 -0.56 4.6
0.0003561 -0.56 4.6
0.0003562 -0.48 4.8
0.0003563 -0.48 4.8
0.0003564 -0.48 4.8
0.0003565 -0.48 5
0.0003566 -0.4 4.8
0.0003567 -0.4 5.2
0.0003568 -0.4 5
0.0003569 -0.4 5
0.000357 -0.32 5
0.0003571 -0.32 5.2
0.0003572 -0.32 5
0.0003573 -0.32 5.4
0.0003574 -0.24 5.4
0.0003575 -0.24 5.2
0.0003576 -0.16 5.2
0.0003577 -0.24 5.2
0.0003578 -0.16 5.2
0.0003579 -0.16 5.4
0.000358 -0.16 5.6
0.0003581 0 5.4
0.0003582 0 5.6
0.0003583 0 5.4
0.0003584 0.08 5.6
0.0003585 0.08 5.6
0.0003586 0.08 5.4
0.0003587 0.08 5.6
0.0003588 0.16 5.4
0.0003589 0.16 5.6
0.000359 0.24 5.6
0.0003591 0.24 5.6
0.0003592 0.16 5.6
0.0003593 0.32 5.6
0.0003594 0.24 5.4
0.0003595 0.24 5.6
0.0003596 0.32 5.6
0.0003597 0.32 5.6
0.0003598 0.32 5.6
0.0003599 0.4 5.6
0.00036 0.4 5.6
0.0003601 0.4 5.6
0.0003602 0.4 5.6
0.0003603 0.4 5.6
0.0003604 0.48 5.2
0.0003605 0.56 5.6
0.0003606 0.56 5.4
0.0003607 0.56 5.6
0.0003608 0.56 5.4
0.0003609 0.56 5.4
0.000361 0.56 5.2
0.0003611 0.64 5.4
0.0003612 0.64 5.2
0.0003613 0.72 5.4
0.0003614 0.64 5.4
0.0003615 0.72 5.2
0.0003616 0.72 5.2
0.0003617 0.72 5
0.0003618 0.72 5.2
0.0003619 0.8 5
0.000362 0.72 5
0.0003621 0.8 5
0.0003622 0.88 4.8
0.0003623 0.88 5
0.0003624 0.88 4.8
0.0003625 0.96 4.8
0.0003626 0.96 4.6
0.0003627 0.88 4.6
0.0003628 0.96 4.8
0.0003629 0.96 4.8
0.000363 0.96 4.6
0.0003631 1.04 4.4
0.0003632 0.96 4.4
0.0003633 0.96 4.4
0.0003634 1.04 4.4
0.0003635 1.04 4.2
0.0003636 1.04 4.2
0.0003637 1.04 4
0.0003638 1.12 4
0.0003639 1.04 4
0.000364 1.2 4
0.0003641 1.12 4
0.0003642 1.12 3.8
0.0003643 1.2 3.8
0.0003644 1.2 3.8
0.0003645 1.2 3.6
0.0003646 1.2 3.6
0.0003647 1.2 3.4
0.0003648 1.2 3.4
0.0003649 1.2 3.2
0.000365 1.2 3.4
0.0003651 1.2 3.2
0.0003652 1.28 3.2
0.0003653 1.28 3
0.0003654 1.28 2.8
0.0003655 1.28 2.8
0.0003656 1.2 2.6
0.0003657 1.28 2.6
0.0003658 1.28 2.6
0.0003659 1.28 2.6
0.000366 1.28 2.4
0.0003661 1.28 2.4
0.0003662 1.36 2.4
0.0003663 1.28 2.4
0.0003664 1.28 2.4
0.0003665 1.36 2
0.0003666 1.28 2
0.0003667 1.36 2
0.0003668 1.28 1.8
0.0003669 1.36 1.6
0.000367 1.36 1.6
0.0003671 1.28 1.4
0.0003672 1.36 1.2
0.0003673 1.36 1.4
0.0003674 1.36 1.2
0.0003675 1.36 1.2
0.0003676 1.36 1
0.0003677 1.36 1
0.0003678 1.36 1
0.0003679 1.36 0.8
0.000368 1.36 0.8
0.0003681 1.36 0.6
0.0003682 1.36 0.4
0.0003683 1.36 0.4
0.0003684 1.36 0.2
0.0003685 1.28 0.2
0.0003686 1.28 0
0.0003687 1.28 0
0.0003688 1.36 0
0.0003689 1.36 -0.4
0.000369 1.28 -0.4
0.0003691 1.28 -0.4
0.0003692 1.28 -0.8
0.0003693 1.28 -0.6
0.0003694 1.28 -0.8
0.0003695 1.28 -0.8
0.0003696 1.28 -1
0.0003697 1.28 -1
0.0003698 1.28 -1
0.0003699 1.28 -1.4
0.00037 1.28 -1.4
0.0003701 1.28 -1.6
0.0003702 1.28 -1.6
0.0003703 1.28 -1.8
0.0003704 1.2 -1.8
0.0003705 1.28 -2
0.0003706 1.2 -2
0.0003707 1.2 -2.2
0.0003708 1.2 -2.2
0.0003709 1.2 -2.2
0.000371 1.2 -2.4
0.0003711 1.12 -2.4
0.0003712 1.2 -2.4
0.0003713 1.12 -2.6
0.0003714 1.12 -2.6
0.0003715 1.04 -2.8
0.0003716 1.04 -2.8
0.0003717 1.04 -3
0.0003718 1.04 -3
0.0003719 1.04 -3.2
0.000372 1.04 -3.2
0.0003721 0.96 -3.2
0.0003722 0.96 -3.2
0.0003723 0.96 -3.4
0.0003724 1.04 -3.4
0.0003725 0.88 -3.4
0.0003726 0.88 -3.8
0.0003727 0.88 -3.8
0.0003728 0.96 -4
0.0003729 0.88 -4
0.000373 0.88 -4
0.0003731 0.88 -4.2
0.0003732 0.88 -4.2
0.0003733 0.88 -4.2
0.0003734 0.72 -4.2
0.0003735 0.72 -4.4
0.0003736 0.72 -4.6
0.0003737 0.72 -4.6
0.0003738 0.72 -4.6
0.0003739 0.72 -4.8
0.000374 0.64 -4.6
0.0003741 0.64 -4.6
0.0003742 0.64 -4.8
0.0003743 0.64 -4.8
0.0003744 0.56 -4.8
0.0003745 0.64 -5
0.0003746 0.56 -5
0.0003747 0.48 -5.2
0.0003748 0.56 -5
0.0003749 0.56 -5.4
0.000375 0.48 -5.4
0.0003751 0.4 -5.4
0.0003752 0.4 -5.4
0.0003753 0.4 -5.6
0.0003754 0.32 -5.6
0.0003755 0.32 -5.6
0.0003756 0.32 -5.6
0.0003757 0.32 -5.8
0.0003758 0.24 -5.6
0.0003759 0.24 -5.6
0.000376 0.24 -5.8
0.0003761 0.24 -5.8
0.0003762 0.24 -5.8
0.0003763 0.24 -5.8
0.0003764 0.16 -5.8
0.0003765 0.08 -5.8
0.0003766 0.08 -5.8
0.0003767 0.08 -6.2
0.0003768 0.08 -6
0.0003769 0.08 -6.2
0.000377 0 -6.2
0.0003771 0 -6.2
0.0003772 0 -6.2
0.0003773 0 -6
0.0003774 -0.16 -6.2
0.0003775 -0.16 -6.2
0.0003776 -0.16 -6.4
0.0003777 -0.16 -6.2
0.0003778 -0.24 -6.2
0.0003779 -0.24 -6.4
0.000378 -0.32 -6.4
0.0003781 -0.32 -6.2
0.0003782 -0.32 -6.4
0.0003783 -0.32 -6.4
0.0003784 -0.4 -6.4
0.0003785 -0.4 -6.4
0.0003786 -0.4 -6.4
0.0003787 -0.4 -6.4
0.0003788 -0.48 -6.4
0.0003789 -0.48 -6.4
0.000379 -0.64 -6.4
0.0003791 -0.48 -6.4
0.0003792 -0.48 -6.4
0.0003793 -0.48 -6.2
0.0003794 -0.64 -6.4
0.0003795 -0.64 -6.2
0.0003796 -0.64 -6.4
0.0003797 -0.64 -6.2
0.0003798 -0.72 -6.4
0.0003799 -0.72 -6.4
0.00038 -0.8 -6.2
0.0003801 -0.8 -6.4
0.0003802 -0.72 -6
0.0003803 -0.72 -6.2
0.0003804 -0.8 -6
0.0003805 -0.88 -6.2
0.0003806 -0.8 -6
0.0003807 -0.88 -5.8
0.0003808 -0.96 -5.8
0.0003809 -0.88 -5.8
0.000381 -0.96 -5.8
0.0003811 -0.96 -5.8
0.0003812 -0.96 -5.8
0.0003813 -1.04 -5.8
0.0003814 -1.04 -5.8
0.0003815 -1.04 -5.6
0.0003816 -1.04 -5.4
0.0003817 -1.04 -5.8
0.0003818 -1.04 -5.6
0.0003819 -1.12 -5.6
0.000382 -1.12 -5.6
0.0003821 -1.12 -5.6
0.0003822 -1.12 -5.4
0.0003823 -1.12 -5.2
0.0003824 -1.12 -5.4
0.0003825 -1.12 -5
0.0003826 -1.2 -5
0.0003827 -1.2 -5
0.0003828 -1.12 -5
0.0003829 -1.28 -4.8
0.000383 -1.28 -5
0.0003831 -1.28 -4.8
0.0003832 -1.36 -4.8
0.0003833 -1.36 -5
0.0003834 -1.36 -4.6
0.0003835 -1.28 -4.6
0.0003836 -1.28 -4.6
0.0003837 -1.36 -4.6
0.0003838 -1.36 -4.2
0.0003839 -1.36 -4.4
0.000384 -1.36 -4.2
0.0003841 -1.36 -4.2
0.0003842 -1.44 -4
0.0003843 -1.44 -4
0.0003844 -1.44 -4
0.0003845 -1.44 -3.8
0.0003846 -1.52 -3.8
0.0003847 -1.44 -3.6
0.0003848 -1.44 -3.6
0.0003849 -1.44 -3.4
0.000385 -1.44 -3.4
0.0003851 -1.44 -3.4
0.0003852 -1.44 -3.2
0.0003853 -1.52 -3.2
0.0003854 -1.44 -3
0.0003855 -1.44 -3.2
0.0003856 -1.44 -3
0.0003857 -1.52 -3
0.0003858 -1.44 -2.8
0.0003859 -1.44 -2.6
0.000386 -1.44 -2.6
0.0003861 -1.44 -2.4
0.0003862 -1.52 -2.4
0.0003863 -1.52 -2.2
0.0003864 -1.6 -2.2
0.0003865 -1.52 -2.2
0.0003866 -1.52 -2.2
0.0003867 -1.52 -2
0.0003868 -1.52 -1.6
0.0003869 -1.52 -1.8
0.000387 -1.6 -1.6
0.0003871 -1.44 -1.6
0.0003872 -1.52 -1.4
0.0003873 -1.6 -1.4
0.0003874 -1.6 -1.4
0.0003875 -1.44 -1
0.0003876 -1.52 -1
0.0003877 -1.52 -1
0.0003878 -1.44 -0.8
0.0003879 -1.52 -0.8
0.000388 -1.44 -0.8
0.0003881 -1.44 -0.6
0.0003882 -1.52 -0.6
0.0003883 -1.44 -0.6
0.0003884 -1.44 -0.4
0.0003885 -1.44 -0.4
0.0003886 -1.44 0
0.0003887 -1.44 0
0.0003888 -1.44 0.2
0.0003889 -1.44 0.2
0.000389 -1.44 0.4
0.0003891 -1.44 0.4
0.0003892 -1.44 0.6
0.0003893 -1.44 0.8
0.0003894 -1.44 0.8
0.0003895 -1.44 1
0.0003896 -1.44 1
0.0003897 -1.36 1
0.0003898 -1.36 1.2
0.0003899 -1.36 1.2
0.00039 -1.36 1.2
0.0003901 -1.36 1.4
0.0003902 -1.36 1.6
0.0003903 -1.36 1.6
0.0003904 -1.28 1.6
0.0003905 -1.36 1.6
0.0003906 -1.28 2
0.0003907 -1.28 2
0.0003908 -1.28 2
0.0003909 -1.2 2.2
0.000391 -1.2 2.2
0.0003911 -1.2 2.2
0.0003912 -1.2 2.4
0.0003913 -1.2 2.4
0.0003914 -1.12 2.6
0.0003915 -1.12 2.6
0.0003916 -1.12 2.8
0.0003917 -1.12 2.6
0.0003918 -1.12 3
0.0003919 -1.12 2.8
0.000392 -1.04 3.2
0.0003921 -1.04 3
0.0003922 -1.04 3.2
0.0003923 -1.04 3.2
0.0003924 -1.12 3.2
0.0003925 -1.04 3.4
0.0003926 -0.96 3.4
0.0003927 -0.96 3.6
0.0003928 -0.96 3.6
0.0003929 -0.96 3.6
0.000393 -0.8 3.6
0.0003931 -0.96 3.8
0.0003932 -0.8 4
0.0003933 -0.8 3.8
0.0003934 -0.8 4
0.0003935 -0.8 4
0.0003936 -0.72 4.2
0.0003937 -0.72 4.2
0.0003938 -0.72 4.4
0.0003939 -0.72 4.2
0.000394 -0.64 4.4
0.0003941 -0.64 4.4
0.0003942 -0.64 4.6
0.0003943 -0.64 4.6
0.0003944 -0.64 4.6
0.0003945 -0.64 4.8
0.0003946 -0.48 4.8
0.0003947 -0.48 4.8
0.0003948 -0.48 4.8
0.0003949 -0.48 5
0.000395 -0.48 4.8
0.0003951 -0.48 5
0.0003952 -0.4 5
0.0003953 -0.4 5
0.0003954 -0.4 5.2
0.0003955 -0.32 5
0.0003956 -0.32 5.2
0.0003957 -0.32 5.2
0.0003958 -0.32 5.2
0.0003959 -0.32 5.4
0.000396 -0.16 5.2
0.0003961 -0.16 5.2
0.0003962 -0.16 5.2
0.0003963 -0.16 5.6
0.0003964 -0.16 5.2
0.0003965 -0.16 5.4
0.0003966 0 5.4
0.0003967 0 5.6
0.0003968 0.08 5.4
0.0003969 0.08 5.4
0.000397 0.08 5.6
0.0003971 0.08 5.4
0.0003972 0.08 5.6
0.0003973 0.08 5.6
0.0003974 0.24 5.6
0.0003975 0.16 5.6
0.0003976 0.24 5.6
0.0003977 0.24 5.6
0.0003978 0.24 5.6
0.0003979 0.32 5.6
0.000398 0.32 5.4
0.0003981 0.24 5.6
0.0003982 0.32 5.6
0.0003983 0.32 5.6
0.0003984 0.4 5.6
0.0003985 0.4 5.6
0.0003986 0.4 5.6
0.0003987 0.4 5.6
0.0003988 0.4 5.6
0.0003989 0.56 5.6
0.000399 0.56 5.6
0.0003991 0.56 5.6
0.0003992 0.56 5.4
0.0003993 0.56 5.6
0.0003994 0.56 5.4
0.0003995 0.56 5.4
0.0003996 0.64 5.2
0.0003997 0.72 5.4
0.0003998 0.72 5.4
0.0003999 0.72 5.2
