0 4.56 4.64
2e-06 4.56 4.64
4e-06 -5.04 -4.88
6e-06 -4.96 -4.8
8e-06 -4.96 -4.72
1e-05 -4.88 -4.8
1.2e-05 -4.88 -4.72
1.4e-05 -4.8 -4.64
1.6e-05 -4.8 -4.56
1.8e-05 -4.8 -4.56
2e-05 -4.72 -4.48
2.2e-05 -4.64 -4.48
2.4e-05 -4.56 -4.4
2.6e-05 -4.56 -4.32
2.8e-05 -4.56 -4.32
3e-05 -4.48 -4.24
3.2e-05 -4.4 -4.24
3.4e-05 -4.32 -4.16
3.6e-05 -4.32 -4.08
3.8e-05 -4.24 -4.08
4e-05 -4.24 -4
4.2e-05 -4.16 -4
4.4e-05 -4.08 -3.92
4.6e-05 -4.08 -3.84
4.8e-05 -4 -3.84
5e-05 -4 -3.76
5.2e-05 -3.92 -3.6
5.4e-05 -3.84 -3.68
5.6e-05 -3.84 -3.6
5.8e-05 -3.68 -3.52
6e-05 -3.68 -3.44
6.2e-05 -3.68 -3.36
6.4e-05 -3.6 -3.36
6.6e-05 -3.52 -3.2
6.8e-05 -3.44 -3.2
7e-05 -3.44 -3.12
7.2e-05 -3.28 -3.04
7.4e-05 -3.28 -2.96
7.6e-05 -3.2 -2.96
7.8e-05 -3.2 -2.88
8e-05 -3.04 -2.8
8.2e-05 -3.04 -2.8
8.4e-05 -2.96 -2.72
8.6e-05 -2.88 -2.64
8.8e-05 -2.88 -2.56
9e-05 -2.8 -2.48
9.2e-05 -2.72 -2.48
9.4e-05 -2.64 -2.4
9.6e-05 -2.56 -2.24
9.8e-05 -2.48 -2.24
0.0001 -2.4 -2.16
0.000102 -2.32 -2.08
0.000104 -2.32 -2
0.000106 -2.24 -2
0.000108 -2.08 -1.92
0.00011 -2.08 -1.76
0.000112 -1.92 -1.68
0.000114 -1.92 -1.68
0.000116 -1.92 -1.6
0.000118 -1.76 -1.52
0.00012 -1.76 -1.36
0.000122 -1.68 -1.36
0.000124 -1.6 -1.36
0.000126 -1.6 -1.28
0.000128 -1.44 -1.2
0.00013 -1.44 -1.04
0.000132 -1.36 -1.04
0.000134 -1.28 -0.96
0.000136 -1.12 -0.88
0.000138 -1.12 -0.8
0.00014 -1.04 -0.72
0.000142 -0.96 -0.64
0.000144 -0.8 -0.64
0.000146 -0.8 -0.48
0.000148 -0.72 -0.48
0.00015 -0.64 -0.32
0.000152 -0.56 -0.32
0.000154 -0.48 -0.24
0.000156 -0.4 -0.16
0.000158 -0.4 0
0.00016 -0.32 0
0.000162 -0.16 0.16
0.000164 -0.16 0.24
0.000166 0 0.32
0.000168 0.08 0.32
0.00017 0.16 0.4
0.000172 0.24 0.48
0.000174 0.32 0.56
0.000176 0.32 0.64
0.000178 0.4 0.72
0.00018 0.48 0.8
0.000182 0.64 0.8
0.000184 0.72 0.96
0.000186 0.72 1.04
0.000188 0.88 1.04
0.00019 0.88 1.12
0.000192 0.96 1.28
0.000194 1.04 1.28
0.000196 1.04 1.36
0.000198 1.2 1.36
0.0002 1.28 1.52
0.000202 1.28 1.6
0.000204 1.36 1.6
0.000206 1.52 1.68
0.000208 1.52 1.76
0.00021 1.6 1.92
0.000212 1.68 1.92
0.000214 1.68 2
0.000216 1.84 2.08
0.000218 1.92 2.08
0.00022 1.92 2.16
0.000222 2 2.24
0.000224 2.16 2.4
0.000226 2.16 2.48
0.000228 2.24 2.48
0.00023 2.32 2.56
0.000232 2.32 2.64
0.000234 2.4 2.64
0.000236 2.48 2.72
0.000238 2.56 2.88
0.00024 2.64 2.88
0.000242 2.72 2.88
0.000244 2.8 2.96
0.000246 2.8 3.04
0.000248 2.88 3.04
0.00025 2.96 3.2
0.000252 3.04 3.2
0.000254 3.12 3.36
0.000256 3.12 3.36
0.000258 3.2 3.36
0.00026 3.28 3.52
0.000262 3.36 3.52
0.000264 3.28 3.6
0.000266 3.44 3.6
0.000268 3.52 3.76
0.00027 3.6 3.76
0.000272 3.6 3.84
0.000274 3.76 3.84
0.000276 3.76 3.92
0.000278 3.76 3.92
0.00028 3.84 4
0.000282 3.84 4
0.000284 3.92 4.16
0.000286 3.92 4.16
0.000288 4.08 4.24
0.00029 4.16 4.24
0.000292 4.08 4.32
0.000294 4.24 4.32
0.000296 4.24 4.32
0.000298 4.32 4.32
0.0003 4.4 4.48
0.000302 4.4 4.48
0.000304 4.48 4.64
0.000306 4.48 4.64
0.000308 4.48 4.64
0.00031 4.56 4.64
0.000312 4.56 4.72
0.000314 4.72 4.8
0.000316 4.72 4.88
0.000318 4.72 4.8
0.00032 4.72 4.88
0.000322 4.8 4.96
0.000324 4.8 4.88
0.000326 4.88 4.96
0.000328 4.88 5.04
0.00033 4.96 5.04
0.000332 5.04 5.12
0.000334 5.04 5.12
0.000336 5.04 5.12
0.000338 5.12 5.12
0.00034 5.12 5.2
0.000342 5.12 5.2
0.000344 5.2 5.2
0.000346 5.2 5.28
0.000348 5.2 5.28
0.00035 5.2 5.28
0.000352 5.28 5.36
0.000354 5.28 5.36
0.000356 5.36 5.36
0.000358 5.36 5.44
0.00036 5.36 5.44
0.000362 5.36 5.44
0.000364 5.44 5.52
0.000366 5.36 5.44
0.000368 5.44 5.44
0.00037 5.44 5.44
0.000372 5.44 5.52
0.000374 5.52 5.52
0.000376 5.52 5.52
0.000378 5.52 5.52
0.00038 5.52 5.52
0.000382 5.52 5.6
0.000384 5.52 5.52
0.000386 5.6 5.52
0.000388 5.6 5.52
0.00039 5.68 5.6
0.000392 5.6 5.52
0.000394 5.6 5.6
0.000396 5.6 5.6
0.000398 5.6 5.6
0.0004 5.6 5.6
0.000402 5.6 5.6
0.000404 5.6 5.6
0.000406 5.52 5.52
0.000408 5.52 5.52
0.00041 5.6 5.6
0.000412 5.6 5.6
0.000414 5.6 5.52
0.000416 5.68 5.52
0.000418 5.52 5.52
0.00042 5.6 5.52
0.000422 5.52 5.52
0.000424 5.52 5.52
0.000426 5.52 5.52
0.000428 5.52 5.44
0.00043 5.52 5.44
0.000432 5.52 5.44
0.000434 5.52 5.52
0.000436 5.44 5.36
0.000438 5.52 5.44
0.00044 5.44 5.36
0.000442 5.44 5.36
0.000444 5.44 5.36
0.000446 5.36 5.36
0.000448 5.36 5.28
0.00045 5.36 5.28
0.000452 5.36 5.2
0.000454 5.36 5.2
0.000456 5.36 5.2
0.000458 5.36 5.12
0.00046 5.28 5.2
0.000462 5.2 5.2
0.000464 5.2 5.12
0.000466 5.2 4.96
0.000468 5.12 5.04
0.00047 5.12 4.96
0.000472 5.04 4.96
0.000474 5.04 4.88
0.000476 5.04 4.88
0.000478 5.04 4.8
0.00048 5.04 4.8
0.000482 4.88 4.72
0.000484 4.88 4.72
0.000486 4.88 4.72
0.000488 4.8 4.64
0.00049 4.72 4.56
0.000492 4.72 4.56
0.000494 4.72 4.56
0.000496 4.72 4.48
0.000498 4.64 4.48
0.0005 4.56 4.4
0.000502 4.56 4.32
0.000504 4.48 4.24
0.000506 4.4 4.32
0.000508 4.4 4.16
0.00051 4.4 4.16
0.000512 4.32 4.08
0.000514 4.24 4
0.000516 4.24 4
0.000518 4.08 4
0.00052 4.08 3.84
0.000522 4.08 3.92
0.000524 4.08 3.84
0.000526 3.92 3.68
0.000528 3.92 3.68
0.00053 3.84 3.6
0.000532 3.76 3.6
0.000534 3.76 3.44
0.000536 3.76 3.52
0.000538 3.52 3.44
0.00054 3.52 3.36
0.000542 3.52 3.2
0.000544 3.44 3.2
0.000546 3.44 3.2
0.000548 3.28 3.04
0.00055 3.28 2.96
0.000552 3.2 2.96
0.000554 3.12 2.88
0.000556 3.12 2.88
0.000558 2.96 2.8
0.00056 2.96 2.72
0.000562 2.88 2.64
0.000564 2.8 2.56
0.000566 2.8 2.56
0.000568 2.72 2.56
0.00057 2.56 2.4
0.000572 2.56 2.32
0.000574 2.48 2.32
0.000576 2.48 2.24
0.000578 2.32 2.08
0.00058 2.24 2
0.000582 2.24 2
0.000584 2.16 1.92
0.000586 2.16 1.84
0.000588 2 1.76
0.00059 2 1.68
0.000592 1.92 1.6
0.000594 1.84 1.6
0.000596 1.84 1.44
0.000598 1.68 1.44
0.0006 1.6 1.36
0.000602 1.52 1.28
0.000604 1.52 1.28
0.000606 1.36 1.12
0.000608 1.28 0.96
0.00061 1.2 0.96
0.000612 1.2 0.88
0.000614 1.12 0.88
0.000616 1.04 0.8
0.000618 0.96 0.72
0.00062 0.88 0.72
0.000622 0.88 0.56
0.000624 0.8 0.4
0.000626 0.64 0.4
0.000628 0.64 0.32
0.00063 0.56 0.24
0.000632 0.4 0.16
0.000634 0.4 0.08
0.000636 0.24 0.08
0.000638 0.24 0
0.00064 0.24 -0.16
0.000642 0.08 -0.24
0.000644 0 -0.24
0.000646 -0.16 -0.4
0.000648 -0.16 -0.48
0.00065 -0.32 -0.48
0.000652 -0.4 -0.56
0.000654 -0.4 -0.72
0.000656 -0.48 -0.72
0.000658 -0.56 -0.8
0.00066 -0.72 -0.88
0.000662 -0.72 -0.96
0.000664 -0.8 -1.04
0.000666 -0.96 -1.04
0.000668 -0.96 -1.2
0.00067 -1.04 -1.28
0.000672 -1.12 -1.36
0.000674 -1.12 -1.36
0.000676 -1.28 -1.44
0.000678 -1.36 -1.6
0.00068 -1.36 -1.52
0.000682 -1.44 -1.68
0.000684 -1.52 -1.76
0.000686 -1.6 -1.84
0.000688 -1.68 -1.92
0.00069 -1.76 -1.92
0.000692 -1.76 -2.08
0.000694 -1.92 -2.08
0.000696 -1.92 -2.16
0.000698 -2 -2.24
0.0007 -2.08 -2.32
0.000702 -2.24 -2.32
0.000704 -2.24 -2.4
0.000706 -2.32 -2.48
0.000708 -2.4 -2.64
0.00071 -2.4 -2.56
0.000712 -2.56 -2.64
0.000714 -2.64 -2.8
0.000716 -2.64 -2.8
0.000718 -2.72 -2.88
0.00072 -2.72 -2.96
0.000722 -2.88 -3.04
0.000724 -2.96 -3.12
0.000726 -2.96 -3.12
0.000728 -3.04 -3.2
0.00073 -3.12 -3.28
0.000732 -3.2 -3.36
0.000734 -3.2 -3.44
0.000736 -3.28 -3.52
0.000738 -3.36 -3.52
0.00074 -3.36 -3.52
0.000742 -3.52 -3.6
0.000744 -3.6 -3.76
0.000746 -3.6 -3.76
0.000748 -3.6 -3.84
0.00075 -3.68 -3.92
0.000752 -3.68 -3.92
0.000754 -3.84 -3.92
0.000756 -3.92 -4
0.000758 -3.92 -4.08
0.00076 -4 -4.16
0.000762 -4 -4.24
0.000764 -4.08 -4.24
0.000766 -4.16 -4.32
0.000768 -4.24 -4.4
0.00077 -4.24 -4.32
0.000772 -4.24 -4.4
0.000774 -4.32 -4.48
0.000776 -4.4 -4.48
0.000778 -4.4 -4.56
0.00078 -4.48 -4.56
0.000782 -4.56 -4.56
0.000784 -4.56 -4.64
0.000786 -4.56 -4.72
0.000788 -4.64 -4.8
0.00079 -4.64 -4.88
0.000792 -4.8 -4.8
0.000794 -4.8 -4.8
0.000796 -4.8 -4.96
0.000798 -4.96 -4.96
0.0008 -4.96 -5.04
0.000802 -4.96 -5.04
0.000804 -4.96 -5.04
0.000806 -4.96 -5.12
0.000808 -5.12 -5.12
0.00081 -5.12 -5.2
0.000812 -5.12 -5.2
0.000814 -5.2 -5.2
0.000816 -5.2 -5.2
0.000818 -5.28 -5.28
0.00082 -5.28 -5.28
0.000822 -5.28 -5.36
0.000824 -5.28 -5.28
0.000826 -5.28 -5.44
0.000828 -5.36 -5.44
0.00083 -5.36 -5.36
0.000832 -5.44 -5.44
0.000834 -5.44 -5.44
0.000836 -5.44 -5.44
0.000838 -5.44 -5.44
0.00084 -5.52 -5.52
0.000842 -5.52 -5.68
0.000844 -5.6 -5.6
0.000846 -5.6 -5.6
0.000848 -5.6 -5.68
0.00085 -5.6 -5.68
0.000852 -5.6 -5.6
0.000854 -5.6 -5.6
0.000856 -5.6 -5.68
0.000858 -5.68 -5.68
0.00086 -5.6 -5.6
0.000862 -5.68 -5.68
0.000864 -5.76 -5.76
0.000866 -5.76 -5.68
0.000868 -5.68 -5.68
0.00087 -5.76 -5.68
0.000872 -5.76 -5.68
0.000874 -5.76 -5.76
0.000876 -5.76 -5.76
0.000878 -5.76 -5.76
0.00088 -5.76 -5.68
0.000882 -5.76 -5.68
0.000884 -5.76 -5.68
0.000886 -5.76 -5.68
0.000888 -5.76 -5.76
0.00089 -5.76 -5.68
0.000892 -5.76 -5.76
0.000894 -5.76 -5.68
0.000896 -5.76 -5.68
0.000898 -5.76 -5.6
0.0009 -5.76 -5.6
0.000902 -5.76 -5.68
0.000904 -5.76 -5.68
0.000906 -5.76 -5.6
0.000908 -5.68 -5.68
0.00091 -5.76 -5.68
0.000912 -5.6 -5.52
0.000914 -5.68 -5.52
0.000916 -5.6 -5.52
0.000918 -5.6 -5.52
0.00092 -5.6 -5.52
0.000922 -5.6 -5.52
0.000924 -5.6 -5.44
0.000926 -5.52 -5.44
0.000928 -5.52 -5.36
0.00093 -5.52 -5.36
0.000932 -5.52 -5.36
0.000934 -5.44 -5.36
0.000936 -5.44 -5.36
0.000938 -5.52 -5.36
0.00094 -5.44 -5.36
0.000942 -5.44 -5.28
0.000944 -5.28 -5.2
0.000946 -5.28 -5.2
0.000948 -5.28 -5.2
0.00095 -5.28 -5.12
0.000952 -5.28 -5.04
0.000954 -5.28 -5.12
0.000956 -5.2 -5.04
0.000958 -5.2 -4.96
0.00096 -5.2 -4.96
0.000962 -5.04 -4.88
0.000964 -5.12 -4.88
0.000966 -4.96 -4.8
0.000968 -4.96 -4.8
0.00097 -4.96 -4.72
0.000972 -4.88 -4.72
0.000974 -4.88 -4.72
0.000976 -4.88 -4.64
0.000978 -4.8 -4.56
0.00098 -4.64 -4.56
0.000982 -4.72 -4.56
0.000984 -4.64 -4.48
0.000986 -4.56 -4.4
0.000988 -4.56 -4.4
0.00099 -4.48 -4.32
0.000992 -4.48 -4.32
0.000994 -4.48 -4.16
0.000996 -4.32 -4.16
0.000998 -4.32 -4.08
0.001 -4.24 -4
0.001002 -4.24 -4
0.001004 -4.24 -4
0.001006 -4.16 -3.92
0.001008 -4 -3.84
0.00101 -4 -3.76
0.001012 -3.92 -3.68
0.001014 -3.92 -3.68
0.001016 -3.84 -3.6
0.001018 -3.76 -3.52
0.00102 -3.68 -3.52
0.001022 -3.68 -3.52
0.001024 -3.68 -3.28
0.001026 -3.6 -3.28
0.001028 -3.52 -3.2
0.00103 -3.44 -3.2
0.001032 -3.36 -3.12
0.001034 -3.28 -3.04
0.001036 -3.28 -2.96
0.001038 -3.2 -2.96
0.00104 -3.12 -2.88
0.001042 -3.04 -2.8
0.001044 -3.04 -2.8
0.001046 -2.96 -2.72
0.001048 -2.88 -2.64
0.00105 -2.8 -2.56
0.001052 -2.72 -2.48
0.001054 -2.72 -2.32
0.001056 -2.64 -2.32
0.001058 -2.56 -2.32
0.00106 -2.48 -2.24
0.001062 -2.4 -2.08
0.001064 -2.4 -2.08
0.001066 -2.32 -2
0.001068 -2.24 -1.92
0.00107 -2.08 -1.84
0.001072 -2.08 -1.76
0.001074 -2 -1.68
0.001076 -1.92 -1.68
0.001078 -1.92 -1.52
0.00108 -1.76 -1.6
0.001082 -1.76 -1.44
0.001084 -1.68 -1.36
0.001086 -1.6 -1.28
0.001088 -1.52 -1.2
0.00109 -1.44 -1.2
0.001092 -1.36 -1.04
0.001094 -1.28 -1.04
0.001096 -1.2 -0.96
0.001098 -1.12 -0.96
0.0011 -1.12 -0.72
0.001102 -1.04 -0.72
0.001104 -0.96 -0.64
0.001106 -0.8 -0.56
0.001108 -0.8 -0.48
0.00111 -0.72 -0.48
0.001112 -0.64 -0.4
0.001114 -0.48 -0.24
0.001116 -0.48 -0.16
0.001118 -0.4 -0.16
0.00112 -0.4 0
0.001122 -0.32 0.08
0.001124 -0.16 0.16
0.001126 -0.16 0.16
0.001128 0 0.24
0.00113 0.08 0.4
0.001132 0.16 0.4
0.001134 0.24 0.48
0.001136 0.32 0.56
0.001138 0.32 0.64
0.00114 0.4 0.72
0.001142 0.56 0.8
0.001144 0.64 0.88
0.001146 0.72 0.96
0.001148 0.8 0.96
0.00115 0.88 1.04
0.001152 0.88 1.2
0.001154 0.96 1.28
0.001156 1.04 1.28
0.001158 1.2 1.36
0.00116 1.2 1.44
0.001162 1.28 1.44
0.001164 1.28 1.6
0.001166 1.52 1.68
0.001168 1.52 1.76
0.00117 1.6 1.84
0.001172 1.6 1.84
0.001174 1.68 1.92
0.001176 1.68 1.92
0.001178 1.84 2.08
0.00118 1.92 2.16
0.001182 2 2.32
0.001184 2.08 2.32
0.001186 2.16 2.32
0.001188 2.16 2.4
0.00119 2.24 2.48
0.001192 2.32 2.48
0.001194 2.32 2.64
0.001196 2.48 2.72
0.001198 2.48 2.72
0.0012 2.56 2.8
0.001202 2.64 2.88
0.001204 2.8 2.96
0.001206 2.8 2.96
0.001208 2.8 3.04
0.00121 2.88 3.12
0.001212 2.96 3.2
0.001214 3.12 3.28
0.001216 3.12 3.28
0.001218 3.12 3.36
0.00122 3.2 3.44
0.001222 3.28 3.44
0.001224 3.28 3.52
0.001226 3.44 3.6
0.001228 3.44 3.68
0.00123 3.44 3.68
0.001232 3.6 3.76
0.001234 3.6 3.84
0.001236 3.6 3.84
0.001238 3.76 3.84
0.00124 3.76 3.92
0.001242 3.84 4.08
0.001244 3.84 4.08
0.001246 3.92 4.16
0.001248 4 4.16
0.00125 4.08 4.24
0.001252 4.08 4.24
0.001254 4.16 4.32
0.001256 4.24 4.32
0.001258 4.24 4.4
0.00126 4.32 4.48
0.001262 4.4 4.48
0.001264 4.4 4.56
0.001266 4.4 4.56
0.001268 4.48 4.56
0.00127 4.56 4.64
0.001272 4.64 4.72
0.001274 4.56 4.8
0.001276 4.64 4.8
0.001278 4.72 4.8
0.00128 4.72 4.88
0.001282 4.8 4.88
0.001284 4.88 4.88
0.001286 4.8 4.96
0.001288 4.88 5.04
0.00129 4.88 4.96
0.001292 5.04 5.12
0.001294 5.04 5.12
0.001296 5.04 5.12
0.001298 5.04 5.12
0.0013 5.04 5.2
0.001302 5.12 5.12
0.001304 5.12 5.2
0.001306 5.2 5.2
0.001308 5.2 5.36
0.00131 5.2 5.36
0.001312 5.2 5.28
0.001314 5.36 5.28
0.001316 5.36 5.36
0.001318 5.36 5.36
0.00132 5.36 5.36
0.001322 5.36 5.44
0.001324 5.36 5.44
0.001326 5.44 5.44
0.001328 5.44 5.44
0.00133 5.36 5.44
0.001332 5.52 5.52
0.001334 5.44 5.52
0.001336 5.44 5.52
0.001338 5.52 5.52
0.00134 5.52 5.52
0.001342 5.52 5.52
0.001344 5.52 5.52
0.001346 5.52 5.6
0.001348 5.6 5.52
0.00135 5.52 5.52
0.001352 5.52 5.52
0.001354 5.52 5.6
0.001356 5.6 5.6
0.001358 5.52 5.52
0.00136 5.6 5.6
0.001362 5.68 5.6
0.001364 5.68 5.52
0.001366 5.6 5.52
0.001368 5.52 5.6
0.00137 5.68 5.6
0.001372 5.68 5.6
0.001374 5.6 5.6
0.001376 5.6 5.52
0.001378 5.6 5.52
0.00138 5.52 5.52
0.001382 5.6 5.52
0.001384 5.52 5.52
0.001386 5.52 5.44
0.001388 5.52 5.44
0.00139 5.52 5.52
0.001392 5.52 5.44
0.001394 5.52 5.44
0.001396 5.52 5.44
0.001398 5.44 5.44
0.0014 5.44 5.44
0.001402 5.52 5.44
0.001404 5.44 5.28
0.001406 5.44 5.36
0.001408 5.36 5.28
0.00141 5.36 5.28
0.001412 5.36 5.2
0.001414 5.36 5.28
0.001416 5.36 5.2
0.001418 5.36 5.2
0.00142 5.2 5.12
0.001422 5.2 5.12
0.001424 5.2 5.12
0.001426 5.2 5.12
0.001428 5.12 4.96
0.00143 5.12 5.04
0.001432 5.04 4.96
0.001434 5.04 4.88
0.001436 5.04 4.96
0.001438 5.04 4.96
0.00144 4.96 4.8
0.001442 4.88 4.8
0.001444 4.88 4.72
0.001446 4.88 4.72
0.001448 4.8 4.64
0.00145 4.8 4.72
0.001452 4.72 4.64
0.001454 4.72 4.56
0.001456 4.72 4.48
0.001458 4.64 4.48
0.00146 4.56 4.4
0.001462 4.56 4.4
0.001464 4.56 4.32
0.001466 4.48 4.24
0.001468 4.4 4.24
0.00147 4.4 4.16
0.001472 4.4 4.16
0.001474 4.24 4.08
0.001476 4.24 4
0.001478 4.16 4
0.00148 4.08 3.92
0.001482 4.08 3.92
0.001484 4.08 3.84
0.001486 4 3.76
0.001488 3.92 3.76
0.00149 3.92 3.68
0.001492 3.84 3.6
0.001494 3.76 3.52
0.001496 3.76 3.52
0.001498 3.6 3.52
0.0015 3.6 3.36
0.001502 3.52 3.36
0.001504 3.52 3.28
0.001506 3.44 3.2
0.001508 3.44 3.12
0.00151 3.28 3.04
0.001512 3.28 3.04
0.001514 3.2 2.96
0.001516 3.12 2.88
0.001518 3.12 2.88
0.00152 3.04 2.8
0.001522 2.96 2.64
0.001524 2.8 2.56
0.001526 2.8 2.64
0.001528 2.8 2.56
0.00153 2.64 2.48
0.001532 2.56 2.4
0.001534 2.56 2.32
0.001536 2.48 2.24
0.001538 2.4 2.16
0.00154 2.32 2.08
0.001542 2.24 2.16
0.001544 2.16 2
0.001546 2.16 1.84
0.001548 2.08 1.76
0.00155 2 1.76
0.001552 1.92 1.68
0.001554 1.84 1.6
0.001556 1.84 1.6
0.001558 1.68 1.44
0.00156 1.6 1.36
0.001562 1.6 1.28
0.001564 1.52 1.28
0.001566 1.36 1.2
0.001568 1.36 1.04
0.00157 1.28 1.04
0.001572 1.2 1.04
0.001574 1.2 0.96
0.001576 1.04 0.8
0.001578 0.96 0.72
0.00158 0.96 0.72
0.001582 0.88 0.56
0.001584 0.8 0.48
0.001586 0.72 0.4
0.001588 0.64 0.4
0.00159 0.56 0.32
0.001592 0.48 0.32
0.001594 0.4 0.16
0.001596 0.32 0.08
0.001598 0.24 0
0.0016 0.16 0
0.001602 0.24 0
0.001604 0 -0.24
0.001606 0 -0.32
0.001608 -0.16 -0.32
0.00161 -0.16 -0.4
0.001612 -0.32 -0.56
0.001614 -0.4 -0.64
0.001616 -0.48 -0.72
0.001618 -0.48 -0.72
0.00162 -0.64 -0.8
0.001622 -0.64 -0.88
0.001624 -0.72 -0.96
0.001626 -0.8 -1.04
0.001628 -0.88 -1.2
0.00163 -0.96 -1.2
0.001632 -1.04 -1.28
0.001634 -1.12 -1.36
0.001636 -1.2 -1.44
0.001638 -1.28 -1.44
0.00164 -1.36 -1.52
0.001642 -1.44 -1.6
0.001644 -1.44 -1.68
0.001646 -1.52 -1.76
0.001648 -1.68 -1.84
0.00165 -1.68 -1.92
0.001652 -1.76 -1.92
0.001654 -1.84 -2.08
0.001656 -1.92 -2
0.001658 -2 -2.24
0.00166 -2 -2.24
0.001662 -2.08 -2.32
0.001664 -2.24 -2.48
0.001666 -2.24 -2.48
0.001668 -2.32 -2.48
0.00167 -2.4 -2.56
0.001672 -2.4 -2.64
0.001674 -2.56 -2.72
0.001676 -2.56 -2.8
0.001678 -2.64 -2.88
0.00168 -2.72 -2.88
0.001682 -2.8 -2.96
0.001684 -2.88 -2.96
0.001686 -2.88 -3.12
0.001688 -2.96 -3.2
0.00169 -3.04 -3.2
0.001692 -3.04 -3.28
0.001694 -3.2 -3.36
0.001696 -3.2 -3.44
0.001698 -3.28 -3.44
0.0017 -3.36 -3.52
0.001702 -3.52 -3.6
0.001704 -3.52 -3.6
0.001706 -3.6 -3.68
0.001708 -3.6 -3.76
0.00171 -3.68 -3.84
0.001712 -3.68 -3.92
0.001714 -3.76 -3.92
0.001716 -3.84 -4
0.001718 -3.92 -4.08
0.00172 -3.92 -4.08
0.001722 -4 -4.08
0.001724 -4 -4.16
0.001726 -4.16 -4.24
0.001728 -4.16 -4.24
0.00173 -4.16 -4.32
0.001732 -4.24 -4.4
0.001734 -4.32 -4.4
0.001736 -4.32 -4.48
0.001738 -4.48 -4.48
0.00174 -4.48 -4.56
0.001742 -4.48 -4.56
0.001744 -4.56 -4.64
0.001746 -4.64 -4.72
0.001748 -4.64 -4.8
0.00175 -4.64 -4.8
0.001752 -4.72 -4.8
0.001754 -4.8 -4.88
0.001756 -4.8 -4.88
0.001758 -4.88 -4.96
0.00176 -4.88 -4.88
0.001762 -4.96 -5.04
0.001764 -4.96 -5.12
0.001766 -4.96 -5.12
0.001768 -5.04 -5.12
0.00177 -5.12 -5.2
0.001772 -5.04 -5.2
0.001774 -5.2 -5.2
0.001776 -5.2 -5.2
0.001778 -5.2 -5.28
0.00178 -5.2 -5.2
0.001782 -5.28 -5.28
0.001784 -5.28 -5.36
0.001786 -5.28 -5.36
0.001788 -5.44 -5.44
0.00179 -5.28 -5.44
0.001792 -5.44 -5.44
0.001794 -5.44 -5.44
0.001796 -5.44 -5.44
0.001798 -5.44 -5.44
0.0018 -5.52 -5.6
0.001802 -5.52 -5.52
0.001804 -5.52 -5.52
0.001806 -5.6 -5.6
0.001808 -5.6 -5.68
0.00181 -5.6 -5.52
0.001812 -5.6 -5.6
0.001814 -5.6 -5.68
0.001816 -5.6 -5.68
0.001818 -5.6 -5.68
0.00182 -5.6 -5.68
0.001822 -5.76 -5.68
0.001824 -5.6 -5.68
0.001826 -5.76 -5.68
0.001828 -5.76 -5.68
0.00183 -5.76 -5.68
0.001832 -5.76 -5.68
0.001834 -5.76 -5.76
0.001836 -5.76 -5.76
0.001838 -5.76 -5.76
0.00184 -5.76 -5.68
0.001842 -5.76 -5.68
0.001844 -5.76 -5.76
0.001846 -5.76 -5.76
0.001848 -5.76 -5.68
0.00185 -5.76 -5.76
0.001852 -5.76 -5.68
0.001854 -5.76 -5.68
0.001856 -5.76 -5.6
0.001858 -5.76 -5.68
0.00186 -5.76 -5.68
0.001862 -5.76 -5.68
0.001864 -5.76 -5.6
0.001866 -5.76 -5.68
0.001868 -5.76 -5.68
0.00187 -5.6 -5.6
0.001872 -5.6 -5.6
0.001874 -5.6 -5.6
0.001876 -5.68 -5.6
0.001878 -5.6 -5.52
0.00188 -5.6 -5.52
0.001882 -5.6 -5.52
0.001884 -5.6 -5.52
0.001886 -5.6 -5.44
0.001888 -5.6 -5.36
0.00189 -5.52 -5.44
0.001892 -5.6 -5.36
0.001894 -5.52 -5.36
0.001896 -5.52 -5.36
0.001898 -5.44 -5.36
0.0019 -5.44 -5.28
0.001902 -5.36 -5.2
0.001904 -5.44 -5.2
0.001906 -5.36 -5.2
0.001908 -5.36 -5.12
0.00191 -5.28 -5.12
0.001912 -5.28 -5.2
0.001914 -5.28 -5.12
0.001916 -5.2 -5.04
0.001918 -5.2 -5.04
0.00192 -5.12 -4.96
0.001922 -5.12 -4.96
0.001924 -5.12 -4.88
0.001926 -5.04 -4.88
0.001928 -4.96 -4.8
0.00193 -4.96 -4.8
0.001932 -4.96 -4.72
0.001934 -4.88 -4.72
0.001936 -4.88 -4.64
0.001938 -4.88 -4.64
0.00194 -4.8 -4.56
0.001942 -4.8 -4.56
0.001944 -4.72 -4.48
0.001946 -4.64 -4.4
0.001948 -4.56 -4.4
0.00195 -4.56 -4.4
0.001952 -4.48 -4.24
0.001954 -4.48 -4.16
0.001956 -4.4 -4.16
0.001958 -4.32 -4.16
0.00196 -4.32 -4.08
0.001962 -4.32 -4.08
0.001964 -4.24 -4
0.001966 -4.24 -3.92
0.001968 -4.16 -3.84
0.00197 -4 -3.84
0.001972 -4 -3.84
0.001974 -3.92 -3.76
0.001976 -3.84 -3.68
0.001978 -3.84 -3.6
0.00198 -3.76 -3.6
0.001982 -3.68 -3.52
0.001984 -3.68 -3.44
0.001986 -3.6 -3.36
0.001988 -3.6 -3.36
0.00199 -3.52 -3.2
0.001992 -3.44 -3.2
0.001994 -3.36 -3.12
0.001996 -3.36 -3.04
0.001998 -3.28 -2.96
0.002 -3.2 -2.96
0.002002 -3.2 -2.88
0.002004 -3.04 -2.8
0.002006 -3.04 -2.72
0.002008 -2.96 -2.72
0.00201 -2.88 -2.64
0.002012 -2.88 -2.56
0.002014 -2.72 -2.48
0.002016 -2.64 -2.4
0.002018 -2.56 -2.32
0.00202 -2.56 -2.32
0.002022 -2.4 -2.16
0.002024 -2.4 -2.16
0.002026 -2.32 -2.08
0.002028 -2.32 -1.92
0.00203 -2.24 -1.92
0.002032 -2.16 -1.84
0.002034 -2.08 -1.76
0.002036 -2 -1.68
0.002038 -1.92 -1.68
0.00204 -1.84 -1.6
0.002042 -1.76 -1.52
0.002044 -1.68 -1.36
0.002046 -1.68 -1.36
0.002048 -1.6 -1.36
0.00205 -1.52 -1.2
0.002052 -1.44 -1.12
0.002054 -1.36 -1.04
0.002056 -1.28 -1.04
0.002058 -1.12 -0.88
0.00206 -1.12 -0.88
0.002062 -1.04 -0.8
0.002064 -1.04 -0.72
0.002066 -0.96 -0.64
0.002068 -0.8 -0.56
0.00207 -0.72 -0.48
0.002072 -0.72 -0.4
0.002074 -0.56 -0.32
0.002076 -0.56 -0.32
0.002078 -0.48 -0.16
0.00208 -0.4 -0.16
0.002082 -0.32 0.08
0.002084 -0.32 0.08
0.002086 -0.16 0.16
0.002088 0 0.24
0.00209 0 0.32
0.002092 0.08 0.32
0.002094 0.24 0.4
0.002096 0.24 0.56
0.002098 0.4 0.64
0.0021 0.4 0.64
0.002102 0.4 0.72
0.002104 0.56 0.88
0.002106 0.64 0.88
0.002108 0.72 0.88
0.00211 0.88 1.04
0.002112 0.88 1.12
0.002114 0.88 1.12
0.002116 0.96 1.2
0.002118 1.04 1.36
0.00212 1.2 1.44
0.002122 1.2 1.44
0.002124 1.28 1.52
0.002126 1.36 1.6
0.002128 1.52 1.68
0.00213 1.52 1.68
0.002132 1.6 1.76
0.002134 1.6 1.84
0.002136 1.68 1.92
0.002138 1.84 2
0.00214 1.84 2.08
0.002142 1.92 2.16
0.002144 2 2.24
0.002146 2 2.32
0.002148 2.16 2.4
0.00215 2.16 2.4
0.002152 2.24 2.48
0.002154 2.32 2.56
0.002156 2.48 2.72
0.002158 2.48 2.64
0.00216 2.48 2.8
0.002162 2.56 2.8
0.002164 2.64 2.88
0.002166 2.8 2.88
0.002168 2.8 2.96
0.00217 2.88 3.12
0.002172 2.96 3.2
0.002174 2.96 3.2
0.002176 3.12 3.28
0.002178 3.12 3.36
0.00218 3.2 3.36
0.002182 3.2 3.44
0.002184 3.28 3.52
0.002186 3.36 3.6
0.002188 3.44 3.6
0.00219 3.44 3.68
0.002192 3.6 3.68
0.002194 3.6 3.84
0.002196 3.6 3.76
0.002198 3.76 3.84
0.0022 3.76 3.92
0.002202 3.76 4
0.002204 3.84 4
0.002206 3.92 4.08
0.002208 4 4.16
0.00221 4.08 4.16
0.002212 4.08 4.24
0.002214 4.08 4.24
0.002216 4.16 4.4
0.002218 4.24 4.4
0.00222 4.24 4.4
0.002222 4.24 4.48
0.002224 4.4 4.56
0.002226 4.4 4.56
0.002228 4.48 4.56
0.00223 4.56 4.64
0.002232 4.56 4.64
0.002234 4.56 4.72
0.002236 4.64 4.8
0.002238 4.72 4.8
0.00224 4.72 4.8
0.002242 4.72 4.8
0.002244 4.72 4.88
0.002246 4.8 4.96
0.002248 4.88 4.96
0.00225 4.88 5.04
0.002252 4.88 5.04
0.002254 5.04 5.12
0.002256 5.04 5.04
0.002258 5.04 5.12
0.00226 5.04 5.12
0.002262 5.12 5.2
0.002264 5.12 5.2
0.002266 5.12 5.2
0.002268 5.12 5.28
0.00227 5.2 5.28
0.002272 5.2 5.28
0.002274 5.28 5.28
0.002276 5.36 5.36
0.002278 5.36 5.36
0.00228 5.36 5.36
0.002282 5.36 5.44
0.002284 5.36 5.44
0.002286 5.36 5.44
0.002288 5.36 5.44
0.00229 5.44 5.44
0.002292 5.44 5.52
0.002294 5.44 5.44
0.002296 5.44 5.52
0.002298 5.52 5.52
0.0023 5.52 5.52
0.002302 5.52 5.52
0.002304 5.52 5.52
0.002306 5.6 5.52
0.002308 5.52 5.52
0.00231 5.6 5.52
0.002312 5.52 5.6
0.002314 5.68 5.6
0.002316 5.52 5.6
0.002318 5.68 5.52
0.00232 5.6 5.6
0.002322 5.6 5.6
0.002324 5.68 5.6
0.002326 5.68 5.52
0.002328 5.6 5.68
0.00233 5.6 5.6
0.002332 5.6 5.52
0.002334 5.6 5.6
0.002336 5.6 5.6
0.002338 5.6 5.52
0.00234 5.6 5.52
0.002342 5.52 5.52
0.002344 5.68 5.52
0.002346 5.52 5.52
0.002348 5.52 5.52
0.00235 5.52 5.52
0.002352 5.52 5.44
0.002354 5.52 5.44
0.002356 5.52 5.44
0.002358 5.44 5.44
0.00236 5.52 5.44
0.002362 5.44 5.36
0.002364 5.44 5.36
0.002366 5.44 5.44
0.002368 5.44 5.28
0.00237 5.36 5.28
0.002372 5.36 5.28
0.002374 5.36 5.28
0.002376 5.36 5.2
0.002378 5.36 5.2
0.00238 5.28 5.2
0.002382 5.36 5.12
0.002384 5.2 5.12
0.002386 5.2 5.04
0.002388 5.12 5.12
0.00239 5.12 5.04
0.002392 5.12 4.96
0.002394 5.12 4.96
0.002396 5.04 4.96
0.002398 5.04 4.88
0.0024 5.04 4.88
0.002402 5.04 4.88
0.002404 4.96 4.8
0.002406 4.96 4.8
0.002408 4.88 4.72
0.00241 4.8 4.64
0.002412 4.8 4.64
0.002414 4.72 4.48
0.002416 4.72 4.56
0.002418 4.72 4.48
0.00242 4.64 4.4
0.002422 4.56 4.4
0.002424 4.56 4.4
0.002426 4.48 4.32
0.002428 4.48 4.24
0.00243 4.4 4.24
0.002432 4.4 4.16
0.002434 4.32 4.16
0.002436 4.24 4.08
0.002438 4.24 4
0.00244 4.16 4
0.002442 4.08 3.92
0.002444 4.08 3.84
0.002446 4 3.84
0.002448 4 3.84
0.00245 3.92 3.68
0.002452 3.84 3.6
0.002454 3.84 3.6
0.002456 3.76 3.6
0.002458 3.6 3.52
0.00246 3.68 3.44
0.002462 3.6 3.36
0.002464 3.52 3.36
0.002466 3.52 3.28
0.002468 3.44 3.2
0.00247 3.44 3.2
0.002472 3.28 3.04
0.002474 3.28 2.96
0.002476 3.2 2.88
0.002478 3.12 2.88
0.00248 3.12 2.8
0.002482 2.96 2.72
0.002484 2.96 2.72
0.002486 2.8 2.64
0.002488 2.8 2.56
0.00249 2.8 2.48
0.002492 2.64 2.48
0.002494 2.48 2.4
0.002496 2.56 2.32
0.002498 2.48 2.24
0.0025 2.4 2.24
0.002502 2.32 2.08
0.002504 2.32 2
0.002506 2.16 2
0.002508 2.16 1.92
0.00251 2.08 1.76
0.002512 2 1.76
0.002514 1.92 1.68
0.002516 1.84 1.6
0.002518 1.76 1.52
0.00252 1.68 1.44
0.002522 1.68 1.36
0.002524 1.6 1.28
0.002526 1.52 1.2
0.002528 1.36 1.12
0.00253 1.36 1.12
0.002532 1.28 1.04
0.002534 1.2 1.04
0.002536 1.12 0.88
0.002538 1.04 0.8
0.00254 1.04 0.72
0.002542 0.96 0.64
0.002544 0.88 0.64
0.002546 0.8 0.56
0.002548 0.72 0.48
0.00255 0.64 0.4
0.002552 0.56 0.32
0.002554 0.56 0.32
0.002556 0.32 0.08
0.002558 0.32 0.08
0.00256 0.24 0
0.002562 0.16 -0.16
0.002564 0.16 -0.24
0.002566 0.08 -0.24
0.002568 0 -0.32
0.00257 -0.16 -0.4
0.002572 -0.24 -0.48
0.002574 -0.32 -0.56
0.002576 -0.4 -0.56
0.002578 -0.48 -0.64
0.00258 -0.48 -0.72
0.002582 -0.64 -0.8
0.002584 -0.72 -0.96
0.002586 -0.8 -1.04
0.002588 -0.8 -1.04
0.00259 -0.88 -1.12
0.002592 -1.04 -1.28
0.002594 -1.04 -1.36
0.002596 -1.12 -1.36
0.002598 -1.28 -1.36
0.0026 -1.28 -1.52
0.002602 -1.36 -1.6
0.002604 -1.44 -1.68
0.002606 -1.44 -1.76
0.002608 -1.6 -1.84
0.00261 -1.6 -1.84
0.002612 -1.76 -1.92
0.002614 -1.76 -1.92
0.002616 -1.92 -2.08
0.002618 -1.92 -2.08
0.00262 -2 -2.16
0.002622 -2.08 -2.32
0.002624 -2.08 -2.32
0.002626 -2.24 -2.32
0.002628 -2.24 -2.48
0.00263 -2.4 -2.56
0.002632 -2.4 -2.64
0.002634 -2.4 -2.64
0.002636 -2.56 -2.72
0.002638 -2.64 -2.88
0.00264 -2.64 -2.88
0.002642 -2.72 -2.88
0.002644 -2.88 -2.96
0.002646 -2.88 -3.04
0.002648 -2.96 -3.12
0.00265 -2.96 -3.12
0.002652 -3.04 -3.2
0.002654 -3.04 -3.36
0.002656 -3.2 -3.36
0.002658 -3.28 -3.44
0.00266 -3.36 -3.52
0.002662 -3.36 -3.6
0.002664 -3.44 -3.6
0.002666 -3.52 -3.68
0.002668 -3.6 -3.76
0.00267 -3.6 -3.84
0.002672 -3.68 -3.76
0.002674 -3.68 -3.84
0.002676 -3.84 -3.92
0.002678 -3.84 -3.92
0.00268 -3.92 -4.08
0.002682 -4 -4.16
0.002684 -4 -4.16
0.002686 -4 -4.16
0.002688 -4.08 -4.16
0.00269 -4.16 -4.24
0.002692 -4.16 -4.32
0.002694 -4.24 -4.4
0.002696 -4.32 -4.48
0.002698 -4.32 -4.56
0.0027 -4.48 -4.56
0.002702 -4.48 -4.56
0.002704 -4.48 -4.64
0.002706 -4.56 -4.72
0.002708 -4.64 -4.72
0.00271 -4.64 -4.72
0.002712 -4.64 -4.8
0.002714 -4.72 -4.88
0.002716 -4.8 -4.88
0.002718 -4.8 -4.88
0.00272 -4.88 -4.88
0.002722 -4.88 -4.96
0.002724 -4.96 -4.96
0.002726 -4.96 -5.04
0.002728 -4.96 -5.12
0.00273 -5.12 -5.2
0.002732 -5.12 -5.2
0.002734 -5.12 -5.2
0.002736 -5.12 -5.2
0.002738 -5.2 -5.2
0.00274 -5.2 -5.28
0.002742 -5.2 -5.28
0.002744 -5.28 -5.36
0.002746 -5.28 -5.36
0.002748 -5.28 -5.44
0.00275 -5.44 -5.44
0.002752 -5.44 -5.44
0.002754 -5.44 -5.44
0.002756 -5.44 -5.44
0.002758 -5.44 -5.52
0.00276 -5.44 -5.52
0.002762 -5.52 -5.52
0.002764 -5.6 -5.52
0.002766 -5.6 -5.52
0.002768 -5.52 -5.52
0.00277 -5.6 -5.6
0.002772 -5.6 -5.68
0.002774 -5.6 -5.68
0.002776 -5.6 -5.68
0.002778 -5.6 -5.68
0.00278 -5.6 -5.68
0.002782 -5.6 -5.76
0.002784 -5.68 -5.68
0.002786 -5.68 -5.68
0.002788 -5.76 -5.68
0.00279 -5.76 -5.68
0.002792 -5.76 -5.68
0.002794 -5.76 -5.76
0.002796 -5.76 -5.76
0.002798 -5.76 -5.76
0.0028 -5.76 -5.76
0.002802 -5.76 -5.76
0.002804 -5.76 -5.68
0.002806 -5.76 -5.68
0.002808 -5.76 -5.68
0.00281 -5.76 -5.76
0.002812 -5.76 -5.76
0.002814 -5.76 -5.68
0.002816 -5.76 -5.68
0.002818 -5.76 -5.68
0.00282 -5.76 -5.68
0.002822 -5.76 -5.68
0.002824 -5.76 -5.68
0.002826 -5.76 -5.68
0.002828 -5.76 -5.68
0.00283 -5.76 -5.52
0.002832 -5.76 -5.6
0.002834 -5.68 -5.6
0.002836 -5.68 -5.6
0.002838 -5.6 -5.52
0.00284 -5.6 -5.52
0.002842 -5.6 -5.52
0.002844 -5.6 -5.44
0.002846 -5.6 -5.52
0.002848 -5.6 -5.52
0.00285 -5.6 -5.44
0.002852 -5.52 -5.44
0.002854 -5.52 -5.44
0.002856 -5.44 -5.36
0.002858 -5.52 -5.36
0.00286 -5.52 -5.28
0.002862 -5.44 -5.28
0.002864 -5.44 -5.28
0.002866 -5.44 -5.2
0.002868 -5.28 -5.12
0.00287 -5.28 -5.2
0.002872 -5.28 -5.12
0.002874 -5.28 -5.12
0.002876 -5.28 -5.12
0.002878 -5.2 -5.04
0.00288 -5.2 -4.96
0.002882 -5.12 -4.96
0.002884 -5.12 -4.88
0.002886 -5.04 -4.88
0.002888 -5.04 -4.88
0.00289 -4.96 -4.8
0.002892 -4.96 -4.72
0.002894 -4.88 -4.8
0.002896 -4.88 -4.72
0.002898 -4.88 -4.56
0.0029 -4.8 -4.72
0.002902 -4.8 -4.56
0.002904 -4.8 -4.48
0.002906 -4.72 -4.48
0.002908 -4.64 -4.4
0.00291 -4.56 -4.32
0.002912 -4.56 -4.32
0.002914 -4.48 -4.24
0.002916 -4.48 -4.24
0.002918 -4.4 -4.24
0.00292 -4.32 -4.16
0.002922 -4.32 -4.08
0.002924 -4.24 -4
0.002926 -4.16 -3.92
0.002928 -4.16 -3.92
0.00293 -4.08 -3.92
0.002932 -4 -3.76
0.002934 -4 -3.76
0.002936 -3.92 -3.76
0.002938 -3.84 -3.6
0.00294 -3.84 -3.6
0.002942 -3.84 -3.52
0.002944 -3.68 -3.44
0.002946 -3.6 -3.44
0.002948 -3.6 -3.36
0.00295 -3.6 -3.28
0.002952 -3.44 -3.2
0.002954 -3.44 -3.2
0.002956 -3.36 -3.04
0.002958 -3.28 -3.04
0.00296 -3.2 -2.96
0.002962 -3.2 -2.88
0.002964 -3.04 -2.88
0.002966 -3.04 -2.88
0.002968 -3.04 -2.72
0.00297 -2.96 -2.72
0.002972 -2.88 -2.56
0.002974 -2.72 -2.48
0.002976 -2.72 -2.56
0.002978 -2.64 -2.4
0.00298 -2.64 -2.32
0.002982 -2.56 -2.32
0.002984 -2.4 -2.16
0.002986 -2.4 -2.08
0.002988 -2.32 -2
0.00299 -2.24 -2
0.002992 -2.16 -1.92
0.002994 -2.08 -1.84
0.002996 -2.08 -1.76
0.002998 -1.92 -1.68
0.003 -1.92 -1.68
0.003002 -1.76 -1.52
0.003004 -1.76 -1.44
0.003006 -1.68 -1.36
0.003008 -1.6 -1.36
0.00301 -1.52 -1.28
0.003012 -1.44 -1.2
0.003014 -1.36 -1.2
0.003016 -1.36 -1.04
0.003018 -1.28 -0.96
0.00302 -1.2 -0.88
0.003022 -1.12 -0.88
0.003024 -1.04 -0.72
0.003026 -0.96 -0.72
0.003028 -0.96 -0.64
0.00303 -0.8 -0.56
0.003032 -0.72 -0.4
0.003034 -0.72 -0.4
0.003036 -0.64 -0.32
0.003038 -0.48 -0.24
0.00304 -0.48 -0.16
0.003042 -0.4 -0.16
0.003044 -0.32 0
0.003046 -0.32 0.08
0.003048 -0.16 0.24
0.00305 0 0.24
0.003052 0 0.32
0.003054 0.08 0.4
0.003056 0.24 0.48
0.003058 0.24 0.56
0.00306 0.4 0.64
0.003062 0.4 0.64
0.003064 0.56 0.72
0.003066 0.56 0.8
0.003068 0.64 0.96
0.00307 0.72 0.96
0.003072 0.72 1.04
0.003074 0.88 1.12
0.003076 0.96 1.28
0.003078 1.04 1.28
0.00308 1.04 1.28
0.003082 1.2 1.44
0.003084 1.2 1.52
0.003086 1.28 1.6
0.003088 1.36 1.6
0.00309 1.44 1.68
0.003092 1.52 1.76
0.003094 1.6 1.76
0.003096 1.68 1.92
0.003098 1.76 2
0.0031 1.84 2.08
0.003102 1.92 2.16
0.003104 1.92 2.16
0.003106 2 2.24
0.003108 2.08 2.32
0.00311 2.16 2.4
0.003112 2.24 2.4
0.003114 2.32 2.56
0.003116 2.32 2.64
0.003118 2.32 2.64
0.00312 2.48 2.72
0.003122 2.56 2.88
0.003124 2.64 2.88
0.003126 2.64 2.88
0.003128 2.8 2.96
0.00313 2.8 3.04
0.003132 2.88 3.04
0.003134 2.96 3.12
0.003136 2.96 3.2
0.003138 3.04 3.28
0.00314 3.12 3.28
0.003142 3.2 3.36
0.003144 3.2 3.52
0.003146 3.28 3.52
0.003148 3.36 3.52
0.00315 3.44 3.6
0.003152 3.52 3.68
0.003154 3.52 3.68
0.003156 3.6 3.68
0.003158 3.6 3.84
0.00316 3.76 3.84
0.003162 3.84 3.92
0.003164 3.84 4
0.003166 3.84 4
0.003168 3.92 4.16
0.00317 3.92 4.08
0.003172 4.08 4.16
0.003174 4.08 4.32
0.003176 4.16 4.24
0.003178 4.16 4.32
0.00318 4.24 4.4
0.003182 4.24 4.48
0.003184 4.32 4.48
0.003186 4.4 4.48
0.003188 4.4 4.56
0.00319 4.48 4.64
0.003192 4.48 4.64
0.003194 4.56 4.64
0.003196 4.56 4.72
0.003198 4.64 4.8
0.0032 4.72 4.72
0.003202 4.72 4.8
0.003204 4.72 4.88
0.003206 4.8 4.96
0.003208 4.8 4.96
0.00321 4.88 4.96
0.003212 4.88 5.04
0.003214 4.96 5.04
0.003216 5.04 5.04
0.003218 5.04 5.04
0.00322 5.04 5.12
0.003222 5.04 5.12
0.003224 5.04 5.2
0.003226 5.12 5.2
0.003228 5.2 5.28
0.00323 5.2 5.2
0.003232 5.2 5.28
0.003234 5.2 5.28
0.003236 5.2 5.36
0.003238 5.36 5.28
0.00324 5.28 5.44
0.003242 5.36 5.44
0.003244 5.36 5.44
0.003246 5.36 5.44
0.003248 5.36 5.44
0.00325 5.44 5.52
0.003252 5.44 5.52
0.003254 5.44 5.44
0.003256 5.44 5.6
0.003258 5.52 5.52
0.00326 5.52 5.44
0.003262 5.52 5.52
0.003264 5.52 5.6
0.003266 5.52 5.52
0.003268 5.52 5.6
0.00327 5.52 5.6
0.003272 5.52 5.52
0.003274 5.6 5.6
0.003276 5.52 5.52
0.003278 5.68 5.6
0.00328 5.6 5.6
0.003282 5.68 5.6
0.003284 5.6 5.52
0.003286 5.52 5.6
0.003288 5.6 5.6
0.00329 5.6 5.6
0.003292 5.6 5.52
0.003294 5.6 5.6
0.003296 5.6 5.52
0.003298 5.52 5.6
0.0033 5.52 5.52
0.003302 5.6 5.52
0.003304 5.6 5.52
0.003306 5.52 5.52
0.003308 5.52 5.52
0.00331 5.52 5.52
0.003312 5.52 5.44
0.003314 5.52 5.44
0.003316 5.52 5.52
0.003318 5.52 5.44
0.00332 5.52 5.44
0.003322 5.44 5.44
0.003324 5.44 5.36
0.003326 5.44 5.36
0.003328 5.44 5.36
0.00333 5.36 5.28
0.003332 5.36 5.36
0.003334 5.36 5.36
0.003336 5.36 5.2
0.003338 5.36 5.2
0.00334 5.28 5.2
0.003342 5.28 5.2
0.003344 5.28 5.12
0.003346 5.2 5.12
0.003348 5.2 5.12
0.00335 5.12 5.04
0.003352 5.12 5.04
0.003354 5.12 4.96
0.003356 5.04 4.96
0.003358 5.04 4.88
0.00336 5.04 4.88
0.003362 5.04 4.88
0.003364 4.96 4.8
0.003366 4.88 4.8
0.003368 4.88 4.8
0.00337 4.88 4.8
0.003372 4.8 4.64
0.003374 4.72 4.64
0.003376 4.72 4.56
0.003378 4.72 4.56
0.00338 4.72 4.48
0.003382 4.64 4.56
0.003384 4.56 4.48
0.003386 4.56 4.4
0.003388 4.48 4.24
0.00339 4.4 4.24
0.003392 4.4 4.24
0.003394 4.4 4.16
0.003396 4.24 4.16
0.003398 4.24 4.08
0.0034 4.16 4.08
0.003402 4.16 3.92
0.003404 4.08 3.92
0.003406 4.08 3.84
0.003408 3.92 3.84
0.00341 3.92 3.76
0.003412 3.92 3.68
0.003414 3.84 3.68
0.003416 3.76 3.6
0.003418 3.76 3.52
0.00342 3.68 3.52
0.003422 3.6 3.44
0.003424 3.52 3.36
0.003426 3.52 3.28
0.003428 3.44 3.28
0.00343 3.44 3.2
0.003432 3.36 3.04
0.003434 3.28 3.12
0.003436 3.28 3.04
0.003438 3.12 2.88
0.00344 3.12 2.8
0.003442 2.96 2.8
0.003444 2.96 2.72
0.003446 2.88 2.64
0.003448 2.8 2.56
0.00345 2.8 2.56
0.003452 2.72 2.48
0.003454 2.64 2.4
0.003456 2.56 2.32
0.003458 2.48 2.32
0.00346 2.48 2.24
0.003462 2.4 2.16
0.003464 2.32 2.08
0.003466 2.24 2
0.003468 2.16 1.92
0.00347 2.16 1.92
0.003472 2.08 1.76
0.003474 1.92 1.76
0.003476 1.92 1.68
0.003478 1.84 1.6
0.00348 1.76 1.44
0.003482 1.68 1.44
0.003484 1.6 1.36
0.003486 1.52 1.28
0.003488 1.52 1.28
0.00349 1.36 1.12
0.003492 1.36 1.04
0.003494 1.28 0.96
0.003496 1.2 0.96
0.003498 1.12 0.88
0.0035 1.04 0.8
0.003502 0.96 0.72
0.003504 0.88 0.72
0.003506 0.8 0.56
0.003508 0.72 0.48
0.00351 0.64 0.48
0.003512 0.56 0.4
0.003514 0.56 0.32
0.003516 0.4 0.24
0.003518 0.4 0.08
0.00352 0.24 0.08
0.003522 0.24 0
0.003524 0.16 0
0.003526 0.08 -0.24
0.003528 0 -0.32
0.00353 -0.16 -0.4
0.003532 -0.16 -0.4
0.003534 -0.32 -0.48
0.003536 -0.32 -0.56
0.003538 -0.4 -0.64
0.00354 -0.48 -0.72
0.003542 -0.48 -0.72
0.003544 -0.64 -0.88
0.003546 -0.72 -0.96
0.003548 -0.72 -0.96
0.00355 -0.88 -1.04
0.003552 -0.96 -1.2
0.003554 -1.04 -1.2
0.003556 -1.12 -1.36
0.003558 -1.12 -1.36
0.00356 -1.2 -1.52
0.003562 -1.36 -1.52
0.003564 -1.36 -1.6
0.003566 -1.44 -1.68
0.003568 -1.44 -1.68
0.00357 -1.6 -1.68
0.003572 -1.68 -1.84
0.003574 -1.76 -1.92
0.003576 -1.76 -2
0.003578 -1.92 -2.08
0.00358 -1.92 -2.16
0.003582 -2 -2.24
0.003584 -2.08 -2.24
0.003586 -2.16 -2.32
0.003588 -2.24 -2.4
0.00359 -2.32 -2.48
0.003592 -2.4 -2.56
0.003594 -2.4 -2.64
0.003596 -2.56 -2.72
0.003598 -2.56 -2.8
0.0036 -2.64 -2.72
0.003602 -2.64 -2.88
0.003604 -2.72 -2.96
0.003606 -2.8 -3.04
0.003608 -2.88 -3.04
0.00361 -2.96 -3.12
0.003612 -2.96 -3.2
0.003614 -3.04 -3.2
0.003616 -3.12 -3.2
0.003618 -3.2 -3.36
0.00362 -3.28 -3.52
0.003622 -3.28 -3.52
0.003624 -3.36 -3.6
0.003626 -3.44 -3.6
0.003628 -3.52 -3.68
0.00363 -3.6 -3.76
0.003632 -3.6 -3.76
0.003634 -3.68 -3.92
0.003636 -3.68 -3.92
0.003638 -3.84 -3.92
0.00364 -3.92 -4.08
0.003642 -3.92 -4.08
0.003644 -4 -4.08
0.003646 -4 -4.08
0.003648 -4.08 -4.24
0.00365 -4.08 -4.24
0.003652 -4.16 -4.32
0.003654 -4.24 -4.32
0.003656 -4.32 -4.48
0.003658 -4.32 -4.48
0.00366 -4.32 -4.48
0.003662 -4.4 -4.48
0.003664 -4.48 -4.56
0.003666 -4.56 -4.64
0.003668 -4.56 -4.64
0.00367 -4.64 -4.72
0.003672 -4.64 -4.8
0.003674 -4.64 -4.88
0.003676 -4.8 -4.8
0.003678 -4.8 -4.88
0.00368 -4.8 -4.88
0.003682 -4.88 -4.96
0.003684 -4.88 -4.96
0.003686 -4.96 -5.04
0.003688 -4.96 -5.04
0.00369 -4.96 -5.12
0.003692 -4.96 -5.12
0.003694 -5.12 -5.2
0.003696 -5.12 -5.2
0.003698 -5.2 -5.2
0.0037 -5.2 -5.2
0.003702 -5.28 -5.36
0.003704 -5.28 -5.28
0.003706 -5.28 -5.28
0.003708 -5.28 -5.36
0.00371 -5.28 -5.44
0.003712 -5.36 -5.36
0.003714 -5.44 -5.44
0.003716 -5.44 -5.44
0.003718 -5.44 -5.44
0.00372 -5.52 -5.52
0.003722 -5.52 -5.52
0.003724 -5.52 -5.52
0.003726 -5.52 -5.52
0.003728 -5.52 -5.52
0.00373 -5.6 -5.52
0.003732 -5.6 -5.68
0.003734 -5.6 -5.6
0.003736 -5.6 -5.68
0.003738 -5.6 -5.68
0.00374 -5.68 -5.68
0.003742 -5.6 -5.6
0.003744 -5.6 -5.68
0.003746 -5.6 -5.68
0.003748 -5.76 -5.68
0.00375 -5.76 -5.68
0.003752 -5.76 -5.68
0.003754 -5.76 -5.76
0.003756 -5.76 -5.68
0.003758 -5.76 -5.68
0.00376 -5.76 -5.68
0.003762 -5.76 -5.76
0.003764 -5.76 -5.68
0.003766 -5.76 -5.68
0.003768 -5.76 -5.76
0.00377 -5.84 -5.76
0.003772 -5.76 -5.68
0.003774 -5.84 -5.76
0.003776 -5.76 -5.76
0.003778 -5.76 -5.68
0.00378 -5.76 -5.68
0.003782 -5.76 -5.68
0.003784 -5.76 -5.68
0.003786 -5.76 -5.68
0.003788 -5.76 -5.6
0.00379 -5.76 -5.6
0.003792 -5.68 -5.68
0.003794 -5.76 -5.6
0.003796 -5.68 -5.52
0.003798 -5.68 -5.6
0.0038 -5.68 -5.6
0.003802 -5.6 -5.52
0.003804 -5.6 -5.44
0.003806 -5.6 -5.44
0.003808 -5.6 -5.44
0.00381 -5.6 -5.44
0.003812 -5.6 -5.44
0.003814 -5.52 -5.44
0.003816 -5.52 -5.44
0.003818 -5.44 -5.36
0.00382 -5.52 -5.36
0.003822 -5.44 -5.36
0.003824 -5.44 -5.28
0.003826 -5.36 -5.28
0.003828 -5.36 -5.28
0.00383 -5.28 -5.2
0.003832 -5.28 -5.12
0.003834 -5.28 -5.12
0.003836 -5.28 -5.12
0.003838 -5.2 -5.04
0.00384 -5.2 -5.12
0.003842 -5.2 -5.04
0.003844 -5.12 -5.04
0.003846 -5.04 -4.96
0.003848 -4.96 -4.88
0.00385 -5.04 -4.88
0.003852 -4.96 -4.88
0.003854 -4.96 -4.8
0.003856 -4.96 -4.72
0.003858 -4.88 -4.72
0.00386 -4.8 -4.56
0.003862 -4.8 -4.56
0.003864 -4.8 -4.48
0.003866 -4.72 -4.48
0.003868 -4.64 -4.4
0.00387 -4.64 -4.4
0.003872 -4.56 -4.4
0.003874 -4.48 -4.4
0.003876 -4.48 -4.24
0.003878 -4.48 -4.24
0.00388 -4.32 -4.24
0.003882 -4.32 -4.16
0.003884 -4.32 -4.08
0.003886 -4.24 -4
0.003888 -4.16 -3.92
0.00389 -4.16 -3.92
0.003892 -4.08 -3.84
0.003894 -4 -3.84
0.003896 -4 -3.76
0.003898 -3.92 -3.68
0.0039 -3.84 -3.6
0.003902 -3.84 -3.52
0.003904 -3.68 -3.52
0.003906 -3.68 -3.52
0.003908 -3.68 -3.44
0.00391 -3.6 -3.28
0.003912 -3.52 -3.36
0.003914 -3.52 -3.2
0.003916 -3.36 -3.12
0.003918 -3.36 -3.12
0.00392 -3.28 -3.04
0.003922 -3.2 -2.96
0.003924 -3.2 -2.96
0.003926 -3.12 -2.88
0.003928 -3.04 -2.8
0.00393 -2.96 -2.64
0.003932 -2.88 -2.64
0.003934 -2.8 -2.56
0.003936 -2.72 -2.48
0.003938 -2.72 -2.4
0.00394 -2.64 -2.4
0.003942 -2.56 -2.32
0.003944 -2.56 -2.24
0.003946 -2.4 -2.16
0.003948 -2.4 -2.16
0.00395 -2.32 -2
0.003952 -2.24 -1.92
0.003954 -2.24 -1.92
0.003956 -2.08 -1.84
0.003958 -2.08 -1.76
0.00396 -1.92 -1.6
0.003962 -1.92 -1.6
0.003964 -1.92 -1.52
0.003966 -1.76 -1.44
0.003968 -1.68 -1.36
0.00397 -1.68 -1.36
0.003972 -1.44 -1.28
0.003974 -1.44 -1.2
0.003976 -1.36 -1.12
0.003978 -1.36 -1.04
0.00398 -1.28 -0.96
0.003982 -1.12 -0.88
0.003984 -1.12 -0.8
0.003986 -1.04 -0.72
0.003988 -0.96 -0.72
0.00399 -0.88 -0.56
0.003992 -0.8 -0.56
0.003994 -0.72 -0.48
0.003996 -0.64 -0.4
0.003998 -0.64 -0.32
0.004 -0.48 -0.24
0.004002 -0.4 -0.16
0.004004 -0.4 0
0.004006 -0.32 0
0.004008 -0.16 0.16
0.00401 -0.16 0.16
0.004012 0 0.32
0.004014 0.08 0.4
0.004016 0.08 0.4
0.004018 0.24 0.48
0.00402 0.32 0.56
0.004022 0.4 0.64
0.004024 0.48 0.72
0.004026 0.48 0.8
0.004028 0.56 0.88
0.00403 0.64 0.96
0.004032 0.72 0.96
0.004034 0.88 1.04
0.004036 0.88 1.12
0.004038 0.96 1.2
0.00404 1.04 1.28
0.004042 1.04 1.36
0.004044 1.2 1.44
0.004046 1.2 1.44
0.004048 1.28 1.52
0.00405 1.36 1.6
0.004052 1.44 1.68
0.004054 1.52 1.76
0.004056 1.6 1.92
0.004058 1.6 1.92
0.00406 1.68 2
0.004062 1.84 2
0.004064 1.92 2.16
0.004066 2 2.24
0.004068 2 2.24
0.00407 2 2.32
0.004072 2.16 2.4
0.004074 2.24 2.56
0.004076 2.24 2.56
0.004078 2.32 2.56
0.00408 2.48 2.72
0.004082 2.48 2.72
0.004084 2.56 2.8
0.004086 2.64 2.88
0.004088 2.64 2.88
0.00409 2.8 2.96
0.004092 2.8 3.04
0.004094 2.88 3.04
0.004096 2.96 3.12
0.004098 3.04 3.2
0.0041 3.04 3.2
0.004102 3.2 3.36
0.004104 3.2 3.36
0.004106 3.28 3.44
0.004108 3.28 3.52
0.00411 3.44 3.6
0.004112 3.44 3.6
0.004114 3.52 3.6
0.004116 3.52 3.68
0.004118 3.6 3.84
0.00412 3.6 3.92
0.004122 3.76 3.92
0.004124 3.76 3.92
0.004126 3.76 4
0.004128 3.84 4
0.00413 3.92 4.08
0.004132 4 4.16
0.004134 4.08 4.16
0.004136 4.08 4.16
0.004138 4.08 4.24
0.00414 4.16 4.4
0.004142 4.24 4.4
0.004144 4.32 4.4
0.004146 4.4 4.48
0.004148 4.4 4.56
0.00415 4.4 4.56
0.004152 4.48 4.56
0.004154 4.48 4.64
0.004156 4.56 4.8
0.004158 4.56 4.72
0.00416 4.72 4.8
0.004162 4.72 4.8
0.004164 4.72 4.88
0.004166 4.72 4.8
0.004168 4.8 4.88
0.00417 4.88 4.96
0.004172 4.88 4.96
0.004174 4.88 4.96
0.004176 4.88 4.96
0.004178 5.04 5.12
0.00418 5.04 5.12
0.004182 5.04 5.12
0.004184 5.04 5.2
0.004186 5.04 5.2
0.004188 5.12 5.2
0.00419 5.2 5.2
0.004192 5.2 5.28
0.004194 5.2 5.28
0.004196 5.28 5.28
0.004198 5.28 5.36
0.0042 5.36 5.36
0.004202 5.36 5.36
0.004204 5.36 5.36
0.004206 5.36 5.44
0.004208 5.36 5.44
0.00421 5.36 5.44
0.004212 5.44 5.44
0.004214 5.44 5.52
0.004216 5.44 5.52
0.004218 5.44 5.52
0.00422 5.52 5.52
0.004222 5.52 5.52
0.004224 5.52 5.52
0.004226 5.52 5.52
0.004228 5.52 5.6
0.00423 5.52 5.52
0.004232 5.52 5.6
0.004234 5.6 5.52
0.004236 5.52 5.6
0.004238 5.6 5.6
0.00424 5.52 5.6
0.004242 5.6 5.52
0.004244 5.6 5.6
0.004246 5.6 5.6
0.004248 5.68 5.52
0.00425 5.68 5.6
0.004252 5.68 5.52
0.004254 5.6 5.6
0.004256 5.52 5.52
0.004258 5.52 5.6
0.00426 5.6 5.6
0.004262 5.52 5.52
0.004264 5.68 5.52
0.004266 5.52 5.52
0.004268 5.6 5.52
0.00427 5.6 5.52
0.004272 5.52 5.44
0.004274 5.52 5.52
0.004276 5.52 5.44
0.004278 5.52 5.44
0.00428 5.52 5.44
0.004282 5.52 5.44
0.004284 5.52 5.44
0.004286 5.52 5.36
0.004288 5.44 5.36
0.00429 5.44 5.36
0.004292 5.36 5.36
0.004294 5.44 5.28
0.004296 5.36 5.28
0.004298 5.36 5.28
0.0043 5.36 5.2
0.004302 5.28 5.12
0.004304 5.36 5.2
0.004306 5.28 5.2
0.004308 5.2 5.12
0.00431 5.2 5.12
0.004312 5.2 5.12
0.004314 5.2 4.96
0.004316 5.12 4.96
0.004318 5.12 4.88
0.00432 5.04 4.88
0.004322 5.04 4.88
0.004324 5.04 4.88
0.004326 4.96 4.8
0.004328 4.96 4.8
0.00433 4.88 4.64
0.004332 4.8 4.72
0.004334 4.8 4.64
0.004336 4.72 4.64
0.004338 4.72 4.56
0.00434 4.72 4.56
0.004342 4.72 4.48
0.004344 4.56 4.4
0.004346 4.56 4.32
0.004348 4.56 4.32
0.00435 4.48 4.32
0.004352 4.4 4.24
0.004354 4.4 4.24
0.004356 4.4 4.16
0.004358 4.32 4.16
0.00436 4.24 4.08
0.004362 4.16 4
0.004364 4.16 4
0.004366 4.08 3.92
0.004368 4.08 3.84
0.00437 4.08 3.84
0.004372 3.92 3.76
0.004374 3.92 3.76
0.004376 3.84 3.6
0.004378 3.76 3.6
0.00438 3.76 3.52
0.004382 3.68 3.44
0.004384 3.6 3.36
0.004386 3.52 3.36
0.004388 3.52 3.36
0.00439 3.44 3.2
0.004392 3.44 3.12
0.004394 3.36 3.12
0.004396 3.28 2.96
0.004398 3.2 2.96
0.0044 3.2 2.88
0.004402 3.12 2.88
0.004404 2.96 2.8
0.004406 2.96 2.72
0.004408 2.88 2.64
0.00441 2.8 2.64
0.004412 2.8 2.56
0.004414 2.64 2.4
0.004416 2.64 2.4
0.004418 2.56 2.32
0.00442 2.48 2.24
0.004422 2.48 2.16
0.004424 2.32 2.16
0.004426 2.32 2
0.004428 2.24 2
0.00443 2.16 1.92
0.004432 2.16 1.92
0.004434 2 1.76
0.004436 2 1.76
0.004438 1.92 1.68
0.00444 1.84 1.6
0.004442 1.76 1.44
0.004444 1.68 1.36
0.004446 1.6 1.36
0.004448 1.52 1.28
0.00445 1.52 1.2
0.004452 1.36 1.2
0.004454 1.28 1.12
0.004456 1.28 0.96
0.004458 1.2 0.88
0.00446 1.12 0.8
0.004462 1.04 0.8
0.004464 0.96 0.72
0.004466 0.96 0.64
0.004468 0.88 0.56
0.00447 0.72 0.48
0.004472 0.64 0.32
0.004474 0.64 0.32
0.004476 0.56 0.32
0.004478 0.48 0.24
0.00448 0.32 0.16
0.004482 0.24 0
0.004484 0.24 -0.16
0.004486 0.16 -0.24
0.004488 0.08 -0.24
0.00449 0 -0.32
0.004492 -0.16 -0.32
0.004494 -0.16 -0.4
0.004496 -0.32 -0.56
0.004498 -0.4 -0.56
0.0045 -0.4 -0.64
0.004502 -0.48 -0.72
0.004504 -0.48 -0.8
0.004506 -0.64 -0.88
0.004508 -0.72 -0.96
0.00451 -0.8 -1.04
0.004512 -0.96 -1.2
0.004514 -0.96 -1.12
0.004516 -1.04 -1.2
0.004518 -1.12 -1.28
0.00452 -1.12 -1.36
0.004522 -1.2 -1.44
0.004524 -1.36 -1.52
0.004526 -1.44 -1.68
0.004528 -1.44 -1.6
0.00453 -1.52 -1.68
0.004532 -1.6 -1.84
0.004534 -1.68 -1.92
0.004536 -1.76 -1.92
0.004538 -1.76 -2
0.00454 -1.92 -2.08
0.004542 -1.92 -2.16
0.004544 -2.08 -2.16
0.004546 -2.08 -2.24
0.004548 -2.16 -2.4
0.00455 -2.32 -2.4
0.004552 -2.32 -2.48
0.004554 -2.4 -2.56
0.004556 -2.4 -2.64
0.004558 -2.48 -2.64
0.00456 -2.56 -2.8
0.004562 -2.64 -2.88
0.004564 -2.64 -2.96
0.004566 -2.72 -2.96
0.004568 -2.72 -3.04
0.00457 -2.88 -3.12
0.004572 -2.96 -3.2
0.004574 -2.96 -3.2
0.004576 -3.04 -3.2
0.004578 -3.04 -3.36
0.00458 -3.2 -3.36
0.004582 -3.28 -3.44
0.004584 -3.36 -3.52
0.004586 -3.36 -3.6
0.004588 -3.44 -3.6
0.00459 -3.52 -3.68
0.004592 -3.6 -3.76
0.004594 -3.6 -3.76
0.004596 -3.68 -3.84
0.004598 -3.68 -3.92
0.0046 -3.84 -3.92
0.004602 -3.84 -4.08
0.004604 -3.92 -4
0.004606 -3.92 -4.08
0.004608 -4 -4.16
0.00461 -4 -4.16
0.004612 -4.16 -4.24
0.004614 -4.16 -4.4
0.004616 -4.24 -4.4
0.004618 -4.24 -4.4
0.00462 -4.32 -4.48
0.004622 -4.32 -4.56
0.004624 -4.48 -4.56
0.004626 -4.48 -4.64
0.004628 -4.56 -4.64
0.00463 -4.56 -4.72
0.004632 -4.64 -4.8
0.004634 -4.64 -4.72
0.004636 -4.64 -4.8
0.004638 -4.72 -4.88
0.00464 -4.88 -4.88
0.004642 -4.8 -4.88
0.004644 -4.88 -4.96
0.004646 -4.96 -4.96
0.004648 -4.96 -5.04
0.00465 -4.96 -5.04
0.004652 -5.12 -5.12
0.004654 -5.12 -5.2
0.004656 -5.12 -5.12
0.004658 -5.12 -5.12
0.00466 -5.12 -5.28
0.004662 -5.2 -5.28
0.004664 -5.2 -5.28
0.004666 -5.2 -5.36
0.004668 -5.28 -5.36
0.00467 -5.28 -5.28
0.004672 -5.28 -5.36
0.004674 -5.28 -5.44
0.004676 -5.44 -5.44
0.004678 -5.36 -5.52
0.00468 -5.44 -5.44
0.004682 -5.52 -5.52
0.004684 -5.52 -5.52
0.004686 -5.52 -5.52
0.004688 -5.52 -5.52
0.00469 -5.6 -5.6
0.004692 -5.6 -5.6
0.004694 -5.52 -5.6
0.004696 -5.6 -5.6
0.004698 -5.6 -5.68
0.0047 -5.6 -5.6
0.004702 -5.6 -5.68
0.004704 -5.6 -5.68
0.004706 -5.6 -5.76
0.004708 -5.6 -5.76
0.00471 -5.68 -5.68
0.004712 -5.76 -5.68
0.004714 -5.76 -5.68
0.004716 -5.76 -5.68
0.004718 -5.76 -5.68
0.00472 -5.68 -5.76
0.004722 -5.76 -5.68
0.004724 -5.76 -5.76
0.004726 -5.76 -5.76
0.004728 -5.76 -5.68
0.00473 -5.76 -5.68
0.004732 -5.76 -5.68
0.004734 -5.76 -5.68
0.004736 -5.76 -5.68
0.004738 -5.76 -5.68
0.00474 -5.76 -5.68
0.004742 -5.76 -5.68
0.004744 -5.76 -5.76
0.004746 -5.76 -5.6
0.004748 -5.76 -5.68
0.00475 -5.68 -5.6
0.004752 -5.76 -5.68
0.004754 -5.68 -5.6
0.004756 -5.68 -5.68
0.004758 -5.76 -5.52
0.00476 -5.6 -5.6
0.004762 -5.68 -5.52
0.004764 -5.68 -5.52
0.004766 -5.6 -5.52
0.004768 -5.6 -5.52
0.00477 -5.6 -5.52
0.004772 -5.6 -5.44
0.004774 -5.6 -5.44
0.004776 -5.52 -5.36
0.004778 -5.52 -5.36
0.00478 -5.52 -5.36
0.004782 -5.52 -5.36
0.004784 -5.44 -5.28
0.004786 -5.44 -5.28
0.004788 -5.36 -5.28
0.00479 -5.28 -5.2
0.004792 -5.36 -5.12
0.004794 -5.28 -5.12
0.004796 -5.28 -5.12
0.004798 -5.28 -5.12
0.0048 -5.2 -5.04
0.004802 -5.2 -5.04
0.004804 -5.2 -5.04
0.004806 -5.2 -4.96
0.004808 -5.12 -4.88
0.00481 -4.96 -4.88
0.004812 -5.04 -4.8
0.004814 -4.96 -4.8
0.004816 -4.96 -4.72
0.004818 -4.96 -4.8
0.00482 -4.88 -4.72
0.004822 -4.88 -4.56
0.004824 -4.8 -4.56
0.004826 -4.8 -4.56
0.004828 -4.64 -4.48
0.00483 -4.64 -4.4
0.004832 -4.56 -4.48
0.004834 -4.56 -4.4
0.004836 -4.48 -4.24
0.004838 -4.48 -4.24
0.00484 -4.48 -4.24
0.004842 -4.32 -4.16
0.004844 -4.32 -4.08
0.004846 -4.24 -4
0.004848 -4.24 -4.08
0.00485 -4.16 -4
0.004852 -4.16 -3.92
0.004854 -4.08 -3.92
0.004856 -4 -3.84
0.004858 -4 -3.68
0.00486 -3.92 -3.6
0.004862 -3.84 -3.6
0.004864 -3.76 -3.6
0.004866 -3.68 -3.52
0.004868 -3.68 -3.52
0.00487 -3.68 -3.44
0.004872 -3.6 -3.36
0.004874 -3.52 -3.2
0.004876 -3.52 -3.2
0.004878 -3.36 -3.2
0.00488 -3.36 -3.04
0.004882 -3.2 -3.04
0.004884 -3.2 -2.96
0.004886 -3.2 -2.96
0.004888 -3.04 -2.72
0.00489 -3.04 -2.72
0.004892 -2.96 -2.72
0.004894 -2.88 -2.64
0.004896 -2.8 -2.56
0.004898 -2.72 -2.48
0.0049 -2.72 -2.48
0.004902 -2.64 -2.32
0.004904 -2.56 -2.24
0.004906 -2.4 -2.24
0.004908 -2.4 -2.24
0.00491 -2.32 -2.08
0.004912 -2.24 -2
0.004914 -2.24 -2
0.004916 -2.24 -1.84
0.004918 -2.08 -1.76
0.00492 -2 -1.68
0.004922 -2 -1.68
0.004924 -1.84 -1.6
0.004926 -1.76 -1.52
0.004928 -1.76 -1.44
0.00493 -1.68 -1.36
0.004932 -1.6 -1.36
0.004934 -1.44 -1.2
0.004936 -1.44 -1.2
0.004938 -1.36 -1.04
0.00494 -1.36 -1.04
0.004942 -1.2 -0.88
0.004944 -1.12 -0.88
0.004946 -1.12 -0.88
0.004948 -1.04 -0.72
0.00495 -0.96 -0.72
0.004952 -0.8 -0.64
0.004954 -0.8 -0.48
0.004956 -0.64 -0.4
0.004958 -0.64 -0.32
0.00496 -0.56 -0.32
0.004962 -0.48 -0.24
0.004964 -0.4 0
0.004966 -0.32 0
0.004968 -0.32 0.08
0.00497 -0.16 0.16
0.004972 -0.16 0.24
0.004974 0 0.24
0.004976 0.08 0.32
0.004978 0.24 0.48
0.00498 0.24 0.56
0.004982 0.32 0.56
0.004984 0.32 0.64
0.004986 0.48 0.72
0.004988 0.56 0.8
0.00499 0.64 0.88
0.004992 0.64 0.88
0.004994 0.8 1.04
0.004996 0.88 1.04
0.004998 0.88 1.12
0.005 0.96 1.28
0.005002 1.04 1.28
0.005004 1.12 1.36
0.005006 1.2 1.44
0.005008 1.28 1.52
0.00501 1.28 1.6
0.005012 1.44 1.6
0.005014 1.52 1.68
0.005016 1.52 1.76
0.005018 1.6 1.92
0.00502 1.6 1.92
0.005022 1.84 2
0.005024 1.84 2.08
0.005026 1.84 2.08
0.005028 2 2.16
0.00503 2 2.32
0.005032 2.16 2.32
0.005034 2.24 2.4
0.005036 2.24 2.48
0.005038 2.32 2.56
0.00504 2.4 2.64
0.005042 2.48 2.64
0.005044 2.56 2.72
0.005046 2.64 2.88
0.005048 2.64 2.88
0.00505 2.8 2.88
0.005052 2.8 3.04
0.005054 2.8 3.04
0.005056 2.88 3.12
0.005058 2.96 3.12
0.00506 2.96 3.28
0.005062 3.12 3.28
0.005064 3.2 3.36
0.005066 3.28 3.36
0.005068 3.28 3.52
0.00507 3.36 3.52
0.005072 3.44 3.6
0.005074 3.44 3.6
0.005076 3.52 3.76
0.005078 3.6 3.76
0.00508 3.6 3.84
0.005082 3.76 3.92
0.005084 3.76 3.92
0.005086 3.76 3.92
0.005088 3.84 3.92
0.00509 3.92 4
0.005092 3.92 4.16
0.005094 4.08 4.16
0.005096 4.08 4.24
0.005098 4.08 4.24
0.0051 4.16 4.32
0.005102 4.16 4.32
0.005104 4.24 4.4
0.005106 4.24 4.48
0.005108 4.4 4.48
0.00511 4.4 4.56
0.005112 4.4 4.56
0.005114 4.48 4.64
0.005116 4.48 4.64
0.005118 4.56 4.72
0.00512 4.56 4.72
0.005122 4.72 4.8
0.005124 4.72 4.8
0.005126 4.72 4.88
0.005128 4.8 4.88
0.00513 4.8 4.96
0.005132 4.8 4.88
0.005134 4.88 4.96
0.005136 4.96 5.04
0.005138 4.96 5.04
0.00514 5.04 5.12
0.005142 5.04 5.12
0.005144 5.04 5.2
0.005146 5.04 5.2
0.005148 5.12 5.2
0.00515 5.2 5.2
0.005152 5.2 5.28
0.005154 5.2 5.28
0.005156 5.2 5.28
0.005158 5.28 5.28
0.00516 5.36 5.36
0.005162 5.36 5.36
0.005164 5.36 5.36
0.005166 5.36 5.36
0.005168 5.36 5.36
0.00517 5.36 5.36
0.005172 5.44 5.44
0.005174 5.44 5.52
0.005176 5.44 5.44
0.005178 5.52 5.44
0.00518 5.44 5.52
0.005182 5.52 5.52
0.005184 5.52 5.52
0.005186 5.52 5.52
0.005188 5.52 5.52
0.00519 5.52 5.6
0.005192 5.52 5.52
0.005194 5.52 5.52
0.005196 5.6 5.6
0.005198 5.52 5.6
0.0052 5.6 5.6
0.005202 5.68 5.6
0.005204 5.6 5.6
0.005206 5.6 5.52
0.005208 5.68 5.52
0.00521 5.6 5.6
0.005212 5.6 5.52
0.005214 5.68 5.6
0.005216 5.68 5.52
0.005218 5.68 5.6
0.00522 5.52 5.6
0.005222 5.68 5.52
0.005224 5.6 5.52
0.005226 5.6 5.6
0.005228 5.6 5.52
0.00523 5.52 5.44
0.005232 5.52 5.44
0.005234 5.52 5.52
0.005236 5.52 5.44
0.005238 5.52 5.44
0.00524 5.52 5.44
0.005242 5.52 5.44
0.005244 5.44 5.36
0.005246 5.44 5.28
0.005248 5.44 5.44
0.00525 5.44 5.36
0.005252 5.44 5.36
0.005254 5.36 5.28
0.005256 5.36 5.28
0.005258 5.36 5.2
0.00526 5.36 5.2
0.005262 5.36 5.2
0.005264 5.36 5.2
0.005266 5.28 5.12
0.005268 5.28 5.12
0.00527 5.2 5.12
0.005272 5.12 5.12
0.005274 5.2 5.04
0.005276 5.12 4.96
0.005278 5.12 4.96
0.00528 5.12 4.88
0.005282 5.04 4.88
0.005284 5.04 4.88
0.005286 4.96 4.88
0.005288 4.88 4.8
0.00529 4.88 4.8
0.005292 4.88 4.72
0.005294 4.8 4.72
0.005296 4.8 4.64
0.005298 4.72 4.64
0.0053 4.72 4.64
0.005302 4.72 4.56
0.005304 4.56 4.48
0.005306 4.56 4.4
0.005308 4.56 4.4
0.00531 4.48 4.32
0.005312 4.48 4.24
0.005314 4.4 4.24
0.005316 4.48 4.24
0.005318 4.32 4.16
0.00532 4.24 4.08
0.005322 4.24 4
0.005324 4.16 4
0.005326 4.16 3.92
0.005328 4.08 3.92
0.00533 4.08 3.84
0.005332 4 3.84
0.005334 3.84 3.68
0.005336 3.92 3.68
0.005338 3.76 3.6
0.00534 3.76 3.6
0.005342 3.76 3.52
0.005344 3.68 3.52
0.005346 3.6 3.36
0.005348 3.52 3.36
0.00535 3.52 3.28
0.005352 3.44 3.2
0.005354 3.44 3.2
0.005356 3.28 3.12
0.005358 3.2 2.96
0.00536 3.2 3.04
0.005362 3.12 2.96
0.005364 3.04 2.8
0.005366 2.96 2.72
0.005368 2.88 2.72
0.00537 2.88 2.64
0.005372 2.8 2.56
0.005374 2.8 2.48
0.005376 2.64 2.48
0.005378 2.64 2.4
0.00538 2.56 2.32
0.005382 2.48 2.24
0.005384 2.48 2.16
0.005386 2.32 2.08
0.005388 2.32 2
0.00539 2.24 2
0.005392 2.16 1.92
0.005394 2.08 1.84
0.005396 2 1.76
0.005398 1.92 1.68
0.0054 1.84 1.6
0.005402 1.84 1.52
0.005404 1.76 1.44
0.005406 1.68 1.44
0.005408 1.6 1.36
0.00541 1.52 1.28
0.005412 1.44 1.2
0.005414 1.36 1.12
0.005416 1.28 1.04
0.005418 1.2 0.96
0.00542 1.2 0.96
0.005422 1.04 0.88
0.005424 1.04 0.72
0.005426 0.96 0.72
0.005428 0.88 0.64
0.00543 0.88 0.48
0.005432 0.72 0.48
0.005434 0.64 0.4
0.005436 0.56 0.32
0.005438 0.56 0.24
0.00544 0.4 0.16
0.005442 0.32 0.08
0.005444 0.32 0.08
0.005446 0.24 -0.16
0.005448 0.08 -0.16
0.00545 0.08 -0.24
0.005452 0 -0.32
0.005454 -0.16 -0.4
0.005456 -0.16 -0.4
0.005458 -0.32 -0.56
0.00546 -0.32 -0.56
0.005462 -0.48 -0.72
0.005464 -0.48 -0.8
0.005466 -0.64 -0.88
0.005468 -0.64 -0.88
0.00547 -0.72 -0.96
0.005472 -0.8 -1.04
0.005474 -0.96 -1.12
0.005476 -0.96 -1.28
0.005478 -1.12 -1.28
0.00548 -1.12 -1.36
0.005482 -1.12 -1.36
0.005484 -1.28 -1.52
0.005486 -1.28 -1.52
0.005488 -1.44 -1.6
0.00549 -1.44 -1.68
0.005492 -1.52 -1.84
0.005494 -1.6 -1.84
0.005496 -1.6 -1.92
0.005498 -1.76 -2
0.0055 -1.76 -2.16
0.005502 -1.92 -2.08
0.005504 -1.92 -2.16
0.005506 -2.08 -2.32
0.005508 -2.08 -2.32
0.00551 -2.24 -2.4
0.005512 -2.24 -2.4
0.005514 -2.32 -2.56
0.005516 -2.4 -2.64
0.005518 -2.4 -2.64
0.00552 -2.56 -2.72
0.005522 -2.56 -2.8
0.005524 -2.64 -2.88
0.005526 -2.72 -2.88
0.005528 -2.72 -3.04
0.00553 -2.88 -3.12
0.005532 -2.88 -3.04
0.005534 -2.96 -3.2
0.005536 -3.04 -3.2
0.005538 -3.04 -3.28
0.00554 -3.2 -3.28
0.005542 -3.2 -3.52
0.005544 -3.2 -3.44
0.005546 -3.36 -3.6
0.005548 -3.36 -3.52
0.00555 -3.44 -3.6
0.005552 -3.52 -3.68
0.005554 -3.6 -3.76
0.005556 -3.68 -3.84
0.005558 -3.68 -3.92
0.00556 -3.76 -3.92
0.005562 -3.84 -3.92
0.005564 -3.84 -4
0.005566 -3.92 -4.08
0.005568 -4 -4.16
0.00557 -4 -4.16
0.005572 -4.08 -4.24
0.005574 -4.16 -4.24
0.005576 -4.16 -4.32
0.005578 -4.24 -4.32
0.00558 -4.24 -4.4
0.005582 -4.32 -4.48
0.005584 -4.4 -4.48
0.005586 -4.48 -4.48
0.005588 -4.56 -4.64
0.00559 -4.48 -4.72
0.005592 -4.56 -4.72
0.005594 -4.64 -4.72
0.005596 -4.64 -4.8
0.005598 -4.8 -4.8
0.0056 -4.72 -4.88
0.005602 -4.8 -4.88
0.005604 -4.88 -4.88
0.005606 -4.88 -5.04
0.005608 -4.96 -4.96
0.00561 -4.96 -5.04
0.005612 -4.96 -5.12
0.005614 -4.96 -5.12
0.005616 -5.04 -5.12
0.005618 -5.12 -5.2
0.00562 -5.12 -5.2
0.005622 -5.2 -5.2
0.005624 -5.2 -5.2
0.005626 -5.28 -5.28
0.005628 -5.28 -5.28
0.00563 -5.28 -5.36
0.005632 -5.28 -5.36
0.005634 -5.36 -5.44
0.005636 -5.44 -5.44
0.005638 -5.44 -5.44
0.00564 -5.44 -5.44
0.005642 -5.44 -5.52
0.005644 -5.44 -5.52
0.005646 -5.52 -5.52
0.005648 -5.52 -5.52
0.00565 -5.52 -5.52
0.005652 -5.52 -5.52
0.005654 -5.6 -5.52
0.005656 -5.6 -5.6
0.005658 -5.6 -5.6
0.00566 -5.6 -5.6
0.005662 -5.6 -5.68
0.005664 -5.68 -5.68
0.005666 -5.6 -5.68
0.005668 -5.68 -5.68
0.00567 -5.68 -5.68
0.005672 -5.68 -5.76
0.005674 -5.68 -5.68
0.005676 -5.76 -5.68
0.005678 -5.76 -5.76
0.00568 -5.76 -5.76
0.005682 -5.76 -5.76
0.005684 -5.76 -5.68
0.005686 -5.76 -5.76
0.005688 -5.76 -5.76
0.00569 -5.76 -5.68
0.005692 -5.76 -5.68
0.005694 -5.76 -5.68
0.005696 -5.76 -5.68
0.005698 -5.76 -5.68
0.0057 -5.76 -5.68
0.005702 -5.76 -5.68
0.005704 -5.76 -5.68
0.005706 -5.76 -5.68
0.005708 -5.76 -5.68
0.00571 -5.76 -5.68
0.005712 -5.76 -5.6
0.005714 -5.76 -5.68
0.005716 -5.76 -5.68
0.005718 -5.68 -5.6
0.00572 -5.6 -5.52
0.005722 -5.6 -5.52
0.005724 -5.6 -5.52
0.005726 -5.6 -5.52
0.005728 -5.6 -5.44
0.00573 -5.6 -5.52
0.005732 -5.6 -5.52
0.005734 -5.6 -5.44
0.005736 -5.6 -5.44
0.005738 -5.52 -5.44
0.00574 -5.52 -5.44
0.005742 -5.52 -5.36
0.005744 -5.44 -5.28
0.005746 -5.44 -5.36
0.005748 -5.44 -5.36
0.00575 -5.44 -5.2
0.005752 -5.36 -5.2
0.005754 -5.28 -5.2
0.005756 -5.28 -5.12
0.005758 -5.28 -5.12
0.00576 -5.28 -5.12
0.005762 -5.2 -5.04
0.005764 -5.2 -5.04
0.005766 -5.2 -4.96
0.005768 -5.12 -4.88
0.00577 -5.12 -4.88
0.005772 -4.96 -4.88
0.005774 -4.96 -4.88
0.005776 -4.96 -4.88
0.005778 -4.96 -4.8
0.00578 -4.96 -4.72
0.005782 -4.88 -4.72
0.005784 -4.8 -4.72
0.005786 -4.8 -4.56
0.005788 -4.72 -4.48
0.00579 -4.64 -4.56
0.005792 -4.64 -4.4
0.005794 -4.56 -4.4
0.005796 -4.56 -4.32
0.005798 -4.48 -4.32
0.0058 -4.48 -4.24
0.005802 -4.4 -4.16
0.005804 -4.32 -4.08
0.005806 -4.32 -4.16
0.005808 -4.32 -4.08
0.00581 -4.24 -4
0.005812 -4.16 -3.92
0.005814 -4.16 -3.92
0.005816 -4.08 -3.84
0.005818 -4 -3.84
0.00582 -4 -3.76
0.005822 -3.92 -3.68
0.005824 -3.84 -3.6
0.005826 -3.76 -3.6
0.005828 -3.68 -3.52
0.00583 -3.68 -3.44
0.005832 -3.6 -3.36
0.005834 -3.6 -3.28
0.005836 -3.52 -3.28
0.005838 -3.44 -3.2
0.00584 -3.36 -3.12
0.005842 -3.36 -3.12
0.005844 -3.2 -3.04
0.005846 -3.2 -2.88
0.005848 -3.2 -2.88
0.00585 -3.2 -2.8
0.005852 -3.04 -2.8
0.005854 -2.96 -2.64
0.005856 -2.88 -2.64
0.005858 -2.72 -2.56
0.00586 -2.72 -2.56
0.005862 -2.72 -2.4
0.005864 -2.64 -2.32
0.005866 -2.56 -2.24
0.005868 -2.48 -2.24
0.00587 -2.4 -2.08
0.005872 -2.32 -2.08
0.005874 -2.24 -2
0.005876 -2.24 -1.92
0.005878 -2.08 -1.84
0.00588 -2.08 -1.76
0.005882 -1.92 -1.76
0.005884 -1.92 -1.6
0.005886 -1.76 -1.52
0.005888 -1.76 -1.52
0.00589 -1.68 -1.44
0.005892 -1.6 -1.36
0.005894 -1.6 -1.28
0.005896 -1.44 -1.2
0.005898 -1.44 -1.12
0.0059 -1.36 -1.04
0.005902 -1.36 -1.04
0.005904 -1.2 -0.96
0.005906 -1.12 -0.88
0.005908 -1.04 -0.8
0.00591 -1.04 -0.64
0.005912 -0.96 -0.64
0.005914 -0.8 -0.56
0.005916 -0.72 -0.4
0.005918 -0.64 -0.4
0.00592 -0.56 -0.32
0.005922 -0.56 -0.24
0.005924 -0.48 -0.16
0.005926 -0.4 0
0.005928 -0.32 0
0.00593 -0.32 0.08
0.005932 -0.16 0.08
0.005934 -0.16 0.16
0.005936 0 0.32
0.005938 0.08 0.32
0.00594 0.24 0.4
0.005942 0.24 0.56
0.005944 0.32 0.64
0.005946 0.4 0.72
0.005948 0.56 0.72
0.00595 0.56 0.72
0.005952 0.64 0.88
0.005954 0.64 0.96
0.005956 0.8 1.04
0.005958 0.88 1.12
0.00596 0.88 1.12
0.005962 0.96 1.28
0.005964 1.04 1.28
0.005966 1.2 1.36
0.005968 1.2 1.44
0.00597 1.28 1.52
0.005972 1.36 1.6
0.005974 1.52 1.68
0.005976 1.52 1.76
0.005978 1.52 1.76
0.00598 1.68 1.84
0.005982 1.68 1.92
0.005984 1.84 2
0.005986 1.84 2.08
0.005988 1.92 2.16
0.00599 2 2.24
0.005992 2.08 2.24
0.005994 2.16 2.32
0.005996 2.16 2.4
0.005998 2.24 2.4
0.006 2.32 2.56
0.006002 2.4 2.64
0.006004 2.48 2.72
0.006006 2.48 2.8
0.006008 2.64 2.8
0.00601 2.64 2.88
0.006012 2.8 2.96
0.006014 2.8 2.96
0.006016 2.88 3.04
0.006018 2.88 3.12
0.00602 2.96 3.2
0.006022 3.04 3.28
0.006024 3.12 3.28
0.006026 3.2 3.36
0.006028 3.2 3.36
0.00603 3.28 3.44
0.006032 3.36 3.52
0.006034 3.44 3.6
0.006036 3.44 3.68
0.006038 3.52 3.68
0.00604 3.6 3.76
0.006042 3.6 3.84
0.006044 3.76 3.84
0.006046 3.76 3.92
0.006048 3.76 3.92
0.00605 3.84 4.08
0.006052 3.84 4.08
0.006054 4 4.16
0.006056 4.08 4.16
0.006058 4.08 4.24
0.00606 4.16 4.24
0.006062 4.16 4.32
0.006064 4.24 4.4
0.006066 4.24 4.4
0.006068 4.4 4.48
0.00607 4.4 4.48
0.006072 4.4 4.56
0.006074 4.48 4.56
0.006076 4.48 4.64
0.006078 4.56 4.64
0.00608 4.64 4.72
0.006082 4.64 4.72
0.006084 4.72 4.8
0.006086 4.72 4.8
0.006088 4.72 4.88
0.00609 4.8 4.88
0.006092 4.88 4.88
0.006094 4.88 4.96
0.006096 4.88 4.96
0.006098 5.04 4.96
0.0061 5.04 5.04
0.006102 5.04 5.12
0.006104 5.04 5.12
0.006106 5.12 5.12
0.006108 5.04 5.12
0.00611 5.12 5.2
0.006112 5.2 5.2
0.006114 5.2 5.28
0.006116 5.2 5.28
0.006118 5.2 5.36
0.00612 5.2 5.28
0.006122 5.28 5.36
0.006124 5.36 5.36
0.006126 5.36 5.36
0.006128 5.36 5.44
0.00613 5.36 5.44
0.006132 5.44 5.44
0.006134 5.44 5.44
0.006136 5.44 5.44
0.006138 5.44 5.44
0.00614 5.44 5.52
0.006142 5.44 5.52
0.006144 5.52 5.44
0.006146 5.44 5.52
0.006148 5.52 5.6
0.00615 5.52 5.52
0.006152 5.52 5.52
0.006154 5.52 5.6
0.006156 5.52 5.52
0.006158 5.52 5.52
0.00616 5.6 5.6
0.006162 5.6 5.6
0.006164 5.6 5.52
0.006166 5.68 5.6
0.006168 5.52 5.6
0.00617 5.68 5.52
0.006172 5.6 5.6
0.006174 5.68 5.52
0.006176 5.68 5.6
0.006178 5.6 5.6
0.00618 5.6 5.6
0.006182 5.68 5.52
0.006184 5.68 5.52
0.006186 5.6 5.52
0.006188 5.68 5.52
0.00619 5.52 5.52
0.006192 5.52 5.52
0.006194 5.52 5.52
0.006196 5.52 5.44
0.006198 5.52 5.44
0.0062 5.6 5.44
0.006202 5.44 5.44
0.006204 5.52 5.36
0.006206 5.44 5.44
0.006208 5.52 5.44
0.00621 5.44 5.28
0.006212 5.44 5.36
0.006214 5.36 5.28
0.006216 5.44 5.28
0.006218 5.44 5.28
0.00622 5.36 5.28
0.006222 5.36 5.28
0.006224 5.36 5.2
0.006226 5.36 5.12
0.006228 5.36 5.2
0.00623 5.2 5.12
0.006232 5.2 5.04
0.006234 5.2 5.04
0.006236 5.12 5.04
0.006238 5.04 4.96
0.00624 5.12 4.96
0.006242 5.04 4.96
0.006244 5.04 4.96
0.006246 5.04 4.88
0.006248 4.96 4.8
0.00625 4.96 4.8
0.006252 4.88 4.8
0.006254 4.88 4.72
0.006256 4.8 4.64
0.006258 4.8 4.64
0.00626 4.72 4.56
0.006262 4.72 4.56
0.006264 4.72 4.48
0.006266 4.72 4.48
0.006268 4.56 4.4
0.00627 4.56 4.4
0.006272 4.48 4.32
0.006274 4.48 4.24
0.006276 4.48 4.24
0.006278 4.4 4.16
0.00628 4.4 4.16
0.006282 4.24 4.08
0.006284 4.16 4
0.006286 4.16 3.92
0.006288 4.08 4
0.00629 4.08 3.92
0.006292 4.08 3.84
0.006294 3.92 3.84
0.006296 3.92 3.76
0.006298 3.92 3.68
0.0063 3.84 3.6
0.006302 3.76 3.52
0.006304 3.76 3.52
0.006306 3.68 3.52
0.006308 3.6 3.36
0.00631 3.52 3.28
0.006312 3.44 3.28
0.006314 3.44 3.2
0.006316 3.36 3.12
0.006318 3.28 3.12
0.00632 3.28 3.04
0.006322 3.2 2.96
0.006324 3.12 2.88
0.006326 3.12 2.88
0.006328 2.96 2.72
0.00633 2.96 2.72
0.006332 2.96 2.64
0.006334 2.8 2.64
0.006336 2.8 2.56
0.006338 2.64 2.48
0.00634 2.56 2.4
0.006342 2.56 2.32
0.006344 2.48 2.24
0.006346 2.4 2.16
0.006348 2.32 2.16
0.00635 2.24 2
0.006352 2.24 1.92
0.006354 2.16 1.84
0.006356 2.08 1.84
0.006358 2 1.76
0.00636 1.92 1.68
0.006362 1.84 1.6
0.006364 1.84 1.6
0.006366 1.68 1.44
0.006368 1.6 1.36
0.00637 1.6 1.28
0.006372 1.52 1.28
0.006374 1.44 1.2
0.006376 1.36 1.12
0.006378 1.28 1.04
0.00638 1.2 0.96
0.006382 1.2 0.88
0.006384 1.12 0.88
0.006386 1.04 0.8
0.006388 0.96 0.72
0.00639 0.88 0.56
0.006392 0.8 0.48
0.006394 0.72 0.48
0.006396 0.64 0.4
0.006398 0.64 0.32
0.0064 0.4 0.24
0.006402 0.4 0.16
0.006404 0.32 0.08
0.006406 0.32 0
0.006408 0.24 0
0.00641 0.24 0
0.006412 0.08 -0.24
0.006414 0 -0.32
0.006416 -0.16 -0.4
0.006418 -0.24 -0.48
0.00642 -0.32 -0.64
0.006422 -0.4 -0.64
0.006424 -0.48 -0.64
0.006426 -0.48 -0.72
0.006428 -0.64 -0.88
0.00643 -0.72 -0.88
0.006432 -0.72 -0.96
0.006434 -0.8 -1.04
0.006436 -0.88 -1.12
0.006438 -0.96 -1.2
0.00644 -1.04 -1.28
0.006442 -1.12 -1.36
0.006444 -1.2 -1.44
0.006446 -1.28 -1.44
0.006448 -1.36 -1.6
0.00645 -1.44 -1.6
0.006452 -1.44 -1.68
0.006454 -1.52 -1.76
0.006456 -1.68 -1.84
0.006458 -1.68 -2
0.00646 -1.76 -2
0.006462 -1.84 -2
0.006464 -1.92 -2.16
0.006466 -2 -2.16
0.006468 -2.08 -2.32
0.00647 -2.08 -2.32
0.006472 -2.24 -2.4
0.006474 -2.24 -2.48
0.006476 -2.32 -2.48
0.006478 -2.32 -2.56
0.00648 -2.4 -2.72
0.006482 -2.56 -2.8
0.006484 -2.64 -2.8
0.006486 -2.72 -2.88
0.006488 -2.72 -2.96
0.00649 -2.8 -2.96
0.006492 -2.88 -3.04
0.006494 -2.96 -3.12
0.006496 -2.96 -3.2
0.006498 -3.04 -3.2
0.0065 -3.12 -3.28
0.006502 -3.2 -3.44
0.006504 -3.2 -3.44
0.006506 -3.28 -3.44
0.006508 -3.36 -3.52
0.00651 -3.52 -3.6
0.006512 -3.52 -3.6
0.006514 -3.52 -3.6
0.006516 -3.6 -3.84
0.006518 -3.68 -3.84
0.00652 -3.68 -3.92
0.006522 -3.76 -3.92
0.006524 -3.84 -3.92
0.006526 -3.84 -4.08
0.006528 -4 -4.08
0.00653 -4 -4.08
0.006532 -4.08 -4.24
0.006534 -4.08 -4.24
0.006536 -4.16 -4.24
0.006538 -4.16 -4.32
0.00654 -4.24 -4.4
0.006542 -4.32 -4.4
0.006544 -4.32 -4.48
0.006546 -4.48 -4.48
0.006548 -4.48 -4.64
0.00655 -4.48 -4.56
0.006552 -4.48 -4.64
0.006554 -4.56 -4.72
0.006556 -4.56 -4.72
0.006558 -4.72 -4.8
0.00656 -4.8 -4.8
0.006562 -4.72 -4.96
0.006564 -4.8 -4.96
0.006566 -4.88 -4.88
0.006568 -4.96 -4.96
0.00657 -4.96 -5.04
0.006572 -4.96 -5.04
0.006574 -4.96 -5.04
0.006576 -5.12 -5.12
0.006578 -5.12 -5.12
0.00658 -5.12 -5.12
0.006582 -5.12 -5.12
0.006584 -5.2 -5.2
0.006586 -5.2 -5.2
0.006588 -5.2 -5.28
0.00659 -5.28 -5.28
0.006592 -5.28 -5.36
0.006594 -5.36 -5.44
0.006596 -5.36 -5.36
0.006598 -5.44 -5.44
0.0066 -5.44 -5.44
0.006602 -5.44 -5.44
0.006604 -5.44 -5.44
0.006606 -5.44 -5.52
0.006608 -5.52 -5.52
0.00661 -5.52 -5.52
0.006612 -5.52 -5.6
0.006614 -5.6 -5.6
0.006616 -5.6 -5.6
0.006618 -5.6 -5.6
0.00662 -5.6 -5.6
0.006622 -5.6 -5.68
0.006624 -5.6 -5.68
0.006626 -5.6 -5.68
0.006628 -5.76 -5.68
0.00663 -5.68 -5.68
0.006632 -5.68 -5.68
0.006634 -5.6 -5.76
0.006636 -5.76 -5.76
0.006638 -5.76 -5.76
0.00664 -5.76 -5.68
0.006642 -5.76 -5.68
0.006644 -5.76 -5.76
0.006646 -5.76 -5.68
0.006648 -5.76 -5.68
0.00665 -5.76 -5.68
0.006652 -5.76 -5.76
0.006654 -5.76 -5.68
0.006656 -5.76 -5.68
0.006658 -5.76 -5.68
0.00666 -5.76 -5.68
0.006662 -5.76 -5.68
0.006664 -5.76 -5.68
0.006666 -5.76 -5.68
0.006668 -5.76 -5.68
0.00667 -5.76 -5.68
0.006672 -5.76 -5.68
0.006674 -5.68 -5.68
0.006676 -5.68 -5.68
0.006678 -5.68 -5.6
0.00668 -5.76 -5.52
0.006682 -5.6 -5.6
0.006684 -5.6 -5.52
0.006686 -5.6 -5.52
0.006688 -5.6 -5.52
0.00669 -5.6 -5.52
0.006692 -5.6 -5.44
0.006694 -5.6 -5.44
0.006696 -5.6 -5.36
0.006698 -5.6 -5.44
0.0067 -5.52 -5.36
0.006702 -5.44 -5.36
0.006704 -5.44 -5.44
0.006706 -5.52 -5.36
0.006708 -5.44 -5.28
0.00671 -5.44 -5.2
0.006712 -5.36 -5.28
0.006714 -5.36 -5.2
0.006716 -5.28 -5.2
0.006718 -5.28 -5.12
0.00672 -5.28 -5.12
0.006722 -5.28 -5.04
0.006724 -5.2 -5.04
0.006726 -5.12 -5.12
0.006728 -5.2 -4.96
0.00673 -5.12 -4.88
0.006732 -5.12 -4.88
0.006734 -4.96 -4.88
0.006736 -4.96 -4.88
0.006738 -4.96 -4.8
0.00674 -4.96 -4.72
0.006742 -4.88 -4.72
0.006744 -4.88 -4.64
0.006746 -4.8 -4.56
0.006748 -4.8 -4.56
0.00675 -4.8 -4.56
0.006752 -4.64 -4.48
0.006754 -4.64 -4.4
0.006756 -4.56 -4.4
0.006758 -4.56 -4.24
0.00676 -4.48 -4.24
0.006762 -4.4 -4.16
0.006764 -4.4 -4.24
0.006766 -4.32 -4.16
0.006768 -4.24 -4.08
0.00677 -4.24 -4
0.006772 -4.24 -4
0.006774 -4.16 -3.92
0.006776 -4.08 -3.84
0.006778 -4.08 -3.84
0.00678 -4 -3.84
0.006782 -4 -3.76
0.006784 -3.84 -3.68
0.006786 -3.84 -3.6
0.006788 -3.84 -3.6
0.00679 -3.68 -3.52
0.006792 -3.68 -3.44
0.006794 -3.6 -3.44
0.006796 -3.52 -3.28
0.006798 -3.44 -3.2
0.0068 -3.44 -3.2
0.006802 -3.36 -3.12
0.006804 -3.28 -2.96
0.006806 -3.28 -2.96
0.006808 -3.2 -2.96
0.00681 -3.04 -2.88
0.006812 -3.04 -2.8
0.006814 -3.04 -2.72
0.006816 -2.96 -2.72
0.006818 -2.88 -2.64
0.00682 -2.8 -2.48
0.006822 -2.72 -2.48
0.006824 -2.72 -2.32
0.006826 -2.56 -2.32
0.006828 -2.48 -2.24
0.00683 -2.4 -2.24
0.006832 -2.4 -2.16
0.006834 -2.32 -2.08
0.006836 -2.24 -1.92
0.006838 -2.24 -1.92
0.00684 -2.16 -1.84
0.006842 -2.08 -1.76
0.006844 -2 -1.68
0.006846 -1.92 -1.68
0.006848 -1.84 -1.6
0.00685 -1.76 -1.44
0.006852 -1.76 -1.36
0.006854 -1.6 -1.36
0.006856 -1.6 -1.28
0.006858 -1.44 -1.2
0.00686 -1.36 -1.12
0.006862 -1.36 -1.04
0.006864 -1.28 -0.96
0.006866 -1.12 -0.88
0.006868 -1.12 -0.88
0.00687 -1.12 -0.8
0.006872 -0.96 -0.64
0.006874 -0.88 -0.56
0.006876 -0.8 -0.56
0.006878 -0.72 -0.48
0.00688 -0.72 -0.4
0.006882 -0.64 -0.32
0.006884 -0.48 -0.32
0.006886 -0.48 -0.16
0.006888 -0.4 0
0.00689 -0.32 0
0.006892 -0.32 0
0.006894 -0.16 0.08
0.006896 0 0.24
0.006898 0 0.32
0.0069 0.08 0.4
0.006902 0.24 0.48
0.006904 0.24 0.56
0.006906 0.32 0.56
0.006908 0.4 0.72
0.00691 0.48 0.8
0.006912 0.56 0.88
0.006914 0.64 0.88
0.006916 0.72 0.96
0.006918 0.72 1.04
0.00692 0.88 1.04
0.006922 0.88 1.2
0.006924 1.04 1.28
0.006926 1.04 1.36
0.006928 1.12 1.36
0.00693 1.2 1.44
0.006932 1.28 1.52
0.006934 1.36 1.68
0.006936 1.44 1.6
0.006938 1.52 1.68
0.00694 1.6 1.84
0.006942 1.6 1.92
0.006944 1.68 1.92
0.006946 1.84 2
0.006948 1.84 2.16
0.00695 2 2.16
0.006952 2 2.24
0.006954 2.08 2.32
0.006956 2.16 2.4
0.006958 2.16 2.48
0.00696 2.24 2.48
0.006962 2.32 2.64
0.006964 2.48 2.64
0.006966 2.48 2.72
0.006968 2.56 2.72
0.00697 2.64 2.8
0.006972 2.64 2.88
0.006974 2.8 2.88
0.006976 2.8 3.04
0.006978 2.88 3.12
0.00698 2.88 3.2
0.006982 3.12 3.2
0.006984 3.04 3.28
0.006986 3.12 3.36
0.006988 3.12 3.36
0.00699 3.2 3.36
0.006992 3.36 3.52
0.006994 3.44 3.6
0.006996 3.44 3.6
0.006998 3.44 3.6
0.007 3.52 3.76
0.007002 3.6 3.76
0.007004 3.6 3.84
0.007006 3.68 3.84
0.007008 3.76 4
0.00701 3.84 3.92
0.007012 3.84 4
0.007014 3.92 4.08
0.007016 4 4.16
0.007018 4.08 4.16
0.00702 4.08 4.16
0.007022 4.08 4.24
0.007024 4.08 4.32
0.007026 4.24 4.4
0.007028 4.24 4.4
0.00703 4.4 4.48
0.007032 4.4 4.48
0.007034 4.4 4.48
0.007036 4.48 4.56
0.007038 4.48 4.72
0.00704 4.56 4.64
0.007042 4.64 4.72
0.007044 4.64 4.8
0.007046 4.64 4.88
0.007048 4.72 4.8
0.00705 4.8 4.88
0.007052 4.8 4.88
0.007054 4.8 4.96
0.007056 4.88 4.96
0.007058 4.88 5.04
0.00706 4.96 5.04
0.007062 5.04 5.04
0.007064 4.96 5.04
0.007066 5.04 5.12
0.007068 5.04 5.2
0.00707 5.12 5.12
0.007072 5.12 5.2
0.007074 5.2 5.2
0.007076 5.12 5.28
0.007078 5.2 5.28
0.00708 5.2 5.28
0.007082 5.2 5.28
0.007084 5.28 5.36
0.007086 5.36 5.36
0.007088 5.36 5.36
0.00709 5.36 5.44
0.007092 5.44 5.44
0.007094 5.44 5.44
0.007096 5.36 5.44
0.007098 5.44 5.52
0.0071 5.52 5.44
0.007102 5.44 5.52
0.007104 5.44 5.52
0.007106 5.52 5.6
0.007108 5.52 5.52
0.00711 5.52 5.52
0.007112 5.52 5.52
0.007114 5.52 5.52
0.007116 5.52 5.6
0.007118 5.52 5.6
0.00712 5.52 5.6
0.007122 5.52 5.6
0.007124 5.52 5.52
0.007126 5.6 5.52
0.007128 5.68 5.6
0.00713 5.68 5.6
0.007132 5.6 5.52
0.007134 5.68 5.6
0.007136 5.68 5.6
0.007138 5.6 5.6
0.00714 5.68 5.52
0.007142 5.52 5.52
0.007144 5.52 5.52
0.007146 5.52 5.52
0.007148 5.6 5.52
0.00715 5.52 5.6
0.007152 5.68 5.52
0.007154 5.6 5.52
0.007156 5.52 5.52
0.007158 5.6 5.52
0.00716 5.52 5.44
0.007162 5.52 5.44
0.007164 5.52 5.44
0.007166 5.44 5.44
0.007168 5.52 5.44
0.00717 5.44 5.44
0.007172 5.44 5.44
0.007174 5.44 5.28
0.007176 5.44 5.28
0.007178 5.36 5.2
0.00718 5.36 5.28
0.007182 5.44 5.28
0.007184 5.36 5.2
0.007186 5.28 5.2
0.007188 5.2 5.2
0.00719 5.2 5.12
0.007192 5.2 5.12
0.007194 5.2 5.12
0.007196 5.2 5.12
0.007198 5.12 5.04
0.0072 5.12 4.96
0.007202 5.12 4.96
0.007204 5.04 4.96
0.007206 5.04 4.8
0.007208 5.04 4.88
0.00721 5.04 4.8
0.007212 4.96 4.8
0.007214 4.88 4.72
0.007216 4.88 4.72
0.007218 4.8 4.72
0.00722 4.8 4.64
0.007222 4.72 4.56
0.007224 4.72 4.48
0.007226 4.72 4.56
0.007228 4.64 4.48
0.00723 4.56 4.4
0.007232 4.56 4.4
0.007234 4.48 4.32
0.007236 4.48 4.24
0.007238 4.48 4.24
0.00724 4.4 4.24
0.007242 4.32 4.08
0.007244 4.24 4
0.007246 4.24 4.08
0.007248 4.16 4
0.00725 4.08 3.92
0.007252 4.08 3.84
0.007254 4.08 3.84
0.007256 3.92 3.76
0.007258 3.84 3.68
0.00726 3.84 3.68
0.007262 3.84 3.6
0.007264 3.76 3.6
0.007266 3.76 3.52
0.007268 3.68 3.44
0.00727 3.6 3.44
0.007272 3.52 3.36
0.007274 3.52 3.28
0.007276 3.44 3.2
0.007278 3.36 3.12
0.00728 3.28 3.04
0.007282 3.2 2.96
0.007284 3.2 2.96
0.007286 3.12 2.88
0.007288 3.04 2.8
0.00729 2.96 2.72
0.007292 2.96 2.72
0.007294 2.8 2.64
0.007296 2.8 2.56
0.007298 2.64 2.56
0.0073 2.64 2.4
0.007302 2.56 2.4
0.007304 2.56 2.24
0.007306 2.48 2.24
0.007308 2.48 2.24
0.00731 2.32 2.16
0.007312 2.24 2
0.007314 2.16 2
0.007316 2.08 1.84
0.007318 2 1.76
0.00732 2 1.68
0.007322 1.92 1.76
0.007324 1.84 1.6
0.007326 1.76 1.52
0.007328 1.68 1.44
0.00733 1.6 1.44
0.007332 1.52 1.28
0.007334 1.52 1.28
0.007336 1.36 1.12
0.007338 1.36 1.12
0.00734 1.28 1.04
0.007342 1.2 0.96
0.007344 1.12 0.88
0.007346 1.04 0.8
0.007348 0.96 0.72
0.00735 0.96 0.64
0.007352 0.88 0.64
0.007354 0.72 0.48
0.007356 0.72 0.4
0.007358 0.64 0.32
0.00736 0.56 0.32
0.007362 0.48 0.24
0.007364 0.4 0.16
0.007366 0.32 0.08
0.007368 0.24 0
0.00737 0.24 0
0.007372 0.08 -0.24
0.007374 0 -0.24
0.007376 0 -0.32
0.007378 -0.16 -0.4
0.00738 -0.24 -0.56
0.007382 -0.32 -0.56
0.007384 -0.4 -0.56
0.007386 -0.48 -0.72
0.007388 -0.56 -0.8
0.00739 -0.64 -0.88
0.007392 -0.72 -0.96
0.007394 -0.72 -1.04
0.007396 -0.88 -1.12
0.007398 -0.96 -1.12
0.0074 -1.04 -1.28
0.007402 -1.12 -1.28
0.007404 -1.12 -1.28
0.007406 -1.12 -1.36
0.007408 -1.28 -1.6
0.00741 -1.36 -1.6
0.007412 -1.44 -1.68
0.007414 -1.44 -1.68
0.007416 -1.6 -1.84
0.007418 -1.68 -1.84
0.00742 -1.68 -1.92
0.007422 -1.76 -2
0.007424 -1.84 -2.08
0.007426 -1.92 -2.16
0.007428 -2 -2.24
0.00743 -2.08 -2.32
0.007432 -2.08 -2.32
0.007434 -2.24 -2.32
0.007436 -2.32 -2.48
0.007438 -2.4 -2.56
0.00744 -2.4 -2.56
0.007442 -2.4 -2.64
0.007444 -2.56 -2.72
0.007446 -2.56 -2.8
0.007448 -2.72 -2.88
0.00745 -2.72 -2.88
0.007452 -2.8 -3.04
0.007454 -2.88 -3.04
0.007456 -2.96 -3.12
0.007458 -3.04 -3.12
0.00746 -3.04 -3.28
0.007462 -3.12 -3.36
0.007464 -3.2 -3.36
0.007466 -3.28 -3.44
0.007468 -3.36 -3.52
0.00747 -3.36 -3.6
0.007472 -3.52 -3.6
0.007474 -3.52 -3.68
0.007476 -3.52 -3.76
0.007478 -3.6 -3.76
0.00748 -3.68 -3.76
0.007482 -3.68 -3.84
0.007484 -3.84 -3.92
0.007486 -3.84 -4
0.007488 -3.92 -4
0.00749 -4 -4.16
0.007492 -4 -4.16
0.007494 -4.08 -4.16
0.007496 -4.08 -4.16
0.007498 -4.16 -4.32
0.0075 -4.24 -4.32
0.007502 -4.24 -4.4
0.007504 -4.32 -4.48
0.007506 -4.32 -4.48
0.007508 -4.48 -4.48
0.00751 -4.48 -4.48
0.007512 -4.48 -4.64
0.007514 -4.56 -4.72
0.007516 -4.64 -4.72
0.007518 -4.64 -4.72
0.00752 -4.64 -4.8
0.007522 -4.8 -4.88
0.007524 -4.8 -4.88
0.007526 -4.8 -4.88
0.007528 -4.88 -4.96
0.00753 -4.88 -4.96
0.007532 -4.96 -4.96
0.007534 -4.96 -5.04
0.007536 -4.96 -5.12
0.007538 -5.04 -5.2
0.00754 -5.12 -5.12
0.007542 -5.12 -5.2
0.007544 -5.2 -5.2
0.007546 -5.2 -5.2
0.007548 -5.2 -5.28
0.00755 -5.28 -5.36
0.007552 -5.28 -5.36
0.007554 -5.28 -5.36
0.007556 -5.28 -5.36
0.007558 -5.28 -5.36
0.00756 -5.36 -5.44
0.007562 -5.44 -5.44
0.007564 -5.44 -5.44
0.007566 -5.52 -5.52
0.007568 -5.44 -5.52
0.00757 -5.52 -5.52
0.007572 -5.6 -5.52
0.007574 -5.52 -5.52
0.007576 -5.6 -5.52
0.007578 -5.6 -5.6
0.00758 -5.6 -5.6
0.007582 -5.6 -5.6
0.007584 -5.6 -5.6
0.007586 -5.6 -5.68
0.007588 -5.68 -5.68
0.00759 -5.68 -5.68
0.007592 -5.68 -5.68
0.007594 -5.76 -5.68
0.007596 -5.68 -5.76
0.007598 -5.68 -5.76
0.0076 -5.76 -5.68
0.007602 -5.76 -5.76
0.007604 -5.76 -5.76
0.007606 -5.76 -5.68
0.007608 -5.76 -5.68
0.00761 -5.76 -5.68
0.007612 -5.76 -5.76
0.007614 -5.76 -5.68
0.007616 -5.76 -5.76
0.007618 -5.76 -5.76
0.00762 -5.76 -5.76
0.007622 -5.76 -5.6
0.007624 -5.76 -5.68
0.007626 -5.76 -5.68
0.007628 -5.76 -5.68
0.00763 -5.76 -5.68
0.007632 -5.76 -5.68
0.007634 -5.76 -5.68
0.007636 -5.68 -5.6
0.007638 -5.68 -5.6
0.00764 -5.68 -5.6
0.007642 -5.6 -5.6
0.007644 -5.68 -5.52
0.007646 -5.68 -5.6
0.007648 -5.6 -5.52
0.00765 -5.6 -5.52
0.007652 -5.6 -5.44
0.007654 -5.6 -5.52
0.007656 -5.6 -5.44
0.007658 -5.6 -5.52
0.00766 -5.52 -5.36
0.007662 -5.52 -5.44
0.007664 -5.52 -5.36
0.007666 -5.44 -5.36
0.007668 -5.52 -5.36
0.00767 -5.44 -5.28
0.007672 -5.36 -5.28
0.007674 -5.36 -5.2
0.007676 -5.44 -5.2
0.007678 -5.28 -5.2
0.00768 -5.28 -5.12
0.007682 -5.28 -5.04
0.007684 -5.28 -5.04
0.007686 -5.2 -5.04
0.007688 -5.2 -4.96
0.00769 -5.2 -4.96
0.007692 -5.12 -4.96
0.007694 -5.12 -4.88
0.007696 -5.04 -4.8
0.007698 -4.96 -4.8
0.0077 -4.96 -4.8
0.007702 -4.96 -4.72
0.007704 -4.88 -4.72
0.007706 -4.88 -4.72
0.007708 -4.8 -4.64
0.00771 -4.8 -4.56
0.007712 -4.72 -4.56
0.007714 -4.64 -4.48
0.007716 -4.64 -4.4
0.007718 -4.64 -4.4
0.00772 -4.56 -4.32
0.007722 -4.48 -4.32
0.007724 -4.48 -4.24
0.007726 -4.32 -4.16
0.007728 -4.32 -4.16
0.00773 -4.32 -4.08
0.007732 -4.24 -4
0.007734 -4.24 -3.92
0.007736 -4.16 -3.84
0.007738 -4.08 -3.92
0.00774 -4 -3.84
0.007742 -4 -3.84
0.007744 -3.92 -3.76
0.007746 -3.84 -3.68
0.007748 -3.84 -3.52
0.00775 -3.76 -3.52
0.007752 -3.68 -3.52
0.007754 -3.68 -3.44
0.007756 -3.6 -3.44
0.007758 -3.52 -3.28
0.00776 -3.52 -3.28
0.007762 -3.44 -3.2
0.007764 -3.36 -3.04
0.007766 -3.28 -2.96
0.007768 -3.28 -2.96
0.00777 -3.2 -2.88
0.007772 -3.04 -2.88
0.007774 -3.04 -2.8
0.007776 -3.04 -2.72
0.007778 -2.88 -2.64
0.00778 -2.8 -2.56
0.007782 -2.72 -2.48
0.007784 -2.72 -2.48
0.007786 -2.64 -2.32
0.007788 -2.56 -2.32
0.00779 -2.56 -2.24
0.007792 -2.4 -2.24
0.007794 -2.32 -2.08
0.007796 -2.32 -2
0.007798 -2.24 -2
0.0078 -2.24 -1.84
0.007802 -2.08 -1.84
0.007804 -2 -1.76
0.007806 -1.92 -1.68
0.007808 -1.92 -1.6
0.00781 -1.76 -1.52
0.007812 -1.76 -1.52
0.007814 -1.68 -1.36
0.007816 -1.6 -1.28
0.007818 -1.52 -1.28
0.00782 -1.44 -1.28
0.007822 -1.44 -1.2
0.007824 -1.36 -0.96
0.007826 -1.28 -0.96
0.007828 -1.12 -0.88
0.00783 -1.12 -0.8
0.007832 -1.04 -0.72
0.007834 -0.96 -0.72
0.007836 -0.8 -0.64
0.007838 -0.8 -0.56
0.00784 -0.72 -0.48
0.007842 -0.64 -0.4
0.007844 -0.64 -0.32
0.007846 -0.48 -0.24
0.007848 -0.48 -0.16
0.00785 -0.4 0
0.007852 -0.32 0
0.007854 -0.16 0.16
0.007856 -0.16 0.16
0.007858 0 0.24
0.00786 0.08 0.32
0.007862 0.16 0.4
0.007864 0.24 0.48
0.007866 0.24 0.56
0.007868 0.32 0.64
0.00787 0.4 0.72
0.007872 0.56 0.8
0.007874 0.56 0.8
0.007876 0.64 0.96
0.007878 0.72 1.04
0.00788 0.72 1.04
0.007882 0.88 1.12
0.007884 0.96 1.2
0.007886 1.04 1.28
0.007888 1.04 1.36
0.00789 1.2 1.44
0.007892 1.28 1.52
0.007894 1.2 1.52
0.007896 1.36 1.6
0.007898 1.52 1.68
0.0079 1.52 1.76
0.007902 1.6 1.76
0.007904 1.6 1.92
0.007906 1.68 2
0.007908 1.84 2.08
0.00791 1.84 2.08
0.007912 2 2.24
0.007914 2 2.24
0.007916 2.16 2.32
0.007918 2.16 2.4
0.00792 2.24 2.48
0.007922 2.24 2.56
0.007924 2.32 2.56
0.007926 2.48 2.64
0.007928 2.48 2.72
0.00793 2.56 2.8
0.007932 2.56 2.88
0.007934 2.64 2.88
0.007936 2.8 2.96
0.007938 2.8 3.04
0.00794 2.88 3.12
0.007942 2.96 3.2
0.007944 2.96 3.2
0.007946 3.12 3.28
0.007948 3.12 3.28
0.00795 3.2 3.44
0.007952 3.2 3.44
0.007954 3.28 3.52
0.007956 3.44 3.52
0.007958 3.44 3.6
0.00796 3.52 3.68
0.007962 3.52 3.68
0.007964 3.6 3.76
0.007966 3.68 3.84
0.007968 3.68 3.92
0.00797 3.76 4
0.007972 3.84 4
0.007974 3.92 4.08
0.007976 3.92 4.08
0.007978 4 4.16
0.00798 4.08 4.24
0.007982 4.08 4.32
0.007984 4.16 4.32
0.007986 4.16 4.32
0.007988 4.24 4.4
0.00799 4.24 4.48
0.007992 4.4 4.48
0.007994 4.4 4.48
0.007996 4.4 4.56
0.007998 4.48 4.64
