0 -5.6 -5.44
1e-06 -5.6 -5.44
2e-06 4.88 5.36
3e-06 4.96 5.44
4e-06 5.04 5.28
5e-06 5.04 5.44
6e-06 5.04 5.44
7e-06 5.04 5.36
8e-06 5.04 5.44
9e-06 5.04 5.44
1e-05 5.12 5.44
1.1e-05 5.12 5.52
1.2e-05 5.12 5.52
1.3e-05 5.2 5.52
1.4e-05 5.2 5.52
1.5e-05 5.2 5.52
1.6e-05 5.2 5.6
1.7e-05 5.2 5.52
1.8e-05 5.36 5.6
1.9e-05 5.36 5.52
2e-05 5.36 5.52
2.1e-05 5.36 5.6
2.2e-05 5.36 5.52
2.3e-05 5.36 5.6
2.4e-05 5.36 5.6
2.5e-05 5.36 5.6
2.6e-05 5.44 5.6
2.7e-05 5.44 5.6
2.8e-05 5.44 5.6
2.9e-05 5.44 5.6
3e-05 5.36 5.6
3.1e-05 5.44 5.6
3.2e-05 5.44 5.6
3.3e-05 5.44 5.52
3.4e-05 5.44 5.6
3.5e-05 5.44 5.6
3.6e-05 5.44 5.6
3.7e-05 5.44 5.52
3.8e-05 5.52 5.52
3.9e-05 5.52 5.6
4e-05 5.52 5.52
4.1e-05 5.44 5.44
4.2e-05 5.52 5.52
4.3e-05 5.44 5.44
4.4e-05 5.52 5.52
4.5e-05 5.52 5.44
4.6e-05 5.44 5.44
4.7e-05 5.44 5.44
4.8e-05 5.44 5.44
4.9e-05 5.44 5.44
5e-05 5.44 5.36
5.1e-05 5.44 5.36
5.2e-05 5.44 5.44
5.3e-05 5.44 5.36
5.4e-05 5.44 5.28
5.5e-05 5.44 5.28
5.6e-05 5.44 5.2
5.7e-05 5.44 5.28
5.8e-05 5.36 5.2
5.9e-05 5.36 5.2
6e-05 5.36 5.2
6.1e-05 5.36 5.12
6.2e-05 5.36 5.12
6.3e-05 5.36 5.12
6.4e-05 5.36 5.04
6.5e-05 5.36 5.04
6.6e-05 5.36 5.04
6.7e-05 5.36 4.96
6.8e-05 5.2 4.96
6.9e-05 5.2 4.96
7e-05 5.2 4.88
7.1e-05 5.2 4.88
7.2e-05 5.12 4.8
7.3e-05 5.12 4.8
7.4e-05 5.12 4.8
7.5e-05 5.12 4.72
7.6e-05 5.04 4.72
7.7e-05 5.04 4.64
7.8e-05 5.04 4.64
7.9e-05 4.96 4.56
8e-05 4.88 4.56
8.1e-05 4.96 4.56
8.2e-05 4.88 4.48
8.3e-05 4.88 4.48
8.4e-05 4.8 4.32
8.5e-05 4.8 4.32
8.6e-05 4.72 4.32
8.7e-05 4.8 4.24
8.8e-05 4.72 4.24
8.9e-05 4.72 4.16
9e-05 4.56 4.16
9.1e-05 4.56 4.16
9.2e-05 4.56 4
9.3e-05 4.56 4
9.4e-05 4.48 3.92
9.5e-05 4.48 3.92
9.6e-05 4.4 3.84
9.7e-05 4.4 3.76
9.8e-05 4.24 3.76
9.9e-05 4.24 3.68
0.0001 4.24 3.6
0.000101 4.24 3.6
0.000102 4.16 3.52
0.000103 4.08 3.52
0.000104 4.08 3.44
0.000105 4 3.36
0.000106 3.92 3.36
0.000107 3.92 3.28
0.000108 3.84 3.28
0.000109 3.84 3.2
0.00011 3.76 3.12
0.000111 3.76 3.04
0.000112 3.68 3.04
0.000113 3.6 2.96
0.000114 3.6 2.88
0.000115 3.52 2.88
0.000116 3.44 2.72
0.000117 3.44 2.72
0.000118 3.44 2.64
0.000119 3.28 2.64
0.00012 3.28 2.56
0.000121 3.2 2.4
0.000122 3.2 2.48
0.000123 3.12 2.4
0.000124 3.04 2.32
0.000125 2.96 2.24
0.000126 2.96 2.08
0.000127 2.88 2.24
0.000128 2.8 2
0.000129 2.8 2
0.00013 2.72 1.84
0.000131 2.56 1.84
0.000132 2.56 1.76
0.000133 2.56 1.68
0.000134 2.48 1.68
0.000135 2.48 1.6
0.000136 2.32 1.52
0.000137 2.32 1.44
0.000138 2.24 1.36
0.000139 2.16 1.36
0.00014 2.08 1.28
0.000141 2.08 1.2
0.000142 2 1.2
0.000143 1.92 1.04
0.000144 1.84 0.96
0.000145 1.84 0.96
0.000146 1.68 0.88
0.000147 1.68 0.8
0.000148 1.6 0.72
0.000149 1.52 0.64
0.00015 1.52 0.64
0.000151 1.36 0.56
0.000152 1.36 0.4
0.000153 1.28 0.4
0.000154 1.2 0.32
0.000155 1.2 0.32
0.000156 1.04 0.24
0.000157 1.04 0.08
0.000158 0.96 0.08
0.000159 0.88 -0.16
0.00016 0.88 -0.16
0.000161 0.8 -0.16
0.000162 0.72 -0.32
0.000163 0.64 -0.32
0.000164 0.64 -0.4
0.000165 0.56 -0.4
0.000166 0.48 -0.48
0.000167 0.4 -0.64
0.000168 0.32 -0.64
0.000169 0.24 -0.72
0.00017 0.24 -0.8
0.000171 0.08 -0.88
0.000172 0 -0.96
0.000173 0 -0.96
0.000174 -0.16 -1.04
0.000175 -0.16 -1.12
0.000176 -0.32 -1.2
0.000177 -0.4 -1.28
0.000178 -0.4 -1.28
0.000179 -0.48 -1.36
0.00018 -0.48 -1.44
0.000181 -0.64 -1.52
0.000182 -0.64 -1.6
0.000183 -0.72 -1.68
0.000184 -0.8 -1.68
0.000185 -0.88 -1.76
0.000186 -0.96 -1.84
0.000187 -1.04 -1.92
0.000188 -1.12 -1.92
0.000189 -1.12 -2
0.00019 -1.2 -2.16
0.000191 -1.28 -2.16
0.000192 -1.36 -2.24
0.000193 -1.36 -2.24
0.000194 -1.44 -2.32
0.000195 -1.52 -2.4
0.000196 -1.68 -2.48
0.000197 -1.68 -2.48
0.000198 -1.76 -2.56
0.000199 -1.76 -2.64
0.0002 -1.84 -2.72
0.000201 -1.92 -2.8
0.000202 -2 -2.8
0.000203 -2.08 -2.88
0.000204 -2.08 -2.96
0.000205 -2.08 -2.96
0.000206 -2.24 -3.12
0.000207 -2.32 -3.04
0.000208 -2.32 -3.2
0.000209 -2.4 -3.2
0.00021 -2.4 -3.2
0.000211 -2.56 -3.36
0.000212 -2.64 -3.36
0.000213 -2.64 -3.44
0.000214 -2.72 -3.52
0.000215 -2.72 -3.52
0.000216 -2.72 -3.6
0.000217 -2.88 -3.68
0.000218 -2.96 -3.76
0.000219 -2.96 -3.84
0.00022 -3.04 -3.76
0.000221 -3.2 -3.84
0.000222 -3.2 -3.92
0.000223 -3.2 -3.92
0.000224 -3.28 -4
0.000225 -3.36 -4
0.000226 -3.36 -4.08
0.000227 -3.52 -4.24
0.000228 -3.52 -4.24
0.000229 -3.52 -4.24
0.00023 -3.6 -4.24
0.000231 -3.6 -4.4
0.000232 -3.68 -4.4
0.000233 -3.68 -4.4
0.000234 -3.84 -4.48
0.000235 -3.84 -4.48
0.000236 -3.92 -4.48
0.000237 -4 -4.64
0.000238 -4 -4.56
0.000239 -4 -4.72
0.00024 -4 -4.72
0.000241 -4.16 -4.72
0.000242 -4.16 -4.88
0.000243 -4.24 -4.8
0.000244 -4.24 -4.88
0.000245 -4.24 -4.88
0.000246 -4.32 -4.96
0.000247 -4.32 -4.96
0.000248 -4.48 -5.04
0.000249 -4.48 -5.12
0.00025 -4.56 -5.12
0.000251 -4.56 -5.12
0.000252 -4.56 -5.12
0.000253 -4.64 -5.2
0.000254 -4.72 -5.2
0.000255 -4.72 -5.28
0.000256 -4.72 -5.2
0.000257 -4.8 -5.28
0.000258 -4.88 -5.28
0.000259 -4.88 -5.28
0.00026 -4.88 -5.36
0.000261 -4.88 -5.36
0.000262 -4.96 -5.36
0.000263 -4.96 -5.44
0.000264 -4.96 -5.36
0.000265 -4.96 -5.52
0.000266 -5.12 -5.44
0.000267 -5.12 -5.44
0.000268 -5.12 -5.52
0.000269 -5.12 -5.52
0.00027 -5.2 -5.6
0.000271 -5.2 -5.52
0.000272 -5.2 -5.52
0.000273 -5.28 -5.6
0.000274 -5.28 -5.6
0.000275 -5.28 -5.68
0.000276 -5.28 -5.6
0.000277 -5.28 -5.6
0.000278 -5.36 -5.68
0.000279 -5.36 -5.68
0.00028 -5.44 -5.68
0.000281 -5.44 -5.68
0.000282 -5.44 -5.68
0.000283 -5.44 -5.68
0.000284 -5.52 -5.68
0.000285 -5.52 -5.76
0.000286 -5.52 -5.76
0.000287 -5.52 -5.68
0.000288 -5.6 -5.68
0.000289 -5.6 -5.68
0.00029 -5.6 -5.68
0.000291 -5.6 -5.68
0.000292 -5.6 -5.76
0.000293 -5.6 -5.68
0.000294 -5.6 -5.76
0.000295 -5.6 -5.68
0.000296 -5.6 -5.68
0.000297 -5.6 -5.76
0.000298 -5.6 -5.68
0.000299 -5.6 -5.68
0.0003 -5.6 -5.68
0.000301 -5.6 -5.68
0.000302 -5.6 -5.76
0.000303 -5.6 -5.68
0.000304 -5.68 -5.68
0.000305 -5.76 -5.6
0.000306 -5.6 -5.68
0.000307 -5.6 -5.68
0.000308 -5.6 -5.6
0.000309 -5.6 -5.6
0.00031 -5.6 -5.52
0.000311 -5.6 -5.6
0.000312 -5.6 -5.6
0.000313 -5.6 -5.52
0.000314 -5.6 -5.52
0.000315 -5.6 -5.52
0.000316 -5.6 -5.44
0.000317 -5.6 -5.44
0.000318 -5.6 -5.36
0.000319 -5.6 -5.44
0.00032 -5.6 -5.36
0.000321 -5.52 -5.36
0.000322 -5.6 -5.36
0.000323 -5.52 -5.28
0.000324 -5.52 -5.28
0.000325 -5.52 -5.28
0.000326 -5.52 -5.2
0.000327 -5.44 -5.2
0.000328 -5.44 -5.2
0.000329 -5.44 -5.2
0.00033 -5.44 -5.12
0.000331 -5.44 -5.04
0.000332 -5.44 -5.04
0.000333 -5.36 -5.04
0.000334 -5.28 -5.04
0.000335 -5.28 -4.96
0.000336 -5.28 -4.88
0.000337 -5.28 -4.88
0.000338 -5.28 -4.88
0.000339 -5.2 -4.88
0.00034 -5.2 -4.88
0.000341 -5.2 -4.8
0.000342 -5.12 -4.72
0.000343 -5.12 -4.72
0.000344 -5.04 -4.64
0.000345 -5.12 -4.64
0.000346 -4.96 -4.56
0.000347 -4.96 -4.48
0.000348 -4.96 -4.48
0.000349 -4.96 -4.4
0.00035 -4.96 -4.4
0.000351 -4.88 -4.32
0.000352 -4.8 -4.24
0.000353 -4.8 -4.32
0.000354 -4.8 -4.24
0.000355 -4.72 -4.16
0.000356 -4.64 -4.16
0.000357 -4.64 -4.08
0.000358 -4.64 -4.08
0.000359 -4.56 -3.92
0.00036 -4.48 -3.92
0.000361 -4.48 -3.84
0.000362 -4.48 -3.84
0.000363 -4.4 -3.76
0.000364 -4.32 -3.76
0.000365 -4.32 -3.6
0.000366 -4.24 -3.6
0.000367 -4.24 -3.6
0.000368 -4.16 -3.52
0.000369 -4.16 -3.52
0.00037 -4.08 -3.44
0.000371 -4 -3.44
0.000372 -4 -3.28
0.000373 -3.92 -3.2
0.000374 -3.92 -3.2
0.000375 -3.84 -3.12
0.000376 -3.84 -3.04
0.000377 -3.76 -3.04
0.000378 -3.68 -2.96
0.000379 -3.68 -2.88
0.00038 -3.6 -2.8
0.000381 -3.6 -2.8
0.000382 -3.52 -2.72
0.000383 -3.44 -2.56
0.000384 -3.36 -2.56
0.000385 -3.36 -2.56
0.000386 -3.28 -2.48
0.000387 -3.28 -2.48
0.000388 -3.2 -2.32
0.000389 -3.12 -2.32
0.00039 -3.04 -2.24
0.000391 -2.96 -2.16
0.000392 -2.96 -2.08
0.000393 -2.88 -2
0.000394 -2.8 -2
0.000395 -2.8 -1.92
0.000396 -2.72 -1.84
0.000397 -2.64 -1.76
0.000398 -2.64 -1.68
0.000399 -2.56 -1.68
0.0004 -2.4 -1.6
0.000401 -2.4 -1.52
0.000402 -2.32 -1.44
0.000403 -2.32 -1.36
0.000404 -2.32 -1.28
0.000405 -2.16 -1.28
0.000406 -2.08 -1.12
0.000407 -2.08 -1.12
0.000408 -2 -1.12
0.000409 -1.92 -0.96
0.00041 -1.76 -0.96
0.000411 -1.76 -0.88
0.000412 -1.76 -0.8
0.000413 -1.68 -0.72
0.000414 -1.6 -0.64
0.000415 -1.52 -0.64
0.000416 -1.44 -0.48
0.000417 -1.44 -0.48
0.000418 -1.36 -0.48
0.000419 -1.28 -0.32
0.00042 -1.28 -0.32
0.000421 -1.12 -0.24
0.000422 -1.12 0
0.000423 -1.04 0
0.000424 -0.96 0.08
0.000425 -0.96 0.08
0.000426 -0.8 0.16
0.000427 -0.72 0.24
0.000428 -0.72 0.32
0.000429 -0.64 0.4
0.00043 -0.56 0.48
0.000431 -0.48 0.48
0.000432 -0.4 0.64
0.000433 -0.4 0.64
0.000434 -0.32 0.72
0.000435 -0.16 0.8
0.000436 -0.16 0.8
0.000437 -0.16 0.96
0.000438 0.08 0.96
0.000439 0.08 0.96
0.00044 0.16 1.12
0.000441 0.24 1.12
0.000442 0.24 1.28
0.000443 0.4 1.36
0.000444 0.4 1.36
0.000445 0.56 1.44
0.000446 0.56 1.44
0.000447 0.64 1.6
0.000448 0.72 1.68
0.000449 0.8 1.68
0.00045 0.88 1.76
0.000451 0.88 1.76
0.000452 0.96 1.92
0.000453 1.04 2
0.000454 1.12 2
0.000455 1.2 2.16
0.000456 1.2 2.08
0.000457 1.28 2.24
0.000458 1.36 2.32
0.000459 1.36 2.32
0.00046 1.52 2.4
0.000461 1.52 2.4
0.000462 1.6 2.48
0.000463 1.68 2.64
0.000464 1.76 2.64
0.000465 1.84 2.72
0.000466 1.84 2.8
0.000467 1.92 2.8
0.000468 2 2.88
0.000469 2.08 2.96
0.00047 2.16 2.96
0.000471 2.16 3.04
0.000472 2.24 3.12
0.000473 2.32 3.2
0.000474 2.32 3.2
0.000475 2.48 3.28
0.000476 2.48 3.28
0.000477 2.48 3.36
0.000478 2.56 3.36
0.000479 2.72 3.52
0.00048 2.72 3.52
0.000481 2.8 3.6
0.000482 2.8 3.68
0.000483 2.88 3.68
0.000484 2.96 3.76
0.000485 2.96 3.76
0.000486 3.12 3.92
0.000487 3.12 3.84
0.000488 3.2 3.84
0.000489 3.12 4.08
0.00049 3.28 4
0.000491 3.36 4.08
0.000492 3.28 4.16
0.000493 3.44 4.16
0.000494 3.44 4.24
0.000495 3.52 4.24
0.000496 3.6 4.32
0.000497 3.6 4.4
0.000498 3.6 4.32
0.000499 3.76 4.48
0.0005 3.76 4.48
0.000501 3.84 4.56
0.000502 3.84 4.56
0.000503 4 4.56
0.000504 3.92 4.64
0.000505 4 4.64
0.000506 4.08 4.72
0.000507 4.08 4.8
0.000508 4.16 4.8
0.000509 4.16 4.8
0.00051 4.24 4.8
0.000511 4.24 4.8
0.000512 4.4 4.96
0.000513 4.32 4.96
0.000514 4.4 4.96
0.000515 4.48 4.96
0.000516 4.48 4.96
0.000517 4.48 5.04
0.000518 4.56 5.12
0.000519 4.56 5.12
0.00052 4.64 5.12
0.000521 4.64 5.12
0.000522 4.72 5.2
0.000523 4.72 5.2
0.000524 4.8 5.2
0.000525 4.8 5.28
0.000526 4.8 5.28
0.000527 4.8 5.28
0.000528 4.88 5.36
0.000529 4.96 5.36
0.00053 4.88 5.44
0.000531 5.04 5.36
0.000532 5.04 5.44
0.000533 5.04 5.44
0.000534 5.04 5.36
0.000535 5.04 5.44
0.000536 5.12 5.44
0.000537 5.12 5.44
0.000538 5.12 5.44
0.000539 5.12 5.44
0.00054 5.2 5.52
0.000541 5.2 5.52
0.000542 5.2 5.52
0.000543 5.2 5.52
0.000544 5.28 5.52
0.000545 5.2 5.52
0.000546 5.36 5.6
0.000547 5.36 5.52
0.000548 5.36 5.6
0.000549 5.36 5.6
0.00055 5.36 5.52
0.000551 5.36 5.6
0.000552 5.44 5.52
0.000553 5.44 5.6
0.000554 5.44 5.6
0.000555 5.36 5.6
0.000556 5.44 5.6
0.000557 5.44 5.52
0.000558 5.44 5.52
0.000559 5.44 5.6
0.00056 5.44 5.52
0.000561 5.44 5.6
0.000562 5.52 5.6
0.000563 5.44 5.52
0.000564 5.44 5.6
0.000565 5.52 5.6
0.000566 5.52 5.52
0.000567 5.52 5.52
0.000568 5.52 5.52
0.000569 5.52 5.52
0.00057 5.52 5.52
0.000571 5.44 5.52
0.000572 5.52 5.52
0.000573 5.52 5.44
0.000574 5.52 5.44
0.000575 5.52 5.44
0.000576 5.44 5.44
0.000577 5.44 5.44
0.000578 5.44 5.36
0.000579 5.44 5.36
0.00058 5.44 5.36
0.000581 5.44 5.28
0.000582 5.44 5.28
0.000583 5.44 5.28
0.000584 5.36 5.2
0.000585 5.36 5.28
0.000586 5.36 5.2
0.000587 5.36 5.2
0.000588 5.36 5.2
0.000589 5.36 5.12
0.00059 5.36 5.12
0.000591 5.36 5.04
0.000592 5.36 5.12
0.000593 5.28 5.04
0.000594 5.28 4.96
0.000595 5.28 4.96
0.000596 5.2 4.96
0.000597 5.2 4.88
0.000598 5.12 4.88
0.000599 5.12 4.8
0.0006 5.12 4.8
0.000601 5.12 4.72
0.000602 5.12 4.72
0.000603 5.04 4.64
0.000604 5.04 4.56
0.000605 4.96 4.64
0.000606 4.96 4.56
0.000607 4.96 4.56
0.000608 4.88 4.48
0.000609 4.88 4.4
0.00061 4.8 4.4
0.000611 4.8 4.32
0.000612 4.8 4.32
0.000613 4.8 4.24
0.000614 4.72 4.24
0.000615 4.72 4.16
0.000616 4.64 4.16
0.000617 4.64 4.08
0.000618 4.56 4.08
0.000619 4.48 4
0.00062 4.48 4
0.000621 4.4 3.92
0.000622 4.4 3.84
0.000623 4.4 3.84
0.000624 4.32 3.84
0.000625 4.24 3.68
0.000626 4.24 3.68
0.000627 4.16 3.6
0.000628 4.16 3.6
0.000629 4.16 3.6
0.00063 4.08 3.44
0.000631 4.08 3.44
0.000632 4 3.36
0.000633 3.92 3.28
0.000634 3.84 3.28
0.000635 3.76 3.2
0.000636 3.84 3.2
0.000637 3.76 3.04
0.000638 3.68 2.96
0.000639 3.68 2.96
0.00064 3.6 2.88
0.000641 3.52 2.88
0.000642 3.52 2.8
0.000643 3.44 2.72
0.000644 3.44 2.72
0.000645 3.44 2.56
0.000646 3.28 2.56
0.000647 3.2 2.48
0.000648 3.2 2.4
0.000649 3.12 2.32
0.00065 3.12 2.32
0.000651 3.04 2.24
0.000652 2.96 2.16
0.000653 2.88 2.16
0.000654 2.8 2.08
0.000655 2.8 2
0.000656 2.72 1.92
0.000657 2.64 1.92
0.000658 2.64 1.76
0.000659 2.56 1.68
0.00066 2.48 1.6
0.000661 2.4 1.6
0.000662 2.4 1.52
0.000663 2.32 1.52
0.000664 2.24 1.36
0.000665 2.16 1.36
0.000666 2.16 1.28
0.000667 2.16 1.28
0.000668 2 1.2
0.000669 1.92 1.04
0.00067 1.84 1.04
0.000671 1.84 0.96
0.000672 1.76 0.96
0.000673 1.68 0.8
0.000674 1.6 0.72
0.000675 1.6 0.72
0.000676 1.52 0.64
0.000677 1.36 0.64
0.000678 1.36 0.48
0.000679 1.36 0.4
0.00068 1.28 0.4
0.000681 1.2 0.32
0.000682 1.12 0.24
0.000683 1.04 0.16
0.000684 1.04 0.08
0.000685 0.88 0
0.000686 0.88 0
0.000687 0.88 -0.16
0.000688 0.72 -0.24
0.000689 0.72 -0.32
0.00069 0.56 -0.32
0.000691 0.56 -0.4
0.000692 0.56 -0.56
0.000693 0.4 -0.56
0.000694 0.32 -0.64
0.000695 0.24 -0.72
0.000696 0.24 -0.72
0.000697 0.08 -0.88
0.000698 0.08 -0.88
0.000699 0 -0.96
0.0007 0 -1.04
0.000701 -0.16 -1.04
0.000702 -0.24 -1.2
0.000703 -0.32 -1.28
0.000704 -0.4 -1.28
0.000705 -0.48 -1.36
0.000706 -0.48 -1.44
0.000707 -0.64 -1.52
0.000708 -0.64 -1.6
0.000709 -0.72 -1.6
0.00071 -0.8 -1.68
0.000711 -0.8 -1.76
0.000712 -0.96 -1.84
0.000713 -1.04 -1.92
0.000714 -1.04 -1.92
0.000715 -1.12 -2.08
0.000716 -1.12 -2
0.000717 -1.2 -2.16
0.000718 -1.28 -2.16
0.000719 -1.44 -2.24
0.00072 -1.44 -2.32
0.000721 -1.44 -2.32
0.000722 -1.6 -2.48
0.000723 -1.6 -2.56
0.000724 -1.68 -2.56
0.000725 -1.76 -2.64
0.000726 -1.76 -2.72
0.000727 -1.92 -2.72
0.000728 -1.92 -2.88
0.000729 -2.08 -2.88
0.00073 -2.08 -2.96
0.000731 -2.08 -2.96
0.000732 -2.16 -3.04
0.000733 -2.24 -3.12
0.000734 -2.4 -3.12
0.000735 -2.4 -3.2
0.000736 -2.4 -3.28
0.000737 -2.48 -3.28
0.000738 -2.64 -3.44
0.000739 -2.64 -3.44
0.00074 -2.72 -3.44
0.000741 -2.72 -3.52
0.000742 -2.8 -3.6
0.000743 -2.88 -3.68
0.000744 -2.96 -3.76
0.000745 -2.96 -3.68
0.000746 -3.04 -3.84
0.000747 -3.04 -3.84
0.000748 -3.2 -3.92
0.000749 -3.2 -3.92
0.00075 -3.28 -3.92
0.000751 -3.28 -4.08
0.000752 -3.36 -4.16
0.000753 -3.36 -4.16
0.000754 -3.52 -4.24
0.000755 -3.52 -4.16
0.000756 -3.6 -4.24
0.000757 -3.68 -4.32
0.000758 -3.68 -4.32
0.000759 -3.68 -4.4
0.00076 -3.68 -4.4
0.000761 -3.84 -4.48
0.000762 -3.84 -4.56
0.000763 -3.92 -4.56
0.000764 -4 -4.64
0.000765 -4 -4.72
0.000766 -4 -4.8
0.000767 -4.08 -4.72
0.000768 -4.16 -4.8
0.000769 -4.24 -4.8
0.00077 -4.24 -4.88
0.000771 -4.32 -4.88
0.000772 -4.32 -4.96
0.000773 -4.32 -4.88
0.000774 -4.4 -4.96
0.000775 -4.48 -5.04
0.000776 -4.48 -5.04
0.000777 -4.56 -5.12
0.000778 -4.56 -5.04
0.000779 -4.64 -5.12
0.00078 -4.64 -5.2
0.000781 -4.72 -5.2
0.000782 -4.72 -5.36
0.000783 -4.8 -5.2
0.000784 -4.8 -5.28
0.000785 -4.8 -5.36
0.000786 -4.88 -5.36
0.000787 -4.96 -5.36
0.000788 -4.96 -5.36
0.000789 -4.96 -5.44
0.00079 -4.96 -5.44
0.000791 -5.04 -5.44
0.000792 -5.12 -5.44
0.000793 -5.12 -5.44
0.000794 -5.12 -5.52
0.000795 -5.12 -5.6
0.000796 -5.2 -5.52
0.000797 -5.2 -5.52
0.000798 -5.2 -5.52
0.000799 -5.28 -5.52
0.0008 -5.28 -5.6
0.000801 -5.28 -5.6
0.000802 -5.28 -5.6
0.000803 -5.36 -5.68
0.000804 -5.44 -5.6
0.000805 -5.44 -5.6
0.000806 -5.36 -5.76
0.000807 -5.44 -5.68
0.000808 -5.44 -5.76
0.000809 -5.44 -5.68
0.00081 -5.52 -5.68
0.000811 -5.52 -5.76
0.000812 -5.52 -5.68
0.000813 -5.52 -5.76
0.000814 -5.52 -5.68
0.000815 -5.6 -5.6
0.000816 -5.6 -5.76
0.000817 -5.6 -5.68
0.000818 -5.6 -5.76
0.000819 -5.6 -5.76
0.00082 -5.6 -5.68
0.000821 -5.6 -5.76
0.000822 -5.6 -5.68
0.000823 -5.6 -5.76
0.000824 -5.6 -5.76
0.000825 -5.6 -5.68
0.000826 -5.6 -5.68
0.000827 -5.6 -5.68
0.000828 -5.6 -5.68
0.000829 -5.6 -5.68
0.00083 -5.6 -5.68
0.000831 -5.6 -5.6
0.000832 -5.6 -5.68
0.000833 -5.6 -5.6
0.000834 -5.68 -5.6
0.000835 -5.6 -5.6
0.000836 -5.6 -5.6
0.000837 -5.6 -5.52
0.000838 -5.6 -5.52
0.000839 -5.6 -5.52
0.00084 -5.6 -5.52
0.000841 -5.6 -5.44
0.000842 -5.6 -5.44
0.000843 -5.6 -5.44
0.000844 -5.6 -5.44
0.000845 -5.6 -5.44
0.000846 -5.6 -5.36
0.000847 -5.6 -5.36
0.000848 -5.6 -5.36
0.000849 -5.6 -5.36
0.00085 -5.6 -5.36
0.000851 -5.52 -5.2
0.000852 -5.52 -5.28
0.000853 -5.52 -5.2
0.000854 -5.44 -5.2
0.000855 -5.44 -5.2
0.000856 -5.44 -5.12
0.000857 -5.44 -5.12
0.000858 -5.44 -5.04
0.000859 -5.36 -5.12
0.00086 -5.36 -5.04
0.000861 -5.28 -4.88
0.000862 -5.28 -4.96
0.000863 -5.28 -4.88
0.000864 -5.28 -4.88
0.000865 -5.28 -4.88
0.000866 -5.2 -4.8
0.000867 -5.2 -4.72
0.000868 -5.12 -4.72
0.000869 -5.12 -4.72
0.00087 -5.12 -4.72
0.000871 -5.04 -4.56
0.000872 -4.96 -4.56
0.000873 -4.96 -4.56
0.000874 -4.96 -4.48
0.000875 -4.96 -4.48
0.000876 -4.96 -4.4
0.000877 -4.88 -4.4
0.000878 -4.8 -4.32
0.000879 -4.8 -4.24
0.00088 -4.8 -4.16
0.000881 -4.72 -4.24
0.000882 -4.64 -4.16
0.000883 -4.64 -4.08
0.000884 -4.64 -4
0.000885 -4.56 -3.92
0.000886 -4.56 -3.92
0.000887 -4.48 -3.92
0.000888 -4.4 -3.92
0.000889 -4.4 -3.84
0.00089 -4.32 -3.76
0.000891 -4.32 -3.76
0.000892 -4.24 -3.6
0.000893 -4.24 -3.6
0.000894 -4.16 -3.52
0.000895 -4.16 -3.44
0.000896 -4.08 -3.52
0.000897 -4 -3.36
0.000898 -4 -3.36
0.000899 -4 -3.2
0.0009 -3.84 -3.2
0.000901 -3.92 -3.2
0.000902 -3.84 -3.12
0.000903 -3.68 -3.04
0.000904 -3.68 -2.96
0.000905 -3.68 -2.88
0.000906 -3.68 -2.88
0.000907 -3.6 -2.8
0.000908 -3.52 -2.8
0.000909 -3.52 -2.72
0.00091 -3.36 -2.64
0.000911 -3.36 -2.56
0.000912 -3.28 -2.48
0.000913 -3.28 -2.48
0.000914 -3.2 -2.4
0.000915 -3.2 -2.32
0.000916 -3.04 -2.24
0.000917 -3.04 -2.24
0.000918 -2.96 -2.08
0.000919 -2.96 -2.08
0.00092 -2.88 -2
0.000921 -2.8 -1.92
0.000922 -2.72 -1.84
0.000923 -2.72 -1.76
0.000924 -2.64 -1.76
0.000925 -2.56 -1.68
0.000926 -2.56 -1.6
0.000927 -2.4 -1.52
0.000928 -2.32 -1.52
0.000929 -2.32 -1.44
0.00093 -2.24 -1.36
0.000931 -2.24 -1.28
0.000932 -2.08 -1.2
0.000933 -2.08 -1.12
0.000934 -2 -1.04
0.000935 -1.92 -1.04
0.000936 -1.84 -0.96
0.000937 -1.76 -0.88
0.000938 -1.76 -0.8
0.000939 -1.76 -0.72
0.00094 -1.6 -0.72
0.000941 -1.6 -0.64
0.000942 -1.44 -0.56
0.000943 -1.44 -0.4
0.000944 -1.36 -0.4
0.000945 -1.28 -0.32
0.000946 -1.12 -0.24
0.000947 -1.12 -0.24
0.000948 -1.12 -0.24
0.000949 -1.04 0
0.00095 -0.96 0.08
0.000951 -0.96 0.08
0.000952 -0.8 0.16
0.000953 -0.8 0.24
0.000954 -0.72 0.32
0.000955 -0.72 0.4
0.000956 -0.64 0.4
0.000957 -0.48 0.56
0.000958 -0.48 0.64
0.000959 -0.4 0.64
0.00096 -0.32 0.72
0.000961 -0.16 0.72
0.000962 -0.16 0.88
0.000963 -0.16 0.88
0.000964 0 0.96
0.000965 0.08 1.04
0.000966 0.16 1.04
0.000967 0.24 1.2
0.000968 0.32 1.2
0.000969 0.32 1.36
0.00097 0.4 1.28
0.000971 0.56 1.36
0.000972 0.56 1.44
0.000973 0.64 1.52
0.000974 0.64 1.6
0.000975 0.8 1.68
0.000976 0.72 1.68
0.000977 0.88 1.76
0.000978 0.96 1.84
0.000979 1.04 2
0.00098 1.04 2
0.000981 1.2 2.08
0.000982 1.28 2.08
0.000983 1.28 2.16
0.000984 1.36 2.24
0.000985 1.44 2.32
0.000986 1.52 2.4
0.000987 1.52 2.4
0.000988 1.6 2.56
0.000989 1.6 2.56
0.00099 1.68 2.64
0.000991 1.84 2.72
0.000992 1.84 2.72
0.000993 1.92 2.88
0.000994 2 2.8
0.000995 2 2.88
0.000996 2.16 2.96
0.000997 2.16 2.96
0.000998 2.16 3.12
0.000999 2.24 3.12
0.001 2.32 3.2
0.001001 2.4 3.28
0.001002 2.48 3.28
0.001003 2.48 3.36
0.001004 2.56 3.36
0.001005 2.64 3.52
0.001006 2.64 3.52
0.001007 2.8 3.6
0.001008 2.8 3.6
0.001009 2.88 3.68
0.00101 2.88 3.68
0.001011 2.96 3.84
0.001012 3.04 3.84
0.001013 3.12 3.92
0.001014 3.2 3.92
0.001015 3.2 3.92
0.001016 3.28 4
0.001017 3.28 4.08
0.001018 3.44 4.16
0.001019 3.36 4.16
0.00102 3.44 4.16
0.001021 3.52 4.24
0.001022 3.52 4.32
0.001023 3.6 4.32
0.001024 3.68 4.4
0.001025 3.76 4.4
0.001026 3.76 4.4
0.001027 3.76 4.56
0.001028 3.84 4.56
0.001029 3.84 4.56
0.00103 3.92 4.64
0.001031 3.92 4.64
0.001032 4.08 4.72
0.001033 4.08 4.72
0.001034 4.08 4.8
0.001035 4.16 4.8
0.001036 4.24 4.8
0.001037 4.24 4.96
0.001038 4.24 4.88
0.001039 4.4 4.96
0.00104 4.4 4.96
0.001041 4.4 4.96
0.001042 4.48 5.04
0.001043 4.48 4.96
0.001044 4.56 5.12
0.001045 4.56 5.12
0.001046 4.56 5.12
0.001047 4.72 5.2
0.001048 4.72 5.12
0.001049 4.72 5.2
0.00105 4.72 5.2
0.001051 4.8 5.28
0.001052 4.8 5.28
0.001053 4.8 5.28
0.001054 4.88 5.28
0.001055 4.88 5.28
0.001056 4.96 5.36
0.001057 4.96 5.44
0.001058 5.04 5.44
0.001059 5.04 5.44
0.00106 5.04 5.44
0.001061 5.04 5.44
0.001062 5.12 5.44
0.001063 5.12 5.44
0.001064 5.2 5.52
0.001065 5.12 5.52
0.001066 5.2 5.52
0.001067 5.2 5.52
0.001068 5.2 5.52
0.001069 5.28 5.52
0.00107 5.28 5.52
0.001071 5.36 5.52
0.001072 5.36 5.52
0.001073 5.36 5.6
0.001074 5.36 5.52
0.001075 5.36 5.6
0.001076 5.36 5.6
0.001077 5.44 5.52
0.001078 5.44 5.6
0.001079 5.44 5.52
0.00108 5.36 5.6
0.001081 5.44 5.6
0.001082 5.44 5.52
0.001083 5.44 5.6
0.001084 5.52 5.52
0.001085 5.44 5.6
0.001086 5.52 5.6
0.001087 5.44 5.52
0.001088 5.44 5.52
0.001089 5.52 5.6
0.00109 5.44 5.52
0.001091 5.52 5.6
0.001092 5.52 5.52
0.001093 5.52 5.52
0.001094 5.52 5.52
0.001095 5.52 5.44
0.001096 5.52 5.52
0.001097 5.52 5.52
0.001098 5.44 5.44
0.001099 5.44 5.52
0.0011 5.52 5.44
0.001101 5.44 5.44
0.001102 5.44 5.44
0.001103 5.44 5.44
0.001104 5.44 5.36
0.001105 5.44 5.36
0.001106 5.44 5.28
0.001107 5.52 5.36
0.001108 5.44 5.28
0.001109 5.44 5.28
0.00111 5.44 5.2
0.001111 5.36 5.2
0.001112 5.36 5.2
0.001113 5.36 5.2
0.001114 5.36 5.2
0.001115 5.36 5.12
0.001116 5.36 5.12
0.001117 5.36 5.12
0.001118 5.36 5.04
0.001119 5.28 5.12
0.00112 5.28 5.04
0.001121 5.2 4.96
0.001122 5.2 4.96
0.001123 5.2 4.88
0.001124 5.2 4.8
0.001125 5.12 4.88
0.001126 5.04 4.88
0.001127 5.04 4.8
0.001128 5.12 4.72
0.001129 5.04 4.72
0.00113 5.04 4.72
0.001131 5.04 4.56
0.001132 5.04 4.56
0.001133 4.96 4.56
0.001134 4.88 4.48
0.001135 4.88 4.48
0.001136 4.88 4.4
0.001137 4.8 4.32
0.001138 4.8 4.32
0.001139 4.72 4.24
0.00114 4.72 4.24
0.001141 4.72 4.24
0.001142 4.72 4.08
0.001143 4.64 4.16
0.001144 4.56 4
0.001145 4.56 4
0.001146 4.48 3.92
0.001147 4.4 3.84
0.001148 4.4 3.92
0.001149 4.4 3.76
0.00115 4.32 3.84
0.001151 4.24 3.76
0.001152 4.24 3.68
0.001153 4.16 3.6
0.001154 4.08 3.52
0.001155 4.16 3.6
0.001156 4.08 3.52
0.001157 4.08 3.36
0.001158 3.92 3.36
0.001159 3.92 3.28
0.00116 3.92 3.28
0.001161 3.84 3.2
0.001162 3.84 3.2
0.001163 3.76 3.04
0.001164 3.76 3.04
0.001165 3.6 2.96
0.001166 3.6 2.88
0.001167 3.6 2.88
0.001168 3.52 2.8
0.001169 3.44 2.8
0.00117 3.36 2.64
0.001171 3.36 2.64
0.001172 3.28 2.64
0.001173 3.28 2.48
0.001174 3.2 2.4
0.001175 3.12 2.32
0.001176 3.12 2.32
0.001177 3.04 2.32
0.001178 2.96 2.16
0.001179 2.96 2.16
0.00118 2.88 2.08
0.001181 2.8 2
0.001182 2.8 2
0.001183 2.64 1.84
0.001184 2.64 1.84
0.001185 2.56 1.68
0.001186 2.48 1.76
0.001187 2.48 1.68
0.001188 2.4 1.52
0.001189 2.32 1.52
0.00119 2.24 1.36
0.001191 2.24 1.36
0.001192 2.16 1.28
0.001193 2.16 1.28
0.001194 2 1.12
0.001195 2 1.04
0.001196 1.92 1.04
0.001197 1.84 0.96
0.001198 1.84 0.88
0.001199 1.68 0.88
0.0012 1.6 0.8
0.001201 1.6 0.72
0.001202 1.6 0.64
0.001203 1.52 0.56
0.001204 1.36 0.48
0.001205 1.36 0.4
0.001206 1.28 0.4
0.001207 1.2 0.32
0.001208 1.12 0.32
0.001209 1.04 0.16
0.00121 1.04 0.08
0.001211 0.96 0.08
0.001212 0.88 -0.16
0.001213 0.88 -0.16
0.001214 0.8 -0.24
0.001215 0.72 -0.24
0.001216 0.64 -0.32
0.001217 0.56 -0.48
0.001218 0.48 -0.4
0.001219 0.4 -0.56
0.00122 0.32 -0.64
0.001221 0.24 -0.72
0.001222 0.24 -0.8
0.001223 0.16 -0.8
0.001224 0.08 -0.88
0.001225 0.08 -0.96
0.001226 0 -0.96
0.001227 -0.16 -1.04
0.001228 -0.16 -1.04
0.001229 -0.32 -1.2
0.00123 -0.32 -1.28
0.001231 -0.48 -1.28
0.001232 -0.48 -1.36
0.001233 -0.56 -1.44
0.001234 -0.64 -1.52
0.001235 -0.72 -1.6
0.001236 -0.8 -1.68
0.001237 -0.8 -1.68
0.001238 -0.88 -1.84
0.001239 -1.04 -1.84
0.00124 -1.04 -1.92
0.001241 -1.12 -1.92
0.001242 -1.12 -2
0.001243 -1.28 -2.16
0.001244 -1.28 -2.24
0.001245 -1.36 -2.24
0.001246 -1.44 -2.32
0.001247 -1.44 -2.32
0.001248 -1.6 -2.48
0.001249 -1.6 -2.48
0.00125 -1.68 -2.56
0.001251 -1.76 -2.64
0.001252 -1.76 -2.64
0.001253 -1.76 -2.8
0.001254 -1.92 -2.8
0.001255 -2 -2.88
0.001256 -2.08 -2.88
0.001257 -2.08 -2.96
0.001258 -2.16 -3.12
0.001259 -2.24 -3.12
0.00126 -2.32 -3.2
0.001261 -2.32 -3.2
0.001262 -2.4 -3.2
0.001263 -2.48 -3.44
0.001264 -2.56 -3.36
0.001265 -2.56 -3.52
0.001266 -2.72 -3.52
0.001267 -2.72 -3.52
0.001268 -2.72 -3.6
0.001269 -2.88 -3.68
0.00127 -2.88 -3.68
0.001271 -2.96 -3.76
0.001272 -2.96 -3.84
0.001273 -3.04 -3.84
0.001274 -3.2 -3.84
0.001275 -3.2 -3.92
0.001276 -3.2 -4
0.001277 -3.28 -4
0.001278 -3.36 -4.08
0.001279 -3.36 -4.16
0.00128 -3.52 -4.16
0.001281 -3.52 -4.24
0.001282 -3.6 -4.32
0.001283 -3.6 -4.32
0.001284 -3.68 -4.4
0.001285 -3.68 -4.4
0.001286 -3.76 -4.48
0.001287 -3.84 -4.48
0.001288 -3.84 -4.48
0.001289 -3.84 -4.56
0.00129 -4 -4.56
0.001291 -4 -4.64
0.001292 -4 -4.72
0.001293 -4.08 -4.64
0.001294 -4.16 -4.8
0.001295 -4.16 -4.8
0.001296 -4.24 -4.8
0.001297 -4.24 -4.88
0.001298 -4.24 -4.88
0.001299 -4.32 -4.96
0.0013 -4.4 -4.96
0.001301 -4.48 -4.96
0.001302 -4.48 -5.04
0.001303 -4.48 -5.04
0.001304 -4.64 -5.12
0.001305 -4.64 -5.12
0.001306 -4.64 -5.2
0.001307 -4.64 -5.2
0.001308 -4.8 -5.2
0.001309 -4.8 -5.28
0.00131 -4.8 -5.28
0.001311 -4.8 -5.2
0.001312 -4.88 -5.36
0.001313 -4.96 -5.36
0.001314 -4.96 -5.36
0.001315 -4.96 -5.36
0.001316 -4.96 -5.36
0.001317 -4.96 -5.44
0.001318 -5.12 -5.44
0.001319 -5.12 -5.44
0.00132 -5.12 -5.52
0.001321 -5.12 -5.52
0.001322 -5.2 -5.52
0.001323 -5.2 -5.52
0.001324 -5.28 -5.52
0.001325 -5.28 -5.6
0.001326 -5.2 -5.52
0.001327 -5.28 -5.6
0.001328 -5.28 -5.68
0.001329 -5.36 -5.6
0.00133 -5.44 -5.68
0.001331 -5.44 -5.68
0.001332 -5.44 -5.68
0.001333 -5.44 -5.68
0.001334 -5.44 -5.6
0.001335 -5.44 -5.68
0.001336 -5.52 -5.68
0.001337 -5.52 -5.68
0.001338 -5.6 -5.76
0.001339 -5.52 -5.76
0.00134 -5.52 -5.68
0.001341 -5.52 -5.76
0.001342 -5.6 -5.76
0.001343 -5.6 -5.76
0.001344 -5.6 -5.68
0.001345 -5.6 -5.68
0.001346 -5.6 -5.68
0.001347 -5.6 -5.68
0.001348 -5.6 -5.68
0.001349 -5.6 -5.68
0.00135 -5.6 -5.68
0.001351 -5.6 -5.76
0.001352 -5.6 -5.68
0.001353 -5.6 -5.68
0.001354 -5.76 -5.68
0.001355 -5.6 -5.6
0.001356 -5.68 -5.68
0.001357 -5.6 -5.68
0.001358 -5.6 -5.6
0.001359 -5.6 -5.68
0.00136 -5.68 -5.52
0.001361 -5.6 -5.68
0.001362 -5.6 -5.52
0.001363 -5.68 -5.52
0.001364 -5.6 -5.6
0.001365 -5.6 -5.52
0.001366 -5.6 -5.52
0.001367 -5.6 -5.52
0.001368 -5.6 -5.44
0.001369 -5.6 -5.52
0.00137 -5.6 -5.44
0.001371 -5.6 -5.44
0.001372 -5.6 -5.44
0.001373 -5.6 -5.36
0.001374 -5.6 -5.44
0.001375 -5.6 -5.36
0.001376 -5.52 -5.36
0.001377 -5.6 -5.28
0.001378 -5.52 -5.2
0.001379 -5.52 -5.2
0.00138 -5.52 -5.2
0.001381 -5.52 -5.2
0.001382 -5.44 -5.12
0.001383 -5.44 -5.12
0.001384 -5.44 -5.12
0.001385 -5.44 -5.04
0.001386 -5.28 -5.04
0.001387 -5.28 -5.04
0.001388 -5.28 -5.04
0.001389 -5.28 -4.88
0.00139 -5.28 -4.88
0.001391 -5.2 -4.8
0.001392 -5.2 -4.88
0.001393 -5.2 -4.8
0.001394 -5.12 -4.72
0.001395 -5.12 -4.72
0.001396 -5.12 -4.72
0.001397 -5.12 -4.56
0.001398 -5.04 -4.64
0.001399 -4.96 -4.48
0.0014 -4.96 -4.48
0.001401 -4.96 -4.4
0.001402 -4.96 -4.4
0.001403 -4.88 -4.48
0.001404 -4.88 -4.24
0.001405 -4.88 -4.32
0.001406 -4.8 -4.24
0.001407 -4.72 -4.16
0.001408 -4.64 -4.16
0.001409 -4.64 -4.08
0.00141 -4.64 -4.08
0.001411 -4.56 -4
0.001412 -4.56 -3.92
0.001413 -4.48 -3.92
0.001414 -4.48 -3.84
0.001415 -4.48 -3.84
0.001416 -4.32 -3.76
0.001417 -4.32 -3.68
0.001418 -4.32 -3.68
0.001419 -4.24 -3.6
0.00142 -4.24 -3.6
0.001421 -4.16 -3.52
0.001422 -4.08 -3.44
0.001423 -4 -3.36
0.001424 -4 -3.28
0.001425 -4 -3.28
0.001426 -3.92 -3.2
0.001427 -3.92 -3.2
0.001428 -3.84 -3.12
0.001429 -3.84 -3.12
0.00143 -3.68 -2.96
0.001431 -3.68 -2.96
0.001432 -3.6 -2.88
0.001433 -3.52 -2.8
0.001434 -3.52 -2.8
0.001435 -3.52 -2.64
0.001436 -3.44 -2.64
0.001437 -3.36 -2.56
0.001438 -3.28 -2.48
0.001439 -3.28 -2.48
0.00144 -3.28 -2.4
0.001441 -3.12 -2.32
0.001442 -3.12 -2.32
0.001443 -3.04 -2.16
0.001444 -2.96 -2.16
0.001445 -2.96 -2.08
0.001446 -2.88 -2
0.001447 -2.88 -2
0.001448 -2.72 -1.92
0.001449 -2.72 -1.84
0.00145 -2.64 -1.76
0.001451 -2.56 -1.68
0.001452 -2.48 -1.68
0.001453 -2.4 -1.52
0.001454 -2.4 -1.52
0.001455 -2.32 -1.44
0.001456 -2.24 -1.36
0.001457 -2.24 -1.36
0.001458 -2.16 -1.28
0.001459 -2.08 -1.2
0.00146 -2 -1.2
0.001461 -2 -1.04
0.001462 -1.92 -0.96
0.001463 -1.76 -0.88
0.001464 -1.76 -0.88
0.001465 -1.68 -0.8
0.001466 -1.68 -0.72
0.001467 -1.6 -0.64
0.001468 -1.44 -0.64
0.001469 -1.44 -0.48
0.00147 -1.36 -0.4
0.001471 -1.36 -0.4
0.001472 -1.28 -0.32
0.001473 -1.2 -0.32
0.001474 -1.12 -0.16
0.001475 -1.12 0
0.001476 -1.04 0
0.001477 -0.96 0.08
0.001478 -0.88 0.16
0.001479 -0.8 0.24
0.00148 -0.72 0.24
0.001481 -0.64 0.32
0.001482 -0.64 0.4
0.001483 -0.48 0.48
0.001484 -0.48 0.64
0.001485 -0.4 0.64
0.001486 -0.4 0.72
0.001487 -0.32 0.8
0.001488 -0.24 0.8
0.001489 -0.16 0.88
0.00149 0 0.96
0.001491 0 1.04
0.001492 0.16 1.12
0.001493 0.24 1.2
0.001494 0.24 1.28
0.001495 0.32 1.28
0.001496 0.4 1.28
0.001497 0.48 1.44
0.001498 0.56 1.44
0.001499 0.64 1.52
0.0015 0.72 1.6
0.001501 0.72 1.6
0.001502 0.8 1.76
0.001503 0.88 1.76
0.001504 0.88 1.84
0.001505 0.96 1.92
0.001506 1.04 1.92
0.001507 1.12 2.08
0.001508 1.2 2.16
0.001509 1.28 2.16
0.00151 1.36 2.24
0.001511 1.36 2.24
0.001512 1.52 2.4
0.001513 1.52 2.48
0.001514 1.6 2.48
0.001515 1.6 2.56
0.001516 1.68 2.56
0.001517 1.68 2.64
0.001518 1.84 2.72
0.001519 1.84 2.72
0.00152 2 2.88
0.001521 2 2.88
0.001522 2.16 2.96
0.001523 2.16 3.04
0.001524 2.24 3.04
0.001525 2.24 3.12
0.001526 2.32 3.2
0.001527 2.32 3.2
0.001528 2.4 3.28
0.001529 2.56 3.36
0.00153 2.48 3.36
0.001531 2.56 3.44
0.001532 2.64 3.44
0.001533 2.8 3.6
0.001534 2.8 3.6
0.001535 2.88 3.6
0.001536 2.88 3.76
0.001537 2.96 3.76
0.001538 2.96 3.84
0.001539 3.12 3.92
0.00154 3.12 3.84
0.001541 3.2 4
0.001542 3.2 3.92
0.001543 3.28 4.08
0.001544 3.28 4.08
0.001545 3.44 4.08
0.001546 3.44 4.24
0.001547 3.52 4.16
0.001548 3.52 4.24
0.001549 3.6 4.32
0.00155 3.68 4.32
0.001551 3.76 4.48
0.001552 3.76 4.4
0.001553 3.76 4.48
0.001554 3.84 4.56
0.001555 3.92 4.48
0.001556 3.92 4.64
0.001557 4 4.64
0.001558 4 4.64
0.001559 4.08 4.8
0.00156 4.08 4.72
0.001561 4.16 4.8
0.001562 4.16 4.8
0.001563 4.24 4.88
0.001564 4.24 4.88
0.001565 4.4 4.96
0.001566 4.4 4.96
0.001567 4.4 4.96
0.001568 4.4 5.04
0.001569 4.48 5.04
0.00157 4.48 5.12
0.001571 4.56 5.12
0.001572 4.64 5.12
0.001573 4.72 5.12
0.001574 4.72 5.12
0.001575 4.72 5.2
0.001576 4.72 5.2
0.001577 4.8 5.28
0.001578 4.8 5.28
0.001579 4.88 5.28
0.00158 4.88 5.36
0.001581 4.96 5.28
0.001582 4.88 5.44
0.001583 4.96 5.36
0.001584 4.96 5.36
0.001585 5.04 5.44
0.001586 5.04 5.44
0.001587 5.12 5.44
0.001588 5.04 5.44
0.001589 5.12 5.44
0.00159 5.12 5.52
0.001591 5.2 5.44
0.001592 5.2 5.52
0.001593 5.2 5.52
0.001594 5.28 5.52
0.001595 5.2 5.6
0.001596 5.36 5.52
0.001597 5.36 5.52
0.001598 5.36 5.6
0.001599 5.36 5.6
0.0016 5.36 5.6
0.001601 5.36 5.6
0.001602 5.36 5.6
0.001603 5.36 5.6
0.001604 5.36 5.6
0.001605 5.36 5.6
0.001606 5.36 5.6
0.001607 5.44 5.6
0.001608 5.44 5.52
0.001609 5.44 5.6
0.00161 5.44 5.6
0.001611 5.52 5.6
0.001612 5.44 5.6
0.001613 5.44 5.6
0.001614 5.44 5.52
0.001615 5.44 5.52
0.001616 5.44 5.52
0.001617 5.52 5.52
0.001618 5.44 5.6
0.001619 5.52 5.6
0.00162 5.52 5.44
0.001621 5.52 5.52
0.001622 5.44 5.44
0.001623 5.52 5.52
0.001624 5.52 5.52
0.001625 5.52 5.44
0.001626 5.52 5.44
0.001627 5.52 5.36
0.001628 5.44 5.44
0.001629 5.52 5.44
0.00163 5.44 5.44
0.001631 5.44 5.36
0.001632 5.44 5.28
0.001633 5.44 5.28
0.001634 5.44 5.36
0.001635 5.44 5.28
0.001636 5.36 5.28
0.001637 5.44 5.2
0.001638 5.36 5.2
0.001639 5.36 5.2
0.00164 5.36 5.12
0.001641 5.36 5.12
0.001642 5.28 5.12
0.001643 5.36 5.12
0.001644 5.36 5.04
0.001645 5.28 5.04
0.001646 5.28 4.96
0.001647 5.28 4.96
0.001648 5.2 4.88
0.001649 5.2 4.88
0.00165 5.12 4.88
0.001651 5.12 4.88
0.001652 5.12 4.8
0.001653 5.04 4.72
0.001654 5.12 4.72
0.001655 5.04 4.72
0.001656 5.04 4.64
0.001657 5.04 4.64
0.001658 5.04 4.56
0.001659 4.88 4.56
0.00166 4.96 4.56
0.001661 4.88 4.48
0.001662 4.88 4.4
0.001663 4.8 4.4
0.001664 4.8 4.32
0.001665 4.8 4.32
0.001666 4.72 4.24
0.001667 4.72 4.24
0.001668 4.72 4.16
0.001669 4.72 4.08
0.00167 4.56 4.08
0.001671 4.56 4
0.001672 4.48 4
0.001673 4.48 3.92
0.001674 4.48 3.92
0.001675 4.4 3.84
0.001676 4.4 3.76
0.001677 4.32 3.76
0.001678 4.24 3.76
0.001679 4.24 3.68
0.00168 4.16 3.6
0.001681 4.16 3.6
0.001682 4.08 3.52
0.001683 4.08 3.44
0.001684 4 3.36
0.001685 3.92 3.28
0.001686 3.92 3.28
0.001687 3.84 3.2
0.001688 3.84 3.2
0.001689 3.76 3.12
0.00169 3.76 3.04
0.001691 3.6 3.04
0.001692 3.6 2.88
0.001693 3.6 2.88
0.001694 3.52 2.88
0.001695 3.44 2.72
0.001696 3.44 2.72
0.001697 3.36 2.64
0.001698 3.28 2.64
0.001699 3.28 2.56
0.0017 3.2 2.4
0.001701 3.2 2.4
0.001702 3.12 2.32
0.001703 3.12 2.32
0.001704 2.96 2.24
0.001705 2.96 2.16
0.001706 2.88 2.08
0.001707 2.88 2.08
0.001708 2.8 2
0.001709 2.8 1.92
0.00171 2.64 1.84
0.001711 2.56 1.76
0.001712 2.56 1.68
0.001713 2.48 1.6
0.001714 2.48 1.6
0.001715 2.4 1.52
0.001716 2.32 1.44
0.001717 2.24 1.36
0.001718 2.16 1.28
0.001719 2.16 1.28
0.00172 2 1.2
0.001721 2 1.12
0.001722 1.92 1.12
0.001723 1.84 0.96
0.001724 1.84 0.96
0.001725 1.76 0.88
0.001726 1.68 0.72
0.001727 1.6 0.72
0.001728 1.52 0.64
0.001729 1.52 0.64
0.00173 1.44 0.64
0.001731 1.36 0.4
0.001732 1.28 0.4
0.001733 1.2 0.32
0.001734 1.2 0.32
0.001735 1.12 0.24
0.001736 1.04 0.08
0.001737 0.96 0.08
0.001738 0.88 0
0.001739 0.8 -0.16
0.00174 0.72 -0.16
0.001741 0.72 -0.24
0.001742 0.64 -0.32
0.001743 0.64 -0.4
0.001744 0.56 -0.48
0.001745 0.4 -0.48
0.001746 0.4 -0.56
0.001747 0.32 -0.64
0.001748 0.32 -0.72
0.001749 0.24 -0.8
0.00175 0.08 -0.8
0.001751 0.08 -0.88
0.001752 0 -0.96
0.001753 -0.16 -1.04
0.001754 -0.24 -1.12
0.001755 -0.32 -1.2
0.001756 -0.32 -1.28
0.001757 -0.4 -1.36
0.001758 -0.48 -1.36
0.001759 -0.56 -1.44
0.00176 -0.64 -1.52
0.001761 -0.64 -1.52
0.001762 -0.72 -1.68
0.001763 -0.8 -1.68
0.001764 -0.88 -1.76
0.001765 -0.96 -1.92
0.001766 -0.96 -1.92
0.001767 -1.12 -2
0.001768 -1.12 -2
0.001769 -1.2 -2
0.00177 -1.28 -2.16
0.001771 -1.36 -2.16
0.001772 -1.44 -2.32
0.001773 -1.44 -2.32
0.001774 -1.52 -2.32
0.001775 -1.6 -2.56
0.001776 -1.6 -2.48
0.001777 -1.76 -2.64
0.001778 -1.76 -2.64
0.001779 -1.76 -2.72
0.00178 -1.92 -2.8
0.001781 -1.92 -2.8
0.001782 -2.08 -2.88
0.001783 -2.08 -2.96
0.001784 -2.16 -2.96
0.001785 -2.24 -3.12
0.001786 -2.32 -3.12
0.001787 -2.32 -3.2
0.001788 -2.4 -3.2
0.001789 -2.4 -3.28
0.00179 -2.56 -3.36
0.001791 -2.64 -3.44
0.001792 -2.64 -3.52
0.001793 -2.72 -3.52
0.001794 -2.72 -3.6
0.001795 -2.88 -3.6
0.001796 -2.88 -3.68
0.001797 -2.96 -3.76
0.001798 -3.04 -3.84
0.001799 -3.04 -3.76
0.0018 -3.04 -3.84
0.001801 -3.12 -3.92
0.001802 -3.2 -3.92
0.001803 -3.28 -4
0.001804 -3.28 -4
0.001805 -3.36 -4.08
0.001806 -3.44 -4.16
0.001807 -3.52 -4.24
0.001808 -3.6 -4.32
0.001809 -3.6 -4.32
0.00181 -3.68 -4.32
0.001811 -3.68 -4.4
0.001812 -3.84 -4.4
0.001813 -3.76 -4.48
0.001814 -3.92 -4.48
0.001815 -3.92 -4.48
0.001816 -3.92 -4.64
0.001817 -4 -4.56
0.001818 -4 -4.72
0.001819 -4.08 -4.72
0.00182 -4.16 -4.72
0.001821 -4.16 -4.88
0.001822 -4.24 -4.88
0.001823 -4.24 -4.88
0.001824 -4.32 -4.88
0.001825 -4.32 -4.88
0.001826 -4.32 -4.88
0.001827 -4.48 -5.04
0.001828 -4.48 -5.04
0.001829 -4.56 -5.12
0.00183 -4.56 -5.12
0.001831 -4.64 -5.12
0.001832 -4.64 -5.2
0.001833 -4.64 -5.2
0.001834 -4.72 -5.28
0.001835 -4.72 -5.28
0.001836 -4.8 -5.2
0.001837 -4.8 -5.28
0.001838 -4.88 -5.28
0.001839 -4.88 -5.36
0.00184 -4.88 -5.36
0.001841 -4.96 -5.36
0.001842 -4.96 -5.44
0.001843 -5.04 -5.44
0.001844 -5.04 -5.44
0.001845 -5.12 -5.44
0.001846 -5.12 -5.44
0.001847 -5.12 -5.52
0.001848 -5.2 -5.52
0.001849 -5.2 -5.52
0.00185 -5.28 -5.6
0.001851 -5.28 -5.52
0.001852 -5.28 -5.6
0.001853 -5.28 -5.6
0.001854 -5.28 -5.6
0.001855 -5.28 -5.6
0.001856 -5.36 -5.6
0.001857 -5.36 -5.68
0.001858 -5.36 -5.68
0.001859 -5.44 -5.6
0.00186 -5.44 -5.68
0.001861 -5.44 -5.68
0.001862 -5.52 -5.68
0.001863 -5.44 -5.76
0.001864 -5.52 -5.68
0.001865 -5.52 -5.76
0.001866 -5.52 -5.76
0.001867 -5.6 -5.68
0.001868 -5.52 -5.76
0.001869 -5.6 -5.68
0.00187 -5.6 -5.76
0.001871 -5.6 -5.76
0.001872 -5.6 -5.68
0.001873 -5.6 -5.76
0.001874 -5.6 -5.68
0.001875 -5.6 -5.68
0.001876 -5.6 -5.76
0.001877 -5.6 -5.68
0.001878 -5.6 -5.76
0.001879 -5.6 -5.68
0.00188 -5.6 -5.68
0.001881 -5.6 -5.68
0.001882 -5.6 -5.68
0.001883 -5.68 -5.68
0.001884 -5.68 -5.6
0.001885 -5.6 -5.6
0.001886 -5.68 -5.68
0.001887 -5.6 -5.6
0.001888 -5.6 -5.6
0.001889 -5.68 -5.6
0.00189 -5.6 -5.52
0.001891 -5.68 -5.52
0.001892 -5.6 -5.52
0.001893 -5.6 -5.52
0.001894 -5.6 -5.52
0.001895 -5.6 -5.44
0.001896 -5.6 -5.52
0.001897 -5.6 -5.44
0.001898 -5.52 -5.44
0.001899 -5.52 -5.44
0.0019 -5.52 -5.36
0.001901 -5.52 -5.36
0.001902 -5.6 -5.36
0.001903 -5.44 -5.28
0.001904 -5.52 -5.36
0.001905 -5.52 -5.2
0.001906 -5.52 -5.2
0.001907 -5.44 -5.2
0.001908 -5.52 -5.12
0.001909 -5.44 -5.12
0.00191 -5.44 -5.12
0.001911 -5.44 -5.04
0.001912 -5.28 -5.04
0.001913 -5.28 -4.96
0.001914 -5.28 -5.04
0.001915 -5.28 -4.88
0.001916 -5.28 -4.8
0.001917 -5.28 -4.88
0.001918 -5.2 -4.8
0.001919 -5.2 -4.8
0.00192 -5.2 -4.8
0.001921 -5.12 -4.72
0.001922 -5.12 -4.72
0.001923 -5.12 -4.64
0.001924 -5.04 -4.64
0.001925 -4.96 -4.56
0.001926 -4.96 -4.48
0.001927 -4.96 -4.48
0.001928 -4.96 -4.4
0.001929 -4.88 -4.4
0.00193 -4.88 -4.32
0.001931 -4.8 -4.32
0.001932 -4.8 -4.32
0.001933 -4.72 -4.24
0.001934 -4.64 -4.16
0.001935 -4.64 -4.16
0.001936 -4.64 -4.08
0.001937 -4.56 -4
0.001938 -4.56 -3.92
0.001939 -4.48 -3.92
0.00194 -4.48 -3.84
0.001941 -4.48 -3.92
0.001942 -4.48 -3.76
0.001943 -4.32 -3.68
0.001944 -4.32 -3.6
0.001945 -4.24 -3.6
0.001946 -4.24 -3.6
0.001947 -4.16 -3.52
0.001948 -4.16 -3.44
0.001949 -4 -3.36
0.00195 -4 -3.36
0.001951 -4 -3.28
0.001952 -3.92 -3.2
0.001953 -3.92 -3.2
0.001954 -3.84 -3.12
0.001955 -3.84 -3.04
0.001956 -3.68 -3.04
0.001957 -3.68 -2.96
0.001958 -3.68 -2.88
0.001959 -3.6 -2.8
0.00196 -3.52 -2.8
0.001961 -3.52 -2.72
0.001962 -3.44 -2.64
0.001963 -3.36 -2.56
0.001964 -3.28 -2.56
0.001965 -3.28 -2.48
0.001966 -3.2 -2.4
0.001967 -3.2 -2.32
0.001968 -3.04 -2.32
0.001969 -3.04 -2.24
0.00197 -2.96 -2.16
0.001971 -2.96 -2.08
0.001972 -2.96 -2
0.001973 -2.72 -2
0.001974 -2.72 -1.92
0.001975 -2.72 -1.84
0.001976 -2.64 -1.84
0.001977 -2.64 -1.76
0.001978 -2.56 -1.6
0.001979 -2.4 -1.6
0.00198 -2.4 -1.52
0.001981 -2.32 -1.52
0.001982 -2.32 -1.52
0.001983 -2.24 -1.28
0.001984 -2.24 -1.28
0.001985 -2.08 -1.2
0.001986 -2.08 -1.04
0.001987 -1.92 -1.12
0.001988 -1.92 -0.96
0.001989 -1.92 -0.96
0.00199 -1.76 -0.88
0.001991 -1.76 -0.72
0.001992 -1.68 -0.8
0.001993 -1.6 -0.64
0.001994 -1.52 -0.64
0.001995 -1.44 -0.56
0.001996 -1.44 -0.4
0.001997 -1.36 -0.48
0.001998 -1.28 -0.32
0.001999 -1.2 -0.24
0.002 -1.12 -0.24
0.002001 -1.12 -0.16
0.002002 -1.04 0
0.002003 -1.04 0
0.002004 -0.96 0.16
0.002005 -0.8 0.16
0.002006 -0.8 0.24
0.002007 -0.72 0.32
0.002008 -0.64 0.4
0.002009 -0.48 0.48
0.00201 -0.48 0.48
0.002011 -0.4 0.56
0.002012 -0.4 0.72
0.002013 -0.32 0.72
0.002014 -0.24 0.8
0.002015 -0.16 0.8
0.002016 0 0.96
0.002017 0 0.96
0.002018 0.08 1.04
0.002019 0.16 1.2
0.00202 0.24 1.2
0.002021 0.24 1.28
0.002022 0.4 1.36
0.002023 0.4 1.36
0.002024 0.48 1.52
0.002025 0.56 1.52
0.002026 0.64 1.52
0.002027 0.72 1.68
0.002028 0.8 1.68
0.002029 0.88 1.76
0.00203 0.96 1.84
0.002031 0.96 1.92
0.002032 1.04 2
0.002033 1.12 2
0.002034 1.2 2.08
0.002035 1.2 2.16
0.002036 1.28 2.24
0.002037 1.36 2.32
0.002038 1.44 2.4
0.002039 1.52 2.4
0.00204 1.52 2.48
0.002041 1.6 2.56
0.002042 1.68 2.56
0.002043 1.68 2.64
0.002044 1.84 2.72
0.002045 1.92 2.88
0.002046 1.92 2.88
0.002047 2 2.88
0.002048 2.08 2.88
0.002049 2.16 2.96
0.00205 2.16 3.12
0.002051 2.24 3.2
0.002052 2.32 3.12
0.002053 2.32 3.28
0.002054 2.4 3.28
0.002055 2.56 3.36
0.002056 2.56 3.36
0.002057 2.56 3.36
0.002058 2.64 3.52
0.002059 2.8 3.52
0.00206 2.8 3.6
0.002061 2.8 3.68
0.002062 2.88 3.68
0.002063 2.88 3.76
0.002064 2.96 3.68
0.002065 3.12 3.84
0.002066 3.12 3.84
0.002067 3.12 3.92
0.002068 3.2 4
0.002069 3.28 4
0.00207 3.28 4
0.002071 3.36 4.16
0.002072 3.44 4.16
0.002073 3.44 4.24
0.002074 3.52 4.24
0.002075 3.52 4.32
0.002076 3.6 4.32
0.002077 3.76 4.4
0.002078 3.76 4.4
0.002079 3.76 4.48
0.00208 3.84 4.48
0.002081 3.84 4.56
0.002082 3.92 4.56
0.002083 3.92 4.56
0.002084 4.08 4.64
0.002085 4.08 4.64
0.002086 4.08 4.8
0.002087 4.16 4.8
0.002088 4.16 4.8
0.002089 4.16 4.8
0.00209 4.24 4.88
0.002091 4.32 4.88
0.002092 4.4 4.96
0.002093 4.4 4.88
0.002094 4.4 4.96
0.002095 4.48 4.96
0.002096 4.48 5.12
0.002097 4.56 5.12
0.002098 4.56 5.04
0.002099 4.64 5.12
0.0021 4.72 5.12
0.002101 4.72 5.2
0.002102 4.72 5.28
0.002103 4.8 5.2
0.002104 4.8 5.28
0.002105 4.8 5.28
0.002106 4.88 5.28
0.002107 4.88 5.36
0.002108 4.88 5.28
0.002109 5.04 5.36
0.00211 5.04 5.36
0.002111 5.04 5.44
0.002112 5.04 5.44
0.002113 5.12 5.44
0.002114 5.12 5.44
0.002115 5.12 5.44
0.002116 5.12 5.44
0.002117 5.12 5.44
0.002118 5.2 5.52
0.002119 5.2 5.52
0.00212 5.2 5.52
0.002121 5.28 5.52
0.002122 5.28 5.52
0.002123 5.36 5.52
0.002124 5.36 5.52
0.002125 5.36 5.6
0.002126 5.36 5.52
0.002127 5.36 5.52
0.002128 5.36 5.6
0.002129 5.36 5.52
0.00213 5.36 5.6
0.002131 5.44 5.6
0.002132 5.36 5.6
0.002133 5.44 5.6
0.002134 5.44 5.52
0.002135 5.44 5.6
0.002136 5.44 5.6
0.002137 5.44 5.52
0.002138 5.52 5.68
0.002139 5.44 5.6
0.00214 5.52 5.52
0.002141 5.52 5.6
0.002142 5.52 5.52
0.002143 5.52 5.6
0.002144 5.52 5.52
0.002145 5.52 5.52
0.002146 5.44 5.52
0.002147 5.52 5.52
0.002148 5.52 5.52
0.002149 5.44 5.52
0.00215 5.44 5.52
0.002151 5.52 5.44
0.002152 5.52 5.44
0.002153 5.52 5.44
0.002154 5.44 5.44
0.002155 5.44 5.44
0.002156 5.44 5.44
0.002157 5.44 5.36
0.002158 5.44 5.36
0.002159 5.44 5.28
0.00216 5.44 5.28
0.002161 5.44 5.28
0.002162 5.44 5.28
0.002163 5.44 5.2
0.002164 5.36 5.2
0.002165 5.36 5.12
0.002166 5.36 5.2
0.002167 5.36 5.2
0.002168 5.36 5.12
0.002169 5.36 5.12
0.00217 5.28 5.04
0.002171 5.2 5.04
0.002172 5.2 5.04
0.002173 5.2 4.96
0.002174 5.28 4.96
0.002175 5.2 4.88
0.002176 5.12 4.88
0.002177 5.12 4.8
0.002178 5.12 4.8
0.002179 5.12 4.8
0.00218 5.12 4.8
0.002181 5.04 4.64
0.002182 5.04 4.64
0.002183 5.04 4.64
0.002184 5.04 4.56
0.002185 5.04 4.56
0.002186 4.96 4.48
0.002187 4.88 4.56
0.002188 4.88 4.4
0.002189 4.88 4.4
0.00219 4.8 4.32
0.002191 4.72 4.32
0.002192 4.72 4.24
0.002193 4.72 4.24
0.002194 4.72 4.16
0.002195 4.72 4.16
0.002196 4.56 4.08
0.002197 4.56 4.08
0.002198 4.48 4
0.002199 4.56 4
0.0022 4.4 4
0.002201 4.4 3.84
0.002202 4.4 3.76
0.002203 4.4 3.84
0.002204 4.24 3.76
0.002205 4.24 3.68
0.002206 4.16 3.6
0.002207 4.16 3.52
0.002208 4.08 3.6
0.002209 4.08 3.44
0.00221 3.92 3.36
0.002211 4 3.36
0.002212 3.92 3.28
0.002213 3.92 3.28
0.002214 3.84 3.2
0.002215 3.76 3.2
0.002216 3.76 3.04
0.002217 3.76 3.04
0.002218 3.6 2.96
0.002219 3.6 2.88
0.00222 3.52 2.8
0.002221 3.52 2.8
0.002222 3.44 2.72
0.002223 3.36 2.64
0.002224 3.36 2.64
0.002225 3.28 2.56
0.002226 3.2 2.56
0.002227 3.2 2.4
0.002228 3.12 2.4
0.002229 3.12 2.32
0.00223 2.96 2.24
0.002231 2.96 2.24
0.002232 2.88 2.16
0.002233 2.88 2
0.002234 2.8 2
0.002235 2.8 1.92
0.002236 2.64 1.92
0.002237 2.56 1.76
0.002238 2.48 1.68
0.002239 2.48 1.68
0.00224 2.48 1.52
0.002241 2.32 1.6
0.002242 2.32 1.44
0.002243 2.24 1.36
0.002244 2.16 1.36
0.002245 2.16 1.28
0.002246 2.08 1.2
0.002247 2 1.12
0.002248 1.92 1.04
0.002249 1.92 1.04
0.00225 1.84 0.88
0.002251 1.68 0.96
0.002252 1.68 0.88
0.002253 1.6 0.72
0.002254 1.6 0.64
0.002255 1.52 0.56
0.002256 1.52 0.56
0.002257 1.36 0.48
0.002258 1.36 0.4
0.002259 1.2 0.32
0.00226 1.2 0.32
0.002261 1.12 0.16
0.002262 1.04 0.16
0.002263 0.96 0.08
0.002264 0.88 0
0.002265 0.88 0
0.002266 0.88 -0.16
0.002267 0.72 -0.24
0.002268 0.64 -0.32
0.002269 0.64 -0.4
0.00227 0.56 -0.4
0.002271 0.4 -0.56
0.002272 0.4 -0.56
0.002273 0.4 -0.56
0.002274 0.24 -0.72
0.002275 0.24 -0.72
0.002276 0.24 -0.96
0.002277 0.08 -0.88
0.002278 0 -0.96
0.002279 -0.16 -1.04
0.00228 -0.16 -1.12
0.002281 -0.32 -1.2
0.002282 -0.32 -1.28
0.002283 -0.4 -1.28
0.002284 -0.48 -1.36
0.002285 -0.48 -1.36
0.002286 -0.64 -1.52
0.002287 -0.64 -1.6
0.002288 -0.72 -1.6
0.002289 -0.8 -1.68
0.00229 -0.8 -1.76
0.002291 -0.88 -1.84
0.002292 -1.04 -1.92
0.002293 -1.12 -2
0.002294 -1.12 -2
0.002295 -1.2 -2.16
0.002296 -1.28 -2.16
0.002297 -1.36 -2.16
0.002298 -1.44 -2.32
0.002299 -1.44 -2.32
0.0023 -1.44 -2.32
0.002301 -1.6 -2.48
0.002302 -1.68 -2.48
0.002303 -1.76 -2.64
0.002304 -1.76 -2.64
0.002305 -1.76 -2.72
0.002306 -1.84 -2.72
0.002307 -2 -2.88
0.002308 -2 -2.96
0.002309 -2.08 -2.88
0.00231 -2.08 -2.96
0.002311 -2.24 -3.04
0.002312 -2.32 -3.12
0.002313 -2.32 -3.2
0.002314 -2.4 -3.2
0.002315 -2.4 -3.28
0.002316 -2.48 -3.28
0.002317 -2.56 -3.36
0.002318 -2.64 -3.52
0.002319 -2.64 -3.44
0.00232 -2.72 -3.52
0.002321 -2.8 -3.6
0.002322 -2.88 -3.6
0.002323 -2.96 -3.76
0.002324 -3.04 -3.76
0.002325 -3.04 -3.84
0.002326 -3.04 -3.84
0.002327 -3.2 -3.84
0.002328 -3.2 -4
0.002329 -3.28 -3.92
0.00233 -3.28 -4.08
0.002331 -3.36 -4.08
0.002332 -3.36 -4.16
0.002333 -3.44 -4.16
0.002334 -3.52 -4.24
0.002335 -3.6 -4.32
0.002336 -3.68 -4.32
0.002337 -3.68 -4.4
0.002338 -3.68 -4.4
0.002339 -3.76 -4.48
0.00234 -3.84 -4.48
0.002341 -3.92 -4.56
0.002342 -4 -4.56
0.002343 -3.92 -4.56
0.002344 -4 -4.72
0.002345 -4.08 -4.72
0.002346 -4.08 -4.72
0.002347 -4.16 -4.8
0.002348 -4.24 -4.8
0.002349 -4.32 -4.88
0.00235 -4.24 -4.88
0.002351 -4.32 -4.96
0.002352 -4.4 -4.96
0.002353 -4.48 -4.96
0.002354 -4.48 -5.04
0.002355 -4.48 -5.12
0.002356 -4.56 -5.12
0.002357 -4.56 -5.12
0.002358 -4.64 -5.12
0.002359 -4.64 -5.2
0.00236 -4.64 -5.2
0.002361 -4.8 -5.2
0.002362 -4.8 -5.2
0.002363 -4.8 -5.2
0.002364 -4.88 -5.36
0.002365 -4.88 -5.36
0.002366 -4.96 -5.36
0.002367 -4.96 -5.44
0.002368 -4.96 -5.44
0.002369 -4.96 -5.44
0.00237 -4.96 -5.44
0.002371 -5.12 -5.44
0.002372 -5.12 -5.52
0.002373 -5.2 -5.52
0.002374 -5.2 -5.52
0.002375 -5.2 -5.52
0.002376 -5.2 -5.52
0.002377 -5.28 -5.6
0.002378 -5.2 -5.6
0.002379 -5.28 -5.52
0.00238 -5.28 -5.6
0.002381 -5.28 -5.6
0.002382 -5.36 -5.6
0.002383 -5.36 -5.68
0.002384 -5.44 -5.68
0.002385 -5.44 -5.68
0.002386 -5.44 -5.6
0.002387 -5.52 -5.68
0.002388 -5.44 -5.76
0.002389 -5.44 -5.68
0.00239 -5.52 -5.68
0.002391 -5.52 -5.68
0.002392 -5.52 -5.76
0.002393 -5.6 -5.76
0.002394 -5.6 -5.68
0.002395 -5.52 -5.68
0.002396 -5.6 -5.68
0.002397 -5.6 -5.68
0.002398 -5.6 -5.76
0.002399 -5.52 -5.68
0.0024 -5.6 -5.76
0.002401 -5.6 -5.68
0.002402 -5.6 -5.68
0.002403 -5.6 -5.68
0.002404 -5.68 -5.68
0.002405 -5.6 -5.68
0.002406 -5.6 -5.68
0.002407 -5.6 -5.68
0.002408 -5.68 -5.68
0.002409 -5.6 -5.68
0.00241 -5.6 -5.68
0.002411 -5.6 -5.68
0.002412 -5.68 -5.52
0.002413 -5.6 -5.68
0.002414 -5.6 -5.6
0.002415 -5.6 -5.6
0.002416 -5.6 -5.6
0.002417 -5.6 -5.44
0.002418 -5.6 -5.52
0.002419 -5.6 -5.52
0.00242 -5.6 -5.52
0.002421 -5.6 -5.52
0.002422 -5.6 -5.44
0.002423 -5.6 -5.44
0.002424 -5.6 -5.44
0.002425 -5.6 -5.44
0.002426 -5.52 -5.36
0.002427 -5.6 -5.36
0.002428 -5.52 -5.28
0.002429 -5.52 -5.36
0.00243 -5.52 -5.28
0.002431 -5.52 -5.28
0.002432 -5.44 -5.2
0.002433 -5.44 -5.2
0.002434 -5.44 -5.2
0.002435 -5.44 -5.12
0.002436 -5.44 -5.12
0.002437 -5.36 -5.12
0.002438 -5.28 -5.04
0.002439 -5.36 -5.04
0.00244 -5.28 -5.04
0.002441 -5.28 -4.88
0.002442 -5.28 -4.88
0.002443 -5.28 -4.88
0.002444 -5.2 -4.88
0.002445 -5.2 -4.8
0.002446 -5.2 -4.72
0.002447 -5.2 -4.8
0.002448 -5.12 -4.72
0.002449 -5.12 -4.64
0.00245 -5.04 -4.64
0.002451 -4.96 -4.56
0.002452 -4.96 -4.56
0.002453 -4.96 -4.48
0.002454 -4.96 -4.4
0.002455 -4.88 -4.4
0.002456 -4.88 -4.32
0.002457 -4.88 -4.32
0.002458 -4.8 -4.24
0.002459 -4.8 -4.16
0.00246 -4.8 -4.24
0.002461 -4.64 -4.08
0.002462 -4.64 -4.16
0.002463 -4.64 -4.08
0.002464 -4.56 -3.92
0.002465 -4.56 -3.92
0.002466 -4.48 -3.84
0.002467 -4.48 -3.92
0.002468 -4.4 -3.84
0.002469 -4.4 -3.68
0.00247 -4.32 -3.68
0.002471 -4.24 -3.6
0.002472 -4.24 -3.6
0.002473 -4.24 -3.52
0.002474 -4.16 -3.44
0.002475 -4.16 -3.44
0.002476 -4 -3.36
0.002477 -4 -3.28
0.002478 -3.92 -3.28
0.002479 -3.92 -3.2
0.00248 -3.92 -3.2
0.002481 -3.84 -3.12
0.002482 -3.76 -3.04
0.002483 -3.68 -2.96
0.002484 -3.68 -2.96
0.002485 -3.6 -2.88
0.002486 -3.6 -2.8
0.002487 -3.52 -2.72
0.002488 -3.52 -2.64
0.002489 -3.36 -2.64
0.00249 -3.36 -2.48
0.002491 -3.28 -2.48
0.002492 -3.2 -2.4
0.002493 -3.2 -2.32
0.002494 -3.04 -2.32
0.002495 -3.04 -2.24
0.002496 -3.04 -2.16
0.002497 -2.96 -2.08
0.002498 -2.88 -2.08
0.002499 -2.88 -2.08
0.0025 -2.8 -1.84
0.002501 -2.72 -1.92
0.002502 -2.64 -1.76
0.002503 -2.64 -1.76
0.002504 -2.56 -1.68
0.002505 -2.4 -1.52
0.002506 -2.4 -1.52
0.002507 -2.32 -1.52
0.002508 -2.32 -1.44
0.002509 -2.24 -1.36
0.00251 -2.24 -1.28
0.002511 -2.08 -1.28
0.002512 -2.08 -1.12
0.002513 -2 -1.04
0.002514 -2 -0.96
0.002515 -1.92 -0.96
0.002516 -1.76 -0.88
0.002517 -1.76 -0.8
0.002518 -1.68 -0.72
0.002519 -1.68 -0.72
0.00252 -1.6 -0.56
0.002521 -1.44 -0.56
0.002522 -1.44 -0.48
0.002523 -1.36 -0.4
0.002524 -1.28 -0.32
0.002525 -1.2 -0.32
0.002526 -1.12 -0.24
0.002527 -1.12 -0.16
0.002528 -1.04 0
0.002529 -1.04 0.08
0.00253 -0.96 0.08
0.002531 -0.88 0.16
0.002532 -0.72 0.24
0.002533 -0.72 0.32
0.002534 -0.64 0.4
0.002535 -0.56 0.4
0.002536 -0.48 0.48
0.002537 -0.48 0.56
0.002538 -0.4 0.64
0.002539 -0.32 0.72
0.00254 -0.24 0.72
0.002541 -0.16 0.88
0.002542 -0.16 0.88
0.002543 0 0.96
0.002544 0.08 1.04
0.002545 0.16 1.04
0.002546 0.24 1.2
0.002547 0.24 1.2
0.002548 0.32 1.28
0.002549 0.4 1.36
0.00255 0.48 1.36
0.002551 0.56 1.44
0.002552 0.64 1.6
0.002553 0.64 1.6
0.002554 0.72 1.68
0.002555 0.88 1.76
0.002556 0.88 1.76
0.002557 0.96 1.84
0.002558 1.04 1.92
0.002559 1.04 2
0.00256 1.2 2.08
0.002561 1.2 2.08
0.002562 1.28 2.24
0.002563 1.36 2.24
0.002564 1.36 2.32
0.002565 1.52 2.4
0.002566 1.52 2.4
0.002567 1.6 2.56
0.002568 1.68 2.56
0.002569 1.68 2.64
0.00257 1.68 2.72
0.002571 1.84 2.8
0.002572 1.92 2.88
0.002573 1.92 2.88
0.002574 2.08 2.88
0.002575 2.16 3.04
0.002576 2.16 2.96
0.002577 2.24 3.12
0.002578 2.24 3.12
0.002579 2.32 3.2
0.00258 2.32 3.28
0.002581 2.48 3.28
0.002582 2.56 3.36
0.002583 2.56 3.44
0.002584 2.64 3.52
0.002585 2.72 3.52
0.002586 2.8 3.6
0.002587 2.8 3.6
0.002588 2.8 3.68
0.002589 2.96 3.76
0.00259 2.96 3.84
0.002591 2.96 3.84
0.002592 3.12 3.84
0.002593 3.12 4
0.002594 3.28 4
0.002595 3.28 4
0.002596 3.28 4.08
0.002597 3.44 4.08
0.002598 3.44 4.16
0.002599 3.44 4.24
0.0026 3.52 4.24
0.002601 3.6 4.32
0.002602 3.6 4.24
0.002603 3.76 4.4
0.002604 3.76 4.4
0.002605 3.76 4.4
0.002606 3.76 4.56
0.002607 3.84 4.48
0.002608 3.84 4.64
0.002609 4 4.64
0.00261 4 4.56
0.002611 4.08 4.64
0.002612 4.08 4.64
0.002613 4.08 4.8
0.002614 4.16 4.8
0.002615 4.24 4.8
0.002616 4.24 4.88
0.002617 4.32 4.88
0.002618 4.4 4.88
0.002619 4.4 4.96
0.00262 4.48 4.96
0.002621 4.48 5.04
0.002622 4.48 5.04
0.002623 4.48 5.04
0.002624 4.56 5.12
0.002625 4.56 5.12
0.002626 4.72 5.12
0.002627 4.72 5.2
0.002628 4.72 5.2
0.002629 4.72 5.28
0.00263 4.72 5.28
0.002631 4.8 5.28
0.002632 4.8 5.28
0.002633 4.88 5.28
0.002634 4.88 5.36
0.002635 4.88 5.44
0.002636 4.88 5.36
0.002637 5.04 5.44
0.002638 5.04 5.36
0.002639 5.04 5.44
0.00264 5.04 5.44
0.002641 5.04 5.44
0.002642 5.12 5.52
0.002643 5.12 5.44
0.002644 5.2 5.52
0.002645 5.2 5.52
0.002646 5.2 5.44
0.002647 5.36 5.52
0.002648 5.2 5.52
0.002649 5.28 5.52
0.00265 5.36 5.6
0.002651 5.36 5.52
0.002652 5.36 5.6
0.002653 5.36 5.52
0.002654 5.36 5.6
0.002655 5.36 5.52
0.002656 5.36 5.52
0.002657 5.36 5.52
0.002658 5.44 5.6
0.002659 5.44 5.6
0.00266 5.36 5.6
0.002661 5.44 5.6
0.002662 5.44 5.6
0.002663 5.44 5.6
0.002664 5.44 5.6
0.002665 5.44 5.6
0.002666 5.44 5.6
0.002667 5.44 5.52
0.002668 5.52 5.6
0.002669 5.52 5.52
0.00267 5.44 5.52
0.002671 5.44 5.52
0.002672 5.52 5.52
0.002673 5.52 5.52
0.002674 5.44 5.52
0.002675 5.44 5.44
0.002676 5.52 5.52
0.002677 5.44 5.44
0.002678 5.52 5.44
0.002679 5.44 5.44
0.00268 5.44 5.36
0.002681 5.52 5.44
0.002682 5.44 5.44
0.002683 5.44 5.44
0.002684 5.44 5.36
0.002685 5.44 5.36
0.002686 5.44 5.36
0.002687 5.44 5.36
0.002688 5.36 5.28
0.002689 5.44 5.28
0.00269 5.44 5.2
0.002691 5.36 5.2
0.002692 5.36 5.12
0.002693 5.36 5.12
0.002694 5.36 5.2
0.002695 5.36 5.12
0.002696 5.36 5.04
0.002697 5.28 5.04
0.002698 5.2 5.04
0.002699 5.28 4.96
0.0027 5.2 4.96
0.002701 5.2 4.96
0.002702 5.2 4.88
0.002703 5.2 4.8
0.002704 5.12 4.88
0.002705 5.12 4.8
0.002706 5.04 4.8
0.002707 5.04 4.8
0.002708 5.04 4.72
0.002709 5.04 4.64
0.00271 5.04 4.64
0.002711 4.96 4.56
0.002712 5.04 4.56
0.002713 4.88 4.48
0.002714 4.88 4.48
0.002715 4.88 4.48
0.002716 4.88 4.32
0.002717 4.8 4.32
0.002718 4.72 4.24
0.002719 4.72 4.24
0.00272 4.72 4.24
0.002721 4.72 4.08
0.002722 4.72 4.16
0.002723 4.56 4.08
0.002724 4.56 4
0.002725 4.56 4
0.002726 4.48 3.84
0.002727 4.4 3.92
0.002728 4.4 3.84
0.002729 4.4 3.68
0.00273 4.24 3.68
0.002731 4.24 3.68
0.002732 4.24 3.6
0.002733 4.16 3.6
0.002734 4.16 3.52
0.002735 4.08 3.52
0.002736 4 3.36
0.002737 4 3.36
0.002738 3.92 3.36
0.002739 3.92 3.2
0.00274 3.84 3.2
0.002741 3.76 3.12
0.002742 3.76 3.04
0.002743 3.76 3.04
0.002744 3.6 2.96
0.002745 3.6 2.88
0.002746 3.6 2.88
0.002747 3.44 2.8
0.002748 3.44 2.72
0.002749 3.44 2.64
0.00275 3.44 2.64
0.002751 3.28 2.56
0.002752 3.28 2.56
0.002753 3.2 2.48
0.002754 3.12 2.4
0.002755 3.12 2.32
0.002756 2.96 2.32
0.002757 2.96 2.24
0.002758 2.96 2.24
0.002759 2.88 2.08
0.00276 2.8 2
0.002761 2.8 2
0.002762 2.72 1.92
0.002763 2.64 1.76
0.002764 2.56 1.76
0.002765 2.48 1.68
0.002766 2.48 1.6
0.002767 2.32 1.6
0.002768 2.32 1.44
0.002769 2.24 1.44
0.00277 2.24 1.36
0.002771 2.16 1.28
0.002772 2.16 1.28
0.002773 2 1.2
0.002774 2 1.12
0.002775 1.92 1.04
0.002776 1.84 0.96
0.002777 1.84 0.96
0.002778 1.68 0.88
0.002779 1.6 0.88
0.00278 1.6 0.72
0.002781 1.52 0.64
0.002782 1.52 0.56
0.002783 1.36 0.48
0.002784 1.28 0.48
0.002785 1.28 0.4
0.002786 1.2 0.32
0.002787 1.12 0.32
0.002788 1.04 0.16
0.002789 1.04 0.16
0.00279 0.96 0.08
0.002791 0.88 0
0.002792 0.8 0
0.002793 0.8 -0.24
0.002794 0.64 -0.24
0.002795 0.64 -0.32
0.002796 0.64 -0.48
0.002797 0.56 -0.48
0.002798 0.4 -0.56
0.002799 0.32 -0.64
0.0028 0.24 -0.64
0.002801 0.24 -0.8
0.002802 0.16 -0.8
0.002803 0.08 -0.88
0.002804 0.08 -0.96
0.002805 0 -1.04
0.002806 -0.16 -1.12
0.002807 -0.16 -1.2
0.002808 -0.32 -1.2
0.002809 -0.32 -1.28
0.00281 -0.48 -1.36
0.002811 -0.48 -1.36
0.002812 -0.64 -1.52
0.002813 -0.64 -1.52
0.002814 -0.72 -1.68
0.002815 -0.72 -1.68
0.002816 -0.8 -1.68
0.002817 -0.88 -1.84
0.002818 -0.96 -1.84
0.002819 -1.12 -1.92
0.00282 -1.12 -2
0.002821 -1.12 -2
0.002822 -1.2 -2.16
0.002823 -1.28 -2.16
0.002824 -1.36 -2.32
0.002825 -1.44 -2.32
0.002826 -1.44 -2.32
0.002827 -1.52 -2.48
0.002828 -1.6 -2.48
0.002829 -1.68 -2.64
0.00283 -1.76 -2.64
0.002831 -1.76 -2.64
0.002832 -1.92 -2.8
0.002833 -1.92 -2.8
0.002834 -1.92 -2.88
0.002835 -2.08 -2.88
0.002836 -2.08 -2.88
0.002837 -2.16 -3.04
0.002838 -2.24 -3.12
0.002839 -2.32 -3.12
0.00284 -2.4 -3.2
0.002841 -2.4 -3.2
0.002842 -2.56 -3.28
0.002843 -2.56 -3.28
0.002844 -2.64 -3.44
0.002845 -2.64 -3.52
0.002846 -2.72 -3.52
0.002847 -2.72 -3.6
0.002848 -2.88 -3.68
0.002849 -2.88 -3.6
0.00285 -2.96 -3.76
0.002851 -3.04 -3.84
0.002852 -3.04 -3.84
0.002853 -3.2 -3.92
0.002854 -3.2 -3.92
0.002855 -3.2 -3.92
0.002856 -3.28 -4.08
0.002857 -3.36 -4.08
0.002858 -3.36 -4.16
0.002859 -3.36 -4.16
0.00286 -3.52 -4.24
0.002861 -3.6 -4.32
0.002862 -3.6 -4.24
0.002863 -3.68 -4.4
0.002864 -3.68 -4.4
0.002865 -3.76 -4.48
0.002866 -3.84 -4.48
0.002867 -3.92 -4.48
0.002868 -3.92 -4.56
0.002869 -4 -4.56
0.00287 -4 -4.72
0.002871 -4 -4.72
0.002872 -4.08 -4.72
0.002873 -4.16 -4.8
0.002874 -4.24 -4.8
0.002875 -4.24 -4.88
0.002876 -4.32 -4.88
0.002877 -4.24 -4.88
0.002878 -4.32 -4.96
0.002879 -4.32 -4.96
0.00288 -4.48 -4.96
0.002881 -4.48 -5.04
0.002882 -4.56 -5.12
0.002883 -4.56 -5.12
0.002884 -4.64 -5.12
0.002885 -4.64 -5.12
0.002886 -4.8 -5.2
0.002887 -4.72 -5.2
0.002888 -4.8 -5.28
0.002889 -4.8 -5.28
0.00289 -4.88 -5.28
0.002891 -4.88 -5.2
0.002892 -4.96 -5.36
0.002893 -4.96 -5.36
0.002894 -4.96 -5.44
0.002895 -4.96 -5.44
0.002896 -5.12 -5.36
0.002897 -5.04 -5.52
0.002898 -5.04 -5.44
0.002899 -5.12 -5.52
0.0029 -5.2 -5.52
0.002901 -5.2 -5.44
0.002902 -5.2 -5.52
0.002903 -5.2 -5.52
0.002904 -5.2 -5.6
0.002905 -5.28 -5.6
0.002906 -5.28 -5.6
0.002907 -5.28 -5.68
0.002908 -5.36 -5.6
0.002909 -5.28 -5.68
0.00291 -5.44 -5.76
0.002911 -5.44 -5.6
0.002912 -5.44 -5.76
0.002913 -5.44 -5.68
0.002914 -5.44 -5.68
0.002915 -5.52 -5.76
0.002916 -5.52 -5.68
0.002917 -5.52 -5.68
0.002918 -5.52 -5.68
0.002919 -5.6 -5.76
0.00292 -5.6 -5.76
0.002921 -5.6 -5.68
0.002922 -5.6 -5.76
0.002923 -5.6 -5.68
0.002924 -5.52 -5.68
0.002925 -5.6 -5.76
0.002926 -5.6 -5.76
0.002927 -5.6 -5.68
0.002928 -5.6 -5.76
0.002929 -5.6 -5.68
0.00293 -5.6 -5.76
0.002931 -5.6 -5.68
0.002932 -5.6 -5.68
0.002933 -5.6 -5.68
0.002934 -5.6 -5.6
0.002935 -5.76 -5.68
0.002936 -5.6 -5.68
0.002937 -5.68 -5.6
0.002938 -5.6 -5.6
0.002939 -5.68 -5.6
0.00294 -5.68 -5.6
0.002941 -5.6 -5.6
0.002942 -5.6 -5.52
0.002943 -5.6 -5.52
0.002944 -5.6 -5.52
0.002945 -5.6 -5.52
0.002946 -5.68 -5.52
0.002947 -5.6 -5.44
0.002948 -5.6 -5.44
0.002949 -5.6 -5.44
0.00295 -5.6 -5.44
0.002951 -5.6 -5.44
0.002952 -5.6 -5.36
0.002953 -5.52 -5.36
0.002954 -5.52 -5.36
0.002955 -5.52 -5.28
0.002956 -5.52 -5.28
0.002957 -5.52 -5.28
0.002958 -5.44 -5.2
0.002959 -5.44 -5.2
0.00296 -5.44 -5.12
0.002961 -5.44 -5.12
0.002962 -5.44 -5.12
0.002963 -5.44 -5.12
0.002964 -5.36 -5.12
0.002965 -5.36 -5.04
0.002966 -5.28 -5.04
0.002967 -5.28 -4.96
0.002968 -5.28 -4.88
0.002969 -5.28 -4.88
0.00297 -5.28 -4.8
0.002971 -5.28 -4.8
0.002972 -5.12 -4.8
0.002973 -5.12 -4.72
0.002974 -5.12 -4.8
0.002975 -5.12 -4.64
0.002976 -5.12 -4.64
0.002977 -5.12 -4.64
0.002978 -4.96 -4.56
0.002979 -4.96 -4.56
0.00298 -4.96 -4.48
0.002981 -4.88 -4.4
0.002982 -4.96 -4.4
0.002983 -4.88 -4.24
0.002984 -4.88 -4.32
0.002985 -4.8 -4.24
0.002986 -4.8 -4.24
0.002987 -4.72 -4.16
0.002988 -4.64 -4.08
0.002989 -4.64 -4.08
0.00299 -4.56 -4
0.002991 -4.56 -3.92
0.002992 -4.56 -3.92
0.002993 -4.48 -3.84
0.002994 -4.48 -3.84
0.002995 -4.4 -3.76
0.002996 -4.32 -3.68
0.002997 -4.32 -3.68
0.002998 -4.24 -3.6
0.002999 -4.24 -3.52
0.003 -4.24 -3.6
0.003001 -4.16 -3.52
0.003002 -4 -3.36
0.003003 -4 -3.36
0.003004 -4 -3.2
0.003005 -3.92 -3.28
0.003006 -3.92 -3.12
0.003007 -3.84 -3.04
0.003008 -3.76 -3.12
0.003009 -3.68 -2.96
0.00301 -3.68 -2.96
0.003011 -3.68 -2.88
0.003012 -3.6 -2.72
0.003013 -3.52 -2.8
0.003014 -3.52 -2.72
0.003015 -3.44 -2.64
0.003016 -3.36 -2.56
0.003017 -3.28 -2.56
0.003018 -3.28 -2.48
0.003019 -3.2 -2.32
0.00302 -3.2 -2.32
0.003021 -3.04 -2.24
0.003022 -3.04 -2.16
0.003023 -3.04 -2.16
0.003024 -2.96 -2
0.003025 -2.88 -2
0.003026 -2.72 -1.92
0.003027 -2.72 -1.84
0.003028 -2.64 -1.84
0.003029 -2.64 -1.76
0.00303 -2.56 -1.68
0.003031 -2.48 -1.6
0.003032 -2.4 -1.6
0.003033 -2.4 -1.52
0.003034 -2.32 -1.52
0.003035 -2.24 -1.36
0.003036 -2.24 -1.28
0.003037 -2.16 -1.28
0.003038 -2.08 -1.12
0.003039 -2 -1.12
0.00304 -1.92 -1.04
0.003041 -1.92 -0.96
0.003042 -1.76 -0.96
0.003043 -1.76 -0.8
0.003044 -1.68 -0.8
0.003045 -1.6 -0.64
0.003046 -1.6 -0.64
0.003047 -1.44 -0.64
0.003048 -1.44 -0.48
0.003049 -1.36 -0.4
0.00305 -1.28 -0.32
0.003051 -1.28 -0.32
0.003052 -1.2 -0.24
0.003053 -1.12 0
0.003054 -1.04 0
0.003055 -1.04 0
0.003056 -0.96 0.08
0.003057 -0.8 0.16
0.003058 -0.8 0.32
0.003059 -0.72 0.24
0.00306 -0.72 0.32
0.003061 -0.64 0.4
0.003062 -0.48 0.48
0.003063 -0.48 0.56
0.003064 -0.4 0.64
0.003065 -0.4 0.64
0.003066 -0.32 0.72
0.003067 -0.16 0.88
0.003068 -0.16 0.88
0.003069 0 0.96
0.00307 0.08 0.96
0.003071 0.24 1.12
0.003072 0.24 1.2
0.003073 0.24 1.2
0.003074 0.32 1.28
0.003075 0.4 1.36
0.003076 0.4 1.36
0.003077 0.56 1.52
0.003078 0.56 1.44
0.003079 0.72 1.6
0.00308 0.72 1.6
0.003081 0.88 1.68
0.003082 0.88 1.84
0.003083 0.88 1.76
0.003084 0.96 1.92
0.003085 1.04 1.92
0.003086 1.2 2.08
0.003087 1.2 2.16
0.003088 1.2 2.16
0.003089 1.28 2.32
0.00309 1.36 2.24
0.003091 1.36 2.4
0.003092 1.52 2.48
0.003093 1.52 2.4
0.003094 1.6 2.56
0.003095 1.68 2.56
0.003096 1.76 2.64
0.003097 1.84 2.72
0.003098 1.92 2.8
0.003099 1.92 2.88
0.0031 2 2.88
0.003101 2.08 2.96
0.003102 2.16 3.04
0.003103 2.16 3.04
0.003104 2.24 3.12
0.003105 2.32 3.12
0.003106 2.32 3.28
0.003107 2.48 3.28
0.003108 2.48 3.36
0.003109 2.48 3.44
0.00311 2.56 3.52
0.003111 2.64 3.52
0.003112 2.72 3.52
0.003113 2.8 3.6
0.003114 2.88 3.68
0.003115 2.88 3.76
0.003116 2.96 3.68
0.003117 3.04 3.84
0.003118 3.12 3.84
0.003119 3.12 3.92
0.00312 3.12 4
0.003121 3.28 4
0.003122 3.28 4.08
0.003123 3.44 4.16
0.003124 3.44 4.16
0.003125 3.44 4.16
0.003126 3.44 4.24
0.003127 3.52 4.24
0.003128 3.6 4.4
0.003129 3.6 4.32
0.00313 3.76 4.4
0.003131 3.76 4.48
0.003132 3.76 4.48
0.003133 3.84 4.56
0.003134 3.92 4.56
0.003135 3.92 4.56
0.003136 4 4.64
0.003137 4.08 4.64
0.003138 4.08 4.72
0.003139 4.08 4.72
0.00314 4.16 4.8
0.003141 4.24 4.88
0.003142 4.24 4.88
0.003143 4.24 4.88
0.003144 4.32 4.96
0.003145 4.4 4.96
0.003146 4.4 5.04
0.003147 4.4 4.96
0.003148 4.48 5.04
0.003149 4.56 5.12
0.00315 4.56 5.04
0.003151 4.56 5.12
0.003152 4.64 5.12
0.003153 4.72 5.12
0.003154 4.72 5.2
0.003155 4.72 5.2
0.003156 4.72 5.2
0.003157 4.8 5.28
0.003158 4.8 5.28
0.003159 4.88 5.36
0.00316 4.88 5.36
0.003161 4.96 5.36
0.003162 4.96 5.44
0.003163 5.04 5.44
0.003164 5.04 5.44
0.003165 5.04 5.44
0.003166 5.04 5.44
0.003167 5.12 5.44
0.003168 5.04 5.44
0.003169 5.12 5.52
0.00317 5.12 5.44
0.003171 5.2 5.44
0.003172 5.2 5.52
0.003173 5.2 5.52
0.003174 5.2 5.52
0.003175 5.28 5.52
0.003176 5.36 5.52
0.003177 5.36 5.52
0.003178 5.36 5.6
0.003179 5.36 5.6
0.00318 5.36 5.6
0.003181 5.36 5.52
0.003182 5.36 5.52
0.003183 5.36 5.6
0.003184 5.36 5.6
0.003185 5.44 5.6
0.003186 5.44 5.52
0.003187 5.44 5.52
0.003188 5.44 5.68
0.003189 5.44 5.52
0.00319 5.44 5.6
0.003191 5.44 5.52
0.003192 5.44 5.52
0.003193 5.44 5.6
0.003194 5.52 5.52
0.003195 5.52 5.52
0.003196 5.52 5.52
0.003197 5.44 5.52
0.003198 5.52 5.6
0.003199 5.44 5.52
0.0032 5.52 5.52
0.003201 5.44 5.44
0.003202 5.52 5.44
0.003203 5.44 5.52
0.003204 5.44 5.44
0.003205 5.52 5.44
0.003206 5.52 5.44
0.003207 5.52 5.44
0.003208 5.52 5.44
0.003209 5.44 5.44
0.00321 5.52 5.36
0.003211 5.44 5.36
0.003212 5.44 5.36
0.003213 5.44 5.28
0.003214 5.36 5.28
0.003215 5.44 5.28
0.003216 5.36 5.28
0.003217 5.36 5.2
0.003218 5.36 5.12
0.003219 5.36 5.12
0.00322 5.36 5.12
0.003221 5.36 5.12
0.003222 5.36 5.12
0.003223 5.36 5.04
0.003224 5.2 5.04
0.003225 5.36 4.96
0.003226 5.2 5.04
0.003227 5.2 4.96
0.003228 5.2 4.88
0.003229 5.2 4.96
0.00323 5.12 4.8
0.003231 5.12 4.8
0.003232 5.12 4.8
0.003233 5.12 4.72
0.003234 5.04 4.8
0.003235 5.04 4.64
0.003236 5.04 4.64
0.003237 5.04 4.64
0.003238 4.96 4.56
0.003239 4.96 4.56
0.00324 4.88 4.48
0.003241 4.88 4.48
0.003242 4.8 4.32
0.003243 4.8 4.32
0.003244 4.72 4.32
0.003245 4.72 4.24
0.003246 4.72 4.24
0.003247 4.64 4.16
0.003248 4.72 4.16
0.003249 4.56 4.08
0.00325 4.56 4
0.003251 4.56 3.92
0.003252 4.48 3.92
0.003253 4.4 3.92
0.003254 4.4 3.84
0.003255 4.4 3.84
0.003256 4.32 3.68
0.003257 4.24 3.68
0.003258 4.24 3.68
0.003259 4.16 3.52
0.00326 4.16 3.52
0.003261 4.08 3.44
0.003262 4.08 3.52
0.003263 4 3.44
0.003264 4 3.28
0.003265 3.84 3.28
0.003266 3.84 3.2
0.003267 3.76 3.2
0.003268 3.76 3.2
0.003269 3.76 3.04
0.00327 3.76 2.96
0.003271 3.6 2.88
0.003272 3.52 2.88
0.003273 3.52 2.88
0.003274 3.44 2.72
0.003275 3.44 2.72
0.003276 3.44 2.64
0.003277 3.28 2.64
0.003278 3.28 2.56
0.003279 3.2 2.4
0.00328 3.12 2.4
0.003281 3.12 2.32
0.003282 3.12 2.32
0.003283 2.96 2.24
0.003284 2.96 2.16
0.003285 2.88 2.08
0.003286 2.8 2.08
0.003287 2.8 2
0.003288 2.64 1.84
0.003289 2.64 1.84
0.00329 2.56 1.76
0.003291 2.48 1.68
0.003292 2.48 1.6
0.003293 2.4 1.52
0.003294 2.32 1.6
0.003295 2.32 1.44
0.003296 2.24 1.44
0.003297 2.16 1.28
0.003298 2.16 1.28
0.003299 2.08 1.2
0.0033 1.92 1.12
0.003301 1.92 1.04
0.003302 1.84 0.96
0.003303 1.76 0.96
0.003304 1.68 0.88
0.003305 1.6 0.8
0.003306 1.6 0.72
0.003307 1.52 0.72
0.003308 1.52 0.56
0.003309 1.36 0.56
0.00331 1.36 0.48
0.003311 1.28 0.4
0.003312 1.28 0.32
0.003313 1.2 0.32
0.003314 1.04 0.24
0.003315 1.04 0.16
0.003316 0.96 0.08
0.003317 0.88 0
0.003318 0.88 0
0.003319 0.8 0
0.00332 0.72 -0.24
0.003321 0.64 -0.4
0.003322 0.56 -0.32
0.003323 0.56 -0.48
0.003324 0.4 -0.56
0.003325 0.32 -0.56
0.003326 0.32 -0.72
0.003327 0.24 -0.64
0.003328 0.24 -0.8
0.003329 0.16 -0.88
0.00333 0 -0.96
0.003331 0 -1.04
0.003332 0 -0.96
0.003333 -0.16 -1.12
0.003334 -0.32 -1.28
0.003335 -0.4 -1.28
0.003336 -0.48 -1.36
0.003337 -0.48 -1.36
0.003338 -0.56 -1.44
0.003339 -0.64 -1.52
0.00334 -0.72 -1.6
0.003341 -0.72 -1.68
0.003342 -0.8 -1.68
0.003343 -0.88 -1.84
0.003344 -0.96 -1.92
0.003345 -1.04 -1.92
0.003346 -1.12 -2
0.003347 -1.12 -2
0.003348 -1.12 -2.16
0.003349 -1.28 -2.24
0.00335 -1.36 -2.24
0.003351 -1.44 -2.32
0.003352 -1.44 -2.32
0.003353 -1.52 -2.4
0.003354 -1.6 -2.48
0.003355 -1.68 -2.56
0.003356 -1.68 -2.56
0.003357 -1.76 -2.64
0.003358 -1.76 -2.72
0.003359 -1.92 -2.8
0.00336 -2 -2.88
0.003361 -2.08 -2.88
0.003362 -2.08 -2.96
0.003363 -2.16 -3.04
0.003364 -2.24 -3.04
0.003365 -2.32 -3.2
0.003366 -2.4 -3.2
0.003367 -2.4 -3.28
0.003368 -2.48 -3.28
0.003369 -2.56 -3.28
0.00337 -2.56 -3.52
0.003371 -2.64 -3.44
0.003372 -2.72 -3.52
0.003373 -2.72 -3.6
0.003374 -2.88 -3.6
0.003375 -2.88 -3.68
0.003376 -2.96 -3.68
0.003377 -2.96 -3.84
0.003378 -3.04 -3.84
0.003379 -3.04 -3.84
0.00338 -3.2 -4
0.003381 -3.2 -3.92
0.003382 -3.28 -4.08
0.003383 -3.36 -4.08
0.003384 -3.36 -4.08
0.003385 -3.36 -4.24
0.003386 -3.52 -4.16
0.003387 -3.6 -4.24
0.003388 -3.6 -4.32
0.003389 -3.68 -4.32
0.00339 -3.68 -4.4
0.003391 -3.68 -4.48
0.003392 -3.84 -4.48
0.003393 -3.84 -4.56
0.003394 -3.92 -4.56
0.003395 -3.92 -4.56
0.003396 -4 -4.64
0.003397 -4 -4.64
0.003398 -4 -4.72
0.003399 -4.16 -4.8
0.0034 -4.16 -4.8
0.003401 -4.16 -4.8
0.003402 -4.32 -4.88
0.003403 -4.32 -4.88
0.003404 -4.32 -4.96
0.003405 -4.32 -4.96
0.003406 -4.48 -4.96
0.003407 -4.48 -4.96
0.003408 -4.48 -5.12
0.003409 -4.56 -5.2
0.00341 -4.56 -5.12
0.003411 -4.64 -5.12
0.003412 -4.64 -5.2
0.003413 -4.72 -5.2
0.003414 -4.8 -5.28
0.003415 -4.8 -5.2
0.003416 -4.8 -5.28
0.003417 -4.88 -5.28
0.003418 -4.96 -5.36
0.003419 -4.96 -5.36
0.00342 -4.96 -5.36
0.003421 -4.96 -5.44
0.003422 -4.96 -5.44
0.003423 -5.04 -5.44
0.003424 -5.12 -5.44
0.003425 -5.12 -5.52
0.003426 -5.2 -5.52
0.003427 -5.2 -5.52
0.003428 -5.2 -5.52
0.003429 -5.2 -5.52
0.00343 -5.28 -5.6
0.003431 -5.28 -5.68
0.003432 -5.28 -5.6
0.003433 -5.36 -5.6
0.003434 -5.28 -5.6
0.003435 -5.36 -5.68
0.003436 -5.36 -5.68
0.003437 -5.44 -5.68
0.003438 -5.44 -5.68
0.003439 -5.44 -5.68
0.00344 -5.44 -5.68
0.003441 -5.52 -5.68
0.003442 -5.52 -5.68
0.003443 -5.52 -5.68
0.003444 -5.52 -5.68
0.003445 -5.52 -5.76
0.003446 -5.6 -5.68
0.003447 -5.6 -5.68
0.003448 -5.6 -5.76
0.003449 -5.52 -5.68
0.00345 -5.6 -5.76
0.003451 -5.6 -5.76
0.003452 -5.6 -5.76
0.003453 -5.6 -5.68
0.003454 -5.6 -5.68
0.003455 -5.6 -5.76
0.003456 -5.6 -5.68
0.003457 -5.6 -5.76
0.003458 -5.6 -5.68
0.003459 -5.6 -5.68
0.00346 -5.68 -5.68
0.003461 -5.68 -5.68
0.003462 -5.6 -5.68
0.003463 -5.68 -5.68
0.003464 -5.6 -5.6
0.003465 -5.6 -5.68
0.003466 -5.6 -5.6
0.003467 -5.6 -5.6
0.003468 -5.6 -5.6
0.003469 -5.6 -5.52
0.00347 -5.6 -5.52
0.003471 -5.6 -5.52
0.003472 -5.6 -5.52
0.003473 -5.6 -5.52
0.003474 -5.6 -5.44
0.003475 -5.6 -5.44
0.003476 -5.6 -5.44
0.003477 -5.6 -5.36
0.003478 -5.6 -5.44
0.003479 -5.52 -5.44
0.00348 -5.52 -5.28
0.003481 -5.52 -5.36
0.003482 -5.6 -5.28
0.003483 -5.52 -5.28
0.003484 -5.52 -5.2
0.003485 -5.44 -5.12
0.003486 -5.52 -5.2
0.003487 -5.44 -5.12
0.003488 -5.36 -5.12
0.003489 -5.44 -5.12
0.00349 -5.36 -4.96
0.003491 -5.36 -5.04
0.003492 -5.28 -5.04
0.003493 -5.28 -4.96
0.003494 -5.28 -4.96
0.003495 -5.28 -4.88
0.003496 -5.2 -4.8
0.003497 -5.28 -4.8
0.003498 -5.2 -4.8
0.003499 -5.2 -4.8
0.0035 -5.12 -4.72
0.003501 -5.12 -4.72
0.003502 -5.12 -4.72
0.003503 -5.04 -4.48
0.003504 -5.04 -4.56
0.003505 -4.96 -4.48
0.003506 -4.96 -4.48
0.003507 -4.96 -4.48
0.003508 -4.88 -4.32
0.003509 -4.88 -4.32
0.00351 -4.88 -4.32
0.003511 -4.8 -4.24
0.003512 -4.8 -4.24
0.003513 -4.8 -4.16
0.003514 -4.64 -4.16
0.003515 -4.64 -4.08
0.003516 -4.64 -4.08
0.003517 -4.56 -4
0.003518 -4.48 -3.84
0.003519 -4.48 -3.92
0.00352 -4.48 -3.92
0.003521 -4.32 -3.76
0.003522 -4.32 -3.76
0.003523 -4.24 -3.68
0.003524 -4.24 -3.6
0.003525 -4.16 -3.6
0.003526 -4.16 -3.52
0.003527 -4.16 -3.44
0.003528 -4.16 -3.44
0.003529 -4 -3.36
0.00353 -4 -3.28
0.003531 -3.92 -3.28
0.003532 -3.92 -3.2
0.003533 -3.84 -3.12
0.003534 -3.84 -3.04
0.003535 -3.76 -3.04
0.003536 -3.68 -2.96
0.003537 -3.68 -2.88
0.003538 -3.6 -2.88
0.003539 -3.52 -2.8
0.00354 -3.52 -2.64
0.003541 -3.44 -2.72
0.003542 -3.36 -2.64
0.003543 -3.36 -2.56
0.003544 -3.28 -2.48
0.003545 -3.2 -2.4
0.003546 -3.04 -2.32
0.003547 -3.12 -2.24
0.003548 -3.04 -2.24
0.003549 -3.04 -2.16
0.00355 -2.96 -2.08
0.003551 -2.88 -2
0.003552 -2.8 -1.92
0.003553 -2.72 -1.92
0.003554 -2.64 -1.92
0.003555 -2.64 -1.68
0.003556 -2.64 -1.76
0.003557 -2.56 -1.68
0.003558 -2.4 -1.6
0.003559 -2.4 -1.52
0.00356 -2.32 -1.44
0.003561 -2.32 -1.44
0.003562 -2.24 -1.28
0.003563 -2.16 -1.28
0.003564 -2.08 -1.2
0.003565 -2 -1.12
0.003566 -2 -1.04
0.003567 -1.92 -1.04
0.003568 -1.84 -0.96
0.003569 -1.76 -0.88
0.00357 -1.76 -0.8
0.003571 -1.68 -0.72
0.003572 -1.6 -0.64
0.003573 -1.52 -0.64
0.003574 -1.44 -0.56
0.003575 -1.44 -0.4
0.003576 -1.28 -0.32
0.003577 -1.36 -0.32
0.003578 -1.12 -0.24
0.003579 -1.12 -0.24
0.00358 -1.12 -0.16
0.003581 -1.04 0
0.003582 -1.04 0
0.003583 -0.96 0.16
0.003584 -0.8 0.16
0.003585 -0.8 0.24
0.003586 -0.72 0.32
0.003587 -0.64 0.4
0.003588 -0.48 0.48
0.003589 -0.48 0.48
0.00359 -0.4 0.56
0.003591 -0.32 0.72
0.003592 -0.32 0.72
0.003593 -0.16 0.8
0.003594 -0.16 0.8
0.003595 -0.16 0.88
0.003596 0.08 1.04
0.003597 0.16 1.04
0.003598 0.16 1.12
0.003599 0.24 1.2
0.0036 0.32 1.2
0.003601 0.4 1.36
0.003602 0.4 1.36
0.003603 0.56 1.44
0.003604 0.56 1.52
0.003605 0.64 1.6
0.003606 0.72 1.68
0.003607 0.8 1.68
0.003608 0.88 1.76
0.003609 0.88 1.84
0.00361 0.96 1.92
0.003611 1.04 2
0.003612 1.12 2.08
0.003613 1.2 2.08
0.003614 1.2 2.16
0.003615 1.28 2.24
0.003616 1.36 2.32
0.003617 1.36 2.32
0.003618 1.52 2.32
0.003619 1.52 2.48
0.00362 1.6 2.56
0.003621 1.68 2.56
0.003622 1.68 2.64
0.003623 1.84 2.72
0.003624 1.84 2.72
0.003625 1.92 2.88
0.003626 2 2.88
0.003627 2 2.96
0.003628 2.16 2.96
0.003629 2.16 3.04
0.00363 2.16 3.2
0.003631 2.32 3.12
0.003632 2.32 3.28
0.003633 2.48 3.28
0.003634 2.48 3.28
0.003635 2.56 3.44
0.003636 2.56 3.36
0.003637 2.64 3.52
0.003638 2.72 3.52
0.003639 2.8 3.6
0.00364 2.88 3.6
0.003641 2.88 3.6
0.003642 2.88 3.84
0.003643 2.96 3.84
0.003644 2.96 3.84
0.003645 3.12 3.84
0.003646 3.2 3.92
0.003647 3.28 4
0.003648 3.28 4.08
0.003649 3.28 4.08
0.00365 3.44 4.16
0.003651 3.44 4.16
0.003652 3.44 4.16
0.003653 3.52 4.32
0.003654 3.6 4.24
0.003655 3.6 4.32
0.003656 3.6 4.4
0.003657 3.68 4.48
0.003658 3.76 4.56
0.003659 3.76 4.56
0.00366 3.84 4.56
0.003661 3.92 4.56
0.003662 4 4.64
0.003663 4 4.64
0.003664 4.08 4.64
0.003665 4.08 4.72
0.003666 4.16 4.88
0.003667 4.16 4.8
0.003668 4.24 4.88
0.003669 4.24 4.88
0.00367 4.4 4.88
0.003671 4.4 4.96
0.003672 4.4 4.96
0.003673 4.4 5.04
0.003674 4.56 5.04
0.003675 4.48 5.12
0.003676 4.56 5.12
0.003677 4.64 5.12
0.003678 4.72 5.12
0.003679 4.72 5.2
0.00368 4.72 5.2
0.003681 4.72 5.28
0.003682 4.72 5.28
0.003683 4.8 5.28
0.003684 4.8 5.36
0.003685 4.88 5.28
0.003686 4.88 5.36
0.003687 4.88 5.36
0.003688 4.88 5.36
0.003689 5.04 5.44
0.00369 5.04 5.44
0.003691 5.04 5.44
0.003692 5.04 5.44
0.003693 5.04 5.44
0.003694 5.12 5.52
0.003695 5.04 5.52
0.003696 5.12 5.44
0.003697 5.12 5.52
0.003698 5.2 5.52
0.003699 5.2 5.6
0.0037 5.28 5.52
0.003701 5.2 5.52
0.003702 5.28 5.52
0.003703 5.28 5.52
0.003704 5.36 5.52
0.003705 5.36 5.6
0.003706 5.36 5.52
0.003707 5.36 5.6
0.003708 5.36 5.6
0.003709 5.44 5.6
0.00371 5.36 5.52
0.003711 5.44 5.52
0.003712 5.36 5.6
0.003713 5.44 5.6
0.003714 5.44 5.6
0.003715 5.44 5.6
0.003716 5.44 5.52
0.003717 5.44 5.6
0.003718 5.44 5.52
0.003719 5.44 5.52
0.00372 5.52 5.6
0.003721 5.52 5.6
0.003722 5.52 5.52
0.003723 5.52 5.52
0.003724 5.52 5.52
0.003725 5.52 5.52
0.003726 5.52 5.52
0.003727 5.52 5.52
0.003728 5.52 5.52
0.003729 5.52 5.44
0.00373 5.52 5.52
0.003731 5.52 5.52
0.003732 5.44 5.44
0.003733 5.44 5.44
0.003734 5.44 5.36
0.003735 5.44 5.44
0.003736 5.44 5.44
0.003737 5.44 5.28
0.003738 5.44 5.36
0.003739 5.44 5.28
0.00374 5.44 5.28
0.003741 5.44 5.28
0.003742 5.44 5.2
0.003743 5.36 5.28
0.003744 5.36 5.12
0.003745 5.36 5.12
0.003746 5.36 5.2
0.003747 5.36 5.12
0.003748 5.28 5.12
0.003749 5.36 5.12
0.00375 5.2 4.96
0.003751 5.28 5.04
0.003752 5.2 4.96
0.003753 5.2 4.96
0.003754 5.2 4.88
0.003755 5.2 4.88
0.003756 5.2 4.8
0.003757 5.2 4.8
0.003758 5.12 4.8
0.003759 5.12 4.8
0.00376 5.12 4.72
0.003761 5.04 4.72
0.003762 5.04 4.64
0.003763 5.04 4.56
0.003764 5.04 4.56
0.003765 4.88 4.48
0.003766 4.88 4.48
0.003767 4.88 4.48
0.003768 4.8 4.4
0.003769 4.88 4.32
0.00377 4.8 4.32
0.003771 4.72 4.24
0.003772 4.72 4.24
0.003773 4.72 4.16
0.003774 4.56 4.16
0.003775 4.64 4.08
0.003776 4.56 4
0.003777 4.56 4
0.003778 4.48 3.92
0.003779 4.4 3.92
0.00378 4.4 3.84
0.003781 4.4 3.76
0.003782 4.32 3.84
0.003783 4.24 3.68
0.003784 4.24 3.68
0.003785 4.16 3.6
0.003786 4.16 3.52
0.003787 4.16 3.6
0.003788 4.08 3.44
0.003789 4.08 3.44
0.00379 4 3.28
0.003791 3.92 3.28
0.003792 3.84 3.28
0.003793 3.84 3.2
0.003794 3.76 3.12
0.003795 3.76 3.12
0.003796 3.76 2.96
0.003797 3.6 2.96
0.003798 3.6 2.88
0.003799 3.52 2.8
0.0038 3.52 2.8
0.003801 3.44 2.72
0.003802 3.44 2.64
0.003803 3.36 2.56
0.003804 3.28 2.56
0.003805 3.2 2.56
0.003806 3.2 2.4
0.003807 3.12 2.32
0.003808 3.04 2.32
0.003809 2.96 2.24
0.00381 2.96 2.16
0.003811 2.88 2.16
0.003812 2.8 2
0.003813 2.8 2
0.003814 2.8 1.92
0.003815 2.64 1.84
0.003816 2.56 1.84
0.003817 2.56 1.6
0.003818 2.48 1.68
0.003819 2.48 1.6
0.00382 2.32 1.52
0.003821 2.32 1.44
0.003822 2.24 1.36
0.003823 2.24 1.36
0.003824 2.16 1.28
0.003825 2.16 1.2
0.003826 2 1.2
0.003827 1.92 1.04
0.003828 1.84 0.96
0.003829 1.84 0.96
0.00383 1.68 0.88
0.003831 1.68 0.8
0.003832 1.6 0.72
0.003833 1.6 0.64
0.003834 1.52 0.64
0.003835 1.44 0.56
0.003836 1.36 0.48
0.003837 1.28 0.4
0.003838 1.28 0.32
0.003839 1.2 0.32
0.00384 1.2 0.16
0.003841 1.04 0.16
0.003842 0.96 0.08
0.003843 0.88 0
0.003844 0.88 0
0.003845 0.88 -0.24
0.003846 0.72 -0.24
0.003847 0.64 -0.32
0.003848 0.64 -0.4
0.003849 0.56 -0.4
0.00385 0.48 -0.48
0.003851 0.4 -0.56
0.003852 0.32 -0.64
0.003853 0.32 -0.72
0.003854 0.24 -0.8
0.003855 0.24 -0.88
0.003856 0.08 -0.88
0.003857 0 -0.96
0.003858 -0.16 -1.04
0.003859 -0.16 -1.04
0.00386 -0.24 -1.2
0.003861 -0.32 -1.2
0.003862 -0.4 -1.28
0.003863 -0.48 -1.36
0.003864 -0.48 -1.44
0.003865 -0.64 -1.44
0.003866 -0.64 -1.6
0.003867 -0.72 -1.6
0.003868 -0.72 -1.68
0.003869 -0.88 -1.76
0.00387 -0.96 -1.84
0.003871 -1.04 -1.84
0.003872 -1.04 -1.92
0.003873 -1.12 -2
0.003874 -1.12 -2.16
0.003875 -1.28 -2.16
0.003876 -1.36 -2.24
0.003877 -1.36 -2.32
0.003878 -1.44 -2.32
0.003879 -1.44 -2.4
0.00388 -1.6 -2.4
0.003881 -1.68 -2.56
0.003882 -1.76 -2.64
0.003883 -1.76 -2.64
0.003884 -1.76 -2.72
0.003885 -1.92 -2.72
0.003886 -1.92 -2.88
0.003887 -2.08 -2.96
0.003888 -2.08 -2.96
0.003889 -2.16 -2.96
0.00389 -2.24 -3.04
0.003891 -2.24 -3.12
0.003892 -2.32 -3.2
0.003893 -2.4 -3.2
0.003894 -2.4 -3.28
0.003895 -2.48 -3.36
0.003896 -2.64 -3.44
0.003897 -2.64 -3.52
0.003898 -2.72 -3.52
0.003899 -2.72 -3.6
0.0039 -2.8 -3.6
0.003901 -2.88 -3.68
0.003902 -2.88 -3.76
0.003903 -2.96 -3.84
0.003904 -3.04 -3.84
0.003905 -3.04 -3.92
0.003906 -3.12 -3.92
0.003907 -3.2 -3.92
0.003908 -3.28 -4.08
0.003909 -3.36 -4
0.00391 -3.36 -4.16
0.003911 -3.36 -4.16
0.003912 -3.52 -4.16
0.003913 -3.52 -4.24
0.003914 -3.6 -4.24
0.003915 -3.6 -4.4
0.003916 -3.68 -4.4
0.003917 -3.68 -4.4
0.003918 -3.68 -4.48
0.003919 -3.92 -4.48
0.00392 -3.84 -4.56
0.003921 -3.92 -4.64
0.003922 -4 -4.56
0.003923 -4 -4.72
0.003924 -4 -4.72
0.003925 -4.16 -4.8
0.003926 -4.16 -4.8
0.003927 -4.16 -4.8
0.003928 -4.24 -4.88
0.003929 -4.24 -4.88
0.00393 -4.32 -4.96
0.003931 -4.48 -4.96
0.003932 -4.48 -4.88
0.003933 -4.48 -5.04
0.003934 -4.56 -5.04
0.003935 -4.56 -5.12
0.003936 -4.64 -5.12
0.003937 -4.64 -5.12
0.003938 -4.64 -5.2
0.003939 -4.64 -5.12
0.00394 -4.8 -5.2
0.003941 -4.8 -5.28
0.003942 -4.8 -5.28
0.003943 -4.88 -5.28
0.003944 -4.88 -5.36
0.003945 -4.96 -5.36
0.003946 -4.96 -5.36
0.003947 -4.96 -5.44
0.003948 -4.96 -5.44
0.003949 -4.96 -5.44
0.00395 -5.04 -5.44
0.003951 -5.12 -5.44
0.003952 -5.12 -5.52
0.003953 -5.2 -5.52
0.003954 -5.2 -5.52
0.003955 -5.28 -5.52
0.003956 -5.28 -5.52
0.003957 -5.28 -5.6
0.003958 -5.28 -5.52
0.003959 -5.28 -5.6
0.00396 -5.28 -5.6
0.003961 -5.36 -5.6
0.003962 -5.36 -5.68
0.003963 -5.36 -5.6
0.003964 -5.44 -5.76
0.003965 -5.44 -5.68
0.003966 -5.44 -5.68
0.003967 -5.52 -5.76
0.003968 -5.52 -5.6
0.003969 -5.52 -5.76
0.00397 -5.52 -5.68
0.003971 -5.52 -5.68
0.003972 -5.52 -5.76
0.003973 -5.6 -5.68
0.003974 -5.52 -5.68
0.003975 -5.6 -5.68
0.003976 -5.6 -5.76
0.003977 -5.6 -5.76
0.003978 -5.6 -5.68
0.003979 -5.6 -5.76
0.00398 -5.6 -5.76
0.003981 -5.68 -5.76
0.003982 -5.6 -5.68
0.003983 -5.68 -5.68
0.003984 -5.68 -5.68
0.003985 -5.6 -5.68
0.003986 -5.6 -5.68
0.003987 -5.68 -5.68
0.003988 -5.68 -5.68
0.003989 -5.6 -5.68
0.00399 -5.6 -5.6
0.003991 -5.68 -5.6
0.003992 -5.68 -5.6
0.003993 -5.6 -5.68
0.003994 -5.6 -5.52
0.003995 -5.68 -5.6
0.003996 -5.68 -5.6
0.003997 -5.6 -5.52
0.003998 -5.6 -5.52
0.003999 -5.6 -5.44
