0 3.6 3.36
1e-06 3.6 3.36
2e-06 -3.04 -3.36
3e-06 -3.04 -3.36
4e-06 -3.12 -3.52
5e-06 -3.2 -3.52
6e-06 -3.2 -3.44
7e-06 -3.2 -3.52
8e-06 -3.28 -3.52
9e-06 -3.28 -3.6
1e-05 -3.36 -3.6
1.1e-05 -3.36 -3.68
1.2e-05 -3.36 -3.68
1.3e-05 -3.44 -3.76
1.4e-05 -3.52 -3.76
1.5e-05 -3.52 -3.84
1.6e-05 -3.52 -3.76
1.7e-05 -3.6 -3.84
1.8e-05 -3.6 -3.92
1.9e-05 -3.68 -3.92
2e-05 -3.68 -3.92
2.1e-05 -3.68 -3.92
2.2e-05 -3.68 -4
2.3e-05 -3.76 -4.08
2.4e-05 -3.84 -4
2.5e-05 -3.92 -4.16
2.6e-05 -3.92 -4.08
2.7e-05 -3.92 -4.16
2.8e-05 -4 -4.24
2.9e-05 -3.92 -4.16
3e-05 -4 -4.24
3.1e-05 -4 -4.24
3.2e-05 -4 -4.32
3.3e-05 -4.08 -4.32
3.4e-05 -4.16 -4.32
3.5e-05 -4.16 -4.4
3.6e-05 -4.16 -4.4
3.7e-05 -4.24 -4.48
3.8e-05 -4.24 -4.48
3.9e-05 -4.24 -4.48
4e-05 -4.32 -4.48
4.1e-05 -4.32 -4.56
4.2e-05 -4.32 -4.56
4.3e-05 -4.4 -4.64
4.4e-05 -4.4 -4.64
4.5e-05 -4.48 -4.64
4.6e-05 -4.48 -4.72
4.7e-05 -4.48 -4.72
4.8e-05 -4.56 -4.72
4.9e-05 -4.56 -4.72
5e-05 -4.56 -4.8
5.1e-05 -4.56 -4.88
5.2e-05 -4.64 -4.8
5.3e-05 -4.64 -4.88
5.4e-05 -4.64 -4.88
5.5e-05 -4.64 -4.88
5.6e-05 -4.72 -4.96
5.7e-05 -4.8 -4.88
5.8e-05 -4.8 -5.04
5.9e-05 -4.8 -4.96
6e-05 -4.88 -4.96
6.1e-05 -4.88 -5.04
6.2e-05 -4.96 -5.04
6.3e-05 -4.88 -5.04
6.4e-05 -4.96 -5.12
6.5e-05 -4.96 -5.12
6.6e-05 -4.96 -5.12
6.7e-05 -4.96 -5.12
6.8e-05 -4.96 -5.12
6.9e-05 -4.96 -5.12
7e-05 -5.12 -5.2
7.1e-05 -5.12 -5.2
7.2e-05 -5.12 -5.2
7.3e-05 -5.12 -5.2
7.4e-05 -5.2 -5.28
7.5e-05 -5.12 -5.28
7.6e-05 -5.2 -5.28
7.7e-05 -5.2 -5.36
7.8e-05 -5.2 -5.28
7.9e-05 -5.2 -5.36
8e-05 -5.28 -5.36
8.1e-05 -5.28 -5.36
8.2e-05 -5.28 -5.44
8.3e-05 -5.28 -5.36
8.4e-05 -5.28 -5.44
8.5e-05 -5.28 -5.44
8.6e-05 -5.28 -5.36
8.7e-05 -5.28 -5.44
8.8e-05 -5.44 -5.44
8.9e-05 -5.36 -5.52
9e-05 -5.36 -5.52
9.1e-05 -5.44 -5.44
9.2e-05 -5.44 -5.52
9.3e-05 -5.44 -5.52
9.4e-05 -5.44 -5.52
9.5e-05 -5.52 -5.6
9.6e-05 -5.52 -5.52
9.7e-05 -5.52 -5.52
9.8e-05 -5.52 -5.52
9.9e-05 -5.52 -5.6
0.0001 -5.52 -5.6
0.000101 -5.52 -5.6
0.000102 -5.52 -5.6
0.000103 -5.52 -5.6
0.000104 -5.6 -5.6
0.000105 -5.52 -5.68
0.000106 -5.6 -5.68
0.000107 -5.6 -5.6
0.000108 -5.6 -5.68
0.000109 -5.6 -5.6
0.00011 -5.6 -5.68
0.000111 -5.68 -5.68
0.000112 -5.6 -5.68
0.000113 -5.6 -5.68
0.000114 -5.68 -5.68
0.000115 -5.68 -5.76
0.000116 -5.68 -5.76
0.000117 -5.6 -5.68
0.000118 -5.68 -5.76
0.000119 -5.68 -5.68
0.00012 -5.76 -5.68
0.000121 -5.76 -5.76
0.000122 -5.76 -5.68
0.000123 -5.76 -5.68
0.000124 -5.76 -5.68
0.000125 -5.76 -5.76
0.000126 -5.76 -5.76
0.000127 -5.76 -5.68
0.000128 -5.76 -5.76
0.000129 -5.76 -5.76
0.00013 -5.76 -5.68
0.000131 -5.76 -5.76
0.000132 -5.76 -5.68
0.000133 -5.76 -5.76
0.000134 -5.76 -5.68
0.000135 -5.76 -5.68
0.000136 -5.76 -5.76
0.000137 -5.76 -5.68
0.000138 -5.76 -5.68
0.000139 -5.76 -5.68
0.00014 -5.84 -5.68
0.000141 -5.84 -5.68
0.000142 -5.76 -5.68
0.000143 -5.76 -5.68
0.000144 -5.76 -5.68
0.000145 -5.76 -5.68
0.000146 -5.76 -5.68
0.000147 -5.76 -5.68
0.000148 -5.68 -5.68
0.000149 -5.76 -5.68
0.00015 -5.76 -5.68
0.000151 -5.76 -5.6
0.000152 -5.6 -5.6
0.000153 -5.76 -5.6
0.000154 -5.76 -5.6
0.000155 -5.68 -5.6
0.000156 -5.68 -5.52
0.000157 -5.76 -5.6
0.000158 -5.76 -5.52
0.000159 -5.68 -5.6
0.00016 -5.68 -5.52
0.000161 -5.6 -5.52
0.000162 -5.6 -5.6
0.000163 -5.6 -5.52
0.000164 -5.68 -5.52
0.000165 -5.6 -5.52
0.000166 -5.6 -5.44
0.000167 -5.6 -5.52
0.000168 -5.6 -5.44
0.000169 -5.52 -5.44
0.00017 -5.6 -5.44
0.000171 -5.6 -5.44
0.000172 -5.6 -5.44
0.000173 -5.6 -5.44
0.000174 -5.6 -5.44
0.000175 -5.52 -5.36
0.000176 -5.52 -5.36
0.000177 -5.6 -5.36
0.000178 -5.52 -5.36
0.000179 -5.52 -5.28
0.00018 -5.52 -5.36
0.000181 -5.44 -5.2
0.000182 -5.44 -5.28
0.000183 -5.44 -5.28
0.000184 -5.44 -5.2
0.000185 -5.44 -5.2
0.000186 -5.36 -5.2
0.000187 -5.36 -5.2
0.000188 -5.36 -5.2
0.000189 -5.28 -5.12
0.00019 -5.28 -5.12
0.000191 -5.28 -5.12
0.000192 -5.28 -5.12
0.000193 -5.28 -5.04
0.000194 -5.28 -5.04
0.000195 -5.28 -5.04
0.000196 -5.28 -5.04
0.000197 -5.2 -4.96
0.000198 -5.2 -4.96
0.000199 -5.12 -4.88
0.0002 -5.2 -4.96
0.000201 -5.12 -4.88
0.000202 -5.12 -4.8
0.000203 -5.12 -4.88
0.000204 -5.12 -4.88
0.000205 -5.04 -4.88
0.000206 -5.04 -4.8
0.000207 -4.96 -4.72
0.000208 -4.96 -4.72
0.000209 -4.96 -4.64
0.00021 -4.96 -4.64
0.000211 -4.96 -4.64
0.000212 -4.96 -4.56
0.000213 -4.88 -4.56
0.000214 -4.88 -4.56
0.000215 -4.88 -4.56
0.000216 -4.8 -4.56
0.000217 -4.8 -4.48
0.000218 -4.8 -4.48
0.000219 -4.72 -4.48
0.00022 -4.8 -4.4
0.000221 -4.72 -4.4
0.000222 -4.64 -4.4
0.000223 -4.64 -4.32
0.000224 -4.64 -4.32
0.000225 -4.56 -4.24
0.000226 -4.64 -4.24
0.000227 -4.56 -4.24
0.000228 -4.48 -4.16
0.000229 -4.48 -4.24
0.00023 -4.48 -4.16
0.000231 -4.48 -4.08
0.000232 -4.32 -4.08
0.000233 -4.32 -4.08
0.000234 -4.32 -4.08
0.000235 -4.32 -4
0.000236 -4.32 -4
0.000237 -4.24 -3.92
0.000238 -4.24 -3.92
0.000239 -4.24 -3.92
0.00024 -4.16 -3.84
0.000241 -4.16 -3.84
0.000242 -4 -3.84
0.000243 -4 -3.76
0.000244 -4 -3.76
0.000245 -4 -3.6
0.000246 -4 -3.68
0.000247 -4 -3.68
0.000248 -3.92 -3.6
0.000249 -3.92 -3.6
0.00025 -3.84 -3.52
0.000251 -3.84 -3.52
0.000252 -3.84 -3.52
0.000253 -3.84 -3.44
0.000254 -3.84 -3.44
0.000255 -3.68 -3.36
0.000256 -3.68 -3.28
0.000257 -3.68 -3.28
0.000258 -3.6 -3.28
0.000259 -3.6 -3.2
0.00026 -3.52 -3.2
0.000261 -3.52 -3.12
0.000262 -3.52 -3.12
0.000263 -3.52 -3.12
0.000264 -3.44 -3.04
0.000265 -3.36 -3.04
0.000266 -3.36 -2.96
0.000267 -3.28 -2.88
0.000268 -3.2 -2.88
0.000269 -3.2 -2.88
0.00027 -3.2 -2.8
0.000271 -3.2 -2.8
0.000272 -3.12 -2.72
0.000273 -3.12 -2.72
0.000274 -3.04 -2.64
0.000275 -3.04 -2.64
0.000276 -2.96 -2.56
0.000277 -2.96 -2.48
0.000278 -2.96 -2.56
0.000279 -2.88 -2.48
0.00028 -2.88 -2.48
0.000281 -2.88 -2.32
0.000282 -2.72 -2.32
0.000283 -2.72 -2.32
0.000284 -2.72 -2.24
0.000285 -2.64 -2.32
0.000286 -2.64 -2.24
0.000287 -2.56 -2.08
0.000288 -2.48 -2.16
0.000289 -2.4 -2.08
0.00029 -2.4 -2
0.000291 -2.4 -2
0.000292 -2.4 -1.92
0.000293 -2.32 -1.92
0.000294 -2.32 -1.84
0.000295 -2.24 -1.84
0.000296 -2.24 -1.84
0.000297 -2.16 -1.68
0.000298 -2.08 -1.68
0.000299 -2.08 -1.68
0.0003 -2.08 -1.6
0.000301 -2 -1.6
0.000302 -2 -1.52
0.000303 -2 -1.52
0.000304 -1.84 -1.52
0.000305 -1.76 -1.36
0.000306 -1.76 -1.36
0.000307 -1.76 -1.36
0.000308 -1.76 -1.28
0.000309 -1.68 -1.28
0.00031 -1.68 -1.2
0.000311 -1.6 -1.2
0.000312 -1.6 -1.2
0.000313 -1.52 -1.04
0.000314 -1.44 -1.04
0.000315 -1.44 -0.96
0.000316 -1.44 -0.96
0.000317 -1.36 -0.96
0.000318 -1.36 -0.88
0.000319 -1.28 -0.88
0.00032 -1.28 -0.72
0.000321 -1.12 -0.72
0.000322 -1.12 -0.72
0.000323 -1.12 -0.64
0.000324 -1.04 -0.64
0.000325 -1.04 -0.56
0.000326 -0.96 -0.56
0.000327 -0.96 -0.56
0.000328 -0.8 -0.4
0.000329 -0.88 -0.4
0.00033 -0.8 -0.32
0.000331 -0.8 -0.32
0.000332 -0.72 -0.32
0.000333 -0.64 -0.24
0.000334 -0.64 -0.24
0.000335 -0.48 -0.16
0.000336 -0.56 -0.16
0.000337 -0.48 0
0.000338 -0.48 0.08
0.000339 -0.48 0.08
0.00034 -0.4 0.16
0.000341 -0.4 0.08
0.000342 -0.32 0.16
0.000343 -0.32 0.24
0.000344 -0.24 0.32
0.000345 -0.16 0.32
0.000346 -0.16 0.4
0.000347 0 0.4
0.000348 0 0.4
0.000349 0.08 0.48
0.00035 0.08 0.48
0.000351 0.08 0.56
0.000352 0.24 0.64
0.000353 0.24 0.64
0.000354 0.24 0.72
0.000355 0.32 0.72
0.000356 0.32 0.8
0.000357 0.4 0.88
0.000358 0.4 0.8
0.000359 0.56 0.88
0.00036 0.56 0.96
0.000361 0.56 0.96
0.000362 0.64 1.04
0.000363 0.64 1.04
0.000364 0.64 1.12
0.000365 0.72 1.12
0.000366 0.72 1.2
0.000367 0.8 1.28
0.000368 0.88 1.28
0.000369 0.88 1.36
0.00037 0.96 1.36
0.000371 0.96 1.36
0.000372 0.96 1.44
0.000373 1.04 1.44
0.000374 1.04 1.52
0.000375 1.2 1.6
0.000376 1.2 1.6
0.000377 1.2 1.6
0.000378 1.28 1.68
0.000379 1.28 1.68
0.00038 1.36 1.76
0.000381 1.36 1.76
0.000382 1.52 1.84
0.000383 1.52 1.92
0.000384 1.52 1.92
0.000385 1.52 1.92
0.000386 1.6 2
0.000387 1.6 2
0.000388 1.68 2.08
0.000389 1.68 2.08
0.00039 1.76 2.16
0.000391 1.84 2.24
0.000392 1.84 2.24
0.000393 1.84 2.32
0.000394 1.92 2.32
0.000395 2 2.4
0.000396 2 2.4
0.000397 2.08 2.4
0.000398 2.16 2.56
0.000399 2.16 2.56
0.0004 2.16 2.56
0.000401 2.24 2.56
0.000402 2.24 2.64
0.000403 2.32 2.72
0.000404 2.32 2.72
0.000405 2.32 2.72
0.000406 2.32 2.72
0.000407 2.48 2.88
0.000408 2.48 2.88
0.000409 2.56 2.88
0.00041 2.56 2.88
0.000411 2.56 2.96
0.000412 2.64 2.96
0.000413 2.64 3.04
0.000414 2.8 3.04
0.000415 2.8 3.12
0.000416 2.8 3.2
0.000417 2.8 3.2
0.000418 2.88 3.2
0.000419 2.88 3.28
0.00042 2.88 3.28
0.000421 2.96 3.36
0.000422 3.04 3.36
0.000423 3.04 3.36
0.000424 3.12 3.44
0.000425 3.12 3.44
0.000426 3.12 3.52
0.000427 3.12 3.52
0.000428 3.2 3.52
0.000429 3.28 3.6
0.00043 3.28 3.6
0.000431 3.36 3.68
0.000432 3.36 3.68
0.000433 3.36 3.68
0.000434 3.44 3.76
0.000435 3.44 3.68
0.000436 3.44 3.84
0.000437 3.52 3.84
0.000438 3.52 3.84
0.000439 3.6 3.92
0.00044 3.6 3.92
0.000441 3.68 4
0.000442 3.76 4
0.000443 3.76 4
0.000444 3.76 4.08
0.000445 3.76 4
0.000446 3.84 4.08
0.000447 3.84 4.16
0.000448 3.84 4.16
0.000449 3.92 4.24
0.00045 3.92 4.24
0.000451 3.92 4.24
0.000452 3.92 4.24
0.000453 4 4.32
0.000454 4.08 4.32
0.000455 4.08 4.32
0.000456 4.08 4.32
0.000457 4.16 4.4
0.000458 4.16 4.48
0.000459 4.16 4.4
0.00046 4.16 4.56
0.000461 4.24 4.48
0.000462 4.24 4.48
0.000463 4.32 4.56
0.000464 4.4 4.48
0.000465 4.4 4.64
0.000466 4.4 4.56
0.000467 4.4 4.64
0.000468 4.4 4.72
0.000469 4.48 4.64
0.00047 4.56 4.72
0.000471 4.48 4.64
0.000472 4.56 4.8
0.000473 4.56 4.8
0.000474 4.64 4.8
0.000475 4.72 4.88
0.000476 4.64 4.8
0.000477 4.72 4.88
0.000478 4.72 4.96
0.000479 4.72 4.88
0.00048 4.72 4.96
0.000481 4.72 4.88
0.000482 4.8 4.96
0.000483 4.8 4.96
0.000484 4.8 4.96
0.000485 4.88 5.04
0.000486 4.88 5.04
0.000487 4.88 5.12
0.000488 4.88 5.12
0.000489 4.88 5.04
0.00049 4.96 5.12
0.000491 4.96 5.12
0.000492 5.04 5.12
0.000493 5.04 5.2
0.000494 5.04 5.12
0.000495 5.04 5.2
0.000496 5.04 5.2
0.000497 5.04 5.2
0.000498 5.04 5.2
0.000499 5.12 5.28
0.0005 5.12 5.28
0.000501 5.12 5.28
0.000502 5.2 5.28
0.000503 5.2 5.28
0.000504 5.2 5.36
0.000505 5.2 5.28
0.000506 5.2 5.36
0.000507 5.2 5.36
0.000508 5.2 5.28
0.000509 5.36 5.44
0.00051 5.2 5.36
0.000511 5.36 5.44
0.000512 5.36 5.44
0.000513 5.36 5.36
0.000514 5.36 5.44
0.000515 5.36 5.44
0.000516 5.36 5.44
0.000517 5.36 5.44
0.000518 5.36 5.44
0.000519 5.44 5.52
0.00052 5.44 5.52
0.000521 5.44 5.52
0.000522 5.36 5.52
0.000523 5.44 5.52
0.000524 5.44 5.52
0.000525 5.44 5.52
0.000526 5.44 5.52
0.000527 5.44 5.52
0.000528 5.44 5.52
0.000529 5.52 5.52
0.00053 5.52 5.52
0.000531 5.44 5.52
0.000532 5.44 5.52
0.000533 5.52 5.52
0.000534 5.52 5.6
0.000535 5.52 5.6
0.000536 5.52 5.52
0.000537 5.52 5.6
0.000538 5.52 5.6
0.000539 5.52 5.52
0.00054 5.52 5.6
0.000541 5.52 5.6
0.000542 5.52 5.6
0.000543 5.52 5.52
0.000544 5.52 5.52
0.000545 5.52 5.6
0.000546 5.6 5.6
0.000547 5.52 5.6
0.000548 5.52 5.6
0.000549 5.6 5.52
0.00055 5.52 5.6
0.000551 5.52 5.6
0.000552 5.52 5.6
0.000553 5.52 5.6
0.000554 5.52 5.52
0.000555 5.52 5.6
0.000556 5.52 5.52
0.000557 5.52 5.52
0.000558 5.52 5.6
0.000559 5.6 5.52
0.00056 5.52 5.52
0.000561 5.52 5.52
0.000562 5.6 5.6
0.000563 5.52 5.52
0.000564 5.52 5.52
0.000565 5.52 5.52
0.000566 5.52 5.52
0.000567 5.52 5.44
0.000568 5.52 5.44
0.000569 5.52 5.52
0.00057 5.52 5.52
0.000571 5.52 5.52
0.000572 5.52 5.44
0.000573 5.44 5.44
0.000574 5.52 5.44
0.000575 5.52 5.44
0.000576 5.52 5.44
0.000577 5.52 5.36
0.000578 5.52 5.44
0.000579 5.52 5.44
0.00058 5.44 5.44
0.000581 5.52 5.44
0.000582 5.44 5.36
0.000583 5.44 5.36
0.000584 5.44 5.36
0.000585 5.44 5.36
0.000586 5.44 5.36
0.000587 5.44 5.28
0.000588 5.44 5.28
0.000589 5.36 5.28
0.00059 5.36 5.28
0.000591 5.36 5.28
0.000592 5.36 5.2
0.000593 5.36 5.2
0.000594 5.36 5.2
0.000595 5.36 5.2
0.000596 5.36 5.2
0.000597 5.36 5.12
0.000598 5.36 5.12
0.000599 5.2 5.2
0.0006 5.28 5.12
0.000601 5.2 5.12
0.000602 5.2 5.12
0.000603 5.28 5.12
0.000604 5.2 5.12
0.000605 5.2 5.04
0.000606 5.2 4.96
0.000607 5.12 5.04
0.000608 5.2 4.96
0.000609 5.12 4.96
0.00061 5.12 4.96
0.000611 5.04 4.88
0.000612 5.04 4.96
0.000613 5.04 4.88
0.000614 5.04 4.88
0.000615 5.04 4.88
0.000616 5.04 4.8
0.000617 5.04 4.88
0.000618 4.96 4.8
0.000619 5.04 4.72
0.00062 4.96 4.8
0.000621 4.88 4.72
0.000622 4.88 4.72
0.000623 4.88 4.64
0.000624 4.8 4.64
0.000625 4.88 4.64
0.000626 4.8 4.56
0.000627 4.8 4.56
0.000628 4.72 4.56
0.000629 4.8 4.48
0.00063 4.72 4.56
0.000631 4.72 4.4
0.000632 4.72 4.48
0.000633 4.64 4.4
0.000634 4.56 4.32
0.000635 4.56 4.32
0.000636 4.56 4.32
0.000637 4.56 4.32
0.000638 4.48 4.24
0.000639 4.48 4.24
0.00064 4.48 4.24
0.000641 4.4 4.16
0.000642 4.4 4.16
0.000643 4.4 4.16
0.000644 4.4 4.16
0.000645 4.4 4.08
0.000646 4.24 4.08
0.000647 4.24 4
0.000648 4.24 4
0.000649 4.16 3.92
0.00065 4.16 3.92
0.000651 4.16 3.92
0.000652 4.16 3.84
0.000653 4.08 3.84
0.000654 4.08 3.84
0.000655 4.08 3.76
0.000656 4.08 3.84
0.000657 4 3.68
0.000658 4 3.68
0.000659 3.92 3.68
0.00066 3.92 3.6
0.000661 3.92 3.6
0.000662 3.76 3.52
0.000663 3.84 3.52
0.000664 3.76 3.6
0.000665 3.76 3.44
0.000666 3.76 3.44
0.000667 3.68 3.36
0.000668 3.6 3.36
0.000669 3.6 3.36
0.00067 3.6 3.28
0.000671 3.6 3.28
0.000672 3.52 3.2
0.000673 3.52 3.2
0.000674 3.44 3.2
0.000675 3.44 3.12
0.000676 3.44 3.04
0.000677 3.36 3.04
0.000678 3.36 3.04
0.000679 3.28 3.04
0.00068 3.28 2.88
0.000681 3.2 2.88
0.000682 3.2 2.8
0.000683 3.2 2.88
0.000684 3.12 2.8
0.000685 3.12 2.72
0.000686 3.12 2.64
0.000687 2.96 2.64
0.000688 2.96 2.64
0.000689 2.88 2.64
0.00069 2.96 2.56
0.000691 2.88 2.48
0.000692 2.8 2.56
0.000693 2.8 2.48
0.000694 2.8 2.32
0.000695 2.8 2.4
0.000696 2.64 2.32
0.000697 2.64 2.32
0.000698 2.64 2.24
0.000699 2.56 2.24
0.0007 2.56 2.24
0.000701 2.48 2.16
0.000702 2.48 2.16
0.000703 2.4 2
0.000704 2.32 2
0.000705 2.32 2
0.000706 2.32 1.92
0.000707 2.24 1.92
0.000708 2.24 1.84
0.000709 2.16 1.76
0.00071 2.16 1.84
0.000711 2.16 1.68
0.000712 2.08 1.68
0.000713 2 1.68
0.000714 1.92 1.6
0.000715 1.92 1.6
0.000716 1.92 1.52
0.000717 1.84 1.52
0.000718 1.84 1.44
0.000719 1.84 1.36
0.00072 1.76 1.36
0.000721 1.68 1.28
0.000722 1.68 1.28
0.000723 1.6 1.28
0.000724 1.6 1.2
0.000725 1.52 1.2
0.000726 1.52 1.12
0.000727 1.36 1.12
0.000728 1.36 1.04
0.000729 1.36 1.04
0.00073 1.28 0.96
0.000731 1.28 0.96
0.000732 1.2 0.88
0.000733 1.2 0.8
0.000734 1.2 0.8
0.000735 1.2 0.72
0.000736 1.12 0.72
0.000737 1.04 0.64
0.000738 0.96 0.64
0.000739 0.96 0.64
0.00074 0.88 0.48
0.000741 0.88 0.48
0.000742 0.8 0.4
0.000743 0.8 0.4
0.000744 0.72 0.4
0.000745 0.72 0.32
0.000746 0.64 0.32
0.000747 0.64 0.24
0.000748 0.56 0.16
0.000749 0.56 0.16
0.00075 0.48 0.08
0.000751 0.48 0.08
0.000752 0.4 0
0.000753 0.32 0
0.000754 0.32 0
0.000755 0.32 -0.24
0.000756 0.24 -0.24
0.000757 0.24 -0.32
0.000758 0.16 -0.32
0.000759 0.24 -0.32
0.00076 0.08 -0.4
0.000761 0.08 -0.4
0.000762 0 -0.4
0.000763 -0.16 -0.48
0.000764 -0.16 -0.48
0.000765 -0.16 -0.64
0.000766 -0.16 -0.56
0.000767 -0.32 -0.64
0.000768 -0.4 -0.72
0.000769 -0.4 -0.72
0.00077 -0.4 -0.8
0.000771 -0.48 -0.88
0.000772 -0.48 -0.88
0.000773 -0.48 -0.96
0.000774 -0.64 -0.96
0.000775 -0.64 -1.04
0.000776 -0.72 -1.04
0.000777 -0.72 -1.04
0.000778 -0.8 -1.12
0.000779 -0.8 -1.2
0.00078 -0.8 -1.2
0.000781 -0.8 -1.28
0.000782 -0.88 -1.28
0.000783 -1.04 -1.36
0.000784 -1.04 -1.44
0.000785 -1.04 -1.36
0.000786 -1.12 -1.44
0.000787 -1.12 -1.52
0.000788 -1.12 -1.6
0.000789 -1.28 -1.6
0.00079 -1.28 -1.52
0.000791 -1.28 -1.6
0.000792 -1.36 -1.68
0.000793 -1.44 -1.68
0.000794 -1.44 -1.76
0.000795 -1.44 -1.76
0.000796 -1.44 -1.84
0.000797 -1.6 -1.84
0.000798 -1.6 -1.92
0.000799 -1.68 -2
0.0008 -1.68 -2
0.000801 -1.76 -2.08
0.000802 -1.76 -2.08
0.000803 -1.76 -2.08
0.000804 -1.76 -2.24
0.000805 -1.84 -2.16
0.000806 -1.92 -2.24
0.000807 -1.92 -2.24
0.000808 -2.08 -2.32
0.000809 -2.08 -2.32
0.00081 -2.08 -2.4
0.000811 -2.08 -2.4
0.000812 -2.16 -2.48
0.000813 -2.16 -2.48
0.000814 -2.24 -2.56
0.000815 -2.32 -2.64
0.000816 -2.32 -2.64
0.000817 -2.4 -2.72
0.000818 -2.4 -2.64
0.000819 -2.4 -2.8
0.00082 -2.48 -2.8
0.000821 -2.56 -2.8
0.000822 -2.56 -2.88
0.000823 -2.64 -2.88
0.000824 -2.64 -2.88
0.000825 -2.72 -3.04
0.000826 -2.72 -2.96
0.000827 -2.72 -3.12
0.000828 -2.72 -3.12
0.000829 -2.8 -3.12
0.00083 -2.88 -3.2
0.000831 -2.88 -3.2
0.000832 -2.96 -3.28
0.000833 -2.96 -3.28
0.000834 -3.04 -3.36
0.000835 -3.04 -3.36
0.000836 -3.04 -3.44
0.000837 -3.04 -3.52
0.000838 -3.2 -3.44
0.000839 -3.2 -3.52
0.00084 -3.28 -3.6
0.000841 -3.2 -3.6
0.000842 -3.28 -3.6
0.000843 -3.36 -3.6
0.000844 -3.36 -3.68
0.000845 -3.44 -3.76
0.000846 -3.44 -3.76
0.000847 -3.52 -3.76
0.000848 -3.52 -3.76
0.000849 -3.52 -3.84
0.00085 -3.6 -3.84
0.000851 -3.68 -3.92
0.000852 -3.6 -3.92
0.000853 -3.68 -3.92
0.000854 -3.68 -4
0.000855 -3.68 -4
0.000856 -3.76 -4.08
0.000857 -3.84 -4
0.000858 -3.84 -4.16
0.000859 -3.92 -4.16
0.00086 -3.92 -4.08
0.000861 -3.92 -4.24
0.000862 -3.92 -4.16
0.000863 -4 -4.24
0.000864 -4 -4.24
0.000865 -4 -4.24
0.000866 -4 -4.4
0.000867 -4.16 -4.32
0.000868 -4.16 -4.48
0.000869 -4.16 -4.4
0.00087 -4.16 -4.4
0.000871 -4.24 -4.48
0.000872 -4.24 -4.48
0.000873 -4.24 -4.56
0.000874 -4.32 -4.56
0.000875 -4.32 -4.56
0.000876 -4.32 -4.56
0.000877 -4.32 -4.56
0.000878 -4.4 -4.72
0.000879 -4.48 -4.72
0.00088 -4.48 -4.72
0.000881 -4.48 -4.72
0.000882 -4.56 -4.72
0.000883 -4.64 -4.8
0.000884 -4.56 -4.8
0.000885 -4.64 -4.8
0.000886 -4.64 -4.8
0.000887 -4.64 -4.88
0.000888 -4.72 -4.88
0.000889 -4.64 -4.88
0.00089 -4.72 -4.88
0.000891 -4.8 -4.88
0.000892 -4.8 -4.96
0.000893 -4.8 -5.04
0.000894 -4.88 -5.04
0.000895 -4.8 -5.04
0.000896 -4.88 -5.04
0.000897 -4.96 -5.12
0.000898 -4.96 -5.04
0.000899 -4.88 -5.12
0.0009 -4.96 -5.12
0.000901 -4.96 -5.12
0.000902 -4.96 -5.2
0.000903 -5.12 -5.12
0.000904 -5.12 -5.2
0.000905 -5.12 -5.28
0.000906 -5.12 -5.2
0.000907 -5.12 -5.28
0.000908 -5.12 -5.2
0.000909 -5.2 -5.2
0.00091 -5.12 -5.28
0.000911 -5.12 -5.2
0.000912 -5.2 -5.36
0.000913 -5.2 -5.36
0.000914 -5.28 -5.36
0.000915 -5.28 -5.44
0.000916 -5.28 -5.28
0.000917 -5.28 -5.44
0.000918 -5.28 -5.44
0.000919 -5.36 -5.44
0.00092 -5.36 -5.44
0.000921 -5.36 -5.44
0.000922 -5.44 -5.52
0.000923 -5.44 -5.44
0.000924 -5.36 -5.44
0.000925 -5.44 -5.52
0.000926 -5.44 -5.52
0.000927 -5.44 -5.52
0.000928 -5.44 -5.52
0.000929 -5.52 -5.6
0.00093 -5.52 -5.6
0.000931 -5.52 -5.52
0.000932 -5.52 -5.6
0.000933 -5.52 -5.6
0.000934 -5.6 -5.68
0.000935 -5.52 -5.6
0.000936 -5.52 -5.6
0.000937 -5.6 -5.6
0.000938 -5.6 -5.6
0.000939 -5.6 -5.6
0.00094 -5.6 -5.6
0.000941 -5.6 -5.68
0.000942 -5.6 -5.6
0.000943 -5.6 -5.68
0.000944 -5.6 -5.68
0.000945 -5.6 -5.6
0.000946 -5.68 -5.76
0.000947 -5.68 -5.68
0.000948 -5.68 -5.68
0.000949 -5.76 -5.68
0.00095 -5.6 -5.68
0.000951 -5.76 -5.76
0.000952 -5.68 -5.76
0.000953 -5.68 -5.68
0.000954 -5.76 -5.68
0.000955 -5.76 -5.68
0.000956 -5.76 -5.76
0.000957 -5.68 -5.76
0.000958 -5.76 -5.76
0.000959 -5.76 -5.76
0.00096 -5.76 -5.68
0.000961 -5.76 -5.76
0.000962 -5.76 -5.68
0.000963 -5.76 -5.68
0.000964 -5.76 -5.76
0.000965 -5.76 -5.76
0.000966 -5.76 -5.76
0.000967 -5.76 -5.76
0.000968 -5.76 -5.68
0.000969 -5.76 -5.76
0.00097 -5.76 -5.68
0.000971 -5.76 -5.68
0.000972 -5.84 -5.68
0.000973 -5.76 -5.68
0.000974 -5.76 -5.76
0.000975 -5.76 -5.68
0.000976 -5.76 -5.68
0.000977 -5.76 -5.68
0.000978 -5.76 -5.68
0.000979 -5.76 -5.68
0.00098 -5.76 -5.68
0.000981 -5.76 -5.68
0.000982 -5.76 -5.68
0.000983 -5.76 -5.68
0.000984 -5.76 -5.68
0.000985 -5.76 -5.68
0.000986 -5.76 -5.6
0.000987 -5.68 -5.6
0.000988 -5.76 -5.6
0.000989 -5.76 -5.6
0.00099 -5.76 -5.6
0.000991 -5.76 -5.52
0.000992 -5.68 -5.6
0.000993 -5.68 -5.52
0.000994 -5.6 -5.52
0.000995 -5.6 -5.52
0.000996 -5.6 -5.52
0.000997 -5.68 -5.52
0.000998 -5.6 -5.52
0.000999 -5.6 -5.44
0.001 -5.6 -5.52
0.001001 -5.6 -5.44
0.001002 -5.6 -5.44
0.001003 -5.6 -5.44
0.001004 -5.6 -5.36
0.001005 -5.6 -5.44
0.001006 -5.6 -5.44
0.001007 -5.6 -5.36
0.001008 -5.52 -5.44
0.001009 -5.52 -5.36
0.00101 -5.52 -5.36
0.001011 -5.52 -5.36
0.001012 -5.52 -5.28
0.001013 -5.52 -5.36
0.001014 -5.44 -5.28
0.001015 -5.44 -5.28
0.001016 -5.44 -5.28
0.001017 -5.44 -5.2
0.001018 -5.44 -5.28
0.001019 -5.44 -5.12
0.00102 -5.44 -5.2
0.001021 -5.44 -5.2
0.001022 -5.36 -5.12
0.001023 -5.28 -5.2
0.001024 -5.28 -5.12
0.001025 -5.28 -5.04
0.001026 -5.28 -5.12
0.001027 -5.28 -5.04
0.001028 -5.28 -5.04
0.001029 -5.2 -5.04
0.00103 -5.2 -4.96
0.001031 -5.2 -5.04
0.001032 -5.2 -4.96
0.001033 -5.2 -4.96
0.001034 -5.12 -4.88
0.001035 -5.12 -4.88
0.001036 -5.12 -4.88
0.001037 -5.12 -4.8
0.001038 -5.12 -4.8
0.001039 -5.12 -4.8
0.00104 -4.96 -4.8
0.001041 -5.04 -4.8
0.001042 -4.96 -4.72
0.001043 -4.96 -4.72
0.001044 -4.96 -4.72
0.001045 -4.96 -4.72
0.001046 -4.88 -4.64
0.001047 -4.88 -4.64
0.001048 -4.88 -4.56
0.001049 -4.8 -4.56
0.00105 -4.8 -4.48
0.001051 -4.8 -4.48
0.001052 -4.8 -4.48
0.001053 -4.64 -4.48
0.001054 -4.72 -4.48
0.001055 -4.64 -4.4
0.001056 -4.64 -4.32
0.001057 -4.64 -4.4
0.001058 -4.64 -4.24
0.001059 -4.64 -4.32
0.00106 -4.56 -4.24
0.001061 -4.48 -4.16
0.001062 -4.48 -4.24
0.001063 -4.48 -4.08
0.001064 -4.48 -4.16
0.001065 -4.4 -4.08
0.001066 -4.4 -4
0.001067 -4.32 -4.08
0.001068 -4.32 -4
0.001069 -4.32 -4
0.00107 -4.32 -4
0.001071 -4.24 -3.92
0.001072 -4.24 -3.92
0.001073 -4.16 -3.84
0.001074 -4.16 -3.84
0.001075 -4.16 -3.84
0.001076 -4.16 -3.76
0.001077 -4.08 -3.76
0.001078 -4 -3.76
0.001079 -4 -3.68
0.00108 -4 -3.6
0.001081 -3.92 -3.6
0.001082 -3.92 -3.6
0.001083 -3.92 -3.6
0.001084 -3.84 -3.52
0.001085 -3.84 -3.52
0.001086 -3.84 -3.44
0.001087 -3.68 -3.44
0.001088 -3.68 -3.36
0.001089 -3.68 -3.28
0.00109 -3.68 -3.28
0.001091 -3.6 -3.28
0.001092 -3.6 -3.2
0.001093 -3.6 -3.2
0.001094 -3.52 -3.12
0.001095 -3.52 -3.12
0.001096 -3.44 -3.12
0.001097 -3.36 -2.96
0.001098 -3.36 -3.04
0.001099 -3.28 -2.96
0.0011 -3.28 -2.96
0.001101 -3.28 -2.96
0.001102 -3.2 -2.8
0.001103 -3.2 -2.8
0.001104 -3.2 -2.72
0.001105 -3.04 -2.72
0.001106 -3.12 -2.72
0.001107 -3.04 -2.64
0.001108 -3.04 -2.64
0.001109 -3.04 -2.64
0.00111 -2.88 -2.56
0.001111 -2.88 -2.48
0.001112 -2.88 -2.48
0.001113 -2.8 -2.48
0.001114 -2.8 -2.4
0.001115 -2.72 -2.32
0.001116 -2.72 -2.32
0.001117 -2.64 -2.24
0.001118 -2.64 -2.24
0.001119 -2.64 -2.16
0.00112 -2.56 -2.16
0.001121 -2.48 -2.08
0.001122 -2.4 -2.08
0.001123 -2.4 -2.08
0.001124 -2.4 -2
0.001125 -2.4 -1.92
0.001126 -2.4 -1.92
0.001127 -2.32 -1.92
0.001128 -2.24 -1.84
0.001129 -2.24 -1.84
0.00113 -2.16 -1.76
0.001131 -2.16 -1.68
0.001132 -2.08 -1.68
0.001133 -2.08 -1.68
0.001134 -2 -1.68
0.001135 -2 -1.52
0.001136 -1.92 -1.52
0.001137 -1.92 -1.52
0.001138 -1.92 -1.44
0.001139 -1.76 -1.44
0.00114 -1.76 -1.28
0.001141 -1.76 -1.28
0.001142 -1.68 -1.28
0.001143 -1.6 -1.2
0.001144 -1.6 -1.2
0.001145 -1.6 -1.12
0.001146 -1.6 -1.12
0.001147 -1.6 -1.04
0.001148 -1.44 -1.04
0.001149 -1.44 -1.04
0.00115 -1.36 -0.96
0.001151 -1.36 -0.88
0.001152 -1.28 -0.88
0.001153 -1.28 -0.72
0.001154 -1.2 -0.88
0.001155 -1.12 -0.72
0.001156 -1.12 -0.72
0.001157 -1.12 -0.64
0.001158 -1.04 -0.64
0.001159 -1.04 -0.56
0.00116 -0.96 -0.56
0.001161 -0.96 -0.48
0.001162 -0.88 -0.4
0.001163 -0.8 -0.4
0.001164 -0.8 -0.24
0.001165 -0.8 -0.32
0.001166 -0.64 -0.24
0.001167 -0.64 -0.24
0.001168 -0.64 -0.16
0.001169 -0.56 0
0.00117 -0.48 -0.16
0.001171 -0.48 0
0.001172 -0.48 0.08
0.001173 -0.4 0.08
0.001174 -0.4 0.16
0.001175 -0.32 0.08
0.001176 -0.32 0.24
0.001177 -0.16 0.32
0.001178 -0.16 0.32
0.001179 -0.16 0.32
0.00118 -0.16 0.32
0.001181 0 0.4
0.001182 0 0.48
0.001183 0.08 0.56
0.001184 0.08 0.56
0.001185 0.16 0.64
0.001186 0.24 0.64
0.001187 0.24 0.72
0.001188 0.32 0.72
0.001189 0.32 0.8
0.00119 0.32 0.8
0.001191 0.4 0.88
0.001192 0.4 0.96
0.001193 0.56 0.96
0.001194 0.56 0.96
0.001195 0.56 1.04
0.001196 0.64 1.04
0.001197 0.64 1.12
0.001198 0.72 1.12
0.001199 0.8 1.2
0.0012 0.88 1.28
0.001201 0.8 1.28
0.001202 0.88 1.28
0.001203 0.88 1.28
0.001204 0.96 1.36
0.001205 1.04 1.44
0.001206 1.04 1.44
0.001207 1.04 1.44
0.001208 1.2 1.6
0.001209 1.2 1.6
0.00121 1.2 1.68
0.001211 1.28 1.68
0.001212 1.28 1.6
0.001213 1.36 1.76
0.001214 1.36 1.76
0.001215 1.52 1.84
0.001216 1.52 1.84
0.001217 1.52 1.92
0.001218 1.6 2
0.001219 1.52 1.92
0.00122 1.6 2.08
0.001221 1.68 2.08
0.001222 1.68 2.08
0.001223 1.68 2.16
0.001224 1.84 2.16
0.001225 1.84 2.32
0.001226 1.92 2.24
0.001227 1.92 2.32
0.001228 2 2.32
0.001229 2 2.4
0.00123 2 2.4
0.001231 2 2.48
0.001232 2.16 2.48
0.001233 2.16 2.56
0.001234 2.24 2.64
0.001235 2.24 2.64
0.001236 2.32 2.72
0.001237 2.32 2.64
0.001238 2.32 2.72
0.001239 2.32 2.8
0.00124 2.48 2.8
0.001241 2.48 2.88
0.001242 2.48 2.88
0.001243 2.56 2.88
0.001244 2.56 2.96
0.001245 2.56 2.96
0.001246 2.64 3.04
0.001247 2.64 3.04
0.001248 2.8 3.04
0.001249 2.8 3.2
0.00125 2.8 3.04
0.001251 2.8 3.28
0.001252 2.88 3.28
0.001253 2.96 3.2
0.001254 2.96 3.36
0.001255 2.96 3.28
0.001256 3.12 3.36
0.001257 3.12 3.52
0.001258 3.12 3.36
0.001259 3.12 3.52
0.00126 3.2 3.52
0.001261 3.2 3.52
0.001262 3.2 3.6
0.001263 3.28 3.6
0.001264 3.28 3.68
0.001265 3.36 3.68
0.001266 3.36 3.76
0.001267 3.44 3.84
0.001268 3.44 3.76
0.001269 3.52 3.84
0.00127 3.52 3.84
0.001271 3.52 3.84
0.001272 3.52 3.92
0.001273 3.6 3.84
0.001274 3.6 3.92
0.001275 3.6 4
0.001276 3.76 4
0.001277 3.76 4.08
0.001278 3.76 4.08
0.001279 3.76 4.08
0.00128 3.84 4.16
0.001281 3.84 4.16
0.001282 3.84 4.16
0.001283 3.92 4.24
0.001284 3.92 4.24
0.001285 3.92 4.24
0.001286 4 4.24
0.001287 4.08 4.24
0.001288 4.08 4.32
0.001289 4.08 4.32
0.00129 4.16 4.48
0.001291 4.08 4.4
0.001292 4.16 4.4
0.001293 4.16 4.56
0.001294 4.24 4.48
0.001295 4.24 4.56
0.001296 4.24 4.56
0.001297 4.4 4.48
0.001298 4.24 4.64
0.001299 4.4 4.56
0.0013 4.4 4.72
0.001301 4.48 4.72
0.001302 4.48 4.64
0.001303 4.56 4.8
0.001304 4.48 4.8
0.001305 4.56 4.8
0.001306 4.56 4.8
0.001307 4.56 4.8
0.001308 4.56 4.88
0.001309 4.64 4.8
0.00131 4.72 4.88
0.001311 4.72 4.88
0.001312 4.72 4.88
0.001313 4.72 4.96
0.001314 4.72 4.96
0.001315 4.8 5.04
0.001316 4.8 4.96
0.001317 4.72 5.04
0.001318 4.8 5.12
0.001319 4.8 5.12
0.00132 4.88 5.04
0.001321 4.88 5.12
0.001322 4.88 5.12
0.001323 4.88 5.12
0.001324 4.96 5.12
0.001325 4.88 5.12
0.001326 5.04 5.2
0.001327 5.04 5.2
0.001328 5.04 5.2
0.001329 5.04 5.2
0.00133 5.04 5.2
0.001331 5.04 5.2
0.001332 5.12 5.28
0.001333 5.12 5.2
0.001334 5.12 5.28
0.001335 5.12 5.28
0.001336 5.12 5.36
0.001337 5.12 5.36
0.001338 5.2 5.28
0.001339 5.2 5.36
0.00134 5.2 5.28
0.001341 5.36 5.36
0.001342 5.2 5.44
0.001343 5.36 5.36
0.001344 5.36 5.44
0.001345 5.2 5.44
0.001346 5.36 5.44
0.001347 5.36 5.44
0.001348 5.36 5.44
0.001349 5.36 5.44
0.00135 5.36 5.44
0.001351 5.36 5.44
0.001352 5.36 5.52
0.001353 5.36 5.44
0.001354 5.36 5.52
0.001355 5.44 5.44
0.001356 5.44 5.52
0.001357 5.44 5.52
0.001358 5.44 5.52
0.001359 5.44 5.52
0.00136 5.44 5.52
0.001361 5.52 5.52
0.001362 5.52 5.52
0.001363 5.44 5.6
0.001364 5.44 5.6
0.001365 5.44 5.52
0.001366 5.52 5.6
0.001367 5.52 5.52
0.001368 5.44 5.6
0.001369 5.52 5.52
0.00137 5.52 5.6
0.001371 5.52 5.52
0.001372 5.52 5.52
0.001373 5.52 5.6
0.001374 5.52 5.6
0.001375 5.52 5.6
0.001376 5.6 5.6
0.001377 5.52 5.52
0.001378 5.52 5.6
0.001379 5.52 5.6
0.00138 5.6 5.52
0.001381 5.68 5.6
0.001382 5.52 5.6
0.001383 5.6 5.6
0.001384 5.68 5.6
0.001385 5.6 5.6
0.001386 5.6 5.6
0.001387 5.6 5.52
0.001388 5.6 5.6
0.001389 5.52 5.52
0.00139 5.6 5.6
0.001391 5.6 5.6
0.001392 5.52 5.52
0.001393 5.6 5.6
0.001394 5.52 5.52
0.001395 5.52 5.52
0.001396 5.6 5.6
0.001397 5.52 5.52
0.001398 5.52 5.52
0.001399 5.52 5.52
0.0014 5.6 5.52
0.001401 5.52 5.52
0.001402 5.52 5.52
0.001403 5.52 5.44
0.001404 5.52 5.52
0.001405 5.52 5.44
0.001406 5.52 5.52
0.001407 5.52 5.44
0.001408 5.52 5.44
0.001409 5.52 5.44
0.00141 5.52 5.44
0.001411 5.52 5.44
0.001412 5.52 5.36
0.001413 5.52 5.36
0.001414 5.52 5.44
0.001415 5.52 5.36
0.001416 5.52 5.36
0.001417 5.44 5.36
0.001418 5.44 5.28
0.001419 5.36 5.36
0.00142 5.44 5.28
0.001421 5.44 5.28
0.001422 5.36 5.28
0.001423 5.36 5.2
0.001424 5.36 5.28
0.001425 5.36 5.2
0.001426 5.36 5.2
0.001427 5.36 5.2
0.001428 5.36 5.2
0.001429 5.28 5.2
0.00143 5.36 5.2
0.001431 5.28 5.12
0.001432 5.2 5.12
0.001433 5.2 5.12
0.001434 5.2 5.12
0.001435 5.28 5.12
0.001436 5.2 5.04
0.001437 5.2 5.04
0.001438 5.2 5.04
0.001439 5.2 4.96
0.00144 5.2 5.04
0.001441 5.12 4.88
0.001442 5.12 4.96
0.001443 5.12 4.96
0.001444 5.04 4.88
0.001445 5.12 4.96
0.001446 5.04 4.88
0.001447 5.04 4.88
0.001448 5.04 4.88
0.001449 5.04 4.8
0.00145 5.04 4.8
0.001451 5.04 4.8
0.001452 4.96 4.8
0.001453 4.88 4.8
0.001454 4.88 4.72
0.001455 4.88 4.72
0.001456 4.88 4.64
0.001457 4.88 4.64
0.001458 4.88 4.64
0.001459 4.8 4.56
0.00146 4.8 4.64
0.001461 4.8 4.48
0.001462 4.72 4.56
0.001463 4.72 4.56
0.001464 4.72 4.48
0.001465 4.72 4.4
0.001466 4.64 4.4
0.001467 4.56 4.4
0.001468 4.64 4.32
0.001469 4.56 4.32
0.00147 4.48 4.32
0.001471 4.56 4.24
0.001472 4.48 4.32
0.001473 4.48 4.24
0.001474 4.48 4.16
0.001475 4.4 4.16
0.001476 4.4 4.16
0.001477 4.4 4.16
0.001478 4.32 4
0.001479 4.4 4.08
0.00148 4.24 4.08
0.001481 4.24 4.08
0.001482 4.24 4
0.001483 4.16 3.92
0.001484 4.16 3.92
0.001485 4.16 3.84
0.001486 4.08 3.92
0.001487 4.08 3.84
0.001488 4.08 3.76
0.001489 4.08 3.76
0.00149 3.92 3.68
0.001491 4 3.68
0.001492 3.92 3.6
0.001493 3.92 3.6
0.001494 3.92 3.6
0.001495 3.84 3.52
0.001496 3.76 3.6
0.001497 3.76 3.52
0.001498 3.76 3.36
0.001499 3.76 3.52
0.0015 3.68 3.44
0.001501 3.6 3.36
0.001502 3.6 3.36
0.001503 3.6 3.28
0.001504 3.6 3.28
0.001505 3.52 3.28
0.001506 3.52 3.2
0.001507 3.52 3.2
0.001508 3.44 3.12
0.001509 3.44 3.12
0.00151 3.44 2.96
0.001511 3.36 3.04
0.001512 3.28 3.04
0.001513 3.2 2.96
0.001514 3.2 2.96
0.001515 3.2 2.88
0.001516 3.2 2.88
0.001517 3.12 2.8
0.001518 3.12 2.8
0.001519 3.04 2.72
0.00152 3.04 2.72
0.001521 2.96 2.64
0.001522 2.96 2.64
0.001523 2.88 2.56
0.001524 2.88 2.56
0.001525 2.8 2.48
0.001526 2.8 2.48
0.001527 2.8 2.4
0.001528 2.72 2.4
0.001529 2.64 2.32
0.00153 2.56 2.32
0.001531 2.56 2.24
0.001532 2.56 2.32
0.001533 2.56 2.24
0.001534 2.48 2.08
0.001535 2.48 2.08
0.001536 2.48 2.08
0.001537 2.4 2
0.001538 2.32 2.08
0.001539 2.32 1.92
0.00154 2.24 1.92
0.001541 2.16 1.84
0.001542 2.16 1.76
0.001543 2.16 1.76
0.001544 2.08 1.76
0.001545 2.16 1.68
0.001546 2.08 1.68
0.001547 2 1.6
0.001548 1.92 1.6
0.001549 1.92 1.52
0.00155 1.84 1.52
0.001551 1.84 1.44
0.001552 1.84 1.36
0.001553 1.68 1.36
0.001554 1.68 1.28
0.001555 1.68 1.28
0.001556 1.6 1.28
0.001557 1.6 1.2
0.001558 1.52 1.12
0.001559 1.52 1.2
0.00156 1.52 1.04
0.001561 1.36 1.04
0.001562 1.36 0.96
0.001563 1.36 0.96
0.001564 1.28 0.96
0.001565 1.28 0.88
0.001566 1.28 0.88
0.001567 1.2 0.8
0.001568 1.2 0.72
0.001569 1.2 0.8
0.00157 1.04 0.64
0.001571 1.04 0.64
0.001572 0.96 0.56
0.001573 0.88 0.48
0.001574 0.96 0.56
0.001575 0.88 0.48
0.001576 0.8 0.4
0.001577 0.72 0.4
0.001578 0.72 0.32
0.001579 0.72 0.32
0.00158 0.72 0.24
0.001581 0.64 0.24
0.001582 0.56 0.16
0.001583 0.56 0.08
0.001584 0.4 0.08
0.001585 0.4 0.08
0.001586 0.32 0
0.001587 0.32 0
0.001588 0.32 -0.16
0.001589 0.24 -0.16
0.00159 0.24 -0.24
0.001591 0.24 -0.32
0.001592 0.24 -0.32
0.001593 0.08 -0.32
0.001594 0.08 -0.4
0.001595 0 -0.4
0.001596 0 -0.48
0.001597 -0.16 -0.48
0.001598 -0.16 -0.56
0.001599 -0.32 -0.64
0.0016 -0.32 -0.64
0.001601 -0.32 -0.72
0.001602 -0.32 -0.72
0.001603 -0.4 -0.8
0.001604 -0.48 -0.88
0.001605 -0.48 -0.88
0.001606 -0.48 -0.96
0.001607 -0.48 -0.96
0.001608 -0.64 -0.96
0.001609 -0.64 -1.04
0.00161 -0.72 -1.04
0.001611 -0.8 -1.12
0.001612 -0.8 -1.12
0.001613 -0.8 -1.2
0.001614 -0.8 -1.28
0.001615 -0.96 -1.28
0.001616 -0.96 -1.36
0.001617 -1.04 -1.36
0.001618 -1.04 -1.36
0.001619 -1.12 -1.44
0.00162 -1.12 -1.44
0.001621 -1.12 -1.52
0.001622 -1.28 -1.6
0.001623 -1.28 -1.6
0.001624 -1.36 -1.68
0.001625 -1.36 -1.68
0.001626 -1.36 -1.76
0.001627 -1.44 -1.76
0.001628 -1.44 -1.84
0.001629 -1.44 -1.84
0.00163 -1.52 -1.92
0.001631 -1.6 -1.92
0.001632 -1.6 -2
0.001633 -1.6 -2
0.001634 -1.68 -2
0.001635 -1.76 -2.08
0.001636 -1.76 -2.16
0.001637 -1.92 -2.24
0.001638 -1.84 -2.16
0.001639 -1.92 -2.24
0.00164 -2 -2.32
0.001641 -1.92 -2.32
0.001642 -2 -2.4
0.001643 -2.08 -2.48
0.001644 -2.08 -2.4
0.001645 -2.24 -2.48
0.001646 -2.08 -2.48
0.001647 -2.24 -2.64
0.001648 -2.24 -2.56
0.001649 -2.32 -2.64
0.00165 -2.4 -2.8
0.001651 -2.4 -2.64
0.001652 -2.4 -2.8
0.001653 -2.4 -2.8
0.001654 -2.4 -2.8
0.001655 -2.56 -2.88
0.001656 -2.56 -2.88
0.001657 -2.64 -2.96
0.001658 -2.64 -2.96
0.001659 -2.72 -2.96
0.00166 -2.72 -3.04
0.001661 -2.8 -3.04
0.001662 -2.72 -3.2
0.001663 -2.88 -3.12
0.001664 -2.88 -3.12
0.001665 -2.88 -3.28
0.001666 -2.96 -3.28
0.001667 -2.96 -3.28
0.001668 -3.04 -3.36
0.001669 -3.04 -3.44
0.00167 -3.04 -3.44
0.001671 -3.04 -3.44
0.001672 -3.2 -3.44
0.001673 -3.2 -3.52
0.001674 -3.28 -3.52
0.001675 -3.28 -3.52
0.001676 -3.36 -3.6
0.001677 -3.28 -3.6
0.001678 -3.36 -3.68
0.001679 -3.44 -3.76
0.00168 -3.52 -3.68
0.001681 -3.52 -3.76
0.001682 -3.52 -3.76
0.001683 -3.6 -3.92
0.001684 -3.6 -3.92
0.001685 -3.68 -3.84
0.001686 -3.68 -3.92
0.001687 -3.68 -3.92
0.001688 -3.68 -4
0.001689 -3.76 -4.08
0.00169 -3.84 -4
0.001691 -3.84 -4.08
0.001692 -3.92 -4.08
0.001693 -3.84 -4.08
0.001694 -3.92 -4.24
0.001695 -3.92 -4.16
0.001696 -4 -4.24
0.001697 -4 -4.24
0.001698 -4 -4.24
0.001699 -4.08 -4.32
0.0017 -4.16 -4.32
0.001701 -4.16 -4.4
0.001702 -4.16 -4.4
0.001703 -4.16 -4.4
0.001704 -4.16 -4.48
0.001705 -4.24 -4.48
0.001706 -4.24 -4.48
0.001707 -4.32 -4.48
0.001708 -4.32 -4.48
0.001709 -4.32 -4.64
0.00171 -4.48 -4.56
0.001711 -4.48 -4.64
0.001712 -4.4 -4.64
0.001713 -4.48 -4.72
0.001714 -4.48 -4.72
0.001715 -4.56 -4.8
0.001716 -4.56 -4.8
0.001717 -4.56 -4.8
0.001718 -4.56 -4.8
0.001719 -4.64 -4.8
0.00172 -4.64 -4.88
0.001721 -4.64 -4.88
0.001722 -4.72 -4.88
0.001723 -4.72 -4.96
0.001724 -4.8 -4.88
0.001725 -4.8 -5.04
0.001726 -4.8 -4.96
0.001727 -4.8 -5.04
0.001728 -4.88 -5.04
0.001729 -4.88 -5.04
0.00173 -4.96 -5.12
0.001731 -4.96 -5.04
0.001732 -4.96 -5.12
0.001733 -4.96 -5.12
0.001734 -4.96 -5.12
0.001735 -4.96 -5.2
0.001736 -4.96 -5.2
0.001737 -4.96 -5.2
0.001738 -5.12 -5.2
0.001739 -5.12 -5.2
0.00174 -5.12 -5.28
0.001741 -5.12 -5.2
0.001742 -5.12 -5.28
0.001743 -5.12 -5.28
0.001744 -5.2 -5.28
0.001745 -5.28 -5.28
0.001746 -5.2 -5.36
0.001747 -5.2 -5.36
0.001748 -5.2 -5.36
0.001749 -5.28 -5.36
0.00175 -5.28 -5.44
0.001751 -5.28 -5.36
0.001752 -5.28 -5.44
0.001753 -5.36 -5.44
0.001754 -5.36 -5.52
0.001755 -5.44 -5.44
0.001756 -5.44 -5.52
0.001757 -5.44 -5.44
0.001758 -5.44 -5.52
0.001759 -5.44 -5.52
0.00176 -5.44 -5.44
0.001761 -5.44 -5.52
0.001762 -5.52 -5.52
0.001763 -5.52 -5.52
0.001764 -5.44 -5.6
0.001765 -5.44 -5.52
0.001766 -5.52 -5.52
0.001767 -5.52 -5.52
0.001768 -5.52 -5.6
0.001769 -5.6 -5.6
0.00177 -5.6 -5.6
0.001771 -5.6 -5.6
0.001772 -5.6 -5.6
0.001773 -5.6 -5.68
0.001774 -5.6 -5.68
0.001775 -5.6 -5.6
0.001776 -5.6 -5.6
0.001777 -5.6 -5.68
0.001778 -5.6 -5.68
0.001779 -5.68 -5.68
0.00178 -5.68 -5.68
0.001781 -5.68 -5.68
0.001782 -5.6 -5.68
0.001783 -5.68 -5.68
0.001784 -5.68 -5.68
0.001785 -5.68 -5.68
0.001786 -5.76 -5.68
0.001787 -5.68 -5.76
0.001788 -5.76 -5.68
0.001789 -5.76 -5.68
0.00179 -5.68 -5.68
0.001791 -5.76 -5.68
0.001792 -5.76 -5.76
0.001793 -5.76 -5.68
0.001794 -5.76 -5.68
0.001795 -5.76 -5.76
0.001796 -5.68 -5.68
0.001797 -5.76 -5.76
0.001798 -5.76 -5.68
0.001799 -5.76 -5.68
0.0018 -5.76 -5.76
0.001801 -5.76 -5.68
0.001802 -5.76 -5.68
0.001803 -5.76 -5.68
0.001804 -5.76 -5.68
0.001805 -5.76 -5.76
0.001806 -5.76 -5.68
0.001807 -5.76 -5.76
0.001808 -5.76 -5.68
0.001809 -5.76 -5.68
0.00181 -5.76 -5.76
0.001811 -5.76 -5.68
0.001812 -5.76 -5.68
0.001813 -5.76 -5.68
0.001814 -5.76 -5.68
0.001815 -5.68 -5.68
0.001816 -5.76 -5.68
0.001817 -5.68 -5.6
0.001818 -5.76 -5.68
0.001819 -5.68 -5.68
0.00182 -5.76 -5.6
0.001821 -5.76 -5.6
0.001822 -5.76 -5.52
0.001823 -5.68 -5.6
0.001824 -5.76 -5.52
0.001825 -5.6 -5.6
0.001826 -5.68 -5.52
0.001827 -5.68 -5.52
0.001828 -5.6 -5.52
0.001829 -5.6 -5.52
0.00183 -5.68 -5.52
0.001831 -5.6 -5.52
0.001832 -5.6 -5.52
0.001833 -5.6 -5.52
0.001834 -5.6 -5.44
0.001835 -5.6 -5.44
0.001836 -5.6 -5.52
0.001837 -5.6 -5.44
0.001838 -5.6 -5.44
0.001839 -5.6 -5.44
0.00184 -5.6 -5.36
0.001841 -5.6 -5.44
0.001842 -5.52 -5.36
0.001843 -5.52 -5.44
0.001844 -5.52 -5.36
0.001845 -5.52 -5.28
0.001846 -5.44 -5.36
0.001847 -5.44 -5.2
0.001848 -5.52 -5.28
0.001849 -5.44 -5.2
0.00185 -5.44 -5.2
0.001851 -5.44 -5.2
0.001852 -5.44 -5.2
0.001853 -5.44 -5.2
0.001854 -5.36 -5.2
0.001855 -5.28 -5.12
0.001856 -5.36 -5.12
0.001857 -5.28 -5.12
0.001858 -5.28 -5.12
0.001859 -5.28 -5.04
0.00186 -5.28 -5.04
0.001861 -5.28 -5.04
0.001862 -5.2 -5.04
0.001863 -5.2 -5.04
0.001864 -5.2 -5.04
0.001865 -5.2 -4.96
0.001866 -5.2 -4.88
0.001867 -5.12 -4.88
0.001868 -5.12 -4.88
0.001869 -5.12 -4.88
0.00187 -5.12 -4.88
0.001871 -5.12 -4.88
0.001872 -5.12 -4.8
0.001873 -4.96 -4.8
0.001874 -4.96 -4.72
0.001875 -4.96 -4.72
0.001876 -4.96 -4.64
0.001877 -4.96 -4.72
0.001878 -4.88 -4.64
0.001879 -4.88 -4.56
0.00188 -4.88 -4.64
0.001881 -4.88 -4.48
0.001882 -4.88 -4.56
0.001883 -4.88 -4.48
0.001884 -4.8 -4.48
0.001885 -4.8 -4.48
0.001886 -4.72 -4.32
0.001887 -4.72 -4.4
0.001888 -4.64 -4.4
0.001889 -4.64 -4.4
0.00189 -4.64 -4.4
0.001891 -4.64 -4.24
0.001892 -4.64 -4.24
0.001893 -4.56 -4.24
0.001894 -4.48 -4.24
0.001895 -4.56 -4.24
0.001896 -4.48 -4.16
0.001897 -4.48 -4.16
0.001898 -4.48 -4.08
0.001899 -4.4 -4
0.0019 -4.32 -4.08
0.001901 -4.32 -4
0.001902 -4.32 -4
0.001903 -4.24 -3.92
0.001904 -4.24 -3.92
0.001905 -4.24 -3.92
0.001906 -4.24 -3.92
0.001907 -4.16 -3.84
0.001908 -4.16 -3.84
0.001909 -4.16 -3.76
0.00191 -4 -3.76
0.001911 -4 -3.76
0.001912 -4 -3.68
0.001913 -4 -3.6
0.001914 -4 -3.6
0.001915 -3.92 -3.52
0.001916 -3.92 -3.6
0.001917 -3.84 -3.52
0.001918 -3.84 -3.52
0.001919 -3.84 -3.44
0.00192 -3.76 -3.36
0.001921 -3.76 -3.44
0.001922 -3.68 -3.28
0.001923 -3.68 -3.28
0.001924 -3.68 -3.28
0.001925 -3.6 -3.2
0.001926 -3.6 -3.28
0.001927 -3.6 -3.12
0.001928 -3.44 -3.2
0.001929 -3.44 -3.12
0.00193 -3.44 -3.04
0.001931 -3.36 -3.04
0.001932 -3.36 -2.96
0.001933 -3.36 -2.96
0.001934 -3.28 -2.88
0.001935 -3.28 -2.88
0.001936 -3.2 -2.88
0.001937 -3.2 -2.8
0.001938 -3.12 -2.8
0.001939 -3.04 -2.72
0.00194 -3.04 -2.72
0.001941 -3.04 -2.72
0.001942 -3.04 -2.56
0.001943 -2.96 -2.56
0.001944 -2.96 -2.56
0.001945 -2.88 -2.56
0.001946 -2.88 -2.48
0.001947 -2.88 -2.4
0.001948 -2.72 -2.32
0.001949 -2.72 -2.32
0.00195 -2.72 -2.32
0.001951 -2.72 -2.24
0.001952 -2.64 -2.24
0.001953 -2.64 -2.16
0.001954 -2.56 -2.16
0.001955 -2.48 -2.16
0.001956 -2.48 -2
0.001957 -2.4 -2
0.001958 -2.4 -1.92
0.001959 -2.4 -1.92
0.00196 -2.32 -1.92
0.001961 -2.24 -1.76
0.001962 -2.24 -1.84
0.001963 -2.16 -1.76
0.001964 -2.16 -1.76
0.001965 -2.08 -1.68
0.001966 -2.08 -1.6
0.001967 -2.08 -1.6
0.001968 -2 -1.6
0.001969 -2 -1.52
0.00197 -1.92 -1.52
0.001971 -1.92 -1.36
0.001972 -1.84 -1.36
0.001973 -1.76 -1.36
0.001974 -1.76 -1.28
0.001975 -1.76 -1.36
0.001976 -1.68 -1.2
0.001977 -1.6 -1.2
0.001978 -1.6 -1.2
0.001979 -1.52 -1.04
0.00198 -1.44 -1.04
0.001981 -1.44 -1.04
0.001982 -1.44 -0.96
0.001983 -1.36 -0.96
0.001984 -1.36 -0.88
0.001985 -1.36 -0.88
0.001986 -1.28 -0.8
0.001987 -1.2 -0.72
0.001988 -1.2 -0.72
0.001989 -1.12 -0.64
0.00199 -1.12 -0.64
0.001991 -1.12 -0.64
0.001992 -1.04 -0.56
0.001993 -1.04 -0.56
0.001994 -0.96 -0.4
0.001995 -0.96 -0.4
0.001996 -0.8 -0.4
0.001997 -0.8 -0.32
0.001998 -0.8 -0.32
0.001999 -0.72 -0.24
0.002 -0.64 -0.24
0.002001 -0.64 -0.24
0.002002 -0.64 -0.16
0.002003 -0.56 -0.16
0.002004 -0.48 0
0.002005 -0.48 0
0.002006 -0.4 0
0.002007 -0.4 0.08
0.002008 -0.32 0.16
0.002009 -0.32 0.16
0.00201 -0.16 0.24
0.002011 -0.16 0.24
0.002012 -0.16 0.32
0.002013 -0.16 0.32
0.002014 0 0.4
0.002015 0 0.4
0.002016 0.08 0.4
0.002017 0.08 0.56
0.002018 0.24 0.56
0.002019 0.24 0.64
0.00202 0.24 0.64
0.002021 0.32 0.72
0.002022 0.32 0.72
0.002023 0.4 0.8
0.002024 0.4 0.8
0.002025 0.4 0.8
0.002026 0.4 0.96
0.002027 0.56 0.96
0.002028 0.56 0.96
0.002029 0.64 1.04
0.00203 0.64 1.04
0.002031 0.72 1.12
0.002032 0.72 1.12
0.002033 0.72 1.28
0.002034 0.88 1.2
0.002035 0.88 1.28
0.002036 0.96 1.36
0.002037 0.96 1.28
0.002038 1.04 1.44
0.002039 1.04 1.44
0.00204 1.12 1.52
0.002041 1.2 1.6
0.002042 1.2 1.52
0.002043 1.2 1.6
0.002044 1.28 1.6
0.002045 1.28 1.68
0.002046 1.28 1.76
0.002047 1.36 1.76
0.002048 1.36 1.76
0.002049 1.52 1.84
0.00205 1.52 1.92
0.002051 1.52 2
0.002052 1.6 2
0.002053 1.68 2
0.002054 1.6 2.08
0.002055 1.68 2.08
0.002056 1.68 2.16
0.002057 1.84 2.24
0.002058 1.84 2.24
0.002059 1.92 2.24
0.00206 1.92 2.32
0.002061 1.92 2.32
0.002062 2 2.32
0.002063 2 2.4
0.002064 2.08 2.48
0.002065 2.16 2.56
0.002066 2.16 2.56
0.002067 2.16 2.56
0.002068 2.24 2.64
0.002069 2.24 2.64
0.00207 2.32 2.72
0.002071 2.4 2.72
0.002072 2.4 2.8
0.002073 2.48 2.8
0.002074 2.48 2.88
0.002075 2.48 2.88
0.002076 2.48 2.88
0.002077 2.56 2.96
0.002078 2.56 2.96
0.002079 2.64 3.04
0.00208 2.72 3.04
0.002081 2.72 3.04
0.002082 2.8 3.2
0.002083 2.8 3.12
0.002084 2.8 3.2
0.002085 2.88 3.2
0.002086 2.88 3.2
0.002087 2.96 3.36
0.002088 2.96 3.28
0.002089 2.96 3.36
0.00209 2.96 3.36
0.002091 3.04 3.36
0.002092 3.12 3.52
0.002093 3.12 3.52
0.002094 3.2 3.52
0.002095 3.2 3.6
0.002096 3.28 3.6
0.002097 3.28 3.68
0.002098 3.36 3.68
0.002099 3.44 3.68
0.0021 3.44 3.76
0.002101 3.44 3.76
0.002102 3.44 3.84
0.002103 3.44 3.84
0.002104 3.52 3.84
0.002105 3.6 3.84
0.002106 3.6 3.92
0.002107 3.6 3.92
0.002108 3.68 3.92
0.002109 3.76 4
0.00211 3.76 4
0.002111 3.76 4.08
0.002112 3.76 4
0.002113 3.84 4.08
0.002114 3.84 4.16
0.002115 3.84 4.16
0.002116 3.84 4.24
0.002117 3.92 4.24
0.002118 3.92 4.24
0.002119 3.92 4.24
0.00212 4.08 4.24
0.002121 4.08 4.32
0.002122 4.08 4.32
0.002123 4.16 4.4
0.002124 4.08 4.4
0.002125 4.16 4.4
0.002126 4.16 4.48
0.002127 4.24 4.48
0.002128 4.24 4.56
0.002129 4.24 4.48
0.00213 4.4 4.56
0.002131 4.32 4.56
0.002132 4.4 4.56
0.002133 4.4 4.64
0.002134 4.4 4.64
0.002135 4.4 4.64
0.002136 4.48 4.72
0.002137 4.48 4.72
0.002138 4.48 4.8
0.002139 4.56 4.8
0.00214 4.56 4.8
0.002141 4.56 4.8
0.002142 4.56 4.8
0.002143 4.56 4.8
0.002144 4.72 4.88
0.002145 4.72 4.88
0.002146 4.72 4.88
0.002147 4.8 4.96
0.002148 4.8 4.96
0.002149 4.72 5.04
0.00215 4.8 4.96
0.002151 4.8 5.04
0.002152 4.8 5.12
0.002153 4.88 5.04
0.002154 4.88 5.12
0.002155 4.88 5.12
0.002156 4.88 5.12
0.002157 4.96 5.2
0.002158 4.88 5.12
0.002159 4.96 5.2
0.00216 5.04 5.2
0.002161 5.04 5.12
0.002162 5.04 5.28
0.002163 5.04 5.2
0.002164 5.04 5.28
0.002165 5.12 5.28
0.002166 5.12 5.2
0.002167 5.12 5.36
0.002168 5.2 5.2
0.002169 5.12 5.36
0.00217 5.12 5.36
0.002171 5.2 5.28
0.002172 5.2 5.28
0.002173 5.2 5.36
0.002174 5.2 5.28
0.002175 5.28 5.44
0.002176 5.28 5.44
0.002177 5.36 5.44
0.002178 5.28 5.44
0.002179 5.36 5.44
0.00218 5.36 5.44
0.002181 5.36 5.44
0.002182 5.36 5.44
0.002183 5.36 5.52
0.002184 5.36 5.44
0.002185 5.36 5.52
0.002186 5.36 5.52
0.002187 5.44 5.52
0.002188 5.44 5.52
0.002189 5.44 5.52
0.00219 5.44 5.52
0.002191 5.44 5.52
0.002192 5.44 5.52
0.002193 5.44 5.52
0.002194 5.52 5.52
0.002195 5.52 5.52
0.002196 5.44 5.6
0.002197 5.52 5.52
0.002198 5.52 5.6
0.002199 5.52 5.52
0.0022 5.52 5.6
0.002201 5.52 5.6
0.002202 5.52 5.52
0.002203 5.52 5.6
0.002204 5.52 5.52
0.002205 5.52 5.52
0.002206 5.52 5.6
0.002207 5.52 5.6
0.002208 5.52 5.52
0.002209 5.52 5.52
0.00221 5.52 5.6
0.002211 5.52 5.6
0.002212 5.52 5.6
0.002213 5.52 5.6
0.002214 5.6 5.6
0.002215 5.52 5.6
0.002216 5.6 5.6
0.002217 5.52 5.6
0.002218 5.68 5.52
0.002219 5.52 5.6
0.00222 5.6 5.52
0.002221 5.52 5.6
0.002222 5.52 5.6
0.002223 5.6 5.52
0.002224 5.6 5.6
0.002225 5.52 5.52
0.002226 5.52 5.52
0.002227 5.6 5.6
0.002228 5.52 5.52
0.002229 5.52 5.52
0.00223 5.52 5.44
0.002231 5.52 5.6
0.002232 5.52 5.6
0.002233 5.52 5.44
0.002234 5.52 5.52
0.002235 5.52 5.44
0.002236 5.52 5.52
0.002237 5.52 5.52
0.002238 5.52 5.44
0.002239 5.52 5.44
0.00224 5.52 5.44
0.002241 5.52 5.44
0.002242 5.52 5.52
0.002243 5.52 5.44
0.002244 5.52 5.44
0.002245 5.52 5.44
0.002246 5.52 5.44
0.002247 5.44 5.44
0.002248 5.44 5.36
0.002249 5.44 5.44
0.00225 5.44 5.36
0.002251 5.44 5.36
0.002252 5.44 5.28
0.002253 5.36 5.36
0.002254 5.44 5.28
0.002255 5.36 5.28
0.002256 5.36 5.28
0.002257 5.36 5.28
0.002258 5.36 5.28
0.002259 5.36 5.2
0.00226 5.36 5.2
0.002261 5.36 5.2
0.002262 5.36 5.2
0.002263 5.36 5.2
0.002264 5.36 5.2
0.002265 5.28 5.2
0.002266 5.36 5.12
0.002267 5.28 5.12
0.002268 5.2 5.12
0.002269 5.2 5.12
0.00227 5.2 5.12
0.002271 5.2 5.04
0.002272 5.2 4.96
0.002273 5.2 5.04
0.002274 5.12 4.96
0.002275 5.12 4.96
0.002276 5.12 4.96
0.002277 5.12 4.88
0.002278 5.04 4.96
0.002279 5.04 4.88
0.00228 5.04 4.88
0.002281 5.04 4.88
0.002282 5.04 4.8
0.002283 5.04 4.88
0.002284 5.04 4.8
0.002285 4.96 4.8
0.002286 4.88 4.72
0.002287 4.88 4.72
0.002288 4.88 4.72
0.002289 4.8 4.64
0.00229 4.88 4.64
0.002291 4.88 4.64
0.002292 4.8 4.56
0.002293 4.8 4.64
0.002294 4.8 4.56
0.002295 4.8 4.56
0.002296 4.72 4.56
0.002297 4.72 4.48
0.002298 4.72 4.48
0.002299 4.72 4.4
0.0023 4.72 4.4
0.002301 4.64 4.4
0.002302 4.56 4.32
0.002303 4.56 4.24
0.002304 4.56 4.32
0.002305 4.56 4.24
0.002306 4.48 4.16
0.002307 4.48 4.24
0.002308 4.48 4.16
0.002309 4.4 4.16
0.00231 4.4 4.16
0.002311 4.4 4.08
0.002312 4.32 4.16
0.002313 4.32 4
0.002314 4.24 4
0.002315 4.24 4
0.002316 4.24 3.92
0.002317 4.16 3.92
0.002318 4.16 3.84
0.002319 4.16 3.84
0.00232 4.08 3.84
0.002321 4.08 3.84
0.002322 4.08 3.84
0.002323 4.08 3.68
0.002324 4.08 3.68
0.002325 3.92 3.68
0.002326 3.92 3.6
0.002327 3.84 3.6
0.002328 3.84 3.52
0.002329 3.84 3.52
0.00233 3.76 3.52
0.002331 3.76 3.44
0.002332 3.76 3.44
0.002333 3.76 3.36
0.002334 3.68 3.36
0.002335 3.68 3.36
0.002336 3.6 3.28
0.002337 3.52 3.28
0.002338 3.52 3.2
0.002339 3.52 3.2
0.00234 3.52 3.2
0.002341 3.44 3.12
0.002342 3.44 3.12
0.002343 3.36 3.04
0.002344 3.44 3.04
0.002345 3.28 2.96
0.002346 3.28 2.96
0.002347 3.28 2.88
0.002348 3.2 2.96
0.002349 3.2 2.88
0.00235 3.12 2.88
0.002351 3.12 2.72
0.002352 3.12 2.72
0.002353 2.96 2.72
0.002354 2.96 2.72
0.002355 2.96 2.64
0.002356 2.96 2.56
0.002357 2.88 2.48
0.002358 2.8 2.56
0.002359 2.8 2.48
0.00236 2.8 2.48
0.002361 2.8 2.4
0.002362 2.8 2.4
0.002363 2.64 2.4
0.002364 2.56 2.32
0.002365 2.56 2.24
0.002366 2.56 2.24
0.002367 2.48 2.16
0.002368 2.48 2.16
0.002369 2.48 2.08
0.00237 2.4 2
0.002371 2.32 2
0.002372 2.32 2
0.002373 2.24 1.92
0.002374 2.32 1.92
0.002375 2.24 1.84
0.002376 2.24 1.84
0.002377 2.16 1.76
0.002378 2 1.68
0.002379 2 1.68
0.00238 2 1.6
0.002381 2 1.68
0.002382 1.92 1.52
0.002383 1.84 1.44
0.002384 1.84 1.44
0.002385 1.84 1.36
0.002386 1.76 1.44
0.002387 1.68 1.36
0.002388 1.68 1.28
0.002389 1.68 1.28
0.00239 1.52 1.2
0.002391 1.52 1.2
0.002392 1.52 1.12
0.002393 1.52 1.04
0.002394 1.52 1.12
0.002395 1.44 0.96
0.002396 1.36 0.96
0.002397 1.36 0.96
0.002398 1.28 0.88
0.002399 1.2 0.88
0.0024 1.2 0.8
0.002401 1.2 0.8
0.002402 1.2 0.72
0.002403 1.04 0.64
0.002404 1.04 0.64
0.002405 0.96 0.64
0.002406 0.96 0.48
0.002407 0.88 0.56
0.002408 0.88 0.48
0.002409 0.88 0.4
0.00241 0.8 0.4
0.002411 0.72 0.32
0.002412 0.72 0.32
0.002413 0.64 0.32
0.002414 0.64 0.24
0.002415 0.56 0.16
0.002416 0.56 0.16
0.002417 0.48 0.08
0.002418 0.4 0.08
0.002419 0.32 0
0.00242 0.32 0
0.002421 0.32 -0.16
0.002422 0.32 -0.24
0.002423 0.24 -0.16
0.002424 0.24 -0.32
0.002425 0.24 -0.24
0.002426 0.08 -0.4
0.002427 0.08 -0.32
0.002428 0.08 -0.4
0.002429 0 -0.48
0.00243 0 -0.4
0.002431 -0.16 -0.56
0.002432 -0.16 -0.64
0.002433 -0.24 -0.64
0.002434 -0.32 -0.72
0.002435 -0.32 -0.72
0.002436 -0.4 -0.72
0.002437 -0.48 -0.8
0.002438 -0.4 -0.8
0.002439 -0.48 -0.88
0.00244 -0.56 -0.96
0.002441 -0.64 -0.96
0.002442 -0.64 -0.96
0.002443 -0.64 -1.04
0.002444 -0.72 -1.12
0.002445 -0.8 -1.12
0.002446 -0.8 -1.2
0.002447 -0.8 -1.2
0.002448 -0.88 -1.2
0.002449 -0.96 -1.28
0.00245 -0.96 -1.36
0.002451 -1.04 -1.36
0.002452 -1.04 -1.44
0.002453 -1.12 -1.44
0.002454 -1.12 -1.52
0.002455 -1.2 -1.52
0.002456 -1.28 -1.6
0.002457 -1.28 -1.6
0.002458 -1.28 -1.68
0.002459 -1.36 -1.68
0.00246 -1.44 -1.76
0.002461 -1.44 -1.84
0.002462 -1.44 -1.84
0.002463 -1.52 -1.92
0.002464 -1.52 -1.92
0.002465 -1.6 -1.92
0.002466 -1.6 -1.92
0.002467 -1.76 -2
0.002468 -1.76 -2.16
0.002469 -1.76 -2
0.00247 -1.76 -2.24
0.002471 -1.84 -2.16
0.002472 -1.92 -2.24
0.002473 -1.92 -2.32
0.002474 -2 -2.24
0.002475 -2 -2.32
0.002476 -2.08 -2.32
0.002477 -2.08 -2.4
0.002478 -2.08 -2.48
0.002479 -2.16 -2.48
0.00248 -2.24 -2.56
0.002481 -2.24 -2.56
0.002482 -2.32 -2.64
0.002483 -2.32 -2.72
0.002484 -2.32 -2.72
0.002485 -2.4 -2.8
0.002486 -2.4 -2.8
0.002487 -2.48 -2.8
0.002488 -2.56 -2.8
0.002489 -2.56 -2.88
0.00249 -2.64 -2.96
0.002491 -2.64 -2.96
0.002492 -2.64 -2.96
0.002493 -2.72 -3.04
0.002494 -2.72 -3.12
0.002495 -2.72 -3.12
0.002496 -2.72 -3.2
0.002497 -2.88 -3.12
0.002498 -2.88 -3.2
0.002499 -2.96 -3.28
0.0025 -2.96 -3.28
0.002501 -3.04 -3.28
0.002502 -3.04 -3.36
0.002503 -3.04 -3.36
0.002504 -3.12 -3.44
0.002505 -3.2 -3.44
0.002506 -3.2 -3.52
0.002507 -3.2 -3.6
0.002508 -3.2 -3.52
0.002509 -3.28 -3.6
0.00251 -3.36 -3.6
0.002511 -3.36 -3.76
0.002512 -3.36 -3.68
0.002513 -3.44 -3.68
0.002514 -3.52 -3.84
0.002515 -3.52 -3.76
0.002516 -3.52 -3.84
0.002517 -3.6 -3.84
0.002518 -3.6 -3.84
0.002519 -3.6 -3.92
0.00252 -3.68 -3.92
0.002521 -3.68 -4
0.002522 -3.68 -4
0.002523 -3.76 -4
0.002524 -3.84 -4.08
0.002525 -3.84 -4.08
0.002526 -3.92 -4.16
0.002527 -3.84 -4.16
0.002528 -4 -4.24
0.002529 -4 -4.16
0.00253 -4 -4.24
0.002531 -4 -4.24
0.002532 -4 -4.32
0.002533 -4.08 -4.32
0.002534 -4.08 -4.4
0.002535 -4.16 -4.4
0.002536 -4.16 -4.4
0.002537 -4.24 -4.48
0.002538 -4.24 -4.48
0.002539 -4.24 -4.48
0.00254 -4.32 -4.56
0.002541 -4.32 -4.48
0.002542 -4.32 -4.56
0.002543 -4.32 -4.64
0.002544 -4.32 -4.56
0.002545 -4.4 -4.56
0.002546 -4.48 -4.64
0.002547 -4.56 -4.72
0.002548 -4.56 -4.72
0.002549 -4.56 -4.72
0.00255 -4.56 -4.72
0.002551 -4.56 -4.72
0.002552 -4.64 -4.8
0.002553 -4.64 -4.88
0.002554 -4.64 -4.8
0.002555 -4.72 -4.88
0.002556 -4.72 -4.88
0.002557 -4.72 -4.88
0.002558 -4.8 -4.96
0.002559 -4.8 -4.88
0.00256 -4.88 -4.96
0.002561 -4.88 -4.96
0.002562 -4.8 -4.96
0.002563 -4.88 -5.04
0.002564 -4.88 -5.04
0.002565 -4.96 -5.04
0.002566 -4.96 -5.12
0.002567 -4.96 -5.12
0.002568 -4.96 -5.12
0.002569 -4.96 -5.2
0.00257 -5.04 -5.12
0.002571 -5.12 -5.2
0.002572 -5.12 -5.12
0.002573 -5.12 -5.2
0.002574 -5.12 -5.28
0.002575 -5.12 -5.2
0.002576 -5.2 -5.36
0.002577 -5.12 -5.2
0.002578 -5.2 -5.36
0.002579 -5.2 -5.36
0.00258 -5.2 -5.28
0.002581 -5.2 -5.44
0.002582 -5.28 -5.28
0.002583 -5.28 -5.36
0.002584 -5.28 -5.44
0.002585 -5.28 -5.36
0.002586 -5.28 -5.44
0.002587 -5.28 -5.44
0.002588 -5.36 -5.44
0.002589 -5.44 -5.52
0.00259 -5.44 -5.44
0.002591 -5.44 -5.52
0.002592 -5.44 -5.52
0.002593 -5.44 -5.52
0.002594 -5.44 -5.52
0.002595 -5.52 -5.52
0.002596 -5.52 -5.6
0.002597 -5.52 -5.52
0.002598 -5.52 -5.52
0.002599 -5.52 -5.6
0.0026 -5.52 -5.52
0.002601 -5.52 -5.68
0.002602 -5.52 -5.6
0.002603 -5.52 -5.6
0.002604 -5.6 -5.68
0.002605 -5.6 -5.6
0.002606 -5.6 -5.6
0.002607 -5.6 -5.68
0.002608 -5.6 -5.68
0.002609 -5.6 -5.6
0.00261 -5.6 -5.68
0.002611 -5.6 -5.6
0.002612 -5.6 -5.68
0.002613 -5.6 -5.68
0.002614 -5.68 -5.68
0.002615 -5.76 -5.76
0.002616 -5.68 -5.68
0.002617 -5.6 -5.76
0.002618 -5.68 -5.68
0.002619 -5.76 -5.68
0.00262 -5.76 -5.76
0.002621 -5.76 -5.68
0.002622 -5.76 -5.76
0.002623 -5.76 -5.76
0.002624 -5.76 -5.68
0.002625 -5.76 -5.76
0.002626 -5.76 -5.68
0.002627 -5.76 -5.76
0.002628 -5.76 -5.68
0.002629 -5.76 -5.68
0.00263 -5.76 -5.76
0.002631 -5.76 -5.68
0.002632 -5.76 -5.76
0.002633 -5.76 -5.68
0.002634 -5.76 -5.68
0.002635 -5.76 -5.68
0.002636 -5.76 -5.68
0.002637 -5.76 -5.76
0.002638 -5.76 -5.76
0.002639 -5.76 -5.68
0.00264 -5.76 -5.68
0.002641 -5.76 -5.68
0.002642 -5.76 -5.68
0.002643 -5.76 -5.68
0.002644 -5.76 -5.68
0.002645 -5.76 -5.68
0.002646 -5.76 -5.6
0.002647 -5.68 -5.68
0.002648 -5.76 -5.68
0.002649 -5.76 -5.68
0.00265 -5.76 -5.68
0.002651 -5.76 -5.68
0.002652 -5.68 -5.6
0.002653 -5.68 -5.6
0.002654 -5.76 -5.6
0.002655 -5.68 -5.52
0.002656 -5.76 -5.6
0.002657 -5.68 -5.52
0.002658 -5.68 -5.52
0.002659 -5.76 -5.6
0.00266 -5.6 -5.52
0.002661 -5.6 -5.52
0.002662 -5.68 -5.52
0.002663 -5.6 -5.52
0.002664 -5.6 -5.52
0.002665 -5.6 -5.44
0.002666 -5.6 -5.44
0.002667 -5.6 -5.44
0.002668 -5.6 -5.44
0.002669 -5.6 -5.52
0.00267 -5.6 -5.36
0.002671 -5.52 -5.44
0.002672 -5.6 -5.36
0.002673 -5.6 -5.44
0.002674 -5.6 -5.44
0.002675 -5.6 -5.36
0.002676 -5.52 -5.36
0.002677 -5.52 -5.36
0.002678 -5.52 -5.36
0.002679 -5.52 -5.28
0.00268 -5.44 -5.28
0.002681 -5.44 -5.28
0.002682 -5.44 -5.28
0.002683 -5.44 -5.2
0.002684 -5.44 -5.2
0.002685 -5.44 -5.2
0.002686 -5.36 -5.2
0.002687 -5.36 -5.2
0.002688 -5.36 -5.12
0.002689 -5.36 -5.12
0.00269 -5.28 -5.12
0.002691 -5.36 -5.12
0.002692 -5.28 -5.12
0.002693 -5.28 -5.04
0.002694 -5.28 -4.96
0.002695 -5.28 -5.12
0.002696 -5.2 -5.04
0.002697 -5.28 -5.04
0.002698 -5.2 -4.88
0.002699 -5.2 -4.96
0.0027 -5.12 -4.88
0.002701 -5.2 -4.88
0.002702 -5.12 -4.88
0.002703 -5.12 -4.88
0.002704 -5.12 -4.88
0.002705 -5.12 -4.88
0.002706 -5.12 -4.8
0.002707 -4.96 -4.8
0.002708 -4.96 -4.8
0.002709 -4.96 -4.72
0.00271 -4.96 -4.72
0.002711 -4.96 -4.64
0.002712 -4.96 -4.72
0.002713 -4.88 -4.56
0.002714 -4.88 -4.56
0.002715 -4.88 -4.56
0.002716 -4.8 -4.56
0.002717 -4.8 -4.56
0.002718 -4.8 -4.56
0.002719 -4.8 -4.48
0.00272 -4.72 -4.48
0.002721 -4.64 -4.4
0.002722 -4.64 -4.4
0.002723 -4.64 -4.4
0.002724 -4.64 -4.32
0.002725 -4.56 -4.32
0.002726 -4.64 -4.32
0.002727 -4.56 -4.24
0.002728 -4.48 -4.24
0.002729 -4.48 -4.24
0.00273 -4.48 -4.16
0.002731 -4.48 -4.16
0.002732 -4.4 -4.08
0.002733 -4.4 -4.08
0.002734 -4.32 -4
0.002735 -4.32 -3.92
0.002736 -4.32 -4
0.002737 -4.24 -3.92
0.002738 -4.24 -3.92
0.002739 -4.24 -3.92
0.00274 -4.16 -3.84
0.002741 -4.16 -3.84
0.002742 -4.16 -3.84
0.002743 -4.08 -3.76
0.002744 -4 -3.76
0.002745 -4 -3.68
0.002746 -4 -3.68
0.002747 -4 -3.6
0.002748 -3.92 -3.6
0.002749 -3.92 -3.52
0.00275 -3.92 -3.52
0.002751 -3.84 -3.52
0.002752 -3.84 -3.44
0.002753 -3.68 -3.44
0.002754 -3.68 -3.44
0.002755 -3.68 -3.36
0.002756 -3.68 -3.36
0.002757 -3.6 -3.28
0.002758 -3.68 -3.2
0.002759 -3.6 -3.2
0.00276 -3.52 -3.12
0.002761 -3.52 -3.12
0.002762 -3.52 -3.12
0.002763 -3.36 -3.12
0.002764 -3.36 -2.96
0.002765 -3.36 -2.96
0.002766 -3.36 -2.96
0.002767 -3.28 -2.96
0.002768 -3.28 -2.88
0.002769 -3.28 -2.88
0.00277 -3.2 -2.88
0.002771 -3.2 -2.8
0.002772 -3.04 -2.8
0.002773 -3.04 -2.64
0.002774 -3.04 -2.64
0.002775 -3.04 -2.64
0.002776 -2.96 -2.56
0.002777 -2.96 -2.56
0.002778 -2.88 -2.48
0.002779 -2.88 -2.48
0.00278 -2.8 -2.48
0.002781 -2.8 -2.32
0.002782 -2.72 -2.32
0.002783 -2.72 -2.24
0.002784 -2.64 -2.32
0.002785 -2.64 -2.24
0.002786 -2.56 -2.16
0.002787 -2.64 -2.16
0.002788 -2.4 -2.08
0.002789 -2.48 -2.08
0.00279 -2.4 -2
0.002791 -2.4 -2
0.002792 -2.4 -2
0.002793 -2.32 -1.92
0.002794 -2.32 -1.92
0.002795 -2.24 -1.92
0.002796 -2.24 -1.76
0.002797 -2.24 -1.76
0.002798 -2.08 -1.76
0.002799 -2.08 -1.68
0.0028 -2.08 -1.68
0.002801 -2.08 -1.6
0.002802 -2 -1.52
0.002803 -1.92 -1.52
0.002804 -1.92 -1.44
0.002805 -1.76 -1.36
0.002806 -1.84 -1.44
0.002807 -1.76 -1.36
0.002808 -1.76 -1.36
0.002809 -1.68 -1.28
0.00281 -1.6 -1.28
0.002811 -1.6 -1.2
0.002812 -1.6 -1.12
0.002813 -1.52 -1.12
0.002814 -1.44 -1.04
0.002815 -1.44 -0.96
0.002816 -1.44 -1.04
0.002817 -1.36 -0.88
0.002818 -1.28 -0.88
0.002819 -1.28 -0.88
0.00282 -1.2 -0.72
0.002821 -1.2 -0.72
0.002822 -1.12 -0.72
0.002823 -1.12 -0.64
0.002824 -1.12 -0.64
0.002825 -1.04 -0.56
0.002826 -0.96 -0.56
0.002827 -0.96 -0.48
0.002828 -0.96 -0.4
0.002829 -0.8 -0.4
0.00283 -0.8 -0.32
0.002831 -0.72 -0.4
0.002832 -0.72 -0.32
0.002833 -0.64 -0.32
0.002834 -0.64 -0.24
0.002835 -0.64 -0.16
0.002836 -0.48 0
0.002837 -0.56 0
0.002838 -0.48 0
0.002839 -0.4 0.08
0.00284 -0.4 0.08
0.002841 -0.4 0.16
0.002842 -0.4 0.24
0.002843 -0.32 0.16
0.002844 -0.24 0.32
0.002845 -0.16 0.32
0.002846 -0.16 0.4
0.002847 -0.16 0.4
0.002848 0 0.48
0.002849 0.08 0.48
0.00285 0.08 0.48
0.002851 0.08 0.64
0.002852 0.24 0.64
0.002853 0.24 0.72
0.002854 0.24 0.64
0.002855 0.32 0.72
0.002856 0.32 0.8
0.002857 0.4 0.8
0.002858 0.4 0.88
0.002859 0.48 0.88
0.00286 0.56 0.96
0.002861 0.56 1.04
0.002862 0.56 1.04
0.002863 0.64 1.04
0.002864 0.72 1.12
0.002865 0.72 1.12
0.002866 0.88 1.28
0.002867 0.8 1.2
0.002868 0.88 1.28
0.002869 0.88 1.28
0.00287 0.96 1.28
0.002871 1.04 1.44
0.002872 1.04 1.44
0.002873 1.04 1.44
0.002874 1.04 1.6
0.002875 1.2 1.52
0.002876 1.2 1.6
0.002877 1.2 1.6
0.002878 1.28 1.68
0.002879 1.28 1.76
0.00288 1.36 1.76
0.002881 1.44 1.84
0.002882 1.52 1.84
0.002883 1.52 1.92
0.002884 1.52 1.92
0.002885 1.52 2
0.002886 1.6 2
0.002887 1.6 2.08
0.002888 1.68 2.08
0.002889 1.68 2.16
0.00289 1.84 2.24
0.002891 1.84 2.24
0.002892 1.84 2.24
0.002893 1.92 2.24
0.002894 1.92 2.32
0.002895 2 2.4
0.002896 2 2.32
0.002897 2 2.4
0.002898 2.16 2.48
0.002899 2.16 2.56
0.0029 2.16 2.56
0.002901 2.16 2.56
0.002902 2.24 2.64
0.002903 2.32 2.64
0.002904 2.32 2.72
0.002905 2.32 2.72
0.002906 2.4 2.72
0.002907 2.48 2.88
0.002908 2.48 2.88
0.002909 2.48 2.88
0.00291 2.56 2.96
0.002911 2.56 2.88
0.002912 2.56 3.04
0.002913 2.64 2.96
0.002914 2.8 3.04
0.002915 2.8 3.12
0.002916 2.8 3.12
0.002917 2.8 3.2
0.002918 2.88 3.2
0.002919 2.88 3.28
0.00292 2.96 3.28
0.002921 2.96 3.28
0.002922 2.96 3.28
0.002923 3.12 3.36
0.002924 3.12 3.44
0.002925 3.12 3.36
0.002926 3.12 3.52
0.002927 3.12 3.52
0.002928 3.2 3.6
0.002929 3.28 3.52
0.00293 3.28 3.6
0.002931 3.28 3.68
0.002932 3.28 3.68
0.002933 3.44 3.68
0.002934 3.44 3.76
0.002935 3.44 3.84
0.002936 3.52 3.84
0.002937 3.52 3.84
0.002938 3.52 3.84
0.002939 3.6 3.92
0.00294 3.6 3.92
0.002941 3.68 4
0.002942 3.76 4
0.002943 3.76 4
0.002944 3.76 4
0.002945 3.76 4.08
0.002946 3.76 4.16
0.002947 3.84 4.16
0.002948 3.84 4.16
0.002949 3.92 4.16
0.00295 3.92 4.24
0.002951 4 4.24
0.002952 4 4.24
0.002953 4.08 4.32
0.002954 4.08 4.4
0.002955 4.08 4.32
0.002956 4.08 4.4
0.002957 4.16 4.48
0.002958 4.08 4.4
0.002959 4.24 4.56
0.00296 4.24 4.48
0.002961 4.24 4.56
0.002962 4.24 4.56
0.002963 4.24 4.56
0.002964 4.4 4.64
0.002965 4.4 4.64
0.002966 4.4 4.56
0.002967 4.4 4.72
0.002968 4.48 4.64
0.002969 4.48 4.72
0.00297 4.48 4.8
0.002971 4.48 4.72
0.002972 4.56 4.88
0.002973 4.48 4.8
0.002974 4.64 4.88
0.002975 4.56 4.8
0.002976 4.72 4.8
0.002977 4.72 4.88
0.002978 4.72 4.88
0.002979 4.72 4.88
0.00298 4.8 4.96
0.002981 4.72 4.96
0.002982 4.8 4.96
0.002983 4.8 4.96
0.002984 4.8 5.04
0.002985 4.88 4.96
0.002986 4.88 4.96
0.002987 4.88 5.12
0.002988 4.88 5.04
0.002989 4.88 5.12
0.00299 5.04 5.12
0.002991 4.96 5.12
0.002992 5.04 5.2
0.002993 5.04 5.2
0.002994 5.04 5.2
0.002995 5.04 5.12
0.002996 5.04 5.2
0.002997 5.04 5.2
0.002998 5.12 5.28
0.002999 5.12 5.2
0.003 5.12 5.28
0.003001 5.12 5.28
0.003002 5.12 5.28
0.003003 5.2 5.36
0.003004 5.12 5.28
0.003005 5.2 5.36
0.003006 5.2 5.36
0.003007 5.2 5.28
0.003008 5.36 5.44
0.003009 5.36 5.36
0.00301 5.2 5.44
0.003011 5.36 5.44
0.003012 5.36 5.36
0.003013 5.36 5.44
0.003014 5.36 5.44
0.003015 5.36 5.44
0.003016 5.36 5.52
0.003017 5.36 5.44
0.003018 5.36 5.52
0.003019 5.36 5.44
0.00302 5.36 5.44
0.003021 5.36 5.6
0.003022 5.36 5.44
0.003023 5.44 5.52
0.003024 5.44 5.52
0.003025 5.44 5.52
0.003026 5.44 5.6
0.003027 5.44 5.52
0.003028 5.52 5.52
0.003029 5.44 5.52
0.00303 5.44 5.52
0.003031 5.52 5.52
0.003032 5.52 5.52
0.003033 5.52 5.52
0.003034 5.52 5.52
0.003035 5.52 5.52
0.003036 5.52 5.6
0.003037 5.52 5.6
0.003038 5.52 5.6
0.003039 5.52 5.6
0.00304 5.52 5.6
0.003041 5.52 5.6
0.003042 5.52 5.6
0.003043 5.52 5.6
0.003044 5.52 5.6
0.003045 5.52 5.6
0.003046 5.52 5.52
0.003047 5.52 5.6
0.003048 5.52 5.52
0.003049 5.68 5.6
0.00305 5.6 5.6
0.003051 5.68 5.52
0.003052 5.52 5.6
0.003053 5.68 5.52
0.003054 5.68 5.6
0.003055 5.68 5.6
0.003056 5.68 5.52
0.003057 5.52 5.52
0.003058 5.52 5.6
0.003059 5.6 5.6
0.00306 5.52 5.6
0.003061 5.52 5.52
0.003062 5.52 5.6
0.003063 5.52 5.52
0.003064 5.6 5.52
0.003065 5.6 5.52
0.003066 5.52 5.52
0.003067 5.52 5.52
0.003068 5.52 5.52
0.003069 5.52 5.52
0.00307 5.6 5.52
0.003071 5.52 5.44
0.003072 5.52 5.44
0.003073 5.52 5.44
0.003074 5.52 5.44
0.003075 5.52 5.44
0.003076 5.52 5.44
0.003077 5.52 5.44
0.003078 5.52 5.44
0.003079 5.52 5.44
0.00308 5.52 5.44
0.003081 5.44 5.36
0.003082 5.44 5.36
0.003083 5.52 5.36
0.003084 5.44 5.36
0.003085 5.44 5.36
0.003086 5.44 5.36
0.003087 5.44 5.28
0.003088 5.36 5.28
0.003089 5.36 5.28
0.00309 5.36 5.28
0.003091 5.36 5.28
0.003092 5.36 5.2
0.003093 5.36 5.28
0.003094 5.36 5.2
0.003095 5.36 5.2
0.003096 5.36 5.2
0.003097 5.36 5.12
0.003098 5.36 5.12
0.003099 5.2 5.12
0.0031 5.2 5.12
0.003101 5.28 5.12
0.003102 5.28 5.04
0.003103 5.2 5.12
0.003104 5.2 5.12
0.003105 5.12 5.04
0.003106 5.12 5.04
0.003107 5.2 4.96
0.003108 5.12 5.04
0.003109 5.12 4.96
0.00311 5.12 4.88
0.003111 5.04 4.88
0.003112 5.04 4.88
0.003113 5.12 4.88
0.003114 5.04 4.88
0.003115 5.04 4.8
0.003116 5.04 4.88
0.003117 5.04 4.72
0.003118 4.96 4.8
0.003119 4.96 4.8
0.00312 4.88 4.64
0.003121 4.88 4.72
0.003122 4.88 4.64
0.003123 4.88 4.64
0.003124 4.8 4.64
0.003125 4.8 4.56
0.003126 4.8 4.64
0.003127 4.8 4.56
0.003128 4.72 4.48
0.003129 4.8 4.56
0.00313 4.72 4.48
0.003131 4.72 4.48
0.003132 4.72 4.48
0.003133 4.64 4.4
0.003134 4.56 4.4
0.003135 4.56 4.32
0.003136 4.56 4.32
0.003137 4.56 4.32
0.003138 4.56 4.32
0.003139 4.48 4.24
0.00314 4.48 4.16
0.003141 4.48 4.16
0.003142 4.4 4.16
0.003143 4.4 4.16
0.003144 4.4 4.16
0.003145 4.4 4.08
0.003146 4.24 4.08
0.003147 4.24 4.08
0.003148 4.24 4
0.003149 4.24 3.92
0.00315 4.16 3.92
0.003151 4.16 3.92
0.003152 4.08 3.84
0.003153 4.08 3.84
0.003154 4.08 3.84
0.003155 4.08 3.84
0.003156 4.08 3.76
0.003157 4 3.68
0.003158 4 3.76
0.003159 3.92 3.6
0.00316 3.92 3.68
0.003161 3.92 3.6
0.003162 3.84 3.6
0.003163 3.84 3.52
0.003164 3.76 3.52
0.003165 3.76 3.52
0.003166 3.76 3.44
0.003167 3.76 3.36
0.003168 3.76 3.36
0.003169 3.6 3.28
0.00317 3.6 3.28
0.003171 3.52 3.28
0.003172 3.52 3.2
0.003173 3.44 3.2
0.003174 3.44 3.12
0.003175 3.44 3.12
0.003176 3.44 3.04
0.003177 3.36 3.04
0.003178 3.28 3.04
0.003179 3.28 2.88
0.00318 3.28 2.96
0.003181 3.28 2.88
0.003182 3.2 2.88
0.003183 3.12 2.88
0.003184 3.12 2.8
0.003185 3.12 2.72
0.003186 3.12 2.72
0.003187 3.04 2.64
0.003188 2.96 2.64
0.003189 2.96 2.64
0.00319 2.96 2.56
0.003191 2.88 2.56
0.003192 2.88 2.56
0.003193 2.8 2.48
0.003194 2.8 2.4
0.003195 2.72 2.4
0.003196 2.8 2.32
0.003197 2.64 2.32
0.003198 2.56 2.24
0.003199 2.64 2.24
0.0032 2.56 2.16
0.003201 2.48 2.16
0.003202 2.48 2.16
0.003203 2.4 2
0.003204 2.4 2
0.003205 2.32 1.92
0.003206 2.32 2
0.003207 2.24 1.92
0.003208 2.16 1.76
0.003209 2.16 1.84
0.00321 2.16 1.76
0.003211 2.16 1.68
0.003212 2.08 1.76
0.003213 2 1.6
0.003214 2 1.68
0.003215 1.92 1.6
0.003216 1.92 1.6
0.003217 1.84 1.6
0.003218 1.84 1.36
0.003219 1.84 1.36
0.00322 1.76 1.36
0.003221 1.68 1.36
0.003222 1.68 1.28
0.003223 1.6 1.2
0.003224 1.52 1.2
0.003225 1.52 1.12
0.003226 1.52 1.12
0.003227 1.52 1.12
0.003228 1.36 1.04
0.003229 1.36 0.96
0.00323 1.36 0.96
0.003231 1.28 0.96
0.003232 1.28 0.88
0.003233 1.2 0.8
0.003234 1.2 0.8
0.003235 1.2 0.72
0.003236 1.04 0.72
0.003237 1.04 0.64
0.003238 1.04 0.64
0.003239 0.96 0.56
0.00324 0.96 0.56
0.003241 0.88 0.48
0.003242 0.88 0.4
0.003243 0.8 0.4
0.003244 0.72 0.32
0.003245 0.72 0.32
0.003246 0.72 0.24
0.003247 0.64 0.16
0.003248 0.56 0.24
0.003249 0.56 0.16
0.00325 0.48 0.16
0.003251 0.48 0.08
0.003252 0.4 0
0.003253 0.32 0
0.003254 0.32 0
0.003255 0.24 0
0.003256 0.24 -0.16
0.003257 0.24 -0.24
0.003258 0.08 -0.24
0.003259 0.08 -0.32
0.00326 0 -0.4
0.003261 0.08 -0.4
0.003262 -0.16 -0.48
0.003263 -0.16 -0.4
0.003264 -0.16 -0.56
0.003265 -0.16 -0.56
0.003266 -0.16 -0.64
0.003267 -0.32 -0.64
0.003268 -0.32 -0.64
0.003269 -0.4 -0.72
0.00327 -0.4 -0.72
0.003271 -0.48 -0.8
0.003272 -0.48 -0.88
0.003273 -0.48 -0.88
0.003274 -0.56 -0.96
0.003275 -0.64 -1.04
0.003276 -0.64 -1.04
0.003277 -0.72 -1.04
0.003278 -0.72 -1.12
0.003279 -0.8 -1.12
0.00328 -0.8 -1.2
0.003281 -0.8 -1.2
0.003282 -0.96 -1.28
0.003283 -1.04 -1.36
0.003284 -0.96 -1.36
0.003285 -1.04 -1.44
0.003286 -1.12 -1.36
0.003287 -1.12 -1.44
0.003288 -1.12 -1.6
0.003289 -1.28 -1.6
0.00329 -1.28 -1.6
0.003291 -1.28 -1.68
0.003292 -1.36 -1.68
0.003293 -1.44 -1.84
0.003294 -1.44 -1.76
0.003295 -1.44 -1.84
0.003296 -1.44 -1.84
0.003297 -1.52 -1.92
0.003298 -1.6 -2
0.003299 -1.6 -1.92
0.0033 -1.68 -2
0.003301 -1.76 -2.08
0.003302 -1.68 -2.08
0.003303 -1.76 -2.16
0.003304 -1.76 -2.16
0.003305 -1.84 -2.24
0.003306 -1.92 -2.32
0.003307 -1.92 -2.24
0.003308 -2 -2.32
0.003309 -2.08 -2.4
0.00331 -2.08 -2.4
0.003311 -2.08 -2.48
0.003312 -2.16 -2.48
0.003313 -2.24 -2.56
0.003314 -2.24 -2.56
0.003315 -2.32 -2.64
0.003316 -2.32 -2.64
0.003317 -2.32 -2.72
0.003318 -2.4 -2.72
0.003319 -2.4 -2.8
0.00332 -2.4 -2.8
0.003321 -2.56 -2.88
0.003322 -2.56 -2.88
0.003323 -2.64 -2.88
0.003324 -2.64 -2.96
0.003325 -2.64 -2.96
0.003326 -2.72 -3.04
0.003327 -2.72 -3.04
0.003328 -2.72 -3.12
0.003329 -2.8 -3.12
0.00333 -2.88 -3.12
0.003331 -2.96 -3.28
0.003332 -2.96 -3.28
0.003333 -2.96 -3.2
0.003334 -2.96 -3.28
0.003335 -3.04 -3.28
0.003336 -3.04 -3.36
0.003337 -3.04 -3.44
0.003338 -3.12 -3.44
0.003339 -3.2 -3.52
0.00334 -3.2 -3.52
0.003341 -3.28 -3.6
0.003342 -3.28 -3.6
0.003343 -3.36 -3.6
0.003344 -3.36 -3.68
0.003345 -3.36 -3.68
0.003346 -3.36 -3.68
0.003347 -3.52 -3.76
0.003348 -3.52 -3.76
0.003349 -3.52 -3.76
0.00335 -3.6 -3.84
0.003351 -3.6 -3.84
0.003352 -3.68 -3.92
0.003353 -3.68 -3.92
0.003354 -3.68 -3.92
0.003355 -3.68 -4
0.003356 -3.76 -4
0.003357 -3.68 -4
0.003358 -3.84 -4.08
0.003359 -3.84 -4.08
0.00336 -3.92 -4.16
0.003361 -4 -4.08
0.003362 -3.92 -4.16
0.003363 -4 -4.24
0.003364 -4 -4.24
0.003365 -4 -4.32
0.003366 -4 -4.24
0.003367 -4.08 -4.4
0.003368 -4.16 -4.4
0.003369 -4.16 -4.4
0.00337 -4.24 -4.48
0.003371 -4.24 -4.48
0.003372 -4.24 -4.48
0.003373 -4.32 -4.56
0.003374 -4.32 -4.48
0.003375 -4.32 -4.56
0.003376 -4.4 -4.56
0.003377 -4.48 -4.64
0.003378 -4.4 -4.64
0.003379 -4.48 -4.64
0.00338 -4.48 -4.72
0.003381 -4.48 -4.72
0.003382 -4.56 -4.8
0.003383 -4.56 -4.8
0.003384 -4.64 -4.8
0.003385 -4.64 -4.8
0.003386 -4.64 -4.8
0.003387 -4.64 -4.8
0.003388 -4.72 -4.88
0.003389 -4.64 -4.88
0.00339 -4.8 -4.88
0.003391 -4.8 -4.96
0.003392 -4.8 -4.88
0.003393 -4.88 -4.96
0.003394 -4.88 -5.04
0.003395 -4.88 -5.04
0.003396 -4.96 -5.12
0.003397 -4.96 -5.12
0.003398 -4.88 -5.04
0.003399 -4.96 -5.12
0.0034 -4.96 -5.12
0.003401 -4.96 -5.2
0.003402 -4.96 -5.2
0.003403 -4.96 -5.12
0.003404 -5.12 -5.2
0.003405 -5.12 -5.2
0.003406 -5.12 -5.28
0.003407 -5.12 -5.28
0.003408 -5.2 -5.2
0.003409 -5.2 -5.36
0.00341 -5.2 -5.2
0.003411 -5.2 -5.36
0.003412 -5.2 -5.36
0.003413 -5.28 -5.28
0.003414 -5.28 -5.36
0.003415 -5.28 -5.36
0.003416 -5.28 -5.36
0.003417 -5.28 -5.44
0.003418 -5.28 -5.36
0.003419 -5.28 -5.44
0.00342 -5.36 -5.44
0.003421 -5.28 -5.44
0.003422 -5.28 -5.44
0.003423 -5.44 -5.44
0.003424 -5.44 -5.44
0.003425 -5.44 -5.44
0.003426 -5.44 -5.52
0.003427 -5.44 -5.52
0.003428 -5.44 -5.52
0.003429 -5.44 -5.52
0.00343 -5.52 -5.52
0.003431 -5.44 -5.52
0.003432 -5.52 -5.6
0.003433 -5.52 -5.6
0.003434 -5.52 -5.6
0.003435 -5.6 -5.68
0.003436 -5.52 -5.52
0.003437 -5.52 -5.68
0.003438 -5.52 -5.68
0.003439 -5.6 -5.6
0.00344 -5.6 -5.68
0.003441 -5.6 -5.6
0.003442 -5.6 -5.68
0.003443 -5.6 -5.68
0.003444 -5.6 -5.6
0.003445 -5.68 -5.68
0.003446 -5.6 -5.68
0.003447 -5.68 -5.68
0.003448 -5.6 -5.68
0.003449 -5.6 -5.68
0.00345 -5.76 -5.68
0.003451 -5.68 -5.68
0.003452 -5.6 -5.68
0.003453 -5.6 -5.76
0.003454 -5.76 -5.68
0.003455 -5.76 -5.76
0.003456 -5.76 -5.68
0.003457 -5.68 -5.68
0.003458 -5.76 -5.76
0.003459 -5.76 -5.68
0.00346 -5.76 -5.76
0.003461 -5.76 -5.68
0.003462 -5.76 -5.68
0.003463 -5.76 -5.76
0.003464 -5.76 -5.68
0.003465 -5.76 -5.76
0.003466 -5.76 -5.68
0.003467 -5.84 -5.68
0.003468 -5.76 -5.76
0.003469 -5.76 -5.68
0.00347 -5.76 -5.76
0.003471 -5.76 -5.68
0.003472 -5.76 -5.68
0.003473 -5.76 -5.68
0.003474 -5.76 -5.68
0.003475 -5.76 -5.68
0.003476 -5.76 -5.68
0.003477 -5.76 -5.68
0.003478 -5.76 -5.6
0.003479 -5.76 -5.68
0.00348 -5.76 -5.68
0.003481 -5.76 -5.68
0.003482 -5.76 -5.68
0.003483 -5.76 -5.6
0.003484 -5.76 -5.68
0.003485 -5.6 -5.6
0.003486 -5.76 -5.68
0.003487 -5.76 -5.52
0.003488 -5.76 -5.52
0.003489 -5.68 -5.68
0.00349 -5.68 -5.52
0.003491 -5.68 -5.68
0.003492 -5.6 -5.52
0.003493 -5.68 -5.52
0.003494 -5.6 -5.52
0.003495 -5.6 -5.52
0.003496 -5.68 -5.52
0.003497 -5.68 -5.52
0.003498 -5.6 -5.44
0.003499 -5.6 -5.52
0.0035 -5.6 -5.44
0.003501 -5.6 -5.44
0.003502 -5.6 -5.52
0.003503 -5.6 -5.44
0.003504 -5.6 -5.44
0.003505 -5.6 -5.44
0.003506 -5.6 -5.36
0.003507 -5.6 -5.36
0.003508 -5.6 -5.36
0.003509 -5.52 -5.36
0.00351 -5.52 -5.36
0.003511 -5.52 -5.36
0.003512 -5.52 -5.36
0.003513 -5.44 -5.28
0.003514 -5.52 -5.28
0.003515 -5.52 -5.28
0.003516 -5.44 -5.2
0.003517 -5.44 -5.28
0.003518 -5.44 -5.2
0.003519 -5.36 -5.2
0.00352 -5.36 -5.2
0.003521 -5.36 -5.12
0.003522 -5.44 -5.12
0.003523 -5.28 -5.12
0.003524 -5.28 -5.12
0.003525 -5.28 -5.12
0.003526 -5.28 -5.04
0.003527 -5.28 -5.04
0.003528 -5.28 -5.12
0.003529 -5.28 -4.96
0.00353 -5.2 -4.88
0.003531 -5.2 -4.88
0.003532 -5.2 -4.96
0.003533 -5.2 -4.88
0.003534 -5.12 -4.8
0.003535 -5.2 -4.88
0.003536 -5.12 -4.88
0.003537 -5.12 -4.8
0.003538 -5.04 -4.8
0.003539 -4.96 -4.8
0.00354 -5.04 -4.8
0.003541 -4.96 -4.72
0.003542 -4.96 -4.72
0.003543 -4.96 -4.72
0.003544 -4.96 -4.64
0.003545 -4.96 -4.64
0.003546 -4.88 -4.64
0.003547 -4.88 -4.56
0.003548 -4.88 -4.56
0.003549 -4.88 -4.56
0.00355 -4.88 -4.48
0.003551 -4.8 -4.48
0.003552 -4.8 -4.4
0.003553 -4.8 -4.48
0.003554 -4.8 -4.4
0.003555 -4.64 -4.32
0.003556 -4.64 -4.4
0.003557 -4.64 -4.24
0.003558 -4.64 -4.32
0.003559 -4.64 -4.32
0.00356 -4.56 -4.24
0.003561 -4.56 -4.24
0.003562 -4.56 -4.16
0.003563 -4.48 -4.16
0.003564 -4.48 -4.16
0.003565 -4.4 -4.08
0.003566 -4.32 -4.16
0.003567 -4.32 -4
0.003568 -4.32 -4
0.003569 -4.32 -4.08
0.00357 -4.32 -3.92
0.003571 -4.24 -3.92
0.003572 -4.24 -3.84
0.003573 -4.16 -3.84
0.003574 -4.16 -3.92
0.003575 -4.16 -3.84
0.003576 -4.08 -3.84
0.003577 -4.08 -3.76
0.003578 -4 -3.68
0.003579 -4 -3.68
0.00358 -4 -3.6
0.003581 -3.92 -3.6
0.003582 -3.92 -3.52
0.003583 -3.84 -3.6
0.003584 -3.84 -3.52
0.003585 -3.84 -3.52
0.003586 -3.76 -3.36
0.003587 -3.76 -3.44
0.003588 -3.68 -3.36
0.003589 -3.68 -3.36
0.00359 -3.68 -3.36
0.003591 -3.68 -3.28
0.003592 -3.6 -3.2
0.003593 -3.6 -3.2
0.003594 -3.6 -3.12
0.003595 -3.52 -3.12
0.003596 -3.52 -3.04
0.003597 -3.52 -3.04
0.003598 -3.36 -3.04
0.003599 -3.28 -2.96
0.0036 -3.36 -2.96
0.003601 -3.28 -2.88
0.003602 -3.2 -2.96
0.003603 -3.2 -2.88
0.003604 -3.2 -2.72
0.003605 -3.2 -2.88
0.003606 -3.04 -2.64
0.003607 -3.04 -2.72
0.003608 -3.04 -2.64
0.003609 -2.96 -2.56
0.00361 -3.04 -2.56
0.003611 -2.96 -2.48
0.003612 -2.88 -2.56
0.003613 -2.8 -2.4
0.003614 -2.88 -2.32
0.003615 -2.72 -2.32
0.003616 -2.72 -2.32
0.003617 -2.72 -2.32
0.003618 -2.64 -2.24
0.003619 -2.64 -2.16
0.00362 -2.56 -2.16
0.003621 -2.56 -2.16
0.003622 -2.4 -2.08
0.003623 -2.4 -2
0.003624 -2.4 -2
0.003625 -2.4 -2
0.003626 -2.32 -1.92
0.003627 -2.32 -1.92
0.003628 -2.24 -1.84
0.003629 -2.24 -1.84
0.00363 -2.24 -1.76
0.003631 -2.24 -1.68
0.003632 -2.08 -1.68
0.003633 -2.08 -1.6
0.003634 -2 -1.68
0.003635 -2 -1.52
0.003636 -1.92 -1.52
0.003637 -1.92 -1.52
0.003638 -1.92 -1.44
0.003639 -1.84 -1.36
0.00364 -1.76 -1.28
0.003641 -1.76 -1.36
0.003642 -1.76 -1.28
0.003643 -1.68 -1.2
0.003644 -1.6 -1.2
0.003645 -1.6 -1.04
0.003646 -1.44 -1.12
0.003647 -1.44 -1.04
0.003648 -1.44 -0.96
0.003649 -1.44 -1.04
0.00365 -1.44 -0.88
0.003651 -1.36 -0.96
0.003652 -1.36 -0.88
0.003653 -1.28 -0.8
0.003654 -1.2 -0.8
0.003655 -1.12 -0.72
0.003656 -1.12 -0.64
0.003657 -1.12 -0.64
0.003658 -1.04 -0.64
0.003659 -1.04 -0.56
0.00366 -0.96 -0.48
0.003661 -0.96 -0.48
0.003662 -0.96 -0.4
0.003663 -0.8 -0.32
0.003664 -0.8 -0.32
0.003665 -0.72 -0.32
0.003666 -0.72 -0.24
0.003667 -0.64 -0.24
0.003668 -0.64 -0.16
0.003669 -0.64 -0.16
0.00367 -0.56 0
0.003671 -0.48 0
0.003672 -0.48 0
0.003673 -0.48 0.08
0.003674 -0.4 0.16
0.003675 -0.32 0.08
0.003676 -0.24 0.16
0.003677 -0.24 0.24
0.003678 -0.16 0.32
0.003679 -0.16 0.32
0.00368 -0.16 0.32
0.003681 0 0.4
0.003682 0.08 0.4
0.003683 0.08 0.48
0.003684 0.16 0.56
0.003685 0.24 0.48
0.003686 0.24 0.64
0.003687 0.24 0.64
0.003688 0.32 0.72
0.003689 0.32 0.8
0.00369 0.4 0.72
0.003691 0.4 0.88
0.003692 0.48 0.88
0.003693 0.48 0.96
0.003694 0.56 0.96
0.003695 0.64 0.96
0.003696 0.64 1.04
0.003697 0.72 1.12
0.003698 0.72 1.12
0.003699 0.8 1.2
0.0037 0.88 1.12
0.003701 0.88 1.28
0.003702 0.88 1.28
0.003703 0.96 1.28
0.003704 0.96 1.36
0.003705 1.04 1.44
0.003706 1.04 1.44
0.003707 1.12 1.52
0.003708 1.2 1.52
0.003709 1.2 1.6
0.00371 1.2 1.6
0.003711 1.28 1.68
0.003712 1.28 1.76
0.003713 1.28 1.76
0.003714 1.36 1.76
0.003715 1.44 1.84
0.003716 1.52 1.84
0.003717 1.52 1.92
0.003718 1.52 1.92
0.003719 1.52 2
0.00372 1.6 2.08
0.003721 1.68 2.08
0.003722 1.68 2.08
0.003723 1.68 2.16
0.003724 1.76 2.16
0.003725 1.84 2.32
0.003726 1.92 2.32
0.003727 1.92 2.32
0.003728 2 2.4
0.003729 2 2.4
0.00373 2 2.48
0.003731 2.16 2.48
0.003732 2.16 2.56
0.003733 2.16 2.64
0.003734 2.24 2.56
0.003735 2.24 2.64
0.003736 2.24 2.72
0.003737 2.32 2.72
0.003738 2.32 2.8
0.003739 2.48 2.8
0.00374 2.4 2.8
0.003741 2.48 2.88
0.003742 2.48 2.88
0.003743 2.48 2.96
0.003744 2.56 2.96
0.003745 2.64 2.96
0.003746 2.64 3.04
0.003747 2.72 3.04
0.003748 2.8 3.2
0.003749 2.8 3.2
0.00375 2.8 3.12
0.003751 2.8 3.28
0.003752 2.88 3.2
0.003753 2.88 3.28
0.003754 2.96 3.28
0.003755 2.96 3.28
0.003756 2.96 3.36
0.003757 3.12 3.28
0.003758 3.12 3.44
0.003759 3.12 3.52
0.00376 3.2 3.44
0.003761 3.2 3.52
0.003762 3.2 3.6
0.003763 3.28 3.6
0.003764 3.28 3.6
0.003765 3.36 3.6
0.003766 3.44 3.68
0.003767 3.44 3.68
0.003768 3.44 3.76
0.003769 3.44 3.84
0.00377 3.52 3.76
0.003771 3.52 3.84
0.003772 3.6 3.84
0.003773 3.6 3.92
0.003774 3.68 3.92
0.003775 3.68 4
0.003776 3.76 4
0.003777 3.76 4
0.003778 3.76 4
0.003779 3.76 4.08
0.00378 3.76 4.16
0.003781 3.84 4.16
0.003782 3.84 4.16
0.003783 3.92 4.16
0.003784 3.92 4.24
0.003785 3.92 4.24
0.003786 4 4.24
0.003787 4.08 4.32
0.003788 4.08 4.32
0.003789 4.08 4.4
0.00379 4.08 4.4
0.003791 4.16 4.32
0.003792 4.16 4.56
0.003793 4.16 4.4
0.003794 4.16 4.56
0.003795 4.24 4.56
0.003796 4.24 4.48
0.003797 4.4 4.64
0.003798 4.4 4.56
0.003799 4.4 4.64
0.0038 4.4 4.64
0.003801 4.48 4.56
0.003802 4.48 4.72
0.003803 4.48 4.72
0.003804 4.48 4.72
0.003805 4.56 4.8
0.003806 4.56 4.8
0.003807 4.56 4.8
0.003808 4.56 4.8
0.003809 4.56 4.8
0.00381 4.72 4.88
0.003811 4.72 4.88
0.003812 4.72 4.96
0.003813 4.72 4.96
0.003814 4.72 4.96
0.003815 4.72 4.96
0.003816 4.8 4.96
0.003817 4.8 5.04
0.003818 4.8 5.04
0.003819 4.88 5.12
0.00382 4.88 5.04
0.003821 4.88 5.12
0.003822 4.88 5.12
0.003823 4.88 5.12
0.003824 4.96 5.12
0.003825 5.04 5.12
0.003826 5.04 5.2
0.003827 5.04 5.12
0.003828 5.04 5.2
0.003829 5.04 5.2
0.00383 5.04 5.2
0.003831 5.04 5.28
0.003832 5.12 5.2
0.003833 5.12 5.2
0.003834 5.12 5.28
0.003835 5.12 5.28
0.003836 5.12 5.36
0.003837 5.12 5.28
0.003838 5.2 5.28
0.003839 5.2 5.36
0.00384 5.2 5.28
0.003841 5.2 5.44
0.003842 5.36 5.36
0.003843 5.36 5.44
0.003844 5.36 5.44
0.003845 5.36 5.44
0.003846 5.36 5.52
0.003847 5.36 5.44
0.003848 5.36 5.44
0.003849 5.36 5.52
0.00385 5.36 5.44
0.003851 5.36 5.52
0.003852 5.36 5.52
0.003853 5.36 5.52
0.003854 5.44 5.52
0.003855 5.36 5.52
0.003856 5.44 5.44
0.003857 5.44 5.52
0.003858 5.44 5.52
0.003859 5.44 5.52
0.00386 5.44 5.52
0.003861 5.44 5.52
0.003862 5.44 5.52
0.003863 5.44 5.52
0.003864 5.44 5.52
0.003865 5.52 5.6
0.003866 5.44 5.52
0.003867 5.44 5.52
0.003868 5.52 5.52
0.003869 5.52 5.6
0.00387 5.52 5.6
0.003871 5.52 5.52
0.003872 5.52 5.52
0.003873 5.52 5.52
0.003874 5.52 5.6
0.003875 5.52 5.6
0.003876 5.52 5.52
0.003877 5.52 5.52
0.003878 5.52 5.52
0.003879 5.52 5.6
0.00388 5.6 5.6
0.003881 5.52 5.6
0.003882 5.6 5.6
0.003883 5.52 5.52
0.003884 5.6 5.6
0.003885 5.6 5.6
0.003886 5.6 5.52
0.003887 5.68 5.52
0.003888 5.52 5.6
0.003889 5.68 5.52
0.00389 5.6 5.6
0.003891 5.52 5.52
0.003892 5.52 5.52
0.003893 5.52 5.52
0.003894 5.52 5.52
0.003895 5.52 5.52
0.003896 5.52 5.52
0.003897 5.52 5.52
0.003898 5.6 5.52
0.003899 5.68 5.52
0.0039 5.52 5.52
0.003901 5.52 5.52
0.003902 5.52 5.44
0.003903 5.52 5.52
0.003904 5.52 5.52
0.003905 5.52 5.44
0.003906 5.52 5.44
0.003907 5.52 5.44
0.003908 5.52 5.52
0.003909 5.52 5.44
0.00391 5.52 5.44
0.003911 5.52 5.44
0.003912 5.52 5.44
0.003913 5.52 5.44
0.003914 5.52 5.36
0.003915 5.52 5.36
0.003916 5.52 5.36
0.003917 5.44 5.28
0.003918 5.44 5.36
0.003919 5.44 5.36
0.00392 5.36 5.28
0.003921 5.36 5.28
0.003922 5.36 5.28
0.003923 5.36 5.28
0.003924 5.36 5.28
0.003925 5.36 5.28
0.003926 5.36 5.28
0.003927 5.36 5.2
0.003928 5.36 5.2
0.003929 5.36 5.2
0.00393 5.28 5.2
0.003931 5.36 5.2
0.003932 5.28 5.12
0.003933 5.28 5.12
0.003934 5.28 5.12
0.003935 5.2 5.12
0.003936 5.2 5.04
0.003937 5.2 5.04
0.003938 5.2 5.04
0.003939 5.2 5.04
0.00394 5.12 5.04
0.003941 5.12 4.96
0.003942 5.12 4.96
0.003943 5.12 4.88
0.003944 5.12 4.96
0.003945 5.04 4.88
0.003946 5.04 4.88
0.003947 5.12 4.88
0.003948 5.04 4.8
0.003949 5.04 4.88
0.00395 5.04 4.8
0.003951 5.04 4.8
0.003952 5.04 4.8
0.003953 4.88 4.72
0.003954 4.88 4.8
0.003955 4.88 4.64
0.003956 4.88 4.64
0.003957 4.88 4.64
0.003958 4.8 4.56
0.003959 4.8 4.56
0.00396 4.8 4.56
0.003961 4.8 4.56
0.003962 4.8 4.56
0.003963 4.72 4.56
0.003964 4.72 4.48
0.003965 4.72 4.48
0.003966 4.72 4.4
0.003967 4.64 4.4
0.003968 4.64 4.4
0.003969 4.56 4.32
0.00397 4.56 4.32
0.003971 4.56 4.24
0.003972 4.56 4.24
0.003973 4.48 4.24
0.003974 4.48 4.16
0.003975 4.48 4.16
0.003976 4.4 4.16
0.003977 4.4 4.08
0.003978 4.4 4.08
0.003979 4.32 4.08
0.00398 4.24 4.08
0.003981 4.24 4
0.003982 4.24 3.92
0.003983 4.24 3.92
0.003984 4.16 3.92
0.003985 4.16 3.92
0.003986 4.16 3.92
0.003987 4.08 3.76
0.003988 4.08 3.84
0.003989 4.08 3.76
0.00399 4 3.76
0.003991 4 3.76
0.003992 3.92 3.6
0.003993 3.92 3.68
0.003994 3.84 3.52
0.003995 3.84 3.52
0.003996 3.84 3.52
0.003997 3.76 3.52
0.003998 3.76 3.52
0.003999 3.76 3.36
