0 0 -6
4e-08 0 -6
8e-08 1.04 -0.8
1.2e-07 1.12 -0.8
1.6e-07 1.04 -1
2e-07 1.04 -1
2.4e-07 0.96 -1
2.8e-07 1.04 -1
3.2e-07 0.96 -1.4
3.6e-07 0.96 -1.2
4e-07 0.96 -1.4
4.4e-07 0.96 -1.4
4.8e-07 0.96 -1.4
5.2e-07 1.04 -1.6
5.6e-07 1.04 -1.4
6e-07 0.96 -1.6
6.4e-07 0.96 -1.8
6.8e-07 0.88 -1.8
7.2e-07 0.96 -1.8
7.6e-07 0.96 -1.8
8e-07 0.96 -2.2
8.4e-07 0.96 -2.2
8.8e-07 0.88 -2.2
9.2e-07 0.96 -2.2
9.6e-07 0.96 -2.4
1e-06 0.96 -2.4
1.04e-06 0.88 -2.4
1.08e-06 0.88 -2.4
1.12e-06 0.88 -2.4
1.16e-06 0.88 -2.6
1.2e-06 0.88 -2.6
1.24e-06 0.88 -2.6
1.28e-06 0.88 -2.6
1.32e-06 0.88 -2.8
1.36e-06 0.88 -3
1.4e-06 0.88 -3
1.44e-06 0.88 -3
1.48e-06 0.88 -3
1.52e-06 0.88 -3.2
1.56e-06 0.8 -3.2
1.6e-06 0.88 -3.2
1.64e-06 0.88 -3.2
1.68e-06 0.72 -3.4
1.72e-06 0.72 -3.4
1.76e-06 0.72 -3.4
1.8e-06 0.72 -3.4
1.84e-06 0.72 -3.6
1.88e-06 0.72 -3.4
1.92e-06 0.72 -3.8
1.96e-06 0.72 -3.8
2e-06 0.72 -3.6
2.04e-06 0.72 -3.8
2.08e-06 0.72 -4
2.12e-06 0.72 -4
2.16e-06 0.64 -4
2.2e-06 0.72 -4
2.24e-06 0.64 -4.2
2.28e-06 0.64 -4
2.32e-06 0.64 -4.2
2.36e-06 0.64 -4.2
2.4e-06 0.56 -4.4
2.44e-06 0.64 -4.4
2.48e-06 0.56 -4.4
2.52e-06 0.56 -4.4
2.56e-06 0.56 -4.6
2.6e-06 0.56 -4.6
2.64e-06 0.56 -4.6
2.68e-06 0.56 -4.8
2.72e-06 0.56 -4.6
2.76e-06 0.48 -4.8
2.8e-06 0.56 -4.8
2.84e-06 0.56 -4.8
2.88e-06 0.48 -4.8
2.92e-06 0.56 -4.8
2.96e-06 0.4 -5
3e-06 0.4 -5
3.04e-06 0.4 -5
3.08e-06 0.48 -5
3.12e-06 0.4 -5.2
3.16e-06 0.4 -5
3.2e-06 0.4 -5.2
3.24e-06 0.32 -5.2
3.28e-06 0.4 -5.2
3.32e-06 0.32 -5.4
3.36e-06 0.32 -5.4
3.4e-06 0.32 -5.4
3.44e-06 0.32 -5.6
3.48e-06 0.24 -5.4
3.52e-06 0.24 -5.6
3.56e-06 0.24 -5.6
3.6e-06 0.24 -5.6
3.64e-06 0.32 -5.6
3.68e-06 0.24 -5.6
3.72e-06 0.24 -5.6
3.76e-06 0.24 -5.6
3.8e-06 0.24 -5.6
3.84e-06 0.24 -5.8
3.88e-06 0.24 -5.8
3.92e-06 0.24 -5.8
3.96e-06 0.24 -5.8
4e-06 0.16 -5.8
4.04e-06 0.16 -5.8
4.08e-06 0.16 -5.8
4.12e-06 0.08 -5.8
4.16e-06 0.08 -6
4.2e-06 0.08 -6
4.24e-06 0.08 -6
4.28e-06 0.08 -6
4.32e-06 0.08 -5.8
4.36e-06 0 -6.2
4.4e-06 0 -6.2
4.44e-06 0.08 -6
4.48e-06 0 -6
4.52e-06 0 -6
4.56e-06 0 -6
4.6e-06 -0.16 -6.2
4.64e-06 0 -6.2
4.68e-06 -0.16 -6.2
4.72e-06 -0.16 -6.2
4.76e-06 -0.16 -6.4
4.8e-06 -0.16 -6.2
4.84e-06 -0.16 -6.2
4.88e-06 -0.16 -6.2
4.92e-06 -0.16 -6.4
4.96e-06 -0.16 -6.4
5e-06 -0.16 -6.2
5.04e-06 -0.24 -6.4
5.08e-06 -0.32 -6.4
5.12e-06 -0.32 -6.4
5.16e-06 -0.32 -6.4
5.2e-06 -0.32 -6.2
5.24e-06 -0.32 -6.4
5.28e-06 -0.32 -6.4
5.32e-06 -0.32 -6.4
5.36e-06 -0.32 -6.4
5.4e-06 -0.32 -6.2
5.44e-06 -0.32 -6.4
5.48e-06 -0.4 -6.4
5.52e-06 -0.4 -6.4
5.56e-06 -0.4 -6.2
5.6e-06 -0.48 -6.4
5.64e-06 -0.48 -6.4
5.68e-06 -0.48 -6.4
5.72e-06 -0.48 -6.2
5.76e-06 -0.4 -6.2
5.8e-06 -0.48 -6.4
5.84e-06 -0.48 -6.4
5.88e-06 -0.48 -6.4
5.92e-06 -0.48 -6
5.96e-06 -0.48 -6.2
6e-06 -0.56 -6.2
6.04e-06 -0.48 -6.2
6.08e-06 -0.48 -6.4
6.12e-06 -0.56 -6.2
6.16e-06 -0.64 -6.2
6.2e-06 -0.64 -6.4
6.24e-06 -0.64 -6.2
6.28e-06 -0.64 -6.4
6.32e-06 -0.64 -6.2
6.36e-06 -0.64 -6.2
6.4e-06 -0.64 -6
6.44e-06 -0.64 -6
6.48e-06 -0.64 -6.2
6.52e-06 -0.64 -6.2
6.56e-06 -0.72 -6
6.6e-06 -0.72 -5.8
6.64e-06 -0.72 -6
6.68e-06 -0.72 -6
6.72e-06 -0.72 -5.8
6.76e-06 -0.8 -6
6.8e-06 -0.72 -5.8
6.84e-06 -0.8 -5.8
6.88e-06 -0.72 -5.8
6.92e-06 -0.8 -5.8
6.96e-06 -0.8 -5.8
7e-06 -0.8 -5.8
7.04e-06 -0.8 -5.8
7.08e-06 -0.8 -5.8
7.12e-06 -0.8 -5.8
7.16e-06 -0.8 -5.6
7.2e-06 -0.8 -5.6
7.24e-06 -0.88 -5.6
7.28e-06 -0.88 -5.6
7.32e-06 -0.8 -5.6
7.36e-06 -0.88 -5.4
7.4e-06 -0.88 -5.4
7.44e-06 -0.96 -5.4
7.48e-06 -0.96 -5.4
7.52e-06 -0.96 -5.4
7.56e-06 -0.96 -5.2
7.6e-06 -0.96 -5.4
7.64e-06 -1.04 -5
7.68e-06 -0.96 -5
7.72e-06 -0.96 -5
7.76e-06 -1.04 -5
7.8e-06 -0.96 -5
7.84e-06 -0.96 -5
7.88e-06 -1.04 -5
7.92e-06 -0.96 -4.8
7.96e-06 -1.04 -5
8e-06 -1.04 -5
8.04e-06 -1.04 -4.8
8.08e-06 -1.04 -4.8
8.12e-06 -1.04 -4.8
8.16e-06 -1.04 -4.6
8.2e-06 -1.12 -4.6
8.24e-06 -1.04 -4.6
8.28e-06 -1.12 -4.6
8.32e-06 -1.12 -4.6
8.36e-06 -1.12 -4.6
8.4e-06 -1.12 -4.4
8.44e-06 -1.12 -4.4
8.48e-06 -1.12 -4.2
8.52e-06 -1.12 -4.4
8.56e-06 -1.12 -4.2
8.6e-06 -1.12 -4.2
8.64e-06 -1.12 -4.2
8.68e-06 -1.12 -4.2
8.72e-06 -1.12 -4
8.76e-06 -1.12 -3.8
8.8e-06 -1.12 -3.6
8.84e-06 -1.12 -3.8
8.88e-06 -1.12 -3.8
8.92e-06 -1.12 -3.8
8.96e-06 -1.12 -3.6
9e-06 -1.12 -3.6
9.04e-06 -1.12 -3.6
9.08e-06 -1.12 -3.4
9.12e-06 -1.12 -3.4
9.16e-06 -1.12 -3.2
9.2e-06 -1.12 -3.4
9.24e-06 -1.2 -3.2
9.28e-06 -1.12 -3.2
9.32e-06 -1.12 -3
9.36e-06 -1.12 -3.2
9.4e-06 -1.12 -3.2
9.44e-06 -1.2 -3
9.48e-06 -1.2 -2.8
9.52e-06 -1.2 -3
9.56e-06 -1.12 -3
9.6e-06 -1.2 -2.8
9.64e-06 -1.12 -2.6
9.68e-06 -1.12 -2.6
9.72e-06 -1.12 -2.4
9.76e-06 -1.12 -2.6
9.8e-06 -1.28 -2.4
9.84e-06 -1.2 -2.2
9.88e-06 -1.28 -2.2
9.92e-06 -1.12 -2.2
9.96e-06 -1.2 -2.2
1e-05 -1.2 -2
1.004e-05 -1.2 -2
1.008e-05 -1.28 -2
1.012e-05 -1.2 -2
1.016e-05 -1.12 -1.8
1.02e-05 -1.28 -1.6
1.024e-05 -1.2 -1.8
1.028e-05 -1.28 -1.6
1.032e-05 -1.28 -1.6
1.036e-05 -1.28 -1.4
1.04e-05 -1.28 -1.4
1.044e-05 -1.28 -1.4
1.048e-05 -1.28 -1.4
1.052e-05 -1.2 -1.2
1.056e-05 -1.28 -1
1.06e-05 -1.28 -1
1.064e-05 -1.2 -1
1.068e-05 -1.12 -1
1.072e-05 -1.28 -0.8
1.076e-05 -1.12 -0.8
1.08e-05 -1.28 -0.8
1.084e-05 -1.2 -0.8
1.088e-05 -1.2 -0.6
1.092e-05 -1.2 -0.4
1.096e-05 -1.12 0
1.1e-05 -1.2 -0.4
1.104e-05 -1.28 -0.4
1.108e-05 -1.12 -0.4
1.112e-05 -1.12 0
1.116e-05 -1.12 0
1.12e-05 -1.28 0
1.124e-05 -1.2 0.2
1.128e-05 -1.12 0.2
1.132e-05 -1.12 0.2
1.136e-05 -1.12 0.2
1.14e-05 -1.12 0.4
1.144e-05 -1.12 0.6
1.148e-05 -1.12 0.6
1.152e-05 -1.2 0.6
1.156e-05 -1.12 0.6
1.16e-05 -1.12 0.8
1.164e-05 -1.12 0.8
1.168e-05 -1.12 0.8
1.172e-05 -1.12 0.8
1.176e-05 -1.12 0.8
1.18e-05 -1.12 1
1.184e-05 -1.12 1
1.188e-05 -1.12 1.2
1.192e-05 -1.12 1.2
1.196e-05 -1.12 1.2
1.2e-05 -1.12 1.6
1.204e-05 -1.12 1.2
1.208e-05 -1.04 1.6
1.212e-05 -1.04 1.4
1.216e-05 -1.04 1.6
1.22e-05 -1.04 1.6
1.224e-05 -1.12 1.6
1.228e-05 -1.04 1.8
1.232e-05 -1.12 1.8
1.236e-05 -1.04 1.8
1.24e-05 -1.04 1.8
1.244e-05 -1.04 2
1.248e-05 -1.04 2
1.252e-05 -0.96 2
1.256e-05 -1.04 2.2
1.26e-05 -0.96 2
1.264e-05 -0.96 2.4
1.268e-05 -0.96 2.4
1.272e-05 -1.04 2.6
1.276e-05 -0.96 2.4
1.28e-05 -0.96 2.6
1.284e-05 -0.96 2.6
1.288e-05 -0.96 2.6
1.292e-05 -0.96 2.8
1.296e-05 -0.88 2.6
1.3e-05 -0.96 2.8
1.304e-05 -0.96 2.8
1.308e-05 -0.88 3
1.312e-05 -0.8 3
1.316e-05 -0.8 3
1.32e-05 -0.88 3.2
1.324e-05 -0.8 3.2
1.328e-05 -0.8 3.2
1.332e-05 -0.8 3.2
1.336e-05 -0.8 3.2
1.34e-05 -0.8 3.4
1.344e-05 -0.8 3.4
1.348e-05 -0.8 3.4
1.352e-05 -0.8 3.6
1.356e-05 -0.72 3.4
1.36e-05 -0.72 3.6
1.364e-05 -0.72 3.6
1.368e-05 -0.72 3.6
1.372e-05 -0.64 3.8
1.376e-05 -0.72 3.8
1.38e-05 -0.72 4
1.384e-05 -0.72 4
1.388e-05 -0.64 4
1.392e-05 -0.64 4
1.396e-05 -0.64 4
1.4e-05 -0.64 4
1.404e-05 -0.64 4.2
1.408e-05 -0.64 4.2
1.412e-05 -0.64 4.2
1.416e-05 -0.56 4.2
1.42e-05 -0.48 4.2
1.424e-05 -0.48 4.2
1.428e-05 -0.56 4.2
1.432e-05 -0.48 4.4
1.436e-05 -0.48 4.4
1.44e-05 -0.48 4.4
1.444e-05 -0.48 4.4
1.448e-05 -0.48 4.6
1.452e-05 -0.48 4.6
1.456e-05 -0.48 4.4
1.46e-05 -0.48 4.6
1.464e-05 -0.4 4.8
1.468e-05 -0.4 4.6
1.472e-05 -0.4 4.8
1.476e-05 -0.4 4.8
1.48e-05 -0.4 5
1.484e-05 -0.4 4.8
1.488e-05 -0.4 4.8
1.492e-05 -0.4 5
1.496e-05 -0.4 5
1.5e-05 -0.4 5.2
1.504e-05 -0.32 5
1.508e-05 -0.32 5
1.512e-05 -0.32 5
1.516e-05 -0.32 5.2
1.52e-05 -0.24 5.2
1.524e-05 -0.24 5.2
1.528e-05 -0.24 5.2
1.532e-05 -0.16 5.2
1.536e-05 -0.24 5.2
1.54e-05 -0.16 5.2
1.544e-05 -0.16 5
1.548e-05 -0.16 5.2
1.552e-05 -0.16 5.4
1.556e-05 -0.16 5.4
1.56e-05 -0.16 5.2
1.564e-05 -0.16 5.2
1.568e-05 -0.16 5.4
1.572e-05 -0.16 5.4
1.576e-05 0 5.6
1.58e-05 0 5.4
1.584e-05 0 5.4
1.588e-05 0 5.4
1.592e-05 0 5.6
1.596e-05 0 5.6
1.6e-05 0 5.4
1.604e-05 0 5.6
1.608e-05 0.08 5.6
1.612e-05 0.08 5.6
1.616e-05 0.08 5.6
1.62e-05 0.08 5.4
1.624e-05 0.08 5.6
1.628e-05 0.08 5.6
1.632e-05 0.24 5.6
1.636e-05 0.16 5.6
1.64e-05 0.24 5.6
1.644e-05 0.24 5.6
1.648e-05 0.24 5.6
1.652e-05 0.24 5.6
1.656e-05 0.24 5.6
1.66e-05 0.24 5.8
1.664e-05 0.24 5.8
1.668e-05 0.24 5.6
1.672e-05 0.32 5.6
1.676e-05 0.24 5.4
1.68e-05 0.24 5.6
1.684e-05 0.32 5.6
1.688e-05 0.32 5.6
1.692e-05 0.32 5.6
1.696e-05 0.32 5.6
1.7e-05 0.32 5.6
1.704e-05 0.32 5.6
1.708e-05 0.32 5.6
1.712e-05 0.4 5.4
1.716e-05 0.4 5.6
1.72e-05 0.4 5.6
1.724e-05 0.4 5.4
1.728e-05 0.4 5.4
1.732e-05 0.4 5.6
1.736e-05 0.4 5.6
1.74e-05 0.4 5.4
1.744e-05 0.48 5.2
1.748e-05 0.56 5.6
1.752e-05 0.48 5.4
1.756e-05 0.56 5.4
1.76e-05 0.56 5.2
1.764e-05 0.56 5.2
1.768e-05 0.56 5.4
1.772e-05 0.56 5.2
1.776e-05 0.56 5.2
1.78e-05 0.64 5
1.784e-05 0.64 5.2
1.788e-05 0.56 5.2
1.792e-05 0.56 5
1.796e-05 0.64 5
1.8e-05 0.64 5
1.804e-05 0.56 5
1.808e-05 0.64 5
1.812e-05 0.64 5
1.816e-05 0.64 4.8
1.82e-05 0.72 4.8
1.824e-05 0.72 5
1.828e-05 0.72 4.8
1.832e-05 0.72 4.8
1.836e-05 0.72 4.8
1.84e-05 0.72 4.8
1.844e-05 0.72 4.6
1.848e-05 0.72 4.6
1.852e-05 0.72 4.6
1.856e-05 0.72 4.6
1.86e-05 0.88 4.6
1.864e-05 0.72 4.2
1.868e-05 0.8 4.4
1.872e-05 0.8 4.4
1.876e-05 0.88 4.4
1.88e-05 0.8 4.6
1.884e-05 0.88 4.2
1.888e-05 0.88 4.2
1.892e-05 0.88 4.2
1.896e-05 0.88 4.2
1.9e-05 0.88 4.2
1.904e-05 0.88 4
1.908e-05 0.88 4
1.912e-05 0.88 4
1.916e-05 0.88 4
1.92e-05 0.88 3.8
1.924e-05 0.88 3.6
1.928e-05 0.88 4
1.932e-05 0.88 4
1.936e-05 0.88 3.8
1.94e-05 0.96 3.6
1.944e-05 0.88 3.8
1.948e-05 0.88 3.8
1.952e-05 0.88 3.6
1.956e-05 0.88 3.4
1.96e-05 0.96 3.4
1.964e-05 0.96 3.4
1.968e-05 0.96 3.2
1.972e-05 0.96 3.4
1.976e-05 0.96 3.2
1.98e-05 0.96 3.2
1.984e-05 0.96 3.2
1.988e-05 0.96 3
1.992e-05 1.04 3
1.996e-05 0.96 2.8
2e-05 1.04 2.8
2.004e-05 0.96 3
2.008e-05 1.04 2.8
2.012e-05 1.04 2.8
2.016e-05 1.04 2.6
2.02e-05 1.04 2.6
2.024e-05 0.96 2.6
2.028e-05 1.04 2.4
2.032e-05 1.04 2.6
2.036e-05 1.04 2.4
2.04e-05 1.04 2.4
2.044e-05 0.96 2.4
2.048e-05 1.04 2.2
2.052e-05 1.04 2.2
2.056e-05 1.04 2.2
2.06e-05 1.04 1.8
2.064e-05 1.04 2
2.068e-05 1.04 2
2.072e-05 1.04 1.8
2.076e-05 1.12 1.8
2.08e-05 1.04 1.6
2.084e-05 1.04 1.6
2.088e-05 1.04 1.6
2.092e-05 1.04 1.6
2.096e-05 1.04 1.6
2.1e-05 1.04 1.6
2.104e-05 1.04 1.6
2.108e-05 1.04 1.2
2.112e-05 1.04 1.2
2.116e-05 1.04 1.2
2.12e-05 1.04 1
2.124e-05 1.04 1.2
2.128e-05 1.04 1
2.132e-05 1.04 1
2.136e-05 1.04 0.8
2.14e-05 1.04 0.8
2.144e-05 1.04 0.8
2.148e-05 1.04 0.6
2.152e-05 1.04 0.4
2.156e-05 1.04 0.8
2.16e-05 1.04 0.4
2.164e-05 1.04 0.6
2.168e-05 1.04 0.4
2.172e-05 1.04 0.2
2.176e-05 1.12 0.2
2.18e-05 1.04 0.2
2.184e-05 1.04 0
2.188e-05 1.04 0
2.192e-05 1.04 0
2.196e-05 1.04 0
2.2e-05 1.04 -0.4
2.204e-05 1.04 -0.4
2.208e-05 1.04 -0.6
2.212e-05 1.04 -0.4
2.216e-05 1.04 -0.6
2.22e-05 1.04 -0.6
2.224e-05 1.04 -0.6
2.228e-05 1.04 -0.8
2.232e-05 1.04 -0.8
2.236e-05 1.04 -0.8
2.24e-05 1.04 -1
2.244e-05 1.04 -1
2.248e-05 1.04 -1
2.252e-05 0.96 -1.2
2.256e-05 0.96 -1.2
2.26e-05 1.04 -1.4
2.264e-05 0.96 -1.4
2.268e-05 1.04 -1.4
2.272e-05 0.96 -1.4
2.276e-05 0.96 -1.6
2.28e-05 0.96 -1.6
2.284e-05 1.04 -1.6
2.288e-05 0.96 -1.8
2.292e-05 0.96 -1.8
2.296e-05 0.96 -2
2.3e-05 0.88 -2
2.304e-05 0.88 -2.2
2.308e-05 0.96 -2.2
2.312e-05 0.96 -2.2
2.316e-05 0.88 -2.2
2.32e-05 0.88 -2.2
2.324e-05 0.88 -2.4
2.328e-05 0.88 -2.4
2.332e-05 0.88 -2.4
2.336e-05 0.96 -2.4
2.34e-05 0.88 -2.6
2.344e-05 0.88 -2.6
2.348e-05 0.88 -2.6
2.352e-05 0.88 -2.8
2.356e-05 0.88 -2.8
2.36e-05 0.88 -2.8
2.364e-05 0.88 -3
2.368e-05 0.8 -3
2.372e-05 0.88 -3.2
2.376e-05 0.72 -3
2.38e-05 0.88 -3.2
2.384e-05 0.8 -3.4
2.388e-05 0.8 -3.4
2.392e-05 0.72 -3.4
2.396e-05 0.8 -3.4
2.4e-05 0.8 -3.4
2.404e-05 0.72 -3.6
2.408e-05 0.72 -3.4
2.412e-05 0.72 -3.6
2.416e-05 0.72 -3.8
2.42e-05 0.72 -3.8
2.424e-05 0.72 -3.8
2.428e-05 0.72 -3.8
2.432e-05 0.64 -4
2.436e-05 0.64 -4
2.44e-05 0.64 -4
2.444e-05 0.64 -4
2.448e-05 0.64 -4
2.452e-05 0.64 -4.2
2.456e-05 0.64 -4.2
2.46e-05 0.64 -4.2
2.464e-05 0.56 -4.2
2.468e-05 0.56 -4.4
2.472e-05 0.64 -4.4
2.476e-05 0.64 -4.4
2.48e-05 0.56 -4.6
2.484e-05 0.56 -4.6
2.488e-05 0.56 -4.6
2.492e-05 0.56 -4.6
2.496e-05 0.56 -4.8
2.5e-05 0.48 -4.8
2.504e-05 0.56 -4.8
2.508e-05 0.4 -4.8
2.512e-05 0.56 -4.8
2.516e-05 0.48 -4.8
2.52e-05 0.48 -5
2.524e-05 0.4 -5.2
2.528e-05 0.48 -5
2.532e-05 0.4 -5
2.536e-05 0.4 -5.2
2.54e-05 0.4 -5
2.544e-05 0.4 -5.4
2.548e-05 0.32 -5.2
2.552e-05 0.4 -5.4
2.556e-05 0.4 -5.2
2.56e-05 0.32 -5.4
2.564e-05 0.32 -5.4
2.568e-05 0.24 -5.4
2.572e-05 0.32 -5.6
2.576e-05 0.24 -5.4
2.58e-05 0.32 -5.6
2.584e-05 0.24 -5.6
2.588e-05 0.24 -5.8
2.592e-05 0.24 -5.6
2.596e-05 0.24 -5.8
2.6e-05 0.24 -5.6
2.604e-05 0.24 -5.8
2.608e-05 0.24 -5.8
2.612e-05 0.24 -5.8
2.616e-05 0.24 -5.8
2.62e-05 0.16 -5.8
2.624e-05 0.24 -5.6
2.628e-05 0.08 -6
2.632e-05 0.08 -6
2.636e-05 0.08 -5.8
2.64e-05 0.16 -5.8
2.644e-05 0.08 -5.8
2.648e-05 0 -6
2.652e-05 0 -6.2
2.656e-05 0 -6
2.66e-05 0.08 -5.8
2.664e-05 0.08 -6.2
2.668e-05 0 -6.2
2.672e-05 0 -6
2.676e-05 0 -6.2
2.68e-05 0 -6.2
2.684e-05 -0.16 -6.4
2.688e-05 -0.16 -6.4
2.692e-05 -0.16 -6.2
2.696e-05 -0.16 -6.4
2.7e-05 -0.16 -6.2
2.704e-05 -0.16 -6.4
2.708e-05 -0.16 -6.4
2.712e-05 -0.16 -6.4
2.716e-05 -0.16 -6.4
2.72e-05 -0.24 -6.4
2.724e-05 -0.24 -6.4
2.728e-05 -0.24 -6.2
2.732e-05 -0.24 -6.2
2.736e-05 -0.32 -6.4
2.74e-05 -0.32 -6.4
2.744e-05 -0.32 -6.4
2.748e-05 -0.32 -6.2
2.752e-05 -0.32 -6.4
2.756e-05 -0.4 -6.2
2.76e-05 -0.32 -6.6
2.764e-05 -0.4 -6.4
2.768e-05 -0.32 -6.4
2.772e-05 -0.4 -6.4
2.776e-05 -0.4 -6.4
2.78e-05 -0.4 -6.4
2.784e-05 -0.4 -6.2
2.788e-05 -0.48 -6.4
2.792e-05 -0.48 -6.4
2.796e-05 -0.48 -6.4
2.8e-05 -0.48 -6.4
2.804e-05 -0.48 -6.2
2.808e-05 -0.48 -6.4
2.812e-05 -0.48 -6.2
2.816e-05 -0.48 -6.4
2.82e-05 -0.48 -6.2
2.824e-05 -0.56 -6.2
2.828e-05 -0.56 -6.4
2.832e-05 -0.48 -6.2
2.836e-05 -0.56 -6.2
2.84e-05 -0.64 -6.2
2.844e-05 -0.64 -6.4
2.848e-05 -0.64 -6.4
2.852e-05 -0.64 -6.2
2.856e-05 -0.64 -6.2
2.86e-05 -0.64 -6.2
2.864e-05 -0.64 -6.2
2.868e-05 -0.64 -6.2
2.872e-05 -0.72 -6
2.876e-05 -0.64 -6
2.88e-05 -0.72 -6
2.884e-05 -0.72 -6
2.888e-05 -0.72 -5.8
2.892e-05 -0.72 -5.8
2.896e-05 -0.72 -5.8
2.9e-05 -0.72 -5.8
2.904e-05 -0.8 -5.8
2.908e-05 -0.8 -5.8
2.912e-05 -0.8 -5.8
2.916e-05 -0.72 -5.8
2.92e-05 -0.8 -5.8
2.924e-05 -0.8 -5.8
2.928e-05 -0.8 -5.6
2.932e-05 -0.8 -5.6
2.936e-05 -0.8 -5.6
2.94e-05 -0.8 -5.6
2.944e-05 -0.8 -5.6
2.948e-05 -0.8 -5.4
2.952e-05 -0.88 -5.6
2.956e-05 -0.8 -5.4
2.96e-05 -0.88 -5.4
2.964e-05 -0.88 -5.4
2.968e-05 -0.96 -5.4
2.972e-05 -0.96 -5.4
2.976e-05 -0.96 -5.4
2.98e-05 -0.96 -5.4
2.984e-05 -0.96 -5.2
2.988e-05 -0.96 -5.2
2.992e-05 -0.96 -5.2
2.996e-05 -1.04 -5.2
3e-05 -1.04 -4.8
3.004e-05 -1.04 -5
3.008e-05 -0.96 -5
3.012e-05 -1.04 -4.8
3.016e-05 -1.04 -4.8
3.02e-05 -1.04 -4.8
3.024e-05 -1.04 -5
3.028e-05 -1.04 -4.8
3.032e-05 -1.12 -4.8
3.036e-05 -1.12 -4.6
3.04e-05 -1.04 -4.6
3.044e-05 -1.04 -4.8
3.048e-05 -1.04 -4.4
3.052e-05 -1.12 -4.4
3.056e-05 -1.04 -4.2
3.06e-05 -1.04 -4.4
3.064e-05 -1.12 -4.2
3.068e-05 -1.12 -4.2
3.072e-05 -1.12 -4.2
3.076e-05 -1.12 -4.2
3.08e-05 -1.12 -4.2
3.084e-05 -1.12 -4.2
3.088e-05 -1.12 -4
3.092e-05 -1.12 -4
3.096e-05 -1.12 -4
3.1e-05 -1.12 -3.8
3.104e-05 -1.12 -3.6
3.108e-05 -1.12 -3.8
3.112e-05 -1.12 -3.8
3.116e-05 -1.12 -3.6
3.12e-05 -1.12 -3.6
3.124e-05 -1.2 -3.4
3.128e-05 -1.12 -3.6
3.132e-05 -1.12 -3.4
3.136e-05 -1.12 -3.4
3.14e-05 -1.28 -3.4
3.144e-05 -1.12 -3.2
3.148e-05 -1.2 -3.2
3.152e-05 -1.12 -3.4
3.156e-05 -1.2 -3.2
3.16e-05 -1.12 -3
3.164e-05 -1.2 -3
3.168e-05 -1.12 -3
3.172e-05 -1.28 -2.8
3.176e-05 -1.2 -2.8
3.18e-05 -1.12 -2.6
3.184e-05 -1.2 -2.6
3.188e-05 -1.2 -2.6
3.192e-05 -1.28 -2.4
3.196e-05 -1.2 -2.4
3.2e-05 -1.28 -2.6
3.204e-05 -1.2 -2.4
3.208e-05 -1.2 -2.2
3.212e-05 -1.2 -2.2
3.216e-05 -1.28 -2.2
3.22e-05 -1.28 -2.2
3.224e-05 -1.28 -2
3.228e-05 -1.12 -1.8
3.232e-05 -1.2 -1.8
3.236e-05 -1.2 -1.8
3.24e-05 -1.2 -1.8
3.244e-05 -1.2 -1.8
3.248e-05 -1.2 -1.6
3.252e-05 -1.2 -1.6
3.256e-05 -1.2 -1.6
3.26e-05 -1.2 -1.4
3.264e-05 -1.2 -1.4
3.268e-05 -1.2 -1.4
3.272e-05 -1.28 -1.4
3.276e-05 -1.28 -1.2
3.28e-05 -1.28 -1.2
3.284e-05 -1.28 -1
3.288e-05 -1.28 -1
3.292e-05 -1.12 -1
3.296e-05 -1.12 -0.8
3.3e-05 -1.12 -0.8
3.304e-05 -1.2 -0.6
3.308e-05 -1.12 -0.8
3.312e-05 -1.2 -0.6
3.316e-05 -1.2 -0.6
3.32e-05 -1.12 -0.4
3.324e-05 -1.28 -0.4
3.328e-05 -1.12 -0.6
3.332e-05 -1.12 0
3.336e-05 -1.2 0
3.34e-05 -1.12 0
3.344e-05 -1.12 0
3.348e-05 -1.12 0
3.352e-05 -1.12 0.2
3.356e-05 -1.12 0.2
3.36e-05 -1.12 0.4
3.364e-05 -1.12 0.2
3.368e-05 -1.12 0.4
3.372e-05 -1.12 0.6
3.376e-05 -1.12 0.6
3.38e-05 -1.12 0.6
3.384e-05 -1.12 0.8
3.388e-05 -1.12 0.8
3.392e-05 -1.12 1
3.396e-05 -1.12 0.8
3.4e-05 -1.12 1
3.404e-05 -1.12 1
3.408e-05 -1.12 1.2
3.412e-05 -1.04 1.2
3.416e-05 -1.04 1.2
3.42e-05 -1.12 1.2
3.424e-05 -1.12 1.4
3.428e-05 -1.12 1.6
3.432e-05 -1.04 1.4
3.436e-05 -1.12 1.4
3.44e-05 -1.04 1.6
3.444e-05 -1.04 1.8
3.448e-05 -1.12 1.8
3.452e-05 -1.04 1.8
3.456e-05 -1.04 1.8
3.46e-05 -1.04 2
3.464e-05 -1.04 2
3.468e-05 -1.04 2
3.472e-05 -0.96 2
3.476e-05 -0.96 2.2
3.48e-05 -0.96 2.4
3.484e-05 -0.96 2.4
3.488e-05 -0.96 2.2
3.492e-05 -0.96 2.4
3.496e-05 -0.96 2.4
3.5e-05 -0.96 2.6
3.504e-05 -0.96 2.6
3.508e-05 -0.96 2.6
3.512e-05 -0.88 2.8
3.516e-05 -0.88 2.8
3.52e-05 -0.96 2.8
3.524e-05 -0.96 2.8
3.528e-05 -0.96 2.8
3.532e-05 -0.88 3
3.536e-05 -0.8 3.2
3.54e-05 -0.96 3.2
3.544e-05 -0.8 3
3.548e-05 -0.8 3.2
3.552e-05 -0.8 3.4
3.556e-05 -0.8 3.4
3.56e-05 -0.8 3.4
3.564e-05 -0.8 3.4
3.568e-05 -0.8 3.6
3.572e-05 -0.8 3.4
3.576e-05 -0.8 3.4
3.58e-05 -0.72 3.6
3.584e-05 -0.72 3.6
3.588e-05 -0.72 3.8
3.592e-05 -0.72 3.6
3.596e-05 -0.72 3.6
3.6e-05 -0.64 3.8
3.604e-05 -0.64 4
3.608e-05 -0.64 4
3.612e-05 -0.72 4
3.616e-05 -0.64 4
3.62e-05 -0.64 4
3.624e-05 -0.56 4.2
3.628e-05 -0.64 4
3.632e-05 -0.64 4.2
3.636e-05 -0.64 4.2
3.64e-05 -0.56 4.4
3.644e-05 -0.48 4.2
3.648e-05 -0.56 4.2
3.652e-05 -0.56 4.2
3.656e-05 -0.48 4.4
3.66e-05 -0.48 4.4
3.664e-05 -0.48 4.4
3.668e-05 -0.48 4.6
3.672e-05 -0.48 4.6
3.676e-05 -0.48 4.6
3.68e-05 -0.48 4.8
3.684e-05 -0.48 4.6
3.688e-05 -0.4 4.8
3.692e-05 -0.4 4.8
3.696e-05 -0.4 4.8
3.7e-05 -0.4 4.8
3.704e-05 -0.32 4.6
3.708e-05 -0.4 4.8
3.712e-05 -0.4 5
3.716e-05 -0.4 5
3.72e-05 -0.32 5
3.724e-05 -0.32 5
3.728e-05 -0.32 5.2
3.732e-05 -0.24 5
3.736e-05 -0.32 5.2
3.74e-05 -0.32 5
3.744e-05 -0.24 5
3.748e-05 -0.24 5.2
3.752e-05 -0.16 5.2
3.756e-05 -0.24 5.2
3.76e-05 -0.16 5.2
3.764e-05 -0.16 5.2
3.768e-05 -0.16 5.4
3.772e-05 -0.16 5.2
3.776e-05 -0.16 5.4
3.78e-05 -0.16 5.2
3.784e-05 -0.16 5.6
3.788e-05 -0.16 5.4
3.792e-05 -0.16 5.4
3.796e-05 -0.16 5.4
3.8e-05 0 5.4
3.804e-05 0 5.6
3.808e-05 0 5.4
3.812e-05 0 5.2
3.816e-05 0.08 5.6
3.82e-05 0 5.6
3.824e-05 0 5.6
3.828e-05 0.08 5.4
3.832e-05 0.08 5.6
3.836e-05 0.08 5.6
3.84e-05 0.08 5.6
3.844e-05 0.16 5.6
3.848e-05 0.16 5.6
3.852e-05 0.24 5.6
3.856e-05 0.16 5.6
3.86e-05 0.24 5.6
3.864e-05 0.16 5.4
3.868e-05 0.24 5.4
3.872e-05 0.24 5.6
3.876e-05 0.24 5.6
3.88e-05 0.24 5.6
3.884e-05 0.24 5.6
3.888e-05 0.24 5.6
3.892e-05 0.24 5.6
3.896e-05 0.24 5.6
3.9e-05 0.32 5.6
3.904e-05 0.32 5.6
3.908e-05 0.32 5.6
3.912e-05 0.32 5.6
3.916e-05 0.32 5.6
3.92e-05 0.32 5.6
3.924e-05 0.32 5.6
3.928e-05 0.4 5.6
3.932e-05 0.4 5.6
3.936e-05 0.4 5.4
3.94e-05 0.32 5.4
3.944e-05 0.4 5.6
3.948e-05 0.4 5.6
3.952e-05 0.4 5.4
3.956e-05 0.4 5.2
3.96e-05 0.48 5.4
3.964e-05 0.56 5.6
3.968e-05 0.56 5.2
3.972e-05 0.4 5.4
3.976e-05 0.48 5.4
3.98e-05 0.48 5.4
3.984e-05 0.56 5.2
3.988e-05 0.56 5.2
3.992e-05 0.56 5.2
3.996e-05 0.56 5.2
4e-05 0.56 5.2
4.004e-05 0.56 5.2
4.008e-05 0.56 5.2
4.012e-05 0.64 5.4
4.016e-05 0.64 5.2
4.02e-05 0.56 5
4.024e-05 0.64 5
4.028e-05 0.56 5
4.032e-05 0.64 5
4.036e-05 0.64 4.8
4.04e-05 0.64 5
4.044e-05 0.72 4.8
4.048e-05 0.72 4.8
4.052e-05 0.72 4.8
4.056e-05 0.72 4.8
4.06e-05 0.72 4.8
4.064e-05 0.72 4.6
4.068e-05 0.72 4.8
4.072e-05 0.72 4.8
4.076e-05 0.72 4.6
4.08e-05 0.8 4.6
4.084e-05 0.72 4.4
4.088e-05 0.72 4.4
4.092e-05 0.72 4.2
4.096e-05 0.8 4.2
4.1e-05 0.88 4.2
4.104e-05 0.88 4.2
4.108e-05 0.88 4.4
4.112e-05 0.88 4.2
4.116e-05 0.88 4.2
4.12e-05 0.88 4.2
4.124e-05 0.88 4
4.128e-05 0.88 4
4.132e-05 0.88 4
4.136e-05 0.88 4
4.14e-05 0.88 3.8
4.144e-05 0.88 4
4.148e-05 0.96 3.6
4.152e-05 0.88 3.8
4.156e-05 0.88 3.8
4.16e-05 0.88 3.6
4.164e-05 0.88 3.6
4.168e-05 0.96 3.6
4.172e-05 0.96 3.6
4.176e-05 0.96 3.6
4.18e-05 0.96 3.6
4.184e-05 1.04 3.4
4.188e-05 0.96 3.2
4.192e-05 0.88 3.4
4.196e-05 0.96 3.4
4.2e-05 0.96 3.2
4.204e-05 0.96 3.2
4.208e-05 0.96 3.2
4.212e-05 0.96 3.2
4.216e-05 0.96 3
4.22e-05 0.96 3
4.224e-05 1.04 2.8
4.228e-05 1.04 2.8
4.232e-05 1.04 3
4.236e-05 0.96 2.6
4.24e-05 1.04 2.6
4.244e-05 1.04 2.6
4.248e-05 1.04 2.6
4.252e-05 1.04 2.4
4.256e-05 1.04 2.4
4.26e-05 1.04 2.4
4.264e-05 1.04 2.4
4.268e-05 1.04 2.2
4.272e-05 1.04 2.2
4.276e-05 1.04 2
4.28e-05 1.04 2
4.284e-05 1.04 2.2
4.288e-05 1.04 2
4.292e-05 1.04 1.8
4.296e-05 1.04 2
4.3e-05 1.04 1.8
4.304e-05 1.2 1.8
4.308e-05 1.04 1.6
4.312e-05 1.04 1.6
4.316e-05 1.04 1.6
4.32e-05 1.04 1.6
4.324e-05 1.04 1.4
4.328e-05 1.04 1.2
4.332e-05 1.12 1.2
4.336e-05 1.04 1.2
4.34e-05 1.04 1.2
4.344e-05 1.04 1.2
4.348e-05 1.04 0.8
4.352e-05 1.04 1
4.356e-05 1.04 0.8
4.36e-05 1.04 0.8
4.364e-05 1.04 0.8
4.368e-05 1.04 0.8
4.372e-05 1.04 0.8
4.376e-05 1.04 0.4
4.38e-05 1.04 0.4
4.384e-05 1.04 0.4
4.388e-05 1.04 0.4
4.392e-05 1.04 0.4
4.396e-05 1.04 0.2
4.4e-05 1.04 0.2
4.404e-05 1.04 0
4.408e-05 1.04 0
4.412e-05 1.04 0
4.416e-05 1.04 -0.4
4.42e-05 1.04 -0.4
4.424e-05 1.04 0
4.428e-05 1.04 -0.4
4.432e-05 1.04 -0.6
4.436e-05 1.04 -0.6
4.44e-05 1.04 -0.6
4.444e-05 1.04 -0.6
4.448e-05 1.04 -0.6
4.452e-05 1.04 -0.8
4.456e-05 1.04 -0.8
4.46e-05 1.04 -0.8
4.464e-05 1.04 -1
4.468e-05 1.04 -1
4.472e-05 1.04 -1.2
4.476e-05 0.96 -1.2
4.48e-05 1.04 -1.2
4.484e-05 1.04 -1.4
4.488e-05 0.96 -1.4
4.492e-05 0.96 -1.6
4.496e-05 0.96 -1.4
4.5e-05 0.96 -1.6
4.504e-05 0.96 -1.6
4.508e-05 0.96 -1.8
4.512e-05 0.96 -1.6
4.516e-05 0.96 -1.8
4.52e-05 0.96 -1.8
4.524e-05 0.96 -2
4.528e-05 0.96 -2.2
4.532e-05 0.96 -2
4.536e-05 0.88 -2.2
4.54e-05 0.96 -2.2
4.544e-05 0.96 -2.4
4.548e-05 0.88 -2.4
4.552e-05 0.88 -2.4
4.556e-05 0.88 -2.6
4.56e-05 0.88 -2.6
4.564e-05 0.88 -2.6
4.568e-05 0.88 -2.6
4.572e-05 0.88 -2.8
4.576e-05 0.88 -2.8
4.58e-05 0.88 -3
4.584e-05 0.88 -2.8
4.588e-05 0.88 -3
4.592e-05 0.88 -3.2
4.596e-05 0.88 -3.2
4.6e-05 0.88 -3.2
4.604e-05 0.88 -3.2
4.608e-05 0.8 -3.4
4.612e-05 0.8 -3.4
4.616e-05 0.72 -3.4
4.62e-05 0.72 -3.4
4.624e-05 0.72 -3.4
4.628e-05 0.8 -3.6
4.632e-05 0.72 -3.8
4.636e-05 0.72 -3.6
4.64e-05 0.72 -3.6
4.644e-05 0.72 -3.8
4.648e-05 0.72 -4
4.652e-05 0.72 -4
4.656e-05 0.64 -4
4.66e-05 0.64 -4
4.664e-05 0.64 -4
4.668e-05 0.64 -4.2
4.672e-05 0.64 -4.2
4.676e-05 0.64 -4.2
4.68e-05 0.64 -4.2
4.684e-05 0.64 -4.2
4.688e-05 0.64 -4.4
4.692e-05 0.64 -4.2
4.696e-05 0.56 -4.4
4.7e-05 0.56 -4.4
4.704e-05 0.56 -4.6
4.708e-05 0.56 -4.6
4.712e-05 0.56 -4.6
4.716e-05 0.56 -4.8
4.72e-05 0.56 -4.8
4.724e-05 0.56 -4.8
4.728e-05 0.56 -4.6
4.732e-05 0.48 -4.6
4.736e-05 0.48 -5
4.74e-05 0.48 -4.8
4.744e-05 0.48 -5
4.748e-05 0.4 -5
4.752e-05 0.4 -5
4.756e-05 0.4 -5.2
4.76e-05 0.4 -5.2
4.764e-05 0.4 -5.2
4.768e-05 0.4 -5.2
4.772e-05 0.32 -5.4
4.776e-05 0.32 -5.4
4.78e-05 0.32 -5.2
4.784e-05 0.32 -5.2
4.788e-05 0.32 -5.4
4.792e-05 0.32 -5.4
4.796e-05 0.32 -5.4
4.8e-05 0.24 -5.6
4.804e-05 0.32 -5.6
4.808e-05 0.24 -5.6
4.812e-05 0.24 -5.8
4.816e-05 0.24 -5.6
4.82e-05 0.24 -5.6
4.824e-05 0.24 -5.6
4.828e-05 0.24 -5.8
4.832e-05 0.24 -5.8
4.836e-05 0.24 -5.8
4.84e-05 0.16 -5.8
4.844e-05 0.16 -5.8
4.848e-05 0.16 -5.8
4.852e-05 0.16 -5.8
4.856e-05 0.08 -6
4.86e-05 0.08 -5.8
4.864e-05 0.08 -6
4.868e-05 0.08 -6
4.872e-05 0 -6
4.876e-05 0.08 -6.2
4.88e-05 0 -6.2
4.884e-05 0 -6.2
4.888e-05 0 -6.2
4.892e-05 0 -6
4.896e-05 0 -6.4
4.9e-05 0 -6.2
4.904e-05 -0.16 -6
4.908e-05 -0.16 -6.2
4.912e-05 -0.16 -6.2
4.916e-05 -0.16 -6.4
4.92e-05 -0.16 -6.2
4.924e-05 -0.16 -6.2
4.928e-05 -0.16 -6.2
4.932e-05 -0.16 -6.2
4.936e-05 -0.16 -6.2
4.94e-05 -0.16 -6.4
4.944e-05 -0.16 -6.4
4.948e-05 -0.24 -6.4
4.952e-05 -0.32 -6.4
4.956e-05 -0.24 -6.2
4.96e-05 -0.32 -6.2
4.964e-05 -0.32 -6.4
4.968e-05 -0.32 -6.4
4.972e-05 -0.32 -6.4
4.976e-05 -0.4 -6.4
4.98e-05 -0.32 -6.4
4.984e-05 -0.32 -6.4
4.988e-05 -0.4 -6.4
4.992e-05 -0.4 -6.2
4.996e-05 -0.4 -6.2
5e-05 -0.32 -6.4
5.004e-05 -0.4 -6.4
5.008e-05 -0.48 -6.4
5.012e-05 -0.4 -6.2
5.016e-05 -0.4 -6.4
5.02e-05 -0.4 -6.2
5.024e-05 -0.48 -6.4
5.028e-05 -0.48 -6.4
5.032e-05 -0.48 -6.2
5.036e-05 -0.48 -6.2
5.04e-05 -0.48 -6.2
5.044e-05 -0.48 -6.2
5.048e-05 -0.56 -6.2
5.052e-05 -0.48 -6.2
5.056e-05 -0.64 -6.4
5.06e-05 -0.64 -6.2
5.064e-05 -0.56 -6.2
5.068e-05 -0.64 -6
5.072e-05 -0.64 -6.2
5.076e-05 -0.64 -6.2
5.08e-05 -0.64 -6
5.084e-05 -0.64 -6
5.088e-05 -0.64 -6.2
5.092e-05 -0.64 -6
5.096e-05 -0.72 -6.2
5.1e-05 -0.64 -6
5.104e-05 -0.72 -6
5.108e-05 -0.72 -6
5.112e-05 -0.72 -6
5.116e-05 -0.72 -6
5.12e-05 -0.72 -5.8
5.124e-05 -0.72 -5.8
5.128e-05 -0.8 -5.8
5.132e-05 -0.8 -6
5.136e-05 -0.72 -5.8
5.14e-05 -0.8 -5.8
5.144e-05 -0.8 -5.8
5.148e-05 -0.8 -5.8
5.152e-05 -0.8 -5.8
5.156e-05 -0.8 -5.8
5.16e-05 -0.8 -5.6
5.164e-05 -0.8 -5.8
5.168e-05 -0.8 -5.6
5.172e-05 -0.88 -5.4
5.176e-05 -0.88 -5.4
5.18e-05 -0.96 -5.6
5.184e-05 -0.88 -5.4
5.188e-05 -0.8 -5.4
5.192e-05 -0.96 -5.2
5.196e-05 -0.96 -5.4
5.2e-05 -0.96 -5.2
5.204e-05 -0.96 -5.2
5.208e-05 -1.04 -5.2
5.212e-05 -0.96 -5
5.216e-05 -0.96 -5.2
5.22e-05 -0.96 -5.2
5.224e-05 -1.04 -5
5.228e-05 -1.04 -5
5.232e-05 -1.04 -5
5.236e-05 -1.04 -5
5.24e-05 -1.04 -4.8
5.244e-05 -1.04 -4.8
5.248e-05 -1.04 -4.8
5.252e-05 -1.04 -4.8
5.256e-05 -1.04 -4.8
5.26e-05 -1.04 -4.6
5.264e-05 -1.04 -4.6
5.268e-05 -1.12 -4.6
5.272e-05 -1.04 -4.8
5.276e-05 -1.12 -4.6
5.28e-05 -1.12 -4.4
5.284e-05 -1.12 -4.4
5.288e-05 -1.12 -4.4
5.292e-05 -1.12 -4.4
5.296e-05 -1.12 -4
5.3e-05 -1.12 -4.2
5.304e-05 -1.12 -4.2
5.308e-05 -1.12 -4.2
5.312e-05 -1.12 -4.2
5.316e-05 -1.12 -4
5.32e-05 -1.12 -4
5.324e-05 -1.12 -3.8
5.328e-05 -1.12 -4
5.332e-05 -1.12 -3.8
5.336e-05 -1.12 -3.6
5.34e-05 -1.12 -3.6
5.344e-05 -1.12 -3.6
5.348e-05 -1.12 -3.6
5.352e-05 -1.12 -3.4
5.356e-05 -1.12 -3.4
5.36e-05 -1.12 -3.4
5.364e-05 -1.12 -3.2
5.368e-05 -1.2 -3.2
5.372e-05 -1.12 -3.2
5.376e-05 -1.28 -3.4
5.38e-05 -1.12 -3
5.384e-05 -1.2 -3
5.388e-05 -1.12 -2.8
5.392e-05 -1.28 -2.8
5.396e-05 -1.2 -3
5.4e-05 -1.28 -2.6
5.404e-05 -1.28 -2.8
5.408e-05 -1.28 -2.4
5.412e-05 -1.2 -2.6
5.416e-05 -1.28 -2.6
5.42e-05 -1.2 -2.6
5.424e-05 -1.2 -2.4
5.428e-05 -1.2 -2.2
5.432e-05 -1.2 -2.4
5.436e-05 -1.2 -2.2
5.44e-05 -1.2 -2.2
5.444e-05 -1.28 -2
5.448e-05 -1.28 -2
5.452e-05 -1.28 -2
5.456e-05 -1.28 -1.8
5.46e-05 -1.2 -1.8
5.464e-05 -1.12 -1.8
5.468e-05 -1.2 -1.8
5.472e-05 -1.28 -1.6
5.476e-05 -1.28 -1.6
5.48e-05 -1.2 -1.6
5.484e-05 -1.2 -1.4
5.488e-05 -1.12 -1.4
5.492e-05 -1.12 -1.4
5.496e-05 -1.28 -1.2
5.5e-05 -1.2 -1
5.504e-05 -1.12 -1.2
5.508e-05 -1.28 -1
5.512e-05 -1.2 -0.8
5.516e-05 -1.2 -0.8
5.52e-05 -1.2 -0.8
5.524e-05 -1.12 -0.8
5.528e-05 -1.2 -0.8
5.532e-05 -1.12 -0.6
5.536e-05 -1.28 -0.6
5.54e-05 -1.2 -0.4
5.544e-05 -1.12 -0.6
5.548e-05 -1.12 0
5.552e-05 -1.2 0
5.556e-05 -1.28 -0.4
5.56e-05 -1.12 0
5.564e-05 -1.12 0
5.568e-05 -1.12 0.2
5.572e-05 -1.12 0
5.576e-05 -1.12 0.2
5.58e-05 -1.12 0.4
5.584e-05 -1.2 0.4
5.588e-05 -1.12 0.4
5.592e-05 -1.12 0.4
5.596e-05 -1.12 0.4
5.6e-05 -1.12 0.6
5.604e-05 -1.12 0.6
5.608e-05 -1.12 0.8
5.612e-05 -1.12 0.8
5.616e-05 -1.12 0.8
5.62e-05 -1.12 1
5.624e-05 -1.12 1
5.628e-05 -1.12 1
5.632e-05 -1.12 1
5.636e-05 -1.12 1.2
5.64e-05 -1.12 1.2
5.644e-05 -1.12 1.2
5.648e-05 -1.12 1.2
5.652e-05 -1.12 1.6
5.656e-05 -1.12 1.6
5.66e-05 -1.12 1.4
5.664e-05 -1.12 1.6
5.668e-05 -1.04 1.8
5.672e-05 -1.04 1.8
5.676e-05 -1.04 1.8
5.68e-05 -1.04 1.8
5.684e-05 -1.04 2
5.688e-05 -1.04 2
5.692e-05 -1.04 2.2
5.696e-05 -1.04 2.2
5.7e-05 -0.96 2
5.704e-05 -0.96 2.2
5.708e-05 -1.04 2.4
5.712e-05 -0.96 2.4
5.716e-05 -0.96 2.4
5.72e-05 -0.96 2.4
5.724e-05 -0.96 2.4
5.728e-05 -0.96 2.8
5.732e-05 -0.96 2.6
5.736e-05 -0.96 2.8
5.74e-05 -0.88 2.8
5.744e-05 -0.88 2.8
5.748e-05 -0.8 3
5.752e-05 -0.88 3
5.756e-05 -0.8 3
5.76e-05 -0.88 3
5.764e-05 -0.88 3.2
5.768e-05 -0.8 3.2
5.772e-05 -0.88 3
5.776e-05 -0.8 3.2
5.78e-05 -0.8 3.4
5.784e-05 -0.8 3.4
5.788e-05 -0.8 3.4
5.792e-05 -0.72 3.4
5.796e-05 -0.72 3.6
5.8e-05 -0.8 3.8
5.804e-05 -0.72 3.6
5.808e-05 -0.72 3.6
5.812e-05 -0.72 3.6
5.816e-05 -0.64 3.8
5.82e-05 -0.72 3.8
5.824e-05 -0.72 3.6
5.828e-05 -0.72 4
5.832e-05 -0.72 4
5.836e-05 -0.64 4
5.84e-05 -0.64 4
5.844e-05 -0.64 4
5.848e-05 -0.64 4
5.852e-05 -0.64 4.2
5.856e-05 -0.64 4.2
5.86e-05 -0.64 4.4
5.864e-05 -0.64 4.2
5.868e-05 -0.64 4.4
5.872e-05 -0.56 4.4
5.876e-05 -0.56 4.4
5.88e-05 -0.48 4.4
5.884e-05 -0.48 4.4
5.888e-05 -0.48 4.6
5.892e-05 -0.48 4.6
5.896e-05 -0.48 4.4
5.9e-05 -0.48 4.8
5.904e-05 -0.4 4.6
5.908e-05 -0.48 4.8
5.912e-05 -0.48 4.8
5.916e-05 -0.4 4.8
5.92e-05 -0.4 4.8
5.924e-05 -0.4 4.8
5.928e-05 -0.4 5
5.932e-05 -0.4 4.8
5.936e-05 -0.4 4.8
5.94e-05 -0.32 5
5.944e-05 -0.4 5
5.948e-05 -0.32 5
5.952e-05 -0.32 5
5.956e-05 -0.32 5.2
5.96e-05 -0.32 5.2
5.964e-05 -0.32 5
5.968e-05 -0.32 5
5.972e-05 -0.32 5.2
5.976e-05 -0.24 5.2
5.98e-05 -0.16 5.2
5.984e-05 -0.16 5.2
5.988e-05 -0.16 5.2
5.992e-05 -0.16 5.4
5.996e-05 -0.16 5.4
6e-05 -0.16 5.2
6.004e-05 -0.16 5.2
6.008e-05 -0.16 5.2
6.012e-05 -0.16 5.6
6.016e-05 -0.16 5.4
6.02e-05 -0.16 5.4
6.024e-05 -0.16 5.4
6.028e-05 0 5.4
6.032e-05 0 5.6
6.036e-05 0 5.4
6.04e-05 0 5.6
6.044e-05 0 5.6
6.048e-05 0 5.4
6.052e-05 0 5.6
6.056e-05 0.08 5.6
6.06e-05 0.08 5.6
6.064e-05 0.16 5.8
6.068e-05 0.16 5.6
6.072e-05 0.08 5.6
6.076e-05 0.24 5.4
6.08e-05 0.08 5.6
6.084e-05 0.24 5.6
6.088e-05 0.24 5.6
6.092e-05 0.24 5.6
6.096e-05 0.24 5.6
6.1e-05 0.24 5.6
6.104e-05 0.24 5.6
6.108e-05 0.24 5.6
6.112e-05 0.24 5.4
6.116e-05 0.24 5.6
6.12e-05 0.24 5.6
6.124e-05 0.32 5.6
6.128e-05 0.24 5.6
6.132e-05 0.32 5.4
6.136e-05 0.32 5.6
6.14e-05 0.32 5.6
6.144e-05 0.32 5.6
6.148e-05 0.32 5.6
6.152e-05 0.4 5.4
6.156e-05 0.32 5.6
6.16e-05 0.4 5.4
6.164e-05 0.4 5.4
6.168e-05 0.4 5.6
6.172e-05 0.4 5.6
6.176e-05 0.4 5.6
6.18e-05 0.4 5.2
6.184e-05 0.48 5.4
6.188e-05 0.48 5.4
6.192e-05 0.48 5.4
6.196e-05 0.48 5.2
6.2e-05 0.56 5.2
6.204e-05 0.56 5.4
6.208e-05 0.56 5.2
6.212e-05 0.56 5.2
6.216e-05 0.56 5
6.22e-05 0.56 5.2
6.224e-05 0.56 5.2
6.228e-05 0.56 5.2
6.232e-05 0.56 5.2
6.236e-05 0.64 5.2
6.24e-05 0.56 5.2
6.244e-05 0.56 5
6.248e-05 0.64 4.8
6.252e-05 0.64 5
6.256e-05 0.72 5
6.26e-05 0.64 5
6.264e-05 0.64 4.8
6.268e-05 0.64 4.8
6.272e-05 0.64 4.8
6.276e-05 0.72 4.8
6.28e-05 0.72 4.8
6.284e-05 0.72 4.8
6.288e-05 0.72 4.6
6.292e-05 0.72 4.6
6.296e-05 0.72 4.6
6.3e-05 0.72 4.8
6.304e-05 0.72 4.4
6.308e-05 0.72 4.4
6.312e-05 0.8 4.4
6.316e-05 0.72 4.4
6.32e-05 0.8 4.2
6.324e-05 0.88 4.4
6.328e-05 0.88 4.2
6.332e-05 0.88 4.2
6.336e-05 0.8 4.2
6.34e-05 0.88 4.2
6.344e-05 0.88 4.2
6.348e-05 0.88 4
6.352e-05 0.88 4.2
6.356e-05 0.88 4
6.36e-05 0.88 4
6.364e-05 0.88 4
6.368e-05 0.88 4
6.372e-05 0.88 4
6.376e-05 0.88 3.8
6.38e-05 0.88 3.8
6.384e-05 0.96 3.6
6.388e-05 0.96 3.6
6.392e-05 0.96 3.6
6.396e-05 0.88 3.4
6.4e-05 0.96 3.6
6.404e-05 0.88 3.4
6.408e-05 0.96 3.4
6.412e-05 0.96 3.4
6.416e-05 0.96 3.2
6.42e-05 0.96 3.2
6.424e-05 0.96 3.2
6.428e-05 0.96 3.2
6.432e-05 0.96 3
6.436e-05 0.96 3
6.44e-05 1.04 3
6.444e-05 0.96 3
6.448e-05 0.96 3
6.452e-05 0.96 2.8
6.456e-05 0.96 2.8
6.46e-05 0.96 2.8
6.464e-05 0.96 2.6
6.468e-05 1.04 2.6
6.472e-05 0.96 2.6
6.476e-05 0.96 2.6
6.48e-05 1.04 2.4
6.484e-05 1.04 2.4
6.488e-05 1.04 2.4
6.492e-05 1.04 2.2
6.496e-05 1.04 2.2
6.5e-05 1.04 2
6.504e-05 1.04 2
6.508e-05 1.04 2
6.512e-05 1.04 2
6.516e-05 1.04 2
6.52e-05 1.04 1.8
6.524e-05 1.04 1.8
6.528e-05 1.04 1.8
6.532e-05 1.04 1.8
6.536e-05 1.04 1.6
6.54e-05 1.04 1.4
6.544e-05 1.04 1.6
6.548e-05 1.04 1.4
6.552e-05 1.04 1.4
6.556e-05 1.04 1.2
6.56e-05 1.04 1
6.564e-05 1.04 1
6.568e-05 1.04 1
6.572e-05 1.04 1
6.576e-05 1.04 1
6.58e-05 1.04 1
6.584e-05 1.12 0.8
6.588e-05 1.04 0.8
6.592e-05 1.04 0.8
6.596e-05 1.04 0.6
6.6e-05 1.04 0.8
6.604e-05 1.04 0.4
6.608e-05 1.04 0.4
6.612e-05 1.04 0.2
6.616e-05 1.04 0.2
6.62e-05 1.04 0.2
6.624e-05 1.04 0.2
6.628e-05 1.04 0
6.632e-05 1.04 0
6.636e-05 1.04 0
6.64e-05 1.04 -0.4
6.644e-05 1.04 0
6.648e-05 1.04 -0.4
6.652e-05 1.04 -0.4
6.656e-05 1.04 -0.4
6.66e-05 1.04 -0.6
6.664e-05 1.04 -0.8
6.668e-05 1.04 -0.8
6.672e-05 0.96 -0.8
6.676e-05 0.96 -0.8
6.68e-05 1.04 -1
6.684e-05 1.04 -1
6.688e-05 1.04 -1
6.692e-05 1.04 -1
6.696e-05 0.96 -1.2
6.7e-05 0.96 -1.2
6.704e-05 0.96 -1.2
6.708e-05 0.96 -1.4
6.712e-05 0.96 -1.4
6.716e-05 0.96 -1.6
6.72e-05 1.04 -1.6
6.724e-05 0.96 -1.6
6.728e-05 0.96 -1.6
6.732e-05 0.96 -1.6
6.736e-05 0.96 -1.8
6.74e-05 0.96 -1.8
6.744e-05 0.96 -2
6.748e-05 0.96 -2
6.752e-05 0.88 -2.2
6.756e-05 0.88 -2.4
6.76e-05 0.88 -2.2
6.764e-05 0.96 -2.4
6.768e-05 0.88 -2.4
6.772e-05 0.96 -2.4
6.776e-05 0.88 -2.4
6.78e-05 0.88 -2.4
6.784e-05 0.88 -2.6
6.788e-05 0.88 -2.6
6.792e-05 0.88 -2.8
6.796e-05 0.88 -2.6
6.8e-05 0.88 -2.8
6.804e-05 0.88 -3
6.808e-05 0.88 -3
6.812e-05 0.88 -3
6.816e-05 0.8 -3
6.82e-05 0.88 -3.2
6.824e-05 0.88 -3.2
6.828e-05 0.8 -3.2
6.832e-05 0.88 -3.4
6.836e-05 0.72 -3.2
6.84e-05 0.8 -3.4
6.844e-05 0.72 -3.4
6.848e-05 0.72 -3.6
6.852e-05 0.72 -3.4
6.856e-05 0.72 -3.6
6.86e-05 0.72 -3.8
6.864e-05 0.72 -3.8
6.868e-05 0.72 -3.6
6.872e-05 0.64 -3.8
6.876e-05 0.72 -4
6.88e-05 0.72 -4
6.884e-05 0.72 -4
6.888e-05 0.72 -4.2
6.892e-05 0.64 -4
6.896e-05 0.64 -4.2
6.9e-05 0.64 -4.2
6.904e-05 0.64 -4.2
6.908e-05 0.64 -4.2
6.912e-05 0.56 -4.4
6.916e-05 0.64 -4.6
6.92e-05 0.56 -4.4
6.924e-05 0.64 -4.6
6.928e-05 0.56 -4.6
6.932e-05 0.56 -4.6
6.936e-05 0.56 -4.6
6.94e-05 0.56 -4.8
6.944e-05 0.48 -4.8
6.948e-05 0.48 -4.8
6.952e-05 0.48 -4.8
6.956e-05 0.56 -4.8
6.96e-05 0.48 -5
6.964e-05 0.4 -5
6.968e-05 0.48 -5
6.972e-05 0.4 -5
6.976e-05 0.4 -5
6.98e-05 0.4 -5.2
6.984e-05 0.4 -5.2
6.988e-05 0.4 -5.2
6.992e-05 0.4 -5.4
6.996e-05 0.4 -5.2
7e-05 0.32 -5.4
7.004e-05 0.4 -5.4
7.008e-05 0.32 -5.4
7.012e-05 0.32 -5.2
7.016e-05 0.32 -5.6
7.02e-05 0.32 -5.6
7.024e-05 0.32 -5.4
7.028e-05 0.24 -5.6
7.032e-05 0.24 -5.6
7.036e-05 0.24 -5.6
7.04e-05 0.24 -5.6
7.044e-05 0.24 -5.8
7.048e-05 0.24 -5.8
7.052e-05 0.24 -5.8
7.056e-05 0.24 -5.8
7.06e-05 0.24 -5.8
7.064e-05 0.16 -5.8
7.068e-05 0.16 -5.8
7.072e-05 0.08 -5.8
7.076e-05 0.08 -5.8
7.08e-05 0.16 -5.8
7.084e-05 0.08 -5.8
7.088e-05 0.08 -5.8
7.092e-05 0.08 -6
7.096e-05 0 -6
7.1e-05 0.08 -6
7.104e-05 0 -6.2
7.108e-05 0 -6
7.112e-05 0 -6.2
7.116e-05 0 -6.2
7.12e-05 0 -6.2
7.124e-05 0 -6.2
7.128e-05 0 -6.2
7.132e-05 -0.16 -6.2
7.136e-05 -0.16 -6
7.14e-05 -0.16 -6.2
7.144e-05 -0.16 -6.4
7.148e-05 -0.16 -6.2
7.152e-05 -0.16 -6.2
7.156e-05 -0.16 -6.2
7.16e-05 -0.16 -6.4
7.164e-05 -0.16 -6.4
7.168e-05 -0.16 -6.4
7.172e-05 -0.24 -6.2
7.176e-05 -0.24 -6.2
7.18e-05 -0.32 -6.4
7.184e-05 -0.24 -6.2
7.188e-05 -0.32 -6.4
7.192e-05 -0.32 -6.2
7.196e-05 -0.32 -6.4
7.2e-05 -0.32 -6.4
7.204e-05 -0.32 -6.4
7.208e-05 -0.32 -6.2
7.212e-05 -0.4 -6.2
7.216e-05 -0.4 -6.4
7.22e-05 -0.4 -6.6
7.224e-05 -0.4 -6.4
7.228e-05 -0.48 -6.4
7.232e-05 -0.4 -6.4
7.236e-05 -0.4 -6.4
7.24e-05 -0.48 -6.4
7.244e-05 -0.48 -6.2
7.248e-05 -0.48 -6.4
7.252e-05 -0.48 -6.4
7.256e-05 -0.48 -6.4
7.26e-05 -0.48 -6.2
7.264e-05 -0.48 -6.4
7.268e-05 -0.48 -6.2
7.272e-05 -0.48 -6.4
7.276e-05 -0.48 -6.4
7.28e-05 -0.48 -6.2
7.284e-05 -0.48 -6.4
7.288e-05 -0.64 -6.2
7.292e-05 -0.64 -6.2
7.296e-05 -0.64 -6.2
7.3e-05 -0.64 -6
7.304e-05 -0.64 -6.2
7.308e-05 -0.64 -6
7.312e-05 -0.64 -6.2
7.316e-05 -0.64 -6
7.32e-05 -0.72 -6.2
7.324e-05 -0.64 -6.2
7.328e-05 -0.72 -6
7.332e-05 -0.72 -6
7.336e-05 -0.72 -5.8
7.34e-05 -0.72 -6.2
7.344e-05 -0.72 -5.8
7.348e-05 -0.8 -5.8
7.352e-05 -0.8 -5.8
7.356e-05 -0.72 -5.8
7.36e-05 -0.72 -5.8
7.364e-05 -0.8 -5.8
7.368e-05 -0.8 -5.6
7.372e-05 -0.8 -5.6
7.376e-05 -0.8 -5.8
7.38e-05 -0.8 -5.8
7.384e-05 -0.8 -5.6
7.388e-05 -0.8 -5.6
7.392e-05 -0.8 -5.6
7.396e-05 -0.88 -5.8
7.4e-05 -0.88 -5.6
7.404e-05 -0.88 -5.4
7.408e-05 -0.88 -5.4
7.412e-05 -0.96 -5.6
7.416e-05 -0.96 -5.4
7.42e-05 -0.96 -5.4
7.424e-05 -0.96 -5.2
7.428e-05 -0.96 -5.4
7.432e-05 -1.04 -5.2
7.436e-05 -0.96 -5.4
7.44e-05 -0.96 -5.2
7.444e-05 -1.04 -5
7.448e-05 -1.04 -5
7.452e-05 -1.04 -4.8
7.456e-05 -1.04 -5
7.46e-05 -1.04 -5
7.464e-05 -1.04 -4.8
7.468e-05 -1.04 -4.8
7.472e-05 -1.04 -4.8
7.476e-05 -1.04 -4.6
7.48e-05 -1.12 -4.8
7.484e-05 -1.12 -4.6
7.488e-05 -1.12 -4.8
7.492e-05 -1.04 -4.6
7.496e-05 -1.12 -4.6
7.5e-05 -1.12 -4.6
7.504e-05 -1.12 -4.4
7.508e-05 -1.12 -4.4
7.512e-05 -1.12 -4.2
7.516e-05 -1.12 -4.2
7.52e-05 -1.12 -4.2
7.524e-05 -1.12 -4
7.528e-05 -1.12 -4.2
7.532e-05 -1.12 -4
7.536e-05 -1.12 -4
7.54e-05 -1.12 -4
7.544e-05 -1.12 -4
7.548e-05 -1.12 -3.8
7.552e-05 -1.12 -3.8
7.556e-05 -1.12 -3.8
7.56e-05 -1.12 -3.8
7.564e-05 -1.12 -3.6
7.568e-05 -1.12 -3.6
7.572e-05 -1.12 -3.4
7.576e-05 -1.12 -3.6
7.58e-05 -1.2 -3.2
7.584e-05 -1.2 -3.2
7.588e-05 -1.12 -3.2
7.592e-05 -1.12 -3.2
7.596e-05 -1.2 -3.2
7.6e-05 -1.2 -3
7.604e-05 -1.2 -3
7.608e-05 -1.2 -3
7.612e-05 -1.12 -3
7.616e-05 -1.28 -2.8
7.62e-05 -1.12 -2.8
7.624e-05 -1.28 -2.8
7.628e-05 -1.12 -2.6
7.632e-05 -1.28 -2.6
7.636e-05 -1.28 -2.6
7.64e-05 -1.12 -2.6
7.644e-05 -1.2 -2.4
7.648e-05 -1.28 -2.4
7.652e-05 -1.2 -2.4
7.656e-05 -1.2 -2.2
7.66e-05 -1.12 -2.4
7.664e-05 -1.2 -2.2
7.668e-05 -1.2 -2
7.672e-05 -1.28 -2
7.676e-05 -1.28 -2
7.68e-05 -1.28 -2
7.684e-05 -1.28 -1.8
7.688e-05 -1.2 -1.6
7.692e-05 -1.2 -1.6
7.696e-05 -1.28 -1.6
7.7e-05 -1.28 -1.6
7.704e-05 -1.28 -1.4
7.708e-05 -1.2 -1.4
7.712e-05 -1.28 -1.4
7.716e-05 -1.2 -1.4
7.72e-05 -1.2 -1.2
7.724e-05 -1.2 -1.2
7.728e-05 -1.28 -1
7.732e-05 -1.2 -1
7.736e-05 -1.2 -0.8
7.74e-05 -1.28 -0.8
7.744e-05 -1.28 -0.8
7.748e-05 -1.12 -0.8
7.752e-05 -1.12 -0.6
7.756e-05 -1.2 -0.6
7.76e-05 -1.2 -0.4
7.764e-05 -1.2 -0.4
7.768e-05 -1.2 -0.4
7.772e-05 -1.2 -0.4
7.776e-05 -1.12 0
7.78e-05 -1.12 0
7.784e-05 -1.12 0
7.788e-05 -1.2 0
7.792e-05 -1.12 0.2
7.796e-05 -1.12 0.2
7.8e-05 -1.12 0.2
7.804e-05 -1.2 0.4
7.808e-05 -1.12 0.4
7.812e-05 -1.12 0.4
7.816e-05 -1.12 0.6
7.82e-05 -1.12 0.6
7.824e-05 -1.12 0.6
7.828e-05 -1.12 0.8
7.832e-05 -1.12 0.8
7.836e-05 -1.12 0.8
7.84e-05 -1.12 0.8
7.844e-05 -1.12 0.8
7.848e-05 -1.12 1
7.852e-05 -1.12 1.2
7.856e-05 -1.12 1
7.86e-05 -1.12 1.2
7.864e-05 -1.12 1.4
7.868e-05 -1.12 1.4
7.872e-05 -1.12 1.4
7.876e-05 -1.12 1.4
7.88e-05 -1.12 1.4
7.884e-05 -1.04 1.8
7.888e-05 -1.04 1.6
7.892e-05 -1.04 1.6
7.896e-05 -1.04 1.8
7.9e-05 -1.12 2
7.904e-05 -1.04 2
7.908e-05 -1.04 2
7.912e-05 -1.04 2
7.916e-05 -0.96 2
7.92e-05 -1.04 2.2
7.924e-05 -0.96 2.2
7.928e-05 -0.96 2.2
7.932e-05 -0.96 2.4
7.936e-05 -0.96 2.4
7.94e-05 -0.96 2.4
7.944e-05 -0.96 2.4
7.948e-05 -0.96 2.6
7.952e-05 -0.96 2.6
7.956e-05 -0.96 2.6
7.96e-05 -0.88 2.8
7.964e-05 -0.96 2.8
7.968e-05 -0.88 2.8
7.972e-05 -0.96 2.8
7.976e-05 -0.96 3
7.98e-05 -0.88 3.2
7.984e-05 -0.88 3
7.988e-05 -0.8 3.2
7.992e-05 -0.8 3.2
7.996e-05 -0.8 3.4
8e-05 -0.8 3.2
8.004e-05 -0.8 3.4
8.008e-05 -0.8 3.4
8.012e-05 -0.8 3.4
8.016e-05 -0.8 3.6
8.02e-05 -0.72 3.4
8.024e-05 -0.8 3.6
8.028e-05 -0.72 3.6
8.032e-05 -0.8 3.6
8.036e-05 -0.72 3.6
8.04e-05 -0.72 3.6
8.044e-05 -0.72 4
8.048e-05 -0.64 3.8
8.052e-05 -0.64 3.8
8.056e-05 -0.64 4
8.06e-05 -0.64 4
8.064e-05 -0.64 4.2
8.068e-05 -0.64 4
8.072e-05 -0.64 4
8.076e-05 -0.64 4.2
8.08e-05 -0.64 4.4
8.084e-05 -0.56 4.4
8.088e-05 -0.56 4.2
8.092e-05 -0.64 4.4
8.096e-05 -0.56 4.2
8.1e-05 -0.48 4.4
8.104e-05 -0.48 4.4
8.108e-05 -0.48 4.4
8.112e-05 -0.48 4.6
8.116e-05 -0.48 4.6
8.12e-05 -0.48 4.6
8.124e-05 -0.48 4.6
8.128e-05 -0.48 4.8
8.132e-05 -0.48 4.6
8.136e-05 -0.48 4.8
8.14e-05 -0.48 4.8
8.144e-05 -0.4 4.8
8.148e-05 -0.4 4.8
8.152e-05 -0.4 5
8.156e-05 -0.4 5
8.16e-05 -0.4 4.8
8.164e-05 -0.32 5
8.168e-05 -0.32 5
8.172e-05 -0.32 5
8.176e-05 -0.32 5
8.18e-05 -0.32 5
8.184e-05 -0.32 5.2
8.188e-05 -0.32 5.2
8.192e-05 -0.24 5.2
8.196e-05 -0.16 5.2
8.2e-05 -0.16 5.2
8.204e-05 -0.24 5.2
8.208e-05 -0.16 5.4
8.212e-05 -0.16 5.2
8.216e-05 -0.16 5.2
8.22e-05 -0.16 5.2
8.224e-05 -0.16 5.4
8.228e-05 -0.16 5.4
8.232e-05 -0.16 5.2
8.236e-05 -0.16 5.4
8.24e-05 0 5.4
8.244e-05 -0.16 5.4
8.248e-05 0 5.4
8.252e-05 0 5.6
8.256e-05 0 5.4
8.26e-05 0 5.6
8.264e-05 0.08 5.4
8.268e-05 0 5.4
8.272e-05 0.08 5.4
8.276e-05 0.08 5.6
8.28e-05 0.08 5.6
8.284e-05 0.08 5.4
8.288e-05 0.08 5.6
8.292e-05 0.08 5.6
8.296e-05 0.08 5.6
8.3e-05 0.16 5.6
8.304e-05 0.16 5.6
8.308e-05 0.24 5.6
8.312e-05 0.24 5.6
8.316e-05 0.24 5.6
8.32e-05 0.24 5.6
8.324e-05 0.24 5.6
8.328e-05 0.24 5.6
8.332e-05 0.24 5.6
8.336e-05 0.24 5.6
8.34e-05 0.24 5.4
8.344e-05 0.32 5.6
8.348e-05 0.32 5.6
8.352e-05 0.24 5.6
8.356e-05 0.32 5.4
8.36e-05 0.32 5.4
8.364e-05 0.32 5.6
8.368e-05 0.32 5.6
8.372e-05 0.32 5.6
8.376e-05 0.32 5.6
8.38e-05 0.4 5.4
8.384e-05 0.4 5.4
8.388e-05 0.4 5.4
8.392e-05 0.4 5.4
8.396e-05 0.4 5.4
8.4e-05 0.4 5.4
8.404e-05 0.4 5.4
8.408e-05 0.48 5.4
8.412e-05 0.48 5.2
8.416e-05 0.48 5.4
8.42e-05 0.56 5.4
8.424e-05 0.56 5.4
8.428e-05 0.56 5.4
8.432e-05 0.56 5.4
8.436e-05 0.56 5.2
8.44e-05 0.56 5.2
8.444e-05 0.56 5.2
8.448e-05 0.56 5.2
8.452e-05 0.56 5.2
8.456e-05 0.56 5.2
8.46e-05 0.56 5.2
8.464e-05 0.64 5
8.468e-05 0.56 5
8.472e-05 0.64 5
8.476e-05 0.64 5
8.48e-05 0.64 5
8.484e-05 0.64 4.8
8.488e-05 0.64 4.8
8.492e-05 0.64 4.8
8.496e-05 0.72 4.8
8.5e-05 0.72 4.8
8.504e-05 0.72 4.8
8.508e-05 0.72 4.6
8.512e-05 0.72 4.6
8.516e-05 0.72 4.6
8.52e-05 0.72 4.6
8.524e-05 0.72 4.6
8.528e-05 0.72 4.4
8.532e-05 0.72 4.4
8.536e-05 0.88 4.4
8.54e-05 0.8 4.4
8.544e-05 0.88 4.4
8.548e-05 0.8 4.2
8.552e-05 0.88 4.2
8.556e-05 0.88 4
8.56e-05 0.88 4.2
8.564e-05 0.88 4.2
8.568e-05 0.88 4
8.572e-05 0.88 4
8.576e-05 0.88 4
8.58e-05 0.88 4
8.584e-05 0.88 4
8.588e-05 0.88 4
8.592e-05 0.88 3.8
8.596e-05 0.96 4
8.6e-05 0.88 3.8
8.604e-05 0.88 3.8
8.608e-05 0.96 3.6
8.612e-05 0.96 3.6
8.616e-05 0.96 3.6
8.62e-05 0.88 3.6
8.624e-05 0.96 3.4
8.628e-05 0.96 3.4
8.632e-05 0.96 3.4
8.636e-05 0.96 3.4
8.64e-05 0.96 3.2
8.644e-05 1.04 3.2
8.648e-05 0.96 3.2
8.652e-05 0.96 3.2
8.656e-05 1.04 3.2
8.66e-05 1.04 3
8.664e-05 1.04 2.8
8.668e-05 0.96 2.8
8.672e-05 0.96 2.8
8.676e-05 1.04 2.8
8.68e-05 1.04 2.6
8.684e-05 1.04 2.8
8.688e-05 0.96 2.8
8.692e-05 1.04 2.6
8.696e-05 0.96 2.6
8.7e-05 1.04 2.4
8.704e-05 1.04 2.4
8.708e-05 1.04 2.4
8.712e-05 1.04 2.4
8.716e-05 1.04 2.2
8.72e-05 1.04 2.2
8.724e-05 1.04 2
8.728e-05 1.04 2
8.732e-05 1.04 1.8
8.736e-05 1.04 1.8
8.74e-05 1.04 2
8.744e-05 1.04 2
8.748e-05 1.04 1.6
8.752e-05 1.04 1.8
8.756e-05 1.04 1.6
8.76e-05 1.04 1.6
8.764e-05 1.04 1.4
8.768e-05 1.04 1.4
8.772e-05 1.04 1.4
8.776e-05 1.04 1.4
8.78e-05 1.04 1.2
8.784e-05 1.04 1
8.788e-05 1.04 1
8.792e-05 1.04 0.8
8.796e-05 1.12 1
8.8e-05 1.04 0.8
8.804e-05 1.04 0.8
8.808e-05 1.12 0.8
8.812e-05 1.04 0.8
8.816e-05 1.04 0.6
8.82e-05 1.04 0.6
8.824e-05 1.12 0.4
8.828e-05 1.04 0.6
8.832e-05 1.04 0.4
8.836e-05 1.04 0.4
8.84e-05 1.04 0.2
8.844e-05 1.04 0.2
8.848e-05 1.04 0.2
8.852e-05 1.04 0
8.856e-05 1.04 0
8.86e-05 1.04 -0.4
8.864e-05 1.04 0
8.868e-05 1.04 0
8.872e-05 1.04 -0.6
8.876e-05 1.04 -0.6
8.88e-05 1.04 -0.6
8.884e-05 1.04 -0.6
8.888e-05 1.04 -0.6
8.892e-05 1.04 -0.6
8.896e-05 1.04 -0.8
8.9e-05 1.04 -0.8
8.904e-05 1.04 -0.8
8.908e-05 0.96 -1
8.912e-05 1.04 -1
8.916e-05 1.04 -1.2
8.92e-05 1.04 -1.2
8.924e-05 1.04 -1.4
8.928e-05 1.04 -1.4
8.932e-05 1.04 -1.4
8.936e-05 0.96 -1.4
8.94e-05 0.96 -1.6
8.944e-05 1.04 -1.8
8.948e-05 0.96 -1.8
8.952e-05 0.96 -1.6
8.956e-05 0.96 -1.8
8.96e-05 0.96 -1.8
8.964e-05 0.96 -2
8.968e-05 0.88 -2
8.972e-05 0.96 -2
8.976e-05 0.96 -2
8.98e-05 0.96 -2.2
8.984e-05 0.96 -2.2
8.988e-05 0.88 -2.2
8.992e-05 0.88 -2.4
8.996e-05 0.88 -2.4
9e-05 0.88 -2.6
9.004e-05 0.88 -2.6
9.008e-05 0.88 -2.6
9.012e-05 0.96 -2.6
9.016e-05 0.88 -2.8
9.02e-05 0.88 -2.8
9.024e-05 0.88 -2.8
9.028e-05 0.88 -3
9.032e-05 0.88 -3
9.036e-05 0.88 -3
9.04e-05 0.8 -3.2
9.044e-05 0.88 -3
9.048e-05 0.8 -3.2
9.052e-05 0.88 -3.4
9.056e-05 0.8 -3.2
9.06e-05 0.72 -3.4
9.064e-05 0.88 -3.4
9.068e-05 0.72 -3.6
9.072e-05 0.72 -3.6
9.076e-05 0.72 -3.6
9.08e-05 0.72 -3.6
9.084e-05 0.72 -3.8
9.088e-05 0.72 -3.8
9.092e-05 0.72 -3.8
9.096e-05 0.64 -4
9.1e-05 0.72 -4
9.104e-05 0.64 -4
9.108e-05 0.64 -4
9.112e-05 0.64 -4.2
9.116e-05 0.64 -4.2
9.12e-05 0.64 -4.2
9.124e-05 0.64 -4.4
9.128e-05 0.64 -4.2
9.132e-05 0.64 -4.2
9.136e-05 0.64 -4.2
9.14e-05 0.64 -4.6
9.144e-05 0.56 -4.4
9.148e-05 0.56 -4.4
9.152e-05 0.56 -4.6
9.156e-05 0.56 -4.6
9.16e-05 0.56 -4.8
9.164e-05 0.56 -4.8
9.168e-05 0.56 -4.8
9.172e-05 0.56 -4.8
9.176e-05 0.4 -4.8
9.18e-05 0.4 -5
9.184e-05 0.48 -4.8
9.188e-05 0.48 -5
9.192e-05 0.4 -5
9.196e-05 0.4 -5
9.2e-05 0.4 -5.2
9.204e-05 0.4 -5
9.208e-05 0.4 -5.2
9.212e-05 0.4 -5.2
9.216e-05 0.4 -5.4
9.22e-05 0.4 -5.4
9.224e-05 0.32 -5.4
9.228e-05 0.32 -5.4
9.232e-05 0.32 -5.4
9.236e-05 0.32 -5.4
9.24e-05 0.32 -5.4
9.244e-05 0.32 -5.6
9.248e-05 0.24 -5.6
9.252e-05 0.24 -5.6
9.256e-05 0.24 -5.6
9.26e-05 0.24 -5.6
9.264e-05 0.32 -5.6
9.268e-05 0.24 -5.6
9.272e-05 0.24 -5.8
9.276e-05 0.24 -5.8
9.28e-05 0.24 -5.8
9.284e-05 0.24 -5.8
9.288e-05 0.16 -5.8
9.292e-05 0.16 -5.8
9.296e-05 0.16 -5.8
9.3e-05 0.16 -5.8
9.304e-05 0.08 -5.8
9.308e-05 0.08 -5.8
9.312e-05 0.08 -6
9.316e-05 0.08 -6
9.32e-05 0.08 -6
9.324e-05 0.08 -6.2
9.328e-05 0 -6.2
9.332e-05 0.08 -6
9.336e-05 0 -6.2
9.34e-05 0 -6.2
9.344e-05 -0.16 -6.2
9.348e-05 0 -6.2
9.352e-05 -0.16 -6.4
9.356e-05 0 -6.2
9.36e-05 -0.16 -6.2
9.364e-05 -0.16 -6.2
9.368e-05 -0.16 -6.2
9.372e-05 -0.16 -6.4
9.376e-05 -0.16 -6.4
9.38e-05 -0.16 -6.4
9.384e-05 -0.16 -6.4
9.388e-05 -0.32 -6.4
9.392e-05 -0.24 -6.2
9.396e-05 -0.24 -6.2
9.4e-05 -0.32 -6.4
9.404e-05 -0.32 -6.2
9.408e-05 -0.32 -6.4
9.412e-05 -0.32 -6.2
9.416e-05 -0.32 -6.4
9.42e-05 -0.32 -6.2
9.424e-05 -0.4 -6.4
9.428e-05 -0.4 -6.4
9.432e-05 -0.4 -6.4
9.436e-05 -0.4 -6.4
9.44e-05 -0.32 -6.4
9.444e-05 -0.4 -6.4
9.448e-05 -0.4 -6.4
9.452e-05 -0.4 -6.2
9.456e-05 -0.4 -6.4
9.46e-05 -0.4 -6.2
9.464e-05 -0.48 -6.4
9.468e-05 -0.48 -6.2
9.472e-05 -0.48 -6.2
9.476e-05 -0.48 -6.2
9.48e-05 -0.48 -6.4
9.484e-05 -0.48 -6.4
9.488e-05 -0.56 -6.4
9.492e-05 -0.48 -6.2
9.496e-05 -0.48 -6.2
9.5e-05 -0.56 -6.4
9.504e-05 -0.56 -6.2
9.508e-05 -0.56 -6.4
9.512e-05 -0.64 -6.4
9.516e-05 -0.64 -6.2
9.52e-05 -0.64 -6
9.524e-05 -0.64 -6
9.528e-05 -0.64 -6.2
9.532e-05 -0.64 -6.2
9.536e-05 -0.64 -6.2
9.54e-05 -0.64 -6.2
9.544e-05 -0.72 -5.8
9.548e-05 -0.72 -6
9.552e-05 -0.72 -6
9.556e-05 -0.72 -6
9.56e-05 -0.72 -5.8
9.564e-05 -0.72 -5.8
9.568e-05 -0.72 -5.8
9.572e-05 -0.8 -5.8
9.576e-05 -0.72 -5.8
9.58e-05 -0.8 -5.8
9.584e-05 -0.8 -5.8
9.588e-05 -0.8 -5.8
9.592e-05 -0.8 -5.6
9.596e-05 -0.88 -5.6
9.6e-05 -0.8 -5.6
9.604e-05 -0.8 -5.6
9.608e-05 -0.8 -5.6
9.612e-05 -0.88 -5.6
9.616e-05 -0.88 -5.4
9.62e-05 -0.88 -5.6
9.624e-05 -0.88 -5.6
9.628e-05 -0.8 -5.4
9.632e-05 -0.88 -5.2
9.636e-05 -0.96 -5.4
9.64e-05 -0.96 -5.4
9.644e-05 -0.96 -5.4
9.648e-05 -0.96 -5
9.652e-05 -0.96 -5
9.656e-05 -0.96 -5.2
9.66e-05 -0.96 -5.2
9.664e-05 -1.04 -5.2
9.668e-05 -0.96 -5
9.672e-05 -1.04 -5
9.676e-05 -1.04 -4.8
9.68e-05 -1.04 -5
9.684e-05 -1.04 -4.8
9.688e-05 -0.96 -4.8
9.692e-05 -1.04 -4.8
9.696e-05 -1.04 -4.6
9.7e-05 -1.04 -4.8
9.704e-05 -1.04 -4.6
9.708e-05 -1.04 -4.8
9.712e-05 -1.12 -4.6
9.716e-05 -1.04 -4.6
9.72e-05 -1.12 -4.4
9.724e-05 -1.12 -4.4
9.728e-05 -1.12 -4.6
9.732e-05 -1.12 -4.4
9.736e-05 -1.12 -4.2
9.74e-05 -1.12 -4.2
9.744e-05 -1.12 -4.2
9.748e-05 -1.12 -4.2
9.752e-05 -1.12 -4.2
9.756e-05 -1.12 -4
9.76e-05 -1.12 -3.8
9.764e-05 -1.12 -4
9.768e-05 -1.12 -4
9.772e-05 -1.12 -3.8
9.776e-05 -1.12 -3.6
9.78e-05 -1.12 -3.6
9.784e-05 -1.12 -3.8
9.788e-05 -1.12 -3.6
9.792e-05 -1.12 -3.6
9.796e-05 -1.12 -3.4
9.8e-05 -1.2 -3.4
9.804e-05 -1.12 -3.4
9.808e-05 -1.12 -3.2
9.812e-05 -1.12 -3.2
9.816e-05 -1.12 -3.2
9.82e-05 -1.12 -3.2
9.824e-05 -1.2 -3.2
9.828e-05 -1.2 -3
9.832e-05 -1.12 -3
9.836e-05 -1.28 -3
9.84e-05 -1.12 -3
9.844e-05 -1.2 -2.8
9.848e-05 -1.28 -2.6
9.852e-05 -1.2 -2.6
9.856e-05 -1.12 -2.6
9.86e-05 -1.12 -2.4
9.864e-05 -1.2 -2.4
9.868e-05 -1.2 -2.2
9.872e-05 -1.12 -2.4
9.876e-05 -1.28 -2.4
9.88e-05 -1.2 -2.2
9.884e-05 -1.2 -2.2
9.888e-05 -1.12 -2.2
9.892e-05 -1.2 -2
9.896e-05 -1.2 -1.8
9.9e-05 -1.28 -1.8
9.904e-05 -1.2 -1.8
9.908e-05 -1.28 -2
9.912e-05 -1.2 -1.6
9.916e-05 -1.2 -1.6
9.92e-05 -1.2 -1.4
9.924e-05 -1.28 -1.6
9.928e-05 -1.28 -1.4
9.932e-05 -1.28 -1.4
9.936e-05 -1.2 -1
9.94e-05 -1.2 -1.2
9.944e-05 -1.2 -1.2
9.948e-05 -1.28 -1.2
9.952e-05 -1.12 -1
9.956e-05 -1.28 -1
9.96e-05 -1.12 -0.8
9.964e-05 -1.28 -1
9.968e-05 -1.2 -0.8
9.972e-05 -1.28 -0.6
9.976e-05 -1.12 -0.8
9.98e-05 -1.12 -0.6
9.984e-05 -1.2 -0.6
9.988e-05 -1.12 -0.4
9.992e-05 -1.2 0
9.996e-05 -1.2 -0.4
0.0001 -1.12 -0.4
0.00010004 -1.2 0
0.00010008 -1.12 0
0.00010012 -1.12 0
0.00010016 -1.12 0.2
0.0001002 -1.2 0.2
0.00010024 -1.12 0.4
0.00010028 -1.12 0.4
0.00010032 -1.12 0.4
0.00010036 -1.12 0.4
0.0001004 -1.2 0.6
0.00010044 -1.12 0.6
0.00010048 -1.12 0.6
0.00010052 -1.12 0.6
0.00010056 -1.12 0.8
0.0001006 -1.12 1
0.00010064 -1.12 1
0.00010068 -1.12 0.8
0.00010072 -1.04 1
0.00010076 -1.12 1
0.0001008 -1.12 1.2
0.00010084 -1.12 1.2
0.00010088 -1.12 1.2
0.00010092 -1.12 1.4
0.00010096 -1.12 1.6
0.000101 -1.04 1.6
0.00010104 -1.04 1.6
0.00010108 -1.04 1.6
0.00010112 -1.04 1.8
0.00010116 -1.04 1.8
0.0001012 -1.12 2
0.00010124 -1.04 1.8
0.00010128 -1.04 2
0.00010132 -1.04 2
0.00010136 -1.04 2
0.0001014 -1.04 2
0.00010144 -0.96 2
0.00010148 -0.96 2.4
0.00010152 -0.96 2.4
0.00010156 -0.96 2.4
0.0001016 -0.96 2.4
0.00010164 -0.96 2.4
0.00010168 -0.96 2.6
0.00010172 -0.96 2.6
0.00010176 -0.88 2.6
0.0001018 -0.88 2.6
0.00010184 -0.88 2.6
0.00010188 -0.88 2.8
0.00010192 -0.8 2.8
0.00010196 -0.88 2.8
0.000102 -0.88 2.8
0.00010204 -0.8 3.2
0.00010208 -0.8 3.2
0.00010212 -0.8 3.2
0.00010216 -0.8 3.2
0.0001022 -0.8 3.2
0.00010224 -0.72 3.2
0.00010228 -0.8 3.2
0.00010232 -0.8 3.2
0.00010236 -0.8 3.4
0.0001024 -0.8 3.4
0.00010244 -0.72 3.6
0.00010248 -0.8 3.6
0.00010252 -0.72 3.8
0.00010256 -0.72 3.6
0.0001026 -0.72 4
0.00010264 -0.72 3.8
0.00010268 -0.64 3.8
0.00010272 -0.72 4
0.00010276 -0.64 4
0.0001028 -0.64 4
0.00010284 -0.64 4
0.00010288 -0.64 4
0.00010292 -0.64 4
0.00010296 -0.64 4.2
0.000103 -0.64 4
0.00010304 -0.64 4.2
0.00010308 -0.48 4.4
0.00010312 -0.48 4.4
0.00010316 -0.56 4.4
0.0001032 -0.48 4.4
0.00010324 -0.48 4.2
0.00010328 -0.48 4.6
0.00010332 -0.48 4.4
0.00010336 -0.48 4.4
0.0001034 -0.48 4.6
0.00010344 -0.4 4.6
0.00010348 -0.48 4.8
0.00010352 -0.48 4.4
0.00010356 -0.4 4.8
0.0001036 -0.48 4.8
0.00010364 -0.4 4.8
0.00010368 -0.4 4.8
0.00010372 -0.4 4.8
0.00010376 -0.4 5
0.0001038 -0.32 5
0.00010384 -0.32 5
0.00010388 -0.32 4.8
0.00010392 -0.32 5
0.00010396 -0.32 5
0.000104 -0.32 5
0.00010404 -0.32 5
0.00010408 -0.32 5
0.00010412 -0.24 5
0.00010416 -0.16 5.2
0.0001042 -0.16 5.2
0.00010424 -0.16 5.2
0.00010428 -0.16 5.2
0.00010432 -0.16 5.6
0.00010436 -0.16 5.4
0.0001044 -0.16 5.4
0.00010444 -0.16 5.2
0.00010448 -0.16 5.2
0.00010452 -0.16 5.6
0.00010456 -0.16 5.2
0.0001046 -0.16 5.6
0.00010464 0 5.4
0.00010468 -0.16 5.4
0.00010472 0 5.6
0.00010476 0 5.4
0.0001048 0 5.4
0.00010484 0 5.2
0.00010488 0 5.6
0.00010492 0 5.6
0.00010496 0.08 5.6
0.000105 0 5.6
0.00010504 0.08 5.6
0.00010508 0.08 5.6
0.00010512 0.16 5.6
0.00010516 0.08 5.4
0.0001052 0.16 5.6
0.00010524 0.08 5.6
0.00010528 0.24 5.6
0.00010532 0.24 5.6
0.00010536 0.24 5.6
0.0001054 0.24 5.6
0.00010544 0.24 5.8
0.00010548 0.24 5.6
0.00010552 0.24 5.6
0.00010556 0.24 5.6
0.0001056 0.24 5.6
0.00010564 0.32 5.6
0.00010568 0.24 5.4
0.00010572 0.32 5.6
0.00010576 0.32 5.6
0.0001058 0.32 5.6
0.00010584 0.32 5.6
0.00010588 0.32 5.6
0.00010592 0.32 5.6
0.00010596 0.4 5.6
0.000106 0.32 5.6
0.00010604 0.4 5.6
0.00010608 0.4 5.4
0.00010612 0.4 5.6
0.00010616 0.4 5.6
0.0001062 0.48 5.6
0.00010624 0.4 5.4
0.00010628 0.4 5.4
0.00010632 0.56 5.6
0.00010636 0.48 5.2
0.0001064 0.56 5.4
0.00010644 0.56 5.4
0.00010648 0.56 5.2
0.00010652 0.56 5.4
0.00010656 0.56 5.2
0.0001066 0.56 5.2
0.00010664 0.56 5.2
0.00010668 0.56 5.2
0.00010672 0.56 5.2
0.00010676 0.56 5
0.0001068 0.64 5
0.00010684 0.64 5
0.00010688 0.64 5
0.00010692 0.56 4.8
0.00010696 0.64 5
0.000107 0.64 5
0.00010704 0.72 5
0.00010708 0.72 4.8
0.00010712 0.64 4.8
0.00010716 0.72 4.8
0.0001072 0.72 4.8
0.00010724 0.72 4.6
0.00010728 0.72 4.6
0.00010732 0.72 4.6
0.00010736 0.72 4.6
0.0001074 0.72 4.6
0.00010744 0.72 4.6
0.00010748 0.72 4.4
0.00010752 0.88 4.4
0.00010756 0.88 4.4
0.0001076 0.72 4.6
0.00010764 0.88 4.4
0.00010768 0.88 4.4
0.00010772 0.88 4.4
0.00010776 0.88 4.2
0.0001078 0.88 4.2
0.00010784 0.88 4.2
0.00010788 0.88 4
0.00010792 0.88 4.2
0.00010796 0.88 4
0.000108 0.88 4
0.00010804 0.88 4
0.00010808 0.88 4
0.00010812 0.88 4
0.00010816 0.88 3.8
0.0001082 0.96 3.8
0.00010824 0.88 3.6
0.00010828 0.88 3.8
0.00010832 0.96 3.6
0.00010836 0.96 3.6
0.0001084 0.96 3.4
0.00010844 0.96 3.6
0.00010848 0.96 3.4
0.00010852 0.96 3.4
0.00010856 0.96 3.2
0.0001086 0.96 3.4
0.00010864 0.96 3.2
0.00010868 1.04 3.2
0.00010872 0.96 3.2
0.00010876 0.96 3.2
0.0001088 0.96 3
0.00010884 1.04 3
0.00010888 0.96 3
0.00010892 1.04 2.8
0.00010896 0.96 2.8
0.000109 1.04 2.6
0.00010904 1.04 2.8
0.00010908 1.04 2.6
0.00010912 1.04 2.6
0.00010916 1.04 2.6
0.0001092 1.04 2.6
0.00010924 0.96 2.4
0.00010928 1.04 2.4
0.00010932 0.96 2.4
0.00010936 1.04 2.4
0.0001094 1.04 2.2
0.00010944 1.04 2
0.00010948 1.04 1.8
0.00010952 1.04 2
0.00010956 1.04 2
0.0001096 1.04 1.8
0.00010964 1.04 1.8
0.00010968 0.96 1.8
0.00010972 1.04 1.8
0.00010976 1.04 1.6
0.0001098 1.04 1.6
0.00010984 1.04 1.6
0.00010988 1.04 1.4
0.00010992 1.04 1.4
0.00010996 1.04 1.2
0.00011 1.04 1.2
0.00011004 1.04 1.2
0.00011008 1.04 1.2
0.00011012 1.04 1
0.00011016 1.04 1
0.0001102 1.04 1
0.00011024 1.04 0.8
0.00011028 1.04 0.8
0.00011032 1.04 0.6
0.00011036 1.04 0.8
0.0001104 1.04 0.8
0.00011044 1.04 0.6
0.00011048 1.04 0.4
0.00011052 1.04 0.4
0.00011056 1.04 0.2
0.0001106 1.04 0.2
0.00011064 1.04 0.2
0.00011068 1.04 0
0.00011072 1.04 0
0.00011076 1.04 0
0.0001108 1.04 0
0.00011084 1.04 0
0.00011088 1.04 -0.6
0.00011092 1.04 -0.4
0.00011096 1.04 -0.6
0.000111 1.04 -0.4
0.00011104 1.04 -0.6
0.00011108 1.04 -0.6
0.00011112 1.04 -0.6
0.00011116 1.04 -0.8
0.0001112 1.04 -0.8
0.00011124 1.04 -1
0.00011128 0.96 -0.8
0.00011132 1.04 -1
0.00011136 1.04 -1
0.0001114 1.04 -1.2
0.00011144 1.04 -1.4
0.00011148 0.96 -1.2
0.00011152 0.96 -1.2
0.00011156 0.96 -1.4
0.0001116 0.96 -1.6
0.00011164 0.96 -1.6
0.00011168 0.96 -1.6
0.00011172 0.96 -1.8
0.00011176 0.96 -1.8
0.0001118 0.96 -1.8
0.00011184 0.96 -2
0.00011188 0.88 -1.8
0.00011192 0.96 -2.2
0.00011196 0.96 -2
0.000112 0.96 -2.2
0.00011204 0.88 -2.2
0.00011208 0.88 -2.2
0.00011212 0.88 -2.4
0.00011216 0.88 -2.4
0.0001122 0.88 -2.4
0.00011224 0.88 -2.6
0.00011228 0.88 -2.6
0.00011232 0.88 -2.8
0.00011236 0.88 -2.6
0.0001124 0.88 -2.8
0.00011244 0.88 -2.6
0.00011248 0.88 -3
0.00011252 0.88 -3
0.00011256 0.88 -3
0.0001126 0.88 -3
0.00011264 0.8 -3
0.00011268 0.88 -3.4
0.00011272 0.88 -3.2
0.00011276 0.88 -3.2
0.0001128 0.72 -3.4
0.00011284 0.72 -3.4
0.00011288 0.72 -3.6
0.00011292 0.72 -3.4
0.00011296 0.72 -3.6
0.000113 0.72 -3.6
0.00011304 0.72 -3.6
0.00011308 0.72 -3.6
0.00011312 0.72 -3.8
0.00011316 0.72 -4
0.0001132 0.72 -3.8
0.00011324 0.72 -4
0.00011328 0.64 -3.8
0.00011332 0.64 -4
0.00011336 0.64 -4.2
0.0001134 0.64 -4.2
0.00011344 0.64 -4.2
0.00011348 0.64 -4.2
0.00011352 0.64 -4.4
0.00011356 0.64 -4.4
0.0001136 0.64 -4.4
0.00011364 0.56 -4.4
0.00011368 0.56 -4.6
0.00011372 0.56 -4.6
0.00011376 0.56 -4.6
0.0001138 0.56 -4.6
0.00011384 0.56 -4.8
0.00011388 0.56 -4.8
0.00011392 0.48 -4.8
0.00011396 0.48 -4.8
0.000114 0.48 -4.8
0.00011404 0.4 -5
0.00011408 0.4 -5
0.00011412 0.4 -5
0.00011416 0.4 -5
0.0001142 0.4 -5
0.00011424 0.4 -5
0.00011428 0.4 -5.2
0.00011432 0.4 -5
0.00011436 0.4 -5.2
0.0001144 0.4 -5.4
0.00011444 0.32 -5.4
0.00011448 0.32 -5.4
0.00011452 0.32 -5.4
0.00011456 0.32 -5.4
0.0001146 0.32 -5.4
0.00011464 0.24 -5.6
0.00011468 0.24 -5.6
0.00011472 0.24 -5.6
0.00011476 0.24 -5.6
0.0001148 0.32 -5.6
0.00011484 0.24 -5.6
0.00011488 0.24 -5.6
0.00011492 0.24 -5.8
0.00011496 0.24 -5.8
0.000115 0.24 -5.8
0.00011504 0.24 -5.8
0.00011508 0.24 -5.8
0.00011512 0.24 -6
0.00011516 0.16 -5.8
0.0001152 0.08 -5.8
0.00011524 0.08 -5.8
0.00011528 0.08 -5.8
0.00011532 0.08 -6.2
0.00011536 0.08 -5.8
0.0001154 0.08 -6.2
0.00011544 0 -5.8
0.00011548 0.08 -6
0.00011552 0 -6.2
0.00011556 0 -6.2
0.0001156 0 -6.2
0.00011564 0 -6.2
0.00011568 0 -6.2
0.00011572 -0.16 -6.2
0.00011576 -0.16 -6.2
0.0001158 0 -6.2
0.00011584 -0.16 -6.2
0.00011588 -0.16 -6.2
0.00011592 -0.16 -6
0.00011596 -0.16 -6.4
0.000116 -0.16 -6.4
0.00011604 -0.16 -6.4
0.00011608 -0.16 -6.2
0.00011612 -0.16 -6.2
0.00011616 -0.24 -6.4
0.0001162 -0.32 -6.4
0.00011624 -0.32 -6.4
0.00011628 -0.24 -6.4
0.00011632 -0.32 -6.2
0.00011636 -0.32 -6.4
0.0001164 -0.32 -6.6
0.00011644 -0.32 -6.4
0.00011648 -0.4 -6.4
0.00011652 -0.32 -6.2
0.00011656 -0.4 -6.4
0.0001166 -0.4 -6.2
0.00011664 -0.4 -6.4
0.00011668 -0.4 -6.2
0.00011672 -0.4 -6.4
0.00011676 -0.48 -6.4
0.0001168 -0.48 -6.2
0.00011684 -0.48 -6.4
0.00011688 -0.48 -6.2
0.00011692 -0.48 -6.4
0.00011696 -0.48 -6.2
0.000117 -0.48 -6.4
0.00011704 -0.48 -6.4
0.00011708 -0.48 -6.4
0.00011712 -0.56 -6.4
0.00011716 -0.48 -6.2
0.0001172 -0.48 -6.2
0.00011724 -0.48 -6.2
0.00011728 -0.64 -6.4
0.00011732 -0.64 -6.4
0.00011736 -0.64 -6
0.0001174 -0.64 -6.2
0.00011744 -0.64 -6
0.00011748 -0.64 -6.2
0.00011752 -0.64 -6
0.00011756 -0.64 -5.8
0.0001176 -0.64 -6.2
0.00011764 -0.72 -5.8
0.00011768 -0.64 -6.2
0.00011772 -0.72 -5.8
0.00011776 -0.72 -6
0.0001178 -0.72 -6.2
0.00011784 -0.72 -6
0.00011788 -0.8 -5.8
0.00011792 -0.8 -5.8
0.00011796 -0.8 -6
0.000118 -0.8 -5.8
0.00011804 -0.8 -5.8
0.00011808 -0.8 -5.8
0.00011812 -0.8 -5.6
0.00011816 -0.8 -5.8
0.0001182 -0.8 -5.6
0.00011824 -0.8 -5.8
0.00011828 -0.8 -5.4
0.00011832 -0.88 -5.6
0.00011836 -0.88 -5.6
0.0001184 -0.8 -5.6
0.00011844 -0.8 -5.4
0.00011848 -0.96 -5.4
0.00011852 -0.96 -5.6
0.00011856 -0.88 -5.4
0.0001186 -0.96 -5.4
0.00011864 -0.96 -5.2
0.00011868 -0.96 -5.4
0.00011872 -0.96 -5.2
0.00011876 -0.96 -5
0.0001188 -0.96 -5
0.00011884 -1.04 -5
0.00011888 -0.96 -5.2
0.00011892 -1.04 -5
0.00011896 -0.96 -4.8
0.000119 -1.04 -5
0.00011904 -1.04 -5
0.00011908 -1.04 -5
0.00011912 -1.04 -4.8
0.00011916 -1.04 -4.8
0.0001192 -1.04 -4.8
0.00011924 -1.04 -4.8
0.00011928 -1.12 -4.6
0.00011932 -1.12 -4.6
0.00011936 -1.12 -4.4
0.0001194 -1.04 -4.6
0.00011944 -1.12 -4.6
0.00011948 -1.12 -4.6
0.00011952 -1.12 -4.4
0.00011956 -1.12 -4.4
0.0001196 -1.12 -4.2
0.00011964 -1.12 -4.2
0.00011968 -1.12 -4.2
0.00011972 -1.12 -4
0.00011976 -1.12 -4
0.0001198 -1.12 -4
0.00011984 -1.12 -4
0.00011988 -1.12 -4
0.00011992 -1.12 -3.8
0.00011996 -1.12 -3.8
0.00012 -1.12 -3.6
0.00012004 -1.12 -3.6
0.00012008 -1.12 -3.6
0.00012012 -1.12 -3.8
0.00012016 -1.12 -3.6
0.0001202 -1.2 -3.4
0.00012024 -1.12 -3.4
0.00012028 -1.12 -3.2
0.00012032 -1.2 -3.4
0.00012036 -1.2 -3.2
0.0001204 -1.2 -3.2
0.00012044 -1.12 -3.2
0.00012048 -1.12 -3
0.00012052 -1.2 -3
0.00012056 -1.12 -2.8
0.0001206 -1.2 -3
0.00012064 -1.2 -2.8
0.00012068 -1.12 -2.8
0.00012072 -1.12 -2.6
0.00012076 -1.2 -2.6
0.0001208 -1.2 -2.6
0.00012084 -1.2 -2.6
0.00012088 -1.2 -2.4
0.00012092 -1.2 -2.4
0.00012096 -1.2 -2.2
0.000121 -1.28 -2.2
0.00012104 -1.28 -2.2
0.00012108 -1.28 -2.2
0.00012112 -1.12 -2
0.00012116 -1.2 -2
0.0001212 -1.28 -2
0.00012124 -1.28 -1.8
0.00012128 -1.2 -1.8
0.00012132 -1.28 -1.6
0.00012136 -1.28 -1.8
0.0001214 -1.2 -1.8
0.00012144 -1.28 -1.6
0.00012148 -1.28 -1.4
0.00012152 -1.2 -1.4
0.00012156 -1.28 -1.4
0.0001216 -1.2 -1.2
0.00012164 -1.2 -1.2
0.00012168 -1.2 -1
0.00012172 -1.2 -1
0.00012176 -1.28 -1.2
0.0001218 -1.2 -0.8
0.00012184 -1.12 -1
0.00012188 -1.12 -0.8
0.00012192 -1.2 -0.8
0.00012196 -1.2 -0.8
0.000122 -1.12 -0.6
0.00012204 -1.2 -0.6
0.00012208 -1.12 -0.4
0.00012212 -1.2 -0.4
0.00012216 -1.12 0
0.0001222 -1.12 0
0.00012224 -1.28 0
0.00012228 -1.2 0
0.00012232 -1.12 -0.4
0.00012236 -1.12 0.2
0.0001224 -1.2 0
0.00012244 -1.12 0.2
0.00012248 -1.12 0.2
0.00012252 -1.12 0.2
0.00012256 -1.12 0.6
0.0001226 -1.12 0.4
0.00012264 -1.12 0.6
0.00012268 -1.12 0.4
0.00012272 -1.12 0.8
0.00012276 -1.12 0.8
0.0001228 -1.12 0.8
0.00012284 -1.12 0.8
0.00012288 -1.12 1
0.00012292 -1.12 1
0.00012296 -1.12 1
0.000123 -1.12 1.2
0.00012304 -1.12 1.2
0.00012308 -1.12 1.2
0.00012312 -1.12 1.4
0.00012316 -1.12 1.2
0.0001232 -1.12 1.6
0.00012324 -1.12 1.6
0.00012328 -1.12 1.6
0.00012332 -1.04 1.8
0.00012336 -1.04 1.6
0.0001234 -1.04 1.8
0.00012344 -1.04 2
0.00012348 -1.04 1.8
0.00012352 -0.96 2
0.00012356 -1.04 2
0.0001236 -1.04 2.2
0.00012364 -0.96 2
0.00012368 -1.04 2.2
0.00012372 -0.96 2.4
0.00012376 -0.96 2.4
0.0001238 -0.96 2.4
0.00012384 -0.96 2.4
0.00012388 -0.96 2.4
0.00012392 -0.96 2.4
0.00012396 -0.96 2.6
0.000124 -0.96 2.6
0.00012404 -0.96 2.8
0.00012408 -0.96 2.8
0.00012412 -0.8 2.8
0.00012416 -0.8 3
0.0001242 -0.8 2.8
0.00012424 -0.8 3
0.00012428 -0.8 2.8
0.00012432 -0.8 3.2
0.00012436 -0.8 3.2
0.0001244 -0.8 3.2
0.00012444 -0.8 3.2
0.00012448 -0.8 3.2
0.00012452 -0.8 3.4
0.00012456 -0.72 3.4
0.0001246 -0.72 3.4
0.00012464 -0.8 3.4
0.00012468 -0.8 3.4
0.00012472 -0.72 3.6
0.00012476 -0.8 3.6
0.0001248 -0.72 3.6
0.00012484 -0.72 3.8
0.00012488 -0.72 3.8
0.00012492 -0.72 3.8
0.00012496 -0.64 3.8
0.000125 -0.64 4
0.00012504 -0.72 4
0.00012508 -0.64 4
0.00012512 -0.64 4
0.00012516 -0.64 4
0.0001252 -0.64 4.2
0.00012524 -0.64 4.2
0.00012528 -0.56 4.2
0.00012532 -0.64 4.2
0.00012536 -0.56 4.2
0.0001254 -0.48 4.4
0.00012544 -0.48 4.4
0.00012548 -0.48 4.2
0.00012552 -0.48 4.4
0.00012556 -0.48 4.6
0.0001256 -0.48 4.6
0.00012564 -0.48 4.6
0.00012568 -0.4 4.4
0.00012572 -0.48 4.8
0.00012576 -0.4 4.6
0.0001258 -0.48 4.6
0.00012584 -0.4 4.6
0.00012588 -0.4 4.8
0.00012592 -0.4 5
0.00012596 -0.4 4.8
0.000126 -0.4 4.8
0.00012604 -0.32 5
0.00012608 -0.4 5
0.00012612 -0.32 5.2
0.00012616 -0.32 5
0.0001262 -0.32 5
0.00012624 -0.32 5
0.00012628 -0.32 5
0.00012632 -0.32 5.2
0.00012636 -0.32 5
0.0001264 -0.24 5.2
0.00012644 -0.16 5.2
0.00012648 -0.24 5.2
0.00012652 -0.24 5.4
0.00012656 -0.16 5.4
0.0001266 -0.16 5.4
0.00012664 -0.16 5.4
0.00012668 -0.16 5.4
0.00012672 -0.16 5.2
0.00012676 -0.16 5.2
0.0001268 -0.16 5.6
0.00012684 -0.16 5.4
0.00012688 0 5.4
0.00012692 0 5.4
0.00012696 0 5.6
0.000127 0 5.6
0.00012704 0 5.4
0.00012708 0.08 5.4
0.00012712 0.08 5.4
0.00012716 0.08 5.6
0.0001272 0 5.6
0.00012724 0.08 5.6
0.00012728 0.08 5.6
0.00012732 0.08 5.4
0.00012736 0.08 5.6
0.0001274 0.08 5.6
0.00012744 0.16 5.6
0.00012748 0.24 5.6
0.00012752 0.16 5.6
0.00012756 0.24 5.6
0.0001276 0.24 5.6
0.00012764 0.24 5.6
0.00012768 0.24 5.6
0.00012772 0.24 5.6
0.00012776 0.24 5.6
0.0001278 0.24 5.6
0.00012784 0.24 5.4
0.00012788 0.32 5.6
0.00012792 0.32 5.6
0.00012796 0.32 5.4
0.000128 0.24 5.4
0.00012804 0.32 5.6
0.00012808 0.32 5.6
0.00012812 0.32 5.6
0.00012816 0.32 5.4
0.0001282 0.4 5.6
0.00012824 0.4 5.6
0.00012828 0.4 5.6
0.00012832 0.4 5.6
0.00012836 0.4 5.4
0.0001284 0.4 5.4
0.00012844 0.4 5.4
0.00012848 0.4 5.6
0.00012852 0.4 5.4
0.00012856 0.4 5.4
0.0001286 0.48 5.2
0.00012864 0.56 5.2
0.00012868 0.56 5.4
0.00012872 0.56 5.4
0.00012876 0.56 5.4
0.0001288 0.56 5.4
0.00012884 0.56 5.2
0.00012888 0.56 5.2
0.00012892 0.64 5.2
0.00012896 0.56 5.2
0.000129 0.56 5.2
0.00012904 0.64 5.2
0.00012908 0.64 5
0.00012912 0.64 5.2
0.00012916 0.64 5
0.0001292 0.64 4.8
0.00012924 0.64 4.8
0.00012928 0.72 4.8
0.00012932 0.64 5
0.00012936 0.64 5
0.0001294 0.72 5
0.00012944 0.72 4.8
0.00012948 0.72 4.8
0.00012952 0.72 4.6
0.00012956 0.72 4.6
0.0001296 0.72 4.6
0.00012964 0.72 4.8
0.00012968 0.72 4.4
0.00012972 0.8 4.4
0.00012976 0.72 4.4
0.0001298 0.88 4.2
0.00012984 0.88 4.4
0.00012988 0.88 4.4
0.00012992 0.8 4.2
0.00012996 0.88 4.2
0.00013 0.88 4.2
0.00013004 0.88 4.2
0.00013008 0.88 4.2
0.00013012 0.88 4
0.00013016 0.88 4
0.0001302 0.88 4.2
0.00013024 0.88 4
0.00013028 0.88 4
0.00013032 0.88 3.8
0.00013036 0.88 4
0.0001304 0.88 3.8
0.00013044 0.96 3.6
0.00013048 0.88 3.6
0.00013052 0.88 3.6
0.00013056 0.96 3.6
0.0001306 0.96 3.4
0.00013064 0.88 3.4
0.00013068 0.96 3.4
0.00013072 0.96 3.4
0.00013076 0.96 3.4
0.0001308 0.96 3.2
0.00013084 0.96 3.2
0.00013088 0.96 3.2
0.00013092 0.96 3.2
0.00013096 0.96 3.2
0.000131 0.96 3
0.00013104 0.96 3
0.00013108 0.96 2.8
0.00013112 0.96 3
0.00013116 0.96 2.8
0.0001312 0.96 2.6
0.00013124 1.04 2.6
0.00013128 1.04 2.8
0.00013132 0.96 2.6
0.00013136 1.04 2.6
0.0001314 1.04 2.4
0.00013144 1.04 2.4
0.00013148 1.04 2.4
0.00013152 1.04 2.4
0.00013156 1.04 2.4
0.0001316 1.04 2.2
0.00013164 1.04 2.2
0.00013168 1.04 2
0.00013172 1.04 2
0.00013176 1.04 2
0.0001318 1.04 2
0.00013184 1.04 1.8
0.00013188 1.04 1.8
0.00013192 1.04 1.6
0.00013196 1.04 1.8
0.000132 1.04 1.6
0.00013204 1.04 1.6
0.00013208 1.04 1.4
0.00013212 1.04 1.6
0.00013216 1.04 1.6
0.0001322 1.12 1.6
0.00013224 1.04 1.2
0.00013228 1.12 1.2
0.00013232 1.12 1
0.00013236 1.04 1
0.0001324 1.04 1
0.00013244 1.04 0.8
0.00013248 1.04 0.8
0.00013252 1.04 0.8
0.00013256 1.04 0.6
0.0001326 1.04 0.6
0.00013264 1.04 0.4
0.00013268 1.04 0.4
0.00013272 1.04 0.4
0.00013276 1.04 0.4
0.0001328 1.04 0.2
0.00013284 1.12 0.4
0.00013288 1.04 0.2
0.00013292 1.04 0.2
0.00013296 1.04 0
0.000133 1.04 0
0.00013304 1.04 0
0.00013308 1.04 -0.4
0.00013312 1.04 -0.4
0.00013316 1.04 -0.4
0.0001332 1.04 -0.6
0.00013324 1.04 -0.6
0.00013328 1.04 -0.6
0.00013332 1.04 -0.6
0.00013336 1.04 -0.8
0.0001334 1.04 -0.6
0.00013344 1.04 -1
0.00013348 1.04 -1
0.00013352 1.04 -1
0.00013356 0.96 -1
0.0001336 1.04 -1
0.00013364 0.96 -1
0.00013368 1.04 -1.2
0.00013372 1.04 -1.4
0.00013376 1.04 -1.4
0.0001338 0.96 -1.4
0.00013384 0.96 -1.4
0.00013388 0.96 -1.6
0.00013392 0.96 -1.6
0.00013396 0.96 -1.4
0.000134 1.04 -1.8
0.00013404 1.04 -1.8
0.00013408 0.88 -2
0.00013412 0.96 -2
0.00013416 0.96 -2
0.0001342 0.88 -2.2
0.00013424 0.96 -2.4
0.00013428 0.96 -2.4
0.00013432 0.96 -2.2
0.00013436 0.96 -2.4
0.0001344 0.88 -2.4
0.00013444 0.96 -2.4
0.00013448 0.88 -2.6
0.00013452 0.88 -2.6
0.00013456 0.88 -2.6
0.0001346 0.88 -2.6
0.00013464 0.88 -2.8
0.00013468 0.88 -3
0.00013472 0.88 -2.8
0.00013476 0.88 -3
0.0001348 0.8 -3.2
0.00013484 0.88 -3
0.00013488 0.8 -3
0.00013492 0.8 -3.2
0.00013496 0.8 -3.4
0.000135 0.8 -3.4
0.00013504 0.8 -3.4
0.00013508 0.88 -3.4
0.00013512 0.8 -3.4
0.00013516 0.72 -3.8
0.0001352 0.72 -3.4
0.00013524 0.72 -3.8
0.00013528 0.72 -3.8
0.00013532 0.72 -3.8
0.00013536 0.72 -3.8
0.0001354 0.64 -3.8
0.00013544 0.72 -4
0.00013548 0.64 -4
0.00013552 0.72 -4
0.00013556 0.64 -4.2
0.0001356 0.64 -4.2
0.00013564 0.64 -4.2
0.00013568 0.56 -4.2
0.00013572 0.56 -4.2
0.00013576 0.56 -4.2
0.0001358 0.56 -4.6
0.00013584 0.56 -4.6
0.00013588 0.64 -4.4
0.00013592 0.56 -4.4
0.00013596 0.56 -4.6
0.000136 0.56 -4.8
0.00013604 0.56 -4.6
0.00013608 0.48 -4.6
0.00013612 0.56 -4.6
0.00013616 0.56 -4.8
0.0001362 0.4 -4.8
0.00013624 0.48 -4.8
0.00013628 0.48 -5
0.00013632 0.48 -5
0.00013636 0.4 -5
0.0001364 0.48 -5
0.00013644 0.4 -5
0.00013648 0.4 -5.2
0.00013652 0.4 -5.2
0.00013656 0.32 -5.4
0.0001366 0.4 -5.2
0.00013664 0.32 -5.4
0.00013668 0.32 -5.4
0.00013672 0.32 -5.4
0.00013676 0.32 -5.6
0.0001368 0.32 -5.4
0.00013684 0.32 -5.6
0.00013688 0.32 -5.6
0.00013692 0.24 -5.6
0.00013696 0.24 -5.6
0.000137 0.24 -5.6
0.00013704 0.24 -5.8
0.00013708 0.24 -5.8
0.00013712 0.24 -5.8
0.00013716 0.24 -5.6
0.0001372 0.24 -5.8
0.00013724 0.24 -5.8
0.00013728 0.16 -5.8
0.00013732 0.08 -6
0.00013736 0.24 -5.8
0.0001374 0.24 -5.8
0.00013744 0.08 -6
0.00013748 0.16 -6
0.00013752 0.08 -6
0.00013756 0.08 -6
0.0001376 0.08 -6.2
0.00013764 0.08 -6
0.00013768 0 -6.2
0.00013772 0 -6
0.00013776 0 -6.2
0.0001378 0 -6.2
0.00013784 0 -6.2
0.00013788 0 -6
0.00013792 0 -6
0.00013796 0 -6.4
0.000138 -0.16 -6.4
0.00013804 -0.16 -6.2
0.00013808 -0.16 -6.2
0.00013812 -0.16 -6.2
0.00013816 -0.16 -6.4
0.0001382 -0.16 -6.4
0.00013824 -0.16 -6.4
0.00013828 -0.16 -6.2
0.00013832 -0.16 -6.4
0.00013836 -0.32 -6.4
0.0001384 -0.32 -6.2
0.00013844 -0.32 -6.4
0.00013848 -0.32 -6.4
0.00013852 -0.32 -6.6
0.00013856 -0.32 -6.4
0.0001386 -0.32 -6.4
0.00013864 -0.32 -6.4
0.00013868 -0.32 -6.4
0.00013872 -0.32 -6.4
0.00013876 -0.4 -6.2
0.0001388 -0.4 -6.2
0.00013884 -0.4 -6.4
0.00013888 -0.4 -6.4
0.00013892 -0.48 -6.4
0.00013896 -0.4 -6.2
0.000139 -0.48 -6.4
0.00013904 -0.48 -6.4
0.00013908 -0.48 -6.2
0.00013912 -0.48 -6.2
0.00013916 -0.48 -6.2
0.0001392 -0.48 -6.4
0.00013924 -0.48 -6.4
0.00013928 -0.48 -6.2
0.00013932 -0.56 -6.4
0.00013936 -0.56 -6.2
0.0001394 -0.56 -6.4
0.00013944 -0.56 -6.2
0.00013948 -0.64 -6.2
0.00013952 -0.64 -6.2
0.00013956 -0.64 -6.2
0.0001396 -0.64 -6.2
0.00013964 -0.64 -6.2
0.00013968 -0.64 -6.2
0.00013972 -0.64 -6
0.00013976 -0.64 -6.2
0.0001398 -0.64 -6.2
0.00013984 -0.64 -5.8
0.00013988 -0.72 -6
0.00013992 -0.64 -6.2
0.00013996 -0.72 -6
0.00014 -0.72 -5.8
0.00014004 -0.72 -5.8
0.00014008 -0.72 -5.8
0.00014012 -0.72 -6
0.00014016 -0.8 -5.8
0.0001402 -0.8 -5.8
0.00014024 -0.72 -5.8
0.00014028 -0.8 -5.8
0.00014032 -0.8 -5.8
0.00014036 -0.8 -5.8
0.0001404 -0.8 -5.8
0.00014044 -0.8 -5.8
0.00014048 -0.8 -5.6
0.00014052 -0.8 -5.6
0.00014056 -0.8 -5.6
0.0001406 -0.88 -5.6
0.00014064 -0.88 -5.6
0.00014068 -0.88 -5.6
0.00014072 -0.88 -5.4
0.00014076 -0.8 -5.4
0.0001408 -0.96 -5.4
0.00014084 -0.96 -5.4
0.00014088 -0.96 -5.2
0.00014092 -0.96 -5.4
0.00014096 -0.96 -5.4
0.000141 -0.96 -5.2
0.00014104 -0.96 -5
0.00014108 -1.04 -5
0.00014112 -1.04 -5
0.00014116 -1.04 -5
0.0001412 -1.04 -5
0.00014124 -1.04 -5
0.00014128 -1.04 -4.8
0.00014132 -1.04 -4.8
0.00014136 -1.04 -5
0.0001414 -1.04 -4.8
0.00014144 -1.04 -4.8
0.00014148 -1.04 -4.8
0.00014152 -1.04 -4.6
0.00014156 -1.12 -4.6
0.0001416 -1.04 -4.4
0.00014164 -1.12 -4.4
0.00014168 -1.12 -4.4
0.00014172 -1.12 -4.4
0.00014176 -1.12 -4.4
0.0001418 -1.12 -4.2
0.00014184 -1.12 -4.2
0.00014188 -1.12 -4.2
0.00014192 -1.12 -4.2
0.00014196 -1.12 -4
0.000142 -1.12 -4
0.00014204 -1.12 -4.2
0.00014208 -1.12 -4
0.00014212 -1.12 -3.8
0.00014216 -1.12 -3.8
0.0001422 -1.12 -3.8
0.00014224 -1.12 -3.8
0.00014228 -1.12 -3.6
0.00014232 -1.12 -3.6
0.00014236 -1.12 -3.6
0.0001424 -1.2 -3.4
0.00014244 -1.12 -3.4
0.00014248 -1.2 -3.4
0.00014252 -1.2 -3.4
0.00014256 -1.12 -3.2
0.0001426 -1.12 -3.4
0.00014264 -1.2 -3.2
0.00014268 -1.12 -3.2
0.00014272 -1.2 -3
0.00014276 -1.2 -3
0.0001428 -1.12 -3
0.00014284 -1.28 -2.8
0.00014288 -1.12 -2.8
0.00014292 -1.12 -2.6
0.00014296 -1.28 -2.8
0.000143 -1.28 -2.6
0.00014304 -1.28 -2.4
0.00014308 -1.2 -2.4
0.00014312 -1.2 -2.4
0.00014316 -1.28 -2.4
0.0001432 -1.28 -2.4
0.00014324 -1.12 -2.2
0.00014328 -1.2 -2.2
0.00014332 -1.2 -2
0.00014336 -1.2 -2
0.0001434 -1.28 -1.8
0.00014344 -1.12 -1.8
0.00014348 -1.28 -1.8
0.00014352 -1.2 -2
0.00014356 -1.28 -1.6
0.0001436 -1.28 -1.6
0.00014364 -1.2 -1.6
0.00014368 -1.28 -1.6
0.00014372 -1.2 -1.4
0.00014376 -1.12 -1.4
0.0001438 -1.28 -1.2
0.00014384 -1.2 -1.4
0.00014388 -1.2 -1.2
0.00014392 -1.12 -1
0.00014396 -1.12 -1
0.000144 -1.12 -1
0.00014404 -1.12 -1
0.00014408 -1.12 -0.8
0.00014412 -1.2 -0.8
0.00014416 -1.12 -0.6
0.0001442 -1.2 -0.8
0.00014424 -1.2 -0.6
0.00014428 -1.2 -0.6
0.00014432 -1.12 -0.4
0.00014436 -1.12 0
0.0001444 -1.12 0
0.00014444 -1.12 0
0.00014448 -1.12 0
0.00014452 -1.2 0
0.00014456 -1.12 0
0.0001446 -1.12 0.2
0.00014464 -1.12 0.4
0.00014468 -1.12 0.2
0.00014472 -1.12 0.2
0.00014476 -1.12 0.4
0.0001448 -1.12 0.4
0.00014484 -1.12 0.6
0.00014488 -1.12 0.6
0.00014492 -1.12 0.8
0.00014496 -1.12 0.8
0.000145 -1.12 0.8
0.00014504 -1.12 1
0.00014508 -1.12 0.8
0.00014512 -1.12 1
0.00014516 -1.12 1
0.0001452 -1.12 1.2
0.00014524 -1.12 1.2
0.00014528 -1.04 1.2
0.00014532 -1.12 1.4
0.00014536 -1.12 1.4
0.0001454 -1.12 1.6
0.00014544 -1.12 1.4
0.00014548 -1.12 1.6
0.00014552 -1.12 1.6
0.00014556 -1.12 1.8
0.0001456 -1.12 1.8
0.00014564 -1.04 1.8
0.00014568 -0.96 2
0.00014572 -1.04 2
0.00014576 -1.04 2
0.0001458 -1.04 2
0.00014584 -1.04 2
0.00014588 -0.96 2.2
0.00014592 -1.04 2.2
0.00014596 -0.96 2.4
0.000146 -0.96 2.2
0.00014604 -0.96 2.6
0.00014608 -0.96 2.6
0.00014612 -0.96 2.6
0.00014616 -0.96 2.6
0.0001462 -0.96 2.6
0.00014624 -0.88 2.8
0.00014628 -0.96 2.8
0.00014632 -0.96 2.8
0.00014636 -0.88 2.8
0.0001464 -0.88 3
0.00014644 -0.96 3.2
0.00014648 -0.88 3
0.00014652 -0.8 3.2
0.00014656 -0.8 3.2
0.0001466 -0.8 3.2
0.00014664 -0.8 3.4
0.00014668 -0.8 3.4
0.00014672 -0.8 3.4
0.00014676 -0.8 3.4
0.0001468 -0.8 3.6
0.00014684 -0.8 3.4
0.00014688 -0.8 3.6
0.00014692 -0.72 3.6
0.00014696 -0.72 3.6
0.000147 -0.72 3.6
0.00014704 -0.72 3.6
0.00014708 -0.72 3.8
0.00014712 -0.72 3.8
0.00014716 -0.64 4
0.0001472 -0.64 4
0.00014724 -0.64 4
0.00014728 -0.64 4
0.00014732 -0.64 4
0.00014736 -0.64 4.2
0.0001474 -0.64 4.2
0.00014744 -0.64 4.2
0.00014748 -0.64 4.4
0.00014752 -0.56 4.2
0.00014756 -0.56 4.2
0.0001476 -0.48 4.2
0.00014764 -0.56 4.4
0.00014768 -0.48 4.4
0.00014772 -0.48 4.6
0.00014776 -0.48 4.4
0.0001478 -0.48 4.6
0.00014784 -0.48 4.8
0.00014788 -0.48 4.6
0.00014792 -0.48 4.6
0.00014796 -0.48 4.6
0.000148 -0.4 4.6
0.00014804 -0.4 4.8
0.00014808 -0.4 4.8
0.00014812 -0.4 4.8
0.00014816 -0.4 5
0.0001482 -0.4 5
0.00014824 -0.4 5
0.00014828 -0.32 5
0.00014832 -0.32 5
0.00014836 -0.32 5
0.0001484 -0.32 5
0.00014844 -0.32 5
0.00014848 -0.32 5
0.00014852 -0.32 5
0.00014856 -0.32 5.2
0.0001486 -0.24 5
0.00014864 -0.16 5.2
0.00014868 -0.16 5
0.00014872 -0.16 5.2
0.00014876 -0.16 5.2
0.0001488 -0.16 5.4
0.00014884 -0.16 5.2
0.00014888 -0.16 5.4
0.00014892 -0.16 5.2
0.00014896 -0.16 5.4
0.000149 -0.16 5.4
0.00014904 -0.16 5.2
0.00014908 -0.16 5.4
0.00014912 0 5.4
0.00014916 0 5.4
0.0001492 0 5.2
0.00014924 0 5.6
0.00014928 0.08 5.6
0.00014932 0.08 5.4
0.00014936 0 5.6
0.0001494 0 5.6
0.00014944 0.08 5.6
0.00014948 0.08 5.6
0.00014952 0.08 5.6
0.00014956 0.08 5.6
0.0001496 0.08 5.6
0.00014964 0.08 5.6
0.00014968 0.08 5.4
0.00014972 0.24 5.6
0.00014976 0.24 5.4
0.0001498 0.24 5.6
0.00014984 0.24 5.8
0.00014988 0.24 5.6
0.00014992 0.24 5.6
0.00014996 0.24 5.6
0.00015 0.24 5.6
0.00015004 0.24 5.6
0.00015008 0.24 5.6
0.00015012 0.32 5.6
0.00015016 0.32 5.4
0.0001502 0.32 5.6
0.00015024 0.32 5.4
0.00015028 0.32 5.6
0.00015032 0.32 5.6
0.00015036 0.4 5.6
0.0001504 0.32 5.6
0.00015044 0.4 5.4
0.00015048 0.4 5.4
0.00015052 0.4 5.6
0.00015056 0.4 5.6
0.0001506 0.4 5.2
0.00015064 0.4 5.4
0.00015068 0.48 5.6
0.00015072 0.4 5.6
0.00015076 0.4 5.4
0.0001508 0.56 5.2
0.00015084 0.48 5.2
0.00015088 0.56 5.4
0.00015092 0.56 5.2
0.00015096 0.56 5.4
0.000151 0.56 5.2
0.00015104 0.56 5.2
0.00015108 0.56 5.2
0.00015112 0.56 5.2
0.00015116 0.64 5.2
0.0001512 0.56 5.2
0.00015124 0.64 5.2
0.00015128 0.56 5
0.00015132 0.64 5
0.00015136 0.56 5
0.0001514 0.64 5
0.00015144 0.64 5.2
0.00015148 0.64 4.8
0.00015152 0.64 4.8
0.00015156 0.72 4.8
0.0001516 0.72 4.8
0.00015164 0.64 4.8
0.00015168 0.64 4.8
0.00015172 0.72 4.8
0.00015176 0.72 4.6
0.0001518 0.72 4.8
0.00015184 0.72 4.4
0.00015188 0.72 4.4
0.00015192 0.8 4.4
0.00015196 0.88 4.6
0.000152 0.88 4.4
0.00015204 0.72 4.2
0.00015208 0.88 4.4
0.00015212 0.88 4.4
0.00015216 0.8 4.4
0.0001522 0.8 4.2
0.00015224 0.88 4.2
0.00015228 0.88 4.2
0.00015232 0.88 4.2
0.00015236 0.88 4
0.0001524 0.88 4
0.00015244 0.88 4
0.00015248 0.88 4
0.00015252 0.88 4
0.00015256 0.88 4
0.0001526 0.88 3.8
0.00015264 0.88 3.8
0.00015268 0.88 4
0.00015272 0.88 3.6
0.00015276 0.88 3.6
0.0001528 0.96 3.6
0.00015284 0.88 3.6
0.00015288 0.96 3.6
0.00015292 0.96 3.4
0.00015296 0.96 3.4
0.000153 0.96 3.2
0.00015304 0.96 3.2
0.00015308 0.96 3.2
0.00015312 0.96 3.2
0.00015316 0.96 3
0.0001532 0.96 3.2
0.00015324 0.96 3.2
0.00015328 0.96 2.8
0.00015332 0.96 2.8
0.00015336 0.96 3
0.0001534 0.96 3
0.00015344 1.04 2.8
0.00015348 0.96 2.6
0.00015352 1.04 2.6
0.00015356 0.96 2.8
0.0001536 1.04 2.6
0.00015364 1.04 2.4
0.00015368 1.04 2.4
0.00015372 1.04 2.4
0.00015376 1.04 2.4
0.0001538 1.04 2.4
0.00015384 1.04 2
0.00015388 1.04 2
0.00015392 1.04 2.2
0.00015396 1.04 2.2
0.000154 1.04 2
0.00015404 1.04 1.8
0.00015408 1.04 1.8
0.00015412 1.04 1.8
0.00015416 1.04 1.6
0.0001542 1.04 1.6
0.00015424 1.04 1.6
0.00015428 1.04 1.4
0.00015432 1.04 1.2
0.00015436 1.04 1.4
0.0001544 1.04 1.4
0.00015444 1.04 1.2
0.00015448 1.04 1.2
0.00015452 0.96 1
0.00015456 1.04 1.2
0.0001546 1.04 1
0.00015464 1.12 1
0.00015468 1.04 0.8
0.00015472 1.04 0.8
0.00015476 1.04 0.8
0.0001548 1.04 0.8
0.00015484 1.04 0.8
0.00015488 1.04 0.4
0.00015492 1.04 0.4
0.00015496 1.04 0.4
0.000155 1.04 0.4
0.00015504 1.04 0.4
0.00015508 1.04 0.2
0.00015512 1.04 0.2
0.00015516 1.04 0
0.0001552 1.04 0
0.00015524 0.96 0
0.00015528 1.04 -0.4
0.00015532 1.04 0
0.00015536 1.04 -0.6
0.0001554 0.96 -0.4
0.00015544 1.04 -0.6
0.00015548 1.04 -0.6
0.00015552 1.04 -0.8
0.00015556 1.04 -0.6
0.0001556 1.04 -0.8
0.00015564 1.04 -0.8
0.00015568 1.04 -1
0.00015572 1.04 -0.8
0.00015576 1.04 -1
0.0001558 1.04 -1
0.00015584 1.04 -1.2
0.00015588 0.96 -1.2
0.00015592 0.96 -1.4
0.00015596 0.96 -1.4
0.000156 1.04 -1.4
0.00015604 1.04 -1.6
0.00015608 0.96 -1.6
0.00015612 0.96 -1.6
0.00015616 1.04 -1.6
0.0001562 0.96 -1.8
0.00015624 0.96 -1.8
0.00015628 0.96 -1.8
0.00015632 0.96 -2
0.00015636 0.96 -1.8
0.0001564 0.88 -2
0.00015644 0.88 -2.2
0.00015648 0.96 -2.2
0.00015652 0.88 -2.4
0.00015656 0.88 -2.4
0.0001566 0.96 -2.4
0.00015664 0.88 -2.4
0.00015668 0.88 -2.6
0.00015672 0.88 -2.6
0.00015676 0.88 -2.6
0.0001568 0.96 -2.6
0.00015684 0.88 -2.8
0.00015688 0.88 -2.8
0.00015692 0.88 -2.8
0.00015696 0.88 -3
0.000157 0.88 -3
0.00015704 0.88 -3.2
0.00015708 0.88 -3.2
0.00015712 0.88 -3.2
0.00015716 0.88 -3.2
0.0001572 0.72 -3.4
0.00015724 0.8 -3.4
0.00015728 0.72 -3.4
0.00015732 0.8 -3.4
0.00015736 0.72 -3.4
0.0001574 0.72 -3.6
0.00015744 0.72 -3.8
0.00015748 0.72 -3.6
0.00015752 0.72 -3.8
0.00015756 0.72 -3.6
0.0001576 0.72 -4
0.00015764 0.64 -4
0.00015768 0.72 -4
0.00015772 0.64 -4
0.00015776 0.64 -4.2
0.0001578 0.64 -4.2
0.00015784 0.64 -4
0.00015788 0.64 -4
0.00015792 0.64 -4.2
0.00015796 0.56 -4.2
0.000158 0.64 -4.6
0.00015804 0.56 -4.2
0.00015808 0.56 -4.4
0.00015812 0.64 -4.4
0.00015816 0.56 -4.6
0.0001582 0.56 -4.8
0.00015824 0.56 -4.6
0.00015828 0.56 -4.8
0.00015832 0.56 -4.8
0.00015836 0.56 -4.8
0.0001584 0.56 -4.8
0.00015844 0.48 -4.8
0.00015848 0.4 -5
0.00015852 0.4 -5
0.00015856 0.4 -5
0.0001586 0.48 -5.2
0.00015864 0.4 -5
0.00015868 0.4 -5
0.00015872 0.4 -5.2
0.00015876 0.4 -5
0.0001588 0.4 -5.2
0.00015884 0.32 -5.4
0.00015888 0.32 -5.2
0.00015892 0.4 -5.4
0.00015896 0.32 -5.4
0.000159 0.32 -5.4
0.00015904 0.32 -5.6
0.00015908 0.32 -5.4
0.00015912 0.32 -5.4
0.00015916 0.24 -5.6
0.0001592 0.24 -5.8
0.00015924 0.24 -5.6
0.00015928 0.24 -5.8
0.00015932 0.24 -5.8
0.00015936 0.24 -5.8
0.0001594 0.24 -5.8
0.00015944 0.24 -5.6
0.00015948 0.16 -5.8
0.00015952 0.16 -5.8
0.00015956 0.16 -5.8
0.0001596 0.08 -6
0.00015964 0.08 -5.6
0.00015968 0.08 -6
0.00015972 0.08 -6
0.00015976 0.08 -6
0.0001598 0.08 -6
0.00015984 0.08 -5.8
0.00015988 0.08 -6.2
0.00015992 0 -6.2
0.00015996 0 -6
