0 0.96 3.2
4e-07 0.96 3.2
8e-07 1.04 3.2
1.2e-06 1.04 3.4
1.6e-06 1.2 3.4
2e-06 1.2 3.4
2.4e-06 1.28 3.4
2.8e-06 1.36 3.4
3.2e-06 1.44 3.6
3.6e-06 1.52 3.6
4e-06 1.52 3.8
4.4e-06 1.6 3.6
4.8e-06 1.6 3.8
5.2e-06 1.68 3.6
5.6e-06 1.76 4
6e-06 1.84 4
6.4e-06 1.92 4
6.8e-06 1.92 3.8
7.2e-06 2 4
7.6e-06 2.08 4
8e-06 2.16 4.2
8.4e-06 2.16 4.2
8.8e-06 2.24 4.2
9.2e-06 2.24 4.2
9.6e-06 2.32 4.4
1e-05 2.4 4.2
1.04e-05 2.48 4.4
1.08e-05 2.48 4.6
1.12e-05 2.56 4.4
1.16e-05 2.64 4.4
1.2e-05 2.64 4.4
1.24e-05 2.72 4.6
1.28e-05 2.8 4.6
1.32e-05 2.8 4.8
1.36e-05 2.88 4.6
1.4e-05 2.88 4.8
1.44e-05 2.96 5
1.48e-05 2.96 4.8
1.52e-05 3.04 4.8
1.56e-05 3.12 4.8
1.6e-05 3.2 5
1.64e-05 3.2 5
1.68e-05 3.28 4.8
1.72e-05 3.36 4.8
1.76e-05 3.36 5
1.8e-05 3.44 5
1.84e-05 3.44 5
1.88e-05 3.52 5
1.92e-05 3.52 5
1.96e-05 3.6 5
2e-05 3.6 5.2
2.04e-05 3.6 5
2.08e-05 3.76 5.2
2.12e-05 3.76 5.2
2.16e-05 3.76 5.2
2.2e-05 3.76 5.2
2.24e-05 3.92 5.2
2.28e-05 3.92 5.2
2.32e-05 3.92 5.2
2.36e-05 3.92 5.4
2.4e-05 4.08 5.2
2.44e-05 4.08 5.2
2.48e-05 4.08 5.2
2.52e-05 4.08 5.2
2.56e-05 4.16 5.4
2.6e-05 4.16 5.4
2.64e-05 4.16 5.2
2.68e-05 4.24 5.2
2.72e-05 4.24 5.2
2.76e-05 4.32 5.6
2.8e-05 4.4 5.2
2.84e-05 4.4 5.4
2.88e-05 4.4 5.2
2.92e-05 4.4 5.4
2.96e-05 4.4 5.4
3e-05 4.4 5.2
3.04e-05 4.56 5.4
3.08e-05 4.48 5.4
3.12e-05 4.56 5.4
3.16e-05 4.56 5.4
3.2e-05 4.56 5.2
3.24e-05 4.64 5.2
3.28e-05 4.72 5.2
3.32e-05 4.64 5.2
3.36e-05 4.72 5.4
3.4e-05 4.72 5.2
3.44e-05 4.72 5.2
3.48e-05 4.72 5.2
3.52e-05 4.72 5.2
3.56e-05 4.8 5.2
3.6e-05 4.8 5.4
3.64e-05 4.8 5
3.68e-05 4.8 5
3.72e-05 4.8 5
3.76e-05 4.8 5.2
3.8e-05 4.8 5.2
3.84e-05 4.88 5.2
3.88e-05 4.88 5
3.92e-05 4.88 5
3.96e-05 4.88 5
4e-05 4.88 5
4.04e-05 4.88 5
4.08e-05 4.88 4.8
4.12e-05 4.88 4.8
4.16e-05 4.88 4.8
4.2e-05 4.88 5
4.24e-05 4.88 4.8
4.28e-05 4.88 4.8
4.32e-05 4.96 4.8
4.36e-05 4.88 4.8
4.4e-05 4.96 4.8
4.44e-05 4.88 4.6
4.48e-05 4.88 4.6
4.52e-05 4.88 4.6
4.56e-05 4.96 4.6
4.6e-05 4.88 4.4
4.64e-05 4.88 4.4
4.68e-05 4.88 4.4
4.72e-05 4.88 4.4
4.76e-05 4.88 4.4
4.8e-05 4.88 4.2
4.84e-05 4.88 4.2
4.88e-05 4.88 4.2
4.92e-05 4.8 4
4.96e-05 4.8 4
5e-05 4.88 4
5.04e-05 4.8 4
5.08e-05 4.72 4
5.12e-05 4.72 4
5.16e-05 4.72 4
5.2e-05 4.8 4
5.24e-05 4.72 3.8
5.28e-05 4.72 3.8
5.32e-05 4.72 3.8
5.36e-05 4.72 3.8
5.4e-05 4.72 3.6
5.44e-05 4.64 3.6
5.48e-05 4.56 3.4
5.52e-05 4.56 3.4
5.56e-05 4.56 3.6
5.6e-05 4.56 3.4
5.64e-05 4.48 3.2
5.68e-05 4.56 3.2
5.72e-05 4.48 3.2
5.76e-05 4.48 3.2
5.8e-05 4.48 3.2
5.84e-05 4.4 3
5.88e-05 4.32 3.2
5.92e-05 4.24 2.8
5.96e-05 4.24 2.8
6e-05 4.24 2.8
6.04e-05 4.16 2.8
6.08e-05 4.24 2.6
6.12e-05 4.16 2.6
6.16e-05 4.08 2.6
6.2e-05 4.08 2.4
6.24e-05 4.08 2.4
6.28e-05 4.08 2.4
6.32e-05 4.08 2.4
6.36e-05 4 2.4
6.4e-05 3.92 2.2
6.44e-05 3.92 2
6.48e-05 3.84 2
6.52e-05 3.76 2
6.56e-05 3.76 2
6.6e-05 3.76 1.8
6.64e-05 3.68 1.6
6.68e-05 3.6 1.8
6.72e-05 3.6 1.6
6.76e-05 3.6 1.4
6.8e-05 3.52 1.6
6.84e-05 3.44 1.6
6.88e-05 3.44 1.6
6.92e-05 3.44 1.2
6.96e-05 3.36 1.2
7e-05 3.28 1.2
7.04e-05 3.28 1.2
7.08e-05 3.2 1
7.12e-05 3.2 1
7.16e-05 3.12 1
7.2e-05 3.12 0.8
7.24e-05 2.96 0.8
7.28e-05 2.96 0.8
7.32e-05 2.88 0.6
7.36e-05 2.88 0.8
7.4e-05 2.8 0.4
7.44e-05 2.8 0.2
7.48e-05 2.72 0.4
7.52e-05 2.64 0.4
7.56e-05 2.56 0.2
7.6e-05 2.56 0
7.64e-05 2.48 0
7.68e-05 2.48 0.2
7.72e-05 2.4 0
7.76e-05 2.32 -0.4
7.8e-05 2.32 -0.4
7.84e-05 2.24 -0.4
7.88e-05 2.16 -0.4
7.92e-05 2.08 -0.8
7.96e-05 2 -0.6
8e-05 2 -0.6
8.04e-05 1.92 -0.6
8.08e-05 1.92 -0.8
8.12e-05 1.84 -0.8
8.16e-05 1.76 -1
8.2e-05 1.68 -1
8.24e-05 1.68 -1.2
8.28e-05 1.6 -1
8.32e-05 1.52 -1.2
8.36e-05 1.52 -1.2
8.4e-05 1.36 -1.4
8.44e-05 1.36 -1.6
8.48e-05 1.36 -1.6
8.52e-05 1.28 -1.6
8.56e-05 1.2 -1.6
8.6e-05 1.04 -1.8
8.64e-05 1.04 -1.8
8.68e-05 1.04 -1.8
8.72e-05 0.96 -2
8.76e-05 0.88 -2.2
8.8e-05 0.88 -2.2
8.84e-05 0.8 -2
8.88e-05 0.72 -2.4
8.92e-05 0.64 -2.4
8.96e-05 0.56 -2.4
9e-05 0.56 -2.4
9.04e-05 0.4 -2.4
9.08e-05 0.4 -2.6
9.12e-05 0.32 -2.6
9.16e-05 0.24 -2.6
9.2e-05 0.24 -2.6
9.24e-05 0.16 -3
9.28e-05 0.08 -3
9.32e-05 0 -3
9.36e-05 0 -3
9.4e-05 -0.16 -3.2
9.44e-05 -0.32 -3.2
9.48e-05 -0.32 -3.2
9.52e-05 -0.32 -3.2
9.56e-05 -0.4 -3.2
9.6e-05 -0.48 -3.4
9.64e-05 -0.48 -3.4
9.68e-05 -0.64 -3.4
9.72e-05 -0.64 -3.6
9.76e-05 -0.72 -3.8
9.8e-05 -0.8 -3.6
9.84e-05 -0.8 -3.8
9.88e-05 -0.96 -3.8
9.92e-05 -0.96 -4
9.96e-05 -1.12 -4.2
0.0001 -1.12 -4
0.0001004 -1.2 -4
0.0001008 -1.2 -4.2
0.0001012 -1.36 -4.2
0.0001016 -1.36 -4.4
0.000102 -1.36 -4.2
0.0001024 -1.44 -4.4
0.0001028 -1.44 -4.2
0.0001032 -1.6 -4.4
0.0001036 -1.68 -4.4
0.000104 -1.68 -4.6
0.0001044 -1.76 -4.6
0.0001048 -1.84 -4.6
0.0001052 -1.92 -4.6
0.0001056 -1.92 -4.8
0.000106 -2 -4.8
0.0001064 -2.08 -4.8
0.0001068 -2.08 -4.8
0.0001072 -2.24 -4.8
0.0001076 -2.24 -5
0.000108 -2.32 -5.2
0.0001084 -2.4 -4.8
0.0001088 -2.4 -5
0.0001092 -2.4 -5.2
0.0001096 -2.48 -5.2
0.00011 -2.56 -5
0.0001104 -2.64 -5.2
0.0001108 -2.72 -5.4
0.0001112 -2.72 -5.4
0.0001116 -2.72 -5.2
0.000112 -2.88 -5.4
0.0001124 -2.88 -5.4
0.0001128 -2.88 -5.4
0.0001132 -3.04 -5.6
0.0001136 -3.04 -5.4
0.000114 -3.04 -5.6
0.0001144 -3.2 -5.6
0.0001148 -3.2 -5.6
0.0001152 -3.28 -5.6
0.0001156 -3.28 -5.6
0.000116 -3.28 -5.8
0.0001164 -3.36 -5.6
0.0001168 -3.36 -5.8
0.0001172 -3.52 -5.8
0.0001176 -3.6 -6
0.000118 -3.6 -5.8
0.0001184 -3.68 -5.8
0.0001188 -3.68 -5.8
0.0001192 -3.68 -5.8
0.0001196 -3.68 -5.8
0.00012 -3.84 -5.8
0.0001204 -3.84 -5.8
0.0001208 -3.92 -6
0.0001212 -3.92 -6
0.0001216 -4 -6
0.000122 -3.92 -6
0.0001224 -4 -6
0.0001228 -4.08 -6
0.0001232 -4.16 -6
0.0001236 -4.16 -6
0.000124 -4.16 -6
0.0001244 -4.16 -6.2
0.0001248 -4.24 -6.2
0.0001252 -4.24 -6
0.0001256 -4.32 -6.2
0.000126 -4.32 -6.2
0.0001264 -4.4 -6.2
0.0001268 -4.48 -6
0.0001272 -4.48 -6.2
0.0001276 -4.48 -6.2
0.000128 -4.48 -6
0.0001284 -4.56 -6.2
0.0001288 -4.56 -6.2
0.0001292 -4.56 -6
0.0001296 -4.64 -6.2
0.00013 -4.64 -6.2
0.0001304 -4.64 -6.2
0.0001308 -4.64 -6.2
0.0001312 -4.64 -6.2
0.0001316 -4.8 -6.2
0.000132 -4.8 -6.2
0.0001324 -4.8 -6
0.0001328 -4.8 -6.2
0.0001332 -4.88 -6
0.0001336 -4.88 -6.2
0.000134 -4.88 -6.2
0.0001344 -4.88 -6
0.0001348 -4.96 -5.8
0.0001352 -4.96 -6.2
0.0001356 -4.96 -5.8
0.000136 -4.96 -6
0.0001364 -4.96 -6
0.0001368 -4.96 -6
0.0001372 -4.96 -6
0.0001376 -4.96 -5.8
0.000138 -4.96 -5.8
0.0001384 -5.12 -5.8
0.0001388 -4.96 -5.8
0.0001392 -4.96 -5.8
0.0001396 -4.96 -5.8
0.00014 -4.96 -5.8
0.0001404 -5.04 -5.8
0.0001408 -5.12 -5.8
0.0001412 -5.12 -5.6
0.0001416 -5.12 -5.6
0.000142 -5.12 -5.8
0.0001424 -5.12 -5.6
0.0001428 -5.12 -5.6
0.0001432 -5.12 -5.4
0.0001436 -5.12 -5.6
0.000144 -5.12 -5.6
0.0001444 -5.12 -5.4
0.0001448 -5.12 -5.4
0.0001452 -5.12 -5.4
0.0001456 -5.04 -5.4
0.000146 -5.12 -5.4
0.0001464 -5.12 -5.4
0.0001468 -5.12 -5.4
0.0001472 -5.12 -5.2
0.0001476 -5.12 -5
0.000148 -5.12 -5
0.0001484 -5.04 -5.2
0.0001488 -4.96 -5.2
0.0001492 -4.96 -5
0.0001496 -4.96 -4.8
0.00015 -4.96 -5
0.0001504 -4.96 -4.8
0.0001508 -4.96 -5
0.0001512 -4.96 -4.8
0.0001516 -4.96 -4.8
0.000152 -4.88 -4.6
0.0001524 -4.88 -4.8
0.0001528 -4.88 -4.6
0.0001532 -4.96 -4.6
0.0001536 -4.88 -4.6
0.000154 -4.8 -4.4
0.0001544 -4.88 -4.4
0.0001548 -4.8 -4.2
0.0001552 -4.72 -4.2
0.0001556 -4.8 -4.2
0.000156 -4.64 -4.2
0.0001564 -4.64 -4
0.0001568 -4.64 -4.2
0.0001572 -4.64 -4
0.0001576 -4.56 -4
0.000158 -4.56 -4
0.0001584 -4.56 -4
0.0001588 -4.48 -3.8
0.0001592 -4.56 -3.6
0.0001596 -4.48 -3.6
0.00016 -4.48 -3.6
0.0001604 -4.4 -3.6
0.0001608 -4.32 -3.6
0.0001612 -4.32 -3.4
0.0001616 -4.32 -3.4
0.000162 -4.32 -3.4
0.0001624 -4.24 -3.2
0.0001628 -4.24 -3.2
0.0001632 -4.16 -3.2
0.0001636 -4.16 -3.2
0.000164 -4.08 -3.2
0.0001644 -4 -2.8
0.0001648 -4 -2.8
0.0001652 -4 -3
0.0001656 -3.92 -2.8
0.000166 -3.84 -2.6
0.0001664 -3.84 -2.4
0.0001668 -3.76 -2.6
0.0001672 -3.76 -2.6
0.0001676 -3.76 -2.4
0.000168 -3.68 -2.4
0.0001684 -3.68 -2.4
0.0001688 -3.6 -2.4
0.0001692 -3.52 -2.2
0.0001696 -3.6 -2
0.00017 -3.52 -2
0.0001704 -3.52 -2
0.0001708 -3.36 -1.8
0.0001712 -3.36 -1.8
0.0001716 -3.28 -1.8
0.000172 -3.2 -1.6
0.0001724 -3.2 -1.6
0.0001728 -3.12 -1.4
0.0001732 -3.04 -1.4
0.0001736 -3.04 -1.4
0.000174 -2.96 -1.4
0.0001744 -2.88 -1
0.0001748 -2.88 -1
0.0001752 -2.88 -1.2
0.0001756 -2.72 -1
0.000176 -2.72 -0.8
0.0001764 -2.64 -0.8
0.0001768 -2.64 -1
0.0001772 -2.56 -0.8
0.0001776 -2.48 -0.6
0.000178 -2.4 -0.6
0.0001784 -2.4 -0.6
0.0001788 -2.4 -0.6
0.0001792 -2.32 0
0.0001796 -2.24 0
0.00018 -2.16 0
0.0001804 -2.08 0
0.0001808 -2.08 0
0.0001812 -2 0.2
0.0001816 -1.92 0.2
0.000182 -1.92 0.2
0.0001824 -1.76 0.2
0.0001828 -1.76 0.4
0.0001832 -1.68 0.4
0.0001836 -1.68 0.4
0.000184 -1.6 0.6
0.0001844 -1.52 0.8
0.0001848 -1.44 0.8
0.0001852 -1.44 0.8
0.0001856 -1.36 0.8
0.000186 -1.28 1
0.0001864 -1.28 1
0.0001868 -1.2 1
0.0001872 -1.12 1
0.0001876 -1.04 1.2
0.000188 -1.04 1.4
0.0001884 -0.96 1.2
0.0001888 -0.96 1.4
0.0001892 -0.8 1.4
0.0001896 -0.8 1.6
0.00019 -0.72 1.6
0.0001904 -0.64 1.8
0.0001908 -0.64 1.8
0.0001912 -0.48 2
0.0001916 -0.48 1.8
0.000192 -0.4 2
0.0001924 -0.32 2
0.0001928 -0.24 2.2
0.0001932 -0.16 2
0.0001936 -0.16 2.2
0.000194 0 2.4
0.0001944 0.08 2.4
0.0001948 0.16 2.4
0.0001952 0.24 2.4
0.0001956 0.32 2.4
0.000196 0.32 2.6
0.0001964 0.4 2.6
0.0001968 0.4 2.6
0.0001972 0.48 2.6
0.0001976 0.56 2.8
0.000198 0.64 2.8
0.0001984 0.72 2.8
0.0001988 0.72 3
0.0001992 0.88 3.2
0.0001996 0.88 3.2
0.0002 0.96 3.2
0.0002004 1.04 3.2
0.0002008 1.04 3.2
0.0002012 1.12 3.4
0.0002016 1.2 3.4
0.000202 1.28 3.6
0.0002024 1.36 3.4
0.0002028 1.36 3.4
0.0002032 1.44 3.6
0.0002036 1.52 3.8
0.000204 1.52 3.6
0.0002044 1.6 4
0.0002048 1.6 3.8
0.0002052 1.68 3.8
0.0002056 1.76 4
0.000206 1.84 4
0.0002064 1.92 4
0.0002068 1.92 4
0.0002072 2 4
0.0002076 2.16 4.2
0.000208 2.16 4
0.0002084 2.16 4.2
0.0002088 2.24 4.2
0.0002092 2.24 4.4
0.0002096 2.32 4.4
0.00021 2.4 4.4
0.0002104 2.48 4.4
0.0002108 2.48 4.4
0.0002112 2.56 4.4
0.0002116 2.56 4.4
0.000212 2.64 4.6
0.0002124 2.8 4.6
0.0002128 2.8 4.6
0.0002132 2.8 4.4
0.0002136 2.88 4.8
0.000214 2.88 4.8
0.0002144 2.96 4.8
0.0002148 3.04 4.8
0.0002152 3.12 4.8
0.0002156 3.12 4.8
0.000216 3.2 4.8
0.0002164 3.2 5
0.0002168 3.28 4.8
0.0002172 3.28 5
0.0002176 3.36 5
0.000218 3.44 5
0.0002184 3.44 5
0.0002188 3.44 5
0.0002192 3.52 5
0.0002196 3.52 5.2
0.00022 3.6 5.2
0.0002204 3.68 5
0.0002208 3.68 5.2
0.0002212 3.76 5
0.0002216 3.76 5
0.000222 3.76 5.2
0.0002224 3.84 5.2
0.0002228 3.92 5.2
0.0002232 3.92 5.2
0.0002236 3.92 5.4
0.000224 4 5.4
0.0002244 4.08 5.4
0.0002248 4.08 5.2
0.0002252 4.08 5.4
0.0002256 4.16 5.4
0.000226 4.16 5.4
0.0002264 4.24 5.2
0.0002268 4.24 5.4
0.0002272 4.24 5.6
0.0002276 4.32 5.4
0.000228 4.4 5.2
0.0002284 4.4 5.4
0.0002288 4.4 5.6
0.0002292 4.48 5.4
0.0002296 4.4 5.6
0.00023 4.48 5.4
0.0002304 4.56 5.2
0.0002308 4.48 5.4
0.0002312 4.56 5.2
0.0002316 4.56 5.4
0.000232 4.56 5.4
0.0002324 4.56 5.2
0.0002328 4.72 5.2
0.0002332 4.72 5.2
0.0002336 4.72 5.4
0.000234 4.72 5.4
0.0002344 4.72 5
0.0002348 4.72 5.2
0.0002352 4.72 5.4
0.0002356 4.72 5.4
0.000236 4.8 5
0.0002364 4.8 5.2
0.0002368 4.8 5.2
0.0002372 4.8 5.2
0.0002376 4.8 5
0.000238 4.8 5.2
0.0002384 4.88 5
0.0002388 4.88 5.2
0.0002392 4.88 5
0.0002396 4.88 5
0.00024 4.88 5
0.0002404 4.88 5
0.0002408 4.88 5
0.0002412 4.88 4.8
0.0002416 4.88 4.8
0.000242 4.88 5
0.0002424 4.88 4.8
0.0002428 4.96 4.6
0.0002432 4.88 4.8
0.0002436 4.96 4.8
0.000244 4.88 4.8
0.0002444 4.88 4.4
0.0002448 4.96 4.6
0.0002452 4.88 4.8
0.0002456 4.88 4.6
0.000246 4.88 4.4
0.0002464 4.88 4.4
0.0002468 4.88 4.4
0.0002472 4.88 4.4
0.0002476 4.88 4.2
0.000248 4.88 4.2
0.0002484 4.88 4.2
0.0002488 4.8 4.2
0.0002492 4.8 4
0.0002496 4.88 4
0.00025 4.8 4
0.0002504 4.8 4.2
0.0002508 4.8 4
0.0002512 4.72 4
0.0002516 4.72 4
0.000252 4.8 4
0.0002524 4.72 3.8
0.0002528 4.72 3.6
0.0002532 4.72 3.6
0.0002536 4.72 3.6
0.000254 4.72 3.6
0.0002544 4.72 3.4
0.0002548 4.64 3.6
0.0002552 4.64 3.6
0.0002556 4.56 3.6
0.000256 4.56 3.2
0.0002564 4.56 3.2
0.0002568 4.48 3.4
0.0002572 4.48 3.2
0.0002576 4.48 3.2
0.000258 4.4 3
0.0002584 4.4 3.2
0.0002588 4.4 3
0.0002592 4.4 2.8
0.0002596 4.32 2.8
0.00026 4.24 2.8
0.0002604 4.24 2.8
0.0002608 4.16 2.6
0.0002612 4.16 2.6
0.0002616 4.08 2.6
0.000262 4.16 2.4
0.0002624 4.08 2.4
0.0002628 4.08 2.4
0.0002632 4 2.4
0.0002636 4 2.4
0.000264 3.92 2.4
0.0002644 3.92 2
0.0002648 3.84 2
0.0002652 3.84 2.2
0.0002656 3.76 2
0.000266 3.76 1.8
0.0002664 3.76 1.8
0.0002668 3.76 1.8
0.0002672 3.6 1.6
0.0002676 3.6 1.4
0.000268 3.52 1.4
0.0002684 3.52 1.6
0.0002688 3.44 1.4
0.0002692 3.44 1.4
0.0002696 3.28 1.2
0.00027 3.28 1.2
0.0002704 3.28 1.2
0.0002708 3.2 1
0.0002712 3.12 1
0.0002716 3.12 1
0.000272 3.04 0.8
0.0002724 3.04 0.8
0.0002728 2.96 0.8
0.0002732 2.96 0.6
0.0002736 2.88 0.8
0.000274 2.8 0.6
0.0002744 2.8 0.2
0.0002748 2.72 0.4
0.0002752 2.64 0.2
0.0002756 2.56 0.2
0.000276 2.48 0
0.0002764 2.48 0.2
0.0002768 2.48 0
0.0002772 2.4 -0.4
0.0002776 2.32 0
0.000278 2.32 -0.4
0.0002784 2.24 -0.4
0.0002788 2.16 -0.4
0.0002792 2.16 -0.6
0.0002796 2.16 -0.8
0.00028 2 -0.6
0.0002804 1.92 -0.8
0.0002808 1.92 -1
0.0002812 1.92 -1
0.0002816 1.84 -1
0.000282 1.68 -1
0.0002824 1.68 -1
0.0002828 1.6 -1.2
0.0002832 1.52 -1.2
0.0002836 1.52 -1.4
0.000284 1.44 -1.4
0.0002844 1.36 -1.6
0.0002848 1.28 -1.6
0.0002852 1.2 -1.6
0.0002856 1.2 -1.8
0.000286 1.2 -1.6
0.0002864 1.12 -1.8
0.0002868 1.04 -1.8
0.0002872 0.96 -2
0.0002876 0.88 -2
0.000288 0.88 -2
0.0002884 0.72 -2.2
0.0002888 0.72 -2.2
0.0002892 0.64 -2.4
0.0002896 0.64 -2.4
0.00029 0.56 -2.4
0.0002904 0.48 -2.6
0.0002908 0.4 -2.6
0.0002912 0.32 -2.6
0.0002916 0.32 -2.6
0.000292 0.24 -2.6
0.0002924 0.24 -3
0.0002928 0.08 -3
0.0002932 0 -2.8
0.0002936 -0.16 -3
0.000294 -0.16 -3.2
0.0002944 -0.24 -3
0.0002948 -0.32 -3.2
0.0002952 -0.32 -3.2
0.0002956 -0.4 -3.4
0.000296 -0.48 -3.4
0.0002964 -0.56 -3.4
0.0002968 -0.64 -3.8
0.0002972 -0.72 -3.6
0.0002976 -0.72 -3.6
0.000298 -0.8 -3.8
0.0002984 -0.88 -3.8
0.0002988 -0.96 -3.8
0.0002992 -1.04 -3.8
0.0002996 -1.04 -4
0.0003 -1.12 -4
0.0003004 -1.2 -4.2
0.0003008 -1.28 -4
0.0003012 -1.36 -4
0.0003016 -1.36 -4.2
0.000302 -1.44 -4.4
0.0003024 -1.44 -4.4
0.0003028 -1.6 -4.4
0.0003032 -1.52 -4.4
0.0003036 -1.68 -4.4
0.000304 -1.68 -4.4
0.0003044 -1.76 -4.6
0.0003048 -1.76 -4.6
0.0003052 -1.92 -4.6
0.0003056 -1.92 -4.6
0.000306 -2 -4.8
0.0003064 -2 -4.6
0.0003068 -2.08 -4.8
0.0003072 -2.24 -5
0.0003076 -2.24 -4.8
0.000308 -2.24 -4.8
0.0003084 -2.32 -5
0.0003088 -2.4 -5
0.0003092 -2.48 -5
0.0003096 -2.56 -5.2
0.00031 -2.56 -5.2
0.0003104 -2.64 -5.4
0.0003108 -2.64 -5.4
0.0003112 -2.72 -5.2
0.0003116 -2.72 -5.4
0.000312 -2.8 -5.6
0.0003124 -2.96 -5.4
0.0003128 -2.96 -5.4
0.0003132 -3.04 -5.4
0.0003136 -3.04 -5.4
0.000314 -3.12 -5.6
0.0003144 -3.12 -5.6
0.0003148 -3.2 -5.6
0.0003152 -3.28 -5.6
0.0003156 -3.28 -5.8
0.000316 -3.36 -5.6
0.0003164 -3.36 -5.8
0.0003168 -3.36 -5.8
0.0003172 -3.52 -5.8
0.0003176 -3.52 -5.8
0.000318 -3.6 -5.8
0.0003184 -3.6 -5.8
0.0003188 -3.68 -5.8
0.0003192 -3.68 -5.8
0.0003196 -3.84 -5.8
0.00032 -3.84 -5.8
0.0003204 -3.84 -6
0.0003208 -3.92 -5.8
0.0003212 -3.92 -5.8
0.0003216 -3.92 -5.8
0.000322 -4 -6.2
0.0003224 -4 -6
0.0003228 -4 -5.8
0.0003232 -4.08 -6
0.0003236 -4.16 -6.2
0.000324 -4.16 -6.2
0.0003244 -4.24 -6.2
0.0003248 -4.24 -6
0.0003252 -4.24 -6.4
0.0003256 -4.32 -6.4
0.000326 -4.32 -6.2
0.0003264 -4.32 -6
0.0003268 -4.48 -6.2
0.0003272 -4.4 -6.2
0.0003276 -4.48 -6
0.000328 -4.56 -6.2
0.0003284 -4.56 -6.2
0.0003288 -4.56 -6.2
0.0003292 -4.56 -6
0.0003296 -4.64 -6.2
0.00033 -4.64 -6.2
0.0003304 -4.64 -6
0.0003308 -4.72 -6
0.0003312 -4.72 -6.2
0.0003316 -4.8 -6.2
0.000332 -4.8 -6.2
0.0003324 -4.8 -6
0.0003328 -4.8 -6
0.0003332 -4.88 -5.8
0.0003336 -4.88 -6
0.000334 -4.96 -6.2
0.0003344 -4.88 -6
0.0003348 -4.88 -6
0.0003352 -4.96 -6.2
0.0003356 -4.96 -6
0.000336 -4.96 -5.8
0.0003364 -4.88 -5.8
0.0003368 -4.96 -6
0.0003372 -4.96 -6
0.0003376 -4.96 -6
0.000338 -4.96 -5.8
0.0003384 -4.96 -6
0.0003388 -4.96 -5.8
0.0003392 -5.12 -5.8
0.0003396 -5.12 -5.8
0.00034 -5.12 -5.8
0.0003404 -5.12 -5.8
0.0003408 -4.96 -5.8
0.0003412 -5.04 -5.6
0.0003416 -5.12 -5.8
0.000342 -5.12 -5.8
0.0003424 -5.12 -5.6
0.0003428 -5.04 -5.6
0.0003432 -5.12 -5.6
0.0003436 -5.12 -5.6
0.000344 -5.12 -5.6
0.0003444 -5.12 -5.4
0.0003448 -5.12 -5.4
0.0003452 -5.12 -5.4
0.0003456 -5.12 -5.4
0.000346 -5.12 -5.4
0.0003464 -5.12 -5.4
0.0003468 -5.12 -5.4
0.0003472 -5.12 -5.2
0.0003476 -4.96 -5.2
0.000348 -5.04 -5
0.0003484 -4.96 -5
0.0003488 -5.04 -5
0.0003492 -4.96 -5
0.0003496 -4.96 -5
0.00035 -4.96 -4.8
0.0003504 -4.96 -4.8
0.0003508 -4.96 -4.8
0.0003512 -4.88 -4.8
0.0003516 -4.88 -4.8
0.000352 -4.88 -4.8
0.0003524 -4.96 -4.6
0.0003528 -4.88 -4.4
0.0003532 -4.88 -4.6
0.0003536 -4.88 -4.6
0.000354 -4.88 -4.4
0.0003544 -4.8 -4.2
0.0003548 -4.8 -4.4
0.0003552 -4.8 -4.4
0.0003556 -4.8 -4.2
0.000356 -4.8 -4.2
0.0003564 -4.64 -4.2
0.0003568 -4.64 -4.2
0.0003572 -4.64 -4
0.0003576 -4.64 -4
0.000358 -4.64 -3.8
0.0003584 -4.56 -3.8
0.0003588 -4.48 -3.8
0.0003592 -4.48 -3.6
0.0003596 -4.48 -3.8
0.00036 -4.48 -3.8
0.0003604 -4.4 -3.6
0.0003608 -4.4 -3.6
0.0003612 -4.32 -3.4
0.0003616 -4.32 -3.4
0.000362 -4.24 -3.4
0.0003624 -4.24 -3.2
0.0003628 -4.24 -3.2
0.0003632 -4.16 -3.2
0.0003636 -4.16 -3.2
0.000364 -4.16 -3
0.0003644 -4 -3
0.0003648 -4 -2.8
0.0003652 -4 -2.8
0.0003656 -4 -2.6
0.000366 -3.84 -2.6
0.0003664 -3.84 -2.6
0.0003668 -3.76 -2.6
0.0003672 -3.76 -2.4
0.0003676 -3.68 -2.4
0.000368 -3.68 -2.2
0.0003684 -3.68 -2.4
0.0003688 -3.6 -2.2
0.0003692 -3.6 -2.2
0.0003696 -3.52 -2
0.00037 -3.52 -2.2
0.0003704 -3.44 -2
0.0003708 -3.36 -1.8
0.0003712 -3.28 -1.8
0.0003716 -3.28 -1.8
0.000372 -3.2 -1.6
0.0003724 -3.2 -1.4
0.0003728 -3.12 -1.6
0.0003732 -3.04 -1.4
0.0003736 -3.04 -1.4
0.000374 -2.96 -1.4
0.0003744 -2.96 -1.2
0.0003748 -2.88 -1.2
0.0003752 -2.88 -1
0.0003756 -2.8 -1
0.000376 -2.72 -0.8
0.0003764 -2.72 -1
0.0003768 -2.56 -0.8
0.0003772 -2.56 -0.6
0.0003776 -2.48 -0.8
0.000378 -2.4 -0.6
0.0003784 -2.4 -0.6
0.0003788 -2.32 -0.6
0.0003792 -2.24 -0.4
0.0003796 -2.24 0
0.00038 -2.24 0
0.0003804 -2.16 0
0.0003808 -2.08 0
0.0003812 -2 0
0.0003816 -2 0
0.000382 -1.92 0.2
0.0003824 -1.92 0.4
0.0003828 -1.76 0.2
0.0003832 -1.76 0.4
0.0003836 -1.6 0.6
0.000384 -1.68 0.8
0.0003844 -1.6 0.6
0.0003848 -1.44 0.8
0.0003852 -1.44 1
0.0003856 -1.36 0.8
0.000386 -1.28 0.8
0.0003864 -1.28 1
0.0003868 -1.12 1.2
0.0003872 -1.12 1.2
0.0003876 -1.04 1.2
0.000388 -1.04 1.2
0.0003884 -0.96 1.4
0.0003888 -0.88 1.4
0.0003892 -0.8 1.6
0.0003896 -0.8 1.6
0.00039 -0.64 1.6
0.0003904 -0.64 1.6
0.0003908 -0.48 1.8
0.0003912 -0.48 1.8
0.0003916 -0.48 1.8
0.000392 -0.4 2
0.0003924 -0.32 2
0.0003928 -0.32 2
0.0003932 -0.16 2.2
0.0003936 0 2.2
0.000394 0 2.4
0.0003944 0.08 2.2
0.0003948 0.16 2.4
0.0003952 0.16 2.6
0.0003956 0.24 2.6
0.000396 0.32 2.6
0.0003964 0.4 2.6
0.0003968 0.4 2.8
0.0003972 0.56 2.8
0.0003976 0.56 2.8
0.000398 0.56 2.8
0.0003984 0.72 3
0.0003988 0.8 3
0.0003992 0.88 3
0.0003996 0.88 3.2
0.0004 0.88 3.2
0.0004004 0.96 3.2
0.0004008 1.04 3.2
0.0004012 1.12 3.2
0.0004016 1.2 3.2
0.000402 1.28 3.4
0.0004024 1.28 3.6
0.0004028 1.36 3.4
0.0004032 1.52 3.4
0.0004036 1.52 3.6
0.000404 1.52 3.8
0.0004044 1.6 3.6
0.0004048 1.68 3.8
0.0004052 1.68 4
0.0004056 1.76 4
0.000406 1.84 3.8
0.0004064 1.92 4
0.0004068 1.92 4.2
0.0004072 2 4.2
0.0004076 2.08 4.2
0.000408 2.16 4.2
0.0004084 2.16 4.2
0.0004088 2.24 4.2
0.0004092 2.24 4.2
0.0004096 2.32 4.2
0.00041 2.4 4.2
0.0004104 2.48 4.4
0.0004108 2.48 4.4
0.0004112 2.56 4.4
0.0004116 2.56 4.6
0.000412 2.72 4.6
0.0004124 2.64 4.6
0.0004128 2.8 4.6
0.0004132 2.8 4.4
0.0004136 2.8 4.8
0.000414 2.96 4.8
0.0004144 2.96 4.6
0.0004148 2.96 4.8
0.0004152 3.12 5
0.0004156 3.12 5
0.000416 3.12 4.8
0.0004164 3.28 4.8
0.0004168 3.28 5.2
0.0004172 3.28 5
0.0004176 3.36 5
0.000418 3.44 5.2
0.0004184 3.44 5
0.0004188 3.52 5
0.0004192 3.52 5
0.0004196 3.52 5.2
0.00042 3.6 5
0.0004204 3.68 5.2
0.0004208 3.76 5.2
0.0004212 3.76 5.2
0.0004216 3.76 5
0.000422 3.84 5.2
0.0004224 3.92 5.2
0.0004228 3.84 5.2
0.0004232 3.92 5.2
0.0004236 3.92 5.2
0.000424 4.08 5.4
0.0004244 4.08 5
0.0004248 4.08 5.2
0.0004252 4.08 5.6
0.0004256 4.16 5.4
0.000426 4.16 5.2
0.0004264 4.24 5.4
0.0004268 4.24 5.6
0.0004272 4.24 5.4
0.0004276 4.24 5.4
0.000428 4.4 5.4
0.0004284 4.4 5.4
0.0004288 4.4 5.4
0.0004292 4.48 5.4
0.0004296 4.48 5.4
0.00043 4.48 5.4
0.0004304 4.56 5.4
0.0004308 4.56 5.4
0.0004312 4.56 5.4
0.0004316 4.56 5.2
0.000432 4.56 5.4
0.0004324 4.72 5.4
0.0004328 4.72 5.2
0.0004332 4.72 5.2
0.0004336 4.72 5.4
0.000434 4.72 5.2
0.0004344 4.72 5.2
0.0004348 4.72 5.2
0.0004352 4.8 5.4
0.0004356 4.72 5.4
0.000436 4.88 5.2
0.0004364 4.8 5
0.0004368 4.8 5.2
0.0004372 4.88 5.2
0.0004376 4.8 5
0.000438 4.88 5
0.0004384 4.8 5
0.0004388 4.88 5
0.0004392 4.8 5
0.0004396 4.88 5
0.00044 4.88 5.2
0.0004404 4.88 5
0.0004408 4.88 5
0.0004412 4.88 4.8
0.0004416 4.88 5
0.000442 4.96 5
0.0004424 4.88 4.8
0.0004428 5.04 4.8
0.0004432 4.88 4.8
0.0004436 4.96 4.8
0.000444 4.88 4.8
0.0004444 4.88 4.6
0.0004448 4.96 4.6
0.0004452 4.88 4.6
0.0004456 4.88 4.4
0.000446 4.88 4.6
0.0004464 4.88 4.4
0.0004468 4.88 4.4
0.0004472 4.96 4.4
0.0004476 4.88 4.2
0.000448 4.88 4.4
0.0004484 4.88 4.4
0.0004488 4.88 4.2
0.0004492 4.8 4.2
0.0004496 4.88 4
0.00045 4.8 4.2
0.0004504 4.8 4
0.0004508 4.8 4
0.0004512 4.72 4
0.0004516 4.8 4
0.000452 4.72 4
0.0004524 4.72 3.8
0.0004528 4.72 3.6
0.0004532 4.72 3.6
0.0004536 4.72 3.6
0.000454 4.72 3.6
0.0004544 4.64 3.6
0.0004548 4.64 3.4
0.0004552 4.64 3.4
0.0004556 4.56 3.4
0.000456 4.56 3.2
0.0004564 4.56 3.4
0.0004568 4.48 3.2
0.0004572 4.48 3.2
0.0004576 4.48 3.2
0.000458 4.4 3.2
0.0004584 4.4 3
0.0004588 4.4 3
0.0004592 4.32 2.8
0.0004596 4.24 2.8
0.00046 4.24 2.8
0.0004604 4.24 2.6
0.0004608 4.16 2.6
0.0004612 4.16 2.6
0.0004616 4.16 2.6
0.000462 4.08 2.6
0.0004624 4.08 2.4
0.0004628 4.08 2.4
0.0004632 4 2.4
0.0004636 4 2.2
0.000464 3.92 2.4
0.0004644 3.84 2.2
0.0004648 3.84 2
0.0004652 3.76 2
0.0004656 3.76 2
0.000466 3.76 2
0.0004664 3.76 1.8
0.0004668 3.6 1.8
0.0004672 3.6 1.8
0.0004676 3.6 1.6
0.000468 3.52 1.6
0.0004684 3.44 1.6
0.0004688 3.44 1.4
0.0004692 3.44 1.2
0.0004696 3.36 1.2
0.00047 3.28 1.2
0.0004704 3.28 1.2
0.0004708 3.2 1
0.0004712 3.12 0.8
0.0004716 3.12 1
0.000472 3.12 0.8
0.0004724 3.04 0.8
0.0004728 2.96 0.8
0.0004732 2.88 0.6
0.0004736 2.88 0.4
0.000474 2.8 0.4
0.0004744 2.8 0.4
0.0004748 2.72 0.2
0.0004752 2.64 0.2
0.0004756 2.56 0.2
0.000476 2.56 0.2
0.0004764 2.48 0.2
0.0004768 2.48 0
0.0004772 2.48 0
0.0004776 2.32 -0.4
0.000478 2.32 0
0.0004784 2.24 -0.4
0.0004788 2.24 -0.6
0.0004792 2.16 -0.6
0.0004796 2.08 -0.6
0.00048 2 -0.8
0.0004804 2 -0.8
0.0004808 1.84 -1
0.0004812 1.84 -0.8
0.0004816 1.84 -0.8
0.000482 1.68 -1
0.0004824 1.6 -1.2
0.0004828 1.6 -1.2
0.0004832 1.6 -1
0.0004836 1.52 -1.4
0.000484 1.36 -1.4
0.0004844 1.36 -1.4
0.0004848 1.28 -1.6
0.0004852 1.2 -1.6
0.0004856 1.2 -1.6
0.000486 1.2 -1.8
0.0004864 1.04 -1.8
0.0004868 1.04 -1.8
0.0004872 0.96 -2
0.0004876 0.88 -1.8
0.000488 0.88 -2
0.0004884 0.72 -2.4
0.0004888 0.72 -2.2
0.0004892 0.56 -2.4
0.0004896 0.64 -2.4
0.00049 0.56 -2.4
0.0004904 0.4 -2.6
0.0004908 0.4 -2.6
0.0004912 0.32 -2.4
0.0004916 0.24 -2.6
0.000492 0.24 -2.8
0.0004924 0.08 -3
0.0004928 0.08 -2.8
0.0004932 0 -3
0.0004936 0 -3.2
0.000494 -0.16 -3.2
0.0004944 -0.24 -3
0.0004948 -0.32 -3.2
0.0004952 -0.32 -3.2
0.0004956 -0.48 -3.4
0.000496 -0.48 -3.2
0.0004964 -0.56 -3.4
0.0004968 -0.64 -3.6
0.0004972 -0.64 -3.6
0.0004976 -0.72 -3.8
0.000498 -0.8 -3.8
0.0004984 -0.88 -3.8
0.0004988 -0.96 -3.8
0.0004992 -1.04 -3.8
0.0004996 -1.12 -3.8
0.0005 -1.12 -4
0.0005004 -1.12 -4
0.0005008 -1.28 -4
0.0005012 -1.28 -4
0.0005016 -1.36 -4.2
0.000502 -1.44 -4.2
0.0005024 -1.44 -4.4
0.0005028 -1.52 -4.2
0.0005032 -1.6 -4.4
0.0005036 -1.68 -4.6
0.000504 -1.68 -4.4
0.0005044 -1.76 -4.6
0.0005048 -1.84 -4.6
0.0005052 -1.92 -4.8
0.0005056 -1.92 -4.8
0.000506 -2.08 -4.8
0.0005064 -2 -4.8
0.0005068 -2.08 -4.8
0.0005072 -2.16 -5
0.0005076 -2.24 -4.8
0.000508 -2.32 -5
0.0005084 -2.4 -5
0.0005088 -2.4 -5
0.0005092 -2.4 -5
0.0005096 -2.56 -5
0.00051 -2.64 -5
0.0005104 -2.64 -5.4
0.0005108 -2.64 -5.4
0.0005112 -2.72 -5.2
0.0005116 -2.72 -5.4
0.000512 -2.88 -5.6
0.0005124 -2.88 -5.4
0.0005128 -2.96 -5.4
0.0005132 -2.96 -5.4
0.0005136 -3.04 -5.6
0.000514 -3.04 -5.4
0.0005144 -3.2 -5.6
0.0005148 -3.2 -5.6
0.0005152 -3.28 -5.6
0.0005156 -3.36 -5.6
0.000516 -3.28 -5.6
0.0005164 -3.36 -5.6
0.0005168 -3.44 -5.8
0.0005172 -3.44 -5.8
0.0005176 -3.52 -5.8
0.000518 -3.6 -5.8
0.0005184 -3.68 -5.8
0.0005188 -3.68 -5.8
0.0005192 -3.68 -5.8
0.0005196 -3.68 -5.8
0.00052 -3.84 -6
0.0005204 -3.84 -5.8
0.0005208 -3.92 -5.8
0.0005212 -3.84 -5.8
0.0005216 -4 -6
0.000522 -4 -6.2
0.0005224 -4 -6.2
0.0005228 -4 -6
0.0005232 -4.16 -5.8
0.0005236 -4.16 -6
0.000524 -4.16 -6
0.0005244 -4.24 -6
0.0005248 -4.16 -6
0.0005252 -4.24 -6.2
0.0005256 -4.32 -6.2
0.000526 -4.32 -6.2
0.0005264 -4.4 -6.2
0.0005268 -4.32 -6.2
0.0005272 -4.48 -6.2
0.0005276 -4.48 -6
0.000528 -4.56 -6.2
0.0005284 -4.56 -6.2
0.0005288 -4.56 -6.2
0.0005292 -4.64 -6.2
0.0005296 -4.56 -6.2
0.00053 -4.64 -6.4
0.0005304 -4.64 -6
0.0005308 -4.72 -6
0.0005312 -4.8 -6.2
0.0005316 -4.8 -6.2
0.000532 -4.8 -6.2
0.0005324 -4.8 -6
0.0005328 -4.8 -6
0.0005332 -4.88 -6.2
0.0005336 -4.88 -6.2
0.000534 -4.88 -6
0.0005344 -4.88 -6
0.0005348 -4.96 -6
0.0005352 -4.96 -6
0.0005356 -4.96 -6
0.000536 -4.96 -5.8
0.0005364 -4.96 -6
0.0005368 -4.96 -6
0.0005372 -4.96 -6
0.0005376 -4.96 -5.8
0.000538 -5.04 -5.8
0.0005384 -4.96 -5.8
0.0005388 -5.04 -5.8
0.0005392 -4.96 -5.8
0.0005396 -5.12 -5.8
0.00054 -5.04 -5.8
0.0005404 -5.04 -5.8
0.0005408 -5.12 -5.6
0.0005412 -5.12 -5.8
0.0005416 -5.12 -5.6
0.000542 -5.12 -5.8
0.0005424 -5.04 -5.6
0.0005428 -5.04 -5.6
0.0005432 -5.12 -5.6
0.0005436 -5.12 -5.6
0.000544 -5.12 -5.6
0.0005444 -5.12 -5.4
0.0005448 -5.04 -5.4
0.0005452 -5.12 -5.4
0.0005456 -5.12 -5.4
0.000546 -5.04 -5.4
0.0005464 -5.12 -5.4
0.0005468 -4.96 -5.4
0.0005472 -5.12 -5.2
0.0005476 -4.96 -5
0.000548 -5.12 -5.2
0.0005484 -4.96 -5
0.0005488 -4.96 -5
0.0005492 -4.96 -5
0.0005496 -4.96 -5
0.00055 -4.96 -4.8
0.0005504 -4.96 -4.8
0.0005508 -4.96 -4.8
0.0005512 -4.96 -4.8
0.0005516 -4.96 -4.8
0.000552 -4.88 -4.6
0.0005524 -4.88 -4.6
0.0005528 -4.96 -4.6
0.0005532 -4.88 -4.6
0.0005536 -4.88 -4.6
0.000554 -4.88 -4.2
0.0005544 -4.88 -4.6
0.0005548 -4.8 -4.4
0.0005552 -4.8 -4.2
0.0005556 -4.72 -4.2
0.000556 -4.64 -4.2
0.0005564 -4.72 -4.2
0.0005568 -4.64 -4.2
0.0005572 -4.64 -4
0.0005576 -4.56 -4
0.000558 -4.56 -3.8
0.0005584 -4.56 -4
0.0005588 -4.56 -3.8
0.0005592 -4.48 -3.6
0.0005596 -4.48 -3.8
0.00056 -4.48 -3.6
0.0005604 -4.4 -3.6
0.0005608 -4.32 -3.4
0.0005612 -4.32 -3.4
0.0005616 -4.24 -3.4
0.000562 -4.32 -3.4
0.0005624 -4.24 -3.2
0.0005628 -4.24 -3.4
0.0005632 -4.16 -3
0.0005636 -4.16 -3
0.000564 -4.16 -3
0.0005644 -4.08 -3.2
0.0005648 -4 -3
0.0005652 -4 -2.8
0.0005656 -4 -2.6
0.000566 -3.92 -2.6
0.0005664 -3.92 -2.6
0.0005668 -3.84 -2.6
0.0005672 -3.84 -2.6
0.0005676 -3.68 -2.4
0.000568 -3.68 -2.4
0.0005684 -3.68 -2.2
0.0005688 -3.6 -2.2
0.0005692 -3.52 -2.2
0.0005696 -3.52 -2.2
0.00057 -3.52 -2.2
0.0005704 -3.36 -1.8
0.0005708 -3.36 -1.8
0.0005712 -3.36 -1.8
0.0005716 -3.28 -1.8
0.000572 -3.2 -1.6
0.0005724 -3.2 -1.6
0.0005728 -3.2 -1.6
0.0005732 -3.04 -1.6
0.0005736 -3.04 -1.2
0.000574 -3.04 -1.2
0.0005744 -2.96 -1.4
0.0005748 -2.88 -1.2
0.0005752 -2.88 -1
0.0005756 -2.72 -0.8
0.000576 -2.72 -1
0.0005764 -2.64 -1
0.0005768 -2.56 -0.8
0.0005772 -2.56 -0.8
0.0005776 -2.48 -0.8
0.000578 -2.4 -0.8
0.0005784 -2.4 -0.4
0.0005788 -2.32 -0.6
0.0005792 -2.32 -0.4
0.0005796 -2.24 -0.4
0.00058 -2.24 0
0.0005804 -2.16 0
0.0005808 -2.08 0
0.0005812 -2 0
0.0005816 -1.92 0
0.000582 -1.92 0.4
0.0005824 -1.84 0.4
0.0005828 -1.76 0.2
0.0005832 -1.76 0.4
0.0005836 -1.68 0.6
0.000584 -1.6 0.6
0.0005844 -1.52 0.6
0.0005848 -1.44 0.6
0.0005852 -1.44 0.8
0.0005856 -1.36 1
0.000586 -1.36 1
0.0005864 -1.28 1
0.0005868 -1.12 1.2
0.0005872 -1.12 1.2
0.0005876 -1.04 1.2
0.000588 -1.04 1.4
0.0005884 -0.96 1.2
0.0005888 -0.88 1.4
0.0005892 -0.8 1.6
0.0005896 -0.72 1.4
0.00059 -0.72 1.6
0.0005904 -0.64 1.8
0.0005908 -0.48 1.8
0.0005912 -0.48 1.6
0.0005916 -0.48 1.8
0.000592 -0.4 2
0.0005924 -0.32 2
0.0005928 -0.32 2
0.0005932 -0.16 2
0.0005936 -0.16 2.4
0.000594 0 2.4
0.0005944 0.08 2.4
0.0005948 0.08 2.4
0.0005952 0.24 2.4
0.0005956 0.24 2.6
0.000596 0.32 2.6
0.0005964 0.4 2.6
0.0005968 0.4 2.6
0.0005972 0.56 2.8
0.0005976 0.56 2.8
0.000598 0.64 2.8
0.0005984 0.72 2.8
0.0005988 0.8 3
0.0005992 0.88 3
0.0005996 0.88 3.2
0.0006 0.96 3.2
0.0006004 1.04 3.4
0.0006008 1.04 3.2
0.0006012 1.12 3.4
0.0006016 1.2 3.2
0.000602 1.2 3.4
0.0006024 1.28 3.4
0.0006028 1.36 3.4
0.0006032 1.52 3.4
0.0006036 1.52 3.6
0.000604 1.52 3.6
0.0006044 1.6 3.6
0.0006048 1.6 3.6
0.0006052 1.68 4
0.0006056 1.76 4
0.000606 1.84 4
0.0006064 1.84 4
0.0006068 1.92 4
0.0006072 2 4.2
0.0006076 2 4
0.000608 2.16 4.2
0.0006084 2.16 4.2
0.0006088 2.16 4.2
0.0006092 2.24 4.2
0.0006096 2.32 4.4
0.00061 2.4 4.4
0.0006104 2.48 4.6
0.0006108 2.48 4.4
0.0006112 2.56 4.4
0.0006116 2.56 4.4
0.000612 2.64 4.6
0.0006124 2.72 4.6
0.0006128 2.8 4.6
0.0006132 2.8 4.6
0.0006136 2.88 4.8
0.000614 2.96 4.8
0.0006144 2.96 4.8
0.0006148 3.04 4.8
0.0006152 3.12 4.8
0.0006156 3.12 4.8
0.000616 3.2 4.8
0.0006164 3.2 5
0.0006168 3.28 5
0.0006172 3.36 5
0.0006176 3.36 5
0.000618 3.44 5
0.0006184 3.44 5
0.0006188 3.52 5
0.0006192 3.52 5
0.0006196 3.6 5
0.00062 3.6 5.2
0.0006204 3.76 5.2
0.0006208 3.76 5.2
0.0006212 3.76 5
0.0006216 3.76 5.4
0.000622 3.84 5.2
0.0006224 3.84 5.2
0.0006228 3.92 5.2
0.0006232 3.92 5.2
0.0006236 4.08 5.4
0.000624 4.08 5.2
0.0006244 4.08 5.2
0.0006248 4.08 5.4
0.0006252 4.08 5.2
0.0006256 4.16 5.4
0.000626 4.16 5.4
0.0006264 4.24 5.2
0.0006268 4.24 5.4
0.0006272 4.24 5.6
0.0006276 4.32 5.4
0.000628 4.4 5.4
0.0006284 4.4 5.4
0.0006288 4.4 5.4
0.0006292 4.4 5.2
0.0006296 4.4 5.2
0.00063 4.48 5.4
0.0006304 4.48 5.4
0.0006308 4.56 5.2
0.0006312 4.56 5.4
0.0006316 4.56 5.4
0.000632 4.56 5.2
0.0006324 4.56 5.2
0.0006328 4.64 5.2
0.0006332 4.72 5.2
0.0006336 4.72 5.2
0.000634 4.72 5.2
0.0006344 4.72 5.4
0.0006348 4.72 5.2
0.0006352 4.8 5.2
0.0006356 4.8 5.2
0.000636 4.72 5.2
0.0006364 4.8 5.2
0.0006368 4.8 5.2
0.0006372 4.8 5.2
0.0006376 4.88 5.2
0.000638 4.8 5.2
0.0006384 4.88 5
0.0006388 4.88 5
0.0006392 4.88 5.2
0.0006396 4.88 5.2
0.00064 4.88 5
0.0006404 4.88 5
0.0006408 4.88 4.8
0.0006412 4.88 4.8
0.0006416 4.88 5
0.000642 5.04 4.8
0.0006424 4.88 4.8
0.0006428 4.96 4.8
0.0006432 4.88 4.8
0.0006436 4.96 4.6
0.000644 4.96 4.6
0.0006444 4.96 4.8
0.0006448 4.88 4.6
0.0006452 4.88 4.6
0.0006456 4.88 4.6
0.000646 4.88 4.6
0.0006464 4.88 4.4
0.0006468 4.88 4.4
0.0006472 4.88 4.4
0.0006476 4.88 4.4
0.000648 4.88 4.4
0.0006484 4.8 4.2
0.0006488 4.88 4.2
0.0006492 4.88 4.2
0.0006496 4.88 4.2
0.00065 4.8 4.2
0.0006504 4.88 4
0.0006508 4.8 4
0.0006512 4.8 4
0.0006516 4.8 4
0.000652 4.72 3.8
0.0006524 4.72 3.8
0.0006528 4.72 4
0.0006532 4.72 3.8
0.0006536 4.72 3.6
0.000654 4.72 3.4
0.0006544 4.64 3.6
0.0006548 4.64 3.6
0.0006552 4.64 3.4
0.0006556 4.56 3.4
0.000656 4.56 3.4
0.0006564 4.56 3.4
0.0006568 4.56 3.2
0.0006572 4.48 3.2
0.0006576 4.48 3.2
0.000658 4.4 3.2
0.0006584 4.4 3
0.0006588 4.4 3
0.0006592 4.4 2.8
0.0006596 4.24 3
0.00066 4.24 2.8
0.0006604 4.24 2.6
0.0006608 4.16 2.6
0.0006612 4.24 2.6
0.0006616 4.08 2.6
0.000662 4.16 2.6
0.0006624 4.08 2.4
0.0006628 4.08 2.6
0.0006632 4 2.4
0.0006636 4.08 2
0.000664 3.92 2.2
0.0006644 3.84 2.2
0.0006648 3.84 2.2
0.0006652 3.76 2
0.0006656 3.76 2
0.000666 3.76 2
0.0006664 3.76 1.8
0.0006668 3.6 1.8
0.0006672 3.6 1.8
0.0006676 3.6 1.6
0.000668 3.52 1.6
0.0006684 3.44 1.6
0.0006688 3.44 1.4
0.0006692 3.44 1.4
0.0006696 3.44 1.6
0.00067 3.28 1.2
0.0006704 3.28 1.2
0.0006708 3.2 1
0.0006712 3.2 1
0.0006716 3.12 1
0.000672 3.12 0.8
0.0006724 3.04 0.8
0.0006728 2.96 0.8
0.0006732 2.96 0.8
0.0006736 2.88 0.6
0.000674 2.8 0.4
0.0006744 2.8 0.4
0.0006748 2.72 0.4
0.0006752 2.64 0.2
0.0006756 2.64 0.2
0.000676 2.48 0.2
0.0006764 2.48 0
0.0006768 2.48 0
0.0006772 2.32 0
0.0006776 2.32 0
0.000678 2.24 0
0.0006784 2.24 -0.6
0.0006788 2.16 -0.6
0.0006792 2.16 -0.6
0.0006796 2.08 -0.6
0.00068 2.08 -0.8
0.0006804 1.92 -0.8
0.0006808 1.92 -1
0.0006812 1.84 -0.8
0.0006816 1.84 -0.8
0.000682 1.68 -1
0.0006824 1.68 -1.2
0.0006828 1.6 -1
0.0006832 1.52 -1.2
0.0006836 1.52 -1.4
0.000684 1.52 -1.4
0.0006844 1.44 -1.4
0.0006848 1.36 -1.6
0.0006852 1.28 -1.6
0.0006856 1.2 -1.6
0.000686 1.2 -1.8
0.0006864 1.12 -1.8
0.0006868 1.04 -1.8
0.0006872 0.96 -1.8
0.0006876 0.96 -2
0.000688 0.88 -2
0.0006884 0.8 -2.2
0.0006888 0.72 -2.2
0.0006892 0.56 -2.2
0.0006896 0.64 -2.4
0.00069 0.56 -2.4
0.0006904 0.4 -2.4
0.0006908 0.4 -2.6
0.0006912 0.32 -2.6
0.0006916 0.24 -2.6
0.000692 0.24 -2.8
0.0006924 0.16 -2.8
0.0006928 0.08 -2.8
0.0006932 0 -3
0.0006936 0 -3
0.000694 -0.16 -3.2
0.0006944 -0.16 -3
0.0006948 -0.32 -3.2
0.0006952 -0.32 -3.2
0.0006956 -0.4 -3.4
0.000696 -0.48 -3.4
0.0006964 -0.56 -3.4
0.0006968 -0.64 -3.4
0.0006972 -0.72 -3.4
0.0006976 -0.72 -3.6
0.000698 -0.8 -3.6
0.0006984 -0.8 -3.8
0.0006988 -0.88 -3.8
0.0006992 -1.04 -4
0.0006996 -1.04 -3.8
0.0007 -1.12 -4
0.0007004 -1.2 -4
0.0007008 -1.28 -4.2
0.0007012 -1.36 -4.2
0.0007016 -1.36 -4.2
0.000702 -1.44 -4.2
0.0007024 -1.44 -4.2
0.0007028 -1.52 -4.4
0.0007032 -1.6 -4.4
0.0007036 -1.68 -4.4
0.000704 -1.68 -4.6
0.0007044 -1.76 -4.6
0.0007048 -1.84 -4.6
0.0007052 -1.92 -4.6
0.0007056 -1.92 -4.6
0.000706 -2 -4.8
0.0007064 -2.08 -4.8
0.0007068 -2.08 -4.8
0.0007072 -2.24 -4.8
0.0007076 -2.24 -4.8
0.000708 -2.24 -5
0.0007084 -2.32 -5
0.0007088 -2.4 -5
0.0007092 -2.4 -5
0.0007096 -2.4 -5.2
0.00071 -2.56 -5.2
0.0007104 -2.64 -5.2
0.0007108 -2.64 -5.4
0.0007112 -2.72 -5.4
0.0007116 -2.72 -5.4
0.000712 -2.88 -5.2
0.0007124 -2.88 -5.4
0.0007128 -2.96 -5.4
0.0007132 -2.96 -5.6
0.0007136 -3.04 -5.4
0.000714 -3.04 -5.4
0.0007144 -3.12 -5.6
0.0007148 -3.2 -5.6
0.0007152 -3.28 -5.6
0.0007156 -3.28 -5.6
0.000716 -3.28 -5.6
0.0007164 -3.36 -5.6
0.0007168 -3.36 -5.8
0.0007172 -3.52 -5.8
0.0007176 -3.52 -5.8
0.000718 -3.52 -5.8
0.0007184 -3.6 -6
0.0007188 -3.68 -5.8
0.0007192 -3.68 -5.8
0.0007196 -3.76 -6
0.00072 -3.76 -5.8
0.0007204 -3.84 -5.8
0.0007208 -3.84 -6
0.0007212 -3.92 -6.2
0.0007216 -3.92 -6
0.000722 -4 -6
0.0007224 -4 -6
0.0007228 -4 -6.2
0.0007232 -4.08 -6
0.0007236 -4.16 -5.8
0.000724 -4.16 -6
0.0007244 -4.24 -6.2
0.0007248 -4.24 -6.2
0.0007252 -4.32 -6.2
0.0007256 -4.32 -6
0.000726 -4.32 -6
0.0007264 -4.32 -6.2
0.0007268 -4.48 -6
0.0007272 -4.48 -6.2
0.0007276 -4.48 -6.2
0.000728 -4.48 -6.2
0.0007284 -4.56 -6.2
0.0007288 -4.64 -6.2
0.0007292 -4.64 -6
0.0007296 -4.64 -6.2
0.00073 -4.64 -6.2
0.0007304 -4.64 -6.2
0.0007308 -4.64 -6
0.0007312 -4.72 -6.2
0.0007316 -4.8 -6.2
0.000732 -4.8 -6
0.0007324 -4.8 -5.8
0.0007328 -4.8 -6.2
0.0007332 -4.8 -6.2
0.0007336 -4.88 -6
0.000734 -4.88 -5.8
0.0007344 -4.88 -6.2
0.0007348 -4.88 -6
0.0007352 -4.88 -6.2
0.0007356 -4.96 -6
0.000736 -4.96 -6
0.0007364 -4.96 -6
0.0007368 -4.96 -6
0.0007372 -4.96 -5.8
0.0007376 -4.96 -5.8
0.000738 -4.96 -6
0.0007384 -4.96 -5.8
0.0007388 -4.96 -5.8
0.0007392 -5.04 -5.6
0.0007396 -5.04 -5.8
0.00074 -5.04 -6
0.0007404 -4.96 -5.6
0.0007408 -5.12 -5.6
0.0007412 -5.04 -5.8
0.0007416 -5.12 -5.8
0.000742 -5.12 -5.4
0.0007424 -5.12 -5.6
0.0007428 -5.12 -5.6
0.0007432 -5.12 -5.6
0.0007436 -5.12 -5.4
0.000744 -5.12 -5.4
0.0007444 -5.04 -5.4
0.0007448 -5.04 -5.4
0.0007452 -5.12 -5.4
0.0007456 -5.04 -5.4
0.000746 -5.12 -5.2
0.0007464 -5.12 -5.4
0.0007468 -5.04 -5.2
0.0007472 -5.12 -5.2
0.0007476 -5.12 -5.2
0.000748 -5.04 -5.2
0.0007484 -4.96 -5
0.0007488 -5.04 -4.8
0.0007492 -4.96 -5
0.0007496 -4.96 -5
0.00075 -4.96 -5
0.0007504 -4.96 -4.8
0.0007508 -4.96 -4.8
0.0007512 -4.88 -4.8
0.0007516 -4.96 -4.8
0.000752 -4.96 -4.6
0.0007524 -4.96 -4.6
0.0007528 -4.88 -4.6
0.0007532 -4.88 -4.6
0.0007536 -4.8 -4.4
0.000754 -4.8 -4.2
0.0007544 -4.8 -4.4
0.0007548 -4.8 -4.4
0.0007552 -4.8 -4.4
0.0007556 -4.72 -4.2
0.000756 -4.72 -4.2
0.0007564 -4.64 -4
0.0007568 -4.64 -4
0.0007572 -4.64 -4.2
0.0007576 -4.64 -4
0.000758 -4.64 -3.8
0.0007584 -4.56 -3.8
0.0007588 -4.56 -3.8
0.0007592 -4.48 -3.8
0.0007596 -4.48 -3.6
0.00076 -4.48 -3.8
0.0007604 -4.48 -3.4
0.0007608 -4.4 -3.4
0.0007612 -4.32 -3.6
0.0007616 -4.24 -3.4
0.000762 -4.32 -3.2
0.0007624 -4.24 -3.2
0.0007628 -4.16 -3.2
0.0007632 -4.16 -3.2
0.0007636 -4.16 -3
0.000764 -4.16 -3
0.0007644 -4 -3
0.0007648 -4 -3
0.0007652 -4 -3
0.0007656 -3.92 -2.8
0.000766 -3.92 -2.6
0.0007664 -3.84 -2.6
0.0007668 -3.84 -2.6
0.0007672 -3.84 -2.4
0.0007676 -3.76 -2.6
0.000768 -3.68 -2.4
0.0007684 -3.6 -2.2
0.0007688 -3.6 -2.2
0.0007692 -3.6 -2.2
0.0007696 -3.6 -2.2
0.00077 -3.52 -2.2
0.0007704 -3.44 -1.8
0.0007708 -3.36 -1.8
0.0007712 -3.36 -1.8
0.0007716 -3.28 -1.8
0.000772 -3.28 -1.6
0.0007724 -3.2 -1.6
0.0007728 -3.2 -1.6
0.0007732 -3.04 -1.6
0.0007736 -3.04 -1.4
0.000774 -3.04 -1.4
0.0007744 -2.96 -1.2
0.0007748 -2.96 -1
0.0007752 -2.88 -1.2
0.0007756 -2.8 -1
0.000776 -2.72 -1
0.0007764 -2.64 -0.8
0.0007768 -2.56 -0.8
0.0007772 -2.56 -0.8
0.0007776 -2.48 -0.6
0.000778 -2.4 -0.6
0.0007784 -2.4 -0.4
0.0007788 -2.32 0
0.0007792 -2.32 -0.4
0.0007796 -2.24 -0.4
0.00078 -2.24 -0.4
0.0007804 -2.16 0
0.0007808 -2.08 0
0.0007812 -2 0
0.0007816 -1.92 0.2
0.000782 -1.92 0.2
0.0007824 -1.76 0.4
0.0007828 -1.76 0.4
0.0007832 -1.68 0.4
0.0007836 -1.68 0.4
0.000784 -1.6 0.4
0.0007844 -1.6 0.8
0.0007848 -1.44 0.8
0.0007852 -1.44 0.8
0.0007856 -1.36 0.8
0.000786 -1.36 1
0.0007864 -1.28 1
0.0007868 -1.12 1
0.0007872 -1.12 1
0.0007876 -1.12 1.2
0.000788 -1.04 1.4
0.0007884 -0.96 1.4
0.0007888 -0.88 1.4
0.0007892 -0.8 1.4
0.0007896 -0.8 1.6
0.00079 -0.72 1.6
0.0007904 -0.64 1.6
0.0007908 -0.48 1.8
0.0007912 -0.48 2
0.0007916 -0.48 2
0.000792 -0.4 2
0.0007924 -0.32 2
0.0007928 -0.32 2
0.0007932 -0.16 2.4
0.0007936 -0.16 2.2
0.000794 0 2.4
0.0007944 0.08 2.4
0.0007948 0.16 2.4
0.0007952 0.24 2.4
0.0007956 0.24 2.6
0.000796 0.32 2.4
0.0007964 0.4 2.6
0.0007968 0.4 2.6
0.0007972 0.56 2.8
0.0007976 0.56 2.8
0.000798 0.64 2.8
0.0007984 0.72 3.2
0.0007988 0.72 3
0.0007992 0.8 3
0.0007996 0.88 3.2
0.0008 0.96 3.2
0.0008004 0.96 3.2
0.0008008 1.12 3.2
0.0008012 1.12 3.4
0.0008016 1.2 3.4
0.000802 1.2 3.4
0.0008024 1.36 3.4
0.0008028 1.28 3.6
0.0008032 1.44 3.6
0.0008036 1.52 3.6
0.000804 1.52 3.6
0.0008044 1.6 3.8
0.0008048 1.6 3.8
0.0008052 1.68 3.8
0.0008056 1.76 4
0.000806 1.84 4
0.0008064 1.92 4
0.0008068 1.92 4
0.0008072 2 4
0.0008076 2.16 4
0.000808 2.16 4.2
0.0008084 2.16 4.2
0.0008088 2.24 4.2
0.0008092 2.32 4.2
0.0008096 2.32 4.4
0.00081 2.48 4.4
0.0008104 2.48 4.2
0.0008108 2.56 4.2
0.0008112 2.56 4.4
0.0008116 2.56 4.6
0.000812 2.64 4.4
0.0008124 2.8 4.6
0.0008128 2.8 4.8
0.0008132 2.8 4.6
0.0008136 2.88 4.8
0.000814 2.88 4.6
0.0008144 2.96 4.8
0.0008148 3.04 4.8
0.0008152 3.12 4.8
0.0008156 3.12 4.8
0.000816 3.2 4.8
0.0008164 3.2 5
0.0008168 3.28 5
0.0008172 3.28 4.8
0.0008176 3.36 5
0.000818 3.44 5.2
0.0008184 3.44 5.2
0.0008188 3.52 5
0.0008192 3.52 5
0.0008196 3.6 5.2
0.00082 3.6 5.2
0.0008204 3.68 5
0.0008208 3.76 5
0.0008212 3.76 5.2
0.0008216 3.76 5.2
0.000822 3.76 5.2
0.0008224 3.84 5.2
0.0008228 3.92 5.4
0.0008232 3.92 5.4
0.0008236 4 5.2
0.000824 4.08 5.2
0.0008244 4.08 5.2
0.0008248 4.08 5.4
0.0008252 4.08 5.4
0.0008256 4.16 5.4
0.000826 4.16 5.4
0.0008264 4.16 5.6
0.0008268 4.24 5.4
0.0008272 4.32 5.4
0.0008276 4.32 5.4
0.000828 4.32 5.4
0.0008284 4.4 5.4
0.0008288 4.4 5.2
0.0008292 4.4 5.2
0.0008296 4.48 5.4
0.00083 4.48 5.4
0.0008304 4.56 5.4
0.0008308 4.56 5.2
0.0008312 4.56 5.4
0.0008316 4.56 5.2
0.000832 4.56 5.2
0.0008324 4.64 5.2
0.0008328 4.72 5.4
0.0008332 4.72 5.4
0.0008336 4.72 5.2
0.000834 4.72 5.2
0.0008344 4.72 5.2
0.0008348 4.72 5.4
0.0008352 4.72 5.2
0.0008356 4.8 5.2
0.000836 4.8 5.4
0.0008364 4.8 5.2
0.0008368 4.8 5
0.0008372 4.8 5
0.0008376 4.8 5.2
0.000838 4.88 5.2
0.0008384 4.8 5.2
0.0008388 4.88 5
0.0008392 4.88 5
0.0008396 4.88 5.2
0.00084 4.88 5
0.0008404 4.88 5
0.0008408 4.88 5
0.0008412 4.88 5
0.0008416 4.88 5
0.000842 4.88 4.8
0.0008424 4.96 4.8
0.0008428 4.96 4.8
0.0008432 4.88 4.8
0.0008436 4.88 4.6
0.000844 4.88 4.6
0.0008444 4.96 4.8
0.0008448 4.88 4.6
0.0008452 4.88 4.6
0.0008456 4.88 4.6
0.000846 4.88 4.6
0.0008464 4.88 4.4
0.0008468 4.88 4.2
0.0008472 4.88 4.4
0.0008476 4.88 4.2
0.000848 4.88 4.4
0.0008484 4.88 4.2
0.0008488 4.8 4.2
0.0008492 4.88 4.2
0.0008496 4.88 4.2
0.00085 4.8 4.2
0.0008504 4.8 4
0.0008508 4.8 4
0.0008512 4.8 4
0.0008516 4.8 4
0.000852 4.72 3.8
0.0008524 4.72 3.8
0.0008528 4.72 3.8
0.0008532 4.72 3.8
0.0008536 4.72 3.6
0.000854 4.72 3.6
0.0008544 4.56 3.6
0.0008548 4.72 3.6
0.0008552 4.56 3.4
0.0008556 4.56 3.4
0.000856 4.56 3.4
0.0008564 4.56 3.4
0.0008568 4.48 3.2
0.0008572 4.48 3.2
0.0008576 4.48 3.2
0.000858 4.48 3.2
0.0008584 4.4 3
0.0008588 4.4 3
0.0008592 4.4 3
0.0008596 4.4 2.8
0.00086 4.24 2.8
0.0008604 4.24 2.6
0.0008608 4.24 2.6
0.0008612 4.16 2.6
0.0008616 4.16 2.4
0.000862 4.08 2.6
0.0008624 4.08 2.6
0.0008628 4.08 2.4
0.0008632 3.92 2.4
0.0008636 4 2.4
0.000864 3.92 2.2
0.0008644 3.84 2.2
0.0008648 3.92 2.2
0.0008652 3.84 2
0.0008656 3.84 2
0.000866 3.76 2
0.0008664 3.76 2
0.0008668 3.6 1.8
0.0008672 3.6 1.8
0.0008676 3.6 1.8
0.000868 3.52 1.8
0.0008684 3.52 1.6
0.0008688 3.44 1.4
0.0008692 3.44 1.4
0.0008696 3.36 1.4
0.00087 3.28 1.2
0.0008704 3.28 1.2
0.0008708 3.2 1
0.0008712 3.2 0.8
0.0008716 3.12 1
0.000872 3.12 1
0.0008724 3.12 0.8
0.0008728 2.96 0.8
0.0008732 2.96 0.8
0.0008736 2.88 0.6
0.000874 2.8 0.4
0.0008744 2.8 0.6
0.0008748 2.64 0.4
0.0008752 2.64 0.2
0.0008756 2.56 0.4
0.000876 2.48 0.2
0.0008764 2.48 0
0.0008768 2.48 0
0.0008772 2.48 0
0.0008776 2.32 0
0.000878 2.24 0
0.0008784 2.24 -0.4
0.0008788 2.24 -0.4
0.0008792 2.16 -0.4
0.0008796 2.16 -0.8
0.00088 2 -0.6
0.0008804 2 -0.8
0.0008808 1.92 -0.8
0.0008812 1.84 -1
0.0008816 1.84 -1
0.000882 1.68 -1
0.0008824 1.68 -1
0.0008828 1.6 -1
0.0008832 1.52 -1.2
0.0008836 1.52 -1.2
0.000884 1.36 -1.4
0.0008844 1.36 -1.4
0.0008848 1.28 -1.6
0.0008852 1.28 -1.6
0.0008856 1.2 -1.6
0.000886 1.2 -1.6
0.0008864 1.12 -1.8
0.0008868 0.96 -2
0.0008872 0.96 -2
0.0008876 0.88 -2
0.000888 0.8 -2.2
0.0008884 0.72 -2.2
0.0008888 0.72 -2.2
0.0008892 0.64 -2.4
0.0008896 0.56 -2.6
0.00089 0.56 -2.6
0.0008904 0.4 -2.4
0.0008908 0.4 -2.6
0.0008912 0.32 -2.8
0.0008916 0.32 -2.6
0.000892 0.24 -2.6
0.0008924 0.24 -2.6
0.0008928 0.08 -2.8
0.0008932 0 -3
0.0008936 -0.16 -3
0.000894 -0.16 -3
0.0008944 -0.16 -3.2
0.0008948 -0.32 -3.2
0.0008952 -0.32 -3.2
0.0008956 -0.48 -3.2
0.000896 -0.48 -3.2
0.0008964 -0.56 -3.6
0.0008968 -0.64 -3.8
0.0008972 -0.64 -3.4
0.0008976 -0.72 -3.4
0.000898 -0.8 -4
0.0008984 -0.8 -3.8
0.0008988 -0.96 -3.8
0.0008992 -0.96 -3.8
0.0008996 -1.12 -4
0.0009 -1.12 -4
0.0009004 -1.12 -4
0.0009008 -1.28 -4
0.0009012 -1.28 -4.2
0.0009016 -1.36 -4.2
0.000902 -1.44 -4.2
0.0009024 -1.44 -4.2
0.0009028 -1.6 -4.4
0.0009032 -1.6 -4.2
0.0009036 -1.68 -4.4
0.000904 -1.76 -4.6
0.0009044 -1.76 -4.6
0.0009048 -1.76 -4.6
0.0009052 -1.92 -4.6
0.0009056 -1.92 -4.6
0.000906 -2 -4.6
0.0009064 -2.08 -4.8
0.0009068 -2.08 -4.8
0.0009072 -2.16 -4.8
0.0009076 -2.24 -5
0.000908 -2.24 -5
0.0009084 -2.32 -5.2
0.0009088 -2.4 -4.8
0.0009092 -2.4 -5
0.0009096 -2.48 -5.2
0.00091 -2.64 -5.2
0.0009104 -2.64 -5
0.0009108 -2.72 -5.2
0.0009112 -2.72 -5.4
0.0009116 -2.88 -5.4
0.000912 -2.88 -5.4
0.0009124 -2.88 -5.4
0.0009128 -2.96 -5.6
0.0009132 -3.04 -5.6
0.0009136 -3.04 -5.4
0.000914 -3.04 -5.6
0.0009144 -3.2 -5.6
0.0009148 -3.2 -5.6
0.0009152 -3.28 -5.6
0.0009156 -3.28 -5.6
0.000916 -3.36 -5.8
0.0009164 -3.36 -5.8
0.0009168 -3.44 -5.8
0.0009172 -3.52 -5.6
0.0009176 -3.52 -5.6
0.000918 -3.6 -5.8
0.0009184 -3.68 -5.8
0.0009188 -3.68 -5.8
0.0009192 -3.68 -5.8
0.0009196 -3.68 -5.8
0.00092 -3.68 -5.8
0.0009204 -3.84 -5.8
0.0009208 -3.84 -5.8
0.0009212 -3.92 -6
0.0009216 -4 -6
0.000922 -4 -6
0.0009224 -4 -6
0.0009228 -4 -6
0.0009232 -4.16 -6.2
0.0009236 -4.16 -6
0.000924 -4.16 -6
0.0009244 -4.24 -6.2
0.0009248 -4.24 -6
0.0009252 -4.32 -6.2
0.0009256 -4.32 -6
0.000926 -4.32 -6.2
0.0009264 -4.4 -6.2
0.0009268 -4.32 -6.2
0.0009272 -4.4 -6
0.0009276 -4.48 -6.2
0.000928 -4.48 -6.2
0.0009284 -4.56 -6.2
0.0009288 -4.56 -6
0.0009292 -4.56 -6.2
0.0009296 -4.56 -6.2
0.00093 -4.64 -6.2
0.0009304 -4.64 -6.2
0.0009308 -4.72 -6.2
0.0009312 -4.64 -6.4
0.0009316 -4.8 -6.2
0.000932 -4.8 -6.2
0.0009324 -4.8 -6.2
0.0009328 -4.8 -6.2
0.0009332 -4.8 -6.2
0.0009336 -4.8 -6.2
0.000934 -4.88 -6
0.0009344 -4.88 -6
0.0009348 -4.88 -6
0.0009352 -4.96 -6
0.0009356 -4.96 -5.8
0.000936 -4.96 -6
0.0009364 -4.96 -6.2
0.0009368 -4.96 -6
0.0009372 -4.96 -5.8
0.0009376 -4.96 -6
0.000938 -5.04 -6
0.0009384 -4.96 -5.8
0.0009388 -4.96 -5.8
0.0009392 -5.12 -5.8
0.0009396 -5.04 -5.8
0.00094 -5.04 -5.8
0.0009404 -5.12 -5.6
0.0009408 -5.04 -5.8
0.0009412 -5.12 -5.8
0.0009416 -5.04 -5.6
0.000942 -5.12 -5.6
0.0009424 -5.04 -5.6
0.0009428 -5.12 -5.6
0.0009432 -5.12 -5.6
0.0009436 -5.04 -5.6
0.000944 -5.12 -5.6
0.0009444 -5.12 -5.6
0.0009448 -5.12 -5.4
0.0009452 -5.12 -5.4
0.0009456 -5.12 -5.4
0.000946 -5.04 -5.4
0.0009464 -5.12 -5.2
0.0009468 -5.12 -5.2
0.0009472 -5.04 -5.2
0.0009476 -5.12 -5.2
0.000948 -4.96 -5.2
0.0009484 -4.96 -5
0.0009488 -4.96 -5
0.0009492 -4.96 -5
0.0009496 -4.96 -5
0.00095 -4.96 -4.8
0.0009504 -4.96 -4.8
0.0009508 -4.96 -4.8
0.0009512 -4.96 -4.8
0.0009516 -4.96 -4.6
0.000952 -4.96 -4.8
0.0009524 -4.88 -4.8
0.0009528 -4.88 -4.6
0.0009532 -4.88 -4.6
0.0009536 -4.88 -4.6
0.000954 -4.8 -4.6
0.0009544 -4.88 -4.4
0.0009548 -4.8 -4.2
0.0009552 -4.8 -4.4
0.0009556 -4.72 -4.4
0.000956 -4.8 -4.2
0.0009564 -4.64 -4.2
0.0009568 -4.64 -4
0.0009572 -4.64 -4
0.0009576 -4.64 -4
0.000958 -4.56 -4
0.0009584 -4.56 -3.8
0.0009588 -4.56 -3.8
0.0009592 -4.48 -3.8
0.0009596 -4.48 -3.6
0.00096 -4.48 -3.6
0.0009604 -4.4 -3.6
0.0009608 -4.32 -3.4
0.0009612 -4.32 -3.4
0.0009616 -4.32 -3.2
0.000962 -4.24 -3.4
0.0009624 -4.32 -3.4
0.0009628 -4.24 -3.2
0.0009632 -4.16 -3
0.0009636 -4.16 -3
0.000964 -4.08 -3.2
0.0009644 -4 -3
0.0009648 -4 -2.8
0.0009652 -4 -2.6
0.0009656 -4 -2.8
0.000966 -3.92 -2.6
0.0009664 -3.84 -2.6
0.0009668 -3.84 -2.4
0.0009672 -3.84 -2.4
0.0009676 -3.76 -2.6
0.000968 -3.68 -2.4
0.0009684 -3.6 -2.2
0.0009688 -3.6 -2.4
0.0009692 -3.68 -2.2
0.0009696 -3.52 -2
0.00097 -3.44 -2
0.0009704 -3.44 -2.2
0.0009708 -3.36 -2.2
0.0009712 -3.36 -1.6
0.0009716 -3.28 -1.8
0.000972 -3.28 -1.6
0.0009724 -3.2 -1.8
0.0009728 -3.12 -1.4
0.0009732 -3.04 -1.4
0.0009736 -3.04 -1.4
0.000974 -2.96 -1.4
0.0009744 -2.96 -1.2
0.0009748 -2.88 -1
0.0009752 -2.88 -1
0.0009756 -2.72 -1
0.000976 -2.72 -1.2
0.0009764 -2.64 -1
0.0009768 -2.64 -0.8
0.0009772 -2.56 -0.8
0.0009776 -2.48 -0.8
0.000978 -2.4 -0.6
0.0009784 -2.4 -0.4
0.0009788 -2.32 -0.6
0.0009792 -2.32 -0.4
0.0009796 -2.24 -0.4
0.00098 -2.24 0
0.0009804 -2.16 -0.4
0.0009808 -2.08 0
0.0009812 -2 0.2
0.0009816 -2 0.2
0.000982 -1.92 0.2
0.0009824 -1.76 0.2
0.0009828 -1.76 0.4
0.0009832 -1.68 0.2
0.0009836 -1.68 0.4
0.000984 -1.6 0.6
0.0009844 -1.52 0.6
0.0009848 -1.52 0.8
0.0009852 -1.44 0.8
0.0009856 -1.36 0.6
0.000986 -1.36 1
0.0009864 -1.28 1
0.0009868 -1.12 1.2
0.0009872 -1.12 1
0.0009876 -1.04 1
0.000988 -1.04 1.4
0.0009884 -0.96 1.4
0.0009888 -0.88 1.2
0.0009892 -0.8 1.4
0.0009896 -0.72 1.8
0.00099 -0.72 1.6
0.0009904 -0.64 1.6
0.0009908 -0.56 1.6
0.0009912 -0.48 1.8
0.0009916 -0.48 2
0.000992 -0.4 2
0.0009924 -0.32 2
0.0009928 -0.16 2
0.0009932 -0.16 2
0.0009936 -0.16 2.2
0.000994 0 2.2
0.0009944 0 2.4
0.0009948 0.16 2.4
0.0009952 0.24 2.6
0.0009956 0.24 2.6
0.000996 0.32 2.6
0.0009964 0.4 2.6
0.0009968 0.4 2.8
0.0009972 0.56 2.8
0.0009976 0.56 2.8
0.000998 0.64 2.8
0.0009984 0.72 2.8
0.0009988 0.72 2.8
0.0009992 0.88 3
0.0009996 0.88 3.2
0.001 0.88 3.2
0.0010004 0.96 3.2
0.0010008 1.12 3.2
0.0010012 1.2 3.4
0.0010016 1.2 3.4
0.001002 1.2 3.4
0.0010024 1.28 3.6
0.0010028 1.36 3.6
0.0010032 1.44 3.6
0.0010036 1.52 3.6
0.001004 1.52 3.6
0.0010044 1.6 3.8
0.0010048 1.68 3.8
0.0010052 1.68 3.6
0.0010056 1.84 3.8
0.001006 1.84 3.8
0.0010064 1.84 4
0.0010068 1.92 4
0.0010072 2 4
0.0010076 2 4
0.001008 2.16 4.2
0.0010084 2.16 4.2
0.0010088 2.16 4
0.0010092 2.32 4.2
0.0010096 2.32 4.4
0.00101 2.4 4.4
0.0010104 2.48 4.2
0.0010108 2.48 4.4
0.0010112 2.56 4.6
0.0010116 2.64 4.4
0.001012 2.72 4.4
0.0010124 2.8 4.6
0.0010128 2.8 4.6
0.0010132 2.8 4.6
0.0010136 2.88 4.6
0.001014 2.96 4.8
0.0010144 2.96 4.8
0.0010148 2.96 4.8
0.0010152 3.04 4.8
0.0010156 3.12 4.8
0.001016 3.12 4.8
0.0010164 3.2 5
0.0010168 3.28 4.8
0.0010172 3.28 4.8
0.0010176 3.36 5
0.001018 3.44 5.2
0.0010184 3.44 5.2
0.0010188 3.52 5
0.0010192 3.52 5.2
0.0010196 3.6 5.2
0.00102 3.6 5.2
0.0010204 3.6 5.2
0.0010208 3.76 5.2
0.0010212 3.76 5.2
0.0010216 3.76 5.2
0.001022 3.84 5.2
0.0010224 3.92 5.2
0.0010228 3.92 5.2
0.0010232 3.92 5.2
0.0010236 3.92 5.2
0.001024 4.08 5.4
0.0010244 4.08 5.2
0.0010248 4.08 5.4
0.0010252 4.16 5.2
0.0010256 4.16 5.4
0.001026 4.16 5.4
0.0010264 4.16 5.4
0.0010268 4.24 5.4
0.0010272 4.32 5.2
0.0010276 4.24 5.4
0.001028 4.4 5.4
0.0010284 4.4 5.4
0.0010288 4.4 5.2
0.0010292 4.4 5.4
0.0010296 4.48 5.2
0.00103 4.48 5.2
0.0010304 4.48 5.4
0.0010308 4.56 5.2
0.0010312 4.48 5.4
0.0010316 4.56 5.2
0.001032 4.56 5.4
0.0010324 4.64 5.2
0.0010328 4.72 5.2
0.0010332 4.72 5.2
0.0010336 4.72 5.4
0.001034 4.72 5.4
0.0010344 4.72 5.4
0.0010348 4.72 5.2
0.0010352 4.72 5.2
0.0010356 4.8 5.2
0.001036 4.8 5.4
0.0010364 4.8 5.2
0.0010368 4.8 5
0.0010372 4.88 5
0.0010376 4.8 5.2
0.001038 4.8 5.2
0.0010384 4.88 5.2
0.0010388 4.88 5.2
0.0010392 4.88 5.2
0.0010396 4.88 5
0.00104 4.88 5
0.0010404 4.88 5
0.0010408 4.88 5
0.0010412 4.96 4.8
0.0010416 4.88 4.8
0.001042 4.96 4.8
0.0010424 4.88 4.8
0.0010428 4.96 4.8
0.0010432 4.96 4.8
0.0010436 4.88 4.8
0.001044 4.88 4.8
0.0010444 4.88 4.6
0.0010448 4.96 4.4
0.0010452 4.88 4.6
0.0010456 4.88 4.4
0.001046 4.96 4.6
0.0010464 4.88 4.4
0.0010468 4.88 4.4
0.0010472 4.88 4.4
0.0010476 4.88 4.4
0.001048 4.88 4.2
0.0010484 4.88 4.2
0.0010488 4.8 4.2
0.0010492 4.88 4.4
0.0010496 4.8 4.2
0.00105 4.8 4
0.0010504 4.8 4
0.0010508 4.8 4
0.0010512 4.8 4
0.0010516 4.8 4
0.001052 4.72 4
0.0010524 4.72 3.8
0.0010528 4.72 3.8
0.0010532 4.72 3.8
0.0010536 4.72 3.6
0.001054 4.72 3.8
0.0010544 4.72 3.6
0.0010548 4.64 3.4
0.0010552 4.64 3.4
0.0010556 4.56 3.4
0.001056 4.56 3.6
0.0010564 4.56 3.2
0.0010568 4.56 3.2
0.0010572 4.48 3.2
0.0010576 4.48 3.2
0.001058 4.48 3
0.0010584 4.4 3
0.0010588 4.4 3.2
0.0010592 4.4 3
0.0010596 4.24 2.8
0.00106 4.24 2.8
0.0010604 4.24 2.8
0.0010608 4.16 2.6
0.0010612 4.16 2.4
0.0010616 4.16 2.6
0.001062 4.08 2.6
0.0010624 4.08 2.4
0.0010628 4.08 2.4
0.0010632 3.92 2.2
0.0010636 4 2.4
0.001064 3.92 2.4
0.0010644 3.92 2
0.0010648 3.84 2
0.0010652 3.84 2
0.0010656 3.76 2
0.001066 3.76 2
0.0010664 3.76 1.8
0.0010668 3.68 1.6
0.0010672 3.6 1.8
0.0010676 3.6 1.6
0.001068 3.52 1.4
0.0010684 3.44 1.6
0.0010688 3.44 1.4
0.0010692 3.44 1.4
0.0010696 3.28 1.2
0.00107 3.28 1.2
0.0010704 3.28 1.2
0.0010708 3.28 1.2
0.0010712 3.12 0.8
0.0010716 3.12 1
0.001072 3.12 0.8
0.0010724 2.96 0.8
0.0010728 2.96 0.8
0.0010732 2.88 0.8
0.0010736 2.8 0.6
0.001074 2.88 0.6
0.0010744 2.8 0.4
0.0010748 2.72 0.4
0.0010752 2.64 0.2
0.0010756 2.56 0.4
0.001076 2.56 0.2
0.0010764 2.48 0.2
0.0010768 2.48 0
0.0010772 2.4 0
0.0010776 2.32 0
0.001078 2.32 -0.4
0.0010784 2.24 -0.4
0.0010788 2.16 -0.4
0.0010792 2.16 -0.6
0.0010796 2.08 -0.6
0.00108 2 -0.8
0.0010804 1.92 -0.8
0.0010808 1.92 -0.8
0.0010812 1.84 -0.8
0.0010816 1.84 -1
0.001082 1.68 -1
0.0010824 1.68 -1
0.0010828 1.6 -1.2
0.0010832 1.52 -1.2
0.0010836 1.52 -1.4
0.001084 1.52 -1.4
0.0010844 1.36 -1.6
0.0010848 1.28 -1.6
0.0010852 1.28 -1.6
0.0010856 1.2 -1.6
0.001086 1.2 -1.8
0.0010864 1.04 -2
0.0010868 0.96 -2
0.0010872 0.96 -1.8
0.0010876 0.88 -2
0.001088 0.88 -2
0.0010884 0.8 -2.2
0.0010888 0.72 -2.2
0.0010892 0.64 -2.2
0.0010896 0.56 -2.4
0.00109 0.56 -2.4
0.0010904 0.56 -2.4
0.0010908 0.4 -2.4
0.0010912 0.32 -2.6
0.0010916 0.24 -2.8
0.001092 0.24 -2.8
0.0010924 0.24 -2.8
0.0010928 0.08 -2.8
0.0010932 0 -3
0.0010936 -0.16 -3
0.001094 -0.16 -3
0.0010944 -0.24 -3.2
0.0010948 -0.32 -3.2
0.0010952 -0.32 -3.2
0.0010956 -0.4 -3.2
0.001096 -0.48 -3.4
0.0010964 -0.56 -3.4
0.0010968 -0.64 -3.4
0.0010972 -0.64 -3.4
0.0010976 -0.72 -3.4
0.001098 -0.8 -3.8
0.0010984 -0.8 -3.8
0.0010988 -0.96 -3.8
0.0010992 -0.96 -3.8
0.0010996 -1.04 -4
0.0011 -1.12 -4
0.0011004 -1.12 -4
0.0011008 -1.2 -4
0.0011012 -1.28 -4.2
0.0011016 -1.36 -4.2
0.001102 -1.44 -4.2
0.0011024 -1.52 -4.2
0.0011028 -1.44 -4.4
0.0011032 -1.6 -4.4
0.0011036 -1.68 -4.6
0.001104 -1.76 -4.6
0.0011044 -1.76 -4.6
0.0011048 -1.84 -4.6
0.0011052 -1.92 -4.6
0.0011056 -1.92 -4.6
0.001106 -2 -4.6
0.0011064 -2.08 -4.8
0.0011068 -2.08 -4.8
0.0011072 -2.24 -4.8
0.0011076 -2.24 -4.8
0.001108 -2.32 -5
0.0011084 -2.32 -5
0.0011088 -2.4 -5
0.0011092 -2.4 -5
0.0011096 -2.56 -5
0.00111 -2.56 -5.2
0.0011104 -2.64 -5
0.0011108 -2.64 -5.4
0.0011112 -2.72 -5.4
0.0011116 -2.72 -5.4
0.001112 -2.8 -5.4
0.0011124 -2.96 -5.6
0.0011128 -2.96 -5.6
0.0011132 -2.96 -5.4
0.0011136 -3.04 -5.4
0.001114 -3.12 -5.6
0.0011144 -3.04 -5.6
0.0011148 -3.2 -5.6
0.0011152 -3.28 -5.6
0.0011156 -3.28 -5.6
0.001116 -3.36 -5.8
0.0011164 -3.36 -5.8
0.0011168 -3.44 -5.8
0.0011172 -3.52 -5.8
0.0011176 -3.6 -5.8
0.001118 -3.6 -5.8
0.0011184 -3.6 -5.8
0.0011188 -3.68 -5.8
0.0011192 -3.68 -6
0.0011196 -3.68 -5.8
0.00112 -3.84 -5.8
0.0011204 -3.84 -6
0.0011208 -3.84 -6
0.0011212 -3.84 -6
0.0011216 -4 -6
0.001122 -4 -6
0.0011224 -4 -6
0.0011228 -4 -6
0.0011232 -4.16 -6.2
0.0011236 -4.16 -6.2
0.001124 -4.16 -6
0.0011244 -4.16 -6.2
0.0011248 -4.24 -6.2
0.0011252 -4.32 -6.2
0.0011256 -4.32 -6.2
0.001126 -4.32 -6.2
0.0011264 -4.32 -6.2
0.0011268 -4.4 -6
0.0011272 -4.48 -6.2
0.0011276 -4.48 -6.2
0.001128 -4.56 -6.2
0.0011284 -4.56 -6.2
0.0011288 -4.56 -6.4
0.0011292 -4.56 -6.2
0.0011296 -4.56 -6.2
0.00113 -4.64 -6
0.0011304 -4.64 -6.2
0.0011308 -4.64 -6.2
0.0011312 -4.64 -6
0.0011316 -4.8 -6
0.001132 -4.8 -6
0.0011324 -4.8 -6.2
0.0011328 -4.88 -6.2
0.0011332 -4.8 -6
0.0011336 -4.88 -6.2
0.001134 -4.88 -6.2
0.0011344 -4.88 -6
0.0011348 -4.88 -6
0.0011352 -4.96 -6
0.0011356 -4.96 -6
0.001136 -4.96 -6
0.0011364 -4.96 -6
0.0011368 -4.96 -5.8
0.0011372 -4.96 -6
0.0011376 -4.96 -5.8
0.001138 -4.96 -5.8
0.0011384 -4.96 -5.8
0.0011388 -5.12 -6
0.0011392 -4.96 -5.8
0.0011396 -5.04 -5.6
0.00114 -5.12 -5.6
0.0011404 -5.04 -5.8
0.0011408 -5.04 -5.6
0.0011412 -5.12 -5.6
0.0011416 -5.04 -5.6
0.001142 -5.12 -5.6
0.0011424 -5.12 -5.6
0.0011428 -5.12 -5.6
0.0011432 -5.12 -5.6
0.0011436 -5.04 -5.6
0.001144 -5.12 -5.6
0.0011444 -5.12 -5.6
0.0011448 -5.12 -5.4
0.0011452 -5.12 -5.2
0.0011456 -5.12 -5.4
0.001146 -5.12 -5.4
0.0011464 -5.12 -5.2
0.0011468 -5.04 -5.4
0.0011472 -5.12 -5.4
0.0011476 -5.12 -5.2
0.001148 -4.96 -5
0.0011484 -5.04 -5
0.0011488 -4.96 -5.2
0.0011492 -4.96 -5
0.0011496 -4.96 -4.8
0.00115 -4.96 -4.8
0.0011504 -4.96 -4.8
0.0011508 -4.96 -4.8
0.0011512 -4.96 -4.8
0.0011516 -4.96 -4.8
0.001152 -4.96 -4.8
0.0011524 -4.96 -4.6
0.0011528 -4.96 -4.6
0.0011532 -4.88 -4.6
0.0011536 -4.88 -4.4
0.001154 -4.88 -4.6
0.0011544 -4.8 -4.4
0.0011548 -4.8 -4.2
0.0011552 -4.72 -4.2
0.0011556 -4.8 -4.4
0.001156 -4.64 -4.2
0.0011564 -4.64 -4.2
0.0011568 -4.64 -4.2
0.0011572 -4.64 -4.2
0.0011576 -4.64 -4
0.001158 -4.64 -3.8
0.0011584 -4.56 -4
0.0011588 -4.56 -4
0.0011592 -4.48 -3.8
0.0011596 -4.48 -3.6
0.00116 -4.48 -3.4
0.0011604 -4.48 -3.6
0.0011608 -4.4 -3.6
0.0011612 -4.32 -3.4
0.0011616 -4.24 -3.4
0.001162 -4.32 -3.2
0.0011624 -4.24 -3.2
0.0011628 -4.24 -3.2
0.0011632 -4.24 -3.2
0.0011636 -4.16 -3
0.001164 -4.08 -3.2
0.0011644 -4.08 -3
0.0011648 -4 -2.8
0.0011652 -4 -2.8
0.0011656 -4 -2.8
0.001166 -3.84 -2.8
0.0011664 -3.84 -2.6
0.0011668 -3.84 -2.4
0.0011672 -3.68 -2.4
0.0011676 -3.68 -2.4
0.001168 -3.68 -2.4
0.0011684 -3.6 -2.2
0.0011688 -3.6 -2.4
0.0011692 -3.52 -2.2
0.0011696 -3.52 -2
0.00117 -3.44 -2.2
0.0011704 -3.44 -1.8
0.0011708 -3.36 -2
0.0011712 -3.36 -1.8
0.0011716 -3.28 -1.6
0.001172 -3.28 -1.6
0.0011724 -3.2 -1.6
0.0011728 -3.2 -1.6
0.0011732 -3.04 -1.6
0.0011736 -3.04 -1.4
0.001174 -2.96 -1.2
0.0011744 -2.96 -1.2
0.0011748 -2.88 -1
0.0011752 -2.8 -1
0.0011756 -2.72 -1.2
0.001176 -2.72 -1
0.0011764 -2.64 -0.8
0.0011768 -2.64 -0.8
0.0011772 -2.56 -0.8
0.0011776 -2.56 -0.8
0.001178 -2.4 -0.4
0.0011784 -2.4 -0.6
0.0011788 -2.4 -0.6
0.0011792 -2.32 -0.4
0.0011796 -2.24 0
0.00118 -2.24 0
0.0011804 -2.08 0
0.0011808 -2.08 0
0.0011812 -2.08 0.2
0.0011816 -2 0.2
0.001182 -1.92 0.2
0.0011824 -1.76 0.2
0.0011828 -1.76 0.4
0.0011832 -1.76 0.4
0.0011836 -1.68 0.6
0.001184 -1.6 0.6
0.0011844 -1.52 0.6
0.0011848 -1.44 0.8
0.0011852 -1.44 0.8
0.0011856 -1.44 0.8
0.001186 -1.28 0.8
0.0011864 -1.28 1.2
0.0011868 -1.12 1.2
0.0011872 -1.12 1
0.0011876 -1.04 1.2
0.001188 -1.04 1.2
0.0011884 -0.96 1.6
0.0011888 -0.88 1.4
0.0011892 -0.8 1.6
0.0011896 -0.72 1.6
0.00119 -0.64 1.6
0.0011904 -0.64 1.6
0.0011908 -0.56 1.8
0.0011912 -0.48 1.8
0.0011916 -0.48 1.8
0.001192 -0.4 1.8
0.0011924 -0.32 2
0.0011928 -0.32 2
0.0011932 -0.16 2
0.0011936 -0.16 2.4
0.001194 0 2.4
0.0011944 0.08 2.4
0.0011948 0.16 2.6
0.0011952 0.24 2.4
0.0011956 0.24 2.4
0.001196 0.32 2.6
0.0011964 0.4 2.8
0.0011968 0.4 2.6
0.0011972 0.48 2.8
0.0011976 0.56 3
0.001198 0.64 2.8
0.0011984 0.72 2.8
0.0011988 0.72 3
0.0011992 0.88 3.2
0.0011996 0.88 3.2
0.0012 0.96 3.2
0.0012004 1.04 3.2
0.0012008 1.04 3.2
0.0012012 1.2 3.2
0.0012016 1.2 3.4
0.001202 1.28 3.4
0.0012024 1.28 3.6
0.0012028 1.36 3.6
0.0012032 1.36 3.4
0.0012036 1.52 3.6
0.001204 1.52 3.8
0.0012044 1.6 3.8
0.0012048 1.6 3.8
0.0012052 1.68 3.6
0.0012056 1.76 3.8
0.001206 1.84 4
0.0012064 1.92 4
0.0012068 1.92 4
0.0012072 2 4
0.0012076 2.08 4.2
0.001208 2.16 4
0.0012084 2.16 4.2
0.0012088 2.24 4.2
0.0012092 2.32 4.4
0.0012096 2.32 4.2
0.00121 2.4 4.2
0.0012104 2.48 4.4
0.0012108 2.48 4.4
0.0012112 2.56 4.4
0.0012116 2.64 4.4
0.001212 2.64 4.6
0.0012124 2.8 4.6
0.0012128 2.8 4.6
0.0012132 2.8 4.6
0.0012136 2.88 4.6
0.001214 2.96 4.8
0.0012144 2.96 5
0.0012148 3.04 4.8
0.0012152 3.12 4.6
0.0012156 3.12 4.8
0.001216 3.2 5
0.0012164 3.2 5
0.0012168 3.28 5
0.0012172 3.36 5
0.0012176 3.36 5
0.001218 3.44 5
0.0012184 3.44 5
0.0012188 3.52 5.2
0.0012192 3.52 5.2
0.0012196 3.6 5
0.00122 3.6 5.2
0.0012204 3.6 5.2
0.0012208 3.68 5.2
0.0012212 3.76 5.2
0.0012216 3.76 5.2
0.001222 3.76 5.2
0.0012224 3.84 5.4
0.0012228 3.84 5.4
0.0012232 3.92 5.2
0.0012236 3.92 5.2
0.001224 3.92 5.2
0.0012244 4.08 5.4
0.0012248 4.08 5.2
0.0012252 4.08 5.2
0.0012256 4.08 5.4
0.001226 4.16 5.4
0.0012264 4.24 5.2
0.0012268 4.24 5.2
0.0012272 4.24 5.4
0.0012276 4.24 5.4
0.001228 4.32 5.2
0.0012284 4.4 5.2
0.0012288 4.4 5.4
0.0012292 4.4 5.6
0.0012296 4.48 5.4
0.00123 4.48 5.4
0.0012304 4.56 5.4
0.0012308 4.56 5.4
0.0012312 4.56 5.4
0.0012316 4.56 5.2
0.001232 4.56 5.4
0.0012324 4.72 5.4
0.0012328 4.72 5.4
0.0012332 4.72 5.2
0.0012336 4.64 5.2
0.001234 4.72 5.4
0.0012344 4.72 5.4
0.0012348 4.72 5.2
0.0012352 4.72 5.2
0.0012356 4.8 5.4
0.001236 4.8 5.2
0.0012364 4.8 5.2
0.0012368 4.8 5
0.0012372 4.8 5.2
0.0012376 4.88 5.2
0.001238 4.8 5
0.0012384 4.8 5
0.0012388 4.88 5.2
0.0012392 4.88 5
0.0012396 4.88 5
0.00124 4.88 5
0.0012404 4.88 5
0.0012408 4.88 5
0.0012412 4.88 5
0.0012416 4.88 4.8
0.001242 4.96 4.8
0.0012424 4.88 4.8
0.0012428 4.88 4.8
0.0012432 4.88 4.6
0.0012436 4.88 4.8
0.001244 4.96 4.8
0.0012444 4.88 4.6
0.0012448 4.96 4.6
0.0012452 4.88 4.6
0.0012456 4.88 4.6
0.001246 4.88 4.6
0.0012464 4.88 4.4
0.0012468 4.88 4.4
0.0012472 4.88 4.6
0.0012476 4.88 4.4
0.001248 4.88 4.2
0.0012484 4.88 4.2
0.0012488 4.8 4.4
0.0012492 4.88 4.2
0.0012496 4.8 4.2
0.00125 4.8 4
0.0012504 4.8 4
0.0012508 4.8 4
0.0012512 4.8 4
0.0012516 4.72 4
0.001252 4.8 4
0.0012524 4.72 4
0.0012528 4.72 3.8
0.0012532 4.72 3.8
0.0012536 4.72 3.8
0.001254 4.72 3.8
0.0012544 4.72 3.4
0.0012548 4.56 3.4
0.0012552 4.64 3.4
0.0012556 4.56 3.6
0.001256 4.56 3.4
0.0012564 4.56 3.2
0.0012568 4.48 3.2
0.0012572 4.48 3.2
0.0012576 4.48 3.2
0.001258 4.4 3
0.0012584 4.4 3
0.0012588 4.32 3
0.0012592 4.4 3
0.0012596 4.24 2.8
0.00126 4.24 2.8
0.0012604 4.24 2.8
0.0012608 4.16 2.8
0.0012612 4.16 2.6
0.0012616 4.16 2.6
0.001262 4.08 2.6
0.0012624 4.08 2.4
0.0012628 4.08 2.4
0.0012632 4.08 2.4
0.0012636 3.92 2.4
0.001264 3.92 2.2
0.0012644 3.84 2.2
0.0012648 3.84 2
0.0012652 3.76 2
0.0012656 3.76 2
0.001266 3.76 1.8
0.0012664 3.76 1.8
0.0012668 3.68 1.6
0.0012672 3.6 1.8
0.0012676 3.6 1.6
0.001268 3.52 1.6
0.0012684 3.52 1.6
0.0012688 3.44 1.4
0.0012692 3.44 1.2
0.0012696 3.44 1.4
0.00127 3.28 1.2
0.0012704 3.28 1
0.0012708 3.28 1.2
0.0012712 3.12 1
0.0012716 3.12 1
0.001272 3.12 0.8
0.0012724 3.12 0.8
0.0012728 2.96 0.8
0.0012732 2.88 0.8
0.0012736 2.88 0.6
0.001274 2.8 0.4
0.0012744 2.8 0.4
0.0012748 2.72 0.4
0.0012752 2.64 0.4
0.0012756 2.64 0.4
0.001276 2.56 0.2
0.0012764 2.48 0
0.0012768 2.48 0
0.0012772 2.32 0
0.0012776 2.32 0
0.001278 2.32 -0.4
0.0012784 2.24 0
0.0012788 2.16 -0.4
0.0012792 2.16 -0.6
0.0012796 2 -0.6
0.00128 2 -0.8
0.0012804 2 -0.8
0.0012808 1.92 -0.8
0.0012812 1.84 -1
0.0012816 1.84 -1
0.001282 1.68 -1
0.0012824 1.68 -1
0.0012828 1.6 -1.2
0.0012832 1.52 -1
0.0012836 1.52 -1.2
0.001284 1.52 -1.4
0.0012844 1.36 -1.6
0.0012848 1.36 -1.6
0.0012852 1.28 -1.6
0.0012856 1.2 -1.6
0.001286 1.2 -1.6
0.0012864 1.12 -1.8
0.0012868 1.04 -1.8
0.0012872 0.96 -2
0.0012876 0.88 -2
0.001288 0.88 -2
0.0012884 0.72 -2.2
0.0012888 0.64 -2.2
0.0012892 0.64 -2.4
0.0012896 0.56 -2.4
0.00129 0.56 -2.4
0.0012904 0.48 -2.6
0.0012908 0.4 -2.6
0.0012912 0.4 -2.6
0.0012916 0.24 -2.6
0.001292 0.24 -2.6
0.0012924 0.16 -2.8
0.0012928 0.08 -3
0.0012932 0 -3
0.0012936 -0.16 -3
0.001294 -0.16 -3.2
0.0012944 -0.24 -3.2
0.0012948 -0.24 -3.2
0.0012952 -0.32 -3.2
0.0012956 -0.4 -3.4
0.001296 -0.48 -3.4
0.0012964 -0.48 -3.4
0.0012968 -0.56 -3.4
0.0012972 -0.64 -3.6
0.0012976 -0.8 -3.6
0.001298 -0.8 -3.6
0.0012984 -0.88 -3.8
0.0012988 -0.96 -3.8
0.0012992 -0.96 -3.8
0.0012996 -1.12 -3.8
0.0013 -1.12 -4
0.0013004 -1.12 -4.2
0.0013008 -1.2 -4
0.0013012 -1.28 -4
0.0013016 -1.36 -4.2
0.001302 -1.44 -4.2
0.0013024 -1.44 -4.4
0.0013028 -1.52 -4.4
0.0013032 -1.6 -4.4
0.0013036 -1.68 -4.2
0.001304 -1.76 -4.6
0.0013044 -1.76 -4.6
0.0013048 -1.84 -4.6
0.0013052 -1.92 -4.6
0.0013056 -2 -4.8
0.001306 -2 -4.8
0.0013064 -2 -4.8
0.0013068 -2.08 -4.8
0.0013072 -2.24 -5
0.0013076 -2.24 -5
0.001308 -2.24 -4.8
0.0013084 -2.4 -4.8
0.0013088 -2.4 -5
0.0013092 -2.4 -5
0.0013096 -2.48 -5
0.00131 -2.64 -5.4
0.0013104 -2.64 -5.2
0.0013108 -2.64 -5.4
0.0013112 -2.72 -5.2
0.0013116 -2.72 -5.2
0.001312 -2.88 -5.4
0.0013124 -2.88 -5.4
0.0013128 -2.96 -5.6
0.0013132 -3.04 -5.4
0.0013136 -3.04 -5.4
0.001314 -3.04 -5.6
0.0013144 -3.12 -5.6
0.0013148 -3.2 -5.6
0.0013152 -3.28 -5.6
0.0013156 -3.28 -5.8
0.001316 -3.36 -5.8
0.0013164 -3.36 -5.6
0.0013168 -3.36 -5.6
0.0013172 -3.52 -5.8
0.0013176 -3.52 -5.8
0.001318 -3.6 -5.8
0.0013184 -3.6 -5.8
0.0013188 -3.68 -5.8
0.0013192 -3.68 -5.8
0.0013196 -3.76 -5.8
0.00132 -3.84 -6
0.0013204 -3.92 -5.8
0.0013208 -3.92 -6
0.0013212 -3.92 -6
0.0013216 -3.92 -5.8
0.001322 -4 -6
0.0013224 -4 -6.2
0.0013228 -4.08 -6.2
0.0013232 -4.16 -5.8
0.0013236 -4.16 -6
0.001324 -4.24 -6.2
0.0013244 -4.24 -6.2
0.0013248 -4.24 -6
0.0013252 -4.32 -6.2
0.0013256 -4.32 -6.2
0.001326 -4.32 -6.2
0.0013264 -4.32 -6
0.0013268 -4.4 -6
0.0013272 -4.48 -6.2
0.0013276 -4.48 -6
0.001328 -4.56 -6.2
0.0013284 -4.56 -6
0.0013288 -4.56 -6.2
0.0013292 -4.64 -6.2
0.0013296 -4.64 -6.2
0.00133 -4.64 -6.2
0.0013304 -4.72 -6
0.0013308 -4.64 -6.2
0.0013312 -4.64 -6.2
0.0013316 -4.8 -6.2
0.001332 -4.8 -6
0.0013324 -4.8 -6.2
0.0013328 -4.8 -6
0.0013332 -4.88 -5.8
0.0013336 -4.8 -6
0.001334 -4.88 -6.2
0.0013344 -4.88 -6.2
0.0013348 -4.96 -5.8
0.0013352 -4.96 -6
0.0013356 -4.96 -6.2
0.001336 -4.96 -6
0.0013364 -4.96 -5.8
0.0013368 -4.96 -6
0.0013372 -4.96 -5.8
0.0013376 -4.96 -6
0.001338 -4.96 -5.8
0.0013384 -4.96 -5.8
0.0013388 -5.04 -5.8
0.0013392 -4.96 -5.8
0.0013396 -4.96 -5.8
0.00134 -4.96 -5.8
0.0013404 -5.04 -5.8
0.0013408 -5.04 -5.8
0.0013412 -5.12 -5.8
0.0013416 -5.12 -5.6
0.001342 -5.04 -5.8
0.0013424 -5.04 -5.6
0.0013428 -5.12 -5.6
0.0013432 -5.12 -5.4
0.0013436 -5.12 -5.6
0.001344 -5.04 -5.6
0.0013444 -5.12 -5.6
0.0013448 -5.12 -5.4
0.0013452 -5.04 -5.4
0.0013456 -5.04 -5.4
0.001346 -5.12 -5.4
0.0013464 -5.12 -5.2
0.0013468 -4.96 -5.2
0.0013472 -5.12 -5.2
0.0013476 -5.12 -5.2
0.001348 -4.96 -5
0.0013484 -4.96 -5.2
0.0013488 -4.96 -5
0.0013492 -4.96 -5
0.0013496 -4.96 -5
0.00135 -4.96 -5
0.0013504 -4.96 -5
0.0013508 -4.96 -4.8
0.0013512 -4.96 -4.6
0.0013516 -4.88 -4.8
0.001352 -4.96 -4.8
0.0013524 -4.96 -4.6
0.0013528 -4.96 -4.6
0.0013532 -4.88 -4.6
0.0013536 -4.88 -4.6
0.001354 -4.88 -4.6
0.0013544 -4.8 -4.6
0.0013548 -4.8 -4.2
0.0013552 -4.8 -4.4
0.0013556 -4.8 -4.2
0.001356 -4.72 -4.2
0.0013564 -4.64 -4.2
0.0013568 -4.64 -4.2
0.0013572 -4.64 -4
0.0013576 -4.64 -4
0.001358 -4.56 -4
0.0013584 -4.56 -4
0.0013588 -4.56 -3.8
0.0013592 -4.48 -3.8
0.0013596 -4.48 -3.8
0.00136 -4.48 -3.6
0.0013604 -4.32 -3.4
0.0013608 -4.4 -3.4
0.0013612 -4.32 -3.4
0.0013616 -4.32 -3.4
0.001362 -4.24 -3.2
0.0013624 -4.24 -3.2
0.0013628 -4.24 -3
0.0013632 -4.16 -3
0.0013636 -4.16 -3.2
0.001364 -4.16 -3
0.0013644 -4 -3
0.0013648 -4 -2.8
0.0013652 -4 -2.8
0.0013656 -3.92 -2.6
0.001366 -3.92 -2.6
0.0013664 -3.84 -2.6
0.0013668 -3.84 -2.6
0.0013672 -3.84 -2.4
0.0013676 -3.68 -2.4
0.001368 -3.68 -2.4
0.0013684 -3.6 -2.4
0.0013688 -3.6 -2.2
0.0013692 -3.6 -2.2
0.0013696 -3.52 -2
0.00137 -3.52 -2.2
0.0013704 -3.36 -1.8
0.0013708 -3.36 -1.8
0.0013712 -3.36 -1.8
0.0013716 -3.28 -1.8
0.001372 -3.2 -1.8
0.0013724 -3.2 -1.6
0.0013728 -3.12 -1.4
0.0013732 -3.04 -1.6
0.0013736 -3.04 -1.4
0.001374 -3.04 -1.4
0.0013744 -2.96 -1.2
0.0013748 -2.96 -1.2
0.0013752 -2.88 -1
0.0013756 -2.72 -1
0.001376 -2.72 -1
0.0013764 -2.72 -1
0.0013768 -2.64 -0.8
0.0013772 -2.56 -0.8
0.0013776 -2.56 -0.6
0.001378 -2.4 -0.6
0.0013784 -2.4 -0.6
0.0013788 -2.32 -0.6
0.0013792 -2.24 -0.4
0.0013796 -2.24 -0.4
0.00138 -2.08 -0.4
0.0013804 -2.08 0
0.0013808 -2 0.2
0.0013812 -2 0.2
0.0013816 -1.92 0
0.001382 -1.92 0.2
0.0013824 -1.92 0.4
0.0013828 -1.76 0.4
0.0013832 -1.68 0.4
0.0013836 -1.6 0.4
0.001384 -1.6 0.6
0.0013844 -1.6 0.6
0.0013848 -1.44 0.8
0.0013852 -1.44 0.8
0.0013856 -1.44 1
0.001386 -1.36 1
0.0013864 -1.28 1
0.0013868 -1.12 1
0.0013872 -1.12 1.2
0.0013876 -1.12 1.2
0.001388 -1.04 1.2
0.0013884 -0.96 1.2
0.0013888 -0.8 1.4
0.0013892 -0.8 1.6
0.0013896 -0.72 1.6
0.00139 -0.72 1.6
0.0013904 -0.64 1.6
0.0013908 -0.56 1.8
0.0013912 -0.48 1.8
0.0013916 -0.48 1.8
0.001392 -0.4 2
0.0013924 -0.32 2.2
0.0013928 -0.24 2.2
0.0013932 -0.16 2
0.0013936 -0.16 2
0.001394 0 2.4
0.0013944 0.08 2.4
0.0013948 0.16 2.4
0.0013952 0.24 2.4
0.0013956 0.24 2.6
0.001396 0.32 2.6
0.0013964 0.32 2.6
0.0013968 0.4 2.6
0.0013972 0.56 2.8
0.0013976 0.64 2.8
0.001398 0.56 2.8
0.0013984 0.64 2.8
0.0013988 0.72 2.8
0.0013992 0.8 3.2
0.0013996 0.88 3
0.0014 0.96 3.2
0.0014004 1.04 3.2
0.0014008 1.12 3.4
0.0014012 1.2 3.2
0.0014016 1.2 3.2
0.001402 1.2 3.2
0.0014024 1.28 3.6
0.0014028 1.36 3.6
0.0014032 1.36 3.4
0.0014036 1.52 3.6
0.001404 1.52 3.8
0.0014044 1.6 3.8
0.0014048 1.68 3.6
0.0014052 1.68 4
0.0014056 1.84 4
0.001406 1.84 4
0.0014064 1.84 4
0.0014068 1.92 4
0.0014072 2 4
0.0014076 2.08 4.2
0.001408 2.16 4.2
0.0014084 2.16 4.2
0.0014088 2.24 4.2
0.0014092 2.32 4.2
0.0014096 2.32 4.4
0.00141 2.48 4.4
0.0014104 2.48 4.4
0.0014108 2.56 4.4
0.0014112 2.56 4.4
0.0014116 2.56 4.4
0.001412 2.64 4.6
0.0014124 2.8 4.6
0.0014128 2.8 4.6
0.0014132 2.8 4.6
0.0014136 2.88 4.6
0.001414 2.96 4.8
0.0014144 3.04 4.8
0.0014148 2.96 4.8
0.0014152 3.12 4.8
0.0014156 3.12 4.8
0.001416 3.2 5
0.0014164 3.2 4.8
0.0014168 3.28 5
0.0014172 3.28 5
0.0014176 3.44 5.2
0.001418 3.44 5
0.0014184 3.44 5
0.0014188 3.52 5
0.0014192 3.6 5.2
0.0014196 3.6 5
0.00142 3.6 5
0.0014204 3.6 5.2
0.0014208 3.68 5.2
0.0014212 3.76 5
0.0014216 3.76 5.2
0.001422 3.84 5.2
0.0014224 3.84 5.2
0.0014228 3.92 5.2
0.0014232 3.92 5.2
0.0014236 3.92 5.2
0.001424 4.08 5.2
0.0014244 4.08 5.2
0.0014248 4.08 5.2
0.0014252 4.08 5.2
0.0014256 4.08 5.6
0.001426 4.16 5.2
0.0014264 4.16 5.2
0.0014268 4.24 5.2
0.0014272 4.24 5.4
0.0014276 4.24 5.4
0.001428 4.32 5.4
0.0014284 4.4 5.2
0.0014288 4.4 5.4
0.0014292 4.4 5.4
0.0014296 4.4 5.4
0.00143 4.48 5.4
0.0014304 4.48 5.4
0.0014308 4.56 5.4
0.0014312 4.56 5.4
0.0014316 4.64 5.4
0.001432 4.72 5.4
0.0014324 4.72 5.6
0.0014328 4.72 5.2
0.0014332 4.72 5
0.0014336 4.72 5.2
0.001434 4.72 5.4
0.0014344 4.72 5.2
0.0014348 4.72 5.2
0.0014352 4.72 5.2
0.0014356 4.8 5.2
0.001436 4.8 5.2
0.0014364 4.8 5
0.0014368 4.8 5
0.0014372 4.8 5.2
0.0014376 4.8 5.2
0.001438 4.88 5
0.0014384 4.88 5
0.0014388 4.88 5
0.0014392 4.88 5
0.0014396 4.88 5
0.00144 4.88 5
0.0014404 4.88 5.2
0.0014408 4.88 5
0.0014412 4.88 4.8
0.0014416 4.88 5
0.001442 4.88 5
0.0014424 4.96 4.8
0.0014428 4.88 4.8
0.0014432 4.88 4.8
0.0014436 4.88 4.6
0.001444 4.96 4.8
0.0014444 4.96 4.8
0.0014448 4.88 4.6
0.0014452 4.96 4.6
0.0014456 4.88 4.4
0.001446 4.88 4.6
0.0014464 4.88 4.4
0.0014468 4.88 4.4
0.0014472 4.88 4.4
0.0014476 4.88 4.2
0.001448 4.88 4.4
0.0014484 4.8 4.2
0.0014488 4.88 4.2
0.0014492 4.88 4.2
0.0014496 4.8 4.2
0.00145 4.88 4.2
0.0014504 4.8 4
0.0014508 4.8 4
0.0014512 4.8 4
0.0014516 4.8 4
0.001452 4.8 4
0.0014524 4.72 4
0.0014528 4.72 3.6
0.0014532 4.72 3.6
0.0014536 4.72 3.6
0.001454 4.64 3.6
0.0014544 4.72 3.6
0.0014548 4.72 3.6
0.0014552 4.56 3.4
0.0014556 4.56 3.4
0.001456 4.56 3.4
0.0014564 4.48 3.4
0.0014568 4.48 3.2
0.0014572 4.48 3.2
0.0014576 4.4 3
0.001458 4.48 3.2
0.0014584 4.4 3
0.0014588 4.4 3.2
0.0014592 4.24 3
0.0014596 4.32 2.8
0.00146 4.24 2.8
0.0014604 4.24 2.8
0.0014608 4.16 2.6
0.0014612 4.16 2.6
0.0014616 4.08 2.6
0.001462 4.08 2.8
0.0014624 4.08 2.6
0.0014628 4.08 2.4
0.0014632 4.08 2.4
0.0014636 3.92 2.4
0.001464 3.92 2.2
0.0014644 3.84 2.2
0.0014648 3.84 2
0.0014652 3.76 2.2
0.0014656 3.76 1.8
0.001466 3.76 1.8
0.0014664 3.76 1.8
0.0014668 3.6 2
0.0014672 3.6 1.6
0.0014676 3.6 1.6
0.001468 3.52 1.6
0.0014684 3.44 1.6
0.0014688 3.44 1.4
0.0014692 3.44 1.2
0.0014696 3.28 1.2
0.00147 3.28 1.2
0.0014704 3.28 1.2
0.0014708 3.28 1
0.0014712 3.2 1
0.0014716 3.12 0.8
0.001472 3.12 1
0.0014724 2.96 0.8
0.0014728 2.96 0.8
0.0014732 2.96 0.8
0.0014736 2.88 0.6
0.001474 2.8 0.4
0.0014744 2.8 0.4
0.0014748 2.8 0.6
0.0014752 2.64 0.4
0.0014756 2.64 0.2
0.001476 2.56 0
0.0014764 2.48 0.2
0.0014768 2.48 0
0.0014772 2.4 0
0.0014776 2.32 0
0.001478 2.24 0
0.0014784 2.24 -0.4
0.0014788 2.16 -0.4
0.0014792 2.16 -0.6
0.0014796 2.08 -0.6
0.00148 2 -0.6
0.0014804 1.92 -0.6
0.0014808 1.92 -1
0.0014812 1.84 -1
0.0014816 1.84 -0.8
0.001482 1.76 -0.8
0.0014824 1.68 -1.2
0.0014828 1.6 -1.2
0.0014832 1.6 -1.2
0.0014836 1.52 -1.2
0.001484 1.52 -1.6
0.0014844 1.36 -1.6
0.0014848 1.28 -1.4
0.0014852 1.28 -1.6
0.0014856 1.2 -1.8
0.001486 1.12 -1.8
0.0014864 1.12 -1.8
0.0014868 1.04 -1.8
0.0014872 0.96 -2
0.0014876 0.88 -2.2
0.001488 0.88 -2.2
0.0014884 0.72 -2
0.0014888 0.72 -2.2
0.0014892 0.64 -2.2
0.0014896 0.64 -2.4
0.00149 0.56 -2.4
0.0014904 0.4 -2.4
0.0014908 0.32 -2.8
0.0014912 0.32 -2.6
0.0014916 0.32 -2.6
0.001492 0.24 -2.6
0.0014924 0.08 -3
0.0014928 0.08 -3
0.0014932 0 -2.8
0.0014936 0 -3
0.001494 -0.16 -3.2
0.0014944 -0.16 -3.2
0.0014948 -0.32 -3.2
0.0014952 -0.32 -3.4
0.0014956 -0.4 -3.4
0.001496 -0.48 -3.4
0.0014964 -0.56 -3.4
0.0014968 -0.64 -3.4
0.0014972 -0.64 -3.6
0.0014976 -0.72 -3.6
0.001498 -0.8 -3.6
0.0014984 -0.8 -3.8
0.0014988 -0.96 -3.8
0.0014992 -1.04 -4
0.0014996 -1.04 -3.8
0.0015 -1.12 -3.8
0.0015004 -1.12 -4
0.0015008 -1.28 -4.2
0.0015012 -1.36 -4.2
0.0015016 -1.36 -4
0.001502 -1.44 -4.2
0.0015024 -1.44 -4.4
0.0015028 -1.6 -4.4
0.0015032 -1.6 -4.2
0.0015036 -1.68 -4.4
0.001504 -1.68 -4.6
0.0015044 -1.76 -4.6
0.0015048 -1.76 -4.6
0.0015052 -1.92 -4.6
0.0015056 -1.92 -4.8
0.001506 -2 -4.8
0.0015064 -2 -4.8
0.0015068 -2.08 -4.8
0.0015072 -2.16 -4.8
0.0015076 -2.24 -5
0.001508 -2.32 -5
0.0015084 -2.32 -5
0.0015088 -2.4 -5
0.0015092 -2.4 -5
0.0015096 -2.56 -5
0.00151 -2.56 -5.2
0.0015104 -2.64 -5.4
0.0015108 -2.64 -5.4
0.0015112 -2.72 -5.2
0.0015116 -2.72 -5.2
0.001512 -2.88 -5.4
0.0015124 -2.96 -5.4
0.0015128 -2.96 -5.6
0.0015132 -3.04 -5.4
0.0015136 -3.04 -5.4
0.001514 -3.04 -5.6
0.0015144 -3.2 -5.6
0.0015148 -3.2 -5.6
0.0015152 -3.2 -5.6
0.0015156 -3.28 -5.8
0.001516 -3.36 -5.8
0.0015164 -3.36 -5.8
0.0015168 -3.52 -5.8
0.0015172 -3.52 -5.8
0.0015176 -3.52 -5.6
0.001518 -3.6 -5.8
0.0015184 -3.6 -5.8
0.0015188 -3.68 -5.8
0.0015192 -3.68 -5.8
0.0015196 -3.68 -5.8
0.00152 -3.84 -5.8
0.0015204 -3.84 -5.8
0.0015208 -3.84 -6
0.0015212 -3.92 -5.8
0.0015216 -4 -5.8
0.001522 -4 -6.2
0.0015224 -4 -6.2
0.0015228 -4 -6.2
0.0015232 -4.08 -6
0.0015236 -4.16 -6
0.001524 -4.16 -6.2
0.0015244 -4.16 -6.2
0.0015248 -4.24 -6.2
0.0015252 -4.24 -6.2
0.0015256 -4.24 -6.2
0.001526 -4.32 -6
0.0015264 -4.4 -6
0.0015268 -4.48 -6.2
0.0015272 -4.48 -6.2
0.0015276 -4.48 -6.2
0.001528 -4.48 -6.2
0.0015284 -4.56 -6.2
0.0015288 -4.56 -6.2
0.0015292 -4.56 -6
0.0015296 -4.64 -6.2
0.00153 -4.64 -6
0.0015304 -4.64 -6.2
0.0015308 -4.72 -6.2
0.0015312 -4.64 -6
0.0015316 -4.8 -6.2
0.001532 -4.8 -6.2
0.0015324 -4.8 -6.2
0.0015328 -4.8 -6
0.0015332 -4.8 -6.2
0.0015336 -4.8 -6
0.001534 -4.88 -6
0.0015344 -4.88 -6
0.0015348 -4.96 -6
0.0015352 -4.96 -6
0.0015356 -4.96 -6
0.001536 -4.96 -5.8
0.0015364 -4.96 -6
0.0015368 -4.96 -6
0.0015372 -4.96 -5.8
0.0015376 -4.96 -5.8
0.001538 -4.96 -5.8
0.0015384 -5.04 -5.8
0.0015388 -4.96 -5.8
0.0015392 -5.04 -5.8
0.0015396 -5.04 -5.8
0.00154 -5.12 -5.8
0.0015404 -5.12 -5.8
0.0015408 -5.04 -5.8
0.0015412 -5.12 -5.8
0.0015416 -5.12 -5.8
0.001542 -5.12 -5.8
0.0015424 -5.12 -5.6
0.0015428 -5.12 -5.6
0.0015432 -5.12 -5.8
0.0015436 -5.12 -5.6
0.001544 -5.12 -5.6
0.0015444 -5.04 -5.6
0.0015448 -5.12 -5.6
0.0015452 -5.12 -5.4
0.0015456 -5.04 -5.4
0.001546 -5.04 -5.4
0.0015464 -5.12 -5.4
0.0015468 -5.04 -5.2
0.0015472 -5.12 -5.2
0.0015476 -4.96 -5.2
0.001548 -4.96 -5.2
0.0015484 -4.96 -5
0.0015488 -4.96 -5
0.0015492 -5.04 -5
0.0015496 -4.96 -5
0.00155 -4.96 -4.8
0.0015504 -4.96 -4.8
0.0015508 -4.96 -4.8
0.0015512 -4.96 -4.8
0.0015516 -4.96 -4.8
0.001552 -4.88 -4.8
0.0015524 -4.88 -4.6
0.0015528 -4.88 -4.6
0.0015532 -4.88 -4.6
0.0015536 -4.88 -4.6
0.001554 -4.88 -4.4
0.0015544 -4.8 -4.4
0.0015548 -4.8 -4.4
0.0015552 -4.8 -4.4
0.0015556 -4.72 -4.2
0.001556 -4.72 -4.2
0.0015564 -4.72 -4.2
0.0015568 -4.72 -4.2
0.0015572 -4.64 -4
0.0015576 -4.64 -3.8
0.001558 -4.56 -3.8
0.0015584 -4.56 -4
0.0015588 -4.56 -3.8
0.0015592 -4.48 -3.6
0.0015596 -4.48 -3.8
0.00156 -4.48 -3.8
0.0015604 -4.48 -3.4
0.0015608 -4.4 -3.4
0.0015612 -4.32 -3.4
0.0015616 -4.32 -3.4
0.001562 -4.32 -3.4
0.0015624 -4.24 -3.2
0.0015628 -4.24 -3.2
0.0015632 -4.16 -3.2
0.0015636 -4.16 -3.2
0.001564 -4.16 -3
0.0015644 -4 -2.8
0.0015648 -4 -3
0.0015652 -4 -3
0.0015656 -4 -2.6
0.001566 -3.92 -2.6
0.0015664 -3.92 -2.6
0.0015668 -3.84 -2.6
0.0015672 -3.76 -2.4
0.0015676 -3.68 -2.4
0.001568 -3.68 -2.4
0.0015684 -3.68 -2.4
0.0015688 -3.6 -2.2
0.0015692 -3.52 -2.2
0.0015696 -3.6 -2
0.00157 -3.52 -2.2
0.0015704 -3.52 -2
0.0015708 -3.36 -1.8
0.0015712 -3.28 -1.8
0.0015716 -3.28 -1.8
0.001572 -3.28 -1.8
0.0015724 -3.2 -1.6
0.0015728 -3.12 -1.6
0.0015732 -3.04 -1.4
0.0015736 -3.04 -1.4
0.001574 -3.04 -1.2
0.0015744 -2.96 -1.2
0.0015748 -2.96 -1.2
0.0015752 -2.8 -1.2
0.0015756 -2.8 -1
0.001576 -2.72 -1
0.0015764 -2.64 -1
0.0015768 -2.64 -0.8
0.0015772 -2.56 -0.8
0.0015776 -2.48 -0.6
0.001578 -2.4 -0.6
0.0015784 -2.4 -0.6
0.0015788 -2.32 -0.4
0.0015792 -2.32 -0.4
0.0015796 -2.24 -0.4
0.00158 -2.16 0
0.0015804 -2.08 0
0.0015808 -2.08 0.2
0.0015812 -2 0.2
0.0015816 -1.92 0
0.001582 -1.92 0.2
0.0015824 -1.76 0.4
0.0015828 -1.76 0.4
0.0015832 -1.76 0.2
0.0015836 -1.68 0.4
0.001584 -1.6 0.8
0.0015844 -1.52 0.8
0.0015848 -1.44 0.8
0.0015852 -1.44 0.8
0.0015856 -1.44 0.8
0.001586 -1.36 1
0.0015864 -1.28 1
0.0015868 -1.12 1
0.0015872 -1.12 1.2
0.0015876 -1.12 1.2
0.001588 -1.04 1.2
0.0015884 -0.96 1.2
0.0015888 -0.8 1.4
0.0015892 -0.8 1.4
0.0015896 -0.72 1.6
0.00159 -0.64 1.6
0.0015904 -0.64 1.8
0.0015908 -0.56 1.8
0.0015912 -0.48 1.8
0.0015916 -0.48 1.8
0.001592 -0.4 2
0.0015924 -0.32 2
0.0015928 -0.24 2
0.0015932 -0.16 2
0.0015936 0 2.2
0.001594 -0.16 2.4
0.0015944 0.08 2.4
0.0015948 0.16 2.4
0.0015952 0.24 2.6
0.0015956 0.32 2.6
0.001596 0.32 2.6
0.0015964 0.4 2.6
0.0015968 0.4 2.6
0.0015972 0.56 2.8
0.0015976 0.64 2.8
0.001598 0.64 2.8
0.0015984 0.64 3
0.0015988 0.72 3
0.0015992 0.8 3
0.0015996 0.88 3
