0 5.04 5.28
1e-06 5.04 5.28
2e-06 -5.6 -5.44
3e-06 -5.6 -5.44
4e-06 -5.6 -5.44
5e-06 -5.6 -5.36
6e-06 -5.6 -5.44
7e-06 -5.6 -5.36
8e-06 -5.6 -5.36
9e-06 -5.52 -5.36
1e-05 -5.52 -5.28
1.1e-05 -5.52 -5.28
1.2e-05 -5.52 -5.2
1.3e-05 -5.52 -5.2
1.4e-05 -5.52 -5.2
1.5e-05 -5.52 -5.12
1.6e-05 -5.44 -5.12
1.7e-05 -5.44 -5.12
1.8e-05 -5.36 -5.12
1.9e-05 -5.28 -5.12
2e-05 -5.36 -5.04
2.1e-05 -5.28 -5.04
2.2e-05 -5.28 -5.04
2.3e-05 -5.28 -4.88
2.4e-05 -5.28 -4.96
2.5e-05 -5.2 -4.88
2.6e-05 -5.2 -4.88
2.7e-05 -5.2 -4.88
2.8e-05 -5.12 -4.8
2.9e-05 -5.12 -4.8
3e-05 -5.12 -4.72
3.1e-05 -5.12 -4.64
3.2e-05 -5.12 -4.72
3.3e-05 -5.12 -4.56
3.4e-05 -4.96 -4.64
3.5e-05 -4.96 -4.56
3.6e-05 -4.96 -4.56
3.7e-05 -4.96 -4.48
3.8e-05 -4.88 -4.48
3.9e-05 -4.88 -4.48
4e-05 -4.88 -4.4
4.1e-05 -4.8 -4.32
4.2e-05 -4.88 -4.32
4.3e-05 -4.8 -4.32
4.4e-05 -4.8 -4.24
4.5e-05 -4.72 -4.24
4.6e-05 -4.64 -4.16
4.7e-05 -4.64 -4.16
4.8e-05 -4.56 -4.16
4.9e-05 -4.48 -4.08
5e-05 -4.56 -4
5.1e-05 -4.48 -4
5.2e-05 -4.48 -3.92
5.3e-05 -4.4 -3.92
5.4e-05 -4.32 -3.84
5.5e-05 -4.32 -3.84
5.6e-05 -4.32 -3.84
5.7e-05 -4.24 -3.68
5.8e-05 -4.24 -3.68
5.9e-05 -4.16 -3.6
6e-05 -4.16 -3.6
6.1e-05 -4.08 -3.6
6.2e-05 -4 -3.44
6.3e-05 -4 -3.52
6.4e-05 -3.92 -3.44
6.5e-05 -3.92 -3.36
6.6e-05 -3.92 -3.36
6.7e-05 -3.84 -3.2
6.8e-05 -3.84 -3.28
6.9e-05 -3.76 -3.12
7e-05 -3.68 -3.12
7.1e-05 -3.68 -3.12
7.2e-05 -3.6 -2.96
7.3e-05 -3.6 -3.04
7.4e-05 -3.6 -2.88
7.5e-05 -3.52 -2.88
7.6e-05 -3.36 -2.88
7.7e-05 -3.36 -2.8
7.8e-05 -3.36 -2.8
7.9e-05 -3.28 -2.72
8e-05 -3.28 -2.64
8.1e-05 -3.2 -2.64
8.2e-05 -3.2 -2.48
8.3e-05 -3.04 -2.48
8.4e-05 -3.04 -2.48
8.5e-05 -3.04 -2.32
8.6e-05 -2.96 -2.32
8.7e-05 -2.88 -2.32
8.8e-05 -2.88 -2.24
8.9e-05 -2.8 -2.16
9e-05 -2.72 -2.16
9.1e-05 -2.72 -2
9.2e-05 -2.72 -2.08
9.3e-05 -2.64 -2
9.4e-05 -2.56 -1.92
9.5e-05 -2.56 -1.84
9.6e-05 -2.4 -1.76
9.7e-05 -2.4 -1.76
9.8e-05 -2.4 -1.68
9.9e-05 -2.32 -1.68
0.0001 -2.24 -1.6
0.000101 -2.24 -1.52
0.000102 -2.08 -1.52
0.000103 -2.08 -1.36
0.000104 -2.08 -1.36
0.000105 -2 -1.28
0.000106 -2 -1.28
0.000107 -1.92 -1.2
0.000108 -1.76 -1.12
0.000109 -1.76 -1.04
0.00011 -1.76 -1.04
0.000111 -1.68 -0.96
0.000112 -1.68 -0.96
0.000113 -1.6 -0.88
0.000114 -1.44 -0.8
0.000115 -1.44 -0.8
0.000116 -1.44 -0.72
0.000117 -1.36 -0.64
0.000118 -1.28 -0.56
0.000119 -1.28 -0.56
0.00012 -1.12 -0.48
0.000121 -1.12 -0.4
0.000122 -1.12 -0.4
0.000123 -1.04 -0.24
0.000124 -1.04 -0.16
0.000125 -0.96 -0.24
0.000126 -0.88 -0.16
0.000127 -0.8 0
0.000128 -0.72 0
0.000129 -0.72 0.08
0.00013 -0.64 0.16
0.000131 -0.56 0.16
0.000132 -0.48 0.32
0.000133 -0.48 0.32
0.000134 -0.4 0.4
0.000135 -0.32 0.48
0.000136 -0.32 0.48
0.000137 -0.16 0.64
0.000138 -0.16 0.64
0.000139 0 0.72
0.00014 0 0.72
0.000141 0 0.72
0.000142 0.16 0.8
0.000143 0.24 0.88
0.000144 0.24 0.88
0.000145 0.32 1.04
0.000146 0.32 1.04
0.000147 0.32 1.12
0.000148 0.56 1.2
0.000149 0.48 1.2
0.00015 0.56 1.28
0.000151 0.64 1.36
0.000152 0.64 1.36
0.000153 0.72 1.44
0.000154 0.88 1.44
0.000155 0.88 1.52
0.000156 0.96 1.6
0.000157 1.04 1.68
0.000158 1.04 1.76
0.000159 1.04 1.76
0.00016 1.12 1.84
0.000161 1.2 1.84
0.000162 1.2 1.84
0.000163 1.28 1.92
0.000164 1.36 2
0.000165 1.36 2.08
0.000166 1.52 2.16
0.000167 1.52 2.08
0.000168 1.6 2.32
0.000169 1.68 2.24
0.00017 1.6 2.32
0.000171 1.68 2.4
0.000172 1.76 2.4
0.000173 1.84 2.56
0.000174 1.92 2.56
0.000175 1.92 2.64
0.000176 2 2.64
0.000177 2 2.72
0.000178 2.16 2.72
0.000179 2.16 2.8
0.00018 2.16 2.88
0.000181 2.32 2.88
0.000182 2.32 2.96
0.000183 2.32 2.96
0.000184 2.4 3.04
0.000185 2.48 3.04
0.000186 2.48 3.12
0.000187 2.56 3.2
0.000188 2.56 3.2
0.000189 2.72 3.28
0.00019 2.8 3.28
0.000191 2.8 3.36
0.000192 2.88 3.44
0.000193 2.88 3.44
0.000194 2.88 3.52
0.000195 2.96 3.44
0.000196 2.96 3.6
0.000197 3.04 3.68
0.000198 3.12 3.6
0.000199 3.12 3.76
0.0002 3.2 3.76
0.000201 3.28 3.84
0.000202 3.28 3.92
0.000203 3.44 3.84
0.000204 3.44 3.92
0.000205 3.44 3.92
0.000206 3.44 4
0.000207 3.52 4.08
0.000208 3.6 4.08
0.000209 3.6 4.16
0.00021 3.6 4.16
0.000211 3.68 4.16
0.000212 3.76 4.24
0.000213 3.76 4.24
0.000214 3.84 4.24
0.000215 3.84 4.32
0.000216 3.92 4.4
0.000217 3.92 4.32
0.000218 3.92 4.48
0.000219 4 4.48
0.00022 4.08 4.56
0.000221 4.08 4.56
0.000222 4.16 4.56
0.000223 4.16 4.64
0.000224 4.24 4.64
0.000225 4.24 4.72
0.000226 4.24 4.72
0.000227 4.32 4.72
0.000228 4.4 4.8
0.000229 4.4 4.8
0.00023 4.4 4.88
0.000231 4.48 4.88
0.000232 4.48 4.88
0.000233 4.48 4.96
0.000234 4.56 4.88
0.000235 4.56 4.96
0.000236 4.64 4.96
0.000237 4.64 4.96
0.000238 4.72 5.04
0.000239 4.72 5.12
0.00024 4.72 5.12
0.000241 4.8 5.12
0.000242 4.8 5.12
0.000243 4.8 5.2
0.000244 4.88 5.12
0.000245 4.88 5.2
0.000246 4.88 5.2
0.000247 4.88 5.28
0.000248 5.04 5.2
0.000249 5.04 5.28
0.00025 5.04 5.28
0.000251 5.04 5.28
0.000252 5.04 5.36
0.000253 5.04 5.28
0.000254 5.04 5.36
0.000255 5.12 5.36
0.000256 5.12 5.44
0.000257 5.12 5.44
0.000258 5.2 5.44
0.000259 5.2 5.44
0.00026 5.2 5.44
0.000261 5.28 5.44
0.000262 5.28 5.52
0.000263 5.36 5.44
0.000264 5.36 5.52
0.000265 5.36 5.52
0.000266 5.36 5.52
0.000267 5.36 5.52
0.000268 5.36 5.52
0.000269 5.36 5.52
0.00027 5.36 5.52
0.000271 5.44 5.52
0.000272 5.44 5.6
0.000273 5.44 5.52
0.000274 5.44 5.6
0.000275 5.44 5.52
0.000276 5.52 5.52
0.000277 5.44 5.6
0.000278 5.52 5.6
0.000279 5.52 5.6
0.00028 5.52 5.6
0.000281 5.52 5.52
0.000282 5.52 5.6
0.000283 5.52 5.6
0.000284 5.52 5.52
0.000285 5.52 5.6
0.000286 5.52 5.6
0.000287 5.52 5.6
0.000288 5.52 5.6
0.000289 5.52 5.6
0.00029 5.52 5.6
0.000291 5.52 5.52
0.000292 5.6 5.52
0.000293 5.52 5.52
0.000294 5.6 5.6
0.000295 5.52 5.6
0.000296 5.52 5.52
0.000297 5.68 5.52
0.000298 5.52 5.52
0.000299 5.6 5.52
0.0003 5.52 5.52
0.000301 5.6 5.44
0.000302 5.52 5.44
0.000303 5.52 5.52
0.000304 5.6 5.44
0.000305 5.52 5.44
0.000306 5.52 5.52
0.000307 5.52 5.44
0.000308 5.52 5.44
0.000309 5.52 5.44
0.00031 5.52 5.44
0.000311 5.44 5.44
0.000312 5.52 5.28
0.000313 5.52 5.28
0.000314 5.52 5.28
0.000315 5.44 5.28
0.000316 5.44 5.36
0.000317 5.44 5.28
0.000318 5.44 5.2
0.000319 5.44 5.28
0.00032 5.36 5.2
0.000321 5.36 5.2
0.000322 5.36 5.12
0.000323 5.36 5.12
0.000324 5.36 5.2
0.000325 5.36 5.12
0.000326 5.36 5.12
0.000327 5.28 5.12
0.000328 5.2 4.96
0.000329 5.2 5.04
0.00033 5.2 4.96
0.000331 5.2 4.96
0.000332 5.2 4.96
0.000333 5.2 4.88
0.000334 5.12 4.96
0.000335 5.12 4.88
0.000336 5.12 4.88
0.000337 5.12 4.8
0.000338 5.12 4.8
0.000339 5.04 4.8
0.00034 5.04 4.72
0.000341 5.04 4.64
0.000342 4.96 4.64
0.000343 4.96 4.64
0.000344 4.88 4.56
0.000345 4.88 4.56
0.000346 4.88 4.48
0.000347 4.8 4.48
0.000348 4.8 4.48
0.000349 4.8 4.4
0.00035 4.72 4.4
0.000351 4.72 4.24
0.000352 4.72 4.24
0.000353 4.72 4.32
0.000354 4.72 4.16
0.000355 4.56 4.24
0.000356 4.56 4.16
0.000357 4.56 4.08
0.000358 4.56 4.08
0.000359 4.48 3.92
0.00036 4.4 4
0.000361 4.4 3.92
0.000362 4.4 3.92
0.000363 4.24 3.92
0.000364 4.24 3.84
0.000365 4.24 3.84
0.000366 4.16 3.68
0.000367 4.16 3.68
0.000368 4.08 3.76
0.000369 4.08 3.6
0.00037 4.08 3.6
0.000371 4.08 3.52
0.000372 3.92 3.52
0.000373 3.92 3.52
0.000374 3.92 3.44
0.000375 3.84 3.36
0.000376 3.76 3.36
0.000377 3.76 3.28
0.000378 3.76 3.28
0.000379 3.68 3.2
0.00038 3.68 3.2
0.000381 3.6 3.04
0.000382 3.52 3.04
0.000383 3.52 2.96
0.000384 3.52 2.96
0.000385 3.44 2.88
0.000386 3.44 2.88
0.000387 3.36 2.8
0.000388 3.28 2.72
0.000389 3.28 2.72
0.00039 3.2 2.64
0.000391 3.2 2.64
0.000392 3.12 2.56
0.000393 3.12 2.48
0.000394 3.04 2.48
0.000395 2.96 2.4
0.000396 2.96 2.4
0.000397 2.88 2.32
0.000398 2.8 2.16
0.000399 2.8 2.24
0.0004 2.72 2.08
0.000401 2.64 2.08
0.000402 2.64 2
0.000403 2.56 1.92
0.000404 2.48 2
0.000405 2.48 1.84
0.000406 2.48 1.84
0.000407 2.32 1.84
0.000408 2.32 1.68
0.000409 2.24 1.6
0.00041 2.24 1.6
0.000411 2.16 1.6
0.000412 2.16 1.44
0.000413 2.08 1.44
0.000414 2 1.36
0.000415 1.92 1.28
0.000416 1.92 1.28
0.000417 1.84 1.2
0.000418 1.84 1.28
0.000419 1.68 1.12
0.00042 1.68 1.04
0.000421 1.6 0.96
0.000422 1.6 0.96
0.000423 1.52 0.96
0.000424 1.52 0.8
0.000425 1.36 0.8
0.000426 1.36 0.72
0.000427 1.36 0.64
0.000428 1.2 0.64
0.000429 1.2 0.48
0.00043 1.2 0.48
0.000431 1.04 0.32
0.000432 1.04 0.4
0.000433 0.96 0.32
0.000434 0.96 0.24
0.000435 0.88 0.24
0.000436 0.88 0.16
0.000437 0.72 0.08
0.000438 0.72 0.08
0.000439 0.72 -0.16
0.00044 0.56 -0.16
0.000441 0.56 -0.24
0.000442 0.56 -0.24
0.000443 0.4 -0.32
0.000444 0.4 -0.4
0.000445 0.32 -0.4
0.000446 0.24 -0.4
0.000447 0.24 -0.56
0.000448 0.24 -0.56
0.000449 0.08 -0.64
0.00045 0 -0.72
0.000451 0 -0.72
0.000452 -0.16 -0.88
0.000453 -0.16 -0.88
0.000454 -0.24 -0.88
0.000455 -0.32 -1.04
0.000456 -0.4 -1.04
0.000457 -0.4 -1.12
0.000458 -0.48 -1.12
0.000459 -0.48 -1.2
0.00046 -0.56 -1.28
0.000461 -0.64 -1.28
0.000462 -0.72 -1.36
0.000463 -0.72 -1.44
0.000464 -0.8 -1.44
0.000465 -0.96 -1.52
0.000466 -0.96 -1.6
0.000467 -1.04 -1.68
0.000468 -1.04 -1.68
0.000469 -1.12 -1.68
0.00047 -1.12 -1.84
0.000471 -1.28 -1.84
0.000472 -1.28 -1.92
0.000473 -1.36 -2
0.000474 -1.44 -1.92
0.000475 -1.44 -2
0.000476 -1.44 -2.16
0.000477 -1.52 -2.16
0.000478 -1.68 -2.24
0.000479 -1.68 -2.24
0.00048 -1.76 -2.32
0.000481 -1.76 -2.4
0.000482 -1.76 -2.4
0.000483 -1.92 -2.48
0.000484 -1.92 -2.56
0.000485 -2 -2.56
0.000486 -2 -2.64
0.000487 -2.08 -2.64
0.000488 -2.24 -2.72
0.000489 -2.24 -2.8
0.00049 -2.24 -2.8
0.000491 -2.32 -2.96
0.000492 -2.32 -2.96
0.000493 -2.4 -2.96
0.000494 -2.4 -3.12
0.000495 -2.56 -3.04
0.000496 -2.56 -3.2
0.000497 -2.64 -3.12
0.000498 -2.72 -3.2
0.000499 -2.72 -3.28
0.0005 -2.72 -3.28
0.000501 -2.88 -3.44
0.000502 -2.88 -3.44
0.000503 -2.96 -3.44
0.000504 -2.96 -3.52
0.000505 -3.04 -3.52
0.000506 -3.04 -3.6
0.000507 -3.04 -3.6
0.000508 -3.12 -3.68
0.000509 -3.2 -3.76
0.00051 -3.28 -3.84
0.000511 -3.28 -3.84
0.000512 -3.36 -3.84
0.000513 -3.36 -3.92
0.000514 -3.44 -3.92
0.000515 -3.52 -4
0.000516 -3.6 -4
0.000517 -3.52 -4.08
0.000518 -3.6 -4.08
0.000519 -3.68 -4.16
0.00052 -3.68 -4.16
0.000521 -3.68 -4.16
0.000522 -3.84 -4.32
0.000523 -3.84 -4.32
0.000524 -3.84 -4.24
0.000525 -3.92 -4.4
0.000526 -4 -4.4
0.000527 -4 -4.48
0.000528 -4 -4.48
0.000529 -4.08 -4.48
0.00053 -4.16 -4.56
0.000531 -4.16 -4.56
0.000532 -4.16 -4.64
0.000533 -4.24 -4.64
0.000534 -4.32 -4.64
0.000535 -4.32 -4.72
0.000536 -4.32 -4.72
0.000537 -4.32 -4.8
0.000538 -4.32 -4.8
0.000539 -4.48 -4.8
0.00054 -4.48 -4.88
0.000541 -4.56 -4.88
0.000542 -4.56 -4.88
0.000543 -4.64 -4.88
0.000544 -4.64 -4.96
0.000545 -4.64 -5.04
0.000546 -4.64 -5.04
0.000547 -4.8 -5.04
0.000548 -4.8 -5.12
0.000549 -4.88 -5.12
0.00055 -4.88 -5.12
0.000551 -4.88 -5.2
0.000552 -4.88 -5.2
0.000553 -4.88 -5.2
0.000554 -4.96 -5.2
0.000555 -4.96 -5.2
0.000556 -4.96 -5.2
0.000557 -4.96 -5.28
0.000558 -5.04 -5.28
0.000559 -5.04 -5.36
0.00056 -5.12 -5.28
0.000561 -5.12 -5.44
0.000562 -5.2 -5.36
0.000563 -5.2 -5.44
0.000564 -5.2 -5.52
0.000565 -5.2 -5.44
0.000566 -5.28 -5.44
0.000567 -5.28 -5.44
0.000568 -5.28 -5.52
0.000569 -5.28 -5.52
0.00057 -5.28 -5.52
0.000571 -5.36 -5.52
0.000572 -5.44 -5.52
0.000573 -5.44 -5.52
0.000574 -5.44 -5.6
0.000575 -5.44 -5.6
0.000576 -5.52 -5.6
0.000577 -5.52 -5.68
0.000578 -5.52 -5.6
0.000579 -5.52 -5.68
0.00058 -5.52 -5.68
0.000581 -5.6 -5.68
0.000582 -5.52 -5.68
0.000583 -5.6 -5.68
0.000584 -5.6 -5.68
0.000585 -5.6 -5.68
0.000586 -5.6 -5.68
0.000587 -5.6 -5.68
0.000588 -5.6 -5.68
0.000589 -5.6 -5.68
0.00059 -5.6 -5.68
0.000591 -5.6 -5.76
0.000592 -5.68 -5.76
0.000593 -5.76 -5.68
0.000594 -5.76 -5.68
0.000595 -5.76 -5.76
0.000596 -5.76 -5.68
0.000597 -5.68 -5.76
0.000598 -5.76 -5.76
0.000599 -5.6 -5.68
0.0006 -5.76 -5.68
0.000601 -5.76 -5.68
0.000602 -5.68 -5.68
0.000603 -5.76 -5.76
0.000604 -5.76 -5.68
0.000605 -5.76 -5.68
0.000606 -5.76 -5.76
0.000607 -5.76 -5.68
0.000608 -5.76 -5.68
0.000609 -5.76 -5.6
0.00061 -5.68 -5.68
0.000611 -5.76 -5.68
0.000612 -5.76 -5.6
0.000613 -5.68 -5.68
0.000614 -5.76 -5.6
0.000615 -5.68 -5.6
0.000616 -5.68 -5.6
0.000617 -5.76 -5.52
0.000618 -5.76 -5.6
0.000619 -5.76 -5.6
0.00062 -5.68 -5.52
0.000621 -5.76 -5.52
0.000622 -5.68 -5.52
0.000623 -5.68 -5.52
0.000624 -5.6 -5.52
0.000625 -5.6 -5.44
0.000626 -5.6 -5.44
0.000627 -5.6 -5.44
0.000628 -5.6 -5.44
0.000629 -5.6 -5.36
0.00063 -5.6 -5.36
0.000631 -5.52 -5.36
0.000632 -5.6 -5.36
0.000633 -5.52 -5.36
0.000634 -5.6 -5.36
0.000635 -5.52 -5.2
0.000636 -5.52 -5.28
0.000637 -5.44 -5.2
0.000638 -5.52 -5.2
0.000639 -5.44 -5.2
0.00064 -5.44 -5.12
0.000641 -5.44 -5.12
0.000642 -5.44 -5.12
0.000643 -5.36 -5.04
0.000644 -5.36 -5.12
0.000645 -5.36 -5.04
0.000646 -5.28 -4.96
0.000647 -5.28 -5.04
0.000648 -5.28 -4.96
0.000649 -5.28 -4.88
0.00065 -5.28 -4.88
0.000651 -5.2 -4.8
0.000652 -5.28 -4.88
0.000653 -5.2 -4.72
0.000654 -5.2 -4.8
0.000655 -5.12 -4.72
0.000656 -5.12 -4.72
0.000657 -5.12 -4.72
0.000658 -5.12 -4.56
0.000659 -4.96 -4.64
0.00066 -4.96 -4.64
0.000661 -4.96 -4.56
0.000662 -4.96 -4.56
0.000663 -4.96 -4.48
0.000664 -4.88 -4.4
0.000665 -4.88 -4.48
0.000666 -4.88 -4.32
0.000667 -4.8 -4.32
0.000668 -4.8 -4.32
0.000669 -4.72 -4.24
0.00067 -4.64 -4.24
0.000671 -4.64 -4.16
0.000672 -4.64 -4.16
0.000673 -4.56 -4.16
0.000674 -4.56 -4.08
0.000675 -4.48 -4.08
0.000676 -4.48 -3.92
0.000677 -4.4 -3.92
0.000678 -4.4 -3.92
0.000679 -4.4 -3.84
0.00068 -4.32 -3.84
0.000681 -4.32 -3.84
0.000682 -4.24 -3.76
0.000683 -4.24 -3.76
0.000684 -4.16 -3.6
0.000685 -4.16 -3.6
0.000686 -4.08 -3.6
0.000687 -4 -3.52
0.000688 -4 -3.52
0.000689 -4 -3.44
0.00069 -3.92 -3.36
0.000691 -3.92 -3.36
0.000692 -3.84 -3.2
0.000693 -3.84 -3.28
0.000694 -3.84 -3.2
0.000695 -3.68 -3.04
0.000696 -3.68 -3.12
0.000697 -3.68 -2.96
0.000698 -3.6 -3.04
0.000699 -3.52 -2.96
0.0007 -3.52 -2.88
0.000701 -3.52 -2.88
0.000702 -3.36 -2.8
0.000703 -3.36 -2.8
0.000704 -3.28 -2.72
0.000705 -3.28 -2.64
0.000706 -3.2 -2.56
0.000707 -3.2 -2.56
0.000708 -3.04 -2.56
0.000709 -3.04 -2.48
0.00071 -3.04 -2.32
0.000711 -3.04 -2.32
0.000712 -2.96 -2.32
0.000713 -2.88 -2.24
0.000714 -2.8 -2.16
0.000715 -2.72 -2.16
0.000716 -2.72 -2
0.000717 -2.72 -2
0.000718 -2.64 -1.92
0.000719 -2.56 -1.92
0.00072 -2.56 -1.92
0.000721 -2.4 -1.76
0.000722 -2.4 -1.76
0.000723 -2.4 -1.68
0.000724 -2.32 -1.68
0.000725 -2.24 -1.68
0.000726 -2.24 -1.52
0.000727 -2.16 -1.44
0.000728 -2.08 -1.36
0.000729 -2 -1.36
0.00073 -2 -1.36
0.000731 -1.92 -1.2
0.000732 -1.92 -1.2
0.000733 -1.76 -1.12
0.000734 -1.76 -1.04
0.000735 -1.76 -1.04
0.000736 -1.68 -0.88
0.000737 -1.6 -0.88
0.000738 -1.6 -0.88
0.000739 -1.44 -0.8
0.00074 -1.44 -0.8
0.000741 -1.36 -0.64
0.000742 -1.36 -0.64
0.000743 -1.28 -0.56
0.000744 -1.28 -0.48
0.000745 -1.12 -0.48
0.000746 -1.12 -0.4
0.000747 -1.04 -0.4
0.000748 -1.04 -0.32
0.000749 -0.96 -0.24
0.00075 -0.88 -0.16
0.000751 -0.8 -0.24
0.000752 -0.8 0
0.000753 -0.8 0
0.000754 -0.72 0.16
0.000755 -0.64 0.16
0.000756 -0.56 0.16
0.000757 -0.48 0.32
0.000758 -0.48 0.32
0.000759 -0.4 0.4
0.00076 -0.32 0.4
0.000761 -0.32 0.4
0.000762 -0.16 0.56
0.000763 -0.16 0.56
0.000764 -0.16 0.64
0.000765 0 0.72
0.000766 0.08 0.72
0.000767 0.16 0.8
0.000768 0.24 0.8
0.000769 0.24 0.96
0.00077 0.32 1.04
0.000771 0.4 1.04
0.000772 0.32 1.12
0.000773 0.48 1.12
0.000774 0.56 1.2
0.000775 0.56 1.28
0.000776 0.64 1.28
0.000777 0.72 1.36
0.000778 0.72 1.44
0.000779 0.72 1.44
0.00078 0.88 1.52
0.000781 0.88 1.6
0.000782 0.96 1.6
0.000783 1.04 1.76
0.000784 1.04 1.76
0.000785 1.2 1.76
0.000786 1.2 1.92
0.000787 1.2 1.92
0.000788 1.28 2
0.000789 1.36 2
0.00079 1.44 2.08
0.000791 1.52 2.08
0.000792 1.52 2.24
0.000793 1.52 2.24
0.000794 1.6 2.32
0.000795 1.68 2.32
0.000796 1.76 2.48
0.000797 1.84 2.48
0.000798 1.92 2.56
0.000799 1.84 2.56
0.0008 1.92 2.56
0.000801 2 2.72
0.000802 2.08 2.64
0.000803 2 2.8
0.000804 2.16 2.8
0.000805 2.24 2.88
0.000806 2.24 2.88
0.000807 2.32 2.88
0.000808 2.32 2.96
0.000809 2.48 3.12
0.00081 2.48 3.12
0.000811 2.48 3.2
0.000812 2.64 3.2
0.000813 2.64 3.2
0.000814 2.64 3.28
0.000815 2.8 3.36
0.000816 2.8 3.28
0.000817 2.8 3.36
0.000818 2.88 3.44
0.000819 2.88 3.6
0.00082 2.96 3.52
0.000821 2.96 3.52
0.000822 3.04 3.68
0.000823 3.12 3.68
0.000824 3.12 3.76
0.000825 3.2 3.76
0.000826 3.2 3.76
0.000827 3.28 3.84
0.000828 3.28 3.84
0.000829 3.44 3.92
0.00083 3.44 3.92
0.000831 3.52 3.92
0.000832 3.44 4.08
0.000833 3.6 4
0.000834 3.6 4.16
0.000835 3.6 4.16
0.000836 3.76 4.24
0.000837 3.76 4.24
0.000838 3.76 4.24
0.000839 3.84 4.32
0.00084 3.76 4.32
0.000841 3.84 4.32
0.000842 3.92 4.4
0.000843 4 4.48
0.000844 4.08 4.48
0.000845 4.08 4.48
0.000846 4.08 4.56
0.000847 4.16 4.56
0.000848 4.16 4.64
0.000849 4.16 4.64
0.00085 4.24 4.64
0.000851 4.24 4.72
0.000852 4.32 4.64
0.000853 4.4 4.8
0.000854 4.4 4.8
0.000855 4.4 4.8
0.000856 4.48 4.88
0.000857 4.48 4.8
0.000858 4.56 4.96
0.000859 4.56 4.88
0.00086 4.64 4.96
0.000861 4.64 5.04
0.000862 4.64 4.96
0.000863 4.72 5.12
0.000864 4.72 5.04
0.000865 4.72 5.12
0.000866 4.8 5.12
0.000867 4.8 5.12
0.000868 4.8 5.2
0.000869 4.88 5.12
0.00087 4.88 5.2
0.000871 4.88 5.2
0.000872 4.96 5.2
0.000873 4.96 5.2
0.000874 5.04 5.28
0.000875 5.04 5.28
0.000876 5.04 5.28
0.000877 5.04 5.28
0.000878 5.04 5.36
0.000879 5.12 5.36
0.00088 5.12 5.36
0.000881 5.12 5.36
0.000882 5.2 5.44
0.000883 5.12 5.44
0.000884 5.2 5.52
0.000885 5.2 5.44
0.000886 5.2 5.44
0.000887 5.36 5.52
0.000888 5.36 5.44
0.000889 5.36 5.52
0.00089 5.36 5.52
0.000891 5.36 5.44
0.000892 5.36 5.52
0.000893 5.36 5.52
0.000894 5.36 5.52
0.000895 5.36 5.52
0.000896 5.44 5.52
0.000897 5.36 5.6
0.000898 5.36 5.52
0.000899 5.44 5.6
0.0009 5.44 5.6
0.000901 5.52 5.52
0.000902 5.52 5.6
0.000903 5.52 5.52
0.000904 5.52 5.6
0.000905 5.52 5.6
0.000906 5.52 5.6
0.000907 5.52 5.6
0.000908 5.6 5.6
0.000909 5.52 5.6
0.00091 5.52 5.6
0.000911 5.52 5.6
0.000912 5.52 5.52
0.000913 5.52 5.52
0.000914 5.6 5.6
0.000915 5.52 5.6
0.000916 5.52 5.6
0.000917 5.52 5.52
0.000918 5.52 5.52
0.000919 5.52 5.52
0.00092 5.6 5.6
0.000921 5.68 5.6
0.000922 5.6 5.52
0.000923 5.52 5.52
0.000924 5.52 5.52
0.000925 5.52 5.52
0.000926 5.6 5.52
0.000927 5.52 5.44
0.000928 5.52 5.52
0.000929 5.52 5.44
0.00093 5.52 5.44
0.000931 5.52 5.44
0.000932 5.52 5.44
0.000933 5.52 5.44
0.000934 5.52 5.44
0.000935 5.44 5.36
0.000936 5.52 5.36
0.000937 5.44 5.36
0.000938 5.44 5.28
0.000939 5.44 5.28
0.00094 5.52 5.28
0.000941 5.44 5.28
0.000942 5.36 5.28
0.000943 5.44 5.2
0.000944 5.44 5.28
0.000945 5.36 5.2
0.000946 5.44 5.2
0.000947 5.44 5.2
0.000948 5.36 5.12
0.000949 5.36 5.12
0.00095 5.36 5.12
0.000951 5.28 5.04
0.000952 5.36 5.12
0.000953 5.2 5.04
0.000954 5.2 5.04
0.000955 5.28 4.96
0.000956 5.2 4.96
0.000957 5.2 4.96
0.000958 5.2 4.88
0.000959 5.12 4.88
0.00096 5.12 4.8
0.000961 5.12 4.8
0.000962 5.12 4.8
0.000963 5.04 4.8
0.000964 5.04 4.8
0.000965 5.04 4.72
0.000966 4.96 4.64
0.000967 5.04 4.64
0.000968 4.96 4.56
0.000969 4.88 4.56
0.00097 4.88 4.56
0.000971 4.88 4.48
0.000972 4.8 4.56
0.000973 4.8 4.48
0.000974 4.8 4.4
0.000975 4.72 4.4
0.000976 4.72 4.32
0.000977 4.72 4.32
0.000978 4.72 4.24
0.000979 4.72 4.24
0.00098 4.64 4.24
0.000981 4.56 4.16
0.000982 4.56 4.16
0.000983 4.48 4.16
0.000984 4.48 4
0.000985 4.4 4.08
0.000986 4.4 3.92
0.000987 4.4 3.84
0.000988 4.4 3.92
0.000989 4.24 3.84
0.00099 4.24 3.84
0.000991 4.24 3.76
0.000992 4.16 3.68
0.000993 4.16 3.76
0.000994 4.08 3.6
0.000995 4.08 3.6
0.000996 4.08 3.52
0.000997 3.92 3.44
0.000998 3.92 3.44
0.000999 3.84 3.44
0.001 3.84 3.36
0.001001 3.84 3.28
0.001002 3.76 3.28
0.001003 3.76 3.28
0.001004 3.68 3.2
0.001005 3.6 3.12
0.001006 3.6 3.12
0.001007 3.6 2.96
0.001008 3.52 2.96
0.001009 3.52 2.96
0.00101 3.44 2.88
0.001011 3.44 2.8
0.001012 3.36 2.8
0.001013 3.28 2.72
0.001014 3.28 2.72
0.001015 3.2 2.64
0.001016 3.2 2.64
0.001017 3.12 2.56
0.001018 3.12 2.56
0.001019 2.96 2.48
0.00102 2.96 2.4
0.001021 2.88 2.32
0.001022 2.88 2.32
0.001023 2.8 2.24
0.001024 2.8 2.24
0.001025 2.64 2.08
0.001026 2.72 2.08
0.001027 2.64 2.08
0.001028 2.56 1.92
0.001029 2.48 1.92
0.00103 2.48 1.84
0.001031 2.4 1.84
0.001032 2.32 1.76
0.001033 2.32 1.68
0.001034 2.24 1.68
0.001035 2.24 1.6
0.001036 2.16 1.6
0.001037 2.16 1.52
0.001038 2.08 1.44
0.001039 2 1.36
0.00104 1.92 1.28
0.001041 1.92 1.28
0.001042 1.84 1.2
0.001043 1.84 1.12
0.001044 1.68 1.12
0.001045 1.68 1.04
0.001046 1.6 0.96
0.001047 1.52 0.88
0.001048 1.52 0.88
0.001049 1.52 0.8
0.00105 1.52 0.8
0.001051 1.36 0.72
0.001052 1.28 0.64
0.001053 1.28 0.64
0.001054 1.2 0.56
0.001055 1.2 0.48
0.001056 1.04 0.4
0.001057 1.04 0.32
0.001058 1.04 0.4
0.001059 0.88 0.24
0.00106 0.88 0.24
0.001061 0.8 0.16
0.001062 0.8 0.08
0.001063 0.72 0.08
0.001064 0.64 0
0.001065 0.64 -0.16
0.001066 0.56 -0.16
0.001067 0.56 -0.24
0.001068 0.4 -0.24
0.001069 0.32 -0.32
0.00107 0.32 -0.4
0.001071 0.24 -0.48
0.001072 0.24 -0.56
0.001073 0.24 -0.56
0.001074 0.08 -0.64
0.001075 0 -0.64
0.001076 0 -0.72
0.001077 -0.16 -0.88
0.001078 -0.24 -0.88
0.001079 -0.24 -0.96
0.00108 -0.32 -0.96
0.001081 -0.32 -1.04
0.001082 -0.4 -1.04
0.001083 -0.48 -1.12
0.001084 -0.48 -1.2
0.001085 -0.64 -1.28
0.001086 -0.64 -1.28
0.001087 -0.72 -1.36
0.001088 -0.8 -1.36
0.001089 -0.8 -1.44
0.00109 -0.88 -1.6
0.001091 -0.96 -1.6
0.001092 -1.04 -1.6
0.001093 -1.04 -1.68
0.001094 -1.12 -1.68
0.001095 -1.12 -1.84
0.001096 -1.28 -1.84
0.001097 -1.28 -1.92
0.001098 -1.36 -2
0.001099 -1.44 -2
0.0011 -1.44 -2.08
0.001101 -1.52 -2.16
0.001102 -1.52 -2.16
0.001103 -1.6 -2.24
0.001104 -1.68 -2.24
0.001105 -1.76 -2.32
0.001106 -1.76 -2.32
0.001107 -1.76 -2.48
0.001108 -1.92 -2.48
0.001109 -1.92 -2.56
0.00111 -2 -2.56
0.001111 -2 -2.64
0.001112 -2.08 -2.64
0.001113 -2.08 -2.8
0.001114 -2.24 -2.8
0.001115 -2.16 -2.8
0.001116 -2.32 -2.96
0.001117 -2.32 -2.96
0.001118 -2.4 -2.96
0.001119 -2.48 -3.04
0.00112 -2.4 -3.04
0.001121 -2.56 -3.12
0.001122 -2.64 -3.2
0.001123 -2.64 -3.12
0.001124 -2.72 -3.28
0.001125 -2.72 -3.28
0.001126 -2.88 -3.44
0.001127 -2.88 -3.44
0.001128 -2.88 -3.44
0.001129 -2.96 -3.52
0.00113 -3.04 -3.52
0.001131 -3.04 -3.6
0.001132 -3.04 -3.68
0.001133 -3.04 -3.6
0.001134 -3.2 -3.76
0.001135 -3.28 -3.76
0.001136 -3.28 -3.84
0.001137 -3.36 -3.84
0.001138 -3.36 -3.92
0.001139 -3.36 -3.92
0.00114 -3.44 -4
0.001141 -3.52 -4
0.001142 -3.6 -4.08
0.001143 -3.6 -4.08
0.001144 -3.68 -4.08
0.001145 -3.68 -4.24
0.001146 -3.68 -4.16
0.001147 -3.76 -4.24
0.001148 -3.84 -4.32
0.001149 -3.92 -4.32
0.00115 -3.92 -4.4
0.001151 -3.92 -4.4
0.001152 -4 -4.48
0.001153 -4 -4.56
0.001154 -4.08 -4.48
0.001155 -4.08 -4.56
0.001156 -4.16 -4.56
0.001157 -4.24 -4.64
0.001158 -4.24 -4.64
0.001159 -4.32 -4.64
0.00116 -4.32 -4.72
0.001161 -4.32 -4.72
0.001162 -4.32 -4.8
0.001163 -4.32 -4.8
0.001164 -4.48 -4.8
0.001165 -4.48 -4.88
0.001166 -4.48 -4.88
0.001167 -4.56 -4.88
0.001168 -4.56 -4.96
0.001169 -4.64 -4.96
0.00117 -4.64 -5.04
0.001171 -4.64 -5.04
0.001172 -4.64 -5.12
0.001173 -4.8 -5.12
0.001174 -4.8 -5.12
0.001175 -4.8 -5.2
0.001176 -4.88 -5.2
0.001177 -4.88 -5.2
0.001178 -4.96 -5.2
0.001179 -4.96 -5.28
0.00118 -4.96 -5.2
0.001181 -4.96 -5.36
0.001182 -4.96 -5.36
0.001183 -5.04 -5.28
0.001184 -5.12 -5.36
0.001185 -5.12 -5.36
0.001186 -5.12 -5.36
0.001187 -5.2 -5.44
0.001188 -5.2 -5.44
0.001189 -5.2 -5.44
0.00119 -5.28 -5.44
0.001191 -5.28 -5.52
0.001192 -5.28 -5.44
0.001193 -5.28 -5.44
0.001194 -5.28 -5.6
0.001195 -5.28 -5.52
0.001196 -5.28 -5.6
0.001197 -5.44 -5.52
0.001198 -5.44 -5.52
0.001199 -5.44 -5.52
0.0012 -5.44 -5.6
0.001201 -5.44 -5.68
0.001202 -5.44 -5.6
0.001203 -5.44 -5.6
0.001204 -5.52 -5.68
0.001205 -5.52 -5.6
0.001206 -5.52 -5.68
0.001207 -5.6 -5.68
0.001208 -5.52 -5.6
0.001209 -5.6 -5.68
0.00121 -5.6 -5.68
0.001211 -5.6 -5.68
0.001212 -5.6 -5.68
0.001213 -5.6 -5.76
0.001214 -5.6 -5.68
0.001215 -5.6 -5.76
0.001216 -5.6 -5.68
0.001217 -5.68 -5.68
0.001218 -5.6 -5.76
0.001219 -5.68 -5.68
0.00122 -5.68 -5.76
0.001221 -5.76 -5.68
0.001222 -5.68 -5.76
0.001223 -5.76 -5.76
0.001224 -5.76 -5.68
0.001225 -5.76 -5.76
0.001226 -5.76 -5.68
0.001227 -5.76 -5.76
0.001228 -5.76 -5.76
0.001229 -5.76 -5.6
0.00123 -5.76 -5.68
0.001231 -5.68 -5.68
0.001232 -5.76 -5.68
0.001233 -5.76 -5.68
0.001234 -5.76 -5.6
0.001235 -5.76 -5.68
0.001236 -5.76 -5.68
0.001237 -5.76 -5.6
0.001238 -5.76 -5.68
0.001239 -5.68 -5.6
0.00124 -5.76 -5.6
0.001241 -5.76 -5.6
0.001242 -5.68 -5.6
0.001243 -5.76 -5.6
0.001244 -5.68 -5.52
0.001245 -5.76 -5.52
0.001246 -5.68 -5.52
0.001247 -5.6 -5.52
0.001248 -5.6 -5.52
0.001249 -5.6 -5.52
0.00125 -5.6 -5.52
0.001251 -5.6 -5.52
0.001252 -5.6 -5.44
0.001253 -5.6 -5.44
0.001254 -5.6 -5.44
0.001255 -5.6 -5.36
0.001256 -5.6 -5.44
0.001257 -5.6 -5.36
0.001258 -5.6 -5.36
0.001259 -5.6 -5.28
0.00126 -5.52 -5.28
0.001261 -5.52 -5.28
0.001262 -5.52 -5.2
0.001263 -5.52 -5.2
0.001264 -5.44 -5.28
0.001265 -5.44 -5.12
0.001266 -5.44 -5.12
0.001267 -5.36 -5.12
0.001268 -5.36 -5.04
0.001269 -5.44 -5.12
0.00127 -5.28 -5.04
0.001271 -5.28 -5.04
0.001272 -5.28 -5.04
0.001273 -5.28 -4.96
0.001274 -5.28 -4.96
0.001275 -5.28 -4.88
0.001276 -5.2 -4.88
0.001277 -5.2 -4.88
0.001278 -5.2 -4.8
0.001279 -5.12 -4.8
0.00128 -5.12 -4.8
0.001281 -5.12 -4.72
0.001282 -5.04 -4.72
0.001283 -4.96 -4.72
0.001284 -4.96 -4.56
0.001285 -4.96 -4.56
0.001286 -4.96 -4.48
0.001287 -4.96 -4.56
0.001288 -4.88 -4.48
0.001289 -4.88 -4.4
0.00129 -4.88 -4.4
0.001291 -4.8 -4.32
0.001292 -4.8 -4.32
0.001293 -4.72 -4.32
0.001294 -4.64 -4.24
0.001295 -4.64 -4.24
0.001296 -4.64 -4.16
0.001297 -4.64 -4.16
0.001298 -4.56 -4.08
0.001299 -4.56 -4.08
0.0013 -4.48 -4.08
0.001301 -4.48 -3.92
0.001302 -4.48 -3.92
0.001303 -4.4 -3.92
0.001304 -4.32 -3.84
0.001305 -4.32 -3.84
0.001306 -4.32 -3.76
0.001307 -4.24 -3.68
0.001308 -4.24 -3.68
0.001309 -4.24 -3.6
0.00131 -4.16 -3.6
0.001311 -4.08 -3.6
0.001312 -4.08 -3.44
0.001313 -4 -3.44
0.001314 -4 -3.44
0.001315 -3.92 -3.44
0.001316 -3.84 -3.28
0.001317 -3.84 -3.28
0.001318 -3.84 -3.28
0.001319 -3.76 -3.2
0.00132 -3.68 -3.12
0.001321 -3.68 -3.2
0.001322 -3.68 -3.04
0.001323 -3.6 -2.96
0.001324 -3.6 -2.96
0.001325 -3.52 -2.88
0.001326 -3.52 -2.96
0.001327 -3.44 -2.8
0.001328 -3.36 -2.72
0.001329 -3.28 -2.72
0.00133 -3.28 -2.64
0.001331 -3.2 -2.64
0.001332 -3.2 -2.56
0.001333 -3.04 -2.48
0.001334 -3.04 -2.48
0.001335 -3.04 -2.4
0.001336 -2.96 -2.32
0.001337 -2.88 -2.32
0.001338 -2.88 -2.24
0.001339 -2.8 -2.16
0.00134 -2.72 -2.16
0.001341 -2.72 -2
0.001342 -2.64 -2
0.001343 -2.64 -1.92
0.001344 -2.64 -1.92
0.001345 -2.48 -1.92
0.001346 -2.4 -1.76
0.001347 -2.4 -1.76
0.001348 -2.4 -1.68
0.001349 -2.32 -1.6
0.00135 -2.24 -1.6
0.001351 -2.24 -1.52
0.001352 -2.16 -1.52
0.001353 -2.08 -1.36
0.001354 -2.08 -1.36
0.001355 -2 -1.36
0.001356 -1.92 -1.2
0.001357 -1.92 -1.28
0.001358 -1.76 -1.04
0.001359 -1.76 -1.04
0.00136 -1.68 -1.04
0.001361 -1.68 -0.96
0.001362 -1.6 -0.96
0.001363 -1.6 -0.88
0.001364 -1.52 -0.8
0.001365 -1.44 -0.72
0.001366 -1.36 -0.64
0.001367 -1.36 -0.64
0.001368 -1.36 -0.56
0.001369 -1.28 -0.48
0.00137 -1.12 -0.48
0.001371 -1.12 -0.4
0.001372 -1.04 -0.4
0.001373 -1.04 -0.32
0.001374 -1.04 -0.24
0.001375 -0.88 -0.16
0.001376 -0.8 0
0.001377 -0.8 0
0.001378 -0.72 0.08
0.001379 -0.72 0.08
0.00138 -0.64 0.16
0.001381 -0.56 0.16
0.001382 -0.48 0.24
0.001383 -0.48 0.32
0.001384 -0.4 0.32
0.001385 -0.32 0.48
0.001386 -0.32 0.48
0.001387 -0.16 0.56
0.001388 -0.16 0.64
0.001389 -0.16 0.64
0.00139 0 0.8
0.001391 0.08 0.8
0.001392 0.08 0.88
0.001393 0.24 0.88
0.001394 0.24 0.96
0.001395 0.24 1.04
0.001396 0.32 1.04
0.001397 0.4 1.2
0.001398 0.4 1.2
0.001399 0.56 1.2
0.0014 0.56 1.28
0.001401 0.56 1.28
0.001402 0.72 1.36
0.001403 0.72 1.44
0.001404 0.88 1.44
0.001405 0.88 1.6
0.001406 0.96 1.6
0.001407 0.96 1.68
0.001408 1.04 1.68
0.001409 1.12 1.76
0.00141 1.12 1.76
0.001411 1.2 1.84
0.001412 1.28 1.92
0.001413 1.28 2
0.001414 1.36 2
0.001415 1.44 2
0.001416 1.44 2.08
0.001417 1.52 2.16
0.001418 1.52 2.24
0.001419 1.6 2.32
0.00142 1.68 2.32
0.001421 1.68 2.4
0.001422 1.84 2.48
0.001423 1.84 2.56
0.001424 1.84 2.56
0.001425 1.92 2.56
0.001426 2 2.64
0.001427 2 2.64
0.001428 2.16 2.72
0.001429 2.16 2.88
0.00143 2.16 2.8
0.001431 2.24 2.88
0.001432 2.32 2.96
0.001433 2.4 2.96
0.001434 2.4 3.04
0.001435 2.48 3.04
0.001436 2.48 3.12
0.001437 2.56 3.2
0.001438 2.56 3.2
0.001439 2.64 3.28
0.00144 2.8 3.28
0.001441 2.8 3.36
0.001442 2.8 3.36
0.001443 2.8 3.44
0.001444 2.88 3.52
0.001445 2.96 3.52
0.001446 2.96 3.6
0.001447 3.12 3.6
0.001448 3.12 3.68
0.001449 3.12 3.68
0.00145 3.2 3.84
0.001451 3.28 3.84
0.001452 3.28 3.84
0.001453 3.36 3.84
0.001454 3.44 3.92
0.001455 3.44 4
0.001456 3.44 3.92
0.001457 3.52 4.08
0.001458 3.6 4
0.001459 3.6 4.08
0.00146 3.68 4.16
0.001461 3.76 4.16
0.001462 3.76 4.24
0.001463 3.76 4.24
0.001464 3.76 4.24
0.001465 3.84 4.32
0.001466 3.84 4.4
0.001467 3.92 4.4
0.001468 4 4.48
0.001469 4 4.48
0.00147 4.08 4.56
0.001471 4.08 4.56
0.001472 4.08 4.56
0.001473 4.16 4.64
0.001474 4.16 4.64
0.001475 4.24 4.64
0.001476 4.24 4.72
0.001477 4.32 4.8
0.001478 4.4 4.8
0.001479 4.4 4.8
0.00148 4.4 4.88
0.001481 4.48 4.88
0.001482 4.48 4.88
0.001483 4.56 4.96
0.001484 4.56 4.96
0.001485 4.56 4.88
0.001486 4.64 4.96
0.001487 4.64 4.96
0.001488 4.72 5.12
0.001489 4.72 5.04
0.00149 4.72 5.04
0.001491 4.72 5.12
0.001492 4.8 5.12
0.001493 4.8 5.2
0.001494 4.8 5.12
0.001495 4.8 5.12
0.001496 4.88 5.2
0.001497 4.96 5.2
0.001498 4.96 5.28
0.001499 5.04 5.28
0.0015 5.04 5.28
0.001501 5.04 5.28
0.001502 5.04 5.36
0.001503 5.12 5.36
0.001504 5.12 5.36
0.001505 5.12 5.36
0.001506 5.2 5.36
0.001507 5.12 5.44
0.001508 5.2 5.44
0.001509 5.2 5.44
0.00151 5.28 5.44
0.001511 5.28 5.44
0.001512 5.2 5.52
0.001513 5.28 5.44
0.001514 5.36 5.44
0.001515 5.36 5.52
0.001516 5.36 5.44
0.001517 5.36 5.52
0.001518 5.36 5.44
0.001519 5.44 5.52
0.00152 5.36 5.6
0.001521 5.44 5.52
0.001522 5.36 5.6
0.001523 5.44 5.52
0.001524 5.36 5.6
0.001525 5.44 5.6
0.001526 5.44 5.52
0.001527 5.44 5.52
0.001528 5.44 5.52
0.001529 5.52 5.6
0.00153 5.52 5.6
0.001531 5.44 5.6
0.001532 5.52 5.6
0.001533 5.52 5.6
0.001534 5.52 5.6
0.001535 5.52 5.6
0.001536 5.52 5.6
0.001537 5.52 5.52
0.001538 5.52 5.52
0.001539 5.52 5.52
0.00154 5.52 5.6
0.001541 5.52 5.52
0.001542 5.52 5.52
0.001543 5.52 5.6
0.001544 5.52 5.52
0.001545 5.52 5.6
0.001546 5.52 5.52
0.001547 5.52 5.52
0.001548 5.52 5.52
0.001549 5.6 5.52
0.00155 5.52 5.44
0.001551 5.52 5.52
0.001552 5.52 5.44
0.001553 5.52 5.52
0.001554 5.52 5.44
0.001555 5.52 5.44
0.001556 5.52 5.52
0.001557 5.52 5.44
0.001558 5.52 5.44
0.001559 5.52 5.44
0.00156 5.52 5.36
0.001561 5.52 5.44
0.001562 5.44 5.28
0.001563 5.52 5.36
0.001564 5.44 5.28
0.001565 5.44 5.28
0.001566 5.44 5.36
0.001567 5.44 5.2
0.001568 5.44 5.28
0.001569 5.36 5.2
0.00157 5.36 5.2
0.001571 5.36 5.2
0.001572 5.36 5.2
0.001573 5.36 5.12
0.001574 5.36 5.12
0.001575 5.36 5.04
0.001576 5.36 5.12
0.001577 5.2 5.04
0.001578 5.36 5.04
0.001579 5.2 5.04
0.00158 5.2 4.96
0.001581 5.2 4.96
0.001582 5.12 4.96
0.001583 5.2 4.88
0.001584 5.12 4.88
0.001585 5.12 4.88
0.001586 5.12 4.8
0.001587 5.12 4.8
0.001588 5.12 4.8
0.001589 5.04 4.8
0.00159 5.04 4.72
0.001591 5.04 4.64
0.001592 5.04 4.64
0.001593 4.88 4.56
0.001594 4.96 4.56
0.001595 4.88 4.56
0.001596 4.88 4.4
0.001597 4.8 4.48
0.001598 4.8 4.48
0.001599 4.8 4.4
0.0016 4.72 4.4
0.001601 4.72 4.32
0.001602 4.72 4.32
0.001603 4.72 4.24
0.001604 4.56 4.16
0.001605 4.64 4.24
0.001606 4.56 4.16
0.001607 4.56 4.16
0.001608 4.48 4.08
0.001609 4.48 4
0.00161 4.48 4
0.001611 4.4 4
0.001612 4.4 3.92
0.001613 4.4 3.92
0.001614 4.24 3.84
0.001615 4.24 3.84
0.001616 4.16 3.84
0.001617 4.16 3.76
0.001618 4.16 3.68
0.001619 4.08 3.6
0.00162 4.08 3.6
0.001621 4.08 3.6
0.001622 3.92 3.52
0.001623 4 3.52
0.001624 3.92 3.44
0.001625 3.84 3.36
0.001626 3.84 3.36
0.001627 3.76 3.28
0.001628 3.76 3.2
0.001629 3.68 3.2
0.00163 3.68 3.12
0.001631 3.6 3.04
0.001632 3.6 3.04
0.001633 3.6 2.96
0.001634 3.52 2.96
0.001635 3.44 2.88
0.001636 3.44 2.88
0.001637 3.36 2.8
0.001638 3.28 2.72
0.001639 3.28 2.72
0.00164 3.28 2.64
0.001641 3.12 2.64
0.001642 3.12 2.56
0.001643 3.12 2.48
0.001644 3.04 2.56
0.001645 2.96 2.4
0.001646 2.96 2.4
0.001647 2.88 2.32
0.001648 2.8 2.24
0.001649 2.8 2.24
0.00165 2.8 2.16
0.001651 2.64 2.08
0.001652 2.64 2.08
0.001653 2.56 1.92
0.001654 2.48 2
0.001655 2.48 1.84
0.001656 2.48 1.76
0.001657 2.32 1.76
0.001658 2.32 1.68
0.001659 2.24 1.68
0.00166 2.24 1.6
0.001661 2.16 1.44
0.001662 2.16 1.52
0.001663 2.08 1.36
0.001664 2 1.36
0.001665 1.92 1.28
0.001666 1.84 1.2
0.001667 1.84 1.28
0.001668 1.84 1.2
0.001669 1.68 1.12
0.00167 1.68 1.04
0.001671 1.68 0.96
0.001672 1.52 0.96
0.001673 1.52 0.88
0.001674 1.52 0.8
0.001675 1.44 0.72
0.001676 1.36 0.72
0.001677 1.28 0.64
0.001678 1.28 0.64
0.001679 1.2 0.48
0.00168 1.2 0.4
0.001681 1.04 0.48
0.001682 1.04 0.32
0.001683 0.96 0.32
0.001684 0.96 0.24
0.001685 0.88 0.16
0.001686 0.88 0.16
0.001687 0.72 0
0.001688 0.64 0.08
0.001689 0.64 0
0.00169 0.56 -0.16
0.001691 0.56 0
0.001692 0.56 -0.32
0.001693 0.4 -0.32
0.001694 0.32 -0.4
0.001695 0.32 -0.4
0.001696 0.24 -0.4
0.001697 0.24 -0.56
0.001698 0.08 -0.56
0.001699 0.08 -0.64
0.0017 0 -0.72
0.001701 0 -0.72
0.001702 -0.16 -0.8
0.001703 -0.16 -0.88
0.001704 -0.24 -0.88
0.001705 -0.32 -0.96
0.001706 -0.32 -1.04
0.001707 -0.4 -1.12
0.001708 -0.48 -1.2
0.001709 -0.48 -1.2
0.00171 -0.56 -1.2
0.001711 -0.64 -1.36
0.001712 -0.72 -1.28
0.001713 -0.8 -1.44
0.001714 -0.8 -1.44
0.001715 -0.88 -1.52
0.001716 -0.96 -1.6
0.001717 -0.96 -1.6
0.001718 -1.12 -1.68
0.001719 -1.12 -1.68
0.00172 -1.12 -1.84
0.001721 -1.2 -1.92
0.001722 -1.28 -1.92
0.001723 -1.28 -1.92
0.001724 -1.44 -2
0.001725 -1.44 -2
0.001726 -1.44 -2.24
0.001727 -1.6 -2
0.001728 -1.6 -2.24
0.001729 -1.6 -2.24
0.00173 -1.76 -2.32
0.001731 -1.76 -2.4
0.001732 -1.76 -2.32
0.001733 -1.92 -2.56
0.001734 -1.92 -2.56
0.001735 -2 -2.64
0.001736 -2 -2.64
0.001737 -2.08 -2.64
0.001738 -2.24 -2.72
0.001739 -2.24 -2.8
0.00174 -2.24 -2.8
0.001741 -2.32 -2.88
0.001742 -2.4 -2.96
0.001743 -2.4 -2.96
0.001744 -2.4 -3.04
0.001745 -2.48 -3.12
0.001746 -2.56 -3.12
0.001747 -2.56 -3.12
0.001748 -2.64 -3.2
0.001749 -2.72 -3.28
0.00175 -2.72 -3.28
0.001751 -2.8 -3.36
0.001752 -2.88 -3.44
0.001753 -2.88 -3.44
0.001754 -2.96 -3.6
0.001755 -2.96 -3.52
0.001756 -3.04 -3.6
0.001757 -3.04 -3.76
0.001758 -3.12 -3.68
0.001759 -3.2 -3.76
0.00176 -3.28 -3.84
0.001761 -3.28 -3.84
0.001762 -3.36 -3.92
0.001763 -3.36 -3.92
0.001764 -3.36 -4
0.001765 -3.52 -4
0.001766 -3.52 -4
0.001767 -3.52 -4.08
0.001768 -3.6 -4.08
0.001769 -3.68 -4.08
0.00177 -3.68 -4.16
0.001771 -3.76 -4.16
0.001772 -3.76 -4.24
0.001773 -3.84 -4.24
0.001774 -3.84 -4.32
0.001775 -3.92 -4.32
0.001776 -3.92 -4.4
0.001777 -4 -4.4
0.001778 -4 -4.48
0.001779 -4.08 -4.56
0.00178 -4.16 -4.56
0.001781 -4.16 -4.56
0.001782 -4.16 -4.64
0.001783 -4.24 -4.56
0.001784 -4.32 -4.72
0.001785 -4.32 -4.72
0.001786 -4.32 -4.72
0.001787 -4.4 -4.8
0.001788 -4.48 -4.88
0.001789 -4.48 -4.88
0.00179 -4.48 -4.88
0.001791 -4.56 -4.88
0.001792 -4.56 -4.88
0.001793 -4.56 -4.96
0.001794 -4.64 -4.88
0.001795 -4.64 -4.96
0.001796 -4.72 -5.04
0.001797 -4.72 -5.04
0.001798 -4.72 -5.12
0.001799 -4.8 -5.12
0.0018 -4.8 -5.12
0.001801 -4.88 -5.2
0.001802 -4.96 -5.2
0.001803 -4.96 -5.2
0.001804 -4.96 -5.2
0.001805 -4.96 -5.2
0.001806 -4.96 -5.28
0.001807 -4.96 -5.28
0.001808 -5.12 -5.36
0.001809 -5.04 -5.36
0.00181 -5.12 -5.36
0.001811 -5.2 -5.36
0.001812 -5.2 -5.44
0.001813 -5.2 -5.36
0.001814 -5.2 -5.44
0.001815 -5.2 -5.44
0.001816 -5.28 -5.52
0.001817 -5.28 -5.52
0.001818 -5.28 -5.52
0.001819 -5.28 -5.52
0.00182 -5.28 -5.52
0.001821 -5.36 -5.52
0.001822 -5.36 -5.6
0.001823 -5.36 -5.52
0.001824 -5.44 -5.6
0.001825 -5.44 -5.52
0.001826 -5.44 -5.52
0.001827 -5.52 -5.68
0.001828 -5.52 -5.6
0.001829 -5.52 -5.68
0.00183 -5.52 -5.6
0.001831 -5.52 -5.6
0.001832 -5.6 -5.68
0.001833 -5.52 -5.68
0.001834 -5.52 -5.68
0.001835 -5.52 -5.68
0.001836 -5.6 -5.68
0.001837 -5.6 -5.68
0.001838 -5.6 -5.68
0.001839 -5.6 -5.68
0.00184 -5.6 -5.68
0.001841 -5.6 -5.68
0.001842 -5.76 -5.76
0.001843 -5.6 -5.76
0.001844 -5.6 -5.68
0.001845 -5.68 -5.76
0.001846 -5.6 -5.76
0.001847 -5.76 -5.68
0.001848 -5.68 -5.76
0.001849 -5.68 -5.68
0.00185 -5.76 -5.76
0.001851 -5.76 -5.76
0.001852 -5.76 -5.68
0.001853 -5.76 -5.76
0.001854 -5.76 -5.68
0.001855 -5.76 -5.76
0.001856 -5.76 -5.68
0.001857 -5.68 -5.68
0.001858 -5.68 -5.76
0.001859 -5.76 -5.68
0.00186 -5.76 -5.68
0.001861 -5.76 -5.68
0.001862 -5.76 -5.6
0.001863 -5.76 -5.68
0.001864 -5.68 -5.6
0.001865 -5.76 -5.68
0.001866 -5.68 -5.6
0.001867 -5.76 -5.52
0.001868 -5.76 -5.6
0.001869 -5.68 -5.52
0.00187 -5.68 -5.6
0.001871 -5.68 -5.52
0.001872 -5.68 -5.52
0.001873 -5.6 -5.52
0.001874 -5.6 -5.52
0.001875 -5.6 -5.52
0.001876 -5.6 -5.52
0.001877 -5.6 -5.44
0.001878 -5.6 -5.44
0.001879 -5.6 -5.44
0.00188 -5.6 -5.36
0.001881 -5.6 -5.36
0.001882 -5.6 -5.36
0.001883 -5.52 -5.36
0.001884 -5.52 -5.36
0.001885 -5.52 -5.28
0.001886 -5.52 -5.2
0.001887 -5.44 -5.2
0.001888 -5.44 -5.2
0.001889 -5.44 -5.2
0.00189 -5.44 -5.12
0.001891 -5.44 -5.12
0.001892 -5.44 -5.2
0.001893 -5.44 -5.04
0.001894 -5.36 -5.12
0.001895 -5.28 -5.04
0.001896 -5.28 -5.04
0.001897 -5.28 -5.04
0.001898 -5.28 -4.88
0.001899 -5.28 -4.96
0.0019 -5.28 -4.88
0.001901 -5.2 -4.8
0.001902 -5.2 -4.88
0.001903 -5.2 -4.8
0.001904 -5.12 -4.8
0.001905 -5.12 -4.72
0.001906 -5.12 -4.72
0.001907 -5.12 -4.72
0.001908 -4.96 -4.64
0.001909 -5.04 -4.64
0.00191 -4.96 -4.56
0.001911 -4.96 -4.48
0.001912 -4.96 -4.48
0.001913 -4.88 -4.48
0.001914 -4.88 -4.4
0.001915 -4.88 -4.4
0.001916 -4.88 -4.32
0.001917 -4.8 -4.32
0.001918 -4.72 -4.32
0.001919 -4.8 -4.24
0.00192 -4.64 -4.24
0.001921 -4.64 -4.16
0.001922 -4.64 -4.08
0.001923 -4.64 -4.16
0.001924 -4.48 -4.08
0.001925 -4.48 -4.08
0.001926 -4.56 -4
0.001927 -4.48 -3.92
0.001928 -4.48 -3.92
0.001929 -4.32 -3.84
0.00193 -4.32 -3.84
0.001931 -4.32 -3.84
0.001932 -4.24 -3.76
0.001933 -4.24 -3.76
0.001934 -4.16 -3.68
0.001935 -4.16 -3.6
0.001936 -4.08 -3.6
0.001937 -4 -3.52
0.001938 -4 -3.52
0.001939 -4 -3.44
0.00194 -4 -3.44
0.001941 -3.92 -3.44
0.001942 -3.84 -3.28
0.001943 -3.84 -3.2
0.001944 -3.84 -3.2
0.001945 -3.68 -3.12
0.001946 -3.68 -3.12
0.001947 -3.68 -3.04
0.001948 -3.6 -2.96
0.001949 -3.52 -2.96
0.00195 -3.52 -2.88
0.001951 -3.52 -2.88
0.001952 -3.36 -2.88
0.001953 -3.36 -2.72
0.001954 -3.36 -2.72
0.001955 -3.28 -2.64
0.001956 -3.2 -2.64
0.001957 -3.2 -2.56
0.001958 -3.12 -2.48
0.001959 -3.04 -2.4
0.00196 -3.04 -2.32
0.001961 -2.96 -2.32
0.001962 -2.96 -2.32
0.001963 -2.88 -2.16
0.001964 -2.72 -2.16
0.001965 -2.72 -2.16
0.001966 -2.72 -2
0.001967 -2.64 -2
0.001968 -2.64 -2
0.001969 -2.64 -1.92
0.00197 -2.56 -1.84
0.001971 -2.4 -1.76
0.001972 -2.4 -1.76
0.001973 -2.4 -1.76
0.001974 -2.32 -1.6
0.001975 -2.24 -1.6
0.001976 -2.24 -1.52
0.001977 -2.16 -1.52
0.001978 -2.08 -1.44
0.001979 -2 -1.36
0.00198 -2 -1.36
0.001981 -1.92 -1.2
0.001982 -1.92 -1.2
0.001983 -1.76 -1.2
0.001984 -1.76 -1.04
0.001985 -1.68 -1.04
0.001986 -1.68 -0.96
0.001987 -1.6 -0.88
0.001988 -1.6 -0.88
0.001989 -1.52 -0.8
0.00199 -1.44 -0.8
0.001991 -1.44 -0.72
0.001992 -1.36 -0.64
0.001993 -1.28 -0.64
0.001994 -1.2 -0.56
0.001995 -1.2 -0.48
0.001996 -1.12 -0.4
0.001997 -1.04 -0.4
0.001998 -1.04 -0.32
0.001999 -1.04 -0.24
0.002 -0.96 -0.24
0.002001 -0.88 0
0.002002 -0.8 0
0.002003 -0.8 0
0.002004 -0.72 0.08
0.002005 -0.64 0.16
0.002006 -0.64 0.16
0.002007 -0.48 0.24
0.002008 -0.48 0.32
0.002009 -0.4 0.32
0.00201 -0.4 0.4
0.002011 -0.32 0.48
0.002012 -0.16 0.56
0.002013 -0.16 0.64
0.002014 -0.16 0.64
0.002015 -0.16 0.72
0.002016 0 0.72
0.002017 0.08 0.8
0.002018 0.24 0.88
0.002019 0.24 0.96
0.00202 0.24 0.96
0.002021 0.32 0.96
0.002022 0.4 1.04
0.002023 0.48 1.2
0.002024 0.56 1.2
0.002025 0.56 1.28
0.002026 0.64 1.28
0.002027 0.64 1.36
0.002028 0.72 1.52
0.002029 0.72 1.44
0.00203 0.88 1.52
0.002031 0.88 1.6
0.002032 0.96 1.68
0.002033 1.04 1.76
0.002034 1.12 1.76
0.002035 1.04 1.76
0.002036 1.2 1.84
0.002037 1.2 1.92
0.002038 1.28 2
0.002039 1.36 2
0.00204 1.36 2.08
0.002041 1.52 2.16
0.002042 1.52 2.24
0.002043 1.52 2.24
0.002044 1.68 2.32
0.002045 1.68 2.32
0.002046 1.68 2.4
0.002047 1.76 2.4
0.002048 1.84 2.4
0.002049 1.92 2.56
0.00205 1.92 2.64
0.002051 2 2.64
0.002052 2 2.64
0.002053 2.16 2.64
0.002054 2.16 2.88
0.002055 2.24 2.8
0.002056 2.24 2.88
0.002057 2.24 2.96
0.002058 2.32 2.96
0.002059 2.48 3.12
0.00206 2.48 3.12
0.002061 2.48 3.2
0.002062 2.56 3.2
0.002063 2.56 3.2
0.002064 2.64 3.28
0.002065 2.8 3.28
0.002066 2.8 3.36
0.002067 2.8 3.36
0.002068 2.88 3.44
0.002069 2.88 3.52
0.00207 2.96 3.52
0.002071 2.96 3.52
0.002072 3.12 3.6
0.002073 3.12 3.68
0.002074 3.2 3.68
0.002075 3.2 3.68
0.002076 3.2 3.84
0.002077 3.28 3.92
0.002078 3.36 3.92
0.002079 3.36 3.92
0.00208 3.44 3.92
0.002081 3.44 4
0.002082 3.52 4.08
0.002083 3.6 4.16
0.002084 3.6 4.08
0.002085 3.6 4.16
0.002086 3.76 4.16
0.002087 3.76 4.24
0.002088 3.76 4.32
0.002089 3.84 4.24
0.00209 3.84 4.24
0.002091 3.84 4.32
0.002092 3.92 4.4
0.002093 4 4.48
0.002094 4 4.48
0.002095 4.08 4.48
0.002096 4.08 4.56
0.002097 4.16 4.56
0.002098 4.08 4.56
0.002099 4.24 4.56
0.0021 4.24 4.64
0.002101 4.24 4.64
0.002102 4.32 4.72
0.002103 4.4 4.8
0.002104 4.4 4.8
0.002105 4.4 4.8
0.002106 4.48 4.88
0.002107 4.48 4.88
0.002108 4.56 4.88
0.002109 4.56 4.96
0.00211 4.56 4.88
0.002111 4.64 5.04
0.002112 4.64 4.96
0.002113 4.72 5.04
0.002114 4.8 5.04
0.002115 4.72 5.04
0.002116 4.8 5.12
0.002117 4.8 5.12
0.002118 4.8 5.2
0.002119 4.8 5.2
0.00212 4.88 5.2
0.002121 4.88 5.2
0.002122 4.88 5.2
0.002123 4.96 5.2
0.002124 4.96 5.28
0.002125 5.04 5.28
0.002126 5.04 5.28
0.002127 5.04 5.36
0.002128 5.04 5.36
0.002129 5.12 5.44
0.00213 5.12 5.44
0.002131 5.12 5.44
0.002132 5.2 5.44
0.002133 5.2 5.44
0.002134 5.2 5.44
0.002135 5.2 5.44
0.002136 5.2 5.44
0.002137 5.2 5.44
0.002138 5.28 5.52
0.002139 5.36 5.52
0.00214 5.36 5.52
0.002141 5.36 5.52
0.002142 5.36 5.52
0.002143 5.36 5.52
0.002144 5.36 5.52
0.002145 5.36 5.52
0.002146 5.44 5.52
0.002147 5.44 5.52
0.002148 5.44 5.52
0.002149 5.44 5.52
0.00215 5.52 5.6
0.002151 5.44 5.52
0.002152 5.44 5.6
0.002153 5.44 5.52
0.002154 5.52 5.52
0.002155 5.52 5.6
0.002156 5.52 5.52
0.002157 5.52 5.6
0.002158 5.52 5.6
0.002159 5.52 5.52
0.00216 5.52 5.68
0.002161 5.52 5.6
0.002162 5.52 5.6
0.002163 5.6 5.52
0.002164 5.52 5.52
0.002165 5.52 5.6
0.002166 5.52 5.52
0.002167 5.52 5.52
0.002168 5.6 5.52
0.002169 5.52 5.52
0.00217 5.52 5.52
0.002171 5.52 5.6
0.002172 5.52 5.52
0.002173 5.68 5.52
0.002174 5.52 5.52
0.002175 5.52 5.52
0.002176 5.52 5.52
0.002177 5.52 5.44
0.002178 5.52 5.44
0.002179 5.52 5.52
0.00218 5.52 5.44
0.002181 5.52 5.44
0.002182 5.52 5.36
0.002183 5.52 5.44
0.002184 5.52 5.44
0.002185 5.52 5.36
0.002186 5.52 5.44
0.002187 5.44 5.36
0.002188 5.52 5.28
0.002189 5.52 5.44
0.00219 5.44 5.28
0.002191 5.44 5.36
0.002192 5.44 5.28
0.002193 5.36 5.2
0.002194 5.44 5.28
0.002195 5.36 5.2
0.002196 5.36 5.2
0.002197 5.36 5.12
0.002198 5.36 5.12
0.002199 5.36 5.12
0.0022 5.36 5.12
0.002201 5.28 5.12
0.002202 5.36 5.04
0.002203 5.2 5.04
0.002204 5.2 4.96
0.002205 5.2 4.96
0.002206 5.2 4.96
0.002207 5.2 4.96
0.002208 5.2 4.88
0.002209 5.12 4.88
0.00221 5.12 4.88
0.002211 5.12 4.8
0.002212 5.04 4.88
0.002213 5.04 4.8
0.002214 5.04 4.64
0.002215 5.04 4.8
0.002216 5.04 4.64
0.002217 5.04 4.64
0.002218 4.96 4.56
0.002219 4.96 4.56
0.00222 4.88 4.56
0.002221 4.88 4.48
0.002222 4.8 4.48
0.002223 4.8 4.48
0.002224 4.8 4.32
0.002225 4.8 4.48
0.002226 4.72 4.32
0.002227 4.72 4.32
0.002228 4.72 4.24
0.002229 4.64 4.16
0.00223 4.56 4.24
0.002231 4.56 4.16
0.002232 4.56 4.16
0.002233 4.48 4.08
0.002234 4.48 4
0.002235 4.4 4
0.002236 4.4 3.92
0.002237 4.4 3.92
0.002238 4.32 3.92
0.002239 4.24 3.92
0.00224 4.24 3.84
0.002241 4.16 3.76
0.002242 4.24 3.68
0.002243 4.16 3.68
0.002244 4.08 3.6
0.002245 4.08 3.6
0.002246 4.08 3.52
0.002247 4 3.52
0.002248 4.08 3.52
0.002249 3.92 3.52
0.00225 3.84 3.36
0.002251 3.84 3.28
0.002252 3.76 3.2
0.002253 3.76 3.2
0.002254 3.68 3.2
0.002255 3.6 3.12
0.002256 3.6 3.12
0.002257 3.6 2.96
0.002258 3.52 2.96
0.002259 3.44 2.96
0.00226 3.44 2.88
0.002261 3.44 2.88
0.002262 3.44 2.72
0.002263 3.28 2.72
0.002264 3.28 2.64
0.002265 3.2 2.64
0.002266 3.2 2.56
0.002267 3.12 2.56
0.002268 3.12 2.56
0.002269 2.96 2.48
0.00227 2.96 2.4
0.002271 2.96 2.4
0.002272 2.88 2.32
0.002273 2.8 2.24
0.002274 2.8 2.24
0.002275 2.8 2.08
0.002276 2.64 2.08
0.002277 2.64 2.08
0.002278 2.56 1.92
0.002279 2.56 1.92
0.00228 2.48 1.92
0.002281 2.32 1.76
0.002282 2.32 1.76
0.002283 2.32 1.68
0.002284 2.32 1.68
0.002285 2.24 1.6
0.002286 2.24 1.6
0.002287 2.16 1.52
0.002288 2.08 1.36
0.002289 2 1.36
0.00229 2 1.36
0.002291 1.92 1.28
0.002292 1.84 1.28
0.002293 1.84 1.12
0.002294 1.84 1.12
0.002295 1.68 1.12
0.002296 1.68 1.04
0.002297 1.6 0.96
0.002298 1.52 0.96
0.002299 1.52 0.88
0.0023 1.44 0.8
0.002301 1.36 0.72
0.002302 1.28 0.64
0.002303 1.28 0.64
0.002304 1.2 0.48
0.002305 1.2 0.48
0.002306 1.2 0.4
0.002307 1.04 0.32
0.002308 0.96 0.32
0.002309 0.96 0.24
0.00231 0.88 0.16
0.002311 0.88 0.16
0.002312 0.72 0.08
0.002313 0.72 0.08
0.002314 0.64 0
0.002315 0.56 -0.16
0.002316 0.56 -0.16
0.002317 0.56 -0.24
0.002318 0.4 -0.32
0.002319 0.32 -0.32
0.00232 0.32 -0.4
0.002321 0.24 -0.48
0.002322 0.24 -0.64
0.002323 0.16 -0.56
0.002324 0.08 -0.64
0.002325 0 -0.72
0.002326 -0.16 -0.72
0.002327 -0.16 -0.8
0.002328 -0.24 -0.88
0.002329 -0.32 -0.88
0.00233 -0.32 -1.04
0.002331 -0.4 -1.04
0.002332 -0.4 -1.04
0.002333 -0.48 -1.12
0.002334 -0.48 -1.2
0.002335 -0.56 -1.28
0.002336 -0.64 -1.28
0.002337 -0.72 -1.36
0.002338 -0.8 -1.44
0.002339 -0.8 -1.52
0.00234 -0.96 -1.52
0.002341 -0.96 -1.6
0.002342 -0.96 -1.6
0.002343 -1.04 -1.68
0.002344 -1.12 -1.76
0.002345 -1.12 -1.76
0.002346 -1.2 -1.84
0.002347 -1.28 -1.92
0.002348 -1.36 -2
0.002349 -1.36 -2
0.00235 -1.44 -2
0.002351 -1.44 -2.24
0.002352 -1.6 -2.16
0.002353 -1.6 -2.24
0.002354 -1.68 -2.32
0.002355 -1.68 -2.32
0.002356 -1.76 -2.4
0.002357 -1.84 -2.4
0.002358 -1.92 -2.56
0.002359 -1.92 -2.56
0.00236 -2 -2.56
0.002361 -2 -2.64
0.002362 -2.08 -2.64
0.002363 -2.08 -2.8
0.002364 -2.16 -2.8
0.002365 -2.24 -2.8
0.002366 -2.32 -2.88
0.002367 -2.4 -2.96
0.002368 -2.4 -3.04
0.002369 -2.4 -2.96
0.00237 -2.48 -3.04
0.002371 -2.56 -3.12
0.002372 -2.64 -3.2
0.002373 -2.64 -3.2
0.002374 -2.72 -3.28
0.002375 -2.72 -3.36
0.002376 -2.88 -3.36
0.002377 -2.88 -3.44
0.002378 -2.88 -3.44
0.002379 -2.96 -3.52
0.00238 -3.04 -3.6
0.002381 -3.04 -3.52
0.002382 -3.04 -3.6
0.002383 -3.12 -3.6
0.002384 -3.2 -3.76
0.002385 -3.28 -3.84
0.002386 -3.28 -3.76
0.002387 -3.36 -3.84
0.002388 -3.44 -3.92
0.002389 -3.36 -3.92
0.00239 -3.52 -4
0.002391 -3.6 -3.92
0.002392 -3.6 -4.08
0.002393 -3.6 -4.08
0.002394 -3.68 -4.08
0.002395 -3.68 -4.24
0.002396 -3.76 -4.16
0.002397 -3.84 -4.24
0.002398 -3.84 -4.24
0.002399 -3.92 -4.32
0.0024 -3.92 -4.4
0.002401 -4 -4.4
0.002402 -4 -4.4
0.002403 -4 -4.48
0.002404 -4.16 -4.48
0.002405 -4.16 -4.56
0.002406 -4.16 -4.56
0.002407 -4.24 -4.56
0.002408 -4.24 -4.72
0.002409 -4.24 -4.72
0.00241 -4.24 -4.72
0.002411 -4.32 -4.8
0.002412 -4.4 -4.8
0.002413 -4.32 -4.8
0.002414 -4.48 -4.8
0.002415 -4.48 -4.88
0.002416 -4.56 -4.88
0.002417 -4.56 -4.88
0.002418 -4.64 -5.04
0.002419 -4.64 -5.04
0.00242 -4.64 -4.96
0.002421 -4.72 -5.12
0.002422 -4.72 -5.04
0.002423 -4.8 -5.12
0.002424 -4.8 -5.12
0.002425 -4.8 -5.12
0.002426 -4.88 -5.2
0.002427 -4.88 -5.12
0.002428 -4.96 -5.28
0.002429 -4.96 -5.2
0.00243 -4.96 -5.2
0.002431 -4.96 -5.28
0.002432 -4.96 -5.2
0.002433 -5.12 -5.36
0.002434 -5.12 -5.44
0.002435 -5.12 -5.36
0.002436 -5.2 -5.36
0.002437 -5.12 -5.36
0.002438 -5.2 -5.44
0.002439 -5.28 -5.52
0.00244 -5.28 -5.44
0.002441 -5.28 -5.44
0.002442 -5.28 -5.44
0.002443 -5.28 -5.52
0.002444 -5.28 -5.52
0.002445 -5.28 -5.52
0.002446 -5.44 -5.52
0.002447 -5.36 -5.52
0.002448 -5.36 -5.52
0.002449 -5.44 -5.6
0.00245 -5.44 -5.6
0.002451 -5.44 -5.52
0.002452 -5.52 -5.6
0.002453 -5.52 -5.6
0.002454 -5.52 -5.68
0.002455 -5.6 -5.68
0.002456 -5.52 -5.6
0.002457 -5.6 -5.68
0.002458 -5.6 -5.6
0.002459 -5.6 -5.68
0.00246 -5.6 -5.68
0.002461 -5.6 -5.68
0.002462 -5.6 -5.76
0.002463 -5.6 -5.68
0.002464 -5.6 -5.68
0.002465 -5.6 -5.68
0.002466 -5.6 -5.68
0.002467 -5.6 -5.76
0.002468 -5.76 -5.76
0.002469 -5.6 -5.68
0.00247 -5.68 -5.76
0.002471 -5.76 -5.68
0.002472 -5.76 -5.68
0.002473 -5.76 -5.76
0.002474 -5.76 -5.6
0.002475 -5.68 -5.68
0.002476 -5.76 -5.68
0.002477 -5.68 -5.68
0.002478 -5.76 -5.76
0.002479 -5.76 -5.68
0.00248 -5.76 -5.68
0.002481 -5.76 -5.76
0.002482 -5.76 -5.68
0.002483 -5.76 -5.68
0.002484 -5.76 -5.68
0.002485 -5.76 -5.68
0.002486 -5.76 -5.68
0.002487 -5.76 -5.6
0.002488 -5.76 -5.68
0.002489 -5.76 -5.68
0.00249 -5.76 -5.6
0.002491 -5.76 -5.68
0.002492 -5.76 -5.52
0.002493 -5.76 -5.6
0.002494 -5.68 -5.52
0.002495 -5.76 -5.52
0.002496 -5.68 -5.52
0.002497 -5.76 -5.52
0.002498 -5.6 -5.52
0.002499 -5.6 -5.52
0.0025 -5.6 -5.44
0.002501 -5.6 -5.44
0.002502 -5.6 -5.44
0.002503 -5.6 -5.44
0.002504 -5.6 -5.44
0.002505 -5.6 -5.44
0.002506 -5.6 -5.36
0.002507 -5.6 -5.44
0.002508 -5.6 -5.36
0.002509 -5.52 -5.36
0.00251 -5.52 -5.28
0.002511 -5.52 -5.2
0.002512 -5.44 -5.28
0.002513 -5.52 -5.2
0.002514 -5.44 -5.2
0.002515 -5.44 -5.2
0.002516 -5.44 -5.12
0.002517 -5.44 -5.12
0.002518 -5.44 -5.12
0.002519 -5.36 -5.12
0.00252 -5.28 -5.04
0.002521 -5.28 -5.04
0.002522 -5.28 -5.04
0.002523 -5.28 -4.88
0.002524 -5.28 -4.96
0.002525 -5.2 -4.88
0.002526 -5.2 -4.8
0.002527 -5.2 -4.88
0.002528 -5.2 -4.8
0.002529 -5.12 -4.8
0.00253 -5.12 -4.8
0.002531 -5.12 -4.72
0.002532 -5.12 -4.72
0.002533 -5.04 -4.64
0.002534 -4.96 -4.56
0.002535 -4.96 -4.56
0.002536 -4.96 -4.48
0.002537 -4.96 -4.48
0.002538 -4.96 -4.48
0.002539 -4.88 -4.4
0.00254 -4.88 -4.4
0.002541 -4.8 -4.4
0.002542 -4.8 -4.32
0.002543 -4.72 -4.24
0.002544 -4.72 -4.24
0.002545 -4.64 -4.24
0.002546 -4.64 -4.24
0.002547 -4.56 -4.08
0.002548 -4.56 -4.16
0.002549 -4.56 -4.08
0.00255 -4.56 -4
0.002551 -4.48 -4.08
0.002552 -4.48 -3.92
0.002553 -4.4 -3.92
0.002554 -4.32 -3.84
0.002555 -4.32 -3.84
0.002556 -4.24 -3.84
0.002557 -4.24 -3.68
0.002558 -4.16 -3.76
0.002559 -4.16 -3.6
0.00256 -4.16 -3.6
0.002561 -4 -3.6
0.002562 -4 -3.52
0.002563 -4 -3.52
0.002564 -4 -3.44
0.002565 -3.92 -3.36
0.002566 -3.92 -3.36
0.002567 -3.84 -3.28
0.002568 -3.84 -3.2
0.002569 -3.76 -3.2
0.00257 -3.68 -3.12
0.002571 -3.68 -3.12
0.002572 -3.68 -3.04
0.002573 -3.68 -2.96
0.002574 -3.6 -2.96
0.002575 -3.52 -2.88
0.002576 -3.44 -2.8
0.002577 -3.36 -2.8
0.002578 -3.36 -2.8
0.002579 -3.28 -2.72
0.00258 -3.28 -2.64
0.002581 -3.28 -2.56
0.002582 -3.2 -2.56
0.002583 -3.12 -2.48
0.002584 -3.04 -2.48
0.002585 -3.04 -2.32
0.002586 -2.96 -2.32
0.002587 -2.96 -2.32
0.002588 -2.88 -2.24
0.002589 -2.88 -2.24
0.00259 -2.72 -2.16
0.002591 -2.72 -2
0.002592 -2.72 -2
0.002593 -2.64 -1.92
0.002594 -2.64 -1.92
0.002595 -2.48 -1.84
0.002596 -2.56 -1.76
0.002597 -2.4 -1.76
0.002598 -2.32 -1.68
0.002599 -2.32 -1.6
0.0026 -2.32 -1.6
0.002601 -2.24 -1.52
0.002602 -2.16 -1.52
0.002603 -2.08 -1.44
0.002604 -2 -1.36
0.002605 -2 -1.28
0.002606 -2 -1.28
0.002607 -1.92 -1.2
0.002608 -1.76 -1.12
0.002609 -1.76 -1.04
0.00261 -1.76 -1.04
0.002611 -1.68 -1.04
0.002612 -1.68 -0.96
0.002613 -1.6 -0.88
0.002614 -1.44 -0.8
0.002615 -1.44 -0.72
0.002616 -1.44 -0.72
0.002617 -1.36 -0.64
0.002618 -1.36 -0.64
0.002619 -1.28 -0.48
0.00262 -1.12 -0.48
0.002621 -1.12 -0.4
0.002622 -1.12 -0.32
0.002623 -1.04 -0.32
0.002624 -1.04 -0.24
0.002625 -0.96 -0.16
0.002626 -0.96 -0.16
0.002627 -0.8 0
0.002628 -0.72 0.08
0.002629 -0.72 0.08
0.00263 -0.64 0.16
0.002631 -0.64 0.24
0.002632 -0.48 0.32
0.002633 -0.48 0.32
0.002634 -0.4 0.4
0.002635 -0.32 0.48
0.002636 -0.24 0.48
0.002637 -0.16 0.56
0.002638 -0.16 0.64
0.002639 -0.16 0.64
0.00264 0 0.72
0.002641 0.08 0.8
0.002642 0.08 0.8
0.002643 0.16 0.8
0.002644 0.24 0.96
0.002645 0.24 1.04
0.002646 0.32 1.04
0.002647 0.4 1.12
0.002648 0.48 1.2
0.002649 0.48 1.2
0.00265 0.56 1.28
0.002651 0.64 1.36
0.002652 0.64 1.28
0.002653 0.72 1.44
0.002654 0.8 1.44
0.002655 0.88 1.52
0.002656 0.96 1.6
0.002657 0.96 1.6
0.002658 1.04 1.68
0.002659 1.04 1.76
0.00266 1.12 1.84
0.002661 1.2 1.84
0.002662 1.28 1.92
0.002663 1.28 1.92
0.002664 1.36 2
0.002665 1.36 2.08
0.002666 1.52 2.16
0.002667 1.52 2.16
0.002668 1.52 2.24
0.002669 1.6 2.32
0.00267 1.6 2.32
0.002671 1.76 2.4
0.002672 1.84 2.48
0.002673 1.84 2.56
0.002674 1.92 2.56
0.002675 1.92 2.56
0.002676 2 2.64
0.002677 2 2.64
0.002678 2.16 2.72
0.002679 2.16 2.8
0.00268 2.24 2.8
0.002681 2.24 2.88
0.002682 2.24 2.96
0.002683 2.32 2.96
0.002684 2.48 3.04
0.002685 2.48 3.04
0.002686 2.56 3.12
0.002687 2.56 3.28
0.002688 2.64 3.2
0.002689 2.64 3.28
0.00269 2.64 3.28
0.002691 2.8 3.36
0.002692 2.8 3.44
0.002693 2.88 3.36
0.002694 2.88 3.52
0.002695 2.96 3.52
0.002696 2.96 3.6
0.002697 3.12 3.68
0.002698 3.12 3.68
0.002699 3.12 3.68
0.0027 3.2 3.76
0.002701 3.28 3.84
0.002702 3.28 3.84
0.002703 3.36 3.84
0.002704 3.44 3.92
0.002705 3.44 4
0.002706 3.44 4
0.002707 3.52 4
0.002708 3.6 4.08
0.002709 3.6 4.16
0.00271 3.6 4.16
0.002711 3.76 4.16
0.002712 3.76 4.16
0.002713 3.76 4.32
0.002714 3.84 4.32
0.002715 3.84 4.32
0.002716 3.84 4.32
0.002717 3.92 4.4
0.002718 3.92 4.48
0.002719 4 4.48
0.00272 4.08 4.56
0.002721 4.08 4.56
0.002722 4.08 4.56
0.002723 4.16 4.64
0.002724 4.24 4.64
0.002725 4.24 4.72
0.002726 4.24 4.72
0.002727 4.32 4.72
0.002728 4.4 4.8
0.002729 4.4 4.8
0.00273 4.48 4.88
0.002731 4.48 4.88
0.002732 4.56 4.88
0.002733 4.56 4.96
0.002734 4.56 4.88
0.002735 4.56 4.96
0.002736 4.64 5.04
0.002737 4.72 5.04
0.002738 4.64 5.04
0.002739 4.72 4.96
0.00274 4.72 5.12
0.002741 4.72 5.12
0.002742 4.72 5.12
0.002743 4.8 5.12
0.002744 4.8 5.2
0.002745 4.88 5.12
0.002746 4.88 5.2
0.002747 4.96 5.28
0.002748 4.96 5.2
0.002749 4.96 5.2
0.00275 5.04 5.28
0.002751 5.04 5.28
0.002752 5.04 5.36
0.002753 5.04 5.28
0.002754 5.12 5.36
0.002755 5.12 5.28
0.002756 5.12 5.44
0.002757 5.2 5.44
0.002758 5.2 5.36
0.002759 5.2 5.52
0.00276 5.2 5.44
0.002761 5.2 5.44
0.002762 5.28 5.52
0.002763 5.36 5.44
0.002764 5.36 5.44
0.002765 5.28 5.52
0.002766 5.36 5.44
0.002767 5.36 5.52
0.002768 5.36 5.52
0.002769 5.36 5.52
0.00277 5.36 5.52
0.002771 5.36 5.52
0.002772 5.44 5.52
0.002773 5.44 5.6
0.002774 5.44 5.52
0.002775 5.36 5.6
0.002776 5.44 5.6
0.002777 5.52 5.6
0.002778 5.44 5.6
0.002779 5.44 5.6
0.00278 5.52 5.6
0.002781 5.52 5.52
0.002782 5.52 5.6
0.002783 5.52 5.6
0.002784 5.52 5.6
0.002785 5.52 5.6
0.002786 5.52 5.52
0.002787 5.52 5.52
0.002788 5.6 5.6
0.002789 5.52 5.6
0.00279 5.52 5.6
0.002791 5.68 5.52
0.002792 5.6 5.6
0.002793 5.52 5.6
0.002794 5.6 5.52
0.002795 5.52 5.52
0.002796 5.52 5.52
0.002797 5.6 5.52
0.002798 5.52 5.6
0.002799 5.6 5.52
0.0028 5.52 5.44
0.002801 5.52 5.52
0.002802 5.6 5.52
0.002803 5.52 5.44
0.002804 5.52 5.44
0.002805 5.52 5.44
0.002806 5.52 5.44
0.002807 5.52 5.44
0.002808 5.52 5.44
0.002809 5.52 5.44
0.00281 5.52 5.36
0.002811 5.52 5.44
0.002812 5.52 5.36
0.002813 5.44 5.28
0.002814 5.44 5.36
0.002815 5.44 5.28
0.002816 5.44 5.36
0.002817 5.44 5.2
0.002818 5.36 5.2
0.002819 5.44 5.2
0.00282 5.44 5.2
0.002821 5.36 5.2
0.002822 5.36 5.12
0.002823 5.36 5.12
0.002824 5.36 5.2
0.002825 5.36 5.12
0.002826 5.36 5.12
0.002827 5.36 5.12
0.002828 5.36 4.96
0.002829 5.2 4.96
0.00283 5.28 4.96
0.002831 5.12 4.88
0.002832 5.2 4.88
0.002833 5.2 4.88
0.002834 5.12 4.88
0.002835 5.2 4.88
0.002836 5.04 4.8
0.002837 5.04 4.8
0.002838 5.04 4.8
0.002839 5.04 4.72
0.00284 5.04 4.72
0.002841 5.04 4.64
0.002842 4.96 4.64
0.002843 4.96 4.64
0.002844 4.88 4.56
0.002845 4.88 4.56
0.002846 4.88 4.48
0.002847 4.88 4.48
0.002848 4.8 4.56
0.002849 4.8 4.32
0.00285 4.8 4.4
0.002851 4.72 4.24
0.002852 4.72 4.32
0.002853 4.64 4.32
0.002854 4.64 4.16
0.002855 4.56 4.24
0.002856 4.56 4.08
0.002857 4.48 4.16
0.002858 4.56 4.16
0.002859 4.48 4
0.00286 4.4 4
0.002861 4.4 3.92
0.002862 4.4 3.92
0.002863 4.32 3.92
0.002864 4.24 3.84
0.002865 4.24 3.84
0.002866 4.24 3.76
0.002867 4.16 3.76
0.002868 4.16 3.68
0.002869 4.08 3.6
0.00287 4.08 3.6
0.002871 4.08 3.52
0.002872 3.92 3.52
0.002873 3.92 3.52
0.002874 3.92 3.44
0.002875 3.84 3.36
0.002876 3.84 3.36
0.002877 3.76 3.28
0.002878 3.76 3.2
0.002879 3.76 3.2
0.00288 3.6 3.12
0.002881 3.6 3.12
0.002882 3.6 3.04
0.002883 3.52 2.96
0.002884 3.44 2.96
0.002885 3.44 2.88
0.002886 3.44 2.88
0.002887 3.36 2.8
0.002888 3.28 2.72
0.002889 3.28 2.8
0.00289 3.28 2.64
0.002891 3.12 2.64
0.002892 3.12 2.56
0.002893 3.04 2.48
0.002894 3.04 2.56
0.002895 2.96 2.4
0.002896 2.96 2.4
0.002897 2.88 2.32
0.002898 2.88 2.24
0.002899 2.8 2.24
0.0029 2.8 2.08
0.002901 2.72 2.08
0.002902 2.64 2
0.002903 2.56 2
0.002904 2.56 1.92
0.002905 2.48 1.84
0.002906 2.48 1.76
0.002907 2.48 1.76
0.002908 2.32 1.68
0.002909 2.32 1.6
0.00291 2.24 1.6
0.002911 2.16 1.52
0.002912 2.16 1.52
0.002913 2.08 1.44
0.002914 2 1.36
0.002915 1.92 1.28
0.002916 1.92 1.28
0.002917 1.84 1.28
0.002918 1.84 1.12
0.002919 1.84 1.04
0.00292 1.68 1.04
0.002921 1.68 0.96
0.002922 1.6 0.96
0.002923 1.52 0.88
0.002924 1.52 0.8
0.002925 1.44 0.8
0.002926 1.36 0.72
0.002927 1.36 0.72
0.002928 1.2 0.64
0.002929 1.2 0.48
0.00293 1.2 0.48
0.002931 1.04 0.4
0.002932 1.04 0.4
0.002933 0.96 0.32
0.002934 0.88 0.32
0.002935 0.88 0.16
0.002936 0.88 0.08
0.002937 0.8 0.08
0.002938 0.72 0.08
0.002939 0.64 0
0.00294 0.64 -0.16
0.002941 0.56 -0.16
0.002942 0.56 -0.32
0.002943 0.4 -0.32
0.002944 0.4 -0.32
0.002945 0.32 -0.4
0.002946 0.32 -0.4
0.002947 0.24 -0.56
0.002948 0.08 -0.64
0.002949 0.08 -0.56
0.00295 0 -0.64
0.002951 0 -0.72
0.002952 0 -0.8
0.002953 -0.16 -0.88
0.002954 -0.32 -0.88
0.002955 -0.32 -0.96
0.002956 -0.4 -1.04
0.002957 -0.48 -1.12
0.002958 -0.48 -1.12
0.002959 -0.48 -1.2
0.00296 -0.64 -1.2
0.002961 -0.64 -1.28
0.002962 -0.72 -1.36
0.002963 -0.72 -1.44
0.002964 -0.8 -1.44
0.002965 -0.8 -1.52
0.002966 -0.96 -1.6
0.002967 -1.04 -1.6
0.002968 -1.12 -1.68
0.002969 -1.12 -1.76
0.00297 -1.2 -1.84
0.002971 -1.12 -1.84
0.002972 -1.28 -1.84
0.002973 -1.36 -1.92
0.002974 -1.36 -2
0.002975 -1.44 -2.08
0.002976 -1.44 -2.16
0.002977 -1.52 -2.16
0.002978 -1.6 -2.24
0.002979 -1.68 -2.32
0.00298 -1.76 -2.32
0.002981 -1.76 -2.4
0.002982 -1.76 -2.4
0.002983 -1.92 -2.48
0.002984 -1.92 -2.56
0.002985 -2 -2.56
0.002986 -2 -2.64
0.002987 -2.08 -2.72
0.002988 -2.08 -2.72
0.002989 -2.16 -2.8
0.00299 -2.24 -2.88
0.002991 -2.32 -2.88
0.002992 -2.32 -2.96
0.002993 -2.4 -2.96
0.002994 -2.4 -3.04
0.002995 -2.56 -3.04
0.002996 -2.56 -3.12
0.002997 -2.56 -3.2
0.002998 -2.64 -3.2
0.002999 -2.72 -3.36
0.003 -2.72 -3.28
0.003001 -2.88 -3.36
0.003002 -2.88 -3.44
0.003003 -2.96 -3.44
0.003004 -2.96 -3.52
0.003005 -3.04 -3.6
0.003006 -3.04 -3.6
0.003007 -3.04 -3.6
0.003008 -3.12 -3.68
0.003009 -3.2 -3.68
0.00301 -3.2 -3.84
0.003011 -3.28 -3.84
0.003012 -3.36 -3.92
0.003013 -3.36 -3.92
0.003014 -3.36 -3.92
0.003015 -3.52 -4.08
0.003016 -3.52 -4
0.003017 -3.6 -4.08
0.003018 -3.6 -4.16
0.003019 -3.68 -4.08
0.00302 -3.68 -4.16
0.003021 -3.68 -4.16
0.003022 -3.84 -4.32
0.003023 -3.84 -4.24
0.003024 -3.84 -4.24
0.003025 -3.92 -4.4
0.003026 -4 -4.4
0.003027 -4 -4.48
0.003028 -4 -4.4
0.003029 -4.08 -4.48
0.00303 -4.16 -4.56
0.003031 -4.24 -4.64
0.003032 -4.16 -4.64
0.003033 -4.24 -4.64
0.003034 -4.24 -4.64
0.003035 -4.32 -4.72
0.003036 -4.32 -4.72
0.003037 -4.32 -4.8
0.003038 -4.4 -4.8
0.003039 -4.48 -4.88
0.00304 -4.56 -4.8
0.003041 -4.56 -4.88
0.003042 -4.56 -4.88
0.003043 -4.56 -4.96
0.003044 -4.56 -5.04
0.003045 -4.64 -4.96
0.003046 -4.64 -5.04
0.003047 -4.8 -5.12
0.003048 -4.8 -5.12
0.003049 -4.8 -5.2
0.00305 -4.8 -5.12
0.003051 -4.88 -5.2
0.003052 -4.96 -5.12
0.003053 -4.96 -5.2
0.003054 -4.96 -5.28
0.003055 -4.96 -5.2
0.003056 -4.96 -5.28
0.003057 -4.96 -5.28
0.003058 -5.12 -5.28
0.003059 -5.12 -5.36
0.00306 -5.12 -5.28
0.003061 -5.12 -5.44
0.003062 -5.2 -5.44
0.003063 -5.2 -5.36
0.003064 -5.28 -5.44
0.003065 -5.28 -5.44
0.003066 -5.28 -5.44
0.003067 -5.28 -5.52
0.003068 -5.28 -5.44
0.003069 -5.28 -5.52
0.00307 -5.36 -5.52
0.003071 -5.36 -5.52
0.003072 -5.44 -5.52
0.003073 -5.44 -5.6
0.003074 -5.44 -5.52
0.003075 -5.44 -5.6
0.003076 -5.44 -5.6
0.003077 -5.52 -5.6
0.003078 -5.52 -5.68
0.003079 -5.52 -5.52
0.00308 -5.6 -5.76
0.003081 -5.52 -5.68
0.003082 -5.6 -5.68
0.003083 -5.6 -5.68
0.003084 -5.6 -5.6
0.003085 -5.6 -5.68
0.003086 -5.6 -5.68
0.003087 -5.6 -5.76
0.003088 -5.6 -5.76
0.003089 -5.6 -5.68
0.00309 -5.68 -5.76
0.003091 -5.68 -5.68
0.003092 -5.76 -5.76
0.003093 -5.76 -5.76
0.003094 -5.68 -5.68
0.003095 -5.76 -5.76
0.003096 -5.6 -5.68
0.003097 -5.76 -5.68
0.003098 -5.6 -5.76
0.003099 -5.76 -5.76
0.0031 -5.76 -5.76
0.003101 -5.76 -5.68
0.003102 -5.76 -5.68
0.003103 -5.76 -5.76
0.003104 -5.76 -5.68
0.003105 -5.76 -5.68
0.003106 -5.76 -5.76
0.003107 -5.76 -5.68
0.003108 -5.76 -5.76
0.003109 -5.76 -5.68
0.00311 -5.68 -5.68
0.003111 -5.76 -5.68
0.003112 -5.76 -5.6
0.003113 -5.68 -5.68
0.003114 -5.68 -5.68
0.003115 -5.76 -5.52
0.003116 -5.76 -5.6
0.003117 -5.68 -5.52
0.003118 -5.68 -5.6
0.003119 -5.6 -5.6
0.00312 -5.68 -5.52
0.003121 -5.68 -5.44
0.003122 -5.68 -5.52
0.003123 -5.68 -5.44
0.003124 -5.76 -5.52
0.003125 -5.6 -5.44
0.003126 -5.68 -5.44
0.003127 -5.6 -5.44
0.003128 -5.6 -5.44
0.003129 -5.6 -5.36
0.00313 -5.6 -5.36
0.003131 -5.6 -5.28
0.003132 -5.52 -5.36
0.003133 -5.52 -5.28
0.003134 -5.6 -5.36
0.003135 -5.52 -5.28
0.003136 -5.52 -5.2
0.003137 -5.52 -5.28
0.003138 -5.44 -5.12
0.003139 -5.52 -5.2
0.00314 -5.44 -5.2
0.003141 -5.44 -5.12
0.003142 -5.44 -5.12
0.003143 -5.36 -5.04
0.003144 -5.28 -5.12
0.003145 -5.44 -5.04
0.003146 -5.36 -4.96
0.003147 -5.28 -5.04
0.003148 -5.28 -4.88
0.003149 -5.28 -4.96
0.00315 -5.28 -4.88
0.003151 -5.2 -4.88
0.003152 -5.2 -4.88
0.003153 -5.2 -4.8
0.003154 -5.12 -4.8
0.003155 -5.12 -4.8
0.003156 -5.12 -4.72
0.003157 -5.12 -4.72
0.003158 -4.96 -4.64
0.003159 -4.96 -4.64
0.00316 -4.96 -4.56
0.003161 -4.88 -4.56
0.003162 -4.96 -4.56
0.003163 -4.88 -4.48
0.003164 -4.88 -4.4
0.003165 -4.8 -4.48
0.003166 -4.88 -4.4
0.003167 -4.8 -4.4
0.003168 -4.8 -4.32
0.003169 -4.8 -4.32
0.00317 -4.64 -4.24
0.003171 -4.64 -4.24
0.003172 -4.56 -4.16
0.003173 -4.56 -4.16
0.003174 -4.56 -4.08
0.003175 -4.56 -4
0.003176 -4.48 -4.08
0.003177 -4.48 -3.92
0.003178 -4.4 -3.92
0.003179 -4.32 -3.92
0.00318 -4.32 -3.76
0.003181 -4.24 -3.84
0.003182 -4.32 -3.68
0.003183 -4.24 -3.76
0.003184 -4.16 -3.68
0.003185 -4.08 -3.6
0.003186 -4.08 -3.6
0.003187 -4 -3.52
0.003188 -4 -3.52
0.003189 -4 -3.44
0.00319 -3.92 -3.36
0.003191 -3.92 -3.36
0.003192 -3.84 -3.28
0.003193 -3.76 -3.28
0.003194 -3.68 -3.2
0.003195 -3.68 -3.12
0.003196 -3.68 -3.12
0.003197 -3.6 -3.04
0.003198 -3.6 -2.96
0.003199 -3.52 -2.96
0.0032 -3.52 -2.88
0.003201 -3.52 -2.88
0.003202 -3.36 -2.8
0.003203 -3.36 -2.72
0.003204 -3.28 -2.72
0.003205 -3.28 -2.64
0.003206 -3.2 -2.56
0.003207 -3.2 -2.56
0.003208 -3.04 -2.48
0.003209 -3.04 -2.48
0.00321 -3.04 -2.4
0.003211 -3.04 -2.32
0.003212 -2.96 -2.32
0.003213 -2.88 -2.24
0.003214 -2.88 -2.24
0.003215 -2.72 -2.16
0.003216 -2.72 -2
0.003217 -2.72 -2
0.003218 -2.56 -1.92
0.003219 -2.56 -1.92
0.00322 -2.56 -1.92
0.003221 -2.4 -1.76
0.003222 -2.4 -1.76
0.003223 -2.4 -1.68
0.003224 -2.4 -1.6
0.003225 -2.24 -1.6
0.003226 -2.24 -1.44
0.003227 -2.16 -1.52
0.003228 -2.08 -1.36
0.003229 -2.08 -1.36
0.00323 -2 -1.36
0.003231 -2 -1.2
0.003232 -1.92 -1.2
0.003233 -1.84 -1.2
0.003234 -1.76 -1.12
0.003235 -1.76 -1.04
0.003236 -1.68 -0.96
0.003237 -1.68 -0.96
0.003238 -1.6 -0.88
0.003239 -1.52 -0.8
0.00324 -1.44 -0.72
0.003241 -1.44 -0.72
0.003242 -1.36 -0.64
0.003243 -1.28 -0.64
0.003244 -1.28 -0.48
0.003245 -1.2 -0.48
0.003246 -1.12 -0.4
0.003247 -1.04 -0.32
0.003248 -1.04 -0.32
0.003249 -0.96 -0.24
0.00325 -0.88 -0.16
0.003251 -0.8 -0.16
0.003252 -0.8 0
0.003253 -0.72 0
0.003254 -0.72 0.08
0.003255 -0.64 0.16
0.003256 -0.56 0.16
0.003257 -0.48 0.32
0.003258 -0.48 0.32
0.003259 -0.4 0.32
0.00326 -0.4 0.4
0.003261 -0.32 0.4
0.003262 -0.24 0.56
0.003263 -0.16 0.64
0.003264 -0.16 0.72
0.003265 0 0.72
0.003266 0 0.8
0.003267 0.08 0.8
0.003268 0.24 0.8
0.003269 0.24 0.88
0.00327 0.24 1.04
0.003271 0.32 1.04
0.003272 0.4 1.12
0.003273 0.48 1.12
0.003274 0.56 1.2
0.003275 0.56 1.28
0.003276 0.64 1.36
0.003277 0.64 1.36
0.003278 0.72 1.44
0.003279 0.88 1.44
0.00328 0.88 1.52
0.003281 0.88 1.6
0.003282 0.96 1.6
0.003283 0.96 1.68
0.003284 1.04 1.76
0.003285 1.04 1.76
0.003286 1.2 1.92
0.003287 1.2 1.92
0.003288 1.36 2
0.003289 1.28 2
0.00329 1.36 2.08
0.003291 1.52 2.16
0.003292 1.52 2.24
0.003293 1.52 2.24
0.003294 1.68 2.32
0.003295 1.6 2.32
0.003296 1.76 2.4
0.003297 1.84 2.48
0.003298 1.84 2.48
0.003299 1.84 2.56
0.0033 2 2.64
0.003301 2 2.64
0.003302 2 2.72
0.003303 2.16 2.72
0.003304 2.16 2.88
0.003305 2.16 2.88
0.003306 2.24 2.88
0.003307 2.32 2.96
0.003308 2.32 2.96
0.003309 2.4 3.04
0.00331 2.48 3.12
0.003311 2.56 3.12
0.003312 2.56 3.2
0.003313 2.56 3.2
0.003314 2.64 3.28
0.003315 2.72 3.28
0.003316 2.8 3.28
0.003317 2.8 3.44
0.003318 2.8 3.44
0.003319 2.88 3.44
0.00332 2.96 3.52
0.003321 2.96 3.52
0.003322 3.12 3.6
0.003323 3.12 3.68
0.003324 3.12 3.68
0.003325 3.2 3.76
0.003326 3.28 3.76
0.003327 3.28 3.84
0.003328 3.44 3.84
0.003329 3.44 3.92
0.00333 3.44 3.92
0.003331 3.44 4
0.003332 3.52 4
0.003333 3.52 4
0.003334 3.6 4.08
0.003335 3.68 4.16
0.003336 3.68 4.16
0.003337 3.76 4.24
0.003338 3.76 4.32
0.003339 3.76 4.32
0.00334 3.84 4.32
0.003341 3.84 4.4
0.003342 3.92 4.32
0.003343 4 4.4
0.003344 4 4.48
0.003345 4.08 4.56
0.003346 4.08 4.56
0.003347 4.08 4.48
0.003348 4.16 4.64
0.003349 4.16 4.64
0.00335 4.24 4.64
0.003351 4.24 4.8
0.003352 4.32 4.64
0.003353 4.4 4.8
0.003354 4.4 4.8
0.003355 4.4 4.8
0.003356 4.48 4.88
0.003357 4.48 4.8
0.003358 4.48 4.96
0.003359 4.56 4.88
0.00336 4.56 4.96
0.003361 4.56 4.96
0.003362 4.64 4.96
0.003363 4.72 5.04
0.003364 4.72 5.04
0.003365 4.72 5.12
0.003366 4.72 5.12
0.003367 4.8 5.12
0.003368 4.8 5.12
0.003369 4.8 5.2
0.00337 4.88 5.2
0.003371 4.88 5.2
0.003372 5.04 5.2
0.003373 4.96 5.2
0.003374 5.04 5.28
0.003375 5.04 5.28
0.003376 5.04 5.28
0.003377 5.04 5.28
0.003378 5.04 5.36
0.003379 5.12 5.44
0.00338 5.12 5.36
0.003381 5.12 5.28
0.003382 5.2 5.44
0.003383 5.12 5.44
0.003384 5.2 5.52
0.003385 5.2 5.44
0.003386 5.2 5.44
0.003387 5.2 5.52
0.003388 5.36 5.44
0.003389 5.36 5.52
0.00339 5.36 5.52
0.003391 5.36 5.44
0.003392 5.36 5.6
0.003393 5.36 5.52
0.003394 5.36 5.52
0.003395 5.36 5.6
0.003396 5.36 5.52
0.003397 5.44 5.6
0.003398 5.36 5.52
0.003399 5.44 5.6
0.0034 5.44 5.6
0.003401 5.44 5.52
0.003402 5.44 5.6
0.003403 5.44 5.6
0.003404 5.52 5.6
0.003405 5.52 5.6
0.003406 5.52 5.6
0.003407 5.52 5.6
0.003408 5.52 5.6
0.003409 5.52 5.52
0.00341 5.52 5.6
0.003411 5.52 5.6
0.003412 5.52 5.52
0.003413 5.6 5.6
0.003414 5.52 5.52
0.003415 5.52 5.6
0.003416 5.52 5.6
0.003417 5.52 5.52
0.003418 5.52 5.52
0.003419 5.52 5.52
0.00342 5.52 5.52
0.003421 5.6 5.6
0.003422 5.6 5.44
0.003423 5.52 5.52
0.003424 5.52 5.52
0.003425 5.52 5.44
0.003426 5.52 5.52
0.003427 5.6 5.44
0.003428 5.52 5.52
0.003429 5.52 5.52
0.00343 5.52 5.44
0.003431 5.52 5.44
0.003432 5.52 5.36
0.003433 5.52 5.44
0.003434 5.52 5.44
0.003435 5.52 5.36
0.003436 5.52 5.36
0.003437 5.52 5.36
0.003438 5.44 5.28
0.003439 5.44 5.36
0.00344 5.44 5.28
0.003441 5.44 5.28
0.003442 5.44 5.28
0.003443 5.36 5.2
0.003444 5.44 5.28
0.003445 5.36 5.2
0.003446 5.36 5.2
0.003447 5.36 5.2
0.003448 5.36 5.12
0.003449 5.36 5.12
0.00345 5.36 5.12
0.003451 5.36 5.04
0.003452 5.36 5.12
0.003453 5.28 5.04
0.003454 5.2 5.04
0.003455 5.2 4.96
0.003456 5.28 4.96
0.003457 5.2 4.96
0.003458 5.2 4.88
0.003459 5.12 4.88
0.00346 5.12 4.88
0.003461 5.12 4.8
0.003462 5.04 4.88
0.003463 5.12 4.72
0.003464 5.04 4.72
0.003465 5.04 4.72
0.003466 5.04 4.72
0.003467 4.96 4.64
0.003468 4.88 4.64
0.003469 4.88 4.56
0.00347 4.88 4.56
0.003471 4.88 4.48
0.003472 4.8 4.48
0.003473 4.8 4.48
0.003474 4.8 4.32
0.003475 4.72 4.4
0.003476 4.72 4.32
0.003477 4.72 4.24
0.003478 4.72 4.24
0.003479 4.56 4.24
0.00348 4.64 4.24
0.003481 4.56 4.16
0.003482 4.48 4.08
0.003483 4.48 4.08
0.003484 4.48 4
0.003485 4.4 4
0.003486 4.4 4
0.003487 4.4 3.92
0.003488 4.32 3.92
0.003489 4.32 3.84
0.00349 4.24 3.84
0.003491 4.24 3.76
0.003492 4.16 3.76
0.003493 4.16 3.68
0.003494 4.08 3.6
0.003495 4.08 3.6
0.003496 4.08 3.6
0.003497 4 3.52
0.003498 3.92 3.52
0.003499 3.92 3.44
0.0035 3.84 3.28
0.003501 3.84 3.28
0.003502 3.76 3.28
0.003503 3.76 3.2
0.003504 3.76 3.2
0.003505 3.6 3.2
0.003506 3.6 3.04
0.003507 3.6 3.04
0.003508 3.52 2.96
0.003509 3.44 2.96
0.00351 3.44 2.88
0.003511 3.44 2.88
0.003512 3.36 2.88
0.003513 3.36 2.72
0.003514 3.28 2.72
0.003515 3.2 2.56
0.003516 3.2 2.56
0.003517 3.12 2.56
0.003518 3.12 2.48
0.003519 2.96 2.48
0.00352 2.96 2.4
0.003521 2.88 2.4
0.003522 2.88 2.32
0.003523 2.8 2.32
0.003524 2.8 2.24
0.003525 2.8 2.08
0.003526 2.64 2.08
0.003527 2.64 2
0.003528 2.56 1.92
0.003529 2.56 1.92
0.00353 2.48 1.84
0.003531 2.48 1.76
0.003532 2.48 1.76
0.003533 2.32 1.68
0.003534 2.24 1.6
0.003535 2.24 1.6
0.003536 2.16 1.6
0.003537 2.16 1.44
0.003538 2.16 1.44
0.003539 2.08 1.36
0.00354 2 1.36
0.003541 1.84 1.28
0.003542 1.92 1.2
0.003543 1.84 1.2
0.003544 1.76 1.04
0.003545 1.68 1.04
0.003546 1.6 1.04
0.003547 1.6 0.88
0.003548 1.52 0.96
0.003549 1.52 0.8
0.00355 1.44 0.8
0.003551 1.36 0.72
0.003552 1.28 0.64
0.003553 1.28 0.72
0.003554 1.2 0.56
0.003555 1.2 0.48
0.003556 1.04 0.4
0.003557 1.04 0.32
0.003558 0.96 0.32
0.003559 0.96 0.24
0.00356 0.88 0.24
0.003561 0.88 0.16
0.003562 0.72 0.08
0.003563 0.72 0.08
0.003564 0.72 0
0.003565 0.64 0
0.003566 0.56 -0.16
0.003567 0.48 -0.24
0.003568 0.4 -0.32
0.003569 0.4 -0.4
0.00357 0.32 -0.32
0.003571 0.32 -0.4
0.003572 0.24 -0.48
0.003573 0.16 -0.64
0.003574 0.08 -0.64
0.003575 0 -0.64
0.003576 0 -0.8
0.003577 0 -0.72
0.003578 -0.16 -0.88
0.003579 -0.24 -0.96
0.00358 -0.32 -1.04
0.003581 -0.4 -1.04
0.003582 -0.4 -1.04
0.003583 -0.48 -1.2
0.003584 -0.48 -1.2
0.003585 -0.64 -1.28
0.003586 -0.64 -1.28
0.003587 -0.72 -1.28
0.003588 -0.8 -1.44
0.003589 -0.8 -1.36
0.00359 -0.8 -1.6
0.003591 -0.96 -1.6
0.003592 -1.04 -1.6
0.003593 -1.04 -1.76
0.003594 -1.12 -1.68
0.003595 -1.12 -1.76
0.003596 -1.2 -1.92
0.003597 -1.2 -1.84
0.003598 -1.28 -2
0.003599 -1.36 -2
0.0036 -1.44 -2
0.003601 -1.44 -2.16
0.003602 -1.6 -2.16
0.003603 -1.6 -2.24
0.003604 -1.6 -2.24
0.003605 -1.68 -2.24
0.003606 -1.76 -2.4
0.003607 -1.84 -2.48
0.003608 -1.84 -2.48
0.003609 -1.92 -2.56
0.00361 -2 -2.56
0.003611 -2.08 -2.64
0.003612 -2.08 -2.64
0.003613 -2.16 -2.72
0.003614 -2.24 -2.8
0.003615 -2.24 -2.8
0.003616 -2.32 -2.88
0.003617 -2.4 -2.96
0.003618 -2.4 -2.96
0.003619 -2.4 -3.04
0.00362 -2.48 -3.04
0.003621 -2.56 -3.2
0.003622 -2.56 -3.2
0.003623 -2.64 -3.2
0.003624 -2.72 -3.28
0.003625 -2.72 -3.28
0.003626 -2.88 -3.44
0.003627 -2.88 -3.44
0.003628 -2.88 -3.44
0.003629 -2.96 -3.52
0.00363 -2.96 -3.52
0.003631 -3.04 -3.6
0.003632 -3.12 -3.6
0.003633 -3.12 -3.6
0.003634 -3.2 -3.68
0.003635 -3.2 -3.84
0.003636 -3.28 -3.76
0.003637 -3.36 -3.84
0.003638 -3.36 -3.92
0.003639 -3.52 -4
0.00364 -3.52 -4
0.003641 -3.52 -3.92
0.003642 -3.6 -4.08
0.003643 -3.6 -4.16
0.003644 -3.68 -4.16
0.003645 -3.68 -4.24
0.003646 -3.76 -4.16
0.003647 -3.76 -4.24
0.003648 -3.76 -4.32
0.003649 -3.92 -4.32
0.00365 -3.92 -4.4
0.003651 -4 -4.32
0.003652 -4 -4.48
0.003653 -4 -4.48
0.003654 -4.16 -4.48
0.003655 -4.08 -4.56
0.003656 -4.16 -4.56
0.003657 -4.24 -4.56
0.003658 -4.24 -4.72
0.003659 -4.32 -4.72
0.00366 -4.32 -4.8
0.003661 -4.32 -4.8
0.003662 -4.32 -4.8
0.003663 -4.4 -4.8
0.003664 -4.48 -4.8
0.003665 -4.48 -4.88
0.003666 -4.56 -4.88
0.003667 -4.56 -4.96
0.003668 -4.64 -4.96
0.003669 -4.64 -5.04
0.00367 -4.64 -5.04
0.003671 -4.72 -5.12
0.003672 -4.72 -5.12
0.003673 -4.8 -5.04
0.003674 -4.8 -5.2
0.003675 -4.8 -5.12
0.003676 -4.88 -5.2
0.003677 -4.88 -5.2
0.003678 -4.96 -5.12
0.003679 -4.96 -5.28
0.00368 -4.96 -5.2
0.003681 -5.04 -5.36
0.003682 -5.04 -5.28
0.003683 -5.04 -5.28
0.003684 -5.12 -5.44
0.003685 -5.12 -5.36
0.003686 -5.12 -5.44
0.003687 -5.2 -5.36
0.003688 -5.12 -5.36
0.003689 -5.2 -5.44
0.00369 -5.28 -5.44
0.003691 -5.28 -5.52
0.003692 -5.28 -5.52
0.003693 -5.28 -5.44
0.003694 -5.28 -5.44
0.003695 -5.28 -5.52
0.003696 -5.44 -5.52
0.003697 -5.36 -5.52
0.003698 -5.36 -5.52
0.003699 -5.44 -5.6
0.0037 -5.44 -5.6
0.003701 -5.44 -5.6
0.003702 -5.52 -5.6
0.003703 -5.52 -5.68
0.003704 -5.52 -5.6
0.003705 -5.52 -5.68
0.003706 -5.52 -5.6
0.003707 -5.6 -5.68
0.003708 -5.52 -5.68
0.003709 -5.6 -5.68
0.00371 -5.6 -5.68
0.003711 -5.6 -5.68
0.003712 -5.6 -5.76
0.003713 -5.6 -5.76
0.003714 -5.6 -5.68
0.003715 -5.6 -5.76
0.003716 -5.68 -5.68
0.003717 -5.6 -5.76
0.003718 -5.68 -5.76
0.003719 -5.68 -5.68
0.00372 -5.68 -5.68
0.003721 -5.6 -5.68
0.003722 -5.68 -5.68
0.003723 -5.76 -5.76
0.003724 -5.76 -5.68
0.003725 -5.76 -5.76
0.003726 -5.76 -5.68
0.003727 -5.76 -5.68
0.003728 -5.76 -5.76
0.003729 -5.76 -5.68
0.00373 -5.76 -5.68
0.003731 -5.68 -5.68
0.003732 -5.76 -5.68
0.003733 -5.76 -5.68
0.003734 -5.76 -5.68
0.003735 -5.76 -5.68
0.003736 -5.76 -5.68
0.003737 -5.76 -5.68
0.003738 -5.76 -5.6
0.003739 -5.76 -5.68
0.00374 -5.76 -5.6
0.003741 -5.76 -5.6
0.003742 -5.76 -5.6
0.003743 -5.68 -5.52
0.003744 -5.76 -5.6
0.003745 -5.76 -5.52
0.003746 -5.6 -5.52
0.003747 -5.76 -5.52
0.003748 -5.6 -5.44
0.003749 -5.68 -5.52
0.00375 -5.6 -5.52
0.003751 -5.6 -5.52
0.003752 -5.6 -5.44
0.003753 -5.6 -5.44
0.003754 -5.6 -5.44
0.003755 -5.6 -5.36
0.003756 -5.6 -5.36
0.003757 -5.6 -5.36
0.003758 -5.6 -5.28
0.003759 -5.52 -5.36
0.00376 -5.52 -5.28
0.003761 -5.52 -5.28
0.003762 -5.52 -5.2
0.003763 -5.52 -5.2
0.003764 -5.52 -5.2
0.003765 -5.44 -5.2
0.003766 -5.44 -5.12
0.003767 -5.36 -5.12
0.003768 -5.44 -5.12
0.003769 -5.36 -5.04
0.00377 -5.36 -5.04
0.003771 -5.28 -4.96
0.003772 -5.28 -5.04
0.003773 -5.28 -5.04
0.003774 -5.28 -4.88
0.003775 -5.2 -4.88
0.003776 -5.28 -4.88
0.003777 -5.2 -4.88
0.003778 -5.12 -4.88
0.003779 -5.2 -4.72
0.00378 -5.12 -4.72
0.003781 -5.12 -4.72
0.003782 -5.12 -4.72
0.003783 -5.12 -4.64
0.003784 -4.96 -4.56
0.003785 -4.96 -4.56
0.003786 -4.96 -4.56
0.003787 -4.96 -4.48
0.003788 -4.96 -4.48
0.003789 -4.88 -4.4
0.00379 -4.88 -4.4
0.003791 -4.8 -4.4
0.003792 -4.8 -4.32
0.003793 -4.72 -4.24
0.003794 -4.72 -4.24
0.003795 -4.64 -4.24
0.003796 -4.64 -4.16
0.003797 -4.56 -4.16
0.003798 -4.56 -4.16
0.003799 -4.56 -4.08
0.0038 -4.56 -4.08
0.003801 -4.48 -4
0.003802 -4.4 -3.92
0.003803 -4.48 -3.92
0.003804 -4.32 -3.92
0.003805 -4.32 -3.84
0.003806 -4.32 -3.84
0.003807 -4.24 -3.68
0.003808 -4.24 -3.68
0.003809 -4.16 -3.6
0.00381 -4.16 -3.6
0.003811 -4.08 -3.6
0.003812 -4 -3.52
0.003813 -4 -3.44
0.003814 -4 -3.52
0.003815 -4 -3.36
0.003816 -3.84 -3.36
0.003817 -3.92 -3.28
0.003818 -3.84 -3.2
0.003819 -3.84 -3.2
0.00382 -3.68 -3.12
0.003821 -3.68 -3.12
0.003822 -3.68 -3.04
0.003823 -3.6 -2.96
0.003824 -3.52 -2.96
0.003825 -3.52 -2.88
0.003826 -3.52 -2.8
0.003827 -3.36 -2.8
0.003828 -3.36 -2.72
0.003829 -3.36 -2.72
0.00383 -3.28 -2.64
0.003831 -3.2 -2.56
0.003832 -3.2 -2.56
0.003833 -3.2 -2.48
0.003834 -3.04 -2.4
0.003835 -3.04 -2.32
0.003836 -3.04 -2.32
0.003837 -2.96 -2.32
0.003838 -2.88 -2.24
0.003839 -2.88 -2.16
0.00384 -2.72 -2.16
0.003841 -2.72 -2
0.003842 -2.64 -2.08
0.003843 -2.64 -2
0.003844 -2.56 -1.92
0.003845 -2.56 -1.92
0.003846 -2.4 -1.76
0.003847 -2.4 -1.84
0.003848 -2.4 -1.68
0.003849 -2.32 -1.6
0.00385 -2.24 -1.6
0.003851 -2.24 -1.52
0.003852 -2.16 -1.52
0.003853 -2.08 -1.44
0.003854 -2.08 -1.28
0.003855 -2 -1.36
0.003856 -1.92 -1.28
0.003857 -1.92 -1.2
0.003858 -1.84 -1.12
0.003859 -1.76 -1.04
0.00386 -1.76 -1.04
0.003861 -1.68 -0.96
0.003862 -1.6 -0.96
0.003863 -1.6 -0.88
0.003864 -1.44 -0.8
0.003865 -1.44 -0.72
0.003866 -1.36 -0.72
0.003867 -1.28 -0.64
0.003868 -1.36 -0.56
0.003869 -1.28 -0.56
0.00387 -1.12 -0.4
0.003871 -1.12 -0.4
0.003872 -1.12 -0.32
0.003873 -1.04 -0.32
0.003874 -1.04 -0.32
0.003875 -0.96 -0.16
0.003876 -0.8 -0.16
0.003877 -0.8 0
0.003878 -0.8 0
0.003879 -0.72 0.08
0.00388 -0.64 0.16
0.003881 -0.64 0.16
0.003882 -0.48 0.32
0.003883 -0.48 0.32
0.003884 -0.4 0.32
0.003885 -0.32 0.56
0.003886 -0.32 0.48
0.003887 -0.16 0.56
0.003888 -0.16 0.64
0.003889 -0.16 0.64
0.00389 0 0.72
0.003891 0.08 0.72
0.003892 0.08 0.8
0.003893 0.24 0.88
0.003894 0.24 0.88
0.003895 0.32 1.04
0.003896 0.32 1.04
0.003897 0.4 1.12
0.003898 0.4 1.2
0.003899 0.48 1.2
0.0039 0.56 1.28
0.003901 0.64 1.28
0.003902 0.64 1.36
0.003903 0.72 1.44
0.003904 0.8 1.52
0.003905 0.88 1.52
0.003906 0.96 1.6
0.003907 0.96 1.6
0.003908 0.96 1.68
0.003909 1.04 1.84
0.00391 1.2 1.76
0.003911 1.2 1.84
0.003912 1.2 1.92
0.003913 1.28 2
0.003914 1.36 2.08
0.003915 1.52 2
0.003916 1.52 2.16
0.003917 1.52 2.16
0.003918 1.52 2.24
0.003919 1.6 2.32
0.00392 1.68 2.32
0.003921 1.68 2.4
0.003922 1.84 2.4
0.003923 1.84 2.48
0.003924 1.84 2.56
0.003925 1.92 2.56
0.003926 1.92 2.64
0.003927 2 2.64
0.003928 2.16 2.72
0.003929 2.16 2.8
0.00393 2.16 2.8
0.003931 2.24 2.88
0.003932 2.32 2.96
0.003933 2.4 2.96
0.003934 2.32 3.04
0.003935 2.48 3.04
0.003936 2.48 3.12
0.003937 2.56 3.2
0.003938 2.56 3.2
0.003939 2.64 3.2
0.00394 2.8 3.36
0.003941 2.72 3.36
0.003942 2.88 3.44
0.003943 2.88 3.36
0.003944 2.96 3.52
0.003945 2.96 3.6
0.003946 2.96 3.6
0.003947 3.12 3.68
0.003948 3.12 3.68
0.003949 3.2 3.76
0.00395 3.2 3.84
0.003951 3.2 3.76
0.003952 3.28 3.84
0.003953 3.28 3.84
0.003954 3.44 3.92
0.003955 3.44 4
0.003956 3.52 4
0.003957 3.52 4
0.003958 3.52 4.16
0.003959 3.6 4.08
0.00396 3.6 4.16
0.003961 3.76 4.16
0.003962 3.76 4.24
0.003963 3.76 4.24
0.003964 3.76 4.32
0.003965 3.84 4.32
0.003966 3.84 4.4
0.003967 3.92 4.4
0.003968 4 4.48
0.003969 4.08 4.48
0.00397 4.08 4.48
0.003971 4.08 4.56
0.003972 4.16 4.56
0.003973 4.16 4.64
0.003974 4.16 4.64
0.003975 4.24 4.64
0.003976 4.24 4.72
0.003977 4.32 4.72
0.003978 4.4 4.8
0.003979 4.4 4.8
0.00398 4.48 4.8
0.003981 4.48 4.88
0.003982 4.48 4.88
0.003983 4.56 4.96
0.003984 4.56 4.96
0.003985 4.56 4.96
0.003986 4.64 4.96
0.003987 4.72 4.96
0.003988 4.72 5.04
0.003989 4.72 5.04
0.00399 4.8 5.12
0.003991 4.72 5.12
0.003992 4.8 5.12
0.003993 4.8 5.12
0.003994 4.8 5.12
0.003995 4.88 5.2
0.003996 4.88 5.2
0.003997 4.88 5.28
0.003998 5.04 5.2
0.003999 4.96 5.28
