0 2.24 3.6
2e-06 2.24 3.6
4e-06 2.48 3.8
6e-06 2.72 4
8e-06 2.88 4
1e-05 3.12 4.2
1.2e-05 3.28 4.2
1.4e-05 3.44 4.4
1.6e-05 3.6 4.6
1.8e-05 3.76 4.8
2e-05 3.92 5
2.2e-05 4.08 5
2.4e-05 4.24 5
2.6e-05 4.4 5.2
2.8e-05 4.56 5.2
3e-05 4.72 5.2
3.2e-05 4.72 5.2
3.4e-05 4.8 5.4
3.6e-05 4.88 5.2
3.8e-05 5.04 5.4
4e-05 5.04 5.4
4.2e-05 5.12 5.6
4.4e-05 5.12 5.2
4.6e-05 5.2 5.4
4.8e-05 5.2 5
5e-05 5.2 5
5.2e-05 5.36 5
5.4e-05 5.2 5
5.6e-05 5.2 5
5.8e-05 5.2 4.8
6e-05 5.2 4.6
6.2e-05 5.12 4.4
6.4e-05 5.12 4.2
6.6e-05 5.04 4.2
6.8e-05 5.04 4
7e-05 4.88 3.8
7.2e-05 4.8 3.8
7.4e-05 4.72 3.6
7.6e-05 4.64 3.6
7.8e-05 4.48 3.2
8e-05 4.32 3
8.2e-05 4.16 2.8
8.4e-05 4.08 2.6
8.6e-05 3.92 2.4
8.8e-05 3.76 2
9e-05 3.6 1.8
9.2e-05 3.44 1.8
9.4e-05 3.2 1.6
9.6e-05 3.12 1.2
9.8e-05 2.88 1
0.0001 2.64 0.8
0.000102 2.48 0.4
0.000104 2.24 0.2
0.000106 2.08 0.2
0.000108 1.84 -0.4
0.00011 1.6 -0.6
0.000112 1.44 -0.8
0.000114 1.2 -1
0.000116 0.88 -1.2
0.000118 0.64 -1.6
0.00012 0.4 -1.8
0.000122 0.24 -2
0.000124 0 -2.2
0.000126 -0.32 -2.4
0.000128 -0.56 -2.8
0.00013 -0.8 -3
0.000132 -1.04 -3.2
0.000134 -1.2 -3.2
0.000136 -1.44 -3.4
0.000138 -1.68 -3.8
0.00014 -1.92 -4
0.000142 -2.08 -4.2
0.000144 -2.4 -4.4
0.000146 -2.56 -4.4
0.000148 -2.72 -4.8
0.00015 -2.96 -5
0.000152 -3.2 -5
0.000154 -3.36 -5.2
0.000156 -3.6 -5.2
0.000158 -3.68 -5.6
0.00016 -3.92 -5.8
0.000162 -4.08 -5.6
0.000164 -4.24 -5.8
0.000166 -4.32 -5.8
0.000168 -4.48 -6
0.00017 -4.64 -6
0.000172 -4.72 -6
0.000174 -4.8 -5.8
0.000176 -4.96 -5.8
0.000178 -5.04 -6.2
0.00018 -5.12 -6.4
0.000182 -5.2 -6.2
0.000184 -5.28 -6
0.000186 -5.28 -6.2
0.000188 -5.44 -6
0.00019 -5.36 -5.8
0.000192 -5.44 -6
0.000194 -5.44 -5.6
0.000196 -5.44 -5.8
0.000198 -5.44 -5.8
0.0002 -5.44 -5.6
0.000202 -5.28 -5.4
0.000204 -5.28 -5.4
0.000206 -5.28 -5
0.000208 -5.2 -5.2
0.00021 -5.2 -5
0.000212 -5.12 -4.8
0.000214 -4.96 -4.6
0.000216 -4.96 -4.4
0.000218 -4.88 -4.4
0.00022 -4.64 -4.2
0.000222 -4.56 -4
0.000224 -4.48 -3.6
0.000226 -4.24 -3.4
0.000228 -4.08 -3.4
0.00023 -4 -3.2
0.000232 -3.84 -3
0.000234 -3.68 -2.6
0.000236 -3.52 -2.4
0.000238 -3.28 -2.4
0.00024 -3.04 -2.2
0.000242 -2.88 -1.6
0.000244 -2.72 -1.4
0.000246 -2.48 -1
0.000248 -2.32 -1
0.00025 -2 -0.8
0.000252 -1.84 -0.4
0.000254 -1.6 0
0.000256 -1.44 0.2
0.000258 -1.12 0.4
0.00026 -0.96 0.6
0.000262 -0.72 0.8
0.000264 -0.48 1.2
0.000266 -0.16 1.6
0.000268 0.08 1.6
0.00027 0.24 1.8
0.000272 0.56 2
0.000274 0.88 2.2
0.000276 0.96 2.4
0.000278 1.2 2.6
0.00028 1.52 2.8
0.000282 1.68 3.2
0.000284 1.92 3.4
0.000286 2.16 3.4
0.000288 2.32 3.8
0.00029 2.48 3.8
0.000292 2.8 4
0.000294 2.96 4.2
0.000296 3.12 4.4
0.000298 3.28 4.4
0.0003 3.52 4.4
0.000302 3.6 4.6
0.000304 3.84 4.8
0.000306 3.92 4.8
0.000308 4.08 5
0.00031 4.24 5
0.000312 4.4 5
0.000314 4.56 5.2
0.000316 4.72 5.4
0.000318 4.72 5.4
0.00032 4.8 5.4
0.000322 4.96 5.2
0.000324 5.04 5.4
0.000326 5.04 5.4
0.000328 5.12 5.4
0.00033 5.2 5.2
0.000332 5.2 5.4
0.000334 5.28 5.2
0.000336 5.28 5
0.000338 5.36 5
0.00034 5.36 5
0.000342 5.2 4.8
0.000344 5.2 4.8
0.000346 5.2 4.6
0.000348 5.2 4.6
0.00035 5.12 4.4
0.000352 5.04 4.4
0.000354 5.04 4
0.000356 4.96 4
0.000358 4.8 4
0.00036 4.72 3.6
0.000362 4.56 3.4
0.000364 4.48 3.2
0.000366 4.4 2.8
0.000368 4.16 2.8
0.00037 4.08 2.6
0.000372 3.92 2.4
0.000374 3.76 2.2
0.000376 3.52 2
0.000378 3.36 1.8
0.00038 3.2 1.4
0.000382 2.96 1.2
0.000384 2.88 1
0.000386 2.56 0.8
0.000388 2.4 0.6
0.00039 2.16 0.4
0.000392 2 0
0.000394 1.76 -0.4
0.000396 1.52 -0.6
0.000398 1.36 -0.8
0.0004 1.12 -1
0.000402 0.96 -1.4
0.000404 0.64 -1.4
0.000406 0.4 -1.8
0.000408 0.24 -2
0.00041 -0.16 -2.4
0.000412 -0.4 -2.6
0.000414 -0.64 -2.6
0.000416 -0.8 -3
0.000418 -1.12 -3.2
0.00042 -1.36 -3.4
0.000422 -1.44 -3.6
0.000424 -1.76 -3.8
0.000426 -1.92 -4
0.000428 -2.16 -4
0.00043 -2.4 -4.2
0.000432 -2.64 -4.6
0.000434 -2.88 -4.8
0.000436 -3.04 -5
0.000438 -3.2 -5
0.00044 -3.36 -5.2
0.000442 -3.6 -5.4
0.000444 -3.76 -5.4
0.000446 -3.92 -5.6
0.000448 -4 -5.6
0.00045 -4.24 -5.8
0.000452 -4.32 -5.8
0.000454 -4.48 -5.8
0.000456 -4.64 -6
0.000458 -4.8 -5.8
0.00046 -4.88 -6
0.000462 -4.96 -6.2
0.000464 -5.04 -6
0.000466 -5.12 -6.2
0.000468 -5.2 -6
0.00047 -5.28 -6
0.000472 -5.28 -6.2
0.000474 -5.28 -6
0.000476 -5.36 -6
0.000478 -5.36 -6
0.00048 -5.44 -5.8
0.000482 -5.44 -5.8
0.000484 -5.44 -5.8
0.000486 -5.36 -5.6
0.000488 -5.28 -5.4
0.00049 -5.28 -5.4
0.000492 -5.28 -5.4
0.000494 -5.28 -5.2
0.000496 -5.12 -5
0.000498 -5.12 -4.8
0.0005 -4.96 -4.6
0.000502 -4.88 -4.6
0.000504 -4.88 -4.2
0.000506 -4.64 -4.2
0.000508 -4.56 -4
0.00051 -4.48 -3.8
0.000512 -4.24 -3.4
0.000514 -4.08 -3.4
0.000516 -3.92 -3.2
0.000518 -3.84 -3
0.00052 -3.6 -2.6
0.000522 -3.44 -2.4
0.000524 -3.28 -2.2
0.000526 -3.04 -2
0.000528 -2.88 -1.6
0.00053 -2.64 -1.4
0.000532 -2.48 -1.2
0.000534 -2.24 -0.8
0.000536 -2 -0.8
0.000538 -1.76 -0.6
0.00054 -1.6 0
0.000542 -1.36 0.2
0.000544 -1.12 0.4
0.000546 -0.96 0.6
0.000548 -0.64 1
0.00055 -0.48 1.2
0.000552 -0.16 1.6
0.000554 0.08 1.6
0.000556 0.32 1.8
0.000558 0.56 2
0.00056 0.8 2.4
0.000562 0.96 2.6
0.000564 1.28 2.6
0.000566 1.52 2.8
0.000568 1.68 3
0.00057 2 3.4
0.000572 2.16 3.2
0.000574 2.32 3.6
0.000576 2.56 3.8
0.000578 2.8 4
0.00058 2.96 4.2
0.000582 3.12 4.4
0.000584 3.28 4.4
0.000586 3.44 4.4
0.000588 3.76 4.4
0.00059 3.84 4.8
0.000592 4 4.8
0.000594 4.16 5
0.000596 4.24 4.8
0.000598 4.4 5.2
0.0006 4.56 5.2
0.000602 4.72 5.2
0.000604 4.8 5.4
0.000606 4.88 5.4
0.000608 5.04 5.4
0.00061 5.04 5.4
0.000612 5.12 5.4
0.000614 5.12 5.2
0.000616 5.2 5.4
0.000618 5.28 5
0.00062 5.28 5.2
0.000622 5.28 5
0.000624 5.2 5
0.000626 5.36 5
0.000628 5.2 4.8
0.00063 5.2 4.6
0.000632 5.2 4.6
0.000634 5.12 4.6
0.000636 5.12 4.2
0.000638 5.04 4.2
0.00064 4.96 4
0.000642 4.88 3.8
0.000644 4.8 3.6
0.000646 4.72 3.6
0.000648 4.56 3.4
0.00065 4.48 3.2
0.000652 4.24 3
0.000654 4.16 2.8
0.000656 4.08 2.6
0.000658 3.92 2.2
0.00066 3.76 2
0.000662 3.52 2
0.000664 3.44 1.6
0.000666 3.2 1.4
0.000668 2.96 1.2
0.00067 2.8 1
0.000672 2.56 0.8
0.000674 2.4 0.4
0.000676 2.16 0.2
0.000678 2 0
0.00068 1.84 -0.4
0.000682 1.52 -0.6
0.000684 1.28 -0.8
0.000686 1.04 -1
0.000688 0.88 -1.4
0.00069 0.64 -1.6
0.000692 0.4 -1.8
0.000694 0.16 -2.2
0.000696 -0.16 -2.4
0.000698 -0.4 -2.6
0.0007 -0.64 -2.6
0.000702 -0.8 -3
0.000704 -1.12 -3.2
0.000706 -1.36 -3.4
0.000708 -1.6 -3.8
0.00071 -1.76 -4
0.000712 -2 -4
0.000714 -2.24 -4.2
0.000716 -2.4 -4.4
0.000718 -2.64 -4.8
0.00072 -2.88 -4.8
0.000722 -3.04 -5
0.000724 -3.2 -5
0.000726 -3.44 -5.2
0.000728 -3.6 -5.6
0.00073 -3.76 -5.6
0.000732 -4 -5.4
0.000734 -4.08 -5.6
0.000736 -4.24 -5.8
0.000738 -4.32 -5.8
0.00074 -4.56 -6
0.000742 -4.64 -5.8
0.000744 -4.8 -6
0.000746 -4.88 -6.2
0.000748 -4.96 -6.4
0.00075 -5.12 -6.2
0.000752 -5.12 -6
0.000754 -5.2 -6.2
0.000756 -5.28 -6
0.000758 -5.36 -6.2
0.00076 -5.44 -6.2
0.000762 -5.36 -6
0.000764 -5.52 -5.8
0.000766 -5.44 -5.8
0.000768 -5.44 -5.8
0.00077 -5.44 -5.8
0.000772 -5.44 -5.4
0.000774 -5.36 -5.6
0.000776 -5.28 -5.4
0.000778 -5.28 -5.2
0.00078 -5.28 -5.2
0.000782 -5.12 -4.8
0.000784 -5.12 -4.8
0.000786 -4.96 -4.6
0.000788 -4.88 -4.6
0.00079 -4.8 -4.2
0.000792 -4.64 -4
0.000794 -4.56 -4
0.000796 -4.32 -3.6
0.000798 -4.24 -3.4
0.0008 -4 -3.4
0.000802 -3.92 -3
0.000804 -3.76 -3
0.000806 -3.6 -2.6
0.000808 -3.44 -2.4
0.00081 -3.28 -2.2
0.000812 -3.04 -1.8
0.000814 -2.88 -1.6
0.000816 -2.64 -1.4
0.000818 -2.4 -1
0.00082 -2.24 -1
0.000822 -1.92 -0.6
0.000824 -1.76 -0.4
0.000826 -1.52 0
0.000828 -1.44 0.2
0.00083 -1.12 0.4
0.000832 -0.96 0.8
0.000834 -0.64 0.8
0.000836 -0.4 1.2
0.000838 -0.16 1.4
0.00084 0.16 1.8
0.000842 0.32 2
0.000844 0.56 2.2
0.000846 0.88 2.4
0.000848 1.04 2.4
0.00085 1.28 2.6
0.000852 1.52 3
0.000854 1.68 3.2
0.000856 1.92 3.4
0.000858 2.16 3.4
0.00086 2.4 3.6
0.000862 2.64 3.8
0.000864 2.8 4
0.000866 2.96 4.2
0.000868 3.12 4.2
0.00087 3.44 4.4
0.000872 3.52 4.6
0.000874 3.76 4.6
0.000876 3.84 4.8
0.000878 4 5
0.00088 4.16 5
0.000882 4.24 5.2
0.000884 4.4 5.2
0.000886 4.56 5.4
0.000888 4.72 5.4
0.00089 4.8 5.4
0.000892 4.88 5.2
0.000894 4.96 5.2
0.000896 5.04 5.4
0.000898 5.12 5.4
0.0009 5.2 5.2
0.000902 5.2 5.2
0.000904 5.2 5.2
0.000906 5.28 5.2
0.000908 5.2 5.2
0.00091 5.36 5
0.000912 5.28 4.8
0.000914 5.2 4.8
0.000916 5.2 4.6
0.000918 5.2 4.6
0.00092 5.12 4.4
0.000922 5.04 4.2
0.000924 5.04 4.2
0.000926 4.96 4
0.000928 4.88 4
0.00093 4.8 3.8
0.000932 4.72 3.4
0.000934 4.56 3.2
0.000936 4.4 3
0.000938 4.32 3
0.00094 4.16 2.6
0.000942 4.08 2.6
0.000944 3.84 2.4
0.000946 3.76 2.2
0.000948 3.52 2
0.00095 3.28 1.8
0.000952 3.12 1.4
0.000954 2.96 1.2
0.000956 2.8 1
0.000958 2.56 0.8
0.00096 2.32 0.4
0.000962 2.16 0
0.000964 1.92 0
0.000966 1.68 0
0.000968 1.52 -0.4
0.00097 1.28 -0.8
0.000972 1.04 -1.2
0.000974 0.8 -1.4
0.000976 0.64 -1.6
0.000978 0.4 -1.8
0.00098 0.08 -2
0.000982 -0.16 -2.4
0.000984 -0.4 -2.6
0.000986 -0.72 -2.8
0.000988 -0.88 -2.8
0.00099 -1.12 -3.2
0.000992 -1.36 -3.6
0.000994 -1.6 -3.6
0.000996 -1.76 -3.8
0.000998 -2 -4
0.001 -2.24 -4.2
0.001002 -2.4 -4.4
0.001004 -2.64 -4.6
0.001006 -2.88 -4.8
0.001008 -3.04 -4.8
0.00101 -3.2 -5
0.001012 -3.44 -5.4
0.001014 -3.68 -5.4
0.001016 -3.76 -5.4
0.001018 -4 -5.4
0.00102 -4.16 -5.8
0.001022 -4.24 -5.8
0.001024 -4.32 -5.8
0.001026 -4.56 -5.8
0.001028 -4.64 -5.8
0.00103 -4.8 -6
0.001032 -4.88 -6.2
0.001034 -4.96 -6
0.001036 -5.04 -6.2
0.001038 -5.12 -5.8
0.00104 -5.28 -6
0.001042 -5.28 -6.2
0.001044 -5.28 -6.2
0.001046 -5.36 -5.8
0.001048 -5.44 -5.8
0.00105 -5.44 -5.8
0.001052 -5.44 -5.8
0.001054 -5.44 -5.8
0.001056 -5.44 -5.6
0.001058 -5.44 -5.6
0.00106 -5.36 -5.4
0.001062 -5.28 -5.4
0.001064 -5.28 -5.4
0.001066 -5.2 -5
0.001068 -5.12 -4.8
0.00107 -4.96 -4.6
0.001072 -4.96 -4.6
0.001074 -4.88 -4.6
0.001076 -4.8 -4.2
0.001078 -4.64 -4
0.00108 -4.48 -3.8
0.001082 -4.4 -3.8
0.001084 -4.24 -3.4
0.001086 -4 -3.2
0.001088 -3.92 -3
0.00109 -3.68 -2.6
0.001092 -3.6 -2.6
0.001094 -3.44 -2.4
0.001096 -3.2 -2
0.001098 -2.96 -1.8
0.0011 -2.8 -1.6
0.001102 -2.56 -1.4
0.001104 -2.4 -1.2
0.001106 -2.16 -1
0.001108 -1.92 -0.6
0.00111 -1.76 0
0.001112 -1.52 0
0.001114 -1.36 0.2
0.001116 -1.04 0.4
0.001118 -0.8 0.8
0.00112 -0.64 1
0.001122 -0.4 1.2
0.001124 -0.16 1.4
0.001126 0.24 1.8
0.001128 0.4 2
0.00113 0.64 2.2
0.001132 0.88 2.4
0.001134 1.04 2.6
0.001136 1.28 2.8
0.001138 1.52 3
0.00114 1.76 3.2
0.001142 1.92 3.4
0.001144 2.24 3.4
0.001146 2.48 3.6
0.001148 2.64 4
0.00115 2.8 4.2
0.001152 3.04 4.2
0.001154 3.2 4.4
0.001156 3.44 4.4
0.001158 3.52 4.6
0.00116 3.76 4.8
0.001162 3.92 4.8
0.001164 4.08 4.8
0.001166 4.16 5
0.001168 4.4 5.2
0.00117 4.48 5.2
0.001172 4.56 5.2
0.001174 4.72 5.2
0.001176 4.8 5.2
0.001178 4.88 5.4
0.00118 5.04 5.4
0.001182 5.04 5.4
0.001184 5.04 5.2
0.001186 5.12 5.4
0.001188 5.2 5.4
0.00119 5.2 5.2
0.001192 5.2 5.2
0.001194 5.2 5
0.001196 5.36 5
0.001198 5.2 5
0.0012 5.28 4.8
0.001202 5.2 4.8
0.001204 5.2 4.4
0.001206 5.12 4.4
0.001208 5.04 4.2
0.00121 5.04 4.2
0.001212 4.96 4
0.001214 4.88 3.8
0.001216 4.72 3.6
0.001218 4.72 3.4
0.00122 4.48 3.2
0.001222 4.48 3.2
0.001224 4.24 3
0.001226 4.08 2.6
0.001228 3.92 2.6
0.00123 3.84 2.4
0.001232 3.6 2.2
0.001234 3.44 1.8
0.001236 3.28 1.6
0.001238 3.2 1.4
0.00124 2.88 1.2
0.001242 2.8 0.8
0.001244 2.48 0.8
0.001246 2.32 0.4
0.001248 2.16 0
0.00125 1.92 0
0.001252 1.68 -0.4
0.001254 1.52 -0.6
0.001256 1.28 -1
0.001258 1.04 -1.2
0.00126 0.88 -1.4
0.001262 0.56 -1.6
0.001264 0.32 -1.8
0.001266 0.08 -2.2
0.001268 -0.24 -2.4
0.00127 -0.48 -2.6
0.001272 -0.72 -2.6
0.001274 -0.96 -3
0.001276 -1.12 -3.2
0.001278 -1.44 -3.6
0.00128 -1.6 -3.8
0.001282 -1.84 -3.8
0.001284 -2.08 -4
0.001286 -2.32 -4.2
0.001288 -2.48 -4.6
0.00129 -2.64 -4.8
0.001292 -2.88 -4.6
0.001294 -3.04 -4.8
0.001296 -3.28 -5
0.001298 -3.52 -5.2
0.0013 -3.68 -5.4
0.001302 -3.84 -5.4
0.001304 -4 -5.6
0.001306 -4.16 -5.6
0.001308 -4.24 -5.8
0.00131 -4.4 -6
0.001312 -4.56 -5.8
0.001314 -4.64 -5.8
0.001316 -4.88 -6.2
0.001318 -4.96 -6.2
0.00132 -4.96 -6.2
0.001322 -5.12 -5.8
0.001324 -5.2 -6
0.001326 -5.28 -6
0.001328 -5.28 -6.2
0.00133 -5.36 -6.2
0.001332 -5.28 -5.8
0.001334 -5.44 -6
0.001336 -5.44 -5.8
0.001338 -5.44 -5.8
0.00134 -5.44 -5.8
0.001342 -5.44 -5.6
0.001344 -5.36 -5.6
0.001346 -5.44 -5.4
0.001348 -5.28 -5.4
0.00135 -5.28 -5.2
0.001352 -5.2 -4.8
0.001354 -5.12 -4.8
0.001356 -5.12 -4.6
0.001358 -4.96 -4.6
0.00136 -4.88 -4.4
0.001362 -4.8 -4.2
0.001364 -4.64 -4
0.001366 -4.48 -3.8
0.001368 -4.32 -3.8
0.00137 -4.16 -3.4
0.001372 -4 -3.2
0.001374 -3.84 -3
0.001376 -3.68 -2.6
0.001378 -3.6 -2.6
0.00138 -3.36 -2.4
0.001382 -3.2 -2
0.001384 -2.96 -1.8
0.001386 -2.72 -1.6
0.001388 -2.56 -1.4
0.00139 -2.32 -1
0.001392 -2.08 -0.8
0.001394 -2 -0.6
0.001396 -1.76 0
0.001398 -1.44 0
0.0014 -1.28 0.2
0.001402 -1.12 0.6
0.001404 -0.8 0.8
0.001406 -0.64 1
0.001408 -0.32 1.2
0.00141 -0.16 1.4
0.001412 0.24 1.8
0.001414 0.4 2
0.001416 0.72 2.2
0.001418 0.88 2.4
0.00142 1.04 2.6
0.001422 1.36 2.8
0.001424 1.52 3
0.001426 1.76 3.2
0.001428 2 3.2
0.00143 2.24 3.4
0.001432 2.48 3.8
0.001434 2.64 4
0.001436 2.88 4
0.001438 3.12 4
0.00144 3.2 4.4
0.001442 3.44 4.8
0.001444 3.6 4.6
0.001446 3.76 4.8
0.001448 3.84 4.8
0.00145 4.08 4.8
0.001452 4.16 5.2
0.001454 4.4 5
0.001456 4.48 5.2
0.001458 4.56 5.2
0.00146 4.72 5.2
0.001462 4.8 5.4
0.001464 4.88 5.4
0.001466 5.04 5.4
0.001468 5.04 5.2
0.00147 5.04 5.2
0.001472 5.2 5.4
0.001474 5.2 5
0.001476 5.2 5
0.001478 5.28 5.2
0.00148 5.28 5
0.001482 5.2 5
0.001484 5.2 5
0.001486 5.2 4.8
0.001488 5.2 4.8
0.00149 5.2 4.8
0.001492 5.12 4.4
0.001494 5.04 4.2
0.001496 5.04 4.2
0.001498 5.04 4
0.0015 4.8 3.8
0.001502 4.72 3.6
0.001504 4.72 3.4
0.001506 4.56 3.2
0.001508 4.4 3.2
0.00151 4.24 2.8
0.001512 4.08 2.6
0.001514 4 2.4
0.001516 3.76 2.2
0.001518 3.6 2
0.00152 3.52 1.8
0.001522 3.28 1.6
0.001524 3.12 1.2
0.001526 2.88 1.2
0.001528 2.72 0.8
0.00153 2.48 0.6
0.001532 2.24 0.2
0.001534 2.16 0
0.001536 1.92 0
0.001538 1.68 -0.4
0.00154 1.52 -0.6
0.001542 1.2 -1
0.001544 0.96 -1
0.001546 0.72 -1.6
0.001548 0.56 -1.6
0.00155 0.24 -2
0.001552 0.08 -2.2
0.001554 -0.32 -2.4
0.001556 -0.48 -2.6
0.001558 -0.72 -3
0.00156 -1.04 -3.2
0.001562 -1.12 -3.4
0.001564 -1.44 -3.6
0.001566 -1.68 -3.6
0.001568 -1.76 -3.8
0.00157 -2.08 -4.2
0.001572 -2.32 -4.4
0.001574 -2.4 -4.6
0.001576 -2.72 -4.6
0.001578 -2.96 -4.8
0.00158 -3.04 -5
0.001582 -3.28 -5.2
0.001584 -3.52 -5.4
0.001586 -3.68 -5.4
0.001588 -3.84 -5.6
0.00159 -4 -5.6
0.001592 -4.16 -5.8
0.001594 -4.32 -5.8
0.001596 -4.48 -5.8
0.001598 -4.56 -6
0.0016 -4.72 -5.8
0.001602 -4.8 -6.2
0.001604 -4.96 -6.2
0.001606 -4.96 -6.2
0.001608 -5.12 -6
0.00161 -5.2 -6
0.001612 -5.28 -6.2
0.001614 -5.28 -6
0.001616 -5.28 -6
0.001618 -5.36 -6
0.00162 -5.44 -5.8
0.001622 -5.44 -6
0.001624 -5.44 -5.8
0.001626 -5.44 -5.8
0.001628 -5.44 -5.6
0.00163 -5.36 -5.6
0.001632 -5.36 -5.6
0.001634 -5.28 -5.4
0.001636 -5.2 -5.2
0.001638 -5.2 -5
0.00164 -5.12 -4.8
0.001642 -4.96 -4.8
0.001644 -4.96 -4.6
0.001646 -4.88 -4.4
0.001648 -4.72 -4.2
0.00165 -4.64 -4
0.001652 -4.48 -4
0.001654 -4.32 -3.8
0.001656 -4.16 -3.4
0.001658 -4 -3.2
0.00166 -3.84 -3
0.001662 -3.68 -2.8
0.001664 -3.52 -2.6
0.001666 -3.36 -2.4
0.001668 -3.12 -2
0.00167 -2.96 -1.8
0.001672 -2.72 -1.6
0.001674 -2.56 -1.4
0.001676 -2.32 -1
0.001678 -2.16 -0.8
0.00168 -1.92 -0.6
0.001682 -1.68 -0.4
0.001684 -1.44 0
0.001686 -1.28 0.2
0.001688 -1.04 0.6
0.00169 -0.8 0.8
0.001692 -0.64 1
0.001694 -0.32 1.2
0.001696 0 1.6
0.001698 0.24 1.8
0.0017 0.48 2
0.001702 0.72 2.2
0.001704 0.96 2.4
0.001706 1.2 2.6
0.001708 1.44 3
0.00171 1.6 3.2
0.001712 1.84 3.2
0.001714 2 3.4
0.001716 2.24 3.4
0.001718 2.48 3.8
0.00172 2.64 4
0.001722 2.88 4
0.001724 3.04 4.2
0.001726 3.28 4.4
0.001728 3.44 4.6
0.00173 3.6 4.6
0.001732 3.76 4.6
0.001734 3.92 4.8
0.001736 4.08 5
0.001738 4.16 5
0.00174 4.4 5.2
0.001742 4.48 5.2
0.001744 4.56 5.2
0.001746 4.72 5.2
0.001748 4.8 5.4
0.00175 4.88 5.4
0.001752 4.96 5.2
0.001754 5.04 5.2
0.001756 5.04 5.2
0.001758 5.12 5.2
0.00176 5.2 5.2
0.001762 5.2 5.2
0.001764 5.28 5
0.001766 5.28 5.2
0.001768 5.28 5
0.00177 5.28 5
0.001772 5.2 4.6
0.001774 5.2 4.6
0.001776 5.2 4.4
0.001778 5.12 4.4
0.00178 5.04 4.2
0.001782 5.04 4.2
0.001784 4.88 4
0.001786 4.88 4
0.001788 4.72 3.6
0.00179 4.64 3.4
0.001792 4.48 3.2
0.001794 4.4 3
0.001796 4.24 2.8
0.001798 4.08 2.8
0.0018 3.92 2.6
0.001802 3.76 2.2
0.001804 3.6 2
0.001806 3.44 1.8
0.001808 3.28 1.6
0.00181 3.12 1.4
0.001812 2.88 1.2
0.001814 2.64 0.8
0.001816 2.48 0.6
0.001818 2.24 0.4
0.00182 2.16 0.2
0.001822 1.84 -0.4
0.001824 1.6 -0.4
0.001826 1.44 -0.8
0.001828 1.2 -1
0.00183 0.96 -1
0.001832 0.72 -1.4
0.001834 0.48 -1.8
0.001836 0.24 -2
0.001838 0 -2.2
0.00184 -0.32 -2.4
0.001842 -0.48 -2.6
0.001844 -0.8 -3
0.001846 -0.96 -3.2
0.001848 -1.28 -3.4
0.00185 -1.44 -3.4
0.001852 -1.6 -3.8
0.001854 -1.92 -4
0.001856 -2.08 -4
0.001858 -2.32 -4.2
0.00186 -2.56 -4.6
0.001862 -2.72 -4.6
0.001864 -2.96 -4.8
0.001866 -3.2 -5
0.001868 -3.36 -5
0.00187 -3.52 -5.4
0.001872 -3.68 -5.4
0.001874 -3.92 -5.6
0.001876 -4 -5.6
0.001878 -4.16 -5.8
0.00188 -4.32 -5.8
0.001882 -4.48 -5.8
0.001884 -4.56 -6
0.001886 -4.72 -6
0.001888 -4.88 -6.2
0.00189 -4.96 -6
0.001892 -4.96 -6
0.001894 -5.12 -6
0.001896 -5.2 -6.2
0.001898 -5.28 -6
0.0019 -5.28 -6.2
0.001902 -5.28 -6
0.001904 -5.28 -6
0.001906 -5.44 -6
0.001908 -5.44 -5.8
0.00191 -5.44 -5.8
0.001912 -5.44 -5.6
0.001914 -5.44 -5.6
0.001916 -5.44 -5.6
0.001918 -5.28 -5.4
0.00192 -5.28 -5.4
0.001922 -5.28 -5
0.001924 -5.2 -4.8
0.001926 -5.12 -5
0.001928 -4.96 -4.8
0.00193 -4.96 -4.6
0.001932 -4.8 -4.2
0.001934 -4.64 -4.2
0.001936 -4.64 -4
0.001938 -4.48 -4
0.00194 -4.32 -3.4
0.001942 -4.16 -3.4
0.001944 -4 -3.2
0.001946 -3.84 -2.8
0.001948 -3.68 -2.6
0.00195 -3.52 -2.6
0.001952 -3.28 -2.2
0.001954 -3.12 -2
0.001956 -2.96 -1.8
0.001958 -2.72 -1.4
0.00196 -2.56 -1.4
0.001962 -2.32 -1
0.001964 -2.08 -0.6
0.001966 -1.92 -0.6
0.001968 -1.68 -0.4
0.00197 -1.44 0
0.001972 -1.28 0.4
0.001974 -0.96 0.6
0.001976 -0.72 0.8
0.001978 -0.48 1
0.00198 -0.32 1.2
0.001982 0 1.6
0.001984 0.24 1.8
0.001986 0.48 2
0.001988 0.72 2.2
0.00199 0.96 2.4
0.001992 1.2 2.8
0.001994 1.36 3
0.001996 1.6 3
0.001998 1.84 3.2
0.002 2 3.4
0.002002 2.32 3.6
0.002004 2.48 3.8
0.002006 2.64 4
0.002008 2.88 4.2
0.00201 3.12 4.2
0.002012 3.28 4.4
0.002014 3.52 4.6
0.002016 3.6 4.6
0.002018 3.76 4.8
0.00202 3.92 4.8
0.002022 4.08 5.2
0.002024 4.24 5.2
0.002026 4.4 5
0.002028 4.48 5.2
0.00203 4.64 5.2
0.002032 4.72 5.4
0.002034 4.8 5.2
0.002036 4.88 5.2
0.002038 5.04 5.2
0.00204 5.04 5.2
0.002042 5.04 5.2
0.002044 5.12 5.2
0.002046 5.2 5.4
0.002048 5.2 5.2
0.00205 5.28 5
0.002052 5.2 5
0.002054 5.2 5
0.002056 5.28 4.8
0.002058 5.28 4.8
0.00206 5.2 4.6
0.002062 5.2 4.4
0.002064 5.12 4.4
0.002066 5.04 4.2
0.002068 5.04 4.2
0.00207 4.88 4
0.002072 4.88 3.8
0.002074 4.72 3.6
0.002076 4.56 3.4
0.002078 4.48 3.4
0.00208 4.4 3
0.002082 4.16 2.8
0.002084 4.08 2.6
0.002086 3.84 2.4
0.002088 3.76 2.2
0.00209 3.52 2
0.002092 3.44 1.8
0.002094 3.2 1.6
0.002096 3.04 1.2
0.002098 2.8 1.2
0.0021 2.64 0.8
0.002102 2.48 0.6
0.002104 2.24 0.4
0.002106 2 0.2
0.002108 1.84 0
0.00211 1.6 -0.6
0.002112 1.36 -0.8
0.002114 1.2 -1
0.002116 0.96 -1.2
0.002118 0.64 -1.6
0.00212 0.48 -1.8
0.002122 0.24 -2.2
0.002124 0 -2.2
0.002126 -0.32 -2.6
0.002128 -0.48 -2.6
0.00213 -0.8 -3
0.002132 -1.04 -3.2
0.002134 -1.2 -3.4
0.002136 -1.6 -3.6
0.002138 -1.68 -3.8
0.00214 -1.92 -4.2
0.002142 -2.08 -4.2
0.002144 -2.4 -4.4
0.002146 -2.56 -4.6
0.002148 -2.72 -4.6
0.00215 -2.96 -4.8
0.002152 -3.2 -5.2
0.002154 -3.36 -5
0.002156 -3.6 -5.2
0.002158 -3.68 -5.4
0.00216 -3.92 -5.6
0.002162 -4 -5.8
0.002164 -4.16 -5.8
0.002166 -4.32 -5.8
0.002168 -4.48 -5.8
0.00217 -4.56 -5.8
0.002172 -4.72 -6
0.002174 -4.88 -6
0.002176 -4.96 -6
0.002178 -5.04 -6.2
0.00218 -5.12 -6.2
0.002182 -5.2 -6.2
0.002184 -5.28 -6.2
0.002186 -5.28 -6
0.002188 -5.44 -6
0.00219 -5.36 -6
0.002192 -5.44 -6
0.002194 -5.44 -6
0.002196 -5.44 -5.6
0.002198 -5.44 -5.8
0.0022 -5.44 -5.6
0.002202 -5.44 -5.6
0.002204 -5.28 -5.4
0.002206 -5.28 -5.4
0.002208 -5.2 -5.2
0.00221 -5.2 -4.8
0.002212 -5.12 -5
0.002214 -4.96 -4.8
0.002216 -4.88 -4.4
0.002218 -4.88 -4.2
0.00222 -4.8 -4.2
0.002222 -4.64 -4
0.002224 -4.48 -3.8
0.002226 -4.24 -3.4
0.002228 -4.16 -3.4
0.00223 -3.92 -3
0.002232 -3.84 -3
0.002234 -3.68 -2.8
0.002236 -3.52 -2.4
0.002238 -3.28 -2.2
0.00224 -3.12 -2.2
0.002242 -2.88 -1.8
0.002244 -2.72 -1.6
0.002246 -2.48 -1
0.002248 -2.32 -1
0.00225 -2.08 -0.8
0.002252 -1.84 -0.6
0.002254 -1.68 0
0.002256 -1.44 0
0.002258 -1.28 0.4
0.00226 -0.96 0.6
0.002262 -0.72 0.8
0.002264 -0.48 1
0.002266 -0.24 1.4
0.002268 0.08 1.6
0.00227 0.24 1.6
0.002272 0.56 1.8
0.002274 0.88 2.2
0.002276 0.96 2.6
0.002278 1.2 2.6
0.00228 1.52 2.8
0.002282 1.68 3
0.002284 1.84 3.2
0.002286 2.16 3.6
0.002288 2.32 3.6
0.00229 2.56 3.8
0.002292 2.72 4
0.002294 2.96 4.2
0.002296 3.12 4.4
0.002298 3.28 4.4
0.0023 3.52 4.4
0.002302 3.6 4.6
0.002304 3.76 4.8
0.002306 4.08 5
0.002308 4.08 5
0.00231 4.24 5
0.002312 4.4 5.2
0.002314 4.48 5
0.002316 4.72 5.4
0.002318 4.8 5.2
0.00232 4.8 5.4
0.002322 4.96 5.4
0.002324 5.04 5.4
0.002326 5.04 5.4
0.002328 5.12 5.4
0.00233 5.2 5.2
0.002332 5.2 5.2
0.002334 5.2 5.2
0.002336 5.28 5.2
0.002338 5.36 5
0.00234 5.28 5
0.002342 5.2 4.8
0.002344 5.28 4.6
0.002346 5.2 4.8
0.002348 5.12 4.4
0.00235 5.04 4.4
0.002352 5.04 4.2
0.002354 4.96 4.2
0.002356 4.88 4
0.002358 4.8 3.8
0.00236 4.72 3.6
0.002362 4.56 3.4
0.002364 4.48 3.2
0.002366 4.24 3
0.002368 4.24 2.8
0.00237 4.08 2.6
0.002372 3.92 2.4
0.002374 3.76 2.2
0.002376 3.52 2
0.002378 3.44 1.8
0.00238 3.28 1.6
0.002382 2.96 1.2
0.002384 2.8 1
0.002386 2.56 0.8
0.002388 2.4 0.6
0.00239 2.16 0.2
0.002392 2 0.2
0.002394 1.84 -0.4
0.002396 1.6 -0.6
0.002398 1.36 -0.8
0.0024 1.2 -1
0.002402 0.88 -1.4
0.002404 0.64 -1.6
0.002406 0.4 -1.8
0.002408 0.24 -2
0.00241 -0.16 -2.2
0.002412 -0.4 -2.4
0.002414 -0.64 -2.6
0.002416 -0.8 -2.8
0.002418 -1.12 -3.2
0.00242 -1.28 -3.4
0.002422 -1.52 -3.4
0.002424 -1.68 -3.8
0.002426 -1.92 -4
0.002428 -2.24 -4.2
0.00243 -2.4 -4.4
0.002432 -2.56 -4.6
0.002434 -2.8 -4.6
0.002436 -2.96 -4.8
0.002438 -3.2 -5
0.00244 -3.36 -5
0.002442 -3.6 -5.4
0.002444 -3.68 -5.4
0.002446 -3.92 -5.6
0.002448 -4 -5.6
0.00245 -4.24 -5.6
0.002452 -4.32 -5.8
0.002454 -4.48 -5.8
0.002456 -4.64 -5.8
0.002458 -4.72 -6
0.00246 -4.88 -6.2
0.002462 -4.96 -6
0.002464 -5.04 -6
0.002466 -5.12 -6.2
0.002468 -5.2 -6.2
0.00247 -5.28 -6.2
0.002472 -5.28 -5.8
0.002474 -5.36 -6
0.002476 -5.44 -5.8
0.002478 -5.44 -6
0.00248 -5.44 -5.8
0.002482 -5.44 -5.8
0.002484 -5.44 -5.8
0.002486 -5.44 -5.6
0.002488 -5.36 -5.6
0.00249 -5.28 -5.4
0.002492 -5.28 -5
0.002494 -5.28 -5
0.002496 -5.2 -5
0.002498 -5.12 -4.8
0.0025 -4.96 -4.8
0.002502 -4.88 -4.4
0.002504 -4.8 -4.2
0.002506 -4.64 -4.2
0.002508 -4.56 -4
0.00251 -4.48 -3.8
0.002512 -4.24 -3.4
0.002514 -4.16 -3.4
0.002516 -4 -3.2
0.002518 -3.76 -2.8
0.00252 -3.68 -2.6
0.002522 -3.36 -2.4
0.002524 -3.28 -2.2
0.002526 -3.04 -2
0.002528 -2.88 -1.6
0.00253 -2.64 -1.4
0.002532 -2.4 -1
0.002534 -2.24 -1
0.002536 -2.08 -0.8
0.002538 -1.76 -0.4
0.00254 -1.6 0
0.002542 -1.44 0.2
0.002544 -1.12 0.4
0.002546 -0.96 0.4
0.002548 -0.64 1
0.00255 -0.48 1
0.002552 -0.16 1.6
0.002554 0.08 1.6
0.002556 0.32 1.8
0.002558 0.56 2
0.00256 0.72 2.4
0.002562 1.04 2.6
0.002564 1.2 2.8
0.002566 1.44 2.8
0.002568 1.68 3.2
0.00257 1.92 3.2
0.002572 2.16 3.6
0.002574 2.32 3.6
0.002576 2.56 3.6
0.002578 2.8 4
0.00258 2.96 4.2
0.002582 3.2 4.4
0.002584 3.28 4.4
0.002586 3.52 4.6
0.002588 3.6 4.6
0.00259 3.76 4.8
0.002592 4 5
0.002594 4.16 5
0.002596 4.24 5
0.002598 4.4 5
0.0026 4.56 5.4
0.002602 4.64 5.4
0.002604 4.72 5.4
0.002606 4.88 5.2
0.002608 5.04 5.4
0.00261 5.04 5.4
0.002612 5.04 5.4
0.002614 5.12 5.4
0.002616 5.12 5.2
0.002618 5.2 5.2
0.00262 5.36 5.2
0.002622 5.28 5
0.002624 5.28 5
0.002626 5.28 4.8
0.002628 5.2 4.8
0.00263 5.2 4.8
0.002632 5.2 4.6
0.002634 5.12 4.4
0.002636 5.12 4.2
0.002638 5.04 4.2
0.00264 4.96 4
0.002642 4.88 4
0.002644 4.8 3.8
0.002646 4.72 3.4
0.002648 4.56 3.4
0.00265 4.48 3.2
0.002652 4.32 3
0.002654 4.16 2.8
0.002656 4.08 2.6
0.002658 3.84 2.4
0.00266 3.76 2.2
0.002662 3.52 2
0.002664 3.44 1.8
0.002666 3.2 1.6
0.002668 2.96 1.2
0.00267 2.8 1
0.002672 2.64 0.8
0.002674 2.32 0.6
0.002676 2.16 0.2
0.002678 1.92 0
0.00268 1.68 -0.4
0.002682 1.52 -0.6
0.002684 1.28 -0.8
0.002686 1.04 -1.2
0.002688 0.88 -1.4
0.00269 0.64 -1.6
0.002692 0.4 -1.8
0.002694 0.16 -2.2
0.002696 -0.16 -2.4
0.002698 -0.32 -2.6
0.0027 -0.64 -3
0.002702 -0.8 -3
0.002704 -1.04 -3.2
0.002706 -1.36 -3.4
0.002708 -1.6 -3.8
0.00271 -1.76 -3.8
0.002712 -2 -4
0.002714 -2.24 -4.2
0.002716 -2.4 -4.6
0.002718 -2.56 -4.8
0.00272 -2.88 -4.8
0.002722 -3.04 -5
0.002724 -3.2 -5
0.002726 -3.44 -5.4
0.002728 -3.6 -5.4
0.00273 -3.84 -5.4
0.002732 -4 -5.6
0.002734 -4.08 -5.8
0.002736 -4.24 -5.8
0.002738 -4.32 -5.8
0.00274 -4.48 -5.8
0.002742 -4.64 -5.8
0.002744 -4.8 -6
0.002746 -4.88 -6
0.002748 -4.96 -6
0.00275 -5.04 -6.2
0.002752 -5.12 -6
0.002754 -5.2 -6.2
0.002756 -5.28 -6
0.002758 -5.28 -6
0.00276 -5.28 -6.2
0.002762 -5.44 -6
0.002764 -5.44 -6
0.002766 -5.44 -5.8
0.002768 -5.44 -5.8
0.00277 -5.44 -5.6
0.002772 -5.44 -5.6
0.002774 -5.36 -5.6
0.002776 -5.28 -5.4
0.002778 -5.28 -5.2
0.00278 -5.2 -5.2
0.002782 -5.12 -5
0.002784 -5.12 -4.8
0.002786 -4.96 -4.6
0.002788 -4.96 -4.4
0.00279 -4.8 -4.2
0.002792 -4.64 -4.2
0.002794 -4.56 -4
0.002796 -4.32 -3.6
0.002798 -4.24 -3.4
0.0028 -4.08 -3.4
0.002802 -4 -3.2
0.002804 -3.84 -3
0.002806 -3.6 -2.6
0.002808 -3.44 -2.4
0.00281 -3.2 -2.2
0.002812 -3.04 -2
0.002814 -2.88 -1.8
0.002816 -2.64 -1.4
0.002818 -2.4 -1.2
0.00282 -2.24 -1
0.002822 -2 -0.8
0.002824 -1.76 -0.6
0.002826 -1.6 0
0.002828 -1.36 0.2
0.00283 -1.12 0.4
0.002832 -0.88 0.4
0.002834 -0.64 0.8
0.002836 -0.4 1.2
0.002838 -0.16 1.6
0.00284 0.16 1.6
0.002842 0.32 1.8
0.002844 0.56 2
0.002846 0.8 2.4
0.002848 1.04 2.6
0.00285 1.28 2.8
0.002852 1.52 2.8
0.002854 1.68 3
0.002856 1.92 3.4
0.002858 2.16 3.6
0.00286 2.32 3.6
0.002862 2.56 3.8
0.002864 2.8 4
0.002866 2.96 4.2
0.002868 3.12 4.4
0.00287 3.36 4.4
0.002872 3.52 4.4
0.002874 3.76 4.6
0.002876 3.84 5
0.002878 4.08 5
0.00288 4.16 5
0.002882 4.24 5
0.002884 4.4 5.2
0.002886 4.56 5.4
0.002888 4.72 5.4
0.00289 4.8 5.4
0.002892 4.88 5.2
0.002894 4.96 5.2
0.002896 5.04 5.4
0.002898 5.04 5.4
0.0029 5.12 5.4
0.002902 5.12 5
0.002904 5.28 5.2
0.002906 5.2 5.4
0.002908 5.28 5.2
0.00291 5.28 5
0.002912 5.28 4.8
0.002914 5.28 4.8
0.002916 5.2 4.8
0.002918 5.2 4.6
0.00292 5.12 4.4
0.002922 5.04 4.2
0.002924 5.04 4.2
0.002926 4.96 4
0.002928 4.88 4
0.00293 4.8 3.6
0.002932 4.64 3.4
0.002934 4.56 3.2
0.002936 4.48 3.2
0.002938 4.32 3
0.00294 4.08 2.8
0.002942 4 2.6
0.002944 3.84 2.2
0.002946 3.76 2.2
0.002948 3.52 2
0.00295 3.36 1.6
0.002952 3.12 1.4
0.002954 2.96 1
0.002956 2.8 1
0.002958 2.56 0.8
0.00296 2.32 0.4
0.002962 2.16 0.2
0.002964 1.92 0
0.002966 1.68 -0.4
0.002968 1.52 -0.6
0.00297 1.28 -1
0.002972 1.04 -1.2
0.002974 0.88 -1.4
0.002976 0.56 -1.4
0.002978 0.32 -1.8
0.00298 0.16 -2
0.002982 -0.16 -2.4
0.002984 -0.4 -2.6
0.002986 -0.64 -2.8
0.002988 -0.88 -3
0.00299 -1.12 -3.4
0.002992 -1.36 -3.4
0.002994 -1.6 -3.8
0.002996 -1.76 -3.8
0.002998 -2 -4
0.003 -2.24 -4.2
0.003002 -2.4 -4.4
0.003004 -2.64 -4.6
0.003006 -2.88 -4.8
0.003008 -3.04 -5
0.00301 -3.2 -5
0.003012 -3.44 -5.4
0.003014 -3.6 -5.4
0.003016 -3.84 -5.4
0.003018 -3.92 -5.6
0.00302 -4.16 -5.6
0.003022 -4.24 -5.8
0.003024 -4.4 -5.8
0.003026 -4.56 -6
0.003028 -4.64 -5.8
0.00303 -4.8 -6.2
0.003032 -4.88 -6
0.003034 -4.96 -6
0.003036 -5.12 -6
0.003038 -5.2 -6.2
0.00304 -5.2 -6.2
0.003042 -5.28 -6.2
0.003044 -5.28 -6
0.003046 -5.36 -5.8
0.003048 -5.44 -6
0.00305 -5.44 -5.8
0.003052 -5.44 -5.8
0.003054 -5.44 -5.8
0.003056 -5.44 -5.6
0.003058 -5.44 -5.6
0.00306 -5.36 -5.4
0.003062 -5.28 -5.4
0.003064 -5.28 -5
0.003066 -5.2 -5
0.003068 -5.12 -4.8
0.00307 -4.96 -4.8
0.003072 -4.96 -4.6
0.003074 -4.88 -4.2
0.003076 -4.8 -4.4
0.003078 -4.56 -4
0.00308 -4.48 -3.8
0.003082 -4.32 -3.6
0.003084 -4.24 -3.4
0.003086 -4.08 -3.2
0.003088 -3.92 -3.2
0.00309 -3.76 -2.8
0.003092 -3.52 -2.6
0.003094 -3.36 -2.4
0.003096 -3.2 -2.2
0.003098 -3.04 -2
0.0031 -2.8 -1.6
0.003102 -2.64 -1.4
0.003104 -2.4 -1.2
0.003106 -2.16 -1
0.003108 -1.92 -0.6
0.00311 -1.76 -0.4
0.003112 -1.6 0
0.003114 -1.28 0.2
0.003116 -1.12 0.4
0.003118 -0.88 0.8
0.00312 -0.64 1
0.003122 -0.4 1.2
0.003124 -0.16 1.6
0.003126 0.24 1.6
0.003128 0.4 1.8
0.00313 0.64 2.2
0.003132 0.88 2.4
0.003134 1.04 2.6
0.003136 1.28 2.6
0.003138 1.52 3
0.00314 1.84 3.2
0.003142 2 3.4
0.003144 2.24 3.6
0.003146 2.4 3.6
0.003148 2.64 3.8
0.00315 2.8 4
0.003152 2.96 4.2
0.003154 3.2 4.4
0.003156 3.44 4.4
0.003158 3.52 4.4
0.00316 3.76 4.8
0.003162 3.84 4.8
0.003164 4 5
0.003166 4.16 4.8
0.003168 4.4 5
0.00317 4.48 5.4
0.003172 4.56 5.2
0.003174 4.72 5.4
0.003176 4.8 5.2
0.003178 4.88 5.2
0.00318 5.04 5.2
0.003182 5.04 5.4
0.003184 5.12 5.4
0.003186 5.12 5.2
0.003188 5.2 5.2
0.00319 5.2 5.2
0.003192 5.36 5.2
0.003194 5.28 5
0.003196 5.28 5
0.003198 5.36 4.8
0.0032 5.2 4.8
0.003202 5.2 4.8
0.003204 5.2 4.6
0.003206 5.12 4.2
0.003208 5.04 4.2
0.00321 5.04 4.2
0.003212 4.96 4
0.003214 4.8 4
0.003216 4.72 3.6
0.003218 4.72 3.4
0.00322 4.56 3.4
0.003222 4.4 3.2
0.003224 4.24 3
0.003226 4.16 2.8
0.003228 4 2.6
0.00323 3.84 2.4
0.003232 3.6 2
0.003234 3.52 2
0.003236 3.28 1.6
0.003238 3.2 1.4
0.00324 2.88 1.2
0.003242 2.8 0.8
0.003244 2.56 0.8
0.003246 2.32 0.4
0.003248 2.16 0.2
0.00325 1.84 0
0.003252 1.68 -0.4
0.003254 1.52 -0.6
0.003256 1.2 -1
0.003258 1.04 -1.2
0.00326 0.8 -1.4
0.003262 0.56 -1.6
0.003264 0.32 -1.8
0.003266 0.08 -2.2
0.003268 -0.16 -2.4
0.00327 -0.48 -2.6
0.003272 -0.72 -2.8
0.003274 -0.96 -3
0.003276 -1.12 -3.4
0.003278 -1.36 -3.6
0.00328 -1.6 -3.8
0.003282 -1.76 -4
0.003284 -2.08 -4
0.003286 -2.24 -4.2
0.003288 -2.48 -4.4
0.00329 -2.64 -4.6
0.003292 -2.88 -4.8
0.003294 -3.04 -4.8
0.003296 -3.28 -5
0.003298 -3.52 -5.2
0.0033 -3.6 -5.4
0.003302 -3.84 -5.6
0.003304 -4 -5.4
0.003306 -4.16 -5.6
0.003308 -4.24 -5.8
0.00331 -4.4 -6
0.003312 -4.56 -5.8
0.003314 -4.64 -5.8
0.003316 -4.8 -6
0.003318 -4.96 -6
0.00332 -4.96 -6
0.003322 -5.12 -6
0.003324 -5.2 -6
0.003326 -5.2 -6
0.003328 -5.28 -6.2
0.00333 -5.28 -6
0.003332 -5.36 -5.8
0.003334 -5.44 -5.8
0.003336 -5.44 -5.8
0.003338 -5.44 -5.8
0.00334 -5.44 -5.8
0.003342 -5.44 -5.6
0.003344 -5.44 -5.6
0.003346 -5.36 -5.6
0.003348 -5.28 -5.4
0.00335 -5.28 -5.2
0.003352 -5.2 -5
0.003354 -5.12 -4.8
0.003356 -5.12 -4.6
0.003358 -4.96 -4.6
0.00336 -4.88 -4.4
0.003362 -4.64 -4.2
0.003364 -4.64 -4
0.003366 -4.56 -3.8
0.003368 -4.32 -3.8
0.00337 -4.24 -3.4
0.003372 -4 -3.2
0.003374 -3.92 -3
0.003376 -3.68 -2.6
0.003378 -3.6 -2.6
0.00338 -3.28 -2.4
0.003382 -3.2 -2
0.003384 -2.96 -1.8
0.003386 -2.72 -1.6
0.003388 -2.56 -1.4
0.00339 -2.4 -1
0.003392 -2.16 -0.8
0.003394 -1.92 -0.6
0.003396 -1.68 0
0.003398 -1.52 0
0.0034 -1.28 0.2
0.003402 -1.04 0.6
0.003404 -0.8 0.8
0.003406 -0.56 1.2
0.003408 -0.32 1.2
0.00341 0 1.6
0.003412 0.16 1.6
0.003414 0.4 1.8
0.003416 0.64 2.4
0.003418 0.88 2.4
0.00342 1.04 2.4
0.003422 1.36 2.8
0.003424 1.6 3
0.003426 1.76 3.2
0.003428 2 3.4
0.00343 2.24 3.6
0.003432 2.48 3.8
0.003434 2.64 3.8
0.003436 2.88 4.2
0.003438 3.12 4.2
0.00344 3.28 4.2
0.003442 3.44 4.4
0.003444 3.6 4.6
0.003446 3.76 4.8
0.003448 3.92 5
0.00345 4.08 5
0.003452 4.16 5
0.003454 4.32 5
0.003456 4.48 5.4
0.003458 4.64 5.2
0.00346 4.72 5.4
0.003462 4.8 5.4
0.003464 4.88 5.4
0.003466 5.04 5.4
0.003468 5.04 5.2
0.00347 5.12 5.2
0.003472 5.12 5.4
0.003474 5.2 5.2
0.003476 5.2 5.2
0.003478 5.28 5.2
0.00348 5.28 5
0.003482 5.28 5
0.003484 5.28 4.8
0.003486 5.2 4.8
0.003488 5.2 4.8
0.00349 5.2 4.4
0.003492 5.12 4.4
0.003494 5.04 4.2
0.003496 5.04 4
0.003498 4.96 4.2
0.0035 4.88 3.8
0.003502 4.72 3.6
0.003504 4.64 3.4
0.003506 4.56 3.4
0.003508 4.4 3.2
0.00351 4.24 2.8
0.003512 4.16 2.8
0.003514 3.92 2.6
0.003516 3.76 2.4
0.003518 3.68 2.2
0.00352 3.44 1.8
0.003522 3.28 1.6
0.003524 3.12 1.2
0.003526 2.88 1.2
0.003528 2.8 1
0.00353 2.48 0.6
0.003532 2.32 0.4
0.003534 2.08 0.2
0.003536 1.84 0
0.003538 1.68 -0.4
0.00354 1.52 -0.8
0.003542 1.2 -1
0.003544 0.96 -1.4
0.003546 0.72 -1.6
0.003548 0.56 -1.6
0.00355 0.24 -2
0.003552 0.08 -2.2
0.003554 -0.24 -2.4
0.003556 -0.48 -2.6
0.003558 -0.72 -2.8
0.00356 -0.96 -3.2
0.003562 -1.12 -3.4
0.003564 -1.44 -3.6
0.003566 -1.6 -3.6
0.003568 -1.84 -3.8
0.00357 -2.08 -4
0.003572 -2.32 -4.2
0.003574 -2.48 -4.6
0.003576 -2.72 -4.6
0.003578 -2.96 -4.8
0.00358 -3.12 -5
0.003582 -3.28 -5.4
0.003584 -3.44 -5.4
0.003586 -3.68 -5.4
0.003588 -3.84 -5.4
0.00359 -4 -5.8
0.003592 -4.16 -5.8
0.003594 -4.32 -5.8
0.003596 -4.48 -5.8
0.003598 -4.56 -5.8
0.0036 -4.64 -6.2
0.003602 -4.8 -6
0.003604 -4.88 -6.2
0.003606 -4.96 -6.2
0.003608 -5.12 -6
0.00361 -5.2 -6.2
0.003612 -5.28 -6.4
0.003614 -5.28 -6.2
0.003616 -5.36 -6
0.003618 -5.28 -6
0.00362 -5.44 -6
0.003622 -5.44 -5.8
0.003624 -5.44 -5.8
0.003626 -5.44 -5.8
0.003628 -5.44 -5.8
0.00363 -5.36 -5.6
0.003632 -5.28 -5.4
0.003634 -5.28 -5.4
0.003636 -5.28 -5.2
0.003638 -5.2 -5
0.00364 -5.12 -4.8
0.003642 -4.96 -4.6
0.003644 -4.96 -4.8
0.003646 -4.88 -4.4
0.003648 -4.72 -4.2
0.00365 -4.64 -4
0.003652 -4.48 -3.8
0.003654 -4.32 -3.6
0.003656 -4.16 -3.4
0.003658 -4 -3.2
0.00366 -3.92 -3.2
0.003662 -3.68 -2.8
0.003664 -3.6 -2.6
0.003666 -3.36 -2.4
0.003668 -3.12 -2
0.00367 -2.96 -1.8
0.003672 -2.72 -1.6
0.003674 -2.56 -1.4
0.003676 -2.32 -1.2
0.003678 -2.08 -0.8
0.00368 -1.92 -0.6
0.003682 -1.76 -0.4
0.003684 -1.44 0
0.003686 -1.28 0.2
0.003688 -1.04 0.4
0.00369 -0.8 0.8
0.003692 -0.48 1
0.003694 -0.32 1.2
0.003696 0 1.6
0.003698 0.24 1.8
0.0037 0.4 2
0.003702 0.72 2.4
0.003704 0.88 2.2
0.003706 1.2 2.6
0.003708 1.36 2.8
0.00371 1.6 3
0.003712 1.84 3.2
0.003714 2.08 3.4
0.003716 2.24 3.6
0.003718 2.48 3.8
0.00372 2.64 4
0.003722 2.88 4.2
0.003724 3.12 4.2
0.003726 3.2 4.2
0.003728 3.44 4.4
0.00373 3.6 4.6
0.003732 3.76 4.8
0.003734 3.92 4.8
0.003736 4.08 4.8
0.003738 4.24 5
0.00374 4.4 5.2
0.003742 4.48 5.2
0.003744 4.64 5.2
0.003746 4.72 5.2
0.003748 4.8 5.2
0.00375 4.88 5.4
0.003752 5.04 5.4
0.003754 5.04 5.4
0.003756 5.04 5
0.003758 5.12 5.2
0.00376 5.2 5.4
0.003762 5.2 5.2
0.003764 5.28 5.2
0.003766 5.28 5
0.003768 5.28 4.8
0.00377 5.2 5
0.003772 5.2 4.8
0.003774 5.2 4.8
0.003776 5.12 4.4
0.003778 5.12 4.2
0.00378 5.04 4.2
0.003782 5.04 4.2
0.003784 4.88 3.8
0.003786 4.8 3.6
0.003788 4.72 3.6
0.00379 4.64 3.6
0.003792 4.48 3.2
0.003794 4.4 3.2
0.003796 4.24 2.8
0.003798 4.08 2.6
0.0038 3.92 2.6
0.003802 3.76 2.2
0.003804 3.6 2
0.003806 3.44 1.8
0.003808 3.28 1.6
0.00381 3.12 1.4
0.003812 2.88 1
0.003814 2.72 0.8
0.003816 2.48 0.4
0.003818 2.24 0.2
0.00382 2.16 0.2
0.003822 1.84 0
0.003824 1.6 -0.6
0.003826 1.36 -0.8
0.003828 1.2 -1
0.00383 0.96 -1.2
0.003832 0.72 -1.4
0.003834 0.56 -1.8
0.003836 0.24 -2.2
0.003838 0.08 -2.2
0.00384 -0.32 -2.4
0.003842 -0.48 -2.8
0.003844 -0.72 -3
0.003846 -1.04 -3.2
0.003848 -1.12 -3.4
0.00385 -1.44 -3.4
0.003852 -1.68 -3.8
0.003854 -1.84 -4
0.003856 -2.08 -4
0.003858 -2.32 -4.4
0.00386 -2.56 -4.4
0.003862 -2.72 -4.6
0.003864 -2.96 -4.8
0.003866 -3.12 -5
0.003868 -3.36 -5.2
0.00387 -3.52 -5
0.003872 -3.68 -5.4
0.003874 -3.92 -5.6
0.003876 -4 -5.6
0.003878 -4.24 -5.8
0.00388 -4.32 -5.8
0.003882 -4.48 -5.8
0.003884 -4.56 -5.8
0.003886 -4.64 -6
0.003888 -4.88 -6
0.00389 -4.88 -6
0.003892 -5.04 -6.2
0.003894 -5.12 -6.2
0.003896 -5.2 -6.2
0.003898 -5.28 -6
0.0039 -5.36 -6.2
0.003902 -5.28 -6.2
0.003904 -5.44 -5.8
0.003906 -5.44 -6
0.003908 -5.44 -5.8
0.00391 -5.44 -5.6
0.003912 -5.44 -5.8
0.003914 -5.44 -5.6
0.003916 -5.44 -5.6
0.003918 -5.36 -5.4
0.00392 -5.28 -5.4
0.003922 -5.28 -5.2
0.003924 -5.2 -5
0.003926 -5.12 -4.8
0.003928 -4.96 -4.6
0.00393 -4.88 -4.6
0.003932 -4.88 -4.4
0.003934 -4.72 -4.2
0.003936 -4.64 -4
0.003938 -4.48 -3.8
0.00394 -4.32 -3.4
0.003942 -4.16 -3.4
0.003944 -4 -3.2
0.003946 -3.84 -3
0.003948 -3.68 -2.6
0.00395 -3.52 -2.4
0.003952 -3.28 -2.2
0.003954 -3.12 -2
0.003956 -2.96 -1.6
0.003958 -2.72 -1.6
0.00396 -2.56 -1.4
0.003962 -2.32 -1
0.003964 -2.08 -0.8
0.003966 -1.92 -0.4
0.003968 -1.68 0
0.00397 -1.44 0.2
0.003972 -1.28 0.2
0.003974 -0.96 0.6
0.003976 -0.72 1
0.003978 -0.48 1
0.00398 -0.32 1.2
0.003982 0.08 1.6
0.003984 0.24 1.8
0.003986 0.56 2
0.003988 0.64 2
0.00399 0.96 2.4
0.003992 1.2 2.6
0.003994 1.44 2.8
0.003996 1.6 3
0.003998 1.84 3.2
0.004 2.16 3.4
0.004002 2.32 3.4
0.004004 2.48 3.8
0.004006 2.72 4
0.004008 2.88 4.2
0.00401 3.12 4.2
0.004012 3.28 4.4
0.004014 3.44 4.4
0.004016 3.6 4.6
0.004018 3.76 4.8
0.00402 3.92 4.6
0.004022 4.08 4.8
0.004024 4.24 5
0.004026 4.4 5.2
0.004028 4.48 5.2
0.00403 4.72 5.2
0.004032 4.72 5.2
0.004034 4.8 5.4
0.004036 4.96 5.4
0.004038 5.04 5.4
0.00404 5.12 5.2
0.004042 5.12 5.4
0.004044 5.2 5.2
0.004046 5.2 5.4
0.004048 5.28 5.2
0.00405 5.36 5
0.004052 5.28 5
0.004054 5.2 5
0.004056 5.36 5
0.004058 5.28 4.8
0.00406 5.12 4.6
0.004062 5.12 4.6
0.004064 5.12 4.4
0.004066 5.04 4.2
0.004068 5.04 4.2
0.00407 4.88 4
0.004072 4.8 3.6
0.004074 4.72 3.6
0.004076 4.64 3.6
0.004078 4.48 3.2
0.00408 4.4 3
0.004082 4.16 2.8
0.004084 4.08 2.6
0.004086 3.92 2.6
0.004088 3.76 2.2
0.00409 3.6 1.8
0.004092 3.44 1.8
0.004094 3.28 1.6
0.004096 3.04 1.4
0.004098 2.88 1
0.0041 2.64 0.8
0.004102 2.48 0.6
0.004104 2.24 0.4
0.004106 2.08 0.2
0.004108 1.84 0
0.00411 1.6 -0.8
0.004112 1.36 -0.8
0.004114 1.12 -1
0.004116 0.96 -1.2
0.004118 0.72 -1.4
0.00412 0.56 -1.8
0.004122 0.24 -2
0.004124 -0.16 -2.4
0.004126 -0.32 -2.4
0.004128 -0.48 -2.6
0.00413 -0.8 -3
0.004132 -1.04 -3.2
0.004134 -1.28 -3.2
0.004136 -1.44 -3.4
0.004138 -1.68 -3.8
0.00414 -1.92 -4
0.004142 -2.16 -4.2
0.004144 -2.32 -4.4
0.004146 -2.56 -4.6
0.004148 -2.72 -4.6
0.00415 -2.96 -5
0.004152 -3.2 -5
0.004154 -3.36 -5
0.004156 -3.52 -5.2
0.004158 -3.68 -5.4
0.00416 -3.92 -5.6
0.004162 -4 -5.6
0.004164 -4.24 -5.8
0.004166 -4.32 -5.8
0.004168 -4.48 -5.8
0.00417 -4.64 -6
0.004172 -4.72 -6.2
0.004174 -4.8 -6
0.004176 -4.96 -6.2
0.004178 -5.12 -6
0.00418 -5.12 -6.2
0.004182 -5.2 -6.2
0.004184 -5.2 -6.2
0.004186 -5.36 -6
0.004188 -5.28 -5.8
0.00419 -5.44 -6
0.004192 -5.44 -5.8
0.004194 -5.44 -5.8
0.004196 -5.44 -5.8
0.004198 -5.44 -5.6
0.0042 -5.44 -5.8
0.004202 -5.28 -5.8
0.004204 -5.28 -5.4
0.004206 -5.28 -5.2
0.004208 -5.2 -5
0.00421 -5.2 -5
0.004212 -5.12 -4.8
0.004214 -4.96 -4.8
0.004216 -4.96 -4.6
0.004218 -4.8 -4.4
0.00422 -4.64 -4.2
0.004222 -4.56 -4
0.004224 -4.48 -3.8
0.004226 -4.24 -3.4
0.004228 -4.16 -3.2
0.00423 -4 -3.2
0.004232 -3.84 -2.8
0.004234 -3.68 -2.6
0.004236 -3.52 -2.4
0.004238 -3.28 -2.2
0.00424 -3.12 -2
0.004242 -2.88 -1.8
0.004244 -2.72 -1.6
0.004246 -2.48 -1.2
0.004248 -2.32 -1
0.00425 -2.08 -0.8
0.004252 -1.76 -0.6
0.004254 -1.6 0
0.004256 -1.44 0.2
0.004258 -1.12 0.4
0.00426 -0.96 0.6
0.004262 -0.72 1
0.004264 -0.48 1
0.004266 -0.24 1.2
0.004268 0 1.6
0.00427 0.32 1.8
0.004272 0.56 2
0.004274 0.8 2.2
0.004276 0.96 2.4
0.004278 1.2 2.6
0.00428 1.44 3
0.004282 1.6 3.2
0.004284 1.84 3.2
0.004286 2.16 3.4
0.004288 2.32 3.6
0.00429 2.48 3.8
0.004292 2.8 4
0.004294 2.96 4.2
0.004296 3.12 4.2
0.004298 3.28 4.4
0.0043 3.52 4.6
0.004302 3.68 4.6
0.004304 3.76 4.8
0.004306 3.92 4.8
0.004308 4.08 4.8
0.00431 4.24 5.2
0.004312 4.4 5.2
0.004314 4.56 5.2
0.004316 4.72 5.2
0.004318 4.72 5.4
0.00432 4.8 5.6
0.004322 4.88 5.4
0.004324 5.04 5.4
0.004326 5.04 5.4
0.004328 5.12 5.2
0.00433 5.28 5.4
0.004332 5.2 5.2
0.004334 5.2 5.2
0.004336 5.36 5
0.004338 5.28 5
0.00434 5.28 5
0.004342 5.2 5
0.004344 5.28 4.8
0.004346 5.2 4.6
0.004348 5.2 4.4
0.00435 5.12 4.4
0.004352 5.04 4.2
0.004354 4.88 4
0.004356 4.88 4
0.004358 4.8 3.6
0.00436 4.72 3.6
0.004362 4.56 3.4
0.004364 4.48 3.2
0.004366 4.4 2.8
0.004368 4.16 2.8
0.00437 4.08 2.6
0.004372 3.84 2.6
0.004374 3.76 2.2
0.004376 3.6 1.8
0.004378 3.44 1.6
0.00438 3.2 1.6
0.004382 2.96 1.4
0.004384 2.8 1
0.004386 2.64 0.8
0.004388 2.48 0.4
0.00439 2.16 0.4
0.004392 2 0.2
0.004394 1.84 0
0.004396 1.52 -0.8
0.004398 1.36 -1
0.0044 1.2 -1
0.004402 0.88 -1.4
0.004404 0.64 -1.6
0.004406 0.48 -1.8
0.004408 0.24 -2.2
0.00441 0 -2.2
0.004412 -0.32 -2.4
0.004414 -0.48 -2.8
0.004416 -0.8 -3
0.004418 -1.12 -3.4
0.00442 -1.28 -3.4
0.004422 -1.44 -3.4
0.004424 -1.76 -3.8
0.004426 -1.92 -4.2
0.004428 -2.16 -4.2
0.00443 -2.4 -4.2
0.004432 -2.56 -4.4
0.004434 -2.8 -4.8
0.004436 -3.04 -5
0.004438 -3.2 -5
0.00444 -3.36 -5
0.004442 -3.52 -5.2
0.004444 -3.68 -5.4
0.004446 -3.92 -5.6
0.004448 -4 -5.8
0.00445 -4.24 -5.6
0.004452 -4.32 -5.8
0.004454 -4.48 -5.8
0.004456 -4.64 -6
0.004458 -4.8 -6
0.00446 -4.8 -6
0.004462 -4.96 -6
0.004464 -5.04 -6.2
0.004466 -5.2 -6.4
0.004468 -5.2 -6.2
0.00447 -5.28 -6
0.004472 -5.28 -6
0.004474 -5.28 -6
0.004476 -5.44 -6
0.004478 -5.44 -6
0.00448 -5.44 -5.8
0.004482 -5.44 -5.6
0.004484 -5.44 -5.8
0.004486 -5.44 -5.6
0.004488 -5.44 -5.4
0.00449 -5.28 -5.4
0.004492 -5.28 -5.2
0.004494 -5.2 -5
0.004496 -5.2 -5
0.004498 -5.12 -4.8
0.0045 -4.96 -4.6
0.004502 -4.96 -4.4
0.004504 -4.8 -4.2
0.004506 -4.64 -4.2
0.004508 -4.56 -4
0.00451 -4.48 -3.8
0.004512 -4.32 -3.4
0.004514 -4.16 -3.4
0.004516 -4 -3.2
0.004518 -3.76 -2.8
0.00452 -3.6 -2.6
0.004522 -3.52 -2.4
0.004524 -3.28 -2.2
0.004526 -3.04 -2
0.004528 -2.88 -1.6
0.00453 -2.72 -1.4
0.004532 -2.4 -1.2
0.004534 -2.24 -1
0.004536 -2.08 -0.8
0.004538 -1.76 -0.6
0.00454 -1.68 0
0.004542 -1.44 0.2
0.004544 -1.12 0.4
0.004546 -0.96 0.6
0.004548 -0.64 0.8
0.00455 -0.48 1.2
0.004552 -0.24 1.4
0.004554 0.08 1.6
0.004556 0.32 1.8
0.004558 0.56 2.2
0.00456 0.72 2.2
0.004562 1.04 2.6
0.004564 1.28 2.8
0.004566 1.52 3
0.004568 1.68 3
0.00457 1.84 3.4
0.004572 2.16 3.4
0.004574 2.32 3.6
0.004576 2.56 3.8
0.004578 2.8 4
0.00458 2.96 4
0.004582 3.12 4.2
0.004584 3.28 4.4
0.004586 3.52 4.6
0.004588 3.68 4.6
0.00459 3.84 4.8
0.004592 4 4.8
0.004594 4.16 5
0.004596 4.24 5.2
0.004598 4.4 5
0.0046 4.56 5.2
0.004602 4.72 5.2
0.004604 4.72 5.4
0.004606 4.88 5.4
0.004608 4.96 5.2
0.00461 5.04 5.2
0.004612 5.04 5.2
0.004614 5.12 5.4
0.004616 5.12 5.2
0.004618 5.2 5.4
0.00462 5.28 5
0.004622 5.2 5.2
0.004624 5.2 5
0.004626 5.2 5
0.004628 5.2 4.8
0.00463 5.2 4.6
0.004632 5.12 4.6
0.004634 5.12 4.4
0.004636 5.04 4.4
0.004638 5.04 4.2
0.00464 4.96 4
0.004642 4.88 3.8
0.004644 4.72 3.8
0.004646 4.72 3.6
0.004648 4.56 3.4
0.00465 4.48 3.2
0.004652 4.32 3
0.004654 4.16 2.8
0.004656 4.08 2.6
0.004658 3.92 2.4
0.00466 3.76 2
0.004662 3.6 2
0.004664 3.44 1.6
0.004666 3.2 1.6
0.004668 2.96 1.2
0.00467 2.8 1
0.004672 2.64 0.6
0.004674 2.48 0.6
0.004676 2.24 0.4
0.004678 2 0
0.00468 1.76 -0.6
0.004682 1.52 -0.6
0.004684 1.28 -0.8
0.004686 1.04 -1
0.004688 0.88 -1.2
0.00469 0.64 -1.6
0.004692 0.4 -1.8
0.004694 0.16 -2
0.004696 -0.16 -2.4
0.004698 -0.4 -2.6
0.0047 -0.64 -2.8
0.004702 -0.8 -3.2
0.004704 -1.12 -3.2
0.004706 -1.28 -3.4
0.004708 -1.52 -3.4
0.00471 -1.76 -4
0.004712 -2 -4
0.004714 -2.24 -4.2
0.004716 -2.4 -4.4
0.004718 -2.64 -4.4
0.00472 -2.88 -4.8
0.004722 -3.04 -4.8
0.004724 -3.2 -5
0.004726 -3.44 -5.2
0.004728 -3.6 -5.2
0.00473 -3.68 -5.6
0.004732 -3.92 -5.6
0.004734 -4.16 -5.6
0.004736 -4.24 -5.8
0.004738 -4.4 -5.8
0.00474 -4.56 -6
0.004742 -4.64 -5.8
0.004744 -4.8 -6
0.004746 -4.88 -6
0.004748 -4.96 -5.8
0.00475 -5.12 -6.2
0.004752 -5.12 -6.2
0.004754 -5.2 -6
0.004756 -5.2 -6.2
0.004758 -5.28 -5.8
0.00476 -5.36 -6.2
0.004762 -5.44 -5.8
0.004764 -5.36 -6
0.004766 -5.44 -5.6
0.004768 -5.44 -5.6
0.00477 -5.36 -5.8
0.004772 -5.44 -5.6
0.004774 -5.28 -5.6
0.004776 -5.28 -5.4
0.004778 -5.28 -5.2
0.00478 -5.2 -5.2
0.004782 -5.2 -5
0.004784 -5.04 -4.8
0.004786 -4.96 -4.6
0.004788 -4.96 -4.2
0.00479 -4.8 -4.2
0.004792 -4.64 -4.2
0.004794 -4.56 -4
0.004796 -4.4 -3.6
0.004798 -4.24 -3.4
0.0048 -4.08 -3.4
0.004802 -4 -3
0.004804 -3.84 -2.6
0.004806 -3.6 -2.4
0.004808 -3.44 -2.2
0.00481 -3.2 -2.2
0.004812 -3.04 -1.8
0.004814 -2.88 -1.6
0.004816 -2.64 -1.4
0.004818 -2.4 -1
0.00482 -2.24 -1
0.004822 -2 -0.8
0.004824 -1.76 -0.4
0.004826 -1.6 0
0.004828 -1.36 0.2
0.00483 -1.12 0.4
0.004832 -0.96 0.6
0.004834 -0.64 0.8
0.004836 -0.4 1.2
0.004838 -0.16 1.4
0.00484 0.08 1.6
0.004842 0.4 1.8
0.004844 0.56 2.2
0.004846 0.88 2.4
0.004848 1.04 2.6
0.00485 1.28 2.8
0.004852 1.52 3
0.004854 1.68 3.2
0.004856 1.92 3.2
0.004858 2.16 3.6
0.00486 2.32 3.6
0.004862 2.56 4
0.004864 2.8 4
0.004866 2.96 4
0.004868 3.12 4.4
0.00487 3.36 4.6
0.004872 3.52 4.6
0.004874 3.68 4.8
0.004876 3.84 4.8
0.004878 4 4.8
0.00488 4.16 5
0.004882 4.4 5.2
0.004884 4.4 5
0.004886 4.56 5.2
0.004888 4.72 5.2
0.00489 4.8 5.4
0.004892 4.88 5.4
0.004894 5.04 5.4
0.004896 5.04 5.4
0.004898 5.04 5.4
0.0049 5.12 5.4
0.004902 5.2 5.4
0.004904 5.2 5.2
0.004906 5.2 5.2
0.004908 5.36 5
0.00491 5.28 5.2
0.004912 5.28 5
0.004914 5.2 4.8
0.004916 5.2 4.8
0.004918 5.2 4.6
0.00492 5.12 4.6
0.004922 5.12 4.4
0.004924 5.04 4.2
0.004926 4.96 4
0.004928 4.88 4
0.00493 4.8 3.6
0.004932 4.72 3.6
0.004934 4.56 3.4
0.004936 4.4 3.2
0.004938 4.24 3
0.00494 4.08 2.8
0.004942 4.08 2.6
0.004944 3.84 2.4
0.004946 3.76 2.2
0.004948 3.52 1.8
0.00495 3.28 1.8
0.004952 3.2 1.4
0.004954 2.96 1.2
0.004956 2.8 1
0.004958 2.56 0.8
0.00496 2.32 0.6
0.004962 2.16 0.4
0.004964 1.92 0
0.004966 1.68 -0.4
0.004968 1.52 -0.6
0.00497 1.28 -0.8
0.004972 1.04 -1
0.004974 0.88 -1.4
0.004976 0.56 -1.8
0.004978 0.4 -2
0.00498 0.16 -2
0.004982 -0.16 -2.4
0.004984 -0.4 -2.6
0.004986 -0.64 -2.8
0.004988 -0.96 -3
0.00499 -1.12 -3.2
0.004992 -1.36 -3.4
0.004994 -1.6 -3.8
0.004996 -1.76 -3.8
0.004998 -2 -4
0.005 -2.24 -4.2
0.005002 -2.4 -4.4
0.005004 -2.64 -4.6
0.005006 -2.88 -4.8
0.005008 -3.04 -5
0.00501 -3.2 -5
0.005012 -3.44 -5.2
0.005014 -3.6 -5.4
0.005016 -3.84 -5.4
0.005018 -3.92 -5.6
0.00502 -4.16 -5.6
0.005022 -4.24 -5.8
0.005024 -4.32 -5.8
0.005026 -4.56 -5.8
0.005028 -4.64 -6.2
0.00503 -4.8 -5.8
0.005032 -4.96 -6
0.005034 -4.96 -6.2
0.005036 -5.12 -6.2
0.005038 -5.2 -6.2
0.00504 -5.2 -6
0.005042 -5.28 -6
0.005044 -5.28 -6.2
0.005046 -5.44 -5.8
0.005048 -5.36 -6
0.00505 -5.44 -5.8
0.005052 -5.44 -5.8
0.005054 -5.44 -5.8
0.005056 -5.36 -5.6
0.005058 -5.36 -5.6
0.00506 -5.36 -5.4
0.005062 -5.28 -5.2
0.005064 -5.28 -5.2
0.005066 -5.2 -5.2
0.005068 -5.12 -5
0.00507 -5.12 -4.8
0.005072 -4.96 -4.6
0.005074 -4.88 -4.4
0.005076 -4.8 -4.2
0.005078 -4.64 -4.2
0.00508 -4.56 -4
0.005082 -4.32 -3.6
0.005084 -4.24 -3.6
0.005086 -4.08 -3.2
0.005088 -3.92 -3.2
0.00509 -3.76 -2.6
0.005092 -3.6 -2.4
0.005094 -3.44 -2.4
0.005096 -3.2 -2.2
0.005098 -3.04 -1.8
0.0051 -2.88 -1.6
0.005102 -2.64 -1.4
0.005104 -2.4 -1
0.005106 -2.16 -1
0.005108 -2 -0.8
0.00511 -1.76 -0.4
0.005112 -1.52 0.2
0.005114 -1.28 0.2
0.005116 -1.04 0.4
0.005118 -0.88 0.6
0.00512 -0.64 1
0.005122 -0.4 1.2
0.005124 -0.16 1.6
0.005126 0.24 1.6
0.005128 0.32 1.8
0.00513 0.64 2.2
0.005132 0.88 2.4
0.005134 1.12 2.6
0.005136 1.28 2.8
0.005138 1.52 3
0.00514 1.68 3.2
0.005142 2 3.4
0.005144 2.24 3.4
0.005146 2.4 3.8
0.005148 2.56 3.8
0.00515 2.8 4
0.005152 2.96 4.2
0.005154 3.2 4.2
0.005156 3.44 4.4
0.005158 3.52 4.6
0.00516 3.76 4.6
0.005162 3.84 4.8
0.005164 4.08 5
0.005166 4.16 5
0.005168 4.4 5
0.00517 4.48 5.2
0.005172 4.56 5.2
0.005174 4.72 5.2
0.005176 4.8 5.4
0.005178 4.88 5.4
0.00518 4.96 5.4
0.005182 5.04 5.2
0.005184 5.12 5.4
0.005186 5.12 5.2
0.005188 5.2 5.2
0.00519 5.2 5
0.005192 5.28 5.2
0.005194 5.36 5.2
0.005196 5.36 5
0.005198 5.36 4.8
0.0052 5.28 4.6
0.005202 5.2 4.6
0.005204 5.2 4.6
0.005206 5.12 4.4
0.005208 5.04 4.2
0.00521 5.04 4.2
0.005212 5.04 4
0.005214 4.88 3.8
0.005216 4.72 3.6
0.005218 4.72 3.4
0.00522 4.56 3.2
0.005222 4.48 3.2
0.005224 4.24 3
0.005226 4.08 2.8
0.005228 4 2.6
0.00523 3.84 2.4
0.005232 3.6 2.2
0.005234 3.52 2
0.005236 3.28 1.6
0.005238 3.12 1.2
0.00524 2.96 1
0.005242 2.8 0.8
0.005244 2.48 0.6
0.005246 2.32 0.6
0.005248 2.16 0.2
0.00525 1.92 -0.4
0.005252 1.68 -0.4
0.005254 1.52 -0.8
0.005256 1.28 -0.8
0.005258 1.04 -1
0.00526 0.88 -1.6
0.005262 0.56 -1.6
0.005264 0.32 -1.8
0.005266 0.08 -2.2
0.005268 -0.16 -2.4
0.00527 -0.48 -2.6
0.005272 -0.64 -2.8
0.005274 -0.88 -3
0.005276 -1.12 -3.2
0.005278 -1.44 -3.4
0.00528 -1.68 -3.8
0.005282 -1.84 -4
0.005284 -2.08 -4
0.005286 -2.32 -4.2
0.005288 -2.4 -4.4
0.00529 -2.64 -4.6
0.005292 -2.88 -4.8
0.005294 -3.12 -4.8
0.005296 -3.28 -5.2
0.005298 -3.52 -5.2
0.0053 -3.68 -5.4
0.005302 -3.84 -5.4
0.005304 -4 -5.6
0.005306 -4.16 -5.6
0.005308 -4.32 -5.8
0.00531 -4.4 -5.8
0.005312 -4.56 -6.2
0.005314 -4.64 -5.8
0.005316 -4.8 -6
0.005318 -4.96 -6
0.00532 -4.96 -6.2
0.005322 -5.12 -6.2
0.005324 -5.12 -6
0.005326 -5.28 -6.2
0.005328 -5.28 -6
0.00533 -5.28 -6.2
0.005332 -5.36 -6
0.005334 -5.44 -5.8
0.005336 -5.44 -5.8
0.005338 -5.44 -5.8
0.00534 -5.36 -5.8
0.005342 -5.44 -5.6
0.005344 -5.36 -5.6
0.005346 -5.36 -5.6
0.005348 -5.36 -5.4
0.00535 -5.28 -5.2
0.005352 -5.2 -5
0.005354 -5.12 -4.8
0.005356 -5.12 -4.8
0.005358 -4.96 -4.6
0.00536 -4.88 -4.4
0.005362 -4.8 -4.2
0.005364 -4.56 -4
0.005366 -4.48 -3.8
0.005368 -4.32 -3.6
0.00537 -4.16 -3.4
0.005372 -4 -3.2
0.005374 -3.92 -3
0.005376 -3.76 -2.8
0.005378 -3.52 -2.6
0.00538 -3.36 -2.4
0.005382 -3.2 -2.2
0.005384 -3.04 -1.8
0.005386 -2.8 -1.6
0.005388 -2.56 -1.2
0.00539 -2.4 -1.2
0.005392 -2.16 -0.8
0.005394 -1.92 -0.6
0.005396 -1.68 -0.4
0.005398 -1.52 0
0.0054 -1.36 0.2
0.005402 -1.04 0.4
0.005404 -0.8 0.8
0.005406 -0.56 1
0.005408 -0.32 1.2
0.00541 0 1.4
0.005412 0.24 1.6
0.005414 0.4 2
0.005416 0.64 2
0.005418 0.88 2.4
0.00542 1.04 2.8
0.005422 1.36 2.8
0.005424 1.52 3
0.005426 1.84 3.2
0.005428 2 3.4
0.00543 2.24 3.4
0.005432 2.48 3.8
0.005434 2.64 3.8
0.005436 2.8 4
0.005438 2.96 4.2
0.00544 3.2 4.4
0.005442 3.44 4.4
0.005444 3.6 4.6
0.005446 3.76 4.8
0.005448 3.92 5
0.00545 4.08 5
0.005452 4.16 5
0.005454 4.4 5
0.005456 4.4 5.2
0.005458 4.56 5.2
0.00546 4.72 5.2
0.005462 4.8 5.2
0.005464 4.88 5.4
0.005466 5.04 5.2
0.005468 5.04 5.2
0.00547 5.04 5.4
0.005472 5.2 5.4
0.005474 5.2 5.2
0.005476 5.28 5
0.005478 5.2 5
0.00548 5.2 5
0.005482 5.2 5
0.005484 5.28 5
0.005486 5.36 4.8
0.005488 5.2 4.6
0.00549 5.12 4.8
0.005492 5.2 4.4
0.005494 5.04 4.2
0.005496 5.04 4
0.005498 4.88 4
0.0055 4.8 4
0.005502 4.72 3.6
0.005504 4.72 3.4
0.005506 4.48 3.4
0.005508 4.4 3.2
0.00551 4.24 3
0.005512 4.08 2.8
0.005514 3.92 2.4
0.005516 3.84 2.2
0.005518 3.6 2
0.00552 3.52 2
0.005522 3.28 1.6
0.005524 3.12 1.4
0.005526 2.96 1.2
0.005528 2.8 0.8
0.00553 2.48 0.8
0.005532 2.24 0.6
0.005534 2.16 0.2
0.005536 1.92 0
0.005538 1.68 -0.4
0.00554 1.52 -0.6
0.005542 1.2 -0.8
0.005544 1.04 -1.4
0.005546 0.72 -1.4
0.005548 0.56 -1.6
0.00555 0.24 -1.8
0.005552 0.08 -2
0.005554 -0.32 -2.4
0.005556 -0.48 -2.6
0.005558 -0.72 -2.8
0.00556 -0.96 -3
0.005562 -1.2 -3.2
0.005564 -1.36 -3.6
0.005566 -1.6 -3.8
0.005568 -1.84 -4
0.00557 -2.08 -4
0.005572 -2.32 -4.2
0.005574 -2.48 -4.4
0.005576 -2.72 -4.8
0.005578 -2.96 -4.8
0.00558 -3.04 -4.8
0.005582 -3.28 -5
0.005584 -3.52 -5.4
0.005586 -3.68 -5.4
0.005588 -3.84 -5.4
0.00559 -4 -5.6
0.005592 -4.16 -5.6
0.005594 -4.32 -5.8
0.005596 -4.48 -5.8
0.005598 -4.56 -6
0.0056 -4.64 -5.8
0.005602 -4.8 -6
0.005604 -4.88 -6.4
0.005606 -5.04 -6.2
0.005608 -5.12 -6.2
0.00561 -5.2 -6
0.005612 -5.28 -5.8
0.005614 -5.28 -6.2
0.005616 -5.36 -6
0.005618 -5.44 -6
0.00562 -5.44 -5.8
0.005622 -5.44 -5.8
0.005624 -5.44 -5.8
0.005626 -5.44 -5.6
0.005628 -5.44 -5.6
0.00563 -5.36 -5.6
0.005632 -5.36 -5.4
0.005634 -5.28 -5.4
0.005636 -5.2 -5.2
0.005638 -5.12 -5
0.00564 -5.12 -4.8
0.005642 -4.96 -4.8
0.005644 -4.96 -4.8
0.005646 -4.88 -4.6
0.005648 -4.8 -4.2
0.00565 -4.64 -4
0.005652 -4.48 -3.6
0.005654 -4.32 -3.8
0.005656 -4.16 -3.4
0.005658 -4 -3.2
0.00566 -3.84 -3
0.005662 -3.68 -2.6
0.005664 -3.52 -2.6
0.005666 -3.36 -2.4
0.005668 -3.2 -2.2
0.00567 -2.96 -1.8
0.005672 -2.72 -1.6
0.005674 -2.56 -1.4
0.005676 -2.32 -1
0.005678 -2.16 -0.8
0.00568 -1.92 -0.6
0.005682 -1.76 0
0.005684 -1.44 0
0.005686 -1.28 0.2
0.005688 -0.96 0.6
0.00569 -0.8 0.8
0.005692 -0.48 1
0.005694 -0.32 1.2
0.005696 0 1.4
0.005698 0.24 1.8
0.0057 0.4 2
0.005702 0.72 2.2
0.005704 0.96 2.4
0.005706 1.2 2.6
0.005708 1.36 2.8
0.00571 1.52 3
0.005712 1.84 3.4
0.005714 2.08 3.4
0.005716 2.24 3.4
0.005718 2.48 4
0.00572 2.64 4
0.005722 2.88 4.2
0.005724 3.12 4
0.005726 3.28 4.4
0.005728 3.44 4.4
0.00573 3.6 4.8
0.005732 3.76 4.8
0.005734 3.92 4.8
0.005736 4.08 5
0.005738 4.24 5
0.00574 4.32 5
0.005742 4.48 5.2
0.005744 4.56 5.2
0.005746 4.72 5.2
0.005748 4.8 5.4
0.00575 4.96 5.4
0.005752 5.04 5.4
0.005754 5.04 5.2
0.005756 5.12 5.2
0.005758 5.2 5.2
0.00576 5.2 5.2
0.005762 5.2 5.2
0.005764 5.2 5.2
0.005766 5.2 5
0.005768 5.28 5
0.00577 5.28 4.8
0.005772 5.2 4.8
0.005774 5.2 4.6
0.005776 5.12 4.4
0.005778 5.12 4.4
0.00578 5.04 4.2
0.005782 5.04 4
0.005784 4.88 4
0.005786 4.8 3.8
0.005788 4.72 3.6
0.00579 4.64 3.4
0.005792 4.56 3.2
0.005794 4.4 3.2
0.005796 4.24 3
0.005798 4.08 2.8
0.0058 3.92 2.4
0.005802 3.76 2.2
0.005804 3.6 2
0.005806 3.44 1.8
0.005808 3.2 1.6
0.00581 3.12 1.2
0.005812 2.88 1
0.005814 2.72 0.8
0.005816 2.56 0.8
0.005818 2.24 0.4
0.00582 2 0
0.005822 1.84 0
0.005824 1.6 -0.4
0.005826 1.36 -0.8
0.005828 1.2 -1
0.00583 0.96 -1.4
0.005832 0.72 -1.4
0.005834 0.56 -1.6
0.005836 0.24 -2
0.005838 0 -2.2
0.00584 -0.32 -2.4
0.005842 -0.48 -2.8
0.005844 -0.72 -2.8
0.005846 -1.04 -3.2
0.005848 -1.28 -3.4
0.00585 -1.44 -3.4
0.005852 -1.68 -3.8
0.005854 -1.92 -4
0.005856 -2.08 -4.2
0.005858 -2.32 -4.2
0.00586 -2.48 -4.6
0.005862 -2.72 -4.8
0.005864 -2.96 -4.6
0.005866 -3.04 -5
0.005868 -3.36 -5
0.00587 -3.52 -5.4
0.005872 -3.68 -5.6
0.005874 -3.84 -5.4
0.005876 -4 -5.6
0.005878 -4.16 -5.8
0.00588 -4.32 -5.8
0.005882 -4.48 -5.8
0.005884 -4.64 -5.8
0.005886 -4.64 -6.2
0.005888 -4.8 -6
0.00589 -4.96 -6.2
0.005892 -5.12 -6.2
0.005894 -5.12 -6
0.005896 -5.2 -6
0.005898 -5.2 -6
0.0059 -5.28 -6.4
0.005902 -5.36 -6.2
0.005904 -5.44 -5.8
0.005906 -5.36 -6
0.005908 -5.44 -5.8
0.00591 -5.44 -5.8
0.005912 -5.44 -5.8
0.005914 -5.44 -5.6
0.005916 -5.36 -5.4
0.005918 -5.28 -5.4
0.00592 -5.28 -5.4
0.005922 -5.28 -5.2
0.005924 -5.2 -5
0.005926 -5.12 -4.8
0.005928 -4.96 -4.8
0.00593 -4.96 -4.6
0.005932 -4.8 -4.4
0.005934 -4.72 -4
0.005936 -4.56 -4
0.005938 -4.48 -3.8
0.00594 -4.32 -3.8
0.005942 -4.16 -3.4
0.005944 -4 -3.2
0.005946 -3.84 -2.8
0.005948 -3.68 -2.6
0.00595 -3.52 -2.6
0.005952 -3.28 -2.4
0.005954 -3.04 -2
0.005956 -2.96 -1.6
0.005958 -2.72 -1.4
0.00596 -2.56 -1.4
0.005962 -2.32 -1
0.005964 -2.08 -0.6
0.005966 -1.92 -0.4
0.005968 -1.68 0
0.00597 -1.44 0
0.005972 -1.28 0.2
0.005974 -1.04 0.8
0.005976 -0.8 0.8
0.005978 -0.48 1
0.00598 -0.32 1.2
0.005982 0 1.4
0.005984 0.24 1.8
0.005986 0.56 2
0.005988 0.72 2.2
0.00599 0.96 2.4
0.005992 1.2 2.6
0.005994 1.36 2.8
0.005996 1.6 3.2
0.005998 1.92 3.2
0.006 2.16 3.2
0.006002 2.24 3.4
0.006004 2.48 3.8
0.006006 2.8 4
0.006008 2.88 4
0.00601 3.12 4.2
0.006012 3.28 4.4
0.006014 3.44 4.6
0.006016 3.68 4.8
0.006018 3.76 4.8
0.00602 3.92 4.8
0.006022 4.08 5
0.006024 4.16 5
0.006026 4.4 5.2
0.006028 4.48 5.2
0.00603 4.72 5
0.006032 4.72 5.2
0.006034 4.88 5.4
0.006036 4.88 5.2
0.006038 5.04 5.4
0.00604 5.04 5.2
0.006042 5.12 5.2
0.006044 5.12 5.2
0.006046 5.2 5.2
0.006048 5.2 5.2
0.00605 5.28 5
0.006052 5.28 5
0.006054 5.28 5
0.006056 5.28 4.8
0.006058 5.28 4.6
0.00606 5.2 4.8
0.006062 5.12 4.4
0.006064 5.12 4.4
0.006066 5.04 4.2
0.006068 5.04 4.2
0.00607 4.88 4
0.006072 4.8 3.8
0.006074 4.72 3.6
0.006076 4.56 3.2
0.006078 4.48 3.2
0.00608 4.4 3.2
0.006082 4.16 3
0.006084 4.08 2.6
0.006086 3.92 2.4
0.006088 3.76 2.2
0.00609 3.6 2
0.006092 3.44 1.8
0.006094 3.2 1.4
0.006096 3.12 1.2
0.006098 2.88 1
0.0061 2.64 0.8
0.006102 2.48 0.6
0.006104 2.24 0.2
0.006106 2 0
0.006108 1.84 -0.4
0.00611 1.6 -0.6
0.006112 1.36 -0.8
0.006114 1.2 -1
0.006116 0.96 -1.4
0.006118 0.72 -1.6
0.00612 0.48 -1.8
0.006122 0.24 -2
0.006124 0 -2.4
0.006126 -0.32 -2.4
0.006128 -0.56 -2.8
0.00613 -0.8 -3
0.006132 -1.04 -3.2
0.006134 -1.28 -3.4
0.006136 -1.44 -3.6
0.006138 -1.68 -3.8
0.00614 -1.92 -3.8
0.006142 -2.08 -4.2
0.006144 -2.4 -4.2
0.006146 -2.56 -4.6
0.006148 -2.72 -4.8
0.00615 -2.96 -4.8
0.006152 -3.2 -5
0.006154 -3.36 -5.2
0.006156 -3.6 -5.4
0.006158 -3.68 -5.4
0.00616 -3.92 -5.6
0.006162 -4 -5.6
0.006164 -4.16 -5.8
0.006166 -4.32 -5.8
0.006168 -4.48 -5.8
0.00617 -4.56 -6
0.006172 -4.8 -6
0.006174 -4.88 -6.2
0.006176 -4.96 -6.2
0.006178 -5.04 -6
0.00618 -5.12 -6.2
0.006182 -5.2 -6
0.006184 -5.28 -6.2
0.006186 -5.28 -6.2
0.006188 -5.28 -6
0.00619 -5.36 -5.8
0.006192 -5.44 -5.8
0.006194 -5.44 -6
0.006196 -5.44 -5.8
0.006198 -5.44 -5.6
0.0062 -5.44 -5.6
0.006202 -5.36 -5.4
0.006204 -5.28 -5.4
0.006206 -5.28 -5.2
0.006208 -5.28 -5.2
0.00621 -5.2 -5
0.006212 -5.12 -4.8
0.006214 -4.96 -4.6
0.006216 -4.96 -4.6
0.006218 -4.88 -4.2
0.00622 -4.72 -4.2
0.006222 -4.56 -3.8
0.006224 -4.4 -3.8
0.006226 -4.32 -3.6
0.006228 -4.16 -3.4
0.00623 -4 -3.2
0.006232 -3.84 -2.8
0.006234 -3.6 -2.6
0.006236 -3.52 -2.4
0.006238 -3.28 -2.2
0.00624 -3.04 -1.8
0.006242 -2.96 -1.6
0.006244 -2.72 -1.4
0.006246 -2.4 -1.4
0.006248 -2.32 -1
0.00625 -2.08 -0.8
0.006252 -1.76 -0.4
0.006254 -1.68 -0.4
0.006256 -1.44 0
0.006258 -1.12 0.4
0.00626 -0.96 0.8
0.006262 -0.64 1
0.006264 -0.48 1
0.006266 -0.16 1.4
0.006268 0.08 1.6
0.00627 0.24 1.8
0.006272 0.56 2.2
0.006274 0.72 2
0.006276 0.96 2.4
0.006278 1.2 2.8
0.00628 1.52 3
0.006282 1.68 3.2
0.006284 1.84 3.2
0.006286 2.16 3.4
0.006288 2.32 3.6
0.00629 2.48 4
0.006292 2.8 4
0.006294 2.88 4
0.006296 3.12 4.2
0.006298 3.28 4.4
0.0063 3.44 4.4
0.006302 3.68 4.8
0.006304 3.84 4.8
0.006306 3.92 4.8
0.006308 4.16 5
0.00631 4.24 5.2
0.006312 4.4 5.2
0.006314 4.48 5.2
0.006316 4.72 5.2
0.006318 4.8 5.2
0.00632 4.8 5.4
0.006322 4.88 5.4
0.006324 5.04 5.4
0.006326 5.04 5.2
0.006328 5.12 5.2
0.00633 5.2 5.2
0.006332 5.2 5.2
0.006334 5.2 5.2
0.006336 5.28 5
0.006338 5.2 5
0.00634 5.28 5
0.006342 5.28 5
0.006344 5.2 4.6
0.006346 5.2 4.6
0.006348 5.12 4.4
0.00635 5.12 4.4
0.006352 5.04 4.2
0.006354 5.04 4.2
0.006356 4.88 4
0.006358 4.8 3.8
0.00636 4.72 3.4
0.006362 4.56 3.6
0.006364 4.48 3.2
0.006366 4.32 3
0.006368 4.16 2.8
0.00637 4.08 2.6
0.006372 3.92 2.4
0.006374 3.76 2.2
0.006376 3.52 2
0.006378 3.44 1.8
0.00638 3.2 1.6
0.006382 3.04 1.4
0.006384 2.8 1
0.006386 2.64 0.8
0.006388 2.4 0.4
0.00639 2.16 0.4
0.006392 1.92 0
0.006394 1.84 0
0.006396 1.6 -0.6
0.006398 1.36 -0.8
0.0064 1.2 -1
0.006402 0.88 -1.4
0.006404 0.64 -1.4
0.006406 0.4 -1.8
0.006408 0.16 -2.2
0.00641 -0.16 -2.2
0.006412 -0.32 -2.4
0.006414 -0.48 -2.6
0.006416 -0.8 -3
0.006418 -1.04 -3.2
0.00642 -1.28 -3.4
0.006422 -1.44 -3.6
0.006424 -1.76 -3.8
0.006426 -1.92 -4
0.006428 -2.08 -4.2
0.00643 -2.32 -4.4
0.006432 -2.64 -4.4
0.006434 -2.8 -4.6
0.006436 -3.04 -4.8
0.006438 -3.2 -5
0.00644 -3.36 -5.2
0.006442 -3.52 -5.4
0.006444 -3.76 -5.4
0.006446 -3.92 -5.6
0.006448 -4.08 -5.8
0.00645 -4.24 -5.6
0.006452 -4.32 -5.8
0.006454 -4.48 -5.8
0.006456 -4.64 -6
0.006458 -4.8 -6
0.00646 -4.88 -6
0.006462 -4.96 -6
0.006464 -5.04 -6
0.006466 -5.2 -6.2
0.006468 -5.2 -6.2
0.00647 -5.28 -6.2
0.006472 -5.28 -6.2
0.006474 -5.36 -6
0.006476 -5.44 -5.8
0.006478 -5.44 -5.8
0.00648 -5.44 -6
0.006482 -5.44 -5.8
0.006484 -5.36 -5.6
0.006486 -5.44 -5.6
0.006488 -5.36 -5.6
0.00649 -5.28 -5.4
0.006492 -5.28 -5.4
0.006494 -5.28 -5
0.006496 -5.2 -5
0.006498 -5.12 -4.8
0.0065 -4.96 -4.8
0.006502 -4.88 -4.6
0.006504 -4.8 -4.2
0.006506 -4.64 -4
0.006508 -4.56 -4
0.00651 -4.4 -3.8
0.006512 -4.24 -3.6
0.006514 -4.16 -3.4
0.006516 -4 -3.2
0.006518 -3.84 -3
0.00652 -3.6 -2.6
0.006522 -3.52 -2.6
0.006524 -3.28 -2
0.006526 -3.04 -1.8
0.006528 -2.88 -1.6
0.00653 -2.72 -1.6
0.006532 -2.48 -1.2
0.006534 -2.24 -1
0.006536 -2.08 -0.8
0.006538 -1.76 -0.6
0.00654 -1.6 0
0.006542 -1.44 0.2
0.006544 -1.2 0.4
0.006546 -0.96 0.6
0.006548 -0.72 0.8
0.00655 -0.48 1
0.006552 -0.16 1.2
0.006554 0.08 1.6
0.006556 0.24 2
0.006558 0.56 1.8
0.00656 0.8 2.4
0.006562 1.04 2.4
0.006564 1.2 2.6
0.006566 1.52 2.8
0.006568 1.68 3.2
0.00657 1.92 3.2
0.006572 2.16 3.4
0.006574 2.32 3.6
0.006576 2.56 4
0.006578 2.72 4
0.00658 2.96 4
0.006582 3.12 4.2
0.006584 3.36 4.4
0.006586 3.52 4.6
0.006588 3.68 4.6
0.00659 3.84 4.8
0.006592 4 4.8
0.006594 4.08 5
0.006596 4.24 5.2
0.006598 4.4 5
0.0066 4.56 5.2
0.006602 4.72 5.2
0.006604 4.8 5.2
0.006606 4.88 5.6
0.006608 4.96 5.2
0.00661 5.04 5.2
0.006612 5.12 5.2
0.006614 5.12 5.2
0.006616 5.2 5.4
0.006618 5.12 5
0.00662 5.2 5
0.006622 5.36 5
0.006624 5.28 5
0.006626 5.36 5
0.006628 5.2 4.8
0.00663 5.2 4.6
0.006632 5.2 4.6
0.006634 5.12 4.4
0.006636 5.04 4.4
0.006638 5.04 4.2
0.00664 5.04 4
0.006642 4.88 3.8
0.006644 4.72 3.6
0.006646 4.72 3.6
0.006648 4.56 3.2
0.00665 4.48 3.2
0.006652 4.32 3
0.006654 4.16 2.8
0.006656 4.08 2.6
0.006658 3.84 2.4
0.00666 3.76 2.2
0.006662 3.52 1.8
0.006664 3.36 1.6
0.006666 3.28 1.6
0.006668 3.04 1.2
0.00667 2.8 1
0.006672 2.56 0.8
0.006674 2.4 0.4
0.006676 2.24 0.2
0.006678 2 0
0.00668 1.68 -0.6
0.006682 1.52 -0.6
0.006684 1.28 -0.8
0.006686 1.12 -1
0.006688 0.88 -1.4
0.00669 0.64 -1.6
0.006692 0.32 -1.8
0.006694 0.24 -2.2
0.006696 -0.16 -2.4
0.006698 -0.4 -2.6
0.0067 -0.64 -2.8
0.006702 -0.8 -3
0.006704 -1.12 -3.2
0.006706 -1.36 -3.4
0.006708 -1.52 -3.6
0.00671 -1.76 -4
0.006712 -1.92 -4
0.006714 -2.24 -4.2
0.006716 -2.4 -4.4
0.006718 -2.64 -4.6
0.00672 -2.8 -4.8
0.006722 -3.04 -5
0.006724 -3.28 -5
0.006726 -3.44 -5.2
0.006728 -3.6 -5.4
0.00673 -3.84 -5.6
0.006732 -3.92 -5.6
0.006734 -4.16 -5.8
0.006736 -4.24 -5.8
0.006738 -4.32 -5.8
0.00674 -4.48 -5.8
0.006742 -4.64 -6
0.006744 -4.8 -6
0.006746 -4.88 -6.2
0.006748 -4.96 -6
0.00675 -5.12 -6
0.006752 -5.2 -6.2
0.006754 -5.2 -6.2
0.006756 -5.28 -6.2
0.006758 -5.28 -6
0.00676 -5.44 -6
0.006762 -5.36 -6
0.006764 -5.44 -6
0.006766 -5.44 -6
0.006768 -5.44 -5.8
0.00677 -5.44 -5.8
0.006772 -5.36 -5.6
0.006774 -5.36 -5.6
0.006776 -5.28 -5.4
0.006778 -5.28 -5.2
0.00678 -5.28 -5
0.006782 -5.2 -5
0.006784 -5.12 -4.8
0.006786 -4.96 -4.6
0.006788 -4.88 -4.2
0.00679 -4.8 -4.2
0.006792 -4.64 -4.2
0.006794 -4.48 -4.2
0.006796 -4.4 -3.8
0.006798 -4.24 -3.4
0.0068 -4.16 -3.2
0.006802 -3.92 -3
0.006804 -3.76 -3
0.006806 -3.6 -2.8
0.006808 -3.44 -2.2
0.00681 -3.2 -2.2
0.006812 -3.04 -1.8
0.006814 -2.88 -1.8
0.006816 -2.64 -1.4
0.006818 -2.4 -1
0.00682 -2.24 -1
0.006822 -2 -0.8
0.006824 -1.76 -0.6
0.006826 -1.6 0
0.006828 -1.36 0.2
0.00683 -1.12 0.4
0.006832 -0.88 0.6
0.006834 -0.64 0.8
0.006836 -0.48 1
0.006838 -0.16 1.4
0.00684 0.16 1.6
0.006842 0.32 1.8
0.006844 0.64 2
0.006846 0.88 2.4
0.006848 1.04 2.6
0.00685 1.2 2.6
0.006852 1.52 2.8
0.006854 1.68 3.2
0.006856 1.92 3.2
0.006858 2.16 3.6
0.00686 2.4 3.8
0.006862 2.64 3.8
0.006864 2.8 4
0.006866 2.96 4.2
0.006868 3.2 4.4
0.00687 3.36 4.4
0.006872 3.6 4.6
0.006874 3.76 4.6
0.006876 3.84 4.8
0.006878 4 5
0.00688 4.16 5
0.006882 4.4 5
0.006884 4.4 5.2
0.006886 4.56 5.2
0.006888 4.72 5.2
0.00689 4.72 5.2
0.006892 4.88 5.2
0.006894 4.96 5.4
0.006896 5.04 5.2
0.006898 5.12 5.4
0.0069 5.12 5.2
0.006902 5.2 5.2
0.006904 5.12 5
0.006906 5.2 5.2
0.006908 5.36 5.2
0.00691 5.2 5
0.006912 5.2 4.8
0.006914 5.28 4.8
0.006916 5.2 4.6
0.006918 5.12 4.8
0.00692 5.12 4.6
0.006922 5.04 4.2
0.006924 5.04 4.2
0.006926 4.96 4
0.006928 4.88 4
0.00693 4.72 3.8
0.006932 4.72 3.6
0.006934 4.56 3.2
0.006936 4.48 3.2
0.006938 4.32 3.2
0.00694 4.16 2.6
0.006942 4.08 2.6
0.006944 3.84 2.4
0.006946 3.76 2.2
0.006948 3.52 1.8
0.00695 3.36 1.6
0.006952 3.2 1.6
0.006954 2.96 1.2
0.006956 2.8 1
0.006958 2.56 0.8
0.00696 2.4 0.4
0.006962 2.16 0.4
0.006964 2 0
0.006966 1.68 0
0.006968 1.52 -0.6
0.00697 1.28 -0.8
0.006972 1.04 -1
0.006974 0.88 -1.4
0.006976 0.64 -1.8
0.006978 0.32 -2
0.00698 0.24 -2
0.006982 -0.16 -2.4
0.006984 -0.4 -2.6
0.006986 -0.64 -2.8
0.006988 -0.96 -3
0.00699 -1.12 -3.4
0.006992 -1.36 -3.6
0.006994 -1.6 -3.6
0.006996 -1.76 -3.8
0.006998 -2 -4
0.007 -2.24 -4.4
0.007002 -2.4 -4.4
0.007004 -2.64 -4.6
0.007006 -2.88 -4.8
0.007008 -3.04 -5
0.00701 -3.28 -5
0.007012 -3.36 -5.2
0.007014 -3.68 -5.4
0.007016 -3.76 -5.4
0.007018 -4 -5.6
0.00702 -4.16 -5.6
0.007022 -4.24 -5.8
0.007024 -4.32 -5.8
0.007026 -4.56 -5.8
0.007028 -4.64 -5.8
0.00703 -4.8 -6
0.007032 -4.8 -6
0.007034 -4.96 -6
0.007036 -4.96 -6.2
0.007038 -5.2 -6.2
0.00704 -5.2 -6.2
0.007042 -5.28 -6
0.007044 -5.36 -6
0.007046 -5.36 -6
0.007048 -5.44 -6
0.00705 -5.44 -6
0.007052 -5.44 -5.8
0.007054 -5.44 -5.8
0.007056 -5.44 -5.6
0.007058 -5.44 -5.6
0.00706 -5.44 -5.4
0.007062 -5.28 -5.4
0.007064 -5.28 -5.2
0.007066 -5.2 -5
0.007068 -5.12 -5
0.00707 -5.04 -4.8
0.007072 -4.96 -4.6
0.007074 -4.96 -4.2
0.007076 -4.8 -4.2
0.007078 -4.64 -4.2
0.00708 -4.56 -3.8
0.007082 -4.32 -3.8
0.007084 -4.24 -3.4
0.007086 -4.16 -3.2
0.007088 -3.92 -3.2
0.00709 -3.76 -2.8
0.007092 -3.6 -2.6
0.007094 -3.44 -2.2
0.007096 -3.28 -2
0.007098 -3.04 -2
0.0071 -2.8 -1.6
0.007102 -2.64 -1.4
0.007104 -2.4 -1
0.007106 -2.24 -0.8
0.007108 -2 -0.8
0.00711 -1.76 -0.4
0.007112 -1.44 0
0.007114 -1.36 0.2
0.007116 -1.12 0.4
0.007118 -0.88 0.6
0.00712 -0.64 0.8
0.007122 -0.4 1.2
0.007124 -0.16 1.6
0.007126 0.08 1.8
0.007128 0.4 1.8
0.00713 0.64 2
0.007132 0.88 2.4
0.007134 1.12 2.6
0.007136 1.36 2.8
0.007138 1.52 2.8
0.00714 1.76 3
0.007142 1.92 3.2
0.007144 2.24 3.6
0.007146 2.32 3.6
0.007148 2.56 3.8
0.00715 2.8 4
0.007152 2.96 4.2
0.007154 3.2 4.4
0.007156 3.44 4.6
0.007158 3.6 4.4
0.00716 3.76 4.8
0.007162 3.84 4.8
0.007164 4.08 5
0.007166 4.16 5.2
0.007168 4.4 5
0.00717 4.48 5.2
0.007172 4.56 5.2
0.007174 4.72 5.2
0.007176 4.8 5.4
0.007178 4.88 5.2
0.00718 5.04 5.4
0.007182 5.04 5.4
0.007184 5.12 5.4
0.007186 5.2 5.2
0.007188 5.2 5
0.00719 5.2 5.2
0.007192 5.2 5.2
0.007194 5.2 5
0.007196 5.28 5
0.007198 5.28 4.8
0.0072 5.28 4.8
0.007202 5.2 4.8
0.007204 5.2 4.6
0.007206 5.12 4.4
0.007208 5.04 4.2
0.00721 5.04 4.2
0.007212 5.04 4
0.007214 4.88 4
0.007216 4.72 3.6
0.007218 4.64 3.4
0.00722 4.56 3.2
0.007222 4.4 3.2
0.007224 4.32 3
0.007226 4.16 3
0.007228 4 2.4
0.00723 3.84 2.4
0.007232 3.68 2.2
0.007234 3.44 1.8
0.007236 3.28 1.6
0.007238 3.12 1.4
0.00724 2.96 1.2
0.007242 2.64 1
0.007244 2.56 0.6
0.007246 2.32 0.4
0.007248 2.16 0.2
0.00725 1.84 0
0.007252 1.68 -0.6
0.007254 1.52 -0.6
0.007256 1.28 -1
0.007258 1.04 -1.2
0.00726 0.72 -1.6
0.007262 0.56 -1.8
0.007264 0.32 -2
0.007266 0.08 -2
0.007268 -0.16 -2.4
0.00727 -0.4 -2.6
0.007272 -0.64 -2.8
0.007274 -0.96 -3
0.007276 -1.12 -3.4
0.007278 -1.44 -3.4
0.00728 -1.6 -3.6
0.007282 -1.76 -3.8
0.007284 -2.08 -4.2
0.007286 -2.24 -4.2
0.007288 -2.4 -4.4
0.00729 -2.72 -4.6
0.007292 -2.88 -4.8
0.007294 -3.04 -4.8
0.007296 -3.28 -5
0.007298 -3.44 -5
0.0073 -3.68 -5.4
0.007302 -3.84 -5.6
0.007304 -4 -5.6
0.007306 -4.16 -5.8
0.007308 -4.32 -5.8
0.00731 -4.48 -5.8
0.007312 -4.56 -5.8
0.007314 -4.64 -6
0.007316 -4.8 -6.2
0.007318 -4.88 -6
0.00732 -4.96 -6.2
0.007322 -5.04 -6.2
0.007324 -5.2 -6.2
0.007326 -5.2 -6.2
0.007328 -5.28 -6
0.00733 -5.36 -6
0.007332 -5.36 -6
0.007334 -5.44 -6
0.007336 -5.44 -6
0.007338 -5.44 -5.8
0.00734 -5.44 -5.8
0.007342 -5.44 -5.6
0.007344 -5.44 -5.6
0.007346 -5.36 -5.6
0.007348 -5.28 -5.2
0.00735 -5.28 -5
0.007352 -5.2 -5
0.007354 -5.12 -5
0.007356 -4.96 -4.8
0.007358 -4.96 -4.6
0.00736 -4.88 -4.2
0.007362 -4.8 -4.2
0.007364 -4.64 -4
0.007366 -4.48 -4
0.007368 -4.32 -3.6
0.00737 -4.24 -3.4
0.007372 -4 -3.2
0.007374 -3.92 -3.2
0.007376 -3.68 -2.8
0.007378 -3.52 -2.6
0.00738 -3.36 -2.2
0.007382 -3.2 -2.2
0.007384 -3.04 -1.8
0.007386 -2.8 -1.6
0.007388 -2.56 -1.2
0.00739 -2.4 -1
0.007392 -2.16 -0.8
0.007394 -1.92 -0.8
0.007396 -1.76 -0.4
0.007398 -1.44 0.2
0.0074 -1.36 0.2
0.007402 -1.12 0.4
0.007404 -0.8 0.6
0.007406 -0.64 0.8
0.007408 -0.32 1.2
0.00741 -0.16 1.6
0.007412 0.24 1.6
0.007414 0.4 1.8
0.007416 0.64 2.2
0.007418 0.88 2.6
0.00742 1.12 2.6
0.007422 1.36 2.6
0.007424 1.52 2.8
0.007426 1.68 3.2
0.007428 2 3.4
0.00743 2.24 3.6
0.007432 2.48 3.8
0.007434 2.56 3.8
0.007436 2.8 4
0.007438 2.96 4.2
0.00744 3.2 4.4
0.007442 3.44 4.4
0.007444 3.52 4.6
0.007446 3.76 4.6
0.007448 3.92 5
0.00745 4.08 5
0.007452 4.16 5
0.007454 4.4 5
0.007456 4.48 5
0.007458 4.56 5.2
0.00746 4.72 5.4
0.007462 4.8 5.2
0.007464 4.88 5.2
0.007466 4.96 5.2
0.007468 5.04 5.6
0.00747 5.12 5.4
0.007472 5.12 5.4
0.007474 5.2 5.2
0.007476 5.2 5
0.007478 5.28 5.2
0.00748 5.28 5
0.007482 5.28 5
0.007484 5.28 5
0.007486 5.2 4.8
0.007488 5.2 4.8
0.00749 5.2 4.6
0.007492 5.12 4.4
0.007494 5.04 4.2
0.007496 5.04 4.2
0.007498 4.88 4
0.0075 4.8 3.8
0.007502 4.72 3.6
0.007504 4.72 3.4
0.007506 4.48 3.2
0.007508 4.4 3.2
0.00751 4.24 2.8
0.007512 4.08 2.6
0.007514 3.92 2.4
0.007516 3.76 2.2
0.007518 3.6 2
0.00752 3.44 2
0.007522 3.28 1.6
0.007524 3.12 1.4
0.007526 2.88 1
0.007528 2.72 1
0.00753 2.48 0.8
0.007532 2.32 0.4
0.007534 2.16 0.2
0.007536 1.84 0
0.007538 1.68 -0.4
0.00754 1.52 -0.6
0.007542 1.2 -0.8
0.007544 0.96 -1.2
0.007546 0.72 -1.4
0.007548 0.56 -1.6
0.00755 0.32 -1.8
0.007552 0.08 -2.2
0.007554 -0.32 -2.4
0.007556 -0.48 -2.6
0.007558 -0.64 -2.8
0.00756 -0.96 -3
0.007562 -1.12 -3.4
0.007564 -1.44 -3.6
0.007566 -1.6 -3.8
0.007568 -1.92 -4
0.00757 -2.08 -4
0.007572 -2.24 -4.2
0.007574 -2.48 -4.4
0.007576 -2.72 -4.8
0.007578 -2.96 -4.8
0.00758 -3.04 -5
0.007582 -3.28 -5
0.007584 -3.52 -5.4
0.007586 -3.68 -5.4
0.007588 -3.84 -5.4
0.00759 -4 -5.6
0.007592 -4.16 -5.8
0.007594 -4.32 -5.8
0.007596 -4.4 -5.8
0.007598 -4.64 -5.8
0.0076 -4.64 -5.8
0.007602 -4.8 -6
0.007604 -4.88 -6
0.007606 -4.96 -6
0.007608 -5.12 -6
0.00761 -5.2 -6.2
0.007612 -5.2 -6.2
0.007614 -5.28 -6.2
0.007616 -5.28 -6
0.007618 -5.44 -6
0.00762 -5.44 -5.8
0.007622 -5.44 -5.8
0.007624 -5.44 -5.8
0.007626 -5.44 -5.8
0.007628 -5.44 -5.8
0.00763 -5.36 -5.6
0.007632 -5.36 -5.4
0.007634 -5.28 -5.2
0.007636 -5.28 -5.2
0.007638 -5.2 -5
0.00764 -5.12 -5
0.007642 -5.04 -4.8
0.007644 -4.96 -4.6
0.007646 -4.88 -4.4
0.007648 -4.72 -4.2
0.00765 -4.64 -4.2
0.007652 -4.48 -3.8
0.007654 -4.32 -3.4
0.007656 -4.16 -3.4
0.007658 -4 -3.2
0.00766 -3.84 -3.2
0.007662 -3.68 -2.6
0.007664 -3.52 -2.6
0.007666 -3.36 -2.2
0.007668 -3.2 -2.2
0.00767 -2.96 -1.8
0.007672 -2.72 -1.6
0.007674 -2.56 -1.4
0.007676 -2.4 -1
0.007678 -2.16 -1
0.00768 -1.92 -0.6
0.007682 -1.68 -0.4
0.007684 -1.44 0
0.007686 -1.28 0.4
0.007688 -1.04 0.4
0.00769 -0.8 0.8
0.007692 -0.56 1
0.007694 -0.32 1.2
0.007696 0 1.6
0.007698 0.24 1.6
0.0077 0.4 2
0.007702 0.64 2.2
0.007704 0.88 2.4
0.007706 1.12 2.8
0.007708 1.36 2.8
0.00771 1.52 3
0.007712 1.84 3.2
0.007714 2 3.4
0.007716 2.24 3.6
0.007718 2.48 3.6
0.00772 2.64 3.8
0.007722 2.88 4
0.007724 3.12 4.4
0.007726 3.28 4.4
0.007728 3.44 4.4
0.00773 3.6 4.6
0.007732 3.76 4.8
0.007734 3.92 5
0.007736 4.08 5
0.007738 4.24 4.8
0.00774 4.4 5
0.007742 4.48 5.2
0.007744 4.72 5.2
0.007746 4.72 5.2
0.007748 4.8 5
0.00775 4.96 5
0.007752 5.04 5.4
0.007754 5.04 5.4
0.007756 5.12 5.4
0.007758 5.2 5.2
0.00776 5.2 5.2
0.007762 5.2 5.2
0.007764 5.36 5.2
0.007766 5.36 5.2
0.007768 5.2 4.8
0.00777 5.36 4.8
0.007772 5.28 4.8
0.007774 5.2 4.6
0.007776 5.2 4.6
0.007778 5.12 4.2
0.00778 5.12 4.2
0.007782 5.04 4.2
0.007784 4.88 4
0.007786 4.8 3.8
0.007788 4.72 3.6
0.00779 4.56 3.4
0.007792 4.56 3.4
0.007794 4.4 3
0.007796 4.24 3
0.007798 4.08 2.6
0.0078 3.92 2.4
0.007802 3.84 2.4
0.007804 3.6 2
0.007806 3.44 1.8
0.007808 3.28 1.4
0.00781 3.12 1.2
0.007812 2.88 1
0.007814 2.72 0.8
0.007816 2.48 0.8
0.007818 2.24 0.2
0.00782 2 0
0.007822 1.84 0
0.007824 1.68 -0.4
0.007826 1.36 -0.6
0.007828 1.2 -1
0.00783 0.96 -1.4
0.007832 0.72 -1.6
0.007834 0.56 -1.6
0.007836 0.24 -1.8
0.007838 0 -2.2
0.00784 -0.32 -2.4
0.007842 -0.48 -2.6
0.007844 -0.8 -2.8
0.007846 -0.96 -3.2
0.007848 -1.28 -3.4
0.00785 -1.44 -3.4
0.007852 -1.68 -3.8
0.007854 -1.92 -4
0.007856 -2.08 -4.2
0.007858 -2.32 -4.2
0.00786 -2.56 -4.6
0.007862 -2.72 -4.6
0.007864 -2.96 -4.8
0.007866 -3.12 -5
0.007868 -3.28 -5.2
0.00787 -3.52 -5.4
0.007872 -3.68 -5.4
0.007874 -3.84 -5.6
0.007876 -4 -5.6
0.007878 -4.16 -5.8
0.00788 -4.24 -5.8
0.007882 -4.48 -5.8
0.007884 -4.56 -5.8
0.007886 -4.72 -5.8
0.007888 -4.8 -6.2
0.00789 -4.96 -6.2
0.007892 -4.96 -6.2
0.007894 -5.12 -6
0.007896 -5.2 -6
0.007898 -5.2 -6
0.0079 -5.28 -6.4
0.007902 -5.28 -6.2
0.007904 -5.36 -6
0.007906 -5.36 -5.8
0.007908 -5.44 -5.8
0.00791 -5.44 -5.8
0.007912 -5.44 -5.8
0.007914 -5.44 -5.6
0.007916 -5.28 -5.6
0.007918 -5.28 -5.4
0.00792 -5.28 -5
0.007922 -5.28 -5
0.007924 -5.2 -5
0.007926 -5.12 -4.8
0.007928 -5.04 -4.6
0.00793 -4.96 -4.4
0.007932 -4.88 -4.4
0.007934 -4.72 -4.2
0.007936 -4.56 -4
0.007938 -4.48 -3.6
0.00794 -4.32 -3.6
0.007942 -4.16 -3.4
0.007944 -4 -3.2
0.007946 -3.84 -3
0.007948 -3.68 -2.6
0.00795 -3.52 -2.4
0.007952 -3.36 -2.2
0.007954 -3.2 -2
0.007956 -2.96 -1.8
0.007958 -2.72 -1.4
0.00796 -2.48 -1.2
0.007962 -2.32 -1
0.007964 -2.08 -1
0.007966 -1.92 -0.6
0.007968 -1.68 0
0.00797 -1.44 0
0.007972 -1.28 0.4
0.007974 -0.96 0.6
0.007976 -0.72 1
0.007978 -0.48 1.2
0.00798 -0.32 1.2
0.007982 0 1.6
0.007984 0.24 1.8
0.007986 0.48 2
0.007988 0.72 2.4
0.00799 0.96 2.4
0.007992 1.2 2.6
0.007994 1.44 2.8
0.007996 1.68 3
0.007998 1.84 3.4
