0 2.24 3.4
2e-06 2.24 3.4
4e-06 2.48 3.6
6e-06 2.64 3.8
8e-06 2.88 4
1e-05 3.04 4
1.2e-05 3.2 4.2
1.4e-05 3.44 4.2
1.6e-05 3.52 4.6
1.8e-05 3.6 4.4
2e-05 3.84 4.6
2.2e-05 3.92 4.8
2.4e-05 4.08 5
2.6e-05 4.24 5
2.8e-05 4.4 5
3e-05 4.48 5
3.2e-05 4.56 5
3.4e-05 4.72 5.2
3.6e-05 4.8 5.2
3.8e-05 4.8 5.4
4e-05 5.04 5
4.2e-05 5.04 5.2
4.4e-05 5.04 5.6
4.6e-05 5.12 5.4
4.8e-05 5.2 5.4
5e-05 5.2 5.2
5.2e-05 5.28 5.2
5.4e-05 5.36 5.4
5.6e-05 5.36 5.2
5.8e-05 5.36 5.2
6e-05 5.36 5.2
6.2e-05 5.36 5
6.4e-05 5.36 5
6.6e-05 5.36 5
6.8e-05 5.28 4.8
7e-05 5.36 4.6
7.2e-05 5.2 4.6
7.4e-05 5.2 4.6
7.6e-05 5.12 4.4
7.8e-05 5.04 4.2
8e-05 5.04 4
8.2e-05 4.88 4.2
8.4e-05 4.88 4
8.6e-05 4.72 3.6
8.8e-05 4.72 3.6
9e-05 4.56 3.4
9.2e-05 4.48 3.2
9.4e-05 4.4 3.2
9.6e-05 4.24 3
9.8e-05 4.08 2.8
0.0001 4.08 2.6
0.000102 3.84 2.4
0.000104 3.68 2.6
0.000106 3.52 2.2
0.000108 3.36 2
0.00011 3.2 1.6
0.000112 3.04 1.6
0.000114 2.88 1.4
0.000116 2.64 1
0.000118 2.48 0.8
0.00012 2.32 0.8
0.000122 2.16 0.4
0.000124 1.92 0.2
0.000126 1.76 0
0.000128 1.52 0
0.00013 1.36 -0.6
0.000132 1.2 -0.6
0.000134 0.96 -1
0.000136 0.8 -1
0.000138 0.56 -1.4
0.00014 0.4 -1.6
0.000142 0.24 -1.8
0.000144 0 -2
0.000146 -0.32 -2.2
0.000148 -0.48 -2.4
0.00015 -0.72 -2.6
0.000152 -0.96 -2.8
0.000154 -1.12 -3
0.000156 -1.28 -3
0.000158 -1.44 -3.2
0.00016 -1.76 -3.4
0.000162 -1.92 -3.8
0.000164 -2.08 -4
0.000166 -2.32 -4
0.000168 -2.4 -4.2
0.00017 -2.64 -4.4
0.000172 -2.72 -4.6
0.000174 -3.04 -4.6
0.000176 -3.12 -4.8
0.000178 -3.36 -4.8
0.00018 -3.52 -5
0.000182 -3.68 -5.2
0.000184 -3.84 -5.4
0.000186 -3.92 -5.4
0.000188 -4.08 -5.6
0.00019 -4.16 -5.4
0.000192 -4.32 -5.6
0.000194 -4.48 -5.6
0.000196 -4.64 -5.8
0.000198 -4.64 -6
0.0002 -4.8 -5.8
0.000202 -4.96 -6
0.000204 -4.96 -6
0.000206 -5.12 -6
0.000208 -5.12 -6
0.00021 -5.28 -6
0.000212 -5.28 -6
0.000214 -5.28 -6
0.000216 -5.36 -6
0.000218 -5.44 -5.8
0.00022 -5.44 -6
0.000222 -5.52 -5.8
0.000224 -5.52 -5.8
0.000226 -5.52 -5.8
0.000228 -5.52 -5.8
0.00023 -5.52 -5.8
0.000232 -5.52 -5.6
0.000234 -5.52 -5.8
0.000236 -5.44 -5.6
0.000238 -5.44 -5.4
0.00024 -5.36 -5.4
0.000242 -5.28 -5.2
0.000244 -5.28 -5.2
0.000246 -5.2 -5
0.000248 -5.12 -4.8
0.00025 -4.96 -4.8
0.000252 -4.96 -4.6
0.000254 -4.88 -4.6
0.000256 -4.8 -4.2
0.000258 -4.64 -4.2
0.00026 -4.56 -4
0.000262 -4.48 -3.8
0.000264 -4.32 -3.8
0.000266 -4.16 -3.4
0.000268 -4 -3.4
0.00027 -3.92 -3
0.000272 -3.68 -3
0.000274 -3.6 -2.8
0.000276 -3.44 -2.6
0.000278 -3.28 -2.4
0.00028 -3.04 -2
0.000282 -2.88 -1.8
0.000284 -2.72 -1.8
0.000286 -2.56 -1.6
0.000288 -2.4 -1.2
0.00029 -2.24 -1
0.000292 -2 -1
0.000294 -1.76 -0.8
0.000296 -1.6 -0.6
0.000298 -1.44 0
0.0003 -1.28 0.2
0.000302 -1.12 0.4
0.000304 -0.88 0.4
0.000306 -0.64 0.8
0.000308 -0.48 0.8
0.00031 -0.16 1.2
0.000312 0.08 1.4
0.000314 0.32 1.6
0.000316 0.48 1.8
0.000318 0.72 2
0.00032 0.88 2.2
0.000322 1.04 2.4
0.000324 1.28 2.4
0.000326 1.52 2.6
0.000328 1.68 2.8
0.00033 1.84 3.2
0.000332 2 3.2
0.000334 2.16 3.2
0.000336 2.48 3.4
0.000338 2.56 3.6
0.00034 2.8 4
0.000342 2.96 4.2
0.000344 3.12 4
0.000346 3.28 4.2
0.000348 3.44 4.2
0.00035 3.6 4.6
0.000352 3.76 4.6
0.000354 3.92 4.6
0.000356 4 4.8
0.000358 4.16 4.8
0.00036 4.24 5
0.000362 4.4 5
0.000364 4.56 5
0.000366 4.56 5.2
0.000368 4.72 5.2
0.00037 4.88 5.2
0.000372 4.88 5.2
0.000374 5.04 5.2
0.000376 5.04 5.4
0.000378 5.12 5.4
0.00038 5.12 5.4
0.000382 5.2 5.4
0.000384 5.2 5.2
0.000386 5.28 5.4
0.000388 5.36 5.2
0.00039 5.36 5.2
0.000392 5.36 5.4
0.000394 5.36 5
0.000396 5.36 5
0.000398 5.36 5
0.0004 5.36 4.8
0.000402 5.36 4.8
0.000404 5.2 4.8
0.000406 5.2 4.6
0.000408 5.12 4.4
0.00041 5.12 4.4
0.000412 5.04 4.2
0.000414 4.96 4.2
0.000416 4.88 4
0.000418 4.88 3.8
0.00042 4.8 3.6
0.000422 4.72 3.6
0.000424 4.48 3.4
0.000426 4.48 3.4
0.000428 4.24 3.2
0.00043 4.16 3
0.000432 4.08 2.8
0.000434 3.92 2.6
0.000436 3.76 2.4
0.000438 3.6 2.2
0.00044 3.52 2
0.000442 3.28 1.8
0.000444 3.2 1.6
0.000446 3.04 1.6
0.000448 2.88 1.2
0.00045 2.64 1
0.000452 2.48 0.8
0.000454 2.24 0.8
0.000456 2.16 0.4
0.000458 1.92 0.2
0.00046 1.68 0
0.000462 1.52 -0.4
0.000464 1.36 -0.4
0.000466 1.12 -0.8
0.000468 0.96 -1
0.00047 0.72 -1.2
0.000472 0.56 -1.4
0.000474 0.32 -1.4
0.000476 0.08 -1.8
0.000478 -0.16 -2.2
0.00048 -0.32 -2.2
0.000482 -0.48 -2.6
0.000484 -0.8 -2.6
0.000486 -0.96 -2.8
0.000488 -1.12 -3
0.00049 -1.36 -3.2
0.000492 -1.6 -3.4
0.000494 -1.76 -3.4
0.000496 -1.92 -3.8
0.000498 -2.08 -4
0.0005 -2.32 -4.2
0.000502 -2.56 -4.2
0.000504 -2.72 -4.2
0.000506 -2.88 -4.6
0.000508 -3.04 -4.8
0.00051 -3.2 -5
0.000512 -3.36 -5
0.000514 -3.52 -4.8
0.000516 -3.68 -5
0.000518 -3.84 -5.4
0.00052 -4 -5.4
0.000522 -4.16 -5.6
0.000524 -4.24 -5.6
0.000526 -4.32 -5.6
0.000528 -4.48 -5.6
0.00053 -4.64 -6
0.000532 -4.72 -5.8
0.000534 -4.88 -5.8
0.000536 -4.88 -5.8
0.000538 -4.96 -6
0.00054 -5.12 -6.2
0.000542 -5.12 -6.2
0.000544 -5.28 -6
0.000546 -5.28 -6
0.000548 -5.44 -6.2
0.00055 -5.44 -6.2
0.000552 -5.44 -6.2
0.000554 -5.44 -5.8
0.000556 -5.52 -5.8
0.000558 -5.52 -6
0.00056 -5.52 -5.8
0.000562 -5.52 -5.8
0.000564 -5.52 -5.8
0.000566 -5.52 -5.6
0.000568 -5.44 -5.6
0.00057 -5.44 -5.6
0.000572 -5.44 -5.4
0.000574 -5.36 -5.2
0.000576 -5.28 -5.2
0.000578 -5.28 -5.2
0.00058 -5.2 -5.2
0.000582 -5.12 -4.8
0.000584 -5.04 -4.6
0.000586 -4.96 -4.4
0.000588 -4.88 -4.4
0.00059 -4.8 -4.4
0.000592 -4.64 -4.2
0.000594 -4.48 -4
0.000596 -4.32 -3.8
0.000598 -4.24 -3.6
0.0006 -4.16 -3.6
0.000602 -4 -3.4
0.000604 -3.92 -3
0.000606 -3.68 -2.8
0.000608 -3.6 -2.6
0.00061 -3.36 -2.6
0.000612 -3.28 -2.4
0.000614 -3.04 -2
0.000616 -2.88 -1.8
0.000618 -2.72 -1.6
0.00062 -2.48 -1.6
0.000622 -2.32 -1.4
0.000624 -2.08 -1
0.000626 -1.92 -0.8
0.000628 -1.76 -0.6
0.00063 -1.6 -0.4
0.000632 -1.36 -0.4
0.000634 -1.12 0.2
0.000636 -1.04 0.4
0.000638 -0.8 0.8
0.00064 -0.56 0.8
0.000642 -0.4 1
0.000644 -0.16 1.2
0.000646 0.08 1.6
0.000648 0.32 1.6
0.00065 0.56 1.8
0.000652 0.72 2
0.000654 0.96 2.4
0.000656 1.2 2.4
0.000658 1.36 2.6
0.00066 1.52 2.8
0.000662 1.68 2.8
0.000664 1.92 3.2
0.000666 2.08 3.2
0.000668 2.32 3.4
0.00067 2.48 3.6
0.000672 2.64 3.6
0.000674 2.88 3.8
0.000676 2.96 4
0.000678 3.2 4.2
0.00068 3.28 4.2
0.000682 3.44 4.2
0.000684 3.6 4.4
0.000686 3.76 4.6
0.000688 3.92 4.8
0.00069 4.08 5
0.000692 4.16 4.8
0.000694 4.32 5
0.000696 4.4 5
0.000698 4.56 5
0.0007 4.64 5.2
0.000702 4.72 5.2
0.000704 4.8 5
0.000706 4.96 5.4
0.000708 4.96 5.4
0.00071 5.04 5.2
0.000712 5.12 5.4
0.000714 5.2 5.4
0.000716 5.2 5.4
0.000718 5.28 5.2
0.00072 5.36 5.4
0.000722 5.36 5.2
0.000724 5.36 5.2
0.000726 5.36 5
0.000728 5.36 5
0.00073 5.36 5
0.000732 5.36 5
0.000734 5.36 5
0.000736 5.36 4.8
0.000738 5.2 4.6
0.00074 5.2 4.6
0.000742 5.12 4.4
0.000744 5.12 4.2
0.000746 5.04 4.2
0.000748 5.04 4
0.00075 4.88 4
0.000752 4.8 4
0.000754 4.72 3.6
0.000756 4.64 3.4
0.000758 4.48 3.4
0.00076 4.4 3.2
0.000762 4.24 3.2
0.000764 4.08 2.8
0.000766 4 2.8
0.000768 3.84 2.6
0.00077 3.76 2.4
0.000772 3.6 2.2
0.000774 3.44 1.8
0.000776 3.2 1.8
0.000778 3.12 1.6
0.00078 2.96 1.4
0.000782 2.8 1.2
0.000784 2.56 0.8
0.000786 2.48 0.8
0.000788 2.16 0.4
0.00079 2 0.4
0.000792 1.84 0.2
0.000794 1.6 0
0.000796 1.52 -0.6
0.000798 1.28 -0.6
0.0008 1.04 -0.8
0.000802 0.88 -1
0.000804 0.64 -1.4
0.000806 0.4 -1.4
0.000808 0.24 -1.6
0.00081 0.08 -1.8
0.000812 -0.16 -2
0.000814 -0.48 -2.4
0.000816 -0.64 -2.6
0.000818 -0.8 -2.6
0.00082 -1.04 -3
0.000822 -1.28 -3
0.000824 -1.44 -3.4
0.000826 -1.6 -3.6
0.000828 -1.84 -3.6
0.00083 -2 -3.8
0.000832 -2.24 -3.8
0.000834 -2.4 -4.2
0.000836 -2.56 -4.4
0.000838 -2.72 -4.4
0.00084 -2.88 -4.6
0.000842 -3.12 -4.6
0.000844 -3.28 -4.8
0.000846 -3.36 -5
0.000848 -3.6 -5.2
0.00085 -3.76 -5.2
0.000852 -3.92 -5.2
0.000854 -4 -5.4
0.000856 -4.16 -5.6
0.000858 -4.32 -5.6
0.00086 -4.4 -5.6
0.000862 -4.56 -5.8
0.000864 -4.64 -6
0.000866 -4.8 -5.8
0.000868 -4.96 -5.8
0.00087 -4.96 -5.8
0.000872 -5.04 -6
0.000874 -5.12 -6
0.000876 -5.2 -6
0.000878 -5.28 -6.2
0.00088 -5.28 -6
0.000882 -5.44 -6
0.000884 -5.44 -6
0.000886 -5.52 -6.2
0.000888 -5.52 -6
0.00089 -5.52 -5.8
0.000892 -5.52 -5.8
0.000894 -5.52 -5.8
0.000896 -5.52 -5.8
0.000898 -5.52 -5.8
0.0009 -5.52 -5.6
0.000902 -5.44 -5.6
0.000904 -5.44 -5.6
0.000906 -5.44 -5.6
0.000908 -5.28 -5.2
0.00091 -5.28 -5.2
0.000912 -5.28 -5
0.000914 -5.2 -5
0.000916 -5.12 -4.8
0.000918 -4.96 -4.8
0.00092 -4.96 -4.6
0.000922 -4.88 -4.2
0.000924 -4.64 -4.2
0.000926 -4.56 -4
0.000928 -4.48 -3.8
0.00093 -4.32 -3.6
0.000932 -4.24 -3.4
0.000934 -4.08 -3.4
0.000936 -3.92 -3.2
0.000938 -3.76 -3
0.00094 -3.68 -2.6
0.000942 -3.52 -2.6
0.000944 -3.28 -2.4
0.000946 -3.12 -2.2
0.000948 -2.96 -2.2
0.00095 -2.8 -1.8
0.000952 -2.64 -1.6
0.000954 -2.4 -1.4
0.000956 -2.24 -1
0.000958 -2.08 -1
0.00096 -1.84 -0.8
0.000962 -1.68 -0.6
0.000964 -1.44 0
0.000966 -1.36 0
0.000968 -1.12 0.2
0.00097 -0.96 0.4
0.000972 -0.72 0.8
0.000974 -0.48 1
0.000976 -0.32 1.2
0.000978 -0.16 1.2
0.00098 0.24 1.4
0.000982 0.32 1.8
0.000984 0.64 2
0.000986 0.72 2
0.000988 1.04 2.2
0.00099 1.2 2.4
0.000992 1.36 2.6
0.000994 1.52 3
0.000996 1.76 3
0.000998 2 3.2
0.001 2.16 3.2
0.001002 2.32 3.4
0.001004 2.48 3.8
0.001006 2.64 3.8
0.001008 2.88 4
0.00101 3.04 4
0.001012 3.2 4.2
0.001014 3.44 4.2
0.001016 3.52 4.4
0.001018 3.68 4.4
0.00102 3.84 4.6
0.001022 3.92 4.8
0.001024 4.08 5
0.001026 4.24 5
0.001028 4.4 5
0.00103 4.48 5
0.001032 4.56 5
0.001034 4.72 5.2
0.001036 4.72 5.4
0.001038 4.88 5.2
0.00104 4.96 5.4
0.001042 5.04 5.4
0.001044 5.12 5.4
0.001046 5.12 5.4
0.001048 5.2 5.4
0.00105 5.28 5.4
0.001052 5.28 5.2
0.001054 5.36 5.4
0.001056 5.36 5.4
0.001058 5.36 5.2
0.00106 5.36 5.2
0.001062 5.36 5
0.001064 5.36 5
0.001066 5.36 5
0.001068 5.36 4.8
0.00107 5.2 4.8
0.001072 5.2 4.6
0.001074 5.2 4.6
0.001076 5.12 4.4
0.001078 5.04 4.2
0.00108 5.04 4.2
0.001082 4.96 4
0.001084 4.88 4
0.001086 4.72 3.8
0.001088 4.72 3.6
0.00109 4.56 3.4
0.001092 4.48 3.2
0.001094 4.32 3.2
0.001096 4.16 3.2
0.001098 4.08 2.8
0.0011 3.92 2.6
0.001102 3.84 2.4
0.001104 3.68 2.4
0.001106 3.6 2.2
0.001108 3.28 1.8
0.00111 3.28 1.6
0.001112 3.12 1.6
0.001114 2.88 1.2
0.001116 2.64 1.2
0.001118 2.48 1
0.00112 2.32 0.8
0.001122 2.16 0.4
0.001124 2 0.2
0.001126 1.68 0
0.001128 1.6 -0.4
0.00113 1.36 -0.6
0.001132 1.2 -0.8
0.001134 1.04 -1
0.001136 0.8 -1
0.001138 0.56 -1.4
0.00114 0.4 -1.6
0.001142 0.24 -1.8
0.001144 -0.16 -2
0.001146 -0.32 -2.2
0.001148 -0.48 -2.4
0.00115 -0.72 -2.6
0.001152 -0.88 -2.8
0.001154 -1.12 -3
0.001156 -1.28 -3.2
0.001158 -1.44 -3.4
0.00116 -1.76 -3.4
0.001162 -1.92 -3.8
0.001164 -2.08 -4
0.001166 -2.24 -4
0.001168 -2.4 -4.2
0.00117 -2.64 -4.2
0.001172 -2.8 -4.4
0.001174 -2.96 -4.6
0.001176 -3.2 -4.8
0.001178 -3.36 -4.8
0.00118 -3.52 -5
0.001182 -3.68 -5.2
0.001184 -3.84 -5.4
0.001186 -3.92 -5.4
0.001188 -4.08 -5.6
0.00119 -4.24 -5.6
0.001192 -4.32 -5.8
0.001194 -4.48 -5.6
0.001196 -4.56 -5.8
0.001198 -4.72 -5.8
0.0012 -4.8 -5.8
0.001202 -4.96 -6
0.001204 -4.96 -6
0.001206 -5.12 -6.2
0.001208 -5.12 -6
0.00121 -5.2 -6
0.001212 -5.28 -6
0.001214 -5.28 -6.2
0.001216 -5.36 -6.2
0.001218 -5.44 -6
0.00122 -5.44 -6
0.001222 -5.52 -6
0.001224 -5.52 -6
0.001226 -5.52 -6
0.001228 -5.52 -5.8
0.00123 -5.52 -5.8
0.001232 -5.52 -5.8
0.001234 -5.44 -5.8
0.001236 -5.44 -5.6
0.001238 -5.44 -5.4
0.00124 -5.36 -5.4
0.001242 -5.28 -5.4
0.001244 -5.28 -5.2
0.001246 -5.2 -5
0.001248 -5.12 -4.8
0.00125 -4.96 -4.6
0.001252 -4.96 -4.6
0.001254 -4.88 -4.6
0.001256 -4.8 -4.4
0.001258 -4.64 -4.2
0.00126 -4.56 -4
0.001262 -4.48 -4
0.001264 -4.24 -3.8
0.001266 -4.16 -3.4
0.001268 -4 -3.2
0.00127 -3.92 -3.2
0.001272 -3.76 -3
0.001274 -3.6 -3
0.001276 -3.44 -2.6
0.001278 -3.28 -2.4
0.00128 -3.04 -2.2
0.001282 -2.96 -2
0.001284 -2.72 -1.8
0.001286 -2.56 -1.6
0.001288 -2.4 -1.2
0.00129 -2.24 -1.2
0.001292 -2 -1
0.001294 -1.76 -0.8
0.001296 -1.6 -0.6
0.001298 -1.44 0
0.0013 -1.2 0
0.001302 -1.04 0.4
0.001304 -0.8 0.4
0.001306 -0.64 0.6
0.001308 -0.4 1
0.00131 -0.24 1
0.001312 0.08 1.4
0.001314 0.24 1.6
0.001316 0.4 1.6
0.001318 0.64 2
0.00132 0.88 2
0.001322 1.04 2.6
0.001324 1.28 2.6
0.001326 1.52 2.6
0.001328 1.68 3
0.00133 1.84 3
0.001332 2 3.4
0.001334 2.24 3.4
0.001336 2.32 3.4
0.001338 2.56 3.6
0.00134 2.8 3.8
0.001342 2.88 4
0.001344 3.12 4
0.001346 3.28 4.2
0.001348 3.44 4.4
0.00135 3.6 4.6
0.001352 3.76 4.6
0.001354 3.84 4.8
0.001356 3.92 4.8
0.001358 4.08 4.8
0.00136 4.24 5
0.001362 4.4 5.2
0.001364 4.48 5.2
0.001366 4.64 5.2
0.001368 4.72 5.4
0.00137 4.8 5.2
0.001372 4.88 5.2
0.001374 4.96 5.2
0.001376 5.04 5.2
0.001378 5.12 5.4
0.00138 5.12 5.4
0.001382 5.2 5.4
0.001384 5.2 5.2
0.001386 5.36 5.2
0.001388 5.36 5.2
0.00139 5.36 5.2
0.001392 5.36 5.4
0.001394 5.36 5
0.001396 5.36 5
0.001398 5.36 5
0.0014 5.36 5
0.001402 5.28 5
0.001404 5.28 4.8
0.001406 5.2 4.6
0.001408 5.2 4.4
0.00141 5.12 4.4
0.001412 5.04 4.2
0.001414 5.04 4.2
0.001416 4.88 4
0.001418 4.88 4
0.00142 4.72 3.6
0.001422 4.64 3.6
0.001424 4.56 3.4
0.001426 4.4 3.2
0.001428 4.4 3.2
0.00143 4.16 3
0.001432 4.08 2.8
0.001434 3.92 2.6
0.001436 3.76 2.6
0.001438 3.6 2.2
0.00144 3.52 2
0.001442 3.28 1.8
0.001444 3.12 1.8
0.001446 3.04 1.4
0.001448 2.8 1.2
0.00145 2.64 1
0.001452 2.48 0.8
0.001454 2.32 0.8
0.001456 2.08 0.4
0.001458 1.92 0.2
0.00146 1.68 0
0.001462 1.52 0
0.001464 1.36 -0.4
0.001466 1.2 -0.6
0.001468 0.96 -1
0.00147 0.72 -1.2
0.001472 0.56 -1.4
0.001474 0.32 -1.4
0.001476 0.08 -1.8
0.001478 -0.16 -2.2
0.00148 -0.4 -2.4
0.001482 -0.48 -2.4
0.001484 -0.8 -2.4
0.001486 -0.96 -2.8
0.001488 -1.12 -3.2
0.00149 -1.36 -3.2
0.001492 -1.6 -3.4
0.001494 -1.76 -3.4
0.001496 -1.92 -3.8
0.001498 -2.08 -4
0.0015 -2.32 -4.2
0.001502 -2.56 -4.2
0.001504 -2.72 -4.2
0.001506 -2.88 -4.6
0.001508 -3.04 -4.8
0.00151 -3.2 -4.8
0.001512 -3.36 -5
0.001514 -3.6 -5
0.001516 -3.68 -5
0.001518 -3.84 -5.4
0.00152 -4 -5.4
0.001522 -4.16 -5.6
0.001524 -4.24 -5.6
0.001526 -4.32 -5.6
0.001528 -4.56 -5.8
0.00153 -4.64 -5.8
0.001532 -4.72 -5.8
0.001534 -4.88 -5.8
0.001536 -4.88 -5.8
0.001538 -4.96 -6.2
0.00154 -5.12 -6
0.001542 -5.2 -6
0.001544 -5.2 -6.2
0.001546 -5.28 -6.2
0.001548 -5.28 -6.2
0.00155 -5.44 -6.2
0.001552 -5.44 -6
0.001554 -5.44 -5.8
0.001556 -5.44 -6
0.001558 -5.52 -6.2
0.00156 -5.52 -5.8
0.001562 -5.52 -5.8
0.001564 -5.52 -5.6
0.001566 -5.44 -5.6
0.001568 -5.44 -5.6
0.00157 -5.44 -5.6
0.001572 -5.36 -5.6
0.001574 -5.36 -5.4
0.001576 -5.28 -5.2
0.001578 -5.28 -5.2
0.00158 -5.2 -5
0.001582 -5.12 -4.8
0.001584 -5.04 -4.6
0.001586 -4.96 -4.6
0.001588 -4.88 -4.6
0.00159 -4.8 -4.2
0.001592 -4.64 -4
0.001594 -4.48 -3.8
0.001596 -4.32 -3.8
0.001598 -4.32 -3.6
0.0016 -4.16 -3.4
0.001602 -4 -3.2
0.001604 -3.84 -3
0.001606 -3.68 -2.8
0.001608 -3.52 -2.8
0.00161 -3.36 -2.4
0.001612 -3.2 -2.4
0.001614 -3.04 -2
0.001616 -2.88 -1.8
0.001618 -2.72 -1.6
0.00162 -2.48 -1.6
0.001622 -2.32 -1.2
0.001624 -2.08 -1
0.001626 -1.92 -0.8
0.001628 -1.76 -0.6
0.00163 -1.6 -0.4
0.001632 -1.36 0
0.001634 -1.12 0
0.001636 -0.96 0.4
0.001638 -0.8 0.4
0.00164 -0.56 0.8
0.001642 -0.32 1
0.001644 -0.16 1.2
0.001646 0.08 1.6
0.001648 0.32 1.6
0.00165 0.56 1.8
0.001652 0.72 2
0.001654 0.96 2.2
0.001656 1.2 2.4
0.001658 1.28 2.6
0.00166 1.52 2.8
0.001662 1.68 3
0.001664 1.92 3
0.001666 2.16 3.2
0.001668 2.32 3.4
0.00167 2.48 3.4
0.001672 2.64 3.6
0.001674 2.8 4
0.001676 2.96 4
0.001678 3.12 4.2
0.00168 3.28 4.2
0.001682 3.44 4.2
0.001684 3.6 4.4
0.001686 3.76 4.4
0.001688 3.92 4.6
0.00169 4.08 4.8
0.001692 4.16 4.8
0.001694 4.4 4.8
0.001696 4.4 5
0.001698 4.56 5.2
0.0017 4.72 5.2
0.001702 4.72 5.2
0.001704 4.8 5.2
0.001706 4.96 5.2
0.001708 5.04 5.4
0.00171 5.04 5.4
0.001712 5.04 5.4
0.001714 5.12 5.2
0.001716 5.2 5.2
0.001718 5.2 5.4
0.00172 5.36 5.4
0.001722 5.36 5.2
0.001724 5.36 5
0.001726 5.36 5.2
0.001728 5.36 5.2
0.00173 5.36 5
0.001732 5.36 5
0.001734 5.36 4.8
0.001736 5.2 4.8
0.001738 5.28 4.8
0.00174 5.2 4.8
0.001742 5.2 4.4
0.001744 5.04 4.2
0.001746 5.04 4.2
0.001748 5.04 4.2
0.00175 4.88 4
0.001752 4.8 4
0.001754 4.72 3.6
0.001756 4.56 3.4
0.001758 4.48 3.4
0.00176 4.4 3.4
0.001762 4.24 3.2
0.001764 4.08 2.8
0.001766 4.08 2.8
0.001768 3.84 2.8
0.00177 3.76 2.4
0.001772 3.6 2.2
0.001774 3.44 2
0.001776 3.28 1.8
0.001778 3.12 1.6
0.00178 2.96 1.6
0.001782 2.8 1.2
0.001784 2.56 0.8
0.001786 2.4 0.6
0.001788 2.24 0.8
0.00179 2 0.4
0.001792 1.84 0.2
0.001794 1.6 -0.4
0.001796 1.44 -0.4
0.001798 1.28 -0.4
0.0018 1.12 -0.8
0.001802 0.88 -1
0.001804 0.64 -1.4
0.001806 0.48 -1.4
0.001808 0.24 -1.6
0.00181 0.08 -1.8
0.001812 -0.16 -2.2
0.001814 -0.4 -2.4
0.001816 -0.64 -2.6
0.001818 -0.8 -2.6
0.00182 -1.04 -3
0.001822 -1.2 -3.2
0.001824 -1.44 -3.4
0.001826 -1.68 -3.4
0.001828 -1.76 -3.4
0.00183 -2 -3.8
0.001832 -2.24 -3.8
0.001834 -2.4 -4.2
0.001836 -2.56 -4.4
0.001838 -2.72 -4.4
0.00184 -2.88 -4.6
0.001842 -3.04 -4.8
0.001844 -3.28 -5
0.001846 -3.44 -5
0.001848 -3.68 -5
0.00185 -3.68 -5.2
0.001852 -3.92 -5.4
0.001854 -4 -5.4
0.001856 -4.16 -5.6
0.001858 -4.32 -5.4
0.00186 -4.48 -5.6
0.001862 -4.56 -5.8
0.001864 -4.64 -5.8
0.001866 -4.8 -6
0.001868 -4.88 -5.8
0.00187 -4.96 -5.8
0.001872 -5.04 -6
0.001874 -5.12 -6
0.001876 -5.2 -6
0.001878 -5.28 -6
0.00188 -5.28 -6.2
0.001882 -5.36 -6
0.001884 -5.36 -6.2
0.001886 -5.52 -6.2
0.001888 -5.52 -6
0.00189 -5.52 -5.8
0.001892 -5.52 -5.8
0.001894 -5.52 -5.8
0.001896 -5.52 -5.8
0.001898 -5.52 -5.8
0.0019 -5.52 -5.6
0.001902 -5.44 -5.6
0.001904 -5.44 -5.6
0.001906 -5.36 -5.4
0.001908 -5.28 -5.2
0.00191 -5.28 -5.2
0.001912 -5.28 -5.2
0.001914 -5.12 -5
0.001916 -5.12 -4.8
0.001918 -4.96 -4.8
0.00192 -4.96 -4.6
0.001922 -4.8 -4.2
0.001924 -4.72 -4.2
0.001926 -4.64 -4
0.001928 -4.48 -4
0.00193 -4.32 -3.8
0.001932 -4.16 -3.6
0.001934 -4.08 -3.4
0.001936 -3.92 -3.2
0.001938 -3.76 -3.2
0.00194 -3.68 -2.8
0.001942 -3.52 -2.6
0.001944 -3.36 -2.4
0.001946 -3.12 -2.4
0.001948 -2.96 -2.2
0.00195 -2.8 -1.8
0.001952 -2.64 -1.6
0.001954 -2.4 -1.4
0.001956 -2.24 -1.2
0.001958 -2.08 -1
0.00196 -1.92 -0.8
0.001962 -1.68 -0.6
0.001964 -1.52 -0.4
0.001966 -1.36 0
0.001968 -1.12 0.2
0.00197 -0.96 0.4
0.001972 -0.64 0.6
0.001974 -0.48 0.8
0.001976 -0.32 1
0.001978 0 1.2
0.00198 0.24 1.4
0.001982 0.4 1.8
0.001984 0.56 1.8
0.001986 0.8 2
0.001988 1.04 2.2
0.00199 1.2 2.4
0.001992 1.44 2.6
0.001994 1.6 2.8
0.001996 1.84 3
0.001998 1.92 3.2
0.002 2.16 3.2
0.002002 2.32 3.4
0.002004 2.48 3.6
0.002006 2.8 3.6
0.002008 2.88 3.8
0.00201 3.12 4
0.002012 3.2 4
0.002014 3.44 4.2
0.002016 3.52 4.4
0.002018 3.76 4.4
0.00202 3.84 4.4
0.002022 3.92 4.8
0.002024 4.08 5
0.002026 4.16 5
0.002028 4.4 4.8
0.00203 4.48 5
0.002032 4.56 5.2
0.002034 4.64 5.2
0.002036 4.8 5.4
0.002038 4.8 5.2
0.00204 4.96 5.2
0.002042 5.04 5.4
0.002044 5.04 5.4
0.002046 5.12 5.4
0.002048 5.2 5.2
0.00205 5.2 5.2
0.002052 5.36 5.4
0.002054 5.36 5.4
0.002056 5.36 5.4
0.002058 5.36 5.2
0.00206 5.36 5.2
0.002062 5.36 5
0.002064 5.36 5.2
0.002066 5.36 5.2
0.002068 5.28 4.8
0.00207 5.36 4.6
0.002072 5.2 4.8
0.002074 5.2 4.6
0.002076 5.12 4.4
0.002078 5.04 4.2
0.00208 5.04 4
0.002082 4.88 4
0.002084 4.88 4
0.002086 4.8 4
0.002088 4.72 3.6
0.00209 4.56 3.4
0.002092 4.48 3.2
0.002094 4.4 3.2
0.002096 4.24 3.2
0.002098 4.08 2.8
0.0021 3.92 2.6
0.002102 3.84 2.6
0.002104 3.68 2.4
0.002106 3.52 2.2
0.002108 3.44 2
0.00211 3.2 1.6
0.002112 3.04 1.6
0.002114 2.88 1.2
0.002116 2.64 1.2
0.002118 2.48 0.8
0.00212 2.32 0.6
0.002122 2.16 0.6
0.002124 2 0.2
0.002126 1.84 0.2
0.002128 1.6 0
0.00213 1.52 -0.6
0.002132 1.2 -0.6
0.002134 0.96 -1
0.002136 0.88 -1
0.002138 0.64 -1.2
0.00214 0.4 -1.6
0.002142 0.24 -1.6
0.002144 0 -2
0.002146 -0.24 -2.2
0.002148 -0.48 -2.4
0.00215 -0.64 -2.6
0.002152 -0.88 -2.8
0.002154 -1.12 -3
0.002156 -1.28 -3
0.002158 -1.44 -3.4
0.00216 -1.68 -3.4
0.002162 -1.92 -3.6
0.002164 -2.08 -3.8
0.002166 -2.24 -4
0.002168 -2.4 -4.2
0.00217 -2.64 -4.4
0.002172 -2.8 -4.6
0.002174 -2.96 -4.6
0.002176 -3.2 -4.8
0.002178 -3.36 -4.8
0.00218 -3.52 -5
0.002182 -3.68 -5.2
0.002184 -3.84 -5.2
0.002186 -4 -5.4
0.002188 -4.08 -5.4
0.00219 -4.24 -5.6
0.002192 -4.32 -5.6
0.002194 -4.48 -5.8
0.002196 -4.56 -5.8
0.002198 -4.64 -5.6
0.0022 -4.8 -5.8
0.002202 -4.96 -5.8
0.002204 -4.96 -6.2
0.002206 -5.12 -6
0.002208 -5.2 -6
0.00221 -5.2 -6.2
0.002212 -5.28 -6
0.002214 -5.28 -6.2
0.002216 -5.44 -6.2
0.002218 -5.44 -6
0.00222 -5.44 -6
0.002222 -5.52 -6
0.002224 -5.52 -6
0.002226 -5.52 -5.8
0.002228 -5.44 -5.8
0.00223 -5.52 -5.8
0.002232 -5.52 -5.6
0.002234 -5.52 -5.6
0.002236 -5.44 -5.6
0.002238 -5.44 -5.4
0.00224 -5.28 -5.4
0.002242 -5.28 -5.4
0.002244 -5.28 -5.2
0.002246 -5.2 -5
0.002248 -5.12 -4.8
0.00225 -4.96 -4.8
0.002252 -4.96 -4.6
0.002254 -4.88 -4.4
0.002256 -4.8 -4.4
0.002258 -4.64 -4
0.00226 -4.56 -4
0.002262 -4.48 -4
0.002264 -4.32 -3.6
0.002266 -4.16 -3.6
0.002268 -4 -3.2
0.00227 -3.84 -3.2
0.002272 -3.76 -3
0.002274 -3.6 -2.8
0.002276 -3.52 -2.6
0.002278 -3.28 -2.2
0.00228 -3.04 -2.2
0.002282 -2.96 -2
0.002284 -2.72 -1.8
0.002286 -2.56 -1.6
0.002288 -2.4 -1.4
0.00229 -2.24 -1
0.002292 -2 -1
0.002294 -1.76 -0.6
0.002296 -1.6 -0.6
0.002298 -1.44 0
0.0023 -1.2 0.2
0.002302 -1.12 0.2
0.002304 -0.8 0.4
0.002306 -0.64 0.8
0.002308 -0.4 1
0.00231 -0.16 1.2
0.002312 0.08 1.2
0.002314 0.24 1.6
0.002316 0.4 1.8
0.002318 0.72 2
0.00232 0.88 2.2
0.002322 1.04 2.4
0.002324 1.2 2.6
0.002326 1.52 2.6
0.002328 1.68 2.8
0.00233 1.84 3.2
0.002332 2 3.2
0.002334 2.24 3.4
0.002336 2.4 3.4
0.002338 2.56 3.6
0.00234 2.8 4
0.002342 2.96 4
0.002344 3.12 4
0.002346 3.28 4.2
0.002348 3.44 4.2
0.00235 3.52 4.4
0.002352 3.76 4.6
0.002354 3.84 4.4
0.002356 4 4.8
0.002358 4.16 4.8
0.00236 4.24 5
0.002362 4.4 5
0.002364 4.56 5
0.002366 4.64 5
0.002368 4.72 5.2
0.00237 4.8 5.4
0.002372 4.88 5.2
0.002374 4.88 5.2
0.002376 5.04 5.2
0.002378 5.12 5.4
0.00238 5.12 5.4
0.002382 5.2 5.2
0.002384 5.2 5.4
0.002386 5.36 5.2
0.002388 5.36 5.2
0.00239 5.36 5.2
0.002392 5.36 5.2
0.002394 5.36 5.2
0.002396 5.36 5
0.002398 5.36 4.8
0.0024 5.36 4.8
0.002402 5.36 4.8
0.002404 5.2 4.8
0.002406 5.2 4.4
0.002408 5.12 4.4
0.00241 5.12 4.4
0.002412 5.04 4.4
0.002414 5.04 4
0.002416 4.88 4
0.002418 4.8 3.8
0.00242 4.72 3.8
0.002422 4.56 3.6
0.002424 4.48 3.4
0.002426 4.48 3.2
0.002428 4.24 3
0.00243 4.16 2.8
0.002432 4.08 2.8
0.002434 3.92 2.6
0.002436 3.76 2.4
0.002438 3.68 2.2
0.00244 3.44 2
0.002442 3.28 1.8
0.002444 3.12 1.6
0.002446 2.96 1.4
0.002448 2.8 1.2
0.00245 2.64 1
0.002452 2.48 0.8
0.002454 2.24 0.8
0.002456 2.16 0.4
0.002458 1.92 0.2
0.00246 1.68 0
0.002462 1.52 0
0.002464 1.36 -0.6
0.002466 1.2 -0.8
0.002468 0.88 -1
0.00247 0.72 -1.2
0.002472 0.56 -1.2
0.002474 0.32 -1.6
0.002476 0.08 -1.8
0.002478 -0.16 -2.2
0.00248 -0.32 -2.4
0.002482 -0.56 -2.4
0.002484 -0.72 -2.6
0.002486 -0.96 -2.8
0.002488 -1.12 -3.2
0.00249 -1.36 -3.4
0.002492 -1.52 -3.4
0.002494 -1.76 -3.6
0.002496 -2 -3.8
0.002498 -2.08 -4
0.0025 -2.4 -4
0.002502 -2.48 -4
0.002504 -2.72 -4.4
0.002506 -2.88 -4.6
0.002508 -3.04 -4.8
0.00251 -3.2 -5
0.002512 -3.36 -4.8
0.002514 -3.6 -5.2
0.002516 -3.68 -5
0.002518 -3.84 -5.4
0.00252 -4 -5.4
0.002522 -4.16 -5.4
0.002524 -4.24 -5.6
0.002526 -4.4 -5.8
0.002528 -4.48 -5.8
0.00253 -4.64 -5.8
0.002532 -4.64 -5.8
0.002534 -4.8 -5.8
0.002536 -4.96 -6
0.002538 -5.04 -6
0.00254 -5.12 -6.2
0.002542 -5.12 -6
0.002544 -5.2 -6.2
0.002546 -5.36 -6
0.002548 -5.28 -6.2
0.00255 -5.44 -6.2
0.002552 -5.44 -6.2
0.002554 -5.52 -6.2
0.002556 -5.52 -6
0.002558 -5.44 -6.2
0.00256 -5.52 -5.8
0.002562 -5.44 -5.8
0.002564 -5.52 -5.8
0.002566 -5.44 -5.8
0.002568 -5.44 -5.6
0.00257 -5.44 -5.6
0.002572 -5.44 -5.4
0.002574 -5.36 -5.4
0.002576 -5.28 -5.2
0.002578 -5.28 -5.2
0.00258 -5.12 -5
0.002582 -5.12 -4.8
0.002584 -5.04 -4.8
0.002586 -4.96 -4.6
0.002588 -4.88 -4.4
0.00259 -4.8 -4.2
0.002592 -4.64 -4
0.002594 -4.48 -4
0.002596 -4.32 -3.8
0.002598 -4.24 -3.6
0.0026 -4.08 -3.4
0.002602 -4 -3.2
0.002604 -3.84 -3.2
0.002606 -3.68 -2.8
0.002608 -3.6 -2.6
0.00261 -3.36 -2.4
0.002612 -3.2 -2.2
0.002614 -3.04 -2.2
0.002616 -2.88 -1.8
0.002618 -2.72 -1.6
0.00262 -2.48 -1.4
0.002622 -2.32 -1.4
0.002624 -2.08 -1
0.002626 -1.92 -0.8
0.002628 -1.68 -0.6
0.00263 -1.6 -0.6
0.002632 -1.36 0
0.002634 -1.12 0
0.002636 -0.96 0.4
0.002638 -0.8 0.6
0.00264 -0.48 0.8
0.002642 -0.32 1
0.002644 -0.16 1
0.002646 0.08 1.4
0.002648 0.32 1.6
0.00265 0.56 1.6
0.002652 0.72 2
0.002654 0.96 2.2
0.002656 1.2 2.4
0.002658 1.36 2.6
0.00266 1.52 2.8
0.002662 1.68 2.8
0.002664 1.92 3
0.002666 2.16 3.2
0.002668 2.32 3.4
0.00267 2.48 3.4
0.002672 2.64 3.6
0.002674 2.8 4
0.002676 2.96 4
0.002678 3.2 4.2
0.00268 3.28 4.4
0.002682 3.44 4.2
0.002684 3.68 4.6
0.002686 3.76 4.6
0.002688 3.92 4.8
0.00269 4 4.8
0.002692 4.16 4.8
0.002694 4.32 5
0.002696 4.4 5
0.002698 4.56 5.2
0.0027 4.64 5.2
0.002702 4.72 5
0.002704 4.88 5.2
0.002706 4.88 5.2
0.002708 5.04 5.6
0.00271 5.04 5.4
0.002712 5.12 5.2
0.002714 5.2 5.2
0.002716 5.2 5.2
0.002718 5.28 5.6
0.00272 5.36 5.4
0.002722 5.36 5
0.002724 5.36 5.2
0.002726 5.36 5
0.002728 5.36 5.2
0.00273 5.36 5
0.002732 5.36 4.8
0.002734 5.36 5
0.002736 5.36 4.8
0.002738 5.28 4.8
0.00274 5.2 4.6
0.002742 5.12 4.4
0.002744 5.12 4.2
0.002746 5.04 4.2
0.002748 4.88 4.2
0.00275 4.88 4
0.002752 4.8 3.6
0.002754 4.72 3.6
0.002756 4.56 3.6
0.002758 4.56 3.4
0.00276 4.4 3.2
0.002762 4.24 3
0.002764 4.16 2.8
0.002766 4 2.6
0.002768 3.84 2.6
0.00277 3.76 2.4
0.002772 3.6 2
0.002774 3.44 2
0.002776 3.28 1.8
0.002778 3.12 1.6
0.00278 2.96 1.4
0.002782 2.8 1
0.002784 2.64 1
0.002786 2.4 0.6
0.002788 2.24 0.8
0.00279 2 0.2
0.002792 1.84 0
0.002794 1.68 -0.4
0.002796 1.44 -0.4
0.002798 1.28 -0.6
0.0028 1.04 -0.8
0.002802 0.88 -1
0.002804 0.72 -1.4
0.002806 0.56 -1.6
0.002808 0.24 -1.6
0.00281 0.08 -1.8
0.002812 -0.16 -2.2
0.002814 -0.4 -2.4
0.002816 -0.64 -2.6
0.002818 -0.8 -2.6
0.00282 -1.04 -3
0.002822 -1.28 -3.2
0.002824 -1.44 -3.2
0.002826 -1.6 -3.4
0.002828 -1.76 -3.6
0.00283 -2 -3.8
0.002832 -2.24 -4
0.002834 -2.4 -4
0.002836 -2.64 -4.2
0.002838 -2.72 -4.4
0.00284 -2.96 -4.6
0.002842 -3.04 -4.8
0.002844 -3.28 -5
0.002846 -3.44 -5
0.002848 -3.6 -5
0.00285 -3.84 -5.2
0.002852 -3.84 -5.4
0.002854 -4 -5.6
0.002856 -4.24 -5.6
0.002858 -4.24 -5.6
0.00286 -4.4 -5.8
0.002862 -4.56 -5.8
0.002864 -4.64 -5.8
0.002866 -4.8 -6
0.002868 -4.88 -6
0.00287 -4.96 -6
0.002872 -5.04 -6
0.002874 -5.12 -6.2
0.002876 -5.2 -6
0.002878 -5.28 -6.2
0.00288 -5.28 -6.2
0.002882 -5.44 -6
0.002884 -5.44 -6
0.002886 -5.44 -6.2
0.002888 -5.52 -6.2
0.00289 -5.52 -6
0.002892 -5.52 -5.8
0.002894 -5.52 -5.8
0.002896 -5.52 -5.8
0.002898 -5.44 -5.6
0.0029 -5.52 -5.8
0.002902 -5.44 -5.6
0.002904 -5.44 -5.6
0.002906 -5.44 -5.4
0.002908 -5.36 -5.4
0.00291 -5.28 -5.2
0.002912 -5.28 -5
0.002914 -5.12 -5
0.002916 -5.12 -4.8
0.002918 -4.96 -4.8
0.00292 -4.88 -4.6
0.002922 -4.8 -4.2
0.002924 -4.8 -4.2
0.002926 -4.56 -4.2
0.002928 -4.48 -4
0.00293 -4.32 -3.6
0.002932 -4.24 -3.4
0.002934 -4.08 -3.4
0.002936 -3.92 -3
0.002938 -3.84 -3.2
0.00294 -3.68 -3
0.002942 -3.52 -2.6
0.002944 -3.28 -2.4
0.002946 -3.2 -2.2
0.002948 -2.96 -2
0.00295 -2.8 -1.8
0.002952 -2.64 -1.6
0.002954 -2.4 -1.4
0.002956 -2.24 -1.2
0.002958 -2.08 -1
0.00296 -1.92 -0.8
0.002962 -1.68 -0.6
0.002964 -1.44 0
0.002966 -1.36 0
0.002968 -1.12 0.2
0.00297 -0.96 0.4
0.002972 -0.72 0.8
0.002974 -0.48 1
0.002976 -0.32 1
0.002978 0 1
0.00298 0.24 1.2
0.002982 0.4 1.8
0.002984 0.64 1.8
0.002986 0.88 2
0.002988 0.96 2
0.00299 1.2 2.4
0.002992 1.36 2.6
0.002994 1.6 2.8
0.002996 1.68 3
0.002998 2 3
0.003 2.16 3.2
0.003002 2.32 3.6
0.003004 2.56 3.6
0.003006 2.72 3.8
0.003008 2.88 3.8
0.00301 3.12 4
0.003012 3.2 4.2
0.003014 3.44 4.4
0.003016 3.52 4.2
0.003018 3.76 4.2
0.00302 3.84 4.4
0.003022 3.92 4.8
0.003024 4.08 5
0.003026 4.24 4.8
0.003028 4.32 5
0.00303 4.48 5
0.003032 4.56 5.2
0.003034 4.72 5.2
0.003036 4.72 5.2
0.003038 4.8 5.2
0.00304 5.04 5.2
0.003042 5.04 5.4
0.003044 5.04 5.2
0.003046 5.12 5.4
0.003048 5.2 5.2
0.00305 5.2 5
0.003052 5.2 5.2
0.003054 5.36 5.4
0.003056 5.36 5.2
0.003058 5.36 5.2
0.00306 5.36 5
0.003062 5.36 5
0.003064 5.36 5
0.003066 5.36 5
0.003068 5.36 4.8
0.00307 5.28 4.8
0.003072 5.2 4.8
0.003074 5.2 4.6
0.003076 5.12 4.4
0.003078 5.12 4.2
0.00308 5.04 4
0.003082 4.96 4
0.003084 4.8 4
0.003086 4.72 3.6
0.003088 4.72 3.6
0.00309 4.56 3.4
0.003092 4.4 3.2
0.003094 4.4 3.2
0.003096 4.24 3
0.003098 4.08 2.8
0.0031 3.92 2.6
0.003102 3.84 2.4
0.003104 3.68 2.4
0.003106 3.52 2.2
0.003108 3.44 1.8
0.00311 3.2 1.8
0.003112 3.12 1.6
0.003114 2.88 1.2
0.003116 2.72 1
0.003118 2.48 0.8
0.00312 2.32 0.8
0.003122 2.16 0.4
0.003124 2 0.2
0.003126 1.76 0
0.003128 1.52 -0.4
0.00313 1.44 -0.6
0.003132 1.2 -0.8
0.003134 1.04 -1
0.003136 0.8 -1
0.003138 0.64 -1.4
0.00314 0.4 -1.6
0.003142 0.24 -1.8
0.003144 0 -2
0.003146 -0.32 -2.2
0.003148 -0.48 -2.4
0.00315 -0.72 -2.6
0.003152 -0.96 -2.8
0.003154 -1.12 -3
0.003156 -1.28 -3.2
0.003158 -1.44 -3.2
0.00316 -1.68 -3.4
0.003162 -1.92 -3.8
0.003164 -2.08 -3.8
0.003166 -2.24 -4
0.003168 -2.4 -4.2
0.00317 -2.64 -4.4
0.003172 -2.72 -4.6
0.003174 -2.96 -4.8
0.003176 -3.12 -4.8
0.003178 -3.28 -5
0.00318 -3.52 -5.2
0.003182 -3.6 -5.2
0.003184 -3.84 -5.2
0.003186 -3.92 -5.4
0.003188 -4.08 -5.4
0.00319 -4.24 -5.6
0.003192 -4.32 -5.8
0.003194 -4.48 -5.8
0.003196 -4.56 -5.8
0.003198 -4.72 -5.8
0.0032 -4.8 -6
0.003202 -4.96 -6
0.003204 -4.96 -6
0.003206 -5.04 -6
0.003208 -5.2 -6.2
0.00321 -5.28 -6
0.003212 -5.28 -6.2
0.003214 -5.28 -6.2
0.003216 -5.44 -6.2
0.003218 -5.44 -6.2
0.00322 -5.44 -6
0.003222 -5.52 -6.2
0.003224 -5.52 -6.2
0.003226 -5.52 -6
0.003228 -5.52 -5.8
0.00323 -5.52 -5.8
0.003232 -5.52 -5.8
0.003234 -5.44 -5.8
0.003236 -5.52 -5.6
0.003238 -5.44 -5.6
0.00324 -5.44 -5.4
0.003242 -5.28 -5.4
0.003244 -5.28 -5.2
0.003246 -5.2 -5
0.003248 -5.12 -5
0.00325 -5.12 -4.8
0.003252 -4.96 -4.8
0.003254 -4.88 -4.6
0.003256 -4.8 -4.4
0.003258 -4.64 -4
0.00326 -4.56 -4
0.003262 -4.48 -4
0.003264 -4.32 -3.8
0.003266 -4.16 -3.4
0.003268 -4.08 -3.4
0.00327 -3.92 -3
0.003272 -3.76 -3
0.003274 -3.68 -2.8
0.003276 -3.44 -2.6
0.003278 -3.28 -2.4
0.00328 -3.04 -2.2
0.003282 -2.96 -2
0.003284 -2.72 -1.8
0.003286 -2.64 -1.6
0.003288 -2.4 -1.4
0.00329 -2.24 -1
0.003292 -2 -1
0.003294 -1.84 -0.8
0.003296 -1.6 -0.6
0.003298 -1.44 0
0.0033 -1.2 0.2
0.003302 -1.04 0.2
0.003304 -0.8 0.4
0.003306 -0.64 0.6
0.003308 -0.48 0.8
0.00331 -0.24 1.2
0.003312 0 1.2
0.003314 0.24 1.4
0.003316 0.4 1.8
0.003318 0.64 2
0.00332 0.88 2.2
0.003322 1.04 2.2
0.003324 1.28 2.4
0.003326 1.52 2.6
0.003328 1.68 2.8
0.00333 1.84 3.2
0.003332 2 3.2
0.003334 2.24 3.2
0.003336 2.48 3.6
0.003338 2.56 3.8
0.00334 2.8 3.8
0.003342 2.96 3.8
0.003344 3.12 4
0.003346 3.28 4.2
0.003348 3.44 4.4
0.00335 3.52 4.6
0.003352 3.76 4.6
0.003354 3.84 4.6
0.003356 4.08 4.8
0.003358 4.08 5
0.00336 4.24 5
0.003362 4.4 5
0.003364 4.48 5
0.003366 4.64 5.2
0.003368 4.72 5.2
0.00337 4.8 5.2
0.003372 4.88 5.2
0.003374 5.04 5.2
0.003376 5.04 5.2
0.003378 5.12 5.4
0.00338 5.2 5.2
0.003382 5.28 5.2
0.003384 5.2 5.2
0.003386 5.28 5.2
0.003388 5.36 5.2
0.00339 5.36 5.2
0.003392 5.36 5.2
0.003394 5.36 5.2
0.003396 5.36 5
0.003398 5.36 5
0.0034 5.36 5
0.003402 5.36 4.8
0.003404 5.28 4.6
0.003406 5.2 4.6
0.003408 5.12 4.4
0.00341 5.12 4.4
0.003412 5.04 4.2
0.003414 4.96 4
0.003416 4.96 4
0.003418 4.8 4
0.00342 4.72 3.6
0.003422 4.72 3.6
0.003424 4.56 3.4
0.003426 4.48 3.2
0.003428 4.24 3
0.00343 4.16 3
0.003432 4.08 2.8
0.003434 3.92 2.6
0.003436 3.76 2.4
0.003438 3.6 2.2
0.00344 3.52 2
0.003442 3.28 2
0.003444 3.12 1.6
0.003446 2.96 1.4
0.003448 2.8 1.2
0.00345 2.64 1
0.003452 2.48 1
0.003454 2.32 0.8
0.003456 2.08 0.4
0.003458 1.92 0.2
0.00346 1.68 0
0.003462 1.52 0
0.003464 1.28 -0.6
0.003466 1.2 -0.8
0.003468 0.96 -1
0.00347 0.72 -1.2
0.003472 0.56 -1.2
0.003474 0.32 -1.6
0.003476 0.16 -1.8
0.003478 -0.16 -2
0.00348 -0.32 -2.2
0.003482 -0.48 -2.4
0.003484 -0.72 -2.6
0.003486 -0.96 -3
0.003488 -1.12 -3
0.00349 -1.36 -3.2
0.003492 -1.44 -3.4
0.003494 -1.76 -3.6
0.003496 -1.92 -3.8
0.003498 -2.08 -3.8
0.0035 -2.32 -4
0.003502 -2.48 -4.2
0.003504 -2.72 -4.4
0.003506 -2.88 -4.6
0.003508 -3.04 -4.8
0.00351 -3.2 -4.8
0.003512 -3.36 -4.8
0.003514 -3.6 -5
0.003516 -3.68 -5.2
0.003518 -3.84 -5.4
0.00352 -4 -5.6
0.003522 -4.16 -5.4
0.003524 -4.24 -5.6
0.003526 -4.4 -5.8
0.003528 -4.56 -5.8
0.00353 -4.64 -5.8
0.003532 -4.72 -5.8
0.003534 -4.88 -5.8
0.003536 -4.96 -6
0.003538 -4.96 -6
0.00354 -5.12 -6.2
0.003542 -5.2 -6
0.003544 -5.28 -6
0.003546 -5.28 -6.2
0.003548 -5.36 -6.2
0.00355 -5.36 -6.4
0.003552 -5.44 -6.2
0.003554 -5.44 -6.2
0.003556 -5.52 -6
0.003558 -5.52 -6
0.00356 -5.52 -6
0.003562 -5.52 -5.8
0.003564 -5.52 -5.8
0.003566 -5.44 -5.6
0.003568 -5.44 -5.6
0.00357 -5.44 -5.6
0.003572 -5.44 -5.4
0.003574 -5.36 -5.2
0.003576 -5.28 -5.4
0.003578 -5.2 -5
0.00358 -5.2 -5
0.003582 -5.12 -4.8
0.003584 -4.96 -4.8
0.003586 -4.96 -4.6
0.003588 -4.88 -4.4
0.00359 -4.8 -4.4
0.003592 -4.64 -4.2
0.003594 -4.48 -3.8
0.003596 -4.32 -3.8
0.003598 -4.24 -3.6
0.0036 -4.16 -3.6
0.003602 -4 -3.2
0.003604 -3.92 -3
0.003606 -3.68 -3
0.003608 -3.52 -2.6
0.00361 -3.44 -2.6
0.003612 -3.2 -2.4
0.003614 -3.04 -2
0.003616 -2.88 -2
0.003618 -2.72 -1.8
0.00362 -2.48 -1.6
0.003622 -2.32 -1.2
0.003624 -2.08 -1
0.003626 -1.92 -0.8
0.003628 -1.76 -0.6
0.00363 -1.6 -0.6
0.003632 -1.44 -0.4
0.003634 -1.12 0
0.003636 -1.04 0.4
0.003638 -0.8 0.6
0.00364 -0.64 0.8
0.003642 -0.4 1
0.003644 -0.16 1
0.003646 0.08 1.4
0.003648 0.32 1.6
0.00365 0.56 1.6
0.003652 0.72 1.8
0.003654 0.88 2
0.003656 1.12 2.4
0.003658 1.36 2.6
0.00366 1.52 2.6
0.003662 1.68 2.8
0.003664 1.92 3
0.003666 2.16 3.2
0.003668 2.24 3.4
0.00367 2.48 3.4
0.003672 2.64 3.6
0.003674 2.8 3.8
0.003676 2.96 4
0.003678 3.12 4.2
0.00368 3.28 4
0.003682 3.44 4.2
0.003684 3.6 4.4
0.003686 3.76 4.8
0.003688 3.92 4.6
0.00369 4.08 4.8
0.003692 4.16 4.6
0.003694 4.32 4.8
0.003696 4.48 5
0.003698 4.56 5
0.0037 4.64 5
0.003702 4.72 5.2
0.003704 4.8 5
0.003706 4.88 5.4
0.003708 5.04 5.4
0.00371 5.04 5.4
0.003712 5.12 5.2
0.003714 5.12 5.4
0.003716 5.12 5.4
0.003718 5.36 5.2
0.00372 5.28 5.2
0.003722 5.36 5.2
0.003724 5.36 5.2
0.003726 5.36 5.2
0.003728 5.36 5.2
0.00373 5.36 5
0.003732 5.36 4.8
0.003734 5.36 4.8
0.003736 5.36 4.8
0.003738 5.2 4.6
0.00374 5.2 4.6
0.003742 5.2 4.4
0.003744 5.12 4.2
0.003746 5.04 4.2
0.003748 5.04 4
0.00375 4.88 4
0.003752 4.8 3.8
0.003754 4.72 3.6
0.003756 4.56 3.6
0.003758 4.56 3.4
0.00376 4.4 3.2
0.003762 4.24 3
0.003764 4.08 2.8
0.003766 4.08 2.6
0.003768 3.84 2.6
0.00377 3.76 2.4
0.003772 3.6 2
0.003774 3.44 1.8
0.003776 3.28 1.8
0.003778 3.12 1.4
0.00378 2.96 1.4
0.003782 2.8 1.2
0.003784 2.64 0.8
0.003786 2.48 0.8
0.003788 2.16 0.6
0.00379 2.08 0.4
0.003792 1.84 0.2
0.003794 1.6 -0.4
0.003796 1.52 -0.4
0.003798 1.28 -0.8
0.0038 1.04 -0.8
0.003802 0.88 -1.2
0.003804 0.72 -1.4
0.003806 0.48 -1.4
0.003808 0.24 -1.8
0.00381 0.08 -1.8
0.003812 -0.16 -2.2
0.003814 -0.4 -2.4
0.003816 -0.64 -2.6
0.003818 -0.8 -2.6
0.00382 -1.04 -2.8
0.003822 -1.28 -3
0.003824 -1.44 -3.4
0.003826 -1.6 -3.4
0.003828 -1.76 -3.6
0.00383 -2 -3.8
0.003832 -2.24 -4
0.003834 -2.4 -4.2
0.003836 -2.56 -4.2
0.003838 -2.72 -4.6
0.00384 -2.96 -4.6
0.003842 -3.04 -4.8
0.003844 -3.2 -4.8
0.003846 -3.36 -4.8
0.003848 -3.6 -5.2
0.00385 -3.76 -5.4
0.003852 -3.92 -5.2
0.003854 -4 -5.6
0.003856 -4.16 -5.6
0.003858 -4.32 -5.6
0.00386 -4.32 -5.6
0.003862 -4.56 -5.8
0.003864 -4.64 -5.8
0.003866 -4.8 -5.8
0.003868 -4.88 -6
0.00387 -4.96 -5.8
0.003872 -5.12 -6
0.003874 -5.12 -6
0.003876 -5.2 -6.2
0.003878 -5.28 -6
0.00388 -5.28 -6.2
0.003882 -5.44 -5.8
0.003884 -5.44 -6
0.003886 -5.44 -6.2
0.003888 -5.44 -6
0.00389 -5.52 -5.8
0.003892 -5.52 -5.8
0.003894 -5.52 -5.8
0.003896 -5.52 -5.8
0.003898 -5.52 -5.8
0.0039 -5.44 -5.6
0.003902 -5.44 -5.6
0.003904 -5.44 -5.4
0.003906 -5.36 -5.6
0.003908 -5.36 -5.4
0.00391 -5.28 -5.2
0.003912 -5.28 -5
0.003914 -5.2 -5
0.003916 -5.12 -5
0.003918 -4.96 -4.8
0.00392 -4.96 -4.4
0.003922 -4.88 -4.2
0.003924 -4.64 -4.2
0.003926 -4.56 -4.2
0.003928 -4.48 -4
0.00393 -4.32 -3.8
0.003932 -4.24 -3.4
0.003934 -4.08 -3.4
0.003936 -4 -3.4
0.003938 -3.76 -3
0.00394 -3.68 -2.8
0.003942 -3.52 -2.4
0.003944 -3.36 -2.4
0.003946 -3.2 -2.4
0.003948 -2.96 -2
0.00395 -2.8 -1.8
0.003952 -2.56 -1.4
0.003954 -2.4 -1.4
0.003956 -2.32 -1.2
0.003958 -2.08 -1
0.00396 -1.92 -0.8
0.003962 -1.68 -0.4
0.003964 -1.44 -0.4
0.003966 -1.36 -0.4
0.003968 -1.12 0.2
0.00397 -0.96 0.4
0.003972 -0.64 0.8
0.003974 -0.48 0.8
0.003976 -0.32 1
0.003978 0 1.2
0.00398 0.24 1.2
0.003982 0.4 1.6
0.003984 0.56 1.8
0.003986 0.8 2
0.003988 0.96 2.2
0.00399 1.2 2.4
0.003992 1.36 2.6
0.003994 1.52 2.8
0.003996 1.84 2.8
0.003998 1.92 3.2
0.004 2.16 3.4
0.004002 2.32 3.4
0.004004 2.48 3.6
0.004006 2.72 3.6
0.004008 2.88 4
0.00401 3.04 4
0.004012 3.2 4.2
0.004014 3.36 4.4
0.004016 3.52 4.2
0.004018 3.68 4.6
0.00402 3.76 4.6
0.004022 3.92 4.8
0.004024 4.08 4.8
0.004026 4.16 4.8
0.004028 4.4 4.8
0.00403 4.48 5
0.004032 4.56 5
0.004034 4.72 5.2
0.004036 4.72 5.2
0.004038 4.88 5
0.00404 4.96 5.2
0.004042 5.04 5.2
0.004044 5.04 5.2
0.004046 5.12 5.2
0.004048 5.2 5.4
0.00405 5.2 5.4
0.004052 5.28 5.4
0.004054 5.36 5.4
0.004056 5.36 5.2
0.004058 5.36 5.2
0.00406 5.36 5
0.004062 5.36 5.2
0.004064 5.36 5
0.004066 5.36 5
0.004068 5.36 4.8
0.00407 5.28 4.8
0.004072 5.2 4.6
0.004074 5.2 4.4
0.004076 5.12 4.4
0.004078 5.12 4.2
0.00408 5.04 4.2
0.004082 4.96 4
0.004084 4.88 4
0.004086 4.72 3.8
0.004088 4.72 3.4
0.00409 4.56 3.6
0.004092 4.4 3.4
0.004094 4.32 3.2
0.004096 4.24 2.8
0.004098 4.08 2.8
0.0041 3.92 2.6
0.004102 3.76 2.4
0.004104 3.76 2.4
0.004106 3.52 2
0.004108 3.28 2
0.00411 3.28 1.8
0.004112 3.04 1.4
0.004114 2.88 1.2
0.004116 2.72 1
0.004118 2.56 0.8
0.00412 2.32 0.8
0.004122 2.16 0.4
0.004124 2 0.4
0.004126 1.76 0
0.004128 1.6 0
0.00413 1.44 -0.6
0.004132 1.2 -0.8
0.004134 1.04 -1
0.004136 0.8 -1
0.004138 0.64 -1.4
0.00414 0.4 -1.6
0.004142 0.24 -1.8
0.004144 0 -2
0.004146 -0.24 -2.2
0.004148 -0.48 -2.6
0.00415 -0.72 -2.6
0.004152 -0.88 -2.8
0.004154 -1.12 -3
0.004156 -1.28 -3.2
0.004158 -1.44 -3.4
0.00416 -1.68 -3.4
0.004162 -1.84 -3.8
0.004164 -2.08 -4
0.004166 -2.32 -4
0.004168 -2.4 -4.2
0.00417 -2.56 -4.2
0.004172 -2.72 -4.6
0.004174 -2.96 -4.6
0.004176 -3.12 -4.8
0.004178 -3.36 -5
0.00418 -3.52 -5
0.004182 -3.68 -5.2
0.004184 -3.76 -5.4
0.004186 -3.92 -5.2
0.004188 -4.08 -5.4
0.00419 -4.24 -5.6
0.004192 -4.32 -5.8
0.004194 -4.48 -5.8
0.004196 -4.56 -5.8
0.004198 -4.64 -5.8
0.0042 -4.8 -6
0.004202 -4.88 -6
0.004204 -4.96 -6
0.004206 -5.12 -6
0.004208 -5.2 -6
0.00421 -5.28 -6.2
0.004212 -5.28 -6.2
0.004214 -5.28 -6.4
0.004216 -5.36 -6
0.004218 -5.44 -6.2
0.00422 -5.44 -6.2
0.004222 -5.52 -6.2
0.004224 -5.52 -6.2
0.004226 -5.52 -5.8
0.004228 -5.52 -5.8
0.00423 -5.52 -5.8
0.004232 -5.52 -6
0.004234 -5.52 -5.8
0.004236 -5.44 -5.6
0.004238 -5.44 -5.4
0.00424 -5.36 -5.4
0.004242 -5.28 -5.4
0.004244 -5.28 -5.2
0.004246 -5.2 -5
0.004248 -5.12 -4.8
0.00425 -5.04 -4.8
0.004252 -4.96 -4.8
0.004254 -4.88 -4.6
0.004256 -4.8 -4.2
0.004258 -4.64 -4
0.00426 -4.56 -4.2
0.004262 -4.4 -4
0.004264 -4.32 -3.8
0.004266 -4.16 -3.4
0.004268 -4 -3.2
0.00427 -3.92 -3
0.004272 -3.68 -3.2
0.004274 -3.6 -2.8
0.004276 -3.52 -2.6
0.004278 -3.28 -2.4
0.00428 -3.04 -2.2
0.004282 -2.96 -2
0.004284 -2.72 -1.8
0.004286 -2.56 -1.4
0.004288 -2.4 -1.4
0.00429 -2.24 -1.2
0.004292 -2 -1
0.004294 -1.92 -0.8
0.004296 -1.6 -0.4
0.004298 -1.44 0
0.0043 -1.28 0
0.004302 -1.04 0.2
0.004304 -0.8 0.4
0.004306 -0.64 0.6
0.004308 -0.4 0.8
0.00431 -0.24 1
0.004312 0.08 1.2
0.004314 0.24 1.4
0.004316 0.4 1.6
0.004318 0.64 2
0.00432 0.88 2
0.004322 1.04 2.2
0.004324 1.28 2.4
0.004326 1.44 2.6
0.004328 1.68 3
0.00433 1.84 2.8
0.004332 2.08 3
0.004334 2.24 3.2
0.004336 2.32 3.4
0.004338 2.56 3.6
0.00434 2.8 3.8
0.004342 2.88 3.8
0.004344 3.12 4
0.004346 3.28 4.2
0.004348 3.44 4.4
0.00435 3.6 4.4
0.004352 3.76 4.6
0.004354 3.84 4.6
0.004356 4 4.6
0.004358 4.16 4.8
0.00436 4.24 4.8
0.004362 4.4 5
0.004364 4.48 5
0.004366 4.56 5.2
0.004368 4.72 5
0.00437 4.8 5.2
0.004372 4.88 5.2
0.004374 5.04 5.2
0.004376 5.04 5.2
0.004378 5.12 5.2
0.00438 5.2 5.4
0.004382 5.2 5.2
0.004384 5.2 5.2
0.004386 5.36 5.2
0.004388 5.36 5.2
0.00439 5.36 5.2
0.004392 5.36 5
0.004394 5.36 5
0.004396 5.36 5
0.004398 5.36 5
0.0044 5.36 4.8
0.004402 5.28 4.8
0.004404 5.2 4.6
0.004406 5.2 4.4
0.004408 5.2 4.4
0.00441 5.12 4.4
0.004412 5.04 4.2
0.004414 5.04 4.2
0.004416 4.96 3.8
0.004418 4.8 3.6
0.00442 4.8 3.8
0.004422 4.56 3.6
0.004424 4.56 3.4
0.004426 4.48 3.2
0.004428 4.24 3
0.00443 4.16 2.8
0.004432 4 2.8
0.004434 3.92 2.6
0.004436 3.76 2.2
0.004438 3.6 2.2
0.00444 3.52 2
0.004442 3.36 1.8
0.004444 3.12 1.6
0.004446 3.04 1.2
0.004448 2.8 1.2
0.00445 2.64 1
0.004452 2.48 0.8
0.004454 2.24 0.6
0.004456 2.16 0.4
0.004458 1.92 0.2
0.00446 1.68 0
0.004462 1.52 -0.4
0.004464 1.36 -0.6
0.004466 1.2 -1
0.004468 0.96 -1
0.00447 0.72 -1.2
0.004472 0.56 -1.4
0.004474 0.32 -1.6
0.004476 0.08 -2
0.004478 -0.16 -2.2
0.00448 -0.32 -2.4
0.004482 -0.48 -2.4
0.004484 -0.72 -2.6
0.004486 -0.96 -3
0.004488 -1.12 -3.2
0.00449 -1.36 -3.2
0.004492 -1.6 -3.4
0.004494 -1.76 -3.4
0.004496 -1.92 -3.8
0.004498 -2.08 -4
0.0045 -2.4 -4.2
0.004502 -2.4 -4.2
0.004504 -2.72 -4.4
0.004506 -2.88 -4.6
0.004508 -2.96 -4.8
0.00451 -3.2 -4.8
0.004512 -3.36 -5
0.004514 -3.52 -5
0.004516 -3.68 -5.4
0.004518 -3.84 -5.4
0.00452 -4 -5.4
0.004522 -4.16 -5.4
0.004524 -4.24 -5.6
0.004526 -4.32 -5.8
0.004528 -4.56 -6
0.00453 -4.56 -5.8
0.004532 -4.8 -5.8
0.004534 -4.8 -5.8
0.004536 -4.96 -6
0.004538 -4.96 -6.2
0.00454 -5.12 -6.2
0.004542 -5.2 -6.2
0.004544 -5.2 -6
0.004546 -5.28 -6.2
0.004548 -5.36 -6.2
0.00455 -5.36 -6
0.004552 -5.44 -6.2
0.004554 -5.52 -5.8
0.004556 -5.44 -6.2
0.004558 -5.52 -6.2
0.00456 -5.52 -5.8
0.004562 -5.52 -5.8
0.004564 -5.52 -5.8
0.004566 -5.52 -5.6
0.004568 -5.44 -5.6
0.00457 -5.44 -5.6
0.004572 -5.44 -5.6
0.004574 -5.28 -5.4
0.004576 -5.28 -5.2
0.004578 -5.28 -5.2
0.00458 -5.2 -4.8
0.004582 -5.12 -4.8
0.004584 -5.12 -4.6
0.004586 -4.96 -4.6
0.004588 -4.88 -4.6
0.00459 -4.72 -4.2
0.004592 -4.56 -4.2
0.004594 -4.56 -4
0.004596 -4.32 -3.8
0.004598 -4.24 -3.6
0.0046 -4.16 -3.4
0.004602 -4 -3.2
0.004604 -3.84 -3
0.004606 -3.68 -3
0.004608 -3.52 -2.6
0.00461 -3.36 -2.6
0.004612 -3.2 -2.4
0.004614 -3.04 -2.2
0.004616 -2.88 -1.8
0.004618 -2.72 -1.6
0.00462 -2.56 -1.4
0.004622 -2.32 -1.2
0.004624 -2.08 -1
0.004626 -1.92 -0.8
0.004628 -1.76 -0.6
0.00463 -1.6 -0.4
0.004632 -1.44 0
0.004634 -1.12 0.2
0.004636 -0.96 0.4
0.004638 -0.72 0.6
0.00464 -0.48 0.8
0.004642 -0.32 1
0.004644 -0.16 1.2
0.004646 0.08 1.6
0.004648 0.32 1.6
0.00465 0.56 1.8
0.004652 0.72 2
0.004654 0.88 2.2
0.004656 1.12 2.4
0.004658 1.36 2.6
0.00466 1.52 2.8
0.004662 1.68 2.8
0.004664 1.92 3.2
0.004666 2.16 3.2
0.004668 2.24 3.2
0.00467 2.48 3.6
0.004672 2.64 3.6
0.004674 2.8 3.8
0.004676 2.96 4
0.004678 3.12 4
0.00468 3.36 4.2
0.004682 3.44 4.2
0.004684 3.6 4.4
0.004686 3.84 4.6
0.004688 3.92 4.8
0.00469 4.08 4.8
0.004692 4.16 5
0.004694 4.32 4.8
0.004696 4.48 5
0.004698 4.56 5.2
0.0047 4.64 5
0.004702 4.8 5.2
0.004704 4.88 5.4
0.004706 4.96 5.4
0.004708 5.04 5.4
0.00471 5.04 5.2
0.004712 5.12 5.2
0.004714 5.2 5.2
0.004716 5.2 5.4
0.004718 5.28 5.2
0.00472 5.36 5.2
0.004722 5.36 5
0.004724 5.36 5.2
0.004726 5.36 5.2
0.004728 5.36 5
0.00473 5.36 5
0.004732 5.36 4.8
0.004734 5.36 5
0.004736 5.36 4.8
0.004738 5.28 4.6
0.00474 5.2 4.4
0.004742 5.2 4.4
0.004744 5.12 4.2
0.004746 5.04 4.2
0.004748 5.04 4
0.00475 4.88 4
0.004752 4.72 3.8
0.004754 4.72 3.6
0.004756 4.64 3.4
0.004758 4.48 3.4
0.00476 4.4 3.2
0.004762 4.24 3
0.004764 4.16 2.8
0.004766 4.08 2.6
0.004768 3.92 2.6
0.00477 3.76 2.4
0.004772 3.6 2
0.004774 3.44 1.8
0.004776 3.28 1.8
0.004778 3.12 1.6
0.00478 2.96 1.2
0.004782 2.8 1
0.004784 2.56 0.8
0.004786 2.4 0.8
0.004788 2.24 0.6
0.00479 2.08 0.2
0.004792 1.84 0.2
0.004794 1.68 -0.4
0.004796 1.52 -0.4
0.004798 1.28 -0.6
0.0048 1.04 -0.8
0.004802 0.88 -1
0.004804 0.64 -1.4
0.004806 0.48 -1.6
0.004808 0.24 -1.6
0.00481 0.08 -1.8
0.004812 -0.16 -2.2
0.004814 -0.4 -2.4
0.004816 -0.64 -2.4
0.004818 -0.8 -2.6
0.00482 -1.04 -3
0.004822 -1.28 -3.2
0.004824 -1.44 -3.4
0.004826 -1.6 -3.4
0.004828 -1.84 -3.8
0.00483 -2 -3.8
0.004832 -2.08 -4
0.004834 -2.4 -4.2
0.004836 -2.56 -4.4
0.004838 -2.72 -4.4
0.00484 -2.96 -4.6
0.004842 -3.04 -4.8
0.004844 -3.28 -5
0.004846 -3.44 -5
0.004848 -3.6 -5.2
0.00485 -3.68 -5.2
0.004852 -3.92 -5.4
0.004854 -4 -5.6
0.004856 -4.16 -5.6
0.004858 -4.32 -5.6
0.00486 -4.48 -5.8
0.004862 -4.56 -5.8
0.004864 -4.64 -6
0.004866 -4.8 -6
0.004868 -4.88 -6
0.00487 -4.96 -6
0.004872 -5.04 -6
0.004874 -5.12 -6.2
0.004876 -5.2 -6.2
0.004878 -5.28 -6.2
0.00488 -5.28 -6
0.004882 -5.28 -6.2
0.004884 -5.44 -6.2
0.004886 -5.44 -6.2
0.004888 -5.44 -6.2
0.00489 -5.52 -6
0.004892 -5.52 -6
0.004894 -5.52 -6
0.004896 -5.52 -5.8
0.004898 -5.52 -5.8
0.0049 -5.44 -5.8
0.004902 -5.44 -5.6
0.004904 -5.44 -5.6
0.004906 -5.44 -5.4
0.004908 -5.28 -5.4
0.00491 -5.28 -5.2
0.004912 -5.2 -5
0.004914 -5.12 -5
0.004916 -5.12 -5
0.004918 -4.96 -4.8
0.00492 -4.88 -4.6
0.004922 -4.8 -4.2
0.004924 -4.72 -4.2
0.004926 -4.56 -4.2
0.004928 -4.48 -4
0.00493 -4.32 -3.6
0.004932 -4.24 -3.4
0.004934 -4.08 -3.4
0.004936 -3.92 -3.2
0.004938 -3.84 -3.2
0.00494 -3.68 -2.8
0.004942 -3.44 -2.6
0.004944 -3.36 -2.4
0.004946 -3.2 -2.4
0.004948 -2.96 -2.2
0.00495 -2.72 -1.8
0.004952 -2.56 -1.6
0.004954 -2.4 -1.4
0.004956 -2.24 -1.4
0.004958 -2.08 -1.2
0.00496 -1.92 -0.8
0.004962 -1.68 -0.6
0.004964 -1.44 -0.6
0.004966 -1.28 0
0.004968 -1.12 0.2
0.00497 -0.88 0.4
0.004972 -0.72 0.6
0.004974 -0.48 0.8
0.004976 -0.32 1
0.004978 -0.16 1.2
0.00498 0.24 1.6
0.004982 0.32 1.6
0.004984 0.56 1.8
0.004986 0.8 1.8
0.004988 0.96 2.2
0.00499 1.2 2.4
0.004992 1.36 2.6
0.004994 1.6 2.8
0.004996 1.84 2.8
0.004998 2 3
0.005 2.16 3.2
0.005002 2.32 3.4
0.005004 2.48 3.4
0.005006 2.8 3.6
0.005008 2.88 3.8
0.00501 3.12 4
0.005012 3.2 4
0.005014 3.44 4.2
0.005016 3.52 4.2
0.005018 3.68 4.4
0.00502 3.84 4.6
0.005022 4 4.8
0.005024 4.08 4.8
0.005026 4.24 4.8
0.005028 4.4 5
0.00503 4.4 5.2
0.005032 4.56 5
0.005034 4.72 5.4
0.005036 4.8 5.2
0.005038 4.88 5
0.00504 4.96 5.4
0.005042 5.04 5.2
0.005044 5.04 5.2
0.005046 5.12 5.4
0.005048 5.2 5.2
0.00505 5.2 5.4
0.005052 5.28 5.2
0.005054 5.36 5.2
0.005056 5.36 5.2
0.005058 5.36 5.2
0.00506 5.36 5
0.005062 5.36 5.2
0.005064 5.36 5
0.005066 5.36 4.8
0.005068 5.36 4.8
0.00507 5.36 4.8
0.005072 5.2 4.6
0.005074 5.12 4.6
0.005076 5.12 4.4
0.005078 5.04 4.2
0.00508 5.04 4.2
0.005082 4.96 4
0.005084 4.88 3.8
0.005086 4.72 3.8
0.005088 4.72 3.6
0.00509 4.56 3.4
0.005092 4.48 3.4
0.005094 4.4 3.2
0.005096 4.24 3
0.005098 4.08 2.8
0.0051 4 2.6
0.005102 3.84 2.4
0.005104 3.76 2.4
0.005106 3.52 2.2
0.005108 3.36 1.8
0.00511 3.2 1.6
0.005112 3.12 1.6
0.005114 2.96 1.2
0.005116 2.72 1
0.005118 2.56 0.8
0.00512 2.32 0.8
0.005122 2.24 0.4
0.005124 1.92 0.2
0.005126 1.84 0.2
0.005128 1.6 0
0.00513 1.52 -0.6
0.005132 1.2 -0.8
0.005134 0.96 -0.8
0.005136 0.88 -1
0.005138 0.64 -1.4
0.00514 0.4 -1.6
0.005142 0.24 -1.8
0.005144 0 -2
0.005146 -0.24 -2.2
0.005148 -0.48 -2.4
0.00515 -0.72 -2.6
0.005152 -0.88 -2.8
0.005154 -1.12 -3
0.005156 -1.28 -3.2
0.005158 -1.6 -3.4
0.00516 -1.68 -3.4
0.005162 -1.84 -3.8
0.005164 -2.08 -3.8
0.005166 -2.24 -3.8
0.005168 -2.4 -4.2
0.00517 -2.64 -4.4
0.005172 -2.8 -4.6
0.005174 -2.96 -4.6
0.005176 -3.12 -4.6
0.005178 -3.28 -5
0.00518 -3.52 -5.2
0.005182 -3.68 -5.2
0.005184 -3.76 -5.2
0.005186 -3.92 -5.2
0.005188 -4.16 -5.6
0.00519 -4.24 -5.6
0.005192 -4.32 -5.6
0.005194 -4.48 -5.8
0.005196 -4.56 -5.8
0.005198 -4.8 -5.8
0.0052 -4.8 -6
0.005202 -4.88 -6
0.005204 -4.96 -6
0.005206 -5.12 -6
0.005208 -5.12 -6.2
0.00521 -5.2 -6.4
0.005212 -5.28 -6.2
0.005214 -5.28 -6.2
0.005216 -5.28 -6
0.005218 -5.36 -6
0.00522 -5.52 -6.2
0.005222 -5.52 -6
0.005224 -5.52 -6
0.005226 -5.52 -5.8
0.005228 -5.52 -5.8
0.00523 -5.6 -6
0.005232 -5.52 -5.8
0.005234 -5.44 -5.8
0.005236 -5.44 -5.6
0.005238 -5.44 -5.4
0.00524 -5.44 -5.6
0.005242 -5.28 -5.4
0.005244 -5.28 -5.2
0.005246 -5.2 -5
0.005248 -5.12 -4.8
0.00525 -5.04 -4.8
0.005252 -4.96 -4.6
0.005254 -4.88 -4.4
0.005256 -4.8 -4.4
0.005258 -4.64 -4
0.00526 -4.56 -4.2
0.005262 -4.48 -3.8
0.005264 -4.32 -3.6
0.005266 -4.24 -3.4
0.005268 -4 -3.4
0.00527 -4 -3.2
0.005272 -3.68 -3
0.005274 -3.6 -2.6
0.005276 -3.52 -2.6
0.005278 -3.28 -2.4
0.00528 -3.04 -2.4
0.005282 -2.96 -2
0.005284 -2.72 -1.8
0.005286 -2.56 -1.6
0.005288 -2.4 -1.4
0.00529 -2.24 -1
0.005292 -2.08 -1
0.005294 -1.76 -0.8
0.005296 -1.68 -0.6
0.005298 -1.44 0
0.0053 -1.28 0
0.005302 -1.12 0.2
0.005304 -0.88 0.4
0.005306 -0.64 0.8
0.005308 -0.4 1
0.00531 -0.24 1.2
0.005312 0 1.2
0.005314 0.24 1.6
0.005316 0.4 1.6
0.005318 0.64 1.8
0.00532 0.88 2
0.005322 1.04 2.2
0.005324 1.28 2.4
0.005326 1.44 2.6
0.005328 1.6 2.8
0.00533 1.84 3
0.005332 2 3.2
0.005334 2.24 3.4
0.005336 2.4 3.6
0.005338 2.56 3.6
0.00534 2.8 3.8
0.005342 2.96 4
0.005344 3.12 4
0.005346 3.28 4
0.005348 3.44 4.2
0.00535 3.6 4.2
0.005352 3.76 4.4
0.005354 3.84 4.8
0.005356 4.08 4.8
0.005358 4.16 5
0.00536 4.24 5
0.005362 4.32 5
0.005364 4.48 5
0.005366 4.56 5.2
0.005368 4.8 5.2
0.00537 4.8 5.2
0.005372 4.88 5.2
0.005374 4.88 5.4
0.005376 5.04 5.2
0.005378 5.12 5.2
0.00538 5.12 5.4
0.005382 5.2 5.2
0.005384 5.2 5.2
0.005386 5.28 5.2
0.005388 5.36 5.2
0.00539 5.36 5.2
0.005392 5.36 5.2
0.005394 5.36 5.2
0.005396 5.36 5
0.005398 5.36 4.8
0.0054 5.36 5
0.005402 5.36 4.8
0.005404 5.2 4.8
0.005406 5.2 4.6
0.005408 5.2 4.4
0.00541 5.12 4.4
0.005412 5.04 4.4
0.005414 5.04 4.2
0.005416 4.88 4
0.005418 4.8 3.8
0.00542 4.72 3.8
0.005422 4.72 3.6
0.005424 4.56 3.4
0.005426 4.48 3.2
0.005428 4.24 3
0.00543 4.16 3
0.005432 4.08 2.8
0.005434 3.92 2.6
0.005436 3.76 2.2
0.005438 3.6 2.2
0.00544 3.44 2.2
0.005442 3.28 2
0.005444 3.2 1.6
0.005446 2.96 1.4
0.005448 2.8 1.2
0.00545 2.64 1
0.005452 2.48 1
0.005454 2.24 0.6
0.005456 2.16 0.4
0.005458 1.92 0.2
0.00546 1.68 0
0.005462 1.6 -0.4
0.005464 1.36 -0.6
0.005466 1.2 -0.8
0.005468 0.96 -1
0.00547 0.72 -1.2
0.005472 0.56 -1.2
0.005474 0.32 -1.6
0.005476 0.08 -2
0.005478 0 -2.2
0.00548 -0.32 -2.2
0.005482 -0.48 -2.4
0.005484 -0.72 -2.6
0.005486 -0.96 -3
0.005488 -1.12 -3.2
0.00549 -1.36 -3
0.005492 -1.52 -3.4
0.005494 -1.76 -3.6
0.005496 -1.92 -4
0.005498 -2.16 -4
0.0055 -2.32 -4
0.005502 -2.56 -4.2
0.005504 -2.72 -4.2
0.005506 -2.88 -4.6
0.005508 -3.04 -4.8
0.00551 -3.2 -4.8
0.005512 -3.36 -4.8
0.005514 -3.52 -5
0.005516 -3.68 -5.4
0.005518 -3.84 -5.4
0.00552 -4 -5.4
0.005522 -4.08 -5.4
0.005524 -4.24 -5.6
0.005526 -4.32 -5.8
0.005528 -4.48 -5.8
0.00553 -4.56 -5.8
0.005532 -4.72 -5.8
0.005534 -4.88 -6
0.005536 -4.96 -6
0.005538 -4.96 -6
0.00554 -5.12 -6
0.005542 -5.2 -5.8
0.005544 -5.28 -6.2
0.005546 -5.28 -6.2
0.005548 -5.36 -6.2
0.00555 -5.44 -6.2
0.005552 -5.44 -6
0.005554 -5.44 -6
0.005556 -5.52 -6
0.005558 -5.52 -6
0.00556 -5.52 -5.8
0.005562 -5.52 -5.8
0.005564 -5.44 -5.8
0.005566 -5.52 -5.8
0.005568 -5.44 -5.6
0.00557 -5.44 -5.4
0.005572 -5.44 -5.6
0.005574 -5.36 -5.4
0.005576 -5.28 -5.2
0.005578 -5.28 -5.2
0.00558 -5.2 -5
0.005582 -5.12 -4.8
0.005584 -5.04 -4.8
0.005586 -4.96 -4.6
0.005588 -4.8 -4.4
0.00559 -4.8 -4.4
0.005592 -4.64 -4.2
0.005594 -4.48 -4
0.005596 -4.4 -3.8
0.005598 -4.24 -3.6
0.0056 -4.16 -3.4
0.005602 -4 -3.2
0.005604 -3.84 -3.2
0.005606 -3.68 -2.8
0.005608 -3.52 -2.8
0.00561 -3.36 -2.6
0.005612 -3.2 -2.4
0.005614 -3.04 -2.2
0.005616 -2.88 -1.8
0.005618 -2.72 -1.8
0.00562 -2.56 -1.6
0.005622 -2.32 -1.4
0.005624 -2.08 -1
0.005626 -1.92 -0.8
0.005628 -1.76 -0.8
0.00563 -1.52 0
0.005632 -1.44 0
0.005634 -1.12 0
0.005636 -0.96 0.2
0.005638 -0.72 0.6
0.00564 -0.64 0.8
0.005642 -0.4 1
0.005644 -0.16 1
0.005646 0.08 1.6
0.005648 0.32 1.6
0.00565 0.56 1.8
0.005652 0.72 2
0.005654 0.88 2
0.005656 1.2 2.4
0.005658 1.36 2.6
0.00566 1.52 2.6
0.005662 1.68 2.8
0.005664 1.92 3.2
0.005666 2 3.2
0.005668 2.24 3.4
0.00567 2.48 3.4
0.005672 2.64 3.6
0.005674 2.8 3.8
0.005676 2.96 4
0.005678 3.2 4
0.00568 3.36 4.2
0.005682 3.44 4.2
0.005684 3.6 4.4
0.005686 3.76 4.6
0.005688 3.92 4.6
0.00569 4 4.6
0.005692 4.16 4.8
0.005694 4.32 5
0.005696 4.48 5.2
0.005698 4.56 5.2
0.0057 4.72 5
0.005702 4.72 5
0.005704 4.88 5.2
0.005706 4.88 5.2
0.005708 4.96 5.6
0.00571 5.04 5.2
0.005712 5.12 5.2
0.005714 5.12 5.2
0.005716 5.2 5.4
0.005718 5.36 5.4
0.00572 5.36 5.2
0.005722 5.36 5.2
0.005724 5.36 5.2
0.005726 5.36 5
0.005728 5.36 5.2
0.00573 5.36 5
0.005732 5.36 5
0.005734 5.36 4.8
0.005736 5.36 5
0.005738 5.28 5
0.00574 5.2 4.4
0.005742 5.12 4.4
0.005744 5.12 4.2
0.005746 5.04 4.2
0.005748 5.04 4.2
0.00575 4.88 3.8
0.005752 4.88 3.8
0.005754 4.72 3.6
0.005756 4.56 3.4
0.005758 4.48 3.4
0.00576 4.4 3.2
0.005762 4.32 3
0.005764 4.16 2.8
0.005766 4 2.8
0.005768 3.92 2.6
0.00577 3.76 2.2
0.005772 3.6 2
0.005774 3.44 2
0.005776 3.28 1.8
0.005778 3.12 1.8
0.00578 2.88 1.4
0.005782 2.8 1
0.005784 2.56 0.8
0.005786 2.48 0.8
0.005788 2.24 0.4
0.00579 2 0.4
0.005792 1.84 0.2
0.005794 1.68 0
0.005796 1.52 -0.4
0.005798 1.28 -0.6
0.0058 1.12 -0.8
0.005802 0.88 -1
0.005804 0.64 -1.2
0.005806 0.4 -1.4
0.005808 0.24 -1.8
0.00581 0.08 -2
0.005812 -0.16 -2.2
0.005814 -0.4 -2.4
0.005816 -0.64 -2.4
0.005818 -0.8 -2.6
0.00582 -1.04 -3
0.005822 -1.2 -3.2
0.005824 -1.44 -3.2
0.005826 -1.6 -3.4
0.005828 -1.76 -3.6
0.00583 -2 -3.8
0.005832 -2.24 -4
0.005834 -2.4 -4
0.005836 -2.56 -4.2
0.005838 -2.72 -4.4
0.00584 -2.96 -4.6
0.005842 -3.04 -4.8
0.005844 -3.28 -5
0.005846 -3.36 -5
0.005848 -3.6 -5
0.00585 -3.68 -5.2
0.005852 -3.92 -5.4
0.005854 -4 -5.6
0.005856 -4.24 -5.6
0.005858 -4.32 -5.6
0.00586 -4.32 -5.6
0.005862 -4.48 -5.8
0.005864 -4.64 -5.8
0.005866 -4.8 -5.8
0.005868 -4.88 -6
0.00587 -4.96 -6.2
0.005872 -5.12 -6
0.005874 -5.12 -6
0.005876 -5.2 -6.2
0.005878 -5.28 -6.2
0.00588 -5.28 -6
0.005882 -5.36 -6.2
0.005884 -5.44 -6.2
0.005886 -5.52 -6.2
0.005888 -5.44 -6
0.00589 -5.52 -5.8
0.005892 -5.52 -5.8
0.005894 -5.52 -5.8
0.005896 -5.52 -5.8
0.005898 -5.52 -5.8
0.0059 -5.44 -5.6
0.005902 -5.44 -5.6
0.005904 -5.44 -5.6
0.005906 -5.44 -5.4
0.005908 -5.28 -5.4
0.00591 -5.28 -5
0.005912 -5.2 -5
0.005914 -5.12 -5
0.005916 -5.12 -4.8
0.005918 -4.96 -4.8
0.00592 -4.88 -4.4
0.005922 -4.88 -4.4
0.005924 -4.64 -4.2
0.005926 -4.56 -4
0.005928 -4.48 -4
0.00593 -4.32 -3.6
0.005932 -4.24 -3.4
0.005934 -4.16 -3.4
0.005936 -3.92 -3.2
0.005938 -3.84 -3
0.00594 -3.6 -2.6
0.005942 -3.52 -2.6
0.005944 -3.36 -2.4
0.005946 -3.2 -2.4
0.005948 -2.96 -2.2
0.00595 -2.8 -1.6
0.005952 -2.64 -1.6
0.005954 -2.4 -1.4
0.005956 -2.24 -1.2
0.005958 -2.08 -1
0.00596 -1.92 -0.6
0.005962 -1.68 -0.4
0.005964 -1.44 -0.4
0.005966 -1.36 0
0.005968 -1.12 0.2
0.00597 -0.96 0.4
0.005972 -0.72 0.8
0.005974 -0.48 0.8
0.005976 -0.32 0.8
0.005978 -0.16 1.2
0.00598 0.16 1.6
0.005982 0.4 1.6
0.005984 0.56 1.8
0.005986 0.8 2
0.005988 0.96 2.2
0.00599 1.2 2.6
0.005992 1.36 2.6
0.005994 1.52 2.6
0.005996 1.68 3
0.005998 2 3.2
0.006 2.16 3.2
0.006002 2.32 3.2
0.006004 2.48 3.4
0.006006 2.64 3.6
0.006008 2.88 3.8
0.00601 3.12 4
0.006012 3.2 4.2
0.006014 3.44 4.2
0.006016 3.52 4.4
0.006018 3.68 4.4
0.00602 3.76 4.8
0.006022 3.92 4.8
0.006024 4.08 4.8
0.006026 4.24 4.8
0.006028 4.4 5
0.00603 4.48 5.2
0.006032 4.56 5.2
0.006034 4.72 5.2
0.006036 4.8 5.2
0.006038 4.88 5.2
0.00604 4.88 5.2
0.006042 5.04 5.4
0.006044 5.04 5.4
0.006046 5.12 5.2
0.006048 5.2 5.2
0.00605 5.2 5.2
0.006052 5.36 5.4
0.006054 5.36 5.2
0.006056 5.36 5.2
0.006058 5.36 5.2
0.00606 5.36 5.2
0.006062 5.36 5
0.006064 5.36 4.8
0.006066 5.36 4.8
0.006068 5.36 4.8
0.00607 5.2 4.8
0.006072 5.2 4.6
0.006074 5.2 4.6
0.006076 5.12 4.4
0.006078 5.04 4.2
0.00608 5.04 4
0.006082 4.96 4
0.006084 4.8 4
0.006086 4.72 3.8
0.006088 4.72 3.6
0.00609 4.56 3.6
0.006092 4.48 3.2
0.006094 4.4 3.2
0.006096 4.24 3
0.006098 4.08 2.8
0.0061 3.92 2.6
0.006102 3.84 2.6
0.006104 3.76 2.4
0.006106 3.52 2.2
0.006108 3.36 1.8
0.00611 3.2 1.6
0.006112 3.12 1.6
0.006114 2.88 1.2
0.006116 2.72 1
0.006118 2.56 0.8
0.00612 2.32 0.6
0.006122 2.16 0.6
0.006124 1.92 0.2
0.006126 1.84 0
0.006128 1.6 -0.4
0.00613 1.36 -0.6
0.006132 1.28 -0.6
0.006134 0.96 -0.8
0.006136 0.88 -1
0.006138 0.56 -1.4
0.00614 0.4 -1.6
0.006142 0.24 -1.8
0.006144 0 -1.8
0.006146 -0.24 -2.2
0.006148 -0.48 -2.4
0.00615 -0.64 -2.6
0.006152 -0.96 -3
0.006154 -1.12 -3
0.006156 -1.28 -3
0.006158 -1.44 -3.2
0.00616 -1.68 -3.6
0.006162 -1.92 -3.6
0.006164 -2 -3.8
0.006166 -2.32 -4
0.006168 -2.4 -4.2
0.00617 -2.64 -4.4
0.006172 -2.88 -4.6
0.006174 -3.04 -4.6
0.006176 -3.12 -4.6
0.006178 -3.28 -5
0.00618 -3.52 -5.2
0.006182 -3.68 -5.4
0.006184 -3.76 -5.2
0.006186 -4 -5.4
0.006188 -4.08 -5.6
0.00619 -4.24 -5.8
0.006192 -4.32 -5.8
0.006194 -4.48 -5.8
0.006196 -4.56 -5.8
0.006198 -4.64 -5.8
0.0062 -4.8 -6
0.006202 -4.96 -6
0.006204 -4.96 -6
0.006206 -5.12 -6
0.006208 -5.2 -6.2
0.00621 -5.2 -6.2
0.006212 -5.28 -6.2
0.006214 -5.28 -6
0.006216 -5.44 -6
0.006218 -5.44 -6.2
0.00622 -5.44 -6.2
0.006222 -5.52 -6.2
0.006224 -5.52 -5.8
0.006226 -5.52 -5.8
0.006228 -5.44 -5.8
0.00623 -5.52 -5.8
0.006232 -5.44 -5.8
0.006234 -5.52 -5.6
0.006236 -5.44 -5.6
0.006238 -5.44 -5.6
0.00624 -5.36 -5.6
0.006242 -5.28 -5.2
0.006244 -5.28 -5
0.006246 -5.2 -5
0.006248 -5.2 -5
0.00625 -5.04 -4.8
0.006252 -4.96 -4.8
0.006254 -4.88 -4.4
0.006256 -4.8 -4.2
0.006258 -4.64 -4.2
0.00626 -4.56 -4.2
0.006262 -4.48 -4
0.006264 -4.32 -3.4
0.006266 -4.16 -3.4
0.006268 -4 -3.4
0.00627 -3.84 -3.2
0.006272 -3.68 -3
0.006274 -3.68 -2.6
0.006276 -3.44 -2.4
0.006278 -3.28 -2.4
0.00628 -3.12 -2.2
0.006282 -2.96 -2.2
0.006284 -2.72 -1.6
0.006286 -2.56 -1.6
0.006288 -2.32 -1.2
0.00629 -2.24 -1
0.006292 -2 -0.8
0.006294 -1.76 -0.8
0.006296 -1.6 -0.6
0.006298 -1.44 0
0.0063 -1.28 0.2
0.006302 -1.04 0.4
0.006304 -0.8 0.4
0.006306 -0.64 0.8
0.006308 -0.4 1
0.00631 -0.16 1
0.006312 0.08 1.2
0.006314 0.24 1.6
0.006316 0.48 1.8
0.006318 0.64 1.8
0.00632 0.88 2.2
0.006322 1.04 2.4
0.006324 1.2 2.4
0.006326 1.44 2.8
0.006328 1.6 2.8
0.00633 1.84 3
0.006332 2.08 3.2
0.006334 2.16 3.4
0.006336 2.4 3.4
0.006338 2.56 3.6
0.00634 2.8 4
0.006342 2.96 4
0.006344 3.12 4
0.006346 3.28 4.2
0.006348 3.44 4.2
0.00635 3.52 4.4
0.006352 3.76 4.4
0.006354 3.84 4.6
0.006356 4.08 4.8
0.006358 4.08 4.8
0.00636 4.24 5
0.006362 4.4 5
0.006364 4.48 5.2
0.006366 4.56 5.2
0.006368 4.72 5.2
0.00637 4.8 5.4
0.006372 4.88 5.4
0.006374 4.96 5.2
0.006376 5.04 5.2
0.006378 5.12 5.4
0.00638 5.12 5.4
0.006382 5.2 5.2
0.006384 5.28 5.2
0.006386 5.36 5.4
0.006388 5.36 5.4
0.00639 5.36 5.4
0.006392 5.36 5.2
0.006394 5.36 5
0.006396 5.36 5
0.006398 5.36 5
0.0064 5.36 5
0.006402 5.36 5
0.006404 5.28 4.6
0.006406 5.2 4.6
0.006408 5.2 4.4
0.00641 5.12 4.4
0.006412 5.04 4.4
0.006414 5.04 4
0.006416 4.88 4
0.006418 4.88 3.8
0.00642 4.8 4
0.006422 4.72 3.6
0.006424 4.56 3.4
0.006426 4.48 3.4
0.006428 4.24 3.2
0.00643 4.16 3.2
0.006432 4.08 3
0.006434 3.92 2.4
0.006436 3.76 2.4
0.006438 3.6 2.2
0.00644 3.52 2
0.006442 3.28 1.8
0.006444 3.12 1.6
0.006446 2.96 1.4
0.006448 2.88 1.2
0.00645 2.72 1
0.006452 2.48 0.8
0.006454 2.32 0.8
0.006456 2.16 0.4
0.006458 1.92 0.2
0.00646 1.76 0.2
0.006462 1.52 0
0.006464 1.36 -0.8
0.006466 1.12 -0.8
0.006468 0.96 -1
0.00647 0.72 -1.2
0.006472 0.56 -1.4
0.006474 0.32 -1.8
0.006476 0.16 -1.8
0.006478 -0.16 -2
0.00648 -0.4 -2.2
0.006482 -0.48 -2.4
0.006484 -0.8 -2.6
0.006486 -0.96 -2.8
0.006488 -1.12 -3
0.00649 -1.36 -3.2
0.006492 -1.52 -3.4
0.006494 -1.76 -3.8
0.006496 -1.92 -3.8
0.006498 -2.08 -4
0.0065 -2.32 -4
0.006502 -2.56 -4.2
0.006504 -2.72 -4.6
0.006506 -2.88 -4.6
0.006508 -3.04 -4.6
0.00651 -3.2 -4.8
0.006512 -3.36 -4.8
0.006514 -3.6 -5.2
0.006516 -3.68 -5.2
0.006518 -3.84 -5.4
0.00652 -4 -5.4
0.006522 -4.16 -5.6
0.006524 -4.24 -5.6
0.006526 -4.48 -5.6
0.006528 -4.56 -5.8
0.00653 -4.64 -5.8
0.006532 -4.8 -5.8
0.006534 -4.88 -6
0.006536 -4.96 -6
0.006538 -4.96 -6
0.00654 -5.12 -5.8
0.006542 -5.12 -6
0.006544 -5.28 -6
0.006546 -5.28 -6.2
0.006548 -5.36 -6
0.00655 -5.44 -6
0.006552 -5.44 -6
0.006554 -5.44 -6
0.006556 -5.44 -6
0.006558 -5.52 -6.2
0.00656 -5.52 -5.8
0.006562 -5.52 -5.8
0.006564 -5.52 -5.8
0.006566 -5.52 -5.8
0.006568 -5.44 -5.6
0.00657 -5.44 -5.6
0.006572 -5.44 -5.4
0.006574 -5.36 -5.2
0.006576 -5.28 -5.4
0.006578 -5.28 -5
0.00658 -5.2 -5
0.006582 -5.12 -5
0.006584 -4.96 -4.6
0.006586 -4.96 -4.6
0.006588 -4.88 -4.4
0.00659 -4.72 -4.2
0.006592 -4.64 -4.2
0.006594 -4.56 -4
0.006596 -4.32 -3.8
0.006598 -4.32 -3.6
0.0066 -4.16 -3.4
0.006602 -4 -3.4
0.006604 -3.92 -3
0.006606 -3.68 -2.8
0.006608 -3.52 -2.6
0.00661 -3.36 -2.4
0.006612 -3.2 -2.2
0.006614 -3.04 -2
0.006616 -2.88 -1.8
0.006618 -2.72 -1.6
0.00662 -2.56 -1.6
0.006622 -2.4 -1.4
0.006624 -2.08 -1
0.006626 -1.92 -0.8
0.006628 -1.76 -0.6
0.00663 -1.6 -0.6
0.006632 -1.36 0
0.006634 -1.12 0.2
0.006636 -1.04 0.4
0.006638 -0.8 0.4
0.00664 -0.56 0.8
0.006642 -0.4 1
0.006644 -0.16 1.2
0.006646 0.08 1.4
0.006648 0.24 1.6
0.00665 0.56 1.8
0.006652 0.72 1.8
0.006654 0.96 2.2
0.006656 1.12 2.4
0.006658 1.28 2.6
0.00666 1.52 2.6
0.006662 1.68 2.8
0.006664 1.92 3.2
0.006666 2.16 3.2
0.006668 2.24 3.4
0.00667 2.48 3.4
0.006672 2.64 3.6
0.006674 2.8 4
0.006676 3.04 4
0.006678 3.2 4
0.00668 3.36 4.2
0.006682 3.52 4.2
0.006684 3.6 4.6
0.006686 3.76 4.8
0.006688 3.92 4.8
0.00669 4.08 4.6
0.006692 4.16 4.8
0.006694 4.32 5
0.006696 4.4 5
0.006698 4.56 5.2
0.0067 4.56 5.2
0.006702 4.72 5.2
0.006704 4.88 5.4
0.006706 4.88 5.4
0.006708 5.04 5.4
0.00671 5.04 5.2
0.006712 5.04 5.4
0.006714 5.2 5.4
0.006716 5.2 5.6
0.006718 5.36 5.4
0.00672 5.36 5.2
0.006722 5.36 5.2
0.006724 5.36 5.2
0.006726 5.36 5.2
0.006728 5.36 5.2
0.00673 5.36 5
0.006732 5.36 4.8
0.006734 5.36 5
0.006736 5.36 4.8
0.006738 5.2 4.6
0.00674 5.2 4.4
0.006742 5.12 4.4
0.006744 5.12 4.6
0.006746 5.04 4.2
0.006748 5.04 4
0.00675 4.88 4
0.006752 4.8 4
0.006754 4.72 3.6
0.006756 4.64 3.6
0.006758 4.48 3.4
0.00676 4.4 3.2
0.006762 4.24 3
0.006764 4.08 2.8
0.006766 4.08 2.8
0.006768 3.84 2.6
0.00677 3.76 2.4
0.006772 3.6 2.2
0.006774 3.44 2
0.006776 3.28 1.8
0.006778 3.12 1.6
0.00678 2.96 1.2
0.006782 2.8 1.2
0.006784 2.56 1
0.006786 2.48 0.8
0.006788 2.24 0.6
0.00679 2 0.4
0.006792 1.84 0.2
0.006794 1.6 0
0.006796 1.52 0
0.006798 1.28 -0.6
0.0068 1.12 -1
0.006802 0.88 -1
0.006804 0.64 -1.2
0.006806 0.48 -1.4
0.006808 0.32 -1.6
0.00681 0.08 -2
0.006812 -0.16 -2
0.006814 -0.4 -2.4
0.006816 -0.64 -2.4
0.006818 -0.8 -2.6
0.00682 -1.04 -2.8
0.006822 -1.28 -3.2
0.006824 -1.44 -3.4
0.006826 -1.6 -3.4
0.006828 -1.76 -3.6
0.00683 -2 -3.6
0.006832 -2.24 -4
0.006834 -2.4 -4.2
0.006836 -2.56 -4.4
0.006838 -2.72 -4.4
0.00684 -2.88 -4.6
0.006842 -3.12 -4.8
0.006844 -3.28 -4.8
0.006846 -3.36 -5
0.006848 -3.6 -5.2
0.00685 -3.68 -5
0.006852 -3.92 -5.4
0.006854 -4 -5.6
0.006856 -4.16 -5.6
0.006858 -4.32 -5.6
0.00686 -4.4 -5.6
0.006862 -4.56 -5.8
0.006864 -4.64 -5.8
0.006866 -4.8 -5.8
0.006868 -4.88 -6
0.00687 -4.96 -6
0.006872 -4.96 -6
0.006874 -5.12 -6.2
0.006876 -5.2 -6.2
0.006878 -5.2 -6
0.00688 -5.28 -6.2
0.006882 -5.28 -6
0.006884 -5.44 -6.2
0.006886 -5.44 -6
0.006888 -5.52 -5.8
0.00689 -5.44 -6
0.006892 -5.52 -6
0.006894 -5.52 -6
0.006896 -5.52 -5.8
0.006898 -5.52 -5.8
0.0069 -5.52 -5.8
0.006902 -5.44 -5.6
0.006904 -5.44 -5.4
0.006906 -5.44 -5.4
0.006908 -5.36 -5.4
0.00691 -5.28 -5
0.006912 -5.2 -5
0.006914 -5.2 -5
0.006916 -5.12 -4.8
0.006918 -4.96 -4.8
0.00692 -4.88 -4.6
0.006922 -4.8 -4.2
0.006924 -4.72 -4.2
0.006926 -4.56 -4.2
0.006928 -4.48 -4
0.00693 -4.32 -3.6
0.006932 -4.24 -3.4
0.006934 -4 -3.4
0.006936 -3.92 -3.2
0.006938 -3.84 -3
0.00694 -3.68 -2.8
0.006942 -3.52 -2.6
0.006944 -3.36 -2.4
0.006946 -3.2 -2.4
0.006948 -2.96 -2
0.00695 -2.72 -1.8
0.006952 -2.64 -1.4
0.006954 -2.4 -1.6
0.006956 -2.32 -1.2
0.006958 -2.08 -1
0.00696 -1.92 -0.8
0.006962 -1.76 -0.6
0.006964 -1.44 -0.4
0.006966 -1.36 0
0.006968 -1.12 0.2
0.00697 -0.96 0.6
0.006972 -0.72 0.8
0.006974 -0.48 0.8
0.006976 -0.32 1
0.006978 0 1.2
0.00698 0.24 1.6
0.006982 0.4 1.8
0.006984 0.56 1.8
0.006986 0.8 2
0.006988 1.04 2.4
0.00699 1.2 2.4
0.006992 1.52 2.8
0.006994 1.6 2.6
0.006996 1.76 3
0.006998 1.92 3.2
0.007 2.16 3.4
0.007002 2.32 3.6
0.007004 2.48 3.6
0.007006 2.72 3.6
0.007008 2.88 4
0.00701 3.04 4
0.007012 3.2 4.2
0.007014 3.44 4.2
0.007016 3.52 4.4
0.007018 3.6 4.8
0.00702 3.76 4.6
0.007022 4 5
0.007024 4.08 4.8
0.007026 4.24 4.8
0.007028 4.4 5
0.00703 4.48 5.2
0.007032 4.56 5.2
0.007034 4.72 5
0.007036 4.8 5.2
0.007038 4.88 5.4
0.00704 4.96 5.4
0.007042 5.04 5.4
0.007044 5.04 5.6
0.007046 5.2 5.4
0.007048 5.2 5.4
0.00705 5.2 5.2
0.007052 5.36 5.6
0.007054 5.36 5.2
0.007056 5.36 5.2
0.007058 5.36 5.2
0.00706 5.36 5.2
0.007062 5.36 5
0.007064 5.36 5
0.007066 5.36 5
0.007068 5.2 4.8
0.00707 5.36 4.6
0.007072 5.2 4.8
0.007074 5.2 4.6
0.007076 5.12 4.4
0.007078 5.04 4.4
0.00708 5.04 4
0.007082 4.96 4.2
0.007084 4.88 4
0.007086 4.8 3.8
0.007088 4.72 3.6
0.00709 4.56 3.6
0.007092 4.48 3.4
0.007094 4.32 3.2
0.007096 4.24 3.2
0.007098 4.16 2.8
0.0071 3.92 2.6
0.007102 3.84 2.6
0.007104 3.76 2.4
0.007106 3.52 2.2
0.007108 3.44 1.8
0.00711 3.2 1.6
0.007112 3.12 1.6
0.007114 2.88 1.4
0.007116 2.8 1.2
0.007118 2.48 0.8
0.00712 2.32 0.8
0.007122 2.16 0.4
0.007124 2 0.4
0.007126 1.84 0
0.007128 1.6 0
0.00713 1.44 -0.6
0.007132 1.2 -0.6
0.007134 1.04 -0.8
0.007136 0.88 -1
0.007138 0.64 -1.4
0.00714 0.4 -1.6
0.007142 0.24 -1.6
0.007144 0 -1.6
0.007146 -0.32 -2
0.007148 -0.48 -2.4
0.00715 -0.72 -2.6
0.007152 -0.96 -2.8
0.007154 -1.12 -3
0.007156 -1.28 -3.2
0.007158 -1.44 -3.4
0.00716 -1.68 -3.4
0.007162 -1.84 -3.8
0.007164 -2.08 -3.8
0.007166 -2.24 -3.8
0.007168 -2.4 -4.2
0.00717 -2.64 -4.4
0.007172 -2.88 -4.6
0.007174 -2.96 -4.4
0.007176 -3.2 -4.8
0.007178 -3.28 -5
0.00718 -3.52 -5
0.007182 -3.68 -5.2
0.007184 -3.84 -5.2
0.007186 -4 -5.4
0.007188 -4.08 -5.4
0.00719 -4.16 -5.6
0.007192 -4.32 -5.6
0.007194 -4.48 -5.6
0.007196 -4.56 -5.8
0.007198 -4.64 -5.8
0.0072 -4.8 -5.8
0.007202 -4.88 -6.2
0.007204 -4.96 -5.8
0.007206 -5.12 -5.8
0.007208 -5.2 -6.2
0.00721 -5.2 -6.2
0.007212 -5.28 -6.2
0.007214 -5.28 -6.2
0.007216 -5.36 -6
0.007218 -5.44 -6.2
0.00722 -5.44 -6
0.007222 -5.44 -6
0.007224 -5.44 -5.8
0.007226 -5.52 -5.8
0.007228 -5.52 -5.8
0.00723 -5.52 -5.8
0.007232 -5.44 -5.8
0.007234 -5.44 -5.6
0.007236 -5.44 -5.6
0.007238 -5.44 -5.4
0.00724 -5.28 -5.4
0.007242 -5.28 -5.2
0.007244 -5.28 -5
0.007246 -5.2 -5
0.007248 -5.12 -5
0.00725 -5.12 -4.8
0.007252 -4.96 -4.8
0.007254 -4.88 -4.6
0.007256 -4.72 -4.2
0.007258 -4.72 -4.2
0.00726 -4.56 -4
0.007262 -4.48 -3.8
0.007264 -4.32 -3.8
0.007266 -4.16 -3.4
0.007268 -4 -3.2
0.00727 -3.92 -3.2
0.007272 -3.68 -3
0.007274 -3.6 -2.6
0.007276 -3.36 -2.6
0.007278 -3.28 -2.4
0.00728 -3.04 -2.2
0.007282 -2.96 -2
0.007284 -2.72 -1.8
0.007286 -2.56 -1.6
0.007288 -2.4 -1.4
0.00729 -2.24 -1
0.007292 -2 -0.8
0.007294 -1.76 -0.6
0.007296 -1.6 -0.4
0.007298 -1.44 0
0.0073 -1.28 0.2
0.007302 -1.04 0.2
0.007304 -0.8 0.4
0.007306 -0.64 0.6
0.007308 -0.4 1
0.00731 -0.32 1
0.007312 0 1.2
0.007314 0.24 1.6
0.007316 0.4 1.6
0.007318 0.64 1.8
0.00732 0.88 2.2
0.007322 1.04 2.2
0.007324 1.2 2.4
0.007326 1.52 2.8
0.007328 1.68 2.8
0.00733 1.84 3
0.007332 2 3.2
0.007334 2.24 3.4
0.007336 2.48 3.4
0.007338 2.56 3.6
0.00734 2.8 3.8
0.007342 2.96 3.8
0.007344 3.04 4
0.007346 3.28 4.2
0.007348 3.44 4.2
0.00735 3.6 4.4
0.007352 3.76 4.4
0.007354 3.84 4.6
0.007356 4 4.6
0.007358 4.08 4.8
0.00736 4.32 5
0.007362 4.4 5
0.007364 4.56 5
0.007366 4.56 5
0.007368 4.72 5.2
0.00737 4.8 5
0.007372 4.88 5.2
0.007374 5.04 5.2
0.007376 5.04 5.2
0.007378 5.04 5.4
0.00738 5.2 5.4
0.007382 5.2 5.4
0.007384 5.2 5.2
0.007386 5.36 5.2
0.007388 5.36 5.4
0.00739 5.36 5.2
0.007392 5.36 5.2
0.007394 5.36 5.2
0.007396 5.36 5
0.007398 5.36 5
0.0074 5.36 5
0.007402 5.36 4.8
0.007404 5.28 4.4
0.007406 5.2 4.4
0.007408 5.2 4.6
0.00741 5.12 4.4
0.007412 5.04 4.2
0.007414 5.04 4.2
0.007416 4.88 4
0.007418 4.8 4
0.00742 4.72 3.6
0.007422 4.72 3.6
0.007424 4.56 3.4
0.007426 4.48 3.4
0.007428 4.24 3.2
0.00743 4.16 2.8
0.007432 4.08 2.8
0.007434 3.92 2.6
0.007436 3.76 2.4
0.007438 3.68 2.4
0.00744 3.44 2
0.007442 3.28 1.8
0.007444 3.2 1.6
0.007446 2.96 1.4
0.007448 2.8 1.2
0.00745 2.64 1
0.007452 2.48 0.8
0.007454 2.32 0.6
0.007456 2.16 0.4
0.007458 1.92 0.2
0.00746 1.76 0
0.007462 1.52 -0.4
0.007464 1.28 -0.6
0.007466 1.2 -0.8
0.007468 0.96 -0.8
0.00747 0.72 -1
0.007472 0.56 -1.4
0.007474 0.4 -1.6
0.007476 0.16 -2
0.007478 -0.16 -1.8
0.00748 -0.32 -2.2
0.007482 -0.48 -2.4
0.007484 -0.72 -2.6
0.007486 -0.96 -2.8
0.007488 -1.2 -3
0.00749 -1.36 -3.2
0.007492 -1.52 -3.4
0.007494 -1.76 -3.8
0.007496 -2 -3.6
0.007498 -2.08 -3.8
0.0075 -2.4 -4
0.007502 -2.48 -4.2
0.007504 -2.72 -4.4
0.007506 -2.88 -4.6
0.007508 -2.96 -4.8
0.00751 -3.2 -4.8
0.007512 -3.36 -4.8
0.007514 -3.52 -5
0.007516 -3.68 -5.2
0.007518 -3.84 -5.4
0.00752 -4 -5.6
0.007522 -4.16 -5.6
0.007524 -4.32 -5.6
0.007526 -4.32 -5.6
0.007528 -4.48 -5.8
0.00753 -4.64 -5.8
0.007532 -4.64 -5.8
0.007534 -4.8 -5.8
0.007536 -4.96 -5.8
0.007538 -4.96 -6
0.00754 -5.12 -6
0.007542 -5.2 -6
0.007544 -5.28 -6
0.007546 -5.28 -6
0.007548 -5.36 -6.2
0.00755 -5.44 -6
0.007552 -5.44 -5.8
0.007554 -5.52 -6.2
0.007556 -5.52 -6
0.007558 -5.52 -6
0.00756 -5.52 -5.8
0.007562 -5.44 -5.8
0.007564 -5.52 -5.6
0.007566 -5.52 -5.6
0.007568 -5.44 -5.6
0.00757 -5.44 -5.6
0.007572 -5.44 -5.4
0.007574 -5.28 -5.4
0.007576 -5.28 -5.2
0.007578 -5.28 -5
0.00758 -5.2 -5
0.007582 -5.12 -5
0.007584 -4.96 -4.6
0.007586 -4.96 -4.6
0.007588 -4.88 -4.6
0.00759 -4.8 -4.2
0.007592 -4.64 -4
0.007594 -4.48 -3.8
0.007596 -4.32 -3.8
0.007598 -4.24 -3.6
0.0076 -4.16 -3.4
0.007602 -4 -3.2
0.007604 -3.84 -3
0.007606 -3.68 -3
0.007608 -3.52 -2.8
0.00761 -3.36 -2.6
0.007612 -3.2 -2.4
0.007614 -3.04 -2
0.007616 -2.88 -1.8
0.007618 -2.72 -1.8
0.00762 -2.48 -1.6
0.007622 -2.32 -1.2
0.007624 -2.08 -1
0.007626 -1.92 -0.8
0.007628 -1.76 -0.6
0.00763 -1.6 -0.4
0.007632 -1.36 0
0.007634 -1.12 0.2
0.007636 -1.04 0.4
0.007638 -0.8 0.4
0.00764 -0.56 0.8
0.007642 -0.4 1
0.007644 -0.16 1.2
0.007646 0.08 1.6
0.007648 0.32 1.4
0.00765 0.56 1.8
0.007652 0.72 2
0.007654 0.88 2.4
0.007656 1.04 2.4
0.007658 1.28 2.4
0.00766 1.52 2.6
0.007662 1.68 3
0.007664 1.92 3.2
0.007666 2.16 3.4
0.007668 2.24 3.4
0.00767 2.48 3.6
0.007672 2.56 3.6
0.007674 2.8 4
0.007676 2.96 4
0.007678 3.12 4
0.00768 3.36 4.2
0.007682 3.44 4.4
0.007684 3.6 4.6
0.007686 3.76 4.6
0.007688 3.92 4.6
0.00769 4.08 4.8
0.007692 4.16 4.8
0.007694 4.24 5
0.007696 4.4 5.2
0.007698 4.56 5
0.0077 4.64 5
0.007702 4.72 5.2
0.007704 4.8 5.2
0.007706 4.88 5.4
0.007708 5.04 5.2
0.00771 5.12 5.4
0.007712 5.12 5.2
0.007714 5.2 5.6
0.007716 5.2 5.4
0.007718 5.36 5.2
0.00772 5.36 5.4
0.007722 5.36 5.2
0.007724 5.36 5.2
0.007726 5.36 5.4
0.007728 5.36 5
0.00773 5.36 5
0.007732 5.36 5
0.007734 5.36 5
0.007736 5.36 5
0.007738 5.2 4.8
0.00774 5.2 4.6
0.007742 5.2 4.4
0.007744 5.12 4.4
0.007746 5.04 4.2
0.007748 5.04 4
0.00775 4.88 4
0.007752 4.8 4
0.007754 4.72 3.8
0.007756 4.72 3.6
0.007758 4.48 3.2
0.00776 4.4 3.2
0.007762 4.24 3
0.007764 4.16 3
0.007766 4 2.8
0.007768 3.84 2.6
0.00777 3.76 2.4
0.007772 3.6 2
0.007774 3.44 2
0.007776 3.28 1.8
0.007778 3.12 1.6
0.00778 2.96 1.4
0.007782 2.8 1.2
0.007784 2.56 1
0.007786 2.4 0.8
0.007788 2.24 0.6
0.00779 2 0.4
0.007792 1.84 0.2
0.007794 1.68 0
0.007796 1.52 -0.4
0.007798 1.28 -0.4
0.0078 1.04 -0.8
0.007802 0.88 -1
0.007804 0.64 -1.2
0.007806 0.48 -1.4
0.007808 0.24 -1.6
0.00781 0.08 -1.8
0.007812 -0.16 -2.2
0.007814 -0.4 -2.2
0.007816 -0.64 -2.4
0.007818 -0.8 -2.6
0.00782 -1.04 -3
0.007822 -1.2 -3
0.007824 -1.36 -3.2
0.007826 -1.6 -3.4
0.007828 -1.84 -3.4
0.00783 -2 -3.8
0.007832 -2.24 -4
0.007834 -2.4 -4.2
0.007836 -2.56 -4.2
0.007838 -2.72 -4.4
0.00784 -2.88 -4.6
0.007842 -3.12 -4.6
0.007844 -3.28 -4.8
0.007846 -3.36 -5
0.007848 -3.6 -5
0.00785 -3.68 -5
0.007852 -3.84 -5.4
0.007854 -4 -5.4
0.007856 -4.16 -5.6
0.007858 -4.24 -5.6
0.00786 -4.32 -5.6
0.007862 -4.56 -5.8
0.007864 -4.64 -5.8
0.007866 -4.8 -5.8
0.007868 -4.88 -5.8
0.00787 -4.96 -5.8
0.007872 -5.04 -6
0.007874 -5.12 -6
0.007876 -5.2 -6.2
0.007878 -5.28 -6
0.00788 -5.28 -6
0.007882 -5.44 -6.2
0.007884 -5.44 -6.2
0.007886 -5.44 -6
0.007888 -5.44 -5.8
0.00789 -5.52 -5.8
0.007892 -5.6 -5.8
0.007894 -5.52 -6
0.007896 -5.52 -5.8
0.007898 -5.52 -5.8
0.0079 -5.52 -5.6
0.007902 -5.44 -5.6
0.007904 -5.44 -5.6
0.007906 -5.36 -5.6
0.007908 -5.36 -5.2
0.00791 -5.28 -5.2
0.007912 -5.28 -5
0.007914 -5.12 -5.2
0.007916 -5.12 -4.8
0.007918 -4.96 -4.6
0.00792 -4.88 -4.4
0.007922 -4.8 -4.2
0.007924 -4.64 -4.2
0.007926 -4.56 -4.2
0.007928 -4.48 -3.8
0.00793 -4.32 -3.8
0.007932 -4.24 -3.6
0.007934 -4.16 -3.4
0.007936 -4 -3.4
0.007938 -3.84 -3
0.00794 -3.68 -2.8
0.007942 -3.52 -2.6
0.007944 -3.28 -2.6
0.007946 -3.2 -2.4
0.007948 -2.96 -1.8
0.00795 -2.72 -1.6
0.007952 -2.64 -1.6
0.007954 -2.4 -1.6
0.007956 -2.24 -1.4
0.007958 -2.08 -1
0.00796 -1.92 -0.8
0.007962 -1.68 -0.6
0.007964 -1.6 -0.6
0.007966 -1.28 0
0.007968 -1.12 0.4
0.00797 -0.96 0.6
0.007972 -0.72 0.6
0.007974 -0.48 0.8
0.007976 -0.32 1
0.007978 -0.16 1.2
0.00798 0.24 1.6
0.007982 0.32 1.6
0.007984 0.56 1.8
0.007986 0.8 2
0.007988 0.96 2.4
0.00799 1.2 2.6
0.007992 1.36 2.6
0.007994 1.6 2.8
0.007996 1.76 2.8
0.007998 2 3.2
