0 -1.36 -5.52
4e-05 -1.36 -5.52
8e-05 2.8 5.44
0.00012 2.88 5.44
0.00016 2.8 5.44
0.0002 2.8 5.52
0.00024 2.64 5.52
0.00028 2.72 5.52
0.00032 2.72 5.52
0.00036 2.56 5.52
0.0004 2.56 5.6
0.00044 2.48 5.6
0.00048 2.48 5.6
0.00052 2.48 5.6
0.00056 2.48 5.6
0.0006 2.32 5.6
0.00064 2.32 5.6
0.00068 2.32 5.68
0.00072 2.24 5.68
0.00076 2.24 5.6
0.0008 2.16 5.68
0.00084 2.16 5.68
0.00088 2.16 5.68
0.00092 2 5.68
0.00096 2 5.68
0.001 2 5.68
0.00104 1.92 5.68
0.00108 1.84 5.68
0.00112 1.84 5.6
0.00116 1.84 5.6
0.0012 1.76 5.6
0.00124 1.68 5.52
0.00128 1.6 5.52
0.00132 1.6 5.52
0.00136 1.52 5.52
0.0014 1.52 5.52
0.00144 1.52 5.52
0.00148 1.44 5.6
0.00152 1.36 5.52
0.00156 1.28 5.52
0.0016 1.28 5.52
0.00164 1.2 5.44
0.00168 1.2 5.44
0.00172 1.12 5.44
0.00176 1.12 5.36
0.0018 0.96 5.28
0.00184 0.96 5.28
0.00188 0.88 5.28
0.00192 0.88 5.2
0.00196 0.88 5.2
0.002 0.72 5.2
0.00204 0.72 5.12
0.00208 0.64 5.12
0.00212 0.56 5.12
0.00216 0.56 5.04
0.0022 0.48 4.96
0.00224 0.4 4.96
0.00228 0.4 4.88
0.00232 0.32 4.8
0.00236 0.32 4.72
0.0024 0.24 4.72
0.00244 0.24 4.72
0.00248 0.16 4.64
0.00252 0.08 4.56
0.00256 0 4.64
0.0026 -0.16 4.56
0.00264 0 4.56
0.00268 -0.16 4.48
0.00272 -0.24 4.4
0.00276 -0.32 4.32
0.0028 -0.4 4.24
0.00284 -0.48 4.16
0.00288 -0.48 4.16
0.00292 -0.48 4.08
0.00296 -0.56 4
0.003 -0.64 3.92
0.00304 -0.72 3.84
0.00308 -0.8 3.84
0.00312 -0.8 3.76
0.00316 -0.8 3.68
0.0032 -0.96 3.68
0.00324 -0.96 3.6
0.00328 -1.04 3.52
0.00332 -1.04 3.44
0.00336 -1.12 3.44
0.0034 -1.2 3.28
0.00344 -1.28 3.2
0.00348 -1.28 3.2
0.00352 -1.36 3.12
0.00356 -1.36 3.04
0.0036 -1.44 2.96
0.00364 -1.44 2.88
0.00368 -1.52 2.8
0.00372 -1.6 2.72
0.00376 -1.68 2.64
0.0038 -1.68 2.56
0.00384 -1.76 2.56
0.00388 -1.76 2.4
0.00392 -1.76 2.32
0.00396 -1.92 2.24
0.004 -1.92 2.16
0.00404 -1.92 2.08
0.00408 -2 2
0.00412 -2.08 1.92
0.00416 -2.08 1.84
0.0042 -2.08 1.76
0.00424 -2.16 1.6
0.00428 -2.24 1.6
0.00432 -2.24 1.52
0.00436 -2.32 1.44
0.0044 -2.4 1.28
0.00444 -2.4 1.28
0.00448 -2.4 1.2
0.00452 -2.48 1.2
0.00456 -2.56 1.04
0.0046 -2.56 0.96
0.00464 -2.56 0.8
0.00468 -2.64 0.72
0.00472 -2.72 0.64
0.00476 -2.72 0.64
0.0048 -2.72 0.4
0.00484 -2.8 0.32
0.00488 -2.8 0.32
0.00492 -2.88 0.24
0.00496 -2.88 0.16
0.005 -2.96 0.08
0.00504 -2.96 0
0.00508 -2.96 0
0.00512 -2.96 -0.16
0.00516 -3.04 -0.32
0.0052 -3.04 -0.4
0.00524 -3.04 -0.48
0.00528 -3.2 -0.64
0.00532 -3.12 -0.72
0.00536 -3.2 -0.8
0.0054 -3.2 -0.88
0.00544 -3.2 -0.96
0.00548 -3.28 -0.96
0.00552 -3.28 -1.04
0.00556 -3.28 -1.12
0.0056 -3.36 -1.28
0.00564 -3.36 -1.36
0.00568 -3.36 -1.36
0.00572 -3.36 -1.52
0.00576 -3.36 -1.6
0.0058 -3.52 -1.6
0.00584 -3.36 -1.76
0.00588 -3.52 -1.92
0.00592 -3.52 -2
0.00596 -3.52 -2
0.006 -3.52 -2.16
0.00604 -3.52 -2.24
0.00608 -3.52 -2.32
0.00612 -3.52 -2.32
0.00616 -3.6 -2.4
0.0062 -3.6 -2.48
0.00624 -3.68 -2.56
0.00628 -3.6 -2.64
0.00632 -3.68 -2.64
0.00636 -3.6 -2.8
0.0064 -3.68 -2.88
0.00644 -3.68 -2.96
0.00648 -3.68 -2.96
0.00652 -3.68 -3.12
0.00656 -3.68 -3.2
0.0066 -3.6 -3.28
0.00664 -3.68 -3.36
0.00668 -3.68 -3.44
0.00672 -3.68 -3.52
0.00676 -3.68 -3.6
0.0068 -3.68 -3.6
0.00684 -3.68 -3.68
0.00688 -3.68 -3.76
0.00692 -3.68 -3.76
0.00696 -3.68 -3.84
0.007 -3.68 -3.92
0.00704 -3.68 -3.92
0.00708 -3.68 -4
0.00712 -3.68 -4.16
0.00716 -3.68 -4.16
0.0072 -3.68 -4.24
0.00724 -3.6 -4.32
0.00728 -3.68 -4.4
0.00732 -3.6 -4.4
0.00736 -3.68 -4.48
0.0074 -3.6 -4.56
0.00744 -3.6 -4.56
0.00748 -3.6 -4.64
0.00752 -3.52 -4.72
0.00756 -3.52 -4.72
0.0076 -3.52 -4.8
0.00764 -3.52 -4.8
0.00768 -3.52 -4.88
0.00772 -3.52 -4.96
0.00776 -3.44 -5.04
0.0078 -3.36 -5.04
0.00784 -3.36 -5.12
0.00788 -3.36 -5.12
0.00792 -3.36 -5.12
0.00796 -3.36 -5.2
0.008 -3.36 -5.2
0.00804 -3.28 -5.28
0.00808 -3.28 -5.36
0.00812 -3.28 -5.28
0.00816 -3.2 -5.36
0.0082 -3.2 -5.36
0.00824 -3.12 -5.44
0.00828 -3.12 -5.44
0.00832 -3.04 -5.44
0.00836 -3.04 -5.44
0.0084 -3.04 -5.44
0.00844 -2.96 -5.52
0.00848 -2.96 -5.6
0.00852 -2.96 -5.68
0.00856 -2.88 -5.68
0.0086 -2.88 -5.68
0.00864 -2.88 -5.68
0.00868 -2.72 -5.68
0.00872 -2.72 -5.76
0.00876 -2.72 -5.68
0.0088 -2.72 -5.68
0.00884 -2.72 -5.68
0.00888 -2.64 -5.68
0.00892 -2.56 -5.76
0.00896 -2.56 -5.76
0.009 -2.48 -5.76
0.00904 -2.4 -5.76
0.00908 -2.4 -5.76
0.00912 -2.32 -5.84
0.00916 -2.32 -5.84
0.0092 -2.32 -5.84
0.00924 -2.32 -5.84
0.00928 -2.24 -5.76
0.00932 -2.08 -5.84
0.00936 -2.08 -5.76
0.0094 -2.08 -5.76
0.00944 -2.08 -5.76
0.00948 -2 -5.76
0.00952 -1.92 -5.76
0.00956 -1.92 -5.68
0.0096 -1.84 -5.68
0.00964 -1.76 -5.76
0.00968 -1.76 -5.76
0.00972 -1.76 -5.76
0.00976 -1.6 -5.76
0.0098 -1.6 -5.68
0.00984 -1.6 -5.68
0.00988 -1.44 -5.68
0.00992 -1.44 -5.6
0.00996 -1.44 -5.52
0.01 -1.36 -5.52
0.01004 -1.36 -5.52
0.01008 -1.28 -5.44
0.01012 -1.2 -5.44
0.01016 -1.12 -5.44
0.0102 -1.12 -5.36
0.01024 -1.12 -5.36
0.01028 -0.96 -5.36
0.01032 -0.96 -5.36
0.01036 -0.96 -5.36
0.0104 -0.8 -5.28
0.01044 -0.8 -5.28
0.01048 -0.8 -5.2
0.01052 -0.72 -5.2
0.01056 -0.64 -5.12
0.0106 -0.48 -5.04
0.01064 -0.48 -4.96
0.01068 -0.48 -4.96
0.01072 -0.48 -4.88
0.01076 -0.4 -4.88
0.0108 -0.4 -4.8
0.01084 -0.32 -4.8
0.01088 -0.16 -4.72
0.01092 -0.16 -4.64
0.01096 -0.16 -4.64
0.011 0.08 -4.56
0.01104 0.08 -4.56
0.01108 0.16 -4.48
0.01112 0.24 -4.48
0.01116 0.24 -4.4
0.0112 0.32 -4.24
0.01124 0.32 -4.24
0.01128 0.4 -4.16
0.01132 0.4 -4.08
0.01136 0.56 -4.08
0.0114 0.56 -4
0.01144 0.64 -3.92
0.01148 0.64 -3.84
0.01152 0.72 -3.84
0.01156 0.8 -3.76
0.0116 0.88 -3.68
0.01164 0.88 -3.6
0.01168 0.88 -3.52
0.01172 0.96 -3.52
0.01176 1.04 -3.44
0.0118 1.12 -3.36
0.01184 1.2 -3.2
0.01188 1.2 -3.12
0.01192 1.28 -3.04
0.01196 1.28 -2.96
0.012 1.36 -2.96
0.01204 1.36 -2.88
0.01208 1.44 -2.8
0.01212 1.52 -2.8
0.01216 1.52 -2.64
0.0122 1.52 -2.64
0.01224 1.6 -2.48
0.01228 1.68 -2.4
0.01232 1.76 -2.32
0.01236 1.84 -2.24
0.0124 1.84 -2.16
0.01244 1.84 -2.08
0.01248 1.92 -2
0.01252 1.92 -1.92
0.01256 2 -1.84
0.0126 2.08 -1.76
0.01264 2.08 -1.68
0.01268 2.16 -1.6
0.01272 2.16 -1.6
0.01276 2.16 -1.52
0.0128 2.24 -1.36
0.01284 2.24 -1.28
0.01288 2.32 -1.2
0.01292 2.32 -1.04
0.01296 2.4 -0.96
0.013 2.48 -0.88
0.01304 2.48 -0.88
0.01308 2.48 -0.72
0.01312 2.48 -0.64
0.01316 2.56 -0.56
0.0132 2.64 -0.48
0.01324 2.72 -0.4
0.01328 2.72 -0.4
0.01332 2.8 -0.24
0.01336 2.8 -0.16
0.0134 2.8 0
0.01344 2.8 0
0.01348 2.88 0.16
0.01352 2.88 0.32
0.01356 2.88 0.32
0.0136 2.88 0.4
0.01364 2.96 0.48
0.01368 2.96 0.64
0.01372 3.04 0.72
0.01376 3.12 0.8
0.0138 3.12 0.88
0.01384 3.12 0.96
0.01388 3.12 1.04
0.01392 3.2 1.04
0.01396 3.2 1.2
0.014 3.2 1.28
0.01404 3.2 1.36
0.01408 3.28 1.36
0.01412 3.28 1.52
0.01416 3.28 1.6
0.0142 3.28 1.6
0.01424 3.36 1.76
0.01428 3.28 1.92
0.01432 3.44 1.92
0.01436 3.44 2
0.0144 3.44 2.08
0.01444 3.44 2.24
0.01448 3.44 2.24
0.01452 3.44 2.32
0.01456 3.44 2.4
0.0146 3.44 2.56
0.01464 3.44 2.56
0.01468 3.52 2.64
0.01472 3.52 2.72
0.01476 3.52 2.8
0.0148 3.52 2.88
0.01484 3.44 2.96
0.01488 3.52 2.96
0.01492 3.44 3.12
0.01496 3.52 3.2
0.015 3.52 3.28
0.01504 3.52 3.28
0.01508 3.52 3.36
0.01512 3.52 3.44
0.01516 3.52 3.52
0.0152 3.52 3.6
0.01524 3.52 3.68
0.01528 3.52 3.68
0.01532 3.52 3.84
0.01536 3.52 3.84
0.0154 3.52 3.92
0.01544 3.52 3.92
0.01548 3.44 4
0.01552 3.52 4.08
0.01556 3.44 4.16
0.0156 3.44 4.24
0.01564 3.44 4.32
0.01568 3.44 4.32
0.01572 3.44 4.4
0.01576 3.44 4.48
0.0158 3.44 4.56
0.01584 3.44 4.56
0.01588 3.36 4.56
0.01592 3.28 4.64
0.01596 3.36 4.64
0.016 3.36 4.72
0.01604 3.28 4.8
0.01608 3.2 4.8
0.01612 3.28 4.88
0.01616 3.2 4.88
0.0162 3.28 4.96
0.01624 3.2 5.04
0.01628 3.2 5.12
0.01632 3.2 5.12
0.01636 3.12 5.12
0.0164 3.12 5.2
0.01644 3.12 5.2
0.01648 3.12 5.2
0.01652 2.96 5.28
0.01656 2.96 5.2
0.0166 2.96 5.28
0.01664 2.96 5.28
0.01668 2.88 5.36
0.01672 2.88 5.44
0.01676 2.8 5.44
0.0168 2.8 5.44
0.01684 2.8 5.52
0.01688 2.8 5.52
0.01692 2.8 5.52
0.01696 2.64 5.52
0.017 2.64 5.52
0.01704 2.56 5.52
0.01708 2.56 5.52
0.01712 2.48 5.52
0.01716 2.48 5.6
0.0172 2.48 5.6
0.01724 2.4 5.6
0.01728 2.32 5.6
0.01732 2.32 5.6
0.01736 2.32 5.6
0.0174 2.24 5.76
0.01744 2.24 5.76
0.01748 2.24 5.76
0.01752 2.16 5.68
0.01756 2.08 5.68
0.0176 2 5.76
0.01764 2 5.68
0.01768 2 5.68
0.01772 1.92 5.6
0.01776 1.84 5.6
0.0178 1.84 5.6
0.01784 1.84 5.6
0.01788 1.84 5.6
0.01792 1.68 5.6
0.01796 1.6 5.6
0.018 1.6 5.52
0.01804 1.52 5.6
0.01808 1.52 5.52
0.01812 1.52 5.52
0.01816 1.36 5.52
0.0182 1.28 5.52
0.01824 1.28 5.52
0.01828 1.28 5.44
0.01832 1.2 5.44
0.01836 1.2 5.44
0.0184 1.12 5.44
0.01844 1.04 5.36
0.01848 1.04 5.28
0.01852 0.96 5.28
0.01856 0.88 5.28
0.0186 0.88 5.2
0.01864 0.8 5.2
0.01868 0.72 5.12
0.01872 0.72 5.12
0.01876 0.64 5.12
0.0188 0.64 5.04
0.01884 0.56 5.04
0.01888 0.48 4.96
0.01892 0.4 4.88
0.01896 0.4 4.88
0.019 0.32 4.8
0.01904 0.24 4.8
0.01908 0.24 4.8
0.01912 0.08 4.72
0.01916 0.08 4.64
0.0192 0 4.64
0.01924 0 4.64
0.01928 -0.16 4.56
0.01932 -0.16 4.48
0.01936 -0.24 4.32
0.0194 -0.32 4.32
0.01944 -0.32 4.32
0.01948 -0.4 4.24
0.01952 -0.4 4.16
0.01956 -0.48 4.16
0.0196 -0.48 4
0.01964 -0.64 3.92
0.01968 -0.64 3.92
0.01972 -0.72 3.84
0.01976 -0.8 3.84
0.0198 -0.8 3.76
0.01984 -0.8 3.68
0.01988 -0.96 3.6
0.01992 -0.96 3.6
0.01996 -1.04 3.52
0.02 -1.12 3.44
0.02004 -1.12 3.36
0.02008 -1.2 3.28
0.02012 -1.28 3.2
0.02016 -1.28 3.12
0.0202 -1.36 3.04
0.02024 -1.44 2.96
0.02028 -1.44 2.88
0.02032 -1.44 2.88
0.02036 -1.44 2.8
0.0204 -1.6 2.72
0.02044 -1.6 2.64
0.02048 -1.68 2.56
0.02052 -1.76 2.48
0.02056 -1.76 2.4
0.0206 -1.84 2.32
0.02064 -1.92 2.24
0.02068 -1.92 2.16
0.02072 -2 2
0.02076 -2 1.92
0.0208 -2.08 1.84
0.02084 -2.08 1.76
0.02088 -2.24 1.68
0.02092 -2.24 1.6
0.02096 -2.24 1.6
0.021 -2.24 1.52
0.02104 -2.32 1.44
0.02108 -2.4 1.36
0.02112 -2.4 1.28
0.02116 -2.4 1.2
0.0212 -2.4 1.12
0.02124 -2.48 1.04
0.02128 -2.56 0.96
0.02132 -2.56 0.8
0.02136 -2.64 0.72
0.0214 -2.64 0.64
0.02144 -2.72 0.48
0.02148 -2.72 0.48
0.02152 -2.8 0.32
0.02156 -2.88 0.24
0.0216 -2.88 0.24
0.02164 -2.88 0.08
0.02168 -2.96 0.08
0.02172 -2.96 0
0.02176 -2.96 -0.16
0.0218 -3.04 -0.24
0.02184 -3.04 -0.32
0.02188 -3.04 -0.4
0.02192 -3.04 -0.56
0.02196 -3.04 -0.64
0.022 -3.12 -0.72
0.02204 -3.12 -0.8
0.02208 -3.2 -0.8
0.02212 -3.28 -0.96
0.02216 -3.28 -1.04
0.0222 -3.28 -1.12
0.02224 -3.28 -1.2
0.02228 -3.28 -1.28
0.02232 -3.36 -1.36
0.02236 -3.36 -1.52
0.0224 -3.36 -1.52
0.02244 -3.44 -1.6
0.02248 -3.44 -1.76
0.02252 -3.52 -1.76
0.02256 -3.52 -1.92
0.0226 -3.52 -2
0.02264 -3.52 -2
0.02268 -3.52 -2.16
0.02272 -3.52 -2.24
0.02276 -3.52 -2.32
0.0228 -3.6 -2.32
0.02284 -3.6 -2.48
0.02288 -3.6 -2.56
0.02292 -3.6 -2.64
0.02296 -3.6 -2.64
0.023 -3.68 -2.72
0.02304 -3.68 -2.8
0.02308 -3.6 -2.88
0.02312 -3.68 -2.96
0.02316 -3.68 -3.04
0.0232 -3.68 -3.12
0.02324 -3.68 -3.2
0.02328 -3.68 -3.28
0.02332 -3.68 -3.36
0.02336 -3.68 -3.44
0.0234 -3.68 -3.52
0.02344 -3.68 -3.6
0.02348 -3.68 -3.68
0.02352 -3.68 -3.68
0.02356 -3.68 -3.76
0.0236 -3.68 -3.84
0.02364 -3.68 -3.84
0.02368 -3.68 -3.92
0.02372 -3.68 -3.92
0.02376 -3.68 -4.08
0.0238 -3.68 -4.16
0.02384 -3.6 -4.16
0.02388 -3.68 -4.24
0.02392 -3.6 -4.4
0.02396 -3.6 -4.4
0.024 -3.6 -4.48
0.02404 -3.6 -4.56
0.02408 -3.6 -4.56
0.02412 -3.6 -4.64
0.02416 -3.6 -4.64
0.0242 -3.52 -4.72
0.02424 -3.52 -4.72
0.02428 -3.52 -4.72
0.02432 -3.44 -4.88
0.02436 -3.52 -4.8
0.0244 -3.52 -4.96
0.02444 -3.36 -5.04
0.02448 -3.36 -5.12
0.02452 -3.36 -5.12
0.02456 -3.36 -5.12
0.0246 -3.36 -5.2
0.02464 -3.28 -5.2
0.02468 -3.36 -5.28
0.02472 -3.28 -5.28
0.02476 -3.2 -5.28
0.0248 -3.2 -5.36
0.02484 -3.2 -5.36
0.02488 -3.12 -5.36
0.02492 -3.12 -5.36
0.02496 -3.04 -5.44
0.025 -3.04 -5.52
0.02504 -3.04 -5.52
0.02508 -3.04 -5.52
0.02512 -2.96 -5.52
0.02516 -2.96 -5.6
0.0252 -2.88 -5.68
0.02524 -2.88 -5.68
0.02528 -2.88 -5.68
0.02532 -2.88 -5.76
0.02536 -2.8 -5.68
0.0254 -2.72 -5.68
0.02544 -2.72 -5.68
0.02548 -2.72 -5.68
0.02552 -2.64 -5.76
0.02556 -2.56 -5.68
0.0256 -2.56 -5.76
0.02564 -2.56 -5.76
0.02568 -2.48 -5.76
0.02572 -2.4 -5.76
0.02576 -2.4 -5.76
0.0258 -2.4 -5.76
0.02584 -2.32 -5.84
0.02588 -2.24 -5.84
0.02592 -2.24 -5.84
0.02596 -2.24 -5.84
0.026 -2.08 -5.76
0.02604 -2.08 -5.76
0.02608 -2 -5.76
0.02612 -2 -5.76
0.02616 -2 -5.76
0.0262 -1.92 -5.76
0.02624 -1.92 -5.76
0.02628 -1.76 -5.76
0.02632 -1.76 -5.76
0.02636 -1.76 -5.68
0.0264 -1.68 -5.76
0.02644 -1.6 -5.68
0.02648 -1.52 -5.68
0.02652 -1.6 -5.6
0.02656 -1.44 -5.6
0.0266 -1.44 -5.6
0.02664 -1.44 -5.52
0.02668 -1.28 -5.52
0.02672 -1.28 -5.44
0.02676 -1.28 -5.44
0.0268 -1.12 -5.44
0.02684 -1.12 -5.44
0.02688 -1.12 -5.44
0.02692 -1.04 -5.36
0.02696 -1.04 -5.36
0.027 -0.96 -5.36
0.02704 -0.88 -5.28
0.02708 -0.8 -5.28
0.02712 -0.8 -5.2
0.02716 -0.72 -5.2
0.0272 -0.64 -5.12
0.02724 -0.64 -5.04
0.02728 -0.56 -5.04
0.02732 -0.48 -4.96
0.02736 -0.48 -4.96
0.0274 -0.4 -4.88
0.02744 -0.32 -4.88
0.02748 -0.32 -4.8
0.02752 -0.24 -4.8
0.02756 -0.16 -4.72
0.0276 -0.16 -4.72
0.02764 0 -4.64
0.02768 0.08 -4.56
0.02772 0.16 -4.48
0.02776 0.16 -4.48
0.0278 0.24 -4.4
0.02784 0.24 -4.32
0.02788 0.32 -4.24
0.02792 0.32 -4.16
0.02796 0.4 -4.16
0.028 0.48 -4.08
0.02804 0.56 -4
0.02808 0.64 -4
0.02812 0.64 -3.92
0.02816 0.72 -3.84
0.0282 0.72 -3.84
0.02824 0.88 -3.76
0.02828 0.88 -3.68
0.02832 0.88 -3.6
0.02836 0.96 -3.52
0.0284 0.96 -3.44
0.02844 1.04 -3.36
0.02848 1.12 -3.28
0.02852 1.12 -3.2
0.02856 1.2 -3.12
0.0286 1.28 -3.04
0.02864 1.28 -2.96
0.02868 1.36 -2.96
0.02872 1.36 -2.88
0.02876 1.44 -2.8
0.0288 1.52 -2.72
0.02884 1.52 -2.64
0.02888 1.52 -2.56
0.02892 1.6 -2.48
0.02896 1.68 -2.4
0.029 1.68 -2.32
0.02904 1.76 -2.24
0.02908 1.84 -2.16
0.02912 1.84 -2
0.02916 1.92 -1.92
0.0292 1.92 -1.92
0.02924 2 -1.76
0.02928 2.08 -1.76
0.02932 2.16 -1.68
0.02936 2.16 -1.6
0.0294 2.24 -1.44
0.02944 2.24 -1.36
0.02948 2.24 -1.36
0.02952 2.32 -1.28
0.02956 2.32 -1.2
0.0296 2.32 -1.04
0.02964 2.4 -1.04
0.02968 2.48 -0.88
0.02972 2.48 -0.88
0.02976 2.48 -0.72
0.0298 2.56 -0.64
0.02984 2.64 -0.56
0.02988 2.72 -0.48
0.02992 2.64 -0.32
0.02996 2.8 -0.32
0.03 2.8 -0.16
0.03004 2.8 -0.16
0.03008 2.8 0
0.03012 2.8 0.08
0.03016 2.88 0.16
0.0302 2.88 0.32
0.03024 2.88 0.32
0.03028 2.88 0.4
0.03032 2.96 0.48
0.03036 2.96 0.64
0.0304 3.04 0.72
0.03044 3.04 0.8
0.03048 3.12 0.88
0.03052 3.2 0.96
0.03056 3.12 1.04
0.0306 3.12 1.12
0.03064 3.2 1.28
0.03068 3.2 1.36
0.03072 3.28 1.36
0.03076 3.28 1.44
0.0308 3.28 1.52
0.03084 3.28 1.6
0.03088 3.28 1.68
0.03092 3.28 1.76
0.03096 3.28 1.84
0.031 3.44 1.92
0.03104 3.44 2.08
0.03108 3.36 2.16
0.03112 3.44 2.32
0.03116 3.44 2.32
0.0312 3.44 2.4
0.03124 3.44 2.48
0.03128 3.44 2.56
0.03132 3.44 2.56
0.03136 3.44 2.72
0.0314 3.44 2.72
0.03144 3.52 2.8
0.03148 3.44 2.88
0.03152 3.52 2.96
0.03156 3.52 3.04
0.0316 3.52 3.12
0.03164 3.52 3.28
0.03168 3.52 3.28
0.03172 3.52 3.36
0.03176 3.52 3.44
0.0318 3.52 3.52
0.03184 3.44 3.52
0.03188 3.52 3.6
0.03192 3.52 3.6
0.03196 3.52 3.68
0.032 3.52 3.76
0.03204 3.52 3.84
0.03208 3.52 3.84
0.03212 3.44 4
0.03216 3.44 4.08
0.0322 3.44 4.16
0.03224 3.44 4.16
0.03228 3.44 4.24
0.03232 3.52 4.32
0.03236 3.44 4.32
0.0324 3.44 4.4
0.03244 3.44 4.48
0.03248 3.44 4.48
0.03252 3.36 4.56
0.03256 3.44 4.56
0.0326 3.36 4.64
0.03264 3.36 4.64
0.03268 3.28 4.72
0.03272 3.28 4.8
0.03276 3.28 4.8
0.0328 3.2 4.88
0.03284 3.2 4.88
0.03288 3.2 4.96
0.03292 3.2 5.04
0.03296 3.2 5.12
0.033 3.2 5.12
0.03304 3.12 5.12
0.03308 3.12 5.12
0.03312 3.12 5.2
0.03316 3.12 5.2
0.0332 2.96 5.28
0.03324 2.96 5.36
0.03328 2.96 5.28
0.03332 2.88 5.36
0.03336 2.88 5.44
0.0334 2.88 5.44
0.03344 2.88 5.44
0.03348 2.8 5.44
0.03352 2.8 5.52
0.03356 2.8 5.52
0.0336 2.64 5.52
0.03364 2.64 5.6
0.03368 2.64 5.6
0.03372 2.56 5.52
0.03376 2.56 5.6
0.0338 2.56 5.52
0.03384 2.48 5.6
0.03388 2.48 5.6
0.03392 2.32 5.6
0.03396 2.4 5.6
0.034 2.32 5.6
0.03404 2.32 5.68
0.03408 2.24 5.6
0.03412 2.16 5.68
0.03416 2.16 5.76
0.0342 2.16 5.76
0.03424 2 5.68
0.03428 2 5.68
0.03432 2 5.6
0.03436 1.92 5.6
0.0344 1.92 5.6
0.03444 1.92 5.68
0.03448 1.84 5.6
0.03452 1.76 5.6
0.03456 1.68 5.6
0.0346 1.68 5.6
0.03464 1.6 5.6
0.03468 1.6 5.6
0.03472 1.52 5.6
0.03476 1.52 5.52
0.0348 1.36 5.52
0.03484 1.36 5.52
0.03488 1.28 5.52
0.03492 1.2 5.44
0.03496 1.2 5.44
0.035 1.2 5.36
0.03504 1.12 5.36
0.03508 1.12 5.28
0.03512 1.04 5.36
0.03516 0.96 5.28
0.0352 0.96 5.36
0.03524 0.88 5.28
0.03528 0.88 5.2
0.03532 0.72 5.2
0.03536 0.72 5.12
0.0354 0.72 5.12
0.03544 0.64 5.12
0.03548 0.56 5.12
0.03552 0.56 4.96
0.03556 0.4 4.96
0.0356 0.4 4.88
0.03564 0.32 4.8
0.03568 0.32 4.8
0.03572 0.24 4.72
0.03576 0.24 4.72
0.0358 0.16 4.64
0.03584 0.08 4.64
0.03588 0.08 4.64
0.03592 -0.16 4.56
0.03596 -0.16 4.56
0.036 -0.16 4.48
0.03604 -0.24 4.4
0.03608 -0.32 4.32
0.03612 -0.32 4.32
0.03616 -0.4 4.24
0.0362 -0.48 4.16
0.03624 -0.48 4.08
0.03628 -0.48 4
0.03632 -0.64 3.92
0.03636 -0.64 3.84
0.0364 -0.72 3.92
0.03644 -0.8 3.76
0.03648 -0.88 3.76
0.03652 -0.8 3.68
0.03656 -0.96 3.6
0.0366 -1.04 3.6
0.03664 -1.04 3.52
0.03668 -1.12 3.36
0.03672 -1.12 3.28
0.03676 -1.12 3.28
0.0368 -1.28 3.2
0.03684 -1.28 3.04
0.03688 -1.36 3.04
0.03692 -1.36 2.96
0.03696 -1.44 2.88
0.037 -1.44 2.8
0.03704 -1.52 2.72
0.03708 -1.6 2.64
0.03712 -1.68 2.64
0.03716 -1.76 2.56
0.0372 -1.76 2.4
0.03724 -1.76 2.4
0.03728 -1.84 2.32
0.03732 -1.92 2.24
0.03736 -1.92 2.08
0.0374 -2 2
0.03744 -2 1.92
0.03748 -2.08 1.92
0.03752 -2.08 1.76
0.03756 -2.16 1.68
0.0376 -2.24 1.68
0.03764 -2.24 1.44
0.03768 -2.32 1.44
0.03772 -2.32 1.36
0.03776 -2.4 1.36
0.0378 -2.4 1.2
0.03784 -2.48 1.12
0.03788 -2.48 1.04
0.03792 -2.56 0.96
0.03796 -2.56 0.88
0.038 -2.64 0.8
0.03804 -2.64 0.72
0.03808 -2.72 0.64
0.03812 -2.72 0.56
0.03816 -2.72 0.4
0.0382 -2.8 0.32
0.03824 -2.8 0.24
0.03828 -2.88 0.08
0.03832 -2.88 0.08
0.03836 -2.96 0
0.0384 -2.96 -0.16
0.03844 -2.96 -0.16
0.03848 -3.04 -0.32
0.03852 -3.04 -0.32
0.03856 -3.04 -0.4
0.0386 -3.12 -0.48
0.03864 -3.04 -0.64
0.03868 -3.2 -0.72
0.03872 -3.2 -0.8
0.03876 -3.2 -0.96
0.0388 -3.28 -1.04
0.03884 -3.28 -1.12
0.03888 -3.28 -1.2
0.03892 -3.2 -1.28
0.03896 -3.36 -1.36
0.039 -3.36 -1.36
0.03904 -3.36 -1.44
0.03908 -3.36 -1.52
0.03912 -3.44 -1.68
0.03916 -3.52 -1.68
0.0392 -3.52 -1.84
0.03924 -3.44 -1.92
0.03928 -3.52 -2
0.03932 -3.6 -2.08
0.03936 -3.52 -2.24
0.0394 -3.52 -2.24
0.03944 -3.6 -2.32
0.03948 -3.6 -2.48
0.03952 -3.6 -2.48
0.03956 -3.6 -2.64
0.0396 -3.68 -2.64
0.03964 -3.68 -2.72
0.03968 -3.6 -2.8
0.03972 -3.6 -2.88
0.03976 -3.68 -2.88
0.0398 -3.68 -2.96
0.03984 -3.68 -3.04
0.03988 -3.68 -3.12
0.03992 -3.68 -3.2
0.03996 -3.68 -3.28
0.04 -3.68 -3.36
0.04004 -3.68 -3.52
0.04008 -3.68 -3.6
0.04012 -3.68 -3.6
0.04016 -3.68 -3.76
0.0402 -3.68 -3.76
0.04024 -3.68 -3.76
0.04028 -3.68 -3.84
0.04032 -3.68 -3.92
0.04036 -3.68 -4
0.0404 -3.68 -4
0.04044 -3.68 -4.08
0.04048 -3.6 -4.16
0.04052 -3.6 -4.24
0.04056 -3.6 -4.24
0.0406 -3.6 -4.32
0.04064 -3.6 -4.4
0.04068 -3.6 -4.48
0.04072 -3.6 -4.48
0.04076 -3.52 -4.56
0.0408 -3.6 -4.56
0.04084 -3.6 -4.72
0.04088 -3.52 -4.72
0.04092 -3.52 -4.8
0.04096 -3.52 -4.8
0.041 -3.52 -4.88
0.04104 -3.52 -4.88
0.04108 -3.44 -4.96
0.04112 -3.36 -5.04
0.04116 -3.36 -5.12
0.0412 -3.36 -5.12
0.04124 -3.36 -5.12
0.04128 -3.36 -5.12
0.04132 -3.28 -5.2
0.04136 -3.28 -5.2
0.0414 -3.28 -5.28
0.04144 -3.2 -5.28
0.04148 -3.2 -5.36
0.04152 -3.2 -5.36
0.04156 -3.2 -5.36
0.0416 -3.12 -5.44
0.04164 -3.04 -5.44
0.04168 -3.04 -5.44
0.04172 -3.04 -5.52
0.04176 -3.04 -5.52
0.0418 -3.04 -5.6
0.04184 -2.96 -5.6
0.04188 -2.88 -5.68
0.04192 -2.88 -5.68
0.04196 -2.8 -5.68
0.042 -2.72 -5.68
0.04204 -2.72 -5.68
0.04208 -2.72 -5.76
0.04212 -2.72 -5.68
0.04216 -2.72 -5.68
0.0422 -2.56 -5.76
0.04224 -2.56 -5.68
0.04228 -2.56 -5.76
0.04232 -2.48 -5.84
0.04236 -2.4 -5.76
0.0424 -2.4 -5.84
0.04244 -2.4 -5.84
0.04248 -2.32 -5.84
0.04252 -2.24 -5.84
0.04256 -2.32 -5.84
0.0426 -2.24 -5.76
0.04264 -2.16 -5.76
0.04268 -2.08 -5.76
0.04272 -2.08 -5.76
0.04276 -2 -5.76
0.0428 -2 -5.76
0.04284 -1.92 -5.76
0.04288 -1.92 -5.68
0.04292 -1.76 -5.76
0.04296 -1.76 -5.76
0.043 -1.76 -5.76
0.04304 -1.68 -5.76
0.04308 -1.68 -5.76
0.04312 -1.6 -5.68
0.04316 -1.6 -5.68
0.0432 -1.6 -5.68
0.04324 -1.44 -5.6
0.04328 -1.44 -5.6
0.04332 -1.36 -5.6
0.04336 -1.28 -5.52
0.0434 -1.28 -5.44
0.04344 -1.28 -5.44
0.04348 -1.12 -5.44
0.04352 -1.12 -5.44
0.04356 -1.12 -5.36
0.0436 -1.04 -5.36
0.04364 -0.96 -5.36
0.04368 -0.96 -5.36
0.04372 -0.88 -5.28
0.04376 -0.8 -5.2
0.0438 -0.72 -5.2
0.04384 -0.72 -5.2
0.04388 -0.64 -5.12
0.04392 -0.64 -5.04
0.04396 -0.56 -5.04
0.044 -0.48 -4.96
0.04404 -0.4 -4.88
0.04408 -0.32 -4.88
0.04412 -0.32 -4.8
0.04416 -0.32 -4.8
0.0442 -0.16 -4.72
0.04424 -0.16 -4.72
0.04428 0 -4.56
0.04432 0 -4.56
0.04436 0.08 -4.48
0.0444 0.16 -4.48
0.04444 0.24 -4.48
0.04448 0.24 -4.4
0.04452 0.24 -4.32
0.04456 0.32 -4.24
0.0446 0.4 -4.24
0.04464 0.4 -4.16
0.04468 0.56 -4.08
0.04472 0.56 -4.08
0.04476 0.56 -3.92
0.0448 0.64 -3.92
0.04484 0.72 -3.84
0.04488 0.8 -3.76
0.04492 0.88 -3.68
0.04496 0.88 -3.6
0.045 0.88 -3.52
0.04504 0.96 -3.52
0.04508 1.04 -3.44
0.04512 1.12 -3.36
0.04516 1.04 -3.28
0.0452 1.2 -3.2
0.04524 1.2 -3.12
0.04528 1.28 -3.12
0.04532 1.28 -2.96
0.04536 1.36 -2.96
0.0454 1.44 -2.8
0.04544 1.52 -2.72
0.04548 1.52 -2.64
0.04552 1.6 -2.56
0.04556 1.6 -2.48
0.0456 1.6 -2.48
0.04564 1.68 -2.32
0.04568 1.76 -2.32
0.04572 1.84 -2.24
0.04576 1.84 -2.16
0.0458 1.84 -2.08
0.04584 1.92 -2
0.04588 2 -1.84
0.04592 2 -1.76
0.04596 2.08 -1.68
0.046 2.16 -1.6
0.04604 2.16 -1.44
0.04608 2.16 -1.36
0.04612 2.24 -1.36
0.04616 2.32 -1.28
0.0462 2.32 -1.28
0.04624 2.32 -1.2
0.04628 2.4 -1.04
0.04632 2.48 -0.96
0.04636 2.48 -0.88
0.0464 2.56 -0.8
0.04644 2.56 -0.64
0.04648 2.64 -0.56
0.04652 2.64 -0.48
0.04656 2.64 -0.4
0.0466 2.72 -0.32
0.04664 2.8 -0.16
0.04668 2.72 -0.16
0.04672 2.8 0
0.04676 2.8 0.08
0.0468 2.88 0.08
0.04684 2.88 0.16
0.04688 2.88 0.24
0.04692 2.96 0.32
0.04696 2.96 0.4
0.047 2.96 0.48
0.04704 3.04 0.64
0.04708 3.12 0.72
0.04712 3.12 0.88
0.04716 3.12 0.96
0.0472 3.12 1.04
0.04724 3.12 1.12
0.04728 3.2 1.2
0.04732 3.2 1.28
0.04736 3.2 1.28
0.0474 3.2 1.36
0.04744 3.28 1.44
0.04748 3.2 1.52
0.04752 3.28 1.6
0.04756 3.28 1.68
0.0476 3.28 1.76
0.04764 3.36 1.92
0.04768 3.36 2
0.04772 3.44 2.08
0.04776 3.44 2.24
0.0478 3.44 2.24
0.04784 3.44 2.32
0.04788 3.44 2.4
0.04792 3.44 2.48
0.04796 3.44 2.56
0.048 3.44 2.64
0.04804 3.52 2.72
0.04808 3.52 2.8
0.04812 3.52 2.88
0.04816 3.52 2.88
0.0482 3.44 2.96
0.04824 3.52 3.04
0.04828 3.52 3.2
0.04832 3.52 3.2
0.04836 3.52 3.28
0.0484 3.52 3.36
0.04844 3.52 3.44
0.04848 3.52 3.52
0.04852 3.44 3.52
0.04856 3.52 3.6
0.0486 3.52 3.68
0.04864 3.44 3.76
0.04868 3.44 3.84
0.04872 3.52 3.84
0.04876 3.52 3.92
0.0488 3.52 4
0.04884 3.52 4
0.04888 3.44 4.16
0.04892 3.44 4.16
0.04896 3.44 4.24
0.049 3.44 4.32
0.04904 3.44 4.4
0.04908 3.44 4.4
0.04912 3.44 4.48
0.04916 3.44 4.56
0.0492 3.44 4.56
0.04924 3.36 4.64
0.04928 3.28 4.64
0.04932 3.36 4.64
0.04936 3.28 4.8
0.0494 3.28 4.8
0.04944 3.28 4.8
0.04948 3.2 4.88
0.04952 3.2 4.96
0.04956 3.2 5.04
0.0496 3.2 5.04
0.04964 3.12 5.04
0.04968 3.12 5.12
0.04972 3.12 5.12
0.04976 3.12 5.12
0.0498 3.12 5.2
0.04984 3.04 5.2
0.04988 2.96 5.2
0.04992 2.96 5.28
0.04996 2.96 5.36
0.05 2.88 5.36
0.05004 2.88 5.44
0.05008 2.88 5.44
0.05012 2.8 5.52
0.05016 2.8 5.44
0.0502 2.8 5.52
0.05024 2.8 5.52
0.05028 2.64 5.52
0.05032 2.64 5.52
0.05036 2.64 5.52
0.0504 2.56 5.6
0.05044 2.56 5.52
0.05048 2.48 5.6
0.05052 2.48 5.6
0.05056 2.48 5.6
0.0506 2.48 5.6
0.05064 2.32 5.68
0.05068 2.32 5.6
0.05072 2.24 5.6
0.05076 2.24 5.68
0.0508 2.16 5.68
0.05084 2.16 5.76
0.05088 2.16 5.76
0.05092 2.08 5.68
0.05096 2 5.68
0.051 2 5.68
0.05104 2 5.68
0.05108 1.92 5.6
0.05112 1.84 5.68
0.05116 1.76 5.52
0.0512 1.68 5.6
0.05124 1.68 5.6
0.05128 1.6 5.6
0.05132 1.6 5.6
0.05136 1.52 5.52
0.0514 1.52 5.52
0.05144 1.52 5.52
0.05148 1.52 5.52
0.05152 1.36 5.52
0.05156 1.28 5.52
0.0516 1.28 5.44
0.05164 1.2 5.44
0.05168 1.2 5.44
0.05172 1.04 5.36
0.05176 1.04 5.36
0.0518 1.04 5.44
0.05184 0.96 5.28
0.05188 0.96 5.28
0.05192 0.88 5.2
0.05196 0.88 5.2
0.052 0.8 5.12
0.05204 0.72 5.12
0.05208 0.64 5.12
0.05212 0.64 5.12
0.05216 0.56 5.04
0.0522 0.56 4.96
0.05224 0.4 4.88
0.05228 0.4 4.88
0.05232 0.32 4.88
0.05236 0.32 4.8
0.0524 0.24 4.8
0.05244 0.24 4.72
0.05248 0.08 4.64
0.05252 0.08 4.56
0.05256 0 4.56
0.0526 -0.16 4.56
0.05264 -0.16 4.48
0.05268 -0.16 4.4
0.05272 -0.32 4.32
0.05276 -0.32 4.4
0.0528 -0.4 4.24
0.05284 -0.48 4.24
0.05288 -0.48 4.16
0.05292 -0.56 4.16
0.05296 -0.64 4
0.053 -0.64 3.92
0.05304 -0.72 3.92
0.05308 -0.72 3.84
0.05312 -0.8 3.68
0.05316 -0.88 3.68
0.0532 -0.96 3.68
0.05324 -0.96 3.52
0.05328 -1.04 3.52
0.05332 -1.04 3.52
0.05336 -1.12 3.36
0.0534 -1.2 3.28
0.05344 -1.2 3.28
0.05348 -1.28 3.2
0.05352 -1.36 3.12
0.05356 -1.36 3.04
0.0536 -1.44 2.96
0.05364 -1.44 2.88
0.05368 -1.52 2.8
0.05372 -1.6 2.64
0.05376 -1.68 2.56
0.0538 -1.68 2.56
0.05384 -1.68 2.48
0.05388 -1.76 2.4
0.05392 -1.76 2.32
0.05396 -1.84 2.32
0.054 -1.92 2.24
0.05404 -1.92 2.16
0.05408 -2 2
0.05412 -2.08 1.92
0.05416 -2.08 1.84
0.0542 -2.08 1.76
0.05424 -2.24 1.68
0.05428 -2.24 1.52
0.05432 -2.24 1.44
0.05436 -2.32 1.36
0.0544 -2.32 1.28
0.05444 -2.4 1.28
0.05448 -2.4 1.2
0.05452 -2.4 1.12
0.05456 -2.48 1.04
0.0546 -2.56 0.96
0.05464 -2.56 0.88
0.05468 -2.64 0.8
0.05472 -2.64 0.72
0.05476 -2.72 0.64
0.0548 -2.72 0.48
0.05484 -2.8 0.4
0.05488 -2.8 0.24
0.05492 -2.88 0.16
0.05496 -2.88 0.08
0.055 -2.96 0
0.05504 -2.96 -0.16
0.05508 -3.04 -0.16
0.05512 -3.04 -0.24
0.05516 -3.04 -0.32
0.0552 -3.04 -0.4
0.05524 -3.04 -0.48
0.05528 -3.12 -0.56
0.05532 -3.2 -0.64
0.05536 -3.12 -0.72
0.0554 -3.2 -0.88
0.05544 -3.28 -0.88
0.05548 -3.2 -1.04
0.05552 -3.28 -1.12
0.05556 -3.28 -1.2
0.0556 -3.36 -1.28
0.05564 -3.36 -1.36
0.05568 -3.36 -1.44
0.05572 -3.36 -1.52
0.05576 -3.44 -1.6
0.0558 -3.44 -1.68
0.05584 -3.52 -1.76
0.05588 -3.44 -1.84
0.05592 -3.52 -2
0.05596 -3.52 -2.08
0.056 -3.52 -2.08
0.05604 -3.52 -2.16
0.05608 -3.6 -2.32
0.05612 -3.6 -2.32
0.05616 -3.6 -2.4
0.0562 -3.6 -2.56
0.05624 -3.68 -2.64
0.05628 -3.6 -2.64
0.05632 -3.68 -2.72
0.05636 -3.68 -2.8
0.0564 -3.6 -2.88
0.05644 -3.68 -2.88
0.05648 -3.68 -2.96
0.05652 -3.68 -3.04
0.05656 -3.68 -3.12
0.0566 -3.68 -3.28
0.05664 -3.68 -3.36
0.05668 -3.68 -3.44
0.05672 -3.68 -3.52
0.05676 -3.6 -3.6
0.0568 -3.68 -3.6
0.05684 -3.68 -3.76
0.05688 -3.68 -3.76
0.05692 -3.68 -3.84
0.05696 -3.68 -3.84
0.057 -3.68 -3.92
0.05704 -3.68 -3.92
0.05708 -3.6 -4.08
0.05712 -3.68 -4.08
0.05716 -3.6 -4.16
0.0572 -3.68 -4.24
0.05724 -3.6 -4.32
0.05728 -3.6 -4.4
0.05732 -3.6 -4.48
0.05736 -3.6 -4.48
0.0574 -3.6 -4.56
0.05744 -3.52 -4.56
0.05748 -3.6 -4.64
0.05752 -3.52 -4.64
0.05756 -3.52 -4.72
0.0576 -3.6 -4.72
0.05764 -3.44 -4.88
0.05768 -3.52 -4.88
0.05772 -3.44 -4.88
0.05776 -3.36 -4.96
0.0578 -3.52 -5.04
0.05784 -3.36 -5.12
0.05788 -3.36 -5.12
0.05792 -3.36 -5.2
0.05796 -3.28 -5.2
0.058 -3.28 -5.28
0.05804 -3.28 -5.2
0.05808 -3.28 -5.36
0.05812 -3.2 -5.28
0.05816 -3.2 -5.36
0.0582 -3.2 -5.36
0.05824 -3.2 -5.36
0.05828 -3.12 -5.44
0.05832 -3.04 -5.44
0.05836 -3.04 -5.52
0.0584 -3.04 -5.52
0.05844 -2.96 -5.52
0.05848 -2.96 -5.52
0.05852 -2.96 -5.6
0.05856 -2.88 -5.68
0.0586 -2.88 -5.68
0.05864 -2.8 -5.68
0.05868 -2.72 -5.68
0.05872 -2.72 -5.76
0.05876 -2.72 -5.76
0.0588 -2.72 -5.76
0.05884 -2.64 -5.76
0.05888 -2.56 -5.76
0.05892 -2.56 -5.76
0.05896 -2.48 -5.76
0.059 -2.48 -5.76
0.05904 -2.4 -5.76
0.05908 -2.4 -5.76
0.05912 -2.4 -5.76
0.05916 -2.32 -5.84
0.0592 -2.32 -5.76
0.05924 -2.24 -5.84
0.05928 -2.24 -5.84
0.05932 -2.16 -5.76
0.05936 -2.08 -5.84
0.0594 -2.08 -5.76
0.05944 -2 -5.84
0.05948 -1.92 -5.76
0.05952 -1.92 -5.84
0.05956 -1.92 -5.76
0.0596 -1.76 -5.76
0.05964 -1.76 -5.68
0.05968 -1.76 -5.76
0.05972 -1.76 -5.68
0.05976 -1.68 -5.68
0.0598 -1.6 -5.6
0.05984 -1.6 -5.68
0.05988 -1.44 -5.68
0.05992 -1.44 -5.6
0.05996 -1.44 -5.68
0.06 -1.36 -5.52
0.06004 -1.36 -5.52
0.06008 -1.28 -5.52
0.06012 -1.12 -5.44
0.06016 -1.12 -5.44
0.0602 -1.12 -5.44
0.06024 -1.04 -5.36
0.06028 -0.96 -5.36
0.06032 -0.96 -5.28
0.06036 -0.96 -5.28
0.0604 -0.8 -5.2
0.06044 -0.8 -5.2
0.06048 -0.72 -5.2
0.06052 -0.72 -5.2
0.06056 -0.64 -5.12
0.0606 -0.48 -5.12
0.06064 -0.48 -5.04
0.06068 -0.48 -5.04
0.06072 -0.4 -4.88
0.06076 -0.32 -4.88
0.0608 -0.32 -4.8
0.06084 -0.16 -4.72
0.06088 -0.16 -4.72
0.06092 -0.16 -4.64
0.06096 0 -4.56
0.061 0 -4.56
0.06104 0.08 -4.48
0.06108 0.16 -4.48
0.06112 0.24 -4.48
0.06116 0.24 -4.4
0.0612 0.32 -4.32
0.06124 0.32 -4.24
0.06128 0.32 -4.16
0.06132 0.4 -4.16
0.06136 0.56 -4
0.0614 0.56 -3.92
0.06144 0.72 -3.92
0.06148 0.64 -3.84
0.06152 0.72 -3.84
0.06156 0.88 -3.76
0.0616 0.88 -3.68
0.06164 0.88 -3.6
0.06168 0.96 -3.52
0.06172 0.96 -3.52
0.06176 1.04 -3.44
0.0618 1.2 -3.36
0.06184 1.12 -3.28
0.06188 1.2 -3.2
0.06192 1.28 -3.12
0.06196 1.28 -2.96
0.062 1.36 -2.88
0.06204 1.36 -2.8
0.06208 1.44 -2.72
0.06212 1.52 -2.72
0.06216 1.52 -2.64
0.0622 1.52 -2.56
0.06224 1.6 -2.56
0.06228 1.6 -2.4
0.06232 1.68 -2.32
0.06236 1.76 -2.32
0.0624 1.84 -2.16
0.06244 1.92 -2.16
0.06248 1.92 -2
0.06252 1.92 -1.92
0.06256 2 -1.84
0.0626 2.08 -1.76
0.06264 2.16 -1.68
0.06268 2.16 -1.6
0.06272 2.16 -1.44
0.06276 2.16 -1.36
0.0628 2.24 -1.36
0.06284 2.24 -1.28
0.06288 2.32 -1.2
0.06292 2.32 -1.04
0.06296 2.48 -1.04
0.063 2.48 -0.96
0.06304 2.48 -0.88
0.06308 2.48 -0.72
0.06312 2.56 -0.72
0.06316 2.64 -0.56
0.0632 2.64 -0.48
0.06324 2.64 -0.4
0.06328 2.72 -0.32
0.06332 2.8 -0.24
0.06336 2.8 -0.16
0.0634 2.8 0
0.06344 2.8 0.08
0.06348 2.88 0.16
0.06352 2.88 0.24
0.06356 2.96 0.32
0.0636 2.96 0.4
0.06364 2.96 0.48
0.06368 3.04 0.56
0.06372 3.04 0.72
0.06376 3.12 0.72
0.0638 3.12 0.8
0.06384 3.12 0.96
0.06388 3.12 1.04
0.06392 3.2 1.12
0.06396 3.28 1.2
0.064 3.2 1.28
0.06404 3.28 1.36
0.06408 3.28 1.36
0.06412 3.28 1.44
0.06416 3.28 1.6
0.0642 3.28 1.68
0.06424 3.28 1.76
0.06428 3.44 1.84
0.06432 3.44 1.92
0.06436 3.36 2
0.0644 3.44 2.16
0.06444 3.44 2.24
0.06448 3.44 2.32
0.06452 3.44 2.4
0.06456 3.44 2.4
0.0646 3.44 2.56
0.06464 3.52 2.56
0.06468 3.44 2.64
0.06472 3.44 2.72
0.06476 3.52 2.72
0.0648 3.52 2.88
0.06484 3.52 2.96
0.06488 3.44 3.04
0.06492 3.52 3.12
0.06496 3.52 3.2
0.065 3.52 3.28
0.06504 3.52 3.36
0.06508 3.52 3.44
0.06512 3.52 3.52
0.06516 3.52 3.52
0.0652 3.52 3.6
0.06524 3.52 3.68
0.06528 3.52 3.68
0.06532 3.52 3.84
0.06536 3.52 3.84
0.0654 3.52 3.84
0.06544 3.44 3.92
0.06548 3.44 4
0.06552 3.52 4.08
0.06556 3.44 4.16
0.0656 3.44 4.16
0.06564 3.44 4.24
0.06568 3.44 4.32
0.06572 3.44 4.4
0.06576 3.44 4.48
0.0658 3.44 4.48
0.06584 3.44 4.56
0.06588 3.44 4.56
0.06592 3.28 4.64
0.06596 3.36 4.72
0.066 3.28 4.72
0.06604 3.28 4.8
0.06608 3.28 4.8
0.06612 3.2 4.88
0.06616 3.2 4.88
0.0662 3.2 4.96
0.06624 3.2 4.96
0.06628 3.2 5.12
0.06632 3.12 5.12
0.06636 3.12 5.12
0.0664 3.12 5.12
0.06644 3.12 5.2
0.06648 2.96 5.2
0.06652 3.04 5.2
0.06656 2.96 5.28
0.0666 2.96 5.28
0.06664 2.88 5.36
0.06668 2.88 5.36
0.06672 2.88 5.44
0.06676 2.88 5.44
0.0668 2.8 5.44
0.06684 2.8 5.52
0.06688 2.64 5.44
0.06692 2.64 5.52
0.06696 2.64 5.52
0.067 2.64 5.52
0.06704 2.56 5.6
0.06708 2.56 5.6
0.06712 2.48 5.6
0.06716 2.48 5.6
0.0672 2.48 5.6
0.06724 2.48 5.6
0.06728 2.4 5.6
0.06732 2.32 5.6
0.06736 2.32 5.68
0.0674 2.24 5.6
0.06744 2.16 5.68
0.06748 2.16 5.68
0.06752 2.16 5.68
0.06756 2.08 5.68
0.0676 2 5.68
0.06764 2 5.68
0.06768 1.92 5.68
0.06772 1.92 5.68
0.06776 1.92 5.68
0.0678 1.84 5.68
0.06784 1.84 5.68
0.06788 1.76 5.6
0.06792 1.68 5.6
0.06796 1.68 5.6
0.068 1.6 5.52
0.06804 1.52 5.52
0.06808 1.52 5.52
0.06812 1.44 5.52
0.06816 1.36 5.52
0.0682 1.36 5.52
0.06824 1.28 5.52
0.06828 1.28 5.52
0.06832 1.2 5.44
0.06836 1.2 5.44
0.0684 1.04 5.44
0.06844 1.04 5.36
0.06848 1.04 5.28
0.06852 0.88 5.28
0.06856 0.88 5.28
0.0686 0.88 5.28
0.06864 0.8 5.2
0.06868 0.72 5.12
0.06872 0.64 5.12
0.06876 0.64 5.12
0.0688 0.56 5.04
0.06884 0.56 5.04
0.06888 0.48 5.04
0.06892 0.4 5.04
0.06896 0.4 4.88
0.069 0.32 4.88
0.06904 0.24 4.8
0.06908 0.24 4.72
0.06912 0.24 4.64
0.06916 0.08 4.64
0.0692 0 4.56
0.06924 0 4.56
0.06928 -0.16 4.48
0.06932 -0.16 4.48
0.06936 -0.24 4.4
0.0694 -0.32 4.4
0.06944 -0.32 4.32
0.06948 -0.4 4.24
0.06952 -0.48 4.24
0.06956 -0.48 4.16
0.0696 -0.48 4.08
0.06964 -0.64 3.92
0.06968 -0.72 3.92
0.06972 -0.72 3.84
0.06976 -0.8 3.76
0.0698 -0.8 3.68
0.06984 -0.96 3.6
0.06988 -0.96 3.6
0.06992 -1.04 3.52
0.06996 -1.04 3.52
0.07 -1.04 3.36
0.07004 -1.12 3.36
0.07008 -1.12 3.28
0.07012 -1.28 3.2
0.07016 -1.28 3.12
0.0702 -1.36 3.12
0.07024 -1.44 2.96
0.07028 -1.44 2.96
0.07032 -1.44 2.88
0.07036 -1.52 2.72
0.0704 -1.6 2.72
0.07044 -1.6 2.56
0.07048 -1.76 2.56
0.07052 -1.76 2.48
0.07056 -1.76 2.4
0.0706 -1.84 2.32
0.07064 -1.92 2.24
0.07068 -1.92 2.16
0.07072 -2 2.08
0.07076 -2.08 2
0.0708 -2.08 1.92
0.07084 -2.08 1.76
0.07088 -2.08 1.68
0.07092 -2.24 1.68
0.07096 -2.24 1.6
0.071 -2.24 1.44
0.07104 -2.32 1.36
0.07108 -2.4 1.28
0.07112 -2.4 1.28
0.07116 -2.4 1.12
0.0712 -2.4 1.04
0.07124 -2.56 0.96
0.07128 -2.56 0.96
0.07132 -2.64 0.88
0.07136 -2.64 0.8
0.0714 -2.64 0.64
0.07144 -2.72 0.56
0.07148 -2.72 0.48
0.07152 -2.72 0.32
0.07156 -2.8 0.32
0.0716 -2.88 0.16
0.07164 -2.88 0.08
0.07168 -2.96 0
0.07172 -2.96 0
0.07176 -2.96 -0.16
0.0718 -2.96 -0.24
0.07184 -3.04 -0.4
0.07188 -3.04 -0.4
0.07192 -3.04 -0.56
0.07196 -3.04 -0.56
0.072 -3.2 -0.72
0.07204 -3.12 -0.8
0.07208 -3.28 -0.88
0.07212 -3.2 -0.96
0.07216 -3.28 -1.04
0.0722 -3.28 -1.2
0.07224 -3.28 -1.2
0.07228 -3.36 -1.28
0.07232 -3.36 -1.36
0.07236 -3.36 -1.44
0.0724 -3.36 -1.52
0.07244 -3.36 -1.6
0.07248 -3.36 -1.68
0.07252 -3.52 -1.76
0.07256 -3.44 -1.84
0.0726 -3.52 -1.92
0.07264 -3.52 -2
0.07268 -3.52 -2.16
0.07272 -3.52 -2.24
0.07276 -3.6 -2.32
0.0728 -3.6 -2.48
0.07284 -3.6 -2.48
0.07288 -3.6 -2.56
0.07292 -3.6 -2.64
0.07296 -3.6 -2.64
0.073 -3.6 -2.72
0.07304 -3.6 -2.8
0.07308 -3.68 -2.88
0.07312 -3.68 -2.96
0.07316 -3.68 -2.96
0.0732 -3.6 -3.12
0.07324 -3.68 -3.2
0.07328 -3.68 -3.28
0.07332 -3.68 -3.36
0.07336 -3.68 -3.44
0.0734 -3.68 -3.52
0.07344 -3.68 -3.52
0.07348 -3.68 -3.68
0.07352 -3.68 -3.68
0.07356 -3.6 -3.76
0.0736 -3.68 -3.92
0.07364 -3.68 -3.92
0.07368 -3.68 -3.92
0.07372 -3.6 -4
0.07376 -3.68 -4.08
0.0738 -3.68 -4.08
0.07384 -3.68 -4.16
0.07388 -3.6 -4.24
0.07392 -3.6 -4.24
0.07396 -3.6 -4.4
0.074 -3.6 -4.4
0.07404 -3.6 -4.48
0.07408 -3.6 -4.56
0.07412 -3.6 -4.56
0.07416 -3.6 -4.72
0.0742 -3.52 -4.72
0.07424 -3.6 -4.72
0.07428 -3.52 -4.8
0.07432 -3.52 -4.88
0.07436 -3.44 -4.88
0.0744 -3.44 -4.88
0.07444 -3.44 -5.04
0.07448 -3.36 -5.04
0.07452 -3.36 -5.12
0.07456 -3.36 -5.12
0.0746 -3.36 -5.12
0.07464 -3.36 -5.2
0.07468 -3.28 -5.2
0.07472 -3.28 -5.28
0.07476 -3.2 -5.28
0.0748 -3.2 -5.36
0.07484 -3.2 -5.36
0.07488 -3.2 -5.44
0.07492 -3.12 -5.52
0.07496 -3.04 -5.44
0.075 -3.04 -5.52
0.07504 -3.04 -5.52
0.07508 -2.96 -5.52
0.07512 -3.04 -5.6
0.07516 -2.96 -5.6
0.0752 -2.96 -5.6
0.07524 -2.88 -5.6
0.07528 -2.88 -5.68
0.07532 -2.8 -5.68
0.07536 -2.72 -5.76
0.0754 -2.72 -5.76
0.07544 -2.72 -5.76
0.07548 -2.72 -5.76
0.07552 -2.64 -5.76
0.07556 -2.56 -5.84
0.0756 -2.56 -5.76
0.07564 -2.56 -5.76
0.07568 -2.4 -5.76
0.07572 -2.4 -5.76
0.07576 -2.4 -5.68
0.0758 -2.4 -5.76
0.07584 -2.32 -5.76
0.07588 -2.24 -5.84
0.07592 -2.24 -5.76
0.07596 -2.24 -5.76
0.076 -2.08 -5.84
0.07604 -2.08 -5.84
0.07608 -2.08 -5.84
0.07612 -2 -5.84
0.07616 -2 -5.84
0.0762 -1.92 -5.76
0.07624 -1.84 -5.68
0.07628 -1.76 -5.68
0.07632 -1.76 -5.68
0.07636 -1.76 -5.68
0.0764 -1.68 -5.68
0.07644 -1.6 -5.68
0.07648 -1.6 -5.68
0.07652 -1.6 -5.68
0.07656 -1.44 -5.6
0.0766 -1.44 -5.6
0.07664 -1.44 -5.6
0.07668 -1.36 -5.52
0.07672 -1.36 -5.52
0.07676 -1.28 -5.52
0.0768 -1.2 -5.44
0.07684 -1.12 -5.36
0.07688 -1.04 -5.36
0.07692 -1.04 -5.36
0.07696 -0.96 -5.28
0.077 -0.96 -5.28
0.07704 -0.88 -5.2
0.07708 -0.8 -5.2
0.07712 -0.72 -5.2
0.07716 -0.72 -5.2
0.0772 -0.64 -5.2
0.07724 -0.64 -5.12
0.07728 -0.48 -5.12
0.07732 -0.48 -5.12
0.07736 -0.48 -4.96
0.0774 -0.4 -4.88
0.07744 -0.4 -4.88
0.07748 -0.32 -4.8
0.07752 -0.24 -4.72
0.07756 -0.16 -4.72
0.0776 -0.16 -4.64
0.07764 0 -4.56
0.07768 0 -4.56
0.07772 0.16 -4.48
0.07776 0.24 -4.4
0.0778 0.24 -4.4
0.07784 0.24 -4.32
0.07788 0.24 -4.24
0.07792 0.4 -4.24
0.07796 0.4 -4.24
0.078 0.4 -4.08
0.07804 0.56 -4
0.07808 0.56 -3.92
0.07812 0.64 -3.92
0.07816 0.64 -3.84
0.0782 0.72 -3.84
0.07824 0.72 -3.68
0.07828 0.88 -3.6
0.07832 0.88 -3.52
0.07836 0.96 -3.52
0.0784 1.04 -3.44
0.07844 1.04 -3.36
0.07848 1.2 -3.28
0.07852 1.2 -3.28
0.07856 1.2 -3.12
0.0786 1.28 -3.12
0.07864 1.28 -2.96
0.07868 1.36 -2.96
0.07872 1.52 -2.88
0.07876 1.52 -2.8
0.0788 1.52 -2.72
0.07884 1.52 -2.56
0.07888 1.6 -2.48
0.07892 1.68 -2.48
0.07896 1.68 -2.4
0.079 1.68 -2.32
0.07904 1.84 -2.24
0.07908 1.84 -2.16
0.07912 1.92 -2.08
0.07916 1.92 -2
0.0792 2 -1.92
0.07924 2 -1.84
0.07928 2.08 -1.68
0.07932 2.16 -1.68
0.07936 2.16 -1.52
0.0794 2.16 -1.52
0.07944 2.16 -1.36
0.07948 2.24 -1.28
0.07952 2.32 -1.28
0.07956 2.32 -1.2
0.0796 2.32 -1.12
0.07964 2.48 -1.04
0.07968 2.48 -0.96
0.07972 2.48 -0.8
0.07976 2.56 -0.72
0.0798 2.56 -0.64
0.07984 2.64 -0.48
0.07988 2.64 -0.4
0.07992 2.64 -0.32
0.07996 2.72 -0.24
0.08 2.8 -0.24
0.08004 2.8 0
0.08008 2.8 0
0.08012 2.88 0.08
0.08016 2.88 0.16
0.0802 2.88 0.24
0.08024 2.96 0.32
0.08028 2.96 0.4
0.08032 2.96 0.48
0.08036 3.04 0.64
0.0804 3.12 0.72
0.08044 3.12 0.8
0.08048 3.04 0.88
0.08052 3.12 1.04
0.08056 3.12 1.12
0.0806 3.2 1.12
0.08064 3.2 1.28
0.08068 3.2 1.28
0.08072 3.2 1.36
0.08076 3.2 1.44
0.0808 3.2 1.44
0.08084 3.28 1.6
0.08088 3.28 1.68
0.08092 3.36 1.76
0.08096 3.36 1.84
0.081 3.44 1.92
0.08104 3.44 2
0.08108 3.44 2.08
0.08112 3.44 2.24
0.08116 3.44 2.32
0.0812 3.44 2.32
0.08124 3.44 2.48
0.08128 3.44 2.56
0.08132 3.44 2.64
0.08136 3.52 2.64
0.0814 3.44 2.72
0.08144 3.44 2.88
0.08148 3.52 2.88
0.08152 3.44 2.96
0.08156 3.52 3.04
0.0816 3.52 3.12
0.08164 3.52 3.2
0.08168 3.52 3.28
0.08172 3.52 3.36
0.08176 3.52 3.44
0.0818 3.52 3.52
0.08184 3.52 3.52
0.08188 3.52 3.6
0.08192 3.52 3.68
0.08196 3.52 3.76
0.082 3.52 3.84
0.08204 3.52 3.84
0.08208 3.44 3.92
0.08212 3.52 3.92
0.08216 3.44 4
0.0822 3.44 4.16
0.08224 3.44 4.16
0.08228 3.44 4.16
0.08232 3.44 4.24
0.08236 3.44 4.32
0.0824 3.44 4.32
0.08244 3.44 4.48
0.08248 3.36 4.56
0.08252 3.44 4.56
0.08256 3.44 4.64
0.0826 3.44 4.72
0.08264 3.44 4.8
0.08268 3.28 4.8
0.08272 3.28 4.8
0.08276 3.28 4.88
0.0828 3.28 4.88
0.08284 3.2 4.88
0.08288 3.2 4.88
0.08292 3.2 4.96
0.08296 3.2 4.96
0.083 3.12 5.04
0.08304 3.12 5.12
0.08308 3.12 5.12
0.08312 3.12 5.2
0.08316 3.12 5.28
0.0832 2.96 5.28
0.08324 2.96 5.28
0.08328 2.96 5.36
0.08332 2.88 5.36
0.08336 2.88 5.36
0.0834 2.88 5.44
0.08344 2.88 5.44
0.08348 2.88 5.44
0.08352 2.8 5.44
0.08356 2.72 5.44
0.0836 2.64 5.52
0.08364 2.64 5.52
0.08368 2.64 5.6
0.08372 2.56 5.6
0.08376 2.56 5.6
0.0838 2.56 5.68
0.08384 2.56 5.6
0.08388 2.48 5.6
0.08392 2.32 5.6
0.08396 2.32 5.6
0.084 2.32 5.6
0.08404 2.24 5.6
0.08408 2.24 5.6
0.08412 2.24 5.68
0.08416 2.16 5.6
0.0842 2.08 5.68
0.08424 2.08 5.68
0.08428 2.08 5.68
0.08432 2 5.76
0.08436 2 5.68
0.0844 1.92 5.68
0.08444 1.84 5.68
0.08448 1.84 5.68
0.08452 1.68 5.68
0.08456 1.68 5.6
0.0846 1.68 5.6
0.08464 1.6 5.52
0.08468 1.52 5.52
0.08472 1.52 5.52
0.08476 1.52 5.52
0.0848 1.52 5.52
0.08484 1.36 5.44
0.08488 1.28 5.44
0.08492 1.28 5.52
0.08496 1.2 5.44
0.085 1.2 5.44
0.08504 1.2 5.44
0.08508 1.12 5.44
0.08512 1.04 5.36
0.08516 1.04 5.28
0.0852 0.88 5.28
0.08524 0.88 5.28
0.08528 0.8 5.2
0.08532 0.8 5.2
0.08536 0.72 5.2
0.0854 0.64 5.12
0.08544 0.64 5.12
0.08548 0.56 5.12
0.08552 0.48 5.04
0.08556 0.4 5.04
0.0856 0.4 4.88
0.08564 0.4 4.88
0.08568 0.32 4.8
0.08572 0.24 4.8
0.08576 0.24 4.8
0.0858 0.08 4.72
0.08584 0.16 4.64
0.08588 0.08 4.56
0.08592 0 4.56
0.08596 -0.16 4.48
0.086 -0.16 4.48
0.08604 -0.16 4.4
0.08608 -0.32 4.32
0.08612 -0.32 4.32
0.08616 -0.48 4.24
0.0862 -0.48 4.24
0.08624 -0.56 4.08
0.08628 -0.64 4.08
0.08632 -0.64 3.92
0.08636 -0.72 3.92
0.0864 -0.72 3.84
0.08644 -0.8 3.76
0.08648 -0.8 3.68
0.08652 -0.88 3.6
0.08656 -0.96 3.6
0.0866 -1.04 3.52
0.08664 -1.12 3.44
0.08668 -1.12 3.36
0.08672 -1.12 3.36
0.08676 -1.2 3.28
0.0868 -1.28 3.2
0.08684 -1.28 3.12
0.08688 -1.44 3.04
0.08692 -1.44 2.96
0.08696 -1.44 2.88
0.087 -1.52 2.8
0.08704 -1.6 2.72
0.08708 -1.6 2.64
0.08712 -1.68 2.64
0.08716 -1.68 2.56
0.0872 -1.76 2.48
0.08724 -1.76 2.4
0.08728 -1.84 2.32
0.08732 -1.92 2.24
0.08736 -1.92 2.16
0.0874 -1.92 2.08
0.08744 -2.08 1.92
0.08748 -2.08 1.92
0.08752 -2.08 1.76
0.08756 -2.08 1.68
0.0876 -2.24 1.6
0.08764 -2.24 1.44
0.08768 -2.32 1.36
0.08772 -2.32 1.28
0.08776 -2.4 1.28
0.0878 -2.4 1.12
0.08784 -2.4 1.12
0.08788 -2.48 0.96
0.08792 -2.56 0.96
0.08796 -2.56 0.88
0.088 -2.64 0.8
0.08804 -2.64 0.72
0.08808 -2.72 0.64
0.08812 -2.72 0.56
0.08816 -2.72 0.48
0.0882 -2.72 0.4
0.08824 -2.88 0.32
0.08828 -2.88 0.16
0.08832 -2.88 0.08
0.08836 -2.88 0
0.0884 -2.96 -0.24
0.08844 -2.96 -0.24
0.08848 -2.96 -0.32
0.08852 -2.96 -0.4
0.08856 -3.04 -0.56
0.0886 -3.12 -0.56
0.08864 -3.04 -0.64
0.08868 -3.2 -0.72
0.08872 -3.2 -0.8
0.08876 -3.28 -0.96
0.0888 -3.28 -0.96
0.08884 -3.28 -1.04
0.08888 -3.28 -1.2
0.08892 -3.36 -1.28
0.08896 -3.36 -1.28
0.089 -3.36 -1.36
0.08904 -3.36 -1.52
0.08908 -3.44 -1.6
0.08912 -3.36 -1.6
0.08916 -3.52 -1.76
0.0892 -3.44 -1.84
0.08924 -3.52 -1.84
0.08928 -3.52 -2
0.08932 -3.52 -2
0.08936 -3.52 -2.16
0.0894 -3.6 -2.24
0.08944 -3.6 -2.32
0.08948 -3.6 -2.32
0.08952 -3.6 -2.48
0.08956 -3.6 -2.56
0.0896 -3.6 -2.56
0.08964 -3.6 -2.72
0.08968 -3.68 -2.8
0.08972 -3.6 -2.88
0.08976 -3.68 -2.96
0.0898 -3.68 -2.96
0.08984 -3.68 -3.12
0.08988 -3.68 -3.2
0.08992 -3.68 -3.2
0.08996 -3.68 -3.28
0.09 -3.68 -3.28
0.09004 -3.68 -3.44
0.09008 -3.68 -3.44
0.09012 -3.68 -3.52
0.09016 -3.68 -3.6
0.0902 -3.68 -3.76
0.09024 -3.68 -3.84
0.09028 -3.68 -3.92
0.09032 -3.68 -4
0.09036 -3.68 -4
0.0904 -3.68 -4.08
0.09044 -3.68 -4.08
0.09048 -3.68 -4.24
0.09052 -3.68 -4.24
0.09056 -3.68 -4.24
0.0906 -3.6 -4.32
0.09064 -3.6 -4.32
0.09068 -3.6 -4.4
0.09072 -3.6 -4.48
0.09076 -3.52 -4.56
0.0908 -3.52 -4.64
0.09084 -3.52 -4.72
0.09088 -3.52 -4.72
0.09092 -3.52 -4.88
0.09096 -3.52 -4.88
0.091 -3.52 -4.88
0.09104 -3.52 -4.96
0.09108 -3.52 -4.88
0.09112 -3.36 -4.96
0.09116 -3.36 -5.04
0.0912 -3.36 -5.04
0.09124 -3.36 -5.12
0.09128 -3.28 -5.12
0.09132 -3.28 -5.2
0.09136 -3.28 -5.2
0.0914 -3.28 -5.28
0.09144 -3.28 -5.36
0.09148 -3.2 -5.36
0.09152 -3.2 -5.44
0.09156 -3.12 -5.44
0.0916 -3.12 -5.44
0.09164 -3.04 -5.44
0.09168 -3.12 -5.52
0.09172 -3.04 -5.52
0.09176 -3.04 -5.52
0.0918 -2.96 -5.52
0.09184 -2.96 -5.52
0.09188 -2.88 -5.52
0.09192 -2.88 -5.6
0.09196 -2.88 -5.6
0.092 -2.88 -5.6
0.09204 -2.72 -5.6
0.09208 -2.72 -5.76
0.09212 -2.72 -5.76
0.09216 -2.64 -5.76
0.0922 -2.64 -5.76
0.09224 -2.56 -5.76
0.09228 -2.56 -5.84
0.09232 -2.56 -5.84
0.09236 -2.4 -5.84
0.0924 -2.4 -5.76
0.09244 -2.4 -5.76
0.09248 -2.32 -5.76
0.09252 -2.32 -5.76
0.09256 -2.24 -5.84
0.0926 -2.24 -5.76
0.09264 -2.16 -5.76
0.09268 -2.08 -5.76
0.09272 -2.08 -5.76
0.09276 -2.08 -5.76
0.0928 -2 -5.84
0.09284 -2 -5.84
0.09288 -1.92 -5.76
0.09292 -1.92 -5.76
0.09296 -1.76 -5.68
0.093 -1.76 -5.76
0.09304 -1.76 -5.68
0.09308 -1.68 -5.68
0.09312 -1.6 -5.68
0.09316 -1.6 -5.6
0.0932 -1.6 -5.6
0.09324 -1.44 -5.6
0.09328 -1.44 -5.6
0.09332 -1.44 -5.52
0.09336 -1.36 -5.6
0.0934 -1.28 -5.52
0.09344 -1.28 -5.44
0.09348 -1.12 -5.52
0.09352 -1.12 -5.44
0.09356 -1.04 -5.44
0.0936 -1.04 -5.36
0.09364 -0.96 -5.28
0.09368 -0.88 -5.2
0.09372 -0.8 -5.2
0.09376 -0.8 -5.2
0.0938 -0.8 -5.12
0.09384 -0.72 -5.2
0.09388 -0.64 -5.12
0.09392 -0.64 -5.12
0.09396 -0.48 -5.04
0.094 -0.48 -5.04
0.09404 -0.4 -4.96
0.09408 -0.32 -4.88
0.09412 -0.32 -4.88
0.09416 -0.32 -4.72
0.0942 -0.24 -4.72
0.09424 -0.16 -4.56
0.09428 0 -4.56
0.09432 0 -4.56
0.09436 0.08 -4.48
0.0944 0.16 -4.48
0.09444 0.16 -4.48
0.09448 0.24 -4.4
0.09452 0.24 -4.32
0.09456 0.32 -4.24
0.0946 0.32 -4.24
0.09464 0.4 -4.16
0.09468 0.48 -4.08
0.09472 0.56 -4
0.09476 0.56 -3.92
0.0948 0.64 -3.92
0.09484 0.72 -3.84
0.09488 0.72 -3.76
0.09492 0.8 -3.68
0.09496 0.88 -3.6
0.095 0.88 -3.52
0.09504 0.96 -3.52
0.09508 1.04 -3.44
0.09512 1.04 -3.36
0.09516 1.12 -3.36
0.0952 1.2 -3.2
0.09524 1.2 -3.12
0.09528 1.28 -3.04
0.09532 1.36 -3.04
0.09536 1.36 -2.88
0.0954 1.44 -2.8
0.09544 1.52 -2.72
0.09548 1.52 -2.64
0.09552 1.6 -2.56
0.09556 1.6 -2.48
0.0956 1.6 -2.4
0.09564 1.68 -2.32
0.09568 1.84 -2.24
0.09572 1.84 -2.24
0.09576 1.84 -2.16
0.0958 1.84 -2.08
0.09584 1.92 -2
0.09588 2 -1.92
0.09592 2 -1.76
0.09596 2.16 -1.68
0.096 2.16 -1.6
0.09604 2.16 -1.52
0.09608 2.16 -1.44
0.09612 2.24 -1.36
0.09616 2.32 -1.28
0.0962 2.32 -1.2
0.09624 2.32 -1.12
0.09628 2.48 -1.04
0.09632 2.48 -0.88
0.09636 2.48 -0.8
0.0964 2.56 -0.72
0.09644 2.56 -0.72
0.09648 2.64 -0.64
0.09652 2.56 -0.48
0.09656 2.64 -0.48
0.0966 2.64 -0.32
0.09664 2.8 -0.24
0.09668 2.8 -0.24
0.09672 2.8 0
0.09676 2.8 0
0.0968 2.8 0.16
0.09684 2.88 0.24
0.09688 2.96 0.32
0.09692 2.96 0.4
0.09696 2.96 0.4
0.097 2.96 0.56
0.09704 3.04 0.72
0.09708 3.04 0.8
0.09712 3.12 0.8
0.09716 3.12 0.88
0.0972 3.12 1.04
0.09724 3.12 1.04
0.09728 3.2 1.12
0.09732 3.2 1.28
0.09736 3.2 1.28
0.0974 3.28 1.36
0.09744 3.28 1.52
0.09748 3.28 1.6
0.09752 3.28 1.68
0.09756 3.28 1.76
0.0976 3.36 1.76
0.09764 3.28 1.92
0.09768 3.44 2
0.09772 3.36 2
0.09776 3.44 2.08
0.0978 3.44 2.24
0.09784 3.44 2.24
0.09788 3.44 2.32
0.09792 3.44 2.48
0.09796 3.44 2.56
0.098 3.44 2.64
0.09804 3.52 2.72
0.09808 3.44 2.88
0.09812 3.52 2.88
0.09816 3.44 2.96
0.0982 3.52 2.96
0.09824 3.52 3.04
0.09828 3.52 3.12
0.09832 3.44 3.2
0.09836 3.52 3.28
0.0984 3.52 3.28
0.09844 3.44 3.36
0.09848 3.52 3.44
0.09852 3.52 3.52
0.09856 3.52 3.6
0.0986 3.44 3.68
0.09864 3.52 3.84
0.09868 3.52 3.84
0.09872 3.52 3.92
0.09876 3.52 3.92
0.0988 3.44 4
0.09884 3.44 4.08
0.09888 3.44 4.08
0.09892 3.44 4.16
0.09896 3.44 4.24
0.099 3.44 4.24
0.09904 3.44 4.32
0.09908 3.44 4.32
0.09912 3.44 4.48
0.09916 3.36 4.56
0.0992 3.44 4.56
0.09924 3.44 4.64
0.09928 3.36 4.72
0.09932 3.36 4.72
0.09936 3.28 4.8
0.0994 3.28 4.8
0.09944 3.28 4.88
0.09948 3.2 4.88
0.09952 3.2 4.96
0.09956 3.28 4.96
0.0996 3.2 5.04
0.09964 3.2 5.04
0.09968 3.12 5.12
0.09972 3.12 5.12
0.09976 3.12 5.2
0.0998 3.04 5.2
0.09984 3.04 5.2
0.09988 2.96 5.28
0.09992 2.96 5.36
0.09996 2.96 5.36
0.1 2.88 5.36
0.10004 2.88 5.44
0.10008 2.88 5.44
0.10012 2.8 5.44
0.10016 2.8 5.44
0.1002 2.8 5.44
0.10024 2.8 5.52
0.10028 2.64 5.52
0.10032 2.64 5.52
0.10036 2.64 5.52
0.1004 2.56 5.6
0.10044 2.48 5.52
0.10048 2.48 5.6
0.10052 2.48 5.6
0.10056 2.48 5.6
0.1006 2.48 5.6
0.10064 2.32 5.6
0.10068 2.32 5.6
0.10072 2.24 5.68
0.10076 2.24 5.68
0.1008 2.16 5.68
0.10084 2.16 5.68
0.10088 2.16 5.68
0.10092 2.08 5.6
0.10096 2 5.6
0.101 1.92 5.6
0.10104 2 5.68
0.10108 1.92 5.76
0.10112 1.92 5.76
0.10116 1.84 5.68
0.1012 1.76 5.6
0.10124 1.68 5.6
0.10128 1.68 5.68
0.10132 1.68 5.52
0.10136 1.52 5.52
0.1014 1.52 5.52
0.10144 1.52 5.52
0.10148 1.52 5.44
0.10152 1.36 5.44
0.10156 1.36 5.52
0.1016 1.36 5.44
0.10164 1.28 5.52
0.10168 1.2 5.44
0.10172 1.2 5.36
0.10176 1.12 5.36
0.1018 1.04 5.36
0.10184 0.96 5.28
0.10188 0.88 5.28
0.10192 0.88 5.2
0.10196 0.8 5.2
0.102 0.72 5.12
0.10204 0.72 5.2
0.10208 0.64 5.04
0.10212 0.64 5.04
0.10216 0.56 5.04
0.1022 0.48 5.04
0.10224 0.48 4.96
0.10228 0.32 4.96
0.10232 0.32 4.88
0.10236 0.32 4.88
0.1024 0.24 4.8
0.10244 0.24 4.72
0.10248 0.16 4.64
0.10252 0.08 4.64
0.10256 0 4.56
0.1026 0 4.48
0.10264 -0.16 4.48
0.10268 -0.16 4.4
0.10272 -0.32 4.32
0.10276 -0.32 4.32
0.1028 -0.4 4.24
0.10284 -0.4 4.16
0.10288 -0.48 4.16
0.10292 -0.48 4.16
0.10296 -0.64 4.08
0.103 -0.64 4
0.10304 -0.64 3.92
0.10308 -0.72 3.84
0.10312 -0.8 3.76
0.10316 -0.88 3.68
0.1032 -0.96 3.6
0.10324 -0.96 3.52
0.10328 -1.04 3.44
0.10332 -1.12 3.44
0.10336 -1.12 3.36
0.1034 -1.12 3.28
0.10344 -1.12 3.2
0.10348 -1.28 3.12
0.10352 -1.36 3.04
0.10356 -1.36 2.96
0.1036 -1.44 2.96
0.10364 -1.44 2.88
0.10368 -1.52 2.8
0.10372 -1.6 2.8
0.10376 -1.68 2.64
0.1038 -1.68 2.56
0.10384 -1.76 2.48
0.10388 -1.76 2.4
0.10392 -1.76 2.32
0.10396 -1.92 2.24
0.104 -1.92 2.16
0.10404 -2 2.16
0.10408 -2 2.08
0.10412 -2.08 1.92
0.10416 -2.08 1.84
0.1042 -2.16 1.68
0.10424 -2.16 1.68
0.10428 -2.24 1.6
0.10432 -2.32 1.52
0.10436 -2.32 1.44
0.1044 -2.32 1.36
0.10444 -2.4 1.28
0.10448 -2.4 1.12
0.10452 -2.4 1.12
0.10456 -2.48 1.04
0.1046 -2.56 0.96
0.10464 -2.56 0.8
0.10468 -2.56 0.72
0.10472 -2.64 0.64
0.10476 -2.72 0.56
0.1048 -2.72 0.48
0.10484 -2.72 0.4
0.10488 -2.88 0.4
0.10492 -2.88 0.32
0.10496 -2.88 0.16
0.105 -2.88 0.16
0.10504 -2.96 0
0.10508 -2.96 -0.16
0.10512 -3.04 -0.24
0.10516 -3.04 -0.4
0.1052 -3.04 -0.4
0.10524 -3.04 -0.56
0.10528 -3.2 -0.64
0.10532 -3.2 -0.72
0.10536 -3.2 -0.8
0.1054 -3.2 -0.88
0.10544 -3.28 -0.88
0.10548 -3.2 -0.96
0.10552 -3.28 -1.04
0.10556 -3.28 -1.12
0.1056 -3.36 -1.2
0.10564 -3.36 -1.28
0.10568 -3.36 -1.36
0.10572 -3.36 -1.52
0.10576 -3.36 -1.6
0.1058 -3.44 -1.68
0.10584 -3.52 -1.84
0.10588 -3.44 -1.84
0.10592 -3.52 -2
0.10596 -3.52 -2
0.106 -3.52 -2.08
0.10604 -3.6 -2.16
0.10608 -3.6 -2.24
0.10612 -3.6 -2.32
0.10616 -3.6 -2.32
0.1062 -3.6 -2.48
0.10624 -3.6 -2.56
0.10628 -3.6 -2.64
0.10632 -3.6 -2.8
0.10636 -3.68 -2.88
0.1064 -3.6 -2.96
0.10644 -3.68 -2.96
0.10648 -3.68 -3.12
0.10652 -3.68 -3.12
0.10656 -3.68 -3.2
0.1066 -3.68 -3.2
0.10664 -3.68 -3.28
0.10668 -3.68 -3.36
0.10672 -3.68 -3.44
0.10676 -3.68 -3.52
0.1068 -3.68 -3.6
0.10684 -3.68 -3.6
0.10688 -3.68 -3.76
0.10692 -3.68 -3.84
0.10696 -3.68 -3.84
0.107 -3.68 -3.92
0.10704 -3.68 -4.08
0.10708 -3.68 -4.08
0.10712 -3.68 -4.16
0.10716 -3.68 -4.16
0.1072 -3.6 -4.24
0.10724 -3.68 -4.32
0.10728 -3.6 -4.4
0.10732 -3.6 -4.4
0.10736 -3.6 -4.48
0.1074 -3.6 -4.48
0.10744 -3.6 -4.56
0.10748 -3.52 -4.56
0.10752 -3.6 -4.64
0.10756 -3.52 -4.72
0.1076 -3.52 -4.8
0.10764 -3.52 -4.8
0.10768 -3.52 -4.88
0.10772 -3.44 -4.88
0.10776 -3.44 -4.96
0.1078 -3.44 -5.04
0.10784 -3.36 -5.04
0.10788 -3.36 -5.04
0.10792 -3.36 -5.12
0.10796 -3.28 -5.2
0.108 -3.28 -5.2
0.10804 -3.28 -5.2
0.10808 -3.28 -5.28
0.10812 -3.28 -5.36
0.10816 -3.2 -5.36
0.1082 -3.2 -5.36
0.10824 -3.2 -5.44
0.10828 -3.12 -5.44
0.10832 -3.04 -5.44
0.10836 -3.04 -5.52
0.1084 -3.04 -5.52
0.10844 -2.96 -5.52
0.10848 -2.96 -5.52
0.10852 -2.96 -5.52
0.10856 -2.88 -5.6
0.1086 -2.88 -5.6
0.10864 -2.88 -5.68
0.10868 -2.72 -5.68
0.10872 -2.72 -5.68
0.10876 -2.72 -5.76
0.1088 -2.64 -5.76
0.10884 -2.64 -5.76
0.10888 -2.64 -5.84
0.10892 -2.56 -5.84
0.10896 -2.56 -5.84
0.109 -2.4 -5.84
0.10904 -2.4 -5.76
0.10908 -2.4 -5.84
0.10912 -2.4 -5.76
0.10916 -2.32 -5.76
0.1092 -2.24 -5.76
0.10924 -2.24 -5.76
0.10928 -2.24 -5.84
0.10932 -2.16 -5.76
0.10936 -2.08 -5.76
0.1094 -2 -5.76
0.10944 -2 -5.76
0.10948 -1.92 -5.84
0.10952 -2 -5.76
0.10956 -1.92 -5.76
0.1096 -1.84 -5.76
0.10964 -1.76 -5.76
0.10968 -1.76 -5.68
0.10972 -1.68 -5.68
0.10976 -1.6 -5.68
0.1098 -1.6 -5.6
0.10984 -1.6 -5.6
0.10988 -1.44 -5.6
0.10992 -1.44 -5.6
0.10996 -1.44 -5.6
0.11 -1.36 -5.6
0.11004 -1.36 -5.6
0.11008 -1.28 -5.52
0.11012 -1.12 -5.52
0.11016 -1.12 -5.52
0.1102 -1.12 -5.44
0.11024 -1.12 -5.36
0.11028 -1.04 -5.36
0.11032 -0.96 -5.28
0.11036 -0.96 -5.2
0.1104 -0.88 -5.2
0.11044 -0.8 -5.12
0.11048 -0.72 -5.12
0.11052 -0.64 -5.12
0.11056 -0.64 -5.04
0.1106 -0.64 -5.04
0.11064 -0.48 -5.04
0.11068 -0.48 -4.96
0.11072 -0.4 -4.88
0.11076 -0.4 -4.88
0.1108 -0.32 -4.8
0.11084 -0.32 -4.8
0.11088 -0.16 -4.72
0.11092 -0.16 -4.72
0.11096 -0.16 -4.56
0.111 0 -4.56
0.11104 0.08 -4.48
0.11108 0.16 -4.48
0.11112 0.24 -4.4
0.11116 0.24 -4.32
0.1112 0.32 -4.24
0.11124 0.32 -4.24
0.11128 0.4 -4.16
0.11132 0.48 -4.16
0.11136 0.56 -4.08
0.1114 0.56 -4
0.11144 0.64 -3.92
0.11148 0.64 -3.92
0.11152 0.72 -3.84
0.11156 0.88 -3.76
0.1116 0.88 -3.68
0.11164 0.88 -3.6
0.11168 0.96 -3.52
0.11172 1.04 -3.52
0.11176 1.04 -3.44
0.1118 1.12 -3.36
0.11184 1.2 -3.2
0.11188 1.2 -3.2
0.11192 1.2 -3.12
0.11196 1.28 -3.04
0.112 1.36 -2.96
0.11204 1.36 -2.88
0.11208 1.44 -2.8
0.11212 1.52 -2.72
0.11216 1.52 -2.64
0.1122 1.52 -2.56
0.11224 1.6 -2.56
0.11228 1.68 -2.32
0.11232 1.68 -2.32
0.11236 1.76 -2.24
0.1124 1.84 -2.16
0.11244 1.84 -2
0.11248 1.92 -2
0.11252 1.92 -1.92
0.11256 2 -1.84
0.1126 2 -1.84
0.11264 2.16 -1.76
0.11268 2.16 -1.6
0.11272 2.16 -1.6
0.11276 2.24 -1.52
0.1128 2.24 -1.36
0.11284 2.24 -1.28
0.11288 2.32 -1.2
0.11292 2.32 -1.04
0.11296 2.4 -0.96
0.113 2.48 -0.88
0.11304 2.56 -0.8
0.11308 2.48 -0.72
0.11312 2.64 -0.72
0.11316 2.56 -0.64
0.1132 2.64 -0.48
0.11324 2.64 -0.48
0.11328 2.8 -0.32
0.11332 2.72 -0.32
0.11336 2.8 -0.16
0.1134 2.8 0
0.11344 2.8 0.08
0.11348 2.88 0.16
0.11352 2.88 0.32
0.11356 2.96 0.32
0.1136 2.96 0.48
0.11364 2.96 0.48
0.11368 2.96 0.56
0.11372 2.96 0.64
0.11376 3.12 0.72
0.1138 3.12 0.88
0.11384 3.12 0.88
0.11388 3.12 0.96
0.11392 3.12 1.04
0.11396 3.2 1.12
0.114 3.2 1.28
0.11404 3.2 1.28
0.11408 3.28 1.44
0.11412 3.28 1.52
0.11416 3.28 1.6
0.1142 3.28 1.68
0.11424 3.36 1.76
0.11428 3.36 1.84
0.11432 3.36 1.92
0.11436 3.44 2
0.1144 3.44 2.08
0.11444 3.44 2.16
0.11448 3.44 2.24
0.11452 3.44 2.32
0.11456 3.44 2.4
0.1146 3.44 2.4
0.11464 3.44 2.56
0.11468 3.44 2.64
0.11472 3.52 2.72
0.11476 3.44 2.8
0.1148 3.52 2.88
0.11484 3.52 2.96
0.11488 3.52 3.04
0.11492 3.52 3.04
0.11496 3.44 3.2
0.115 3.52 3.28
0.11504 3.44 3.28
0.11508 3.52 3.36
0.11512 3.52 3.44
0.11516 3.52 3.44
0.1152 3.52 3.6
0.11524 3.52 3.6
0.11528 3.52 3.68
0.11532 3.52 3.84
0.11536 3.44 3.84
0.1154 3.44 3.92
0.11544 3.44 3.92
0.11548 3.44 4
0.11552 3.52 4.08
0.11556 3.52 4.08
0.1156 3.44 4.16
0.11564 3.44 4.24
0.11568 3.44 4.32
0.11572 3.44 4.32
0.11576 3.44 4.4
0.1158 3.44 4.48
0.11584 3.44 4.48
0.11588 3.44 4.56
0.11592 3.36 4.64
0.11596 3.36 4.72
0.116 3.28 4.72
0.11604 3.28 4.8
0.11608 3.28 4.88
0.11612 3.28 4.88
0.11616 3.2 4.88
0.1162 3.2 4.96
0.11624 3.2 4.96
0.11628 3.12 5.04
0.11632 3.12 5.04
0.11636 3.12 5.12
0.1164 3.12 5.12
0.11644 3.04 5.2
0.11648 3.12 5.2
0.11652 3.04 5.2
0.11656 2.96 5.2
0.1166 2.96 5.28
0.11664 2.96 5.36
0.11668 2.88 5.36
0.11672 2.88 5.44
0.11676 2.88 5.44
0.1168 2.8 5.44
0.11684 2.8 5.44
0.11688 2.8 5.52
0.11692 2.8 5.44
0.11696 2.64 5.52
0.117 2.64 5.6
0.11704 2.64 5.6
0.11708 2.48 5.6
0.11712 2.48 5.6
0.11716 2.48 5.68
0.1172 2.48 5.6
0.11724 2.48 5.6
0.11728 2.48 5.68
0.11732 2.32 5.76
0.11736 2.32 5.68
0.1174 2.24 5.6
0.11744 2.24 5.6
0.11748 2.16 5.68
0.11752 2.16 5.6
0.11756 2.08 5.68
0.1176 2 5.68
0.11764 2 5.6
0.11768 1.92 5.68
0.11772 1.92 5.6
0.11776 1.84 5.68
0.1178 1.84 5.6
0.11784 1.84 5.68
0.11788 1.68 5.68
0.11792 1.68 5.68
0.11796 1.6 5.6
0.118 1.6 5.6
0.11804 1.52 5.6
0.11808 1.52 5.52
0.11812 1.52 5.52
0.11816 1.36 5.52
0.1182 1.36 5.44
0.11824 1.28 5.44
0.11828 1.28 5.44
0.11832 1.2 5.36
0.11836 1.2 5.44
0.1184 1.04 5.44
0.11844 1.04 5.36
0.11848 1.04 5.28
0.11852 0.96 5.28
0.11856 0.88 5.28
0.1186 0.88 5.2
0.11864 0.8 5.2
0.11868 0.72 5.2
0.11872 0.64 5.12
0.11876 0.64 5.12
0.1188 0.56 5.04
0.11884 0.56 4.96
0.11888 0.48 4.96
0.11892 0.4 4.88
0.11896 0.4 4.88
0.119 0.32 4.8
0.11904 0.24 4.8
0.11908 0.24 4.8
0.11912 0.16 4.72
0.11916 0.08 4.64
0.1192 0.08 4.64
0.11924 0 4.56
0.11928 -0.16 4.48
0.11932 -0.24 4.48
0.11936 -0.32 4.4
0.1194 -0.24 4.32
0.11944 -0.32 4.32
0.11948 -0.4 4.24
0.11952 -0.4 4.24
0.11956 -0.48 4.16
0.1196 -0.48 4
0.11964 -0.64 4
0.11968 -0.64 3.92
0.11972 -0.72 3.92
0.11976 -0.8 3.84
0.1198 -0.8 3.84
0.11984 -0.88 3.68
0.11988 -0.96 3.68
0.11992 -0.96 3.6
0.11996 -1.04 3.52
0.12 -1.12 3.44
0.12004 -1.12 3.28
0.12008 -1.12 3.28
0.12012 -1.28 3.12
0.12016 -1.28 3.04
0.1202 -1.36 3.04
0.12024 -1.44 2.96
0.12028 -1.44 2.88
0.12032 -1.44 2.88
0.12036 -1.44 2.8
0.1204 -1.6 2.72
0.12044 -1.6 2.64
0.12048 -1.68 2.64
0.12052 -1.76 2.48
0.12056 -1.76 2.4
0.1206 -1.76 2.32
0.12064 -1.92 2.24
0.12068 -1.92 2.08
0.12072 -1.92 2
0.12076 -2.08 1.92
0.1208 -2.08 1.84
0.12084 -2.08 1.76
0.12088 -2.08 1.76
0.12092 -2.24 1.6
0.12096 -2.24 1.6
0.121 -2.32 1.6
0.12104 -2.32 1.44
0.12108 -2.4 1.36
0.12112 -2.4 1.28
0.12116 -2.4 1.12
0.1212 -2.48 1.04
0.12124 -2.56 0.96
0.12128 -2.56 0.88
0.12132 -2.64 0.8
0.12136 -2.64 0.72
0.1214 -2.64 0.64
0.12144 -2.72 0.56
0.12148 -2.72 0.4
0.12152 -2.72 0.4
0.12156 -2.88 0.32
0.1216 -2.88 0.24
0.12164 -2.88 0.16
0.12168 -2.96 0.08
0.12172 -2.96 0
0.12176 -2.96 -0.16
0.1218 -3.04 -0.32
0.12184 -3.04 -0.32
0.12188 -3.04 -0.4
0.12192 -3.12 -0.56
0.12196 -3.04 -0.64
0.122 -3.2 -0.72
0.12204 -3.2 -0.88
0.12208 -3.2 -0.96
0.12212 -3.2 -1.04
0.12216 -3.28 -1.04
0.1222 -3.28 -1.12
0.12224 -3.28 -1.2
0.12228 -3.36 -1.28
0.12232 -3.36 -1.36
0.12236 -3.36 -1.44
0.1224 -3.36 -1.6
0.12244 -3.44 -1.6
0.12248 -3.36 -1.68
0.12252 -3.52 -1.76
0.12256 -3.44 -1.92
0.1226 -3.52 -2
0.12264 -3.52 -2.08
0.12268 -3.52 -2.08
0.12272 -3.52 -2.24
0.12276 -3.52 -2.32
0.1228 -3.6 -2.32
0.12284 -3.6 -2.48
0.12288 -3.6 -2.48
0.12292 -3.6 -2.64
0.12296 -3.6 -2.72
0.123 -3.68 -2.8
0.12304 -3.68 -2.8
0.12308 -3.68 -2.88
0.12312 -3.6 -3.04
0.12316 -3.6 -3.04
0.1232 -3.6 -3.12
0.12324 -3.68 -3.2
0.12328 -3.68 -3.28
0.12332 -3.68 -3.44
0.12336 -3.68 -3.44
0.1234 -3.68 -3.52
0.12344 -3.68 -3.52
0.12348 -3.68 -3.6
0.12352 -3.68 -3.6
0.12356 -3.68 -3.76
0.1236 -3.68 -3.84
0.12364 -3.68 -3.92
0.12368 -3.6 -3.92
0.12372 -3.68 -4.08
0.12376 -3.68 -4.08
0.1238 -3.6 -4.16
0.12384 -3.68 -4.24
0.12388 -3.6 -4.24
0.12392 -3.6 -4.32
0.12396 -3.6 -4.4
0.124 -3.6 -4.4
0.12404 -3.6 -4.48
0.12408 -3.6 -4.48
0.12412 -3.52 -4.56
0.12416 -3.52 -4.64
0.1242 -3.52 -4.72
0.12424 -3.52 -4.8
0.12428 -3.52 -4.88
0.12432 -3.52 -4.88
0.12436 -3.52 -4.88
0.1244 -3.36 -4.88
0.12444 -3.36 -5.04
0.12448 -3.36 -5.04
0.12452 -3.36 -5.04
0.12456 -3.36 -5.04
0.1246 -3.28 -5.12
0.12464 -3.36 -5.12
0.12468 -3.36 -5.2
0.12472 -3.28 -5.2
0.12476 -3.2 -5.28
0.1248 -3.2 -5.36
0.12484 -3.2 -5.36
0.12488 -3.12 -5.44
0.12492 -3.2 -5.44
0.12496 -3.04 -5.52
0.125 -3.12 -5.6
0.12504 -3.04 -5.52
0.12508 -3.04 -5.52
0.12512 -2.96 -5.52
0.12516 -2.96 -5.6
0.1252 -2.96 -5.52
0.12524 -2.88 -5.6
0.12528 -2.88 -5.6
0.12532 -2.72 -5.6
0.12536 -2.8 -5.68
0.1254 -2.72 -5.68
0.12544 -2.72 -5.68
0.12548 -2.64 -5.76
0.12552 -2.64 -5.68
0.12556 -2.56 -5.76
0.1256 -2.56 -5.76
0.12564 -2.48 -5.84
0.12568 -2.4 -5.84
0.12572 -2.4 -5.76
0.12576 -2.4 -5.84
0.1258 -2.4 -5.76
0.12584 -2.32 -5.76
0.12588 -2.32 -5.76
0.12592 -2.24 -5.76
0.12596 -2.24 -5.76
0.126 -2.16 -5.76
0.12604 -2.08 -5.76
0.12608 -2.08 -5.76
0.12612 -2 -5.76
0.12616 -2 -5.76
0.1262 -1.92 -5.76
0.12624 -1.84 -5.76
0.12628 -1.84 -5.76
0.12632 -1.76 -5.76
0.12636 -1.76 -5.76
0.1264 -1.68 -5.68
0.12644 -1.68 -5.68
0.12648 -1.6 -5.68
0.12652 -1.44 -5.68
0.12656 -1.44 -5.68
0.1266 -1.44 -5.52
0.12664 -1.36 -5.6
0.12668 -1.36 -5.52
0.12672 -1.36 -5.52
0.12676 -1.28 -5.52
0.1268 -1.12 -5.44
0.12684 -1.12 -5.44
0.12688 -1.12 -5.36
0.12692 -1.04 -5.36
0.12696 -1.04 -5.36
0.127 -0.96 -5.36
0.12704 -0.96 -5.28
0.12708 -0.8 -5.2
0.12712 -0.72 -5.2
0.12716 -0.72 -5.2
0.1272 -0.72 -5.12
0.12724 -0.64 -5.04
0.12728 -0.56 -5.04
0.12732 -0.48 -4.96
0.12736 -0.48 -4.88
0.1274 -0.4 -4.88
0.12744 -0.32 -4.88
0.12748 -0.32 -4.8
0.12752 -0.32 -4.8
0.12756 -0.16 -4.72
0.1276 -0.16 -4.64
0.12764 0 -4.72
0.12768 0.08 -4.56
0.12772 0.08 -4.56
0.12776 0.16 -4.48
0.1278 0.24 -4.4
0.12784 0.24 -4.24
0.12788 0.32 -4.24
0.12792 0.4 -4.16
0.12796 0.4 -4.08
0.128 0.4 -4.08
0.12804 0.56 -4.08
0.12808 0.64 -4.08
0.12812 0.64 -3.92
0.12816 0.72 -3.92
0.1282 0.72 -3.84
0.12824 0.88 -3.76
0.12828 0.88 -3.68
0.12832 0.88 -3.6
0.12836 0.96 -3.52
0.1284 1.04 -3.44
0.12844 1.04 -3.28
0.12848 1.12 -3.28
0.12852 1.2 -3.2
0.12856 1.2 -3.12
0.1286 1.28 -3.04
0.12864 1.28 -2.96
0.12868 1.36 -2.96
0.12872 1.36 -2.88
0.12876 1.52 -2.8
0.1288 1.52 -2.72
0.12884 1.6 -2.64
0.12888 1.6 -2.64
0.12892 1.6 -2.48
0.12896 1.68 -2.4
0.129 1.76 -2.24
0.12904 1.84 -2.16
0.12908 1.84 -2.08
0.12912 1.84 -2
0.12916 1.92 -1.92
0.1292 2 -1.84
0.12924 2 -1.84
0.12928 2 -1.76
0.12932 2.16 -1.68
0.12936 2.16 -1.6
0.1294 2.16 -1.52
0.12944 2.24 -1.44
0.12948 2.24 -1.36
0.12952 2.32 -1.28
0.12956 2.32 -1.2
0.1296 2.32 -1.04
0.12964 2.48 -0.96
0.12968 2.48 -0.88
0.12972 2.48 -0.8
0.12976 2.56 -0.72
0.1298 2.56 -0.64
0.12984 2.64 -0.56
0.12988 2.64 -0.48
0.12992 2.64 -0.32
0.12996 2.8 -0.32
0.13 2.72 -0.16
0.13004 2.8 -0.16
0.13008 2.8 0
0.13012 2.8 0.08
0.13016 2.88 0.16
0.1302 2.88 0.32
0.13024 2.96 0.4
0.13028 2.96 0.48
0.13032 2.96 0.48
0.13036 3.12 0.64
0.1304 3.04 0.72
0.13044 3.12 0.72
0.13048 3.12 0.88
0.13052 3.12 0.96
0.13056 3.12 1.04
0.1306 3.12 1.12
0.13064 3.2 1.2
0.13068 3.2 1.28
0.13072 3.2 1.36
0.13076 3.28 1.44
0.1308 3.28 1.6
0.13084 3.28 1.6
0.13088 3.28 1.76
0.13092 3.36 1.84
0.13096 3.36 1.92
0.131 3.44 1.92
0.13104 3.44 2
0.13108 3.44 2.16
0.13112 3.44 2.24
0.13116 3.44 2.24
0.1312 3.44 2.32
0.13124 3.44 2.4
0.13128 3.44 2.56
0.13132 3.52 2.56
0.13136 3.44 2.72
0.1314 3.44 2.72
0.13144 3.52 2.88
0.13148 3.44 2.88
0.13152 3.52 3.04
0.13156 3.52 3.04
0.1316 3.52 3.04
0.13164 3.52 3.2
0.13168 3.52 3.28
0.13172 3.52 3.28
0.13176 3.52 3.36
0.1318 3.52 3.44
0.13184 3.44 3.52
0.13188 3.52 3.6
0.13192 3.52 3.68
0.13196 3.52 3.76
0.132 3.52 3.84
0.13204 3.52 3.92
0.13208 3.44 3.92
0.13212 3.44 4
0.13216 3.44 4.08
0.1322 3.44 4.16
0.13224 3.44 4.16
0.13228 3.44 4.16
0.13232 3.44 4.24
0.13236 3.44 4.32
0.1324 3.44 4.32
0.13244 3.44 4.4
0.13248 3.44 4.4
0.13252 3.44 4.56
0.13256 3.44 4.64
0.1326 3.36 4.64
0.13264 3.28 4.72
0.13268 3.28 4.8
0.13272 3.28 4.8
0.13276 3.28 4.88
0.1328 3.2 4.96
0.13284 3.2 4.96
0.13288 3.2 4.96
0.13292 3.2 4.96
0.13296 3.12 5.12
0.133 3.2 5.12
0.13304 3.12 5.04
0.13308 3.12 5.12
0.13312 3.04 5.2
0.13316 2.96 5.2
0.1332 3.04 5.28
0.13324 2.96 5.28
0.13328 2.96 5.28
0.13332 2.96 5.28
0.13336 2.88 5.44
0.1334 2.88 5.44
0.13344 2.8 5.44
0.13348 2.8 5.52
0.13352 2.8 5.52
0.13356 2.8 5.52
0.1336 2.72 5.52
0.13364 2.64 5.52
0.13368 2.64 5.6
0.13372 2.56 5.6
0.13376 2.56 5.6
0.1338 2.48 5.6
0.13384 2.48 5.6
0.13388 2.48 5.6
0.13392 2.4 5.6
0.13396 2.4 5.6
0.134 2.32 5.6
0.13404 2.24 5.68
0.13408 2.24 5.6
0.13412 2.24 5.68
0.13416 2.16 5.68
0.1342 2.16 5.76
0.13424 2.08 5.68
0.13428 2 5.68
0.13432 2 5.68
0.13436 1.92 5.76
0.1344 1.92 5.6
0.13444 1.84 5.6
0.13448 1.84 5.6
0.13452 1.76 5.6
0.13456 1.68 5.6
0.1346 1.68 5.6
0.13464 1.68 5.6
0.13468 1.6 5.6
0.13472 1.52 5.6
0.13476 1.52 5.6
0.1348 1.44 5.52
0.13484 1.36 5.52
0.13488 1.36 5.52
0.13492 1.28 5.52
0.13496 1.28 5.44
0.135 1.2 5.44
0.13504 1.12 5.36
0.13508 1.12 5.36
0.13512 1.04 5.28
0.13516 0.96 5.28
0.1352 0.96 5.28
0.13524 0.88 5.28
0.13528 0.88 5.2
0.13532 0.8 5.2
0.13536 0.72 5.2
0.1354 0.72 5.2
0.13544 0.64 5.12
0.13548 0.56 5.04
0.13552 0.56 4.96
0.13556 0.48 4.96
0.1356 0.4 4.88
0.13564 0.4 4.8
0.13568 0.24 4.8
0.13572 0.24 4.8
0.13576 0.24 4.72
0.1358 0.16 4.72
0.13584 0.08 4.72
0.13588 0 4.64
0.13592 0 4.64
0.13596 0 4.56
0.136 -0.16 4.48
0.13604 -0.16 4.4
0.13608 -0.32 4.32
0.13612 -0.4 4.24
0.13616 -0.4 4.16
0.1362 -0.48 4.16
0.13624 -0.48 4.08
0.13628 -0.56 4
0.13632 -0.64 3.92
0.13636 -0.72 3.84
0.1364 -0.72 3.92
0.13644 -0.8 3.76
0.13648 -0.88 3.76
0.13652 -0.88 3.68
0.13656 -0.96 3.6
0.1366 -0.96 3.6
0.13664 -1.04 3.52
0.13668 -1.12 3.36
0.13672 -1.12 3.36
0.13676 -1.2 3.28
0.1368 -1.28 3.2
0.13684 -1.36 3.12
0.13688 -1.44 2.96
0.13692 -1.36 2.88
0.13696 -1.44 2.88
0.137 -1.52 2.8
0.13704 -1.6 2.72
0.13708 -1.6 2.64
0.13712 -1.68 2.56
0.13716 -1.68 2.56
0.1372 -1.76 2.48
0.13724 -1.76 2.4
0.13728 -1.76 2.32
0.13732 -1.92 2.24
0.13736 -1.92 2.16
0.1374 -2 2
0.13744 -2 2
0.13748 -2.08 1.84
0.13752 -2.08 1.76
0.13756 -2.16 1.68
0.1376 -2.24 1.6
0.13764 -2.24 1.52
0.13768 -2.24 1.52
0.13772 -2.4 1.36
0.13776 -2.4 1.28
0.1378 -2.4 1.28
0.13784 -2.4 1.12
0.13788 -2.56 1.04
0.13792 -2.56 0.96
0.13796 -2.64 0.88
0.138 -2.56 0.8
0.13804 -2.64 0.72
0.13808 -2.72 0.64
0.13812 -2.72 0.48
0.13816 -2.72 0.4
0.1382 -2.72 0.4
0.13824 -2.88 0.32
0.13828 -2.88 0.16
0.13832 -2.96 0.16
0.13836 -3.04 0.08
0.1384 -2.96 0
0.13844 -2.96 -0.16
0.13848 -3.04 -0.24
0.13852 -3.04 -0.4
0.13856 -3.04 -0.48
0.1386 -3.12 -0.56
0.13864 -3.2 -0.64
0.13868 -3.12 -0.8
0.13872 -3.2 -0.8
0.13876 -3.28 -0.96
0.1388 -3.28 -0.96
0.13884 -3.28 -1.04
0.13888 -3.36 -1.12
0.13892 -3.28 -1.2
0.13896 -3.36 -1.28
0.139 -3.36 -1.36
0.13904 -3.36 -1.44
0.13908 -3.36 -1.6
0.13912 -3.44 -1.68
0.13916 -3.44 -1.76
0.1392 -3.52 -1.84
0.13924 -3.52 -1.92
0.13928 -3.52 -2
0.13932 -3.52 -2.08
0.13936 -3.52 -2.16
0.1394 -3.52 -2.24
0.13944 -3.6 -2.24
0.13948 -3.6 -2.32
0.13952 -3.6 -2.48
0.13956 -3.6 -2.56
0.1396 -3.6 -2.64
0.13964 -3.6 -2.64
0.13968 -3.68 -2.72
0.13972 -3.68 -2.88
0.13976 -3.6 -2.96
0.1398 -3.68 -3.04
0.13984 -3.6 -3.12
0.13988 -3.68 -3.2
0.13992 -3.68 -3.28
0.13996 -3.68 -3.36
0.14 -3.68 -3.36
0.14004 -3.68 -3.44
0.14008 -3.68 -3.52
0.14012 -3.68 -3.6
0.14016 -3.68 -3.6
0.1402 -3.68 -3.68
0.14024 -3.68 -3.68
0.14028 -3.68 -3.76
0.14032 -3.68 -3.92
0.14036 -3.68 -3.92
0.1404 -3.68 -4.08
0.14044 -3.68 -4.08
0.14048 -3.6 -4.16
0.14052 -3.6 -4.24
0.14056 -3.6 -4.24
0.1406 -3.6 -4.4
0.14064 -3.6 -4.4
0.14068 -3.6 -4.4
0.14072 -3.52 -4.48
0.14076 -3.6 -4.56
0.1408 -3.6 -4.56
0.14084 -3.52 -4.72
0.14088 -3.52 -4.64
0.14092 -3.52 -4.8
0.14096 -3.52 -4.8
0.141 -3.6 -4.88
0.14104 -3.52 -4.88
0.14108 -3.44 -4.96
0.14112 -3.44 -5.04
0.14116 -3.36 -5.04
0.1412 -3.36 -5.12
0.14124 -3.36 -5.12
0.14128 -3.36 -5.2
0.14132 -3.36 -5.2
0.14136 -3.28 -5.2
0.1414 -3.28 -5.28
0.14144 -3.28 -5.28
0.14148 -3.2 -5.28
0.14152 -3.2 -5.36
0.14156 -3.2 -5.44
0.1416 -3.12 -5.44
0.14164 -3.04 -5.44
0.14168 -3.04 -5.52
0.14172 -3.04 -5.52
0.14176 -3.04 -5.52
0.1418 -2.96 -5.6
0.14184 -2.96 -5.6
0.14188 -2.96 -5.6
0.14192 -2.88 -5.68
0.14196 -2.88 -5.68
0.142 -2.88 -5.68
0.14204 -2.72 -5.68
0.14208 -2.72 -5.68
0.14212 -2.72 -5.68
0.14216 -2.64 -5.68
0.1422 -2.56 -5.76
0.14224 -2.64 -5.68
0.14228 -2.56 -5.76
0.14232 -2.48 -5.76
0.14236 -2.4 -5.76
0.1424 -2.4 -5.84
0.14244 -2.4 -5.84
0.14248 -2.4 -5.84
0.14252 -2.32 -5.84
0.14256 -2.24 -5.84
0.1426 -2.24 -5.84
0.14264 -2.24 -5.84
0.14268 -2.08 -5.76
0.14272 -2.08 -5.76
0.14276 -2.08 -5.76
0.1428 -2 -5.76
0.14284 -2 -5.76
0.14288 -1.92 -5.68
0.14292 -1.84 -5.68
0.14296 -1.76 -5.68
0.143 -1.76 -5.68
0.14304 -1.68 -5.68
0.14308 -1.68 -5.76
0.14312 -1.6 -5.68
0.14316 -1.6 -5.68
0.1432 -1.52 -5.68
0.14324 -1.44 -5.6
0.14328 -1.44 -5.52
0.14332 -1.36 -5.52
0.14336 -1.36 -5.52
0.1434 -1.28 -5.44
0.14344 -1.12 -5.44
0.14348 -1.12 -5.44
0.14352 -1.12 -5.44
0.14356 -1.12 -5.44
0.1436 -0.96 -5.36
0.14364 -0.96 -5.36
0.14368 -0.96 -5.36
0.14372 -0.88 -5.28
0.14376 -0.8 -5.2
0.1438 -0.72 -5.2
0.14384 -0.72 -5.12
0.14388 -0.72 -5.12
0.14392 -0.64 -5.04
0.14396 -0.56 -4.96
0.144 -0.48 -4.88
0.14404 -0.4 -4.88
0.14408 -0.4 -4.88
0.14412 -0.32 -4.8
0.14416 -0.32 -4.8
0.1442 -0.16 -4.8
0.14424 -0.16 -4.72
0.14428 0 -4.72
0.14432 0 -4.72
0.14436 0 -4.56
0.1444 0.08 -4.48
0.14444 0.08 -4.4
0.14448 0.24 -4.4
0.14452 0.32 -4.24
0.14456 0.32 -4.24
0.1446 0.4 -4.16
0.14464 0.4 -4.08
0.14468 0.48 -4.08
0.14472 0.64 -4.08
0.14476 0.64 -3.92
0.1448 0.64 -3.92
0.14484 0.72 -3.84
0.14488 0.72 -3.76
0.14492 0.72 -3.68
0.14496 0.88 -3.6
0.145 0.88 -3.52
0.14504 0.96 -3.52
0.14508 0.96 -3.44
0.14512 1.04 -3.36
0.14516 1.2 -3.2
0.1452 1.2 -3.2
0.14524 1.2 -3.12
0.14528 1.28 -3.04
0.14532 1.28 -2.96
0.14536 1.36 -2.88
0.1454 1.44 -2.8
0.14544 1.52 -2.8
0.14548 1.52 -2.64
0.14552 1.6 -2.64
0.14556 1.6 -2.56
0.1456 1.68 -2.48
0.14564 1.68 -2.32
0.14568 1.68 -2.32
0.14572 1.84 -2.24
0.14576 1.84 -2.08
0.1458 1.92 -2
0.14584 1.92 -1.92
0.14588 2 -1.92
0.14592 2.08 -1.76
0.14596 2 -1.68
0.146 2.16 -1.68
0.14604 2.16 -1.6
0.14608 2.16 -1.52
0.14612 2.24 -1.36
0.14616 2.24 -1.36
0.1462 2.32 -1.2
0.14624 2.32 -1.12
0.14628 2.32 -1.04
0.14632 2.48 -0.96
0.14636 2.48 -0.88
0.1464 2.48 -0.72
0.14644 2.56 -0.72
0.14648 2.56 -0.64
0.14652 2.56 -0.48
0.14656 2.72 -0.48
0.1466 2.72 -0.4
0.14664 2.8 -0.32
0.14668 2.72 -0.24
0.14672 2.8 0
0.14676 2.88 0
0.1468 2.8 0.16
0.14684 2.88 0.24
0.14688 2.88 0.32
0.14692 2.88 0.4
0.14696 2.96 0.48
0.147 2.96 0.64
0.14704 2.96 0.64
0.14708 2.96 0.8
0.14712 3.12 0.88
0.14716 3.12 0.88
0.1472 3.12 0.96
0.14724 3.12 1.04
0.14728 3.2 1.12
0.14732 3.2 1.2
0.14736 3.2 1.28
0.1474 3.2 1.36
0.14744 3.28 1.44
0.14748 3.28 1.6
0.14752 3.28 1.6
0.14756 3.36 1.76
0.1476 3.36 1.84
0.14764 3.36 1.92
0.14768 3.44 2
0.14772 3.44 2.08
0.14776 3.44 2.24
0.1478 3.44 2.24
0.14784 3.44 2.32
0.14788 3.44 2.32
0.14792 3.44 2.48
0.14796 3.44 2.56
0.148 3.52 2.56
0.14804 3.52 2.64
0.14808 3.44 2.72
0.14812 3.52 2.8
0.14816 3.52 2.88
0.1482 3.52 2.96
0.14824 3.44 3.04
0.14828 3.52 3.2
0.14832 3.52 3.2
0.14836 3.44 3.28
0.1484 3.52 3.36
0.14844 3.52 3.52
0.14848 3.52 3.52
0.14852 3.52 3.52
0.14856 3.52 3.6
0.1486 3.52 3.68
0.14864 3.52 3.68
0.14868 3.44 3.84
0.14872 3.44 3.84
0.14876 3.44 3.92
0.1488 3.44 4
0.14884 3.44 4.08
0.14888 3.44 4.16
0.14892 3.44 4.16
0.14896 3.44 4.24
0.149 3.44 4.32
0.14904 3.44 4.32
0.14908 3.44 4.4
0.14912 3.44 4.48
0.14916 3.44 4.48
0.1492 3.36 4.56
0.14924 3.44 4.64
0.14928 3.36 4.64
0.14932 3.28 4.72
0.14936 3.28 4.8
0.1494 3.28 4.8
0.14944 3.28 4.8
0.14948 3.28 4.88
0.14952 3.2 4.96
0.14956 3.2 4.96
0.1496 3.2 5.04
0.14964 3.12 5.12
0.14968 3.12 5.2
0.14972 3.12 5.2
0.14976 3.12 5.2
0.1498 3.12 5.2
0.14984 3.04 5.2
0.14988 2.96 5.28
0.14992 2.88 5.28
0.14996 2.88 5.28
0.15 2.88 5.36
0.15004 2.88 5.36
0.15008 2.88 5.44
0.15012 2.8 5.44
0.15016 2.8 5.52
0.1502 2.8 5.52
0.15024 2.72 5.52
0.15028 2.64 5.52
0.15032 2.72 5.6
0.15036 2.64 5.6
0.1504 2.56 5.52
0.15044 2.56 5.6
0.15048 2.48 5.6
0.15052 2.48 5.6
0.15056 2.48 5.6
0.1506 2.4 5.6
0.15064 2.32 5.6
0.15068 2.32 5.6
0.15072 2.24 5.76
0.15076 2.24 5.68
0.1508 2.24 5.76
0.15084 2.16 5.76
0.15088 2.16 5.76
0.15092 2.16 5.68
0.15096 2 5.68
0.151 2 5.68
0.15104 1.92 5.6
0.15108 1.92 5.6
0.15112 1.84 5.6
0.15116 1.84 5.6
0.1512 1.68 5.6
0.15124 1.68 5.6
0.15128 1.68 5.6
0.15132 1.6 5.6
0.15136 1.52 5.6
0.1514 1.52 5.6
0.15144 1.52 5.6
0.15148 1.44 5.6
0.15152 1.36 5.6
0.15156 1.28 5.52
0.1516 1.28 5.44
0.15164 1.2 5.44
0.15168 1.2 5.44
0.15172 1.2 5.36
0.15176 1.04 5.28
0.1518 1.04 5.28
0.15184 0.96 5.28
0.15188 0.96 5.28
0.15192 0.88 5.2
0.15196 0.88 5.2
0.152 0.8 5.2
0.15204 0.72 5.2
0.15208 0.64 5.12
0.15212 0.64 5.12
0.15216 0.56 5.04
0.1522 0.56 4.96
0.15224 0.4 4.96
0.15228 0.4 4.96
0.15232 0.32 4.88
0.15236 0.32 4.8
0.1524 0.24 4.8
0.15244 0.24 4.64
0.15248 0.08 4.64
0.15252 0.08 4.64
0.15256 0 4.56
0.1526 -0.16 4.48
0.15264 -0.16 4.48
0.15268 -0.16 4.48
0.15272 -0.32 4.4
0.15276 -0.32 4.32
0.1528 -0.4 4.24
0.15284 -0.48 4.16
0.15288 -0.48 4.16
0.15292 -0.56 4.08
0.15296 -0.56 4
0.153 -0.64 3.92
0.15304 -0.72 3.92
0.15308 -0.72 3.84
0.15312 -0.8 3.84
0.15316 -0.8 3.68
0.1532 -0.8 3.68
0.15324 -0.96 3.6
0.15328 -1.04 3.52
0.15332 -1.04 3.44
0.15336 -1.12 3.36
0.1534 -1.12 3.36
0.15344 -1.2 3.2
0.15348 -1.28 3.12
0.15352 -1.28 3.04
0.15356 -1.36 2.96
0.1536 -1.44 2.88
0.15364 -1.44 2.88
0.15368 -1.44 2.72
0.15372 -1.6 2.72
0.15376 -1.6 2.64
0.1538 -1.68 2.64
0.15384 -1.68 2.56
0.15388 -1.76 2.4
0.15392 -1.76 2.4
0.15396 -1.92 2.24
0.154 -1.92 2.16
0.15404 -2 2.16
0.15408 -2 2
0.15412 -2 1.92
0.15416 -2.08 1.76
0.1542 -2.08 1.76
0.15424 -2.08 1.68
0.15428 -2.24 1.6
0.15432 -2.24 1.52
0.15436 -2.24 1.44
0.1544 -2.32 1.36
0.15444 -2.4 1.28
0.15448 -2.4 1.2
0.15452 -2.4 1.12
0.15456 -2.48 1.04
0.1546 -2.56 0.96
0.15464 -2.56 0.8
0.15468 -2.64 0.72
0.15472 -2.64 0.64
0.15476 -2.72 0.56
0.1548 -2.72 0.4
0.15484 -2.72 0.4
0.15488 -2.88 0.32
0.15492 -2.88 0.32
0.15496 -2.88 0.16
0.155 -2.96 0.08
0.15504 -2.96 0
0.15508 -2.96 0
0.15512 -3.04 -0.24
0.15516 -3.04 -0.32
0.1552 -3.04 -0.4
0.15524 -3.04 -0.48
0.15528 -3.12 -0.56
0.15532 -3.12 -0.64
0.15536 -3.2 -0.8
0.1554 -3.2 -0.88
0.15544 -3.2 -0.96
0.15548 -3.28 -1.04
0.15552 -3.28 -1.12
0.15556 -3.28 -1.2
0.1556 -3.36 -1.28
0.15564 -3.36 -1.36
0.15568 -3.36 -1.36
0.15572 -3.36 -1.52
0.15576 -3.36 -1.6
0.1558 -3.52 -1.68
0.15584 -3.36 -1.76
0.15588 -3.52 -1.92
0.15592 -3.52 -1.92
0.15596 -3.52 -2
0.156 -3.52 -2.08
0.15604 -3.6 -2.16
0.15608 -3.6 -2.24
0.15612 -3.6 -2.32
0.15616 -3.52 -2.4
0.1562 -3.6 -2.56
0.15624 -3.6 -2.64
0.15628 -3.6 -2.64
0.15632 -3.6 -2.72
0.15636 -3.6 -2.88
0.1564 -3.68 -2.88
0.15644 -3.68 -2.96
0.15648 -3.68 -2.96
0.15652 -3.68 -3.12
0.15656 -3.68 -3.2
0.1566 -3.68 -3.28
0.15664 -3.68 -3.36
0.15668 -3.68 -3.44
0.15672 -3.68 -3.44
0.15676 -3.68 -3.52
0.1568 -3.68 -3.6
0.15684 -3.68 -3.68
0.15688 -3.68 -3.68
0.15692 -3.68 -3.84
0.15696 -3.68 -3.84
0.157 -3.68 -3.92
0.15704 -3.68 -3.92
0.15708 -3.6 -4
0.15712 -3.68 -4.08
0.15716 -3.68 -4.16
0.1572 -3.68 -4.16
0.15724 -3.6 -4.32
0.15728 -3.6 -4.32
0.15732 -3.68 -4.4
0.15736 -3.6 -4.48
0.1574 -3.6 -4.48
0.15744 -3.6 -4.64
0.15748 -3.52 -4.64
0.15752 -3.6 -4.72
0.15756 -3.52 -4.72
0.1576 -3.52 -4.8
0.15764 -3.52 -4.8
0.15768 -3.52 -4.8
0.15772 -3.44 -4.88
0.15776 -3.36 -4.88
0.1578 -3.36 -4.96
0.15784 -3.44 -5.04
0.15788 -3.36 -5.12
0.15792 -3.36 -5.12
0.15796 -3.36 -5.2
0.158 -3.28 -5.2
0.15804 -3.28 -5.28
0.15808 -3.28 -5.36
0.15812 -3.2 -5.36
0.15816 -3.2 -5.28
0.1582 -3.12 -5.36
0.15824 -3.2 -5.44
0.15828 -3.04 -5.44
0.15832 -3.04 -5.44
0.15836 -3.04 -5.52
0.1584 -3.04 -5.52
0.15844 -2.96 -5.6
0.15848 -2.96 -5.6
0.15852 -2.96 -5.68
0.15856 -2.88 -5.68
0.1586 -2.88 -5.68
0.15864 -2.8 -5.68
0.15868 -2.8 -5.68
0.15872 -2.72 -5.68
0.15876 -2.72 -5.68
0.1588 -2.72 -5.68
0.15884 -2.64 -5.76
0.15888 -2.64 -5.68
0.15892 -2.56 -5.68
0.15896 -2.56 -5.76
0.159 -2.48 -5.76
0.15904 -2.4 -5.76
0.15908 -2.4 -5.76
0.15912 -2.4 -5.76
0.15916 -2.32 -5.84
0.1592 -2.32 -5.84
0.15924 -2.24 -5.84
0.15928 -2.24 -5.84
0.15932 -2.16 -5.84
0.15936 -2.08 -5.76
0.1594 -2.08 -5.76
0.15944 -2.08 -5.76
0.15948 -2 -5.76
0.15952 -1.92 -5.76
0.15956 -1.92 -5.76
0.1596 -1.84 -5.76
0.15964 -1.76 -5.68
0.15968 -1.76 -5.68
0.15972 -1.6 -5.76
0.15976 -1.68 -5.68
0.1598 -1.6 -5.68
0.15984 -1.6 -5.68
0.15988 -1.52 -5.68
0.15992 -1.44 -5.68
0.15996 -1.36 -5.52
