0 -4 -4.08
2e-06 -4 -4.08
4e-06 3.92 3.84
6e-06 3.92 3.84
8e-06 4.08 3.84
1e-05 4.08 3.92
1.2e-05 4.08 3.92
1.4e-05 4.16 4
1.6e-05 4.16 4
1.8e-05 4.16 4
2e-05 4.16 4.08
2.2e-05 4.24 4.16
2.4e-05 4.24 4.16
2.6e-05 4.32 4.16
2.8e-05 4.4 4.16
3e-05 4.4 4.24
3.2e-05 4.4 4.24
3.4e-05 4.4 4.32
3.6e-05 4.48 4.4
3.8e-05 4.48 4.32
4e-05 4.48 4.4
4.2e-05 4.56 4.48
4.4e-05 4.56 4.48
4.6e-05 4.64 4.48
4.8e-05 4.72 4.56
5e-05 4.72 4.64
5.2e-05 4.72 4.56
5.4e-05 4.72 4.56
5.6e-05 4.8 4.64
5.8e-05 4.8 4.72
6e-05 4.8 4.64
6.2e-05 4.88 4.64
6.4e-05 4.88 4.8
6.6e-05 4.88 4.8
6.8e-05 4.88 4.8
7e-05 5.04 4.8
7.2e-05 5.04 4.88
7.4e-05 5.04 4.88
7.6e-05 5.04 4.96
7.8e-05 5.04 4.96
8e-05 5.04 4.96
8.2e-05 5.12 4.96
8.4e-05 5.12 5.04
8.6e-05 5.12 5.04
8.8e-05 5.2 5.12
9e-05 5.12 5.04
9.2e-05 5.2 5.12
9.4e-05 5.2 5.12
9.6e-05 5.2 5.04
9.8e-05 5.28 5.12
0.0001 5.2 5.2
0.000102 5.28 5.2
0.000104 5.36 5.2
0.000106 5.36 5.2
0.000108 5.36 5.28
0.00011 5.36 5.2
0.000112 5.36 5.2
0.000114 5.36 5.28
0.000116 5.44 5.36
0.000118 5.44 5.36
0.00012 5.44 5.28
0.000122 5.44 5.36
0.000124 5.44 5.36
0.000126 5.44 5.28
0.000128 5.52 5.36
0.00013 5.52 5.44
0.000132 5.52 5.44
0.000134 5.52 5.36
0.000136 5.52 5.44
0.000138 5.52 5.44
0.00014 5.52 5.44
0.000142 5.52 5.52
0.000144 5.6 5.52
0.000146 5.52 5.44
0.000148 5.6 5.44
0.00015 5.6 5.52
0.000152 5.68 5.52
0.000154 5.52 5.52
0.000156 5.68 5.52
0.000158 5.6 5.6
0.00016 5.68 5.52
0.000162 5.6 5.44
0.000164 5.68 5.52
0.000166 5.68 5.6
0.000168 5.68 5.52
0.00017 5.68 5.52
0.000172 5.68 5.6
0.000174 5.68 5.6
0.000176 5.68 5.52
0.000178 5.68 5.6
0.00018 5.68 5.6
0.000182 5.68 5.6
0.000184 5.68 5.6
0.000186 5.68 5.6
0.000188 5.68 5.6
0.00019 5.68 5.6
0.000192 5.68 5.52
0.000194 5.68 5.6
0.000196 5.68 5.52
0.000198 5.68 5.6
0.0002 5.68 5.52
0.000202 5.68 5.6
0.000204 5.6 5.52
0.000206 5.68 5.52
0.000208 5.52 5.6
0.00021 5.52 5.6
0.000212 5.6 5.52
0.000214 5.52 5.52
0.000216 5.52 5.52
0.000218 5.52 5.52
0.00022 5.52 5.52
0.000222 5.52 5.52
0.000224 5.52 5.52
0.000226 5.52 5.52
0.000228 5.52 5.44
0.00023 5.44 5.44
0.000232 5.44 5.52
0.000234 5.52 5.44
0.000236 5.44 5.44
0.000238 5.44 5.44
0.00024 5.44 5.44
0.000242 5.44 5.36
0.000244 5.44 5.44
0.000246 5.36 5.44
0.000248 5.36 5.44
0.00025 5.36 5.44
0.000252 5.36 5.36
0.000254 5.36 5.28
0.000256 5.36 5.28
0.000258 5.36 5.2
0.00026 5.28 5.2
0.000262 5.28 5.28
0.000264 5.2 5.2
0.000266 5.2 5.2
0.000268 5.2 5.2
0.00027 5.12 5.2
0.000272 5.12 5.2
0.000274 5.2 5.12
0.000276 5.12 5.2
0.000278 5.12 5.12
0.00028 5.04 5.12
0.000282 5.04 5.12
0.000284 5.04 5.04
0.000286 5.04 5.04
0.000288 5.04 4.96
0.00029 4.96 4.96
0.000292 4.96 4.96
0.000294 4.88 4.88
0.000296 4.88 4.88
0.000298 4.88 4.88
0.0003 4.8 4.88
0.000302 4.88 4.88
0.000304 4.8 4.8
0.000306 4.72 4.8
0.000308 4.72 4.8
0.00031 4.72 4.72
0.000312 4.72 4.72
0.000314 4.72 4.72
0.000316 4.64 4.64
0.000318 4.56 4.64
0.00032 4.56 4.56
0.000322 4.48 4.56
0.000324 4.48 4.56
0.000326 4.48 4.48
0.000328 4.48 4.48
0.00033 4.4 4.48
0.000332 4.4 4.32
0.000334 4.4 4.4
0.000336 4.24 4.32
0.000338 4.24 4.32
0.00034 4.24 4.24
0.000342 4.16 4.24
0.000344 4.16 4.24
0.000346 4.16 4.16
0.000348 4.08 4.16
0.00035 4.08 4.16
0.000352 4.08 4.16
0.000354 3.92 4.08
0.000356 3.92 4.08
0.000358 3.84 4
0.00036 3.92 3.84
0.000362 3.76 3.84
0.000364 3.84 3.92
0.000366 3.76 3.84
0.000368 3.76 3.84
0.00037 3.76 3.76
0.000372 3.6 3.84
0.000374 3.6 3.6
0.000376 3.6 3.68
0.000378 3.52 3.6
0.00038 3.52 3.6
0.000382 3.44 3.52
0.000384 3.44 3.52
0.000386 3.44 3.52
0.000388 3.28 3.44
0.00039 3.28 3.36
0.000392 3.28 3.36
0.000394 3.2 3.28
0.000396 3.2 3.2
0.000398 3.12 3.2
0.0004 3.12 3.2
0.000402 3.04 3.12
0.000404 2.96 3.04
0.000406 2.96 3.04
0.000408 2.96 3.04
0.00041 2.8 2.96
0.000412 2.8 2.88
0.000414 2.8 2.88
0.000416 2.72 2.8
0.000418 2.64 2.8
0.00042 2.64 2.72
0.000422 2.56 2.64
0.000424 2.48 2.64
0.000426 2.48 2.56
0.000428 2.48 2.56
0.00043 2.32 2.56
0.000432 2.32 2.48
0.000434 2.32 2.4
0.000436 2.24 2.4
0.000438 2.16 2.32
0.00044 2.16 2.24
0.000442 2.16 2.24
0.000444 2.08 2.16
0.000446 2 2.16
0.000448 1.92 2
0.00045 1.92 2.08
0.000452 1.92 2
0.000454 1.84 1.92
0.000456 1.76 1.84
0.000458 1.68 1.84
0.00046 1.68 1.76
0.000462 1.6 1.68
0.000464 1.52 1.68
0.000466 1.52 1.68
0.000468 1.52 1.6
0.00047 1.36 1.6
0.000472 1.36 1.52
0.000474 1.36 1.44
0.000476 1.28 1.36
0.000478 1.2 1.36
0.00048 1.2 1.28
0.000482 1.2 1.28
0.000484 1.04 1.12
0.000486 1.04 1.12
0.000488 1.04 1.12
0.00049 0.96 1.04
0.000492 0.88 0.96
0.000494 0.88 0.96
0.000496 0.72 0.96
0.000498 0.72 0.88
0.0005 0.72 0.8
0.000502 0.56 0.8
0.000504 0.56 0.72
0.000506 0.48 0.64
0.000508 0.48 0.64
0.00051 0.4 0.56
0.000512 0.32 0.48
0.000514 0.32 0.48
0.000516 0.24 0.4
0.000518 0.24 0.4
0.00052 0.08 0.32
0.000522 0.08 0.16
0.000524 0 0.24
0.000526 0 0.16
0.000528 0 0.08
0.00053 -0.16 0
0.000532 -0.24 0
0.000534 -0.32 0
0.000536 -0.32 -0.16
0.000538 -0.4 -0.24
0.00054 -0.48 -0.24
0.000542 -0.48 -0.32
0.000544 -0.48 -0.4
0.000546 -0.56 -0.4
0.000548 -0.64 -0.48
0.00055 -0.72 -0.56
0.000552 -0.72 -0.56
0.000554 -0.8 -0.56
0.000556 -0.8 -0.64
0.000558 -0.88 -0.72
0.00056 -0.96 -0.8
0.000562 -1.04 -0.88
0.000564 -1.04 -0.88
0.000566 -1.12 -0.88
0.000568 -1.12 -0.96
0.00057 -1.2 -1.04
0.000572 -1.28 -1.04
0.000574 -1.28 -1.12
0.000576 -1.36 -1.12
0.000578 -1.44 -1.2
0.00058 -1.44 -1.28
0.000582 -1.44 -1.28
0.000584 -1.52 -1.36
0.000586 -1.6 -1.44
0.000588 -1.68 -1.44
0.00059 -1.68 -1.52
0.000592 -1.76 -1.6
0.000594 -1.76 -1.6
0.000596 -1.92 -1.68
0.000598 -1.92 -1.68
0.0006 -2 -1.68
0.000602 -2 -1.84
0.000604 -2 -1.84
0.000606 -2.08 -1.92
0.000608 -2.08 -1.92
0.00061 -2.24 -2.08
0.000612 -2.24 -2
0.000614 -2.32 -2.08
0.000616 -2.32 -2.16
0.000618 -2.4 -2.16
0.00062 -2.4 -2.16
0.000622 -2.4 -2.32
0.000624 -2.56 -2.4
0.000626 -2.56 -2.32
0.000628 -2.64 -2.4
0.00063 -2.72 -2.48
0.000632 -2.72 -2.48
0.000634 -2.72 -2.48
0.000636 -2.8 -2.56
0.000638 -2.88 -2.72
0.00064 -2.88 -2.72
0.000642 -2.96 -2.72
0.000644 -2.96 -2.8
0.000646 -3.04 -2.88
0.000648 -3.04 -2.88
0.00065 -3.04 -2.96
0.000652 -3.2 -2.96
0.000654 -3.2 -3.04
0.000656 -3.28 -3.12
0.000658 -3.28 -3.12
0.00066 -3.36 -3.12
0.000662 -3.36 -3.2
0.000664 -3.44 -3.2
0.000666 -3.44 -3.28
0.000668 -3.52 -3.28
0.00067 -3.52 -3.36
0.000672 -3.6 -3.36
0.000674 -3.6 -3.52
0.000676 -3.68 -3.52
0.000678 -3.68 -3.52
0.00068 -3.68 -3.6
0.000682 -3.84 -3.6
0.000684 -3.84 -3.6
0.000686 -3.92 -3.68
0.000688 -3.92 -3.68
0.00069 -3.92 -3.84
0.000692 -4 -3.84
0.000694 -4 -3.84
0.000696 -4 -3.92
0.000698 -4.08 -3.92
0.0007 -4.08 -3.92
0.000702 -4.16 -3.92
0.000704 -4.16 -4
0.000706 -4.24 -4.08
0.000708 -4.24 -4.08
0.00071 -4.32 -4.16
0.000712 -4.32 -4.16
0.000714 -4.32 -4.16
0.000716 -4.4 -4.24
0.000718 -4.4 -4.32
0.00072 -4.48 -4.24
0.000722 -4.48 -4.24
0.000724 -4.56 -4.4
0.000726 -4.56 -4.4
0.000728 -4.64 -4.4
0.00073 -4.64 -4.48
0.000732 -4.64 -4.48
0.000734 -4.72 -4.56
0.000736 -4.72 -4.56
0.000738 -4.8 -4.56
0.00074 -4.8 -4.64
0.000742 -4.8 -4.64
0.000744 -4.88 -4.64
0.000746 -4.88 -4.72
0.000748 -4.96 -4.8
0.00075 -4.96 -4.72
0.000752 -4.96 -4.8
0.000754 -4.96 -4.88
0.000756 -4.96 -4.88
0.000758 -5.12 -4.88
0.00076 -5.12 -4.88
0.000762 -5.12 -4.96
0.000764 -5.12 -4.96
0.000766 -5.12 -4.88
0.000768 -5.2 -4.96
0.00077 -5.2 -5.04
0.000772 -5.2 -5.04
0.000774 -5.2 -5.04
0.000776 -5.28 -5.12
0.000778 -5.2 -5.12
0.00078 -5.28 -5.12
0.000782 -5.28 -5.12
0.000784 -5.28 -5.2
0.000786 -5.28 -5.2
0.000788 -5.44 -5.2
0.00079 -5.44 -5.28
0.000792 -5.44 -5.2
0.000794 -5.44 -5.28
0.000796 -5.44 -5.28
0.000798 -5.44 -5.36
0.0008 -5.52 -5.36
0.000802 -5.52 -5.36
0.000804 -5.44 -5.36
0.000806 -5.52 -5.44
0.000808 -5.52 -5.44
0.00081 -5.52 -5.44
0.000812 -5.6 -5.44
0.000814 -5.6 -5.52
0.000816 -5.6 -5.44
0.000818 -5.6 -5.44
0.00082 -5.6 -5.52
0.000822 -5.6 -5.52
0.000824 -5.6 -5.52
0.000826 -5.6 -5.52
0.000828 -5.76 -5.6
0.00083 -5.6 -5.6
0.000832 -5.6 -5.52
0.000834 -5.6 -5.6
0.000836 -5.68 -5.6
0.000838 -5.76 -5.6
0.00084 -5.76 -5.68
0.000842 -5.76 -5.6
0.000844 -5.76 -5.68
0.000846 -5.76 -5.68
0.000848 -5.76 -5.68
0.00085 -5.76 -5.76
0.000852 -5.76 -5.68
0.000854 -5.76 -5.68
0.000856 -5.76 -5.76
0.000858 -5.84 -5.68
0.00086 -5.76 -5.68
0.000862 -5.76 -5.68
0.000864 -5.84 -5.76
0.000866 -5.84 -5.68
0.000868 -5.84 -5.68
0.00087 -5.76 -5.68
0.000872 -5.76 -5.76
0.000874 -5.76 -5.68
0.000876 -5.76 -5.76
0.000878 -5.84 -5.76
0.00088 -5.84 -5.76
0.000882 -5.76 -5.68
0.000884 -5.76 -5.6
0.000886 -5.76 -5.68
0.000888 -5.76 -5.68
0.00089 -5.76 -5.68
0.000892 -5.84 -5.76
0.000894 -5.76 -5.76
0.000896 -5.76 -5.68
0.000898 -5.76 -5.68
0.0009 -5.76 -5.68
0.000902 -5.76 -5.68
0.000904 -5.76 -5.68
0.000906 -5.76 -5.68
0.000908 -5.76 -5.68
0.00091 -5.76 -5.76
0.000912 -5.76 -5.68
0.000914 -5.76 -5.68
0.000916 -5.68 -5.68
0.000918 -5.76 -5.6
0.00092 -5.6 -5.6
0.000922 -5.68 -5.68
0.000924 -5.6 -5.68
0.000926 -5.6 -5.6
0.000928 -5.6 -5.52
0.00093 -5.6 -5.6
0.000932 -5.6 -5.52
0.000934 -5.6 -5.52
0.000936 -5.6 -5.52
0.000938 -5.6 -5.6
0.00094 -5.52 -5.44
0.000942 -5.52 -5.52
0.000944 -5.52 -5.52
0.000946 -5.52 -5.52
0.000948 -5.44 -5.44
0.00095 -5.52 -5.44
0.000952 -5.44 -5.44
0.000954 -5.44 -5.36
0.000956 -5.44 -5.36
0.000958 -5.44 -5.36
0.00096 -5.44 -5.44
0.000962 -5.44 -5.36
0.000964 -5.28 -5.28
0.000966 -5.28 -5.28
0.000968 -5.28 -5.28
0.00097 -5.28 -5.28
0.000972 -5.28 -5.28
0.000974 -5.28 -5.2
0.000976 -5.2 -5.2
0.000978 -5.28 -5.2
0.00098 -5.2 -5.2
0.000982 -5.2 -5.2
0.000984 -5.12 -5.12
0.000986 -5.2 -5.04
0.000988 -5.12 -5.12
0.00099 -5.12 -5.04
0.000992 -5.04 -5.04
0.000994 -5.04 -5.04
0.000996 -4.96 -4.96
0.000998 -4.96 -4.96
0.001 -4.96 -4.88
0.001002 -4.96 -4.96
0.001004 -4.88 -4.88
0.001006 -4.8 -4.88
0.001008 -4.8 -4.8
0.00101 -4.8 -4.88
0.001012 -4.72 -4.8
0.001014 -4.64 -4.72
0.001016 -4.72 -4.72
0.001018 -4.64 -4.64
0.00102 -4.64 -4.64
0.001022 -4.56 -4.56
0.001024 -4.56 -4.56
0.001026 -4.48 -4.56
0.001028 -4.56 -4.48
0.00103 -4.48 -4.48
0.001032 -4.48 -4.48
0.001034 -4.4 -4.4
0.001036 -4.32 -4.4
0.001038 -4.32 -4.32
0.00104 -4.32 -4.4
0.001042 -4.24 -4.32
0.001044 -4.24 -4.24
0.001046 -4.16 -4.24
0.001048 -4.16 -4.24
0.00105 -4.16 -4.08
0.001052 -4.08 -4.16
0.001054 -4 -4.08
0.001056 -4 -4
0.001058 -4 -3.92
0.00106 -3.92 -4
0.001062 -3.92 -3.92
0.001064 -3.84 -3.92
0.001066 -3.84 -3.84
0.001068 -3.84 -3.84
0.00107 -3.68 -3.84
0.001072 -3.68 -3.76
0.001074 -3.68 -3.76
0.001076 -3.68 -3.76
0.001078 -3.6 -3.68
0.00108 -3.52 -3.6
0.001082 -3.52 -3.6
0.001084 -3.52 -3.52
0.001086 -3.36 -3.52
0.001088 -3.36 -3.44
0.00109 -3.28 -3.44
0.001092 -3.28 -3.44
0.001094 -3.28 -3.28
0.001096 -3.2 -3.2
0.001098 -3.12 -3.2
0.0011 -3.04 -3.12
0.001102 -3.04 -3.12
0.001104 -3.04 -3.12
0.001106 -2.96 -3.12
0.001108 -2.88 -3.04
0.00111 -2.88 -2.96
0.001112 -2.88 -2.96
0.001114 -2.72 -2.88
0.001116 -2.72 -2.8
0.001118 -2.72 -2.8
0.00112 -2.72 -2.72
0.001122 -2.56 -2.72
0.001124 -2.56 -2.64
0.001126 -2.56 -2.64
0.001128 -2.48 -2.56
0.00113 -2.4 -2.48
0.001132 -2.4 -2.48
0.001134 -2.32 -2.48
0.001136 -2.24 -2.32
0.001138 -2.24 -2.32
0.00114 -2.24 -2.24
0.001142 -2.08 -2.24
0.001144 -2.08 -2.24
0.001146 -2 -2.16
0.001148 -2 -2.16
0.00115 -1.92 -2
0.001152 -1.92 -1.92
0.001154 -1.84 -1.92
0.001156 -1.76 -1.92
0.001158 -1.76 -1.84
0.00116 -1.68 -1.84
0.001162 -1.68 -1.76
0.001164 -1.6 -1.68
0.001166 -1.52 -1.6
0.001168 -1.44 -1.6
0.00117 -1.44 -1.6
0.001172 -1.36 -1.6
0.001174 -1.36 -1.44
0.001176 -1.28 -1.36
0.001178 -1.28 -1.36
0.00118 -1.28 -1.36
0.001182 -1.12 -1.2
0.001184 -1.12 -1.2
0.001186 -1.04 -1.2
0.001188 -1.04 -1.12
0.00119 -0.96 -1.04
0.001192 -0.88 -1.04
0.001194 -0.8 -0.96
0.001196 -0.8 -0.96
0.001198 -0.72 -0.88
0.0012 -0.64 -0.8
0.001202 -0.64 -0.72
0.001204 -0.56 -0.64
0.001206 -0.48 -0.64
0.001208 -0.48 -0.64
0.00121 -0.4 -0.56
0.001212 -0.32 -0.48
0.001214 -0.32 -0.48
0.001216 -0.24 -0.4
0.001218 -0.16 -0.32
0.00122 -0.16 -0.24
0.001222 -0.16 -0.24
0.001224 0 -0.24
0.001226 0.08 -0.16
0.001228 0.08 0
0.00123 0.24 0
0.001232 0.24 0.08
0.001234 0.24 0.16
0.001236 0.32 0.16
0.001238 0.32 0.16
0.00124 0.4 0.32
0.001242 0.48 0.32
0.001244 0.56 0.32
0.001246 0.56 0.4
0.001248 0.64 0.48
0.00125 0.64 0.48
0.001252 0.64 0.56
0.001254 0.72 0.64
0.001256 0.88 0.72
0.001258 0.88 0.64
0.00126 0.88 0.72
0.001262 0.96 0.8
0.001264 1.04 0.88
0.001266 1.12 0.88
0.001268 1.2 0.96
0.00127 1.2 1.04
0.001272 1.2 1.12
0.001274 1.28 1.12
0.001276 1.36 1.12
0.001278 1.36 1.2
0.00128 1.44 1.28
0.001282 1.52 1.28
0.001284 1.52 1.36
0.001286 1.52 1.44
0.001288 1.6 1.44
0.00129 1.68 1.52
0.001292 1.68 1.6
0.001294 1.76 1.6
0.001296 1.84 1.68
0.001298 1.92 1.76
0.0013 1.92 1.84
0.001302 2 1.76
0.001304 2 1.76
0.001306 2.16 1.92
0.001308 2.16 2
0.00131 2.16 2
0.001312 2.16 2
0.001314 2.24 2.08
0.001316 2.32 2.16
0.001318 2.32 2.24
0.00132 2.48 2.24
0.001322 2.48 2.32
0.001324 2.48 2.32
0.001326 2.56 2.4
0.001328 2.56 2.48
0.00133 2.56 2.48
0.001332 2.64 2.48
0.001334 2.72 2.56
0.001336 2.8 2.64
0.001338 2.8 2.64
0.00134 2.88 2.64
0.001342 2.96 2.72
0.001344 2.88 2.8
0.001346 2.96 2.88
0.001348 3.04 2.88
0.00135 3.12 2.96
0.001352 3.12 2.96
0.001354 3.12 2.96
0.001356 3.2 3.04
0.001358 3.28 3.12
0.00136 3.28 3.04
0.001362 3.28 3.12
0.001364 3.36 3.28
0.001366 3.44 3.28
0.001368 3.44 3.28
0.00137 3.52 3.36
0.001372 3.52 3.36
0.001374 3.6 3.44
0.001376 3.6 3.44
0.001378 3.6 3.52
0.00138 3.76 3.6
0.001382 3.76 3.52
0.001384 3.76 3.6
0.001386 3.84 3.68
0.001388 3.84 3.76
0.00139 3.92 3.68
0.001392 3.92 3.76
0.001394 3.92 3.84
0.001396 4 3.84
0.001398 4.08 3.84
0.0014 4.08 3.92
0.001402 4.08 4
0.001404 4.08 4
0.001406 4.16 4
0.001408 4.24 4
0.00141 4.24 4.08
0.001412 4.24 4.16
0.001414 4.24 4.16
0.001416 4.32 4.24
0.001418 4.4 4.24
0.00142 4.4 4.24
0.001422 4.4 4.24
0.001424 4.48 4.32
0.001426 4.48 4.32
0.001428 4.56 4.32
0.00143 4.56 4.48
0.001432 4.56 4.48
0.001434 4.64 4.48
0.001436 4.64 4.48
0.001438 4.72 4.56
0.00144 4.72 4.56
0.001442 4.72 4.56
0.001444 4.72 4.64
0.001446 4.72 4.72
0.001448 4.8 4.72
0.00145 4.88 4.72
0.001452 4.88 4.8
0.001454 4.88 4.8
0.001456 4.88 4.8
0.001458 4.96 4.8
0.00146 5.04 4.8
0.001462 5.04 4.88
0.001464 5.04 4.88
0.001466 5.04 4.96
0.001468 5.12 4.96
0.00147 5.12 4.96
0.001472 5.12 5.04
0.001474 5.12 5.04
0.001476 5.12 5.04
0.001478 5.2 5.04
0.00148 5.2 5.12
0.001482 5.2 5.12
0.001484 5.2 5.12
0.001486 5.2 5.12
0.001488 5.28 5.12
0.00149 5.28 5.2
0.001492 5.36 5.12
0.001494 5.36 5.2
0.001496 5.36 5.28
0.001498 5.36 5.28
0.0015 5.36 5.2
0.001502 5.36 5.28
0.001504 5.36 5.28
0.001506 5.44 5.28
0.001508 5.44 5.36
0.00151 5.44 5.36
0.001512 5.44 5.36
0.001514 5.44 5.36
0.001516 5.52 5.36
0.001518 5.44 5.44
0.00152 5.52 5.36
0.001522 5.52 5.44
0.001524 5.52 5.44
0.001526 5.52 5.44
0.001528 5.52 5.44
0.00153 5.52 5.44
0.001532 5.52 5.52
0.001534 5.6 5.52
0.001536 5.52 5.52
0.001538 5.52 5.52
0.00154 5.52 5.52
0.001542 5.52 5.52
0.001544 5.6 5.52
0.001546 5.68 5.52
0.001548 5.6 5.6
0.00155 5.68 5.52
0.001552 5.68 5.52
0.001554 5.68 5.52
0.001556 5.6 5.6
0.001558 5.68 5.52
0.00156 5.68 5.52
0.001562 5.68 5.6
0.001564 5.68 5.52
0.001566 5.68 5.52
0.001568 5.68 5.6
0.00157 5.68 5.6
0.001572 5.68 5.52
0.001574 5.68 5.6
0.001576 5.68 5.6
0.001578 5.68 5.6
0.00158 5.6 5.52
0.001582 5.68 5.6
0.001584 5.68 5.6
0.001586 5.68 5.6
0.001588 5.6 5.52
0.00159 5.68 5.52
0.001592 5.68 5.6
0.001594 5.68 5.52
0.001596 5.6 5.52
0.001598 5.6 5.6
0.0016 5.6 5.52
0.001602 5.6 5.52
0.001604 5.52 5.6
0.001606 5.52 5.52
0.001608 5.52 5.44
0.00161 5.52 5.52
0.001612 5.52 5.52
0.001614 5.52 5.52
0.001616 5.52 5.52
0.001618 5.52 5.52
0.00162 5.52 5.44
0.001622 5.52 5.44
0.001624 5.44 5.44
0.001626 5.44 5.44
0.001628 5.44 5.44
0.00163 5.44 5.44
0.001632 5.44 5.44
0.001634 5.36 5.44
0.001636 5.36 5.44
0.001638 5.36 5.36
0.00164 5.36 5.36
0.001642 5.36 5.36
0.001644 5.36 5.28
0.001646 5.36 5.28
0.001648 5.36 5.36
0.00165 5.2 5.28
0.001652 5.28 5.28
0.001654 5.2 5.2
0.001656 5.2 5.2
0.001658 5.2 5.2
0.00166 5.2 5.12
0.001662 5.2 5.12
0.001664 5.12 5.2
0.001666 5.12 5.12
0.001668 5.12 5.12
0.00167 5.04 5.12
0.001672 5.04 5.12
0.001674 5.04 4.96
0.001676 5.04 5.04
0.001678 5.04 4.96
0.00168 4.88 5.04
0.001682 4.96 4.96
0.001684 4.96 4.96
0.001686 4.88 4.88
0.001688 4.88 4.88
0.00169 4.8 4.8
0.001692 4.8 4.8
0.001694 4.8 4.8
0.001696 4.72 4.8
0.001698 4.72 4.72
0.0017 4.72 4.72
0.001702 4.72 4.72
0.001704 4.72 4.64
0.001706 4.56 4.64
0.001708 4.56 4.64
0.00171 4.56 4.56
0.001712 4.48 4.48
0.001714 4.48 4.48
0.001716 4.4 4.48
0.001718 4.48 4.48
0.00172 4.4 4.48
0.001722 4.4 4.4
0.001724 4.32 4.4
0.001726 4.24 4.32
0.001728 4.24 4.24
0.00173 4.24 4.32
0.001732 4.16 4.24
0.001734 4.16 4.16
0.001736 4.08 4.16
0.001738 4.08 4.16
0.00174 4.08 4.16
0.001742 4 4
0.001744 3.92 4
0.001746 3.92 4.08
0.001748 3.92 3.92
0.00175 3.84 3.92
0.001752 3.76 3.92
0.001754 3.76 3.84
0.001756 3.76 3.76
0.001758 3.76 3.76
0.00176 3.6 3.76
0.001762 3.6 3.68
0.001764 3.52 3.68
0.001766 3.52 3.68
0.001768 3.52 3.6
0.00177 3.44 3.6
0.001772 3.44 3.52
0.001774 3.44 3.52
0.001776 3.36 3.36
0.001778 3.36 3.36
0.00178 3.2 3.36
0.001782 3.2 3.36
0.001784 3.2 3.28
0.001786 3.12 3.28
0.001788 3.12 3.2
0.00179 3.12 3.2
0.001792 2.96 3.04
0.001794 2.96 2.96
0.001796 2.88 3.04
0.001798 2.8 2.96
0.0018 2.8 2.96
0.001802 2.8 2.88
0.001804 2.8 2.88
0.001806 2.64 2.72
0.001808 2.64 2.72
0.00181 2.56 2.72
0.001812 2.56 2.72
0.001814 2.48 2.64
0.001816 2.48 2.64
0.001818 2.32 2.48
0.00182 2.32 2.48
0.001822 2.24 2.4
0.001824 2.24 2.4
0.001826 2.24 2.32
0.001828 2.16 2.32
0.00183 2.16 2.24
0.001832 2.16 2.24
0.001834 2.16 2.24
0.001836 1.92 2.08
0.001838 1.92 2.08
0.00184 1.92 2.08
0.001842 1.84 1.92
0.001844 1.76 1.92
0.001846 1.68 1.92
0.001848 1.68 1.84
0.00185 1.6 1.76
0.001852 1.6 1.68
0.001854 1.52 1.68
0.001856 1.52 1.6
0.001858 1.52 1.52
0.00186 1.36 1.44
0.001862 1.28 1.52
0.001864 1.28 1.44
0.001866 1.2 1.36
0.001868 1.2 1.36
0.00187 1.2 1.28
0.001872 1.04 1.2
0.001874 1.04 1.12
0.001876 0.96 1.2
0.001878 0.96 1.04
0.00188 0.88 1.04
0.001882 0.88 1.04
0.001884 0.8 0.96
0.001886 0.72 0.88
0.001888 0.72 0.8
0.00189 0.64 0.8
0.001892 0.64 0.72
0.001894 0.48 0.72
0.001896 0.48 0.64
0.001898 0.48 0.64
0.0019 0.4 0.48
0.001902 0.32 0.48
0.001904 0.24 0.48
0.001906 0.24 0.4
0.001908 0.24 0.32
0.00191 0.08 0.24
0.001912 0.08 0.24
0.001914 0 0.16
0.001916 0 0.08
0.001918 -0.16 0.08
0.00192 -0.16 0.08
0.001922 -0.16 0
0.001924 -0.32 -0.16
0.001926 -0.4 -0.24
0.001928 -0.4 -0.24
0.00193 -0.4 -0.24
0.001932 -0.48 -0.32
0.001934 -0.56 -0.32
0.001936 -0.64 -0.4
0.001938 -0.72 -0.48
0.00194 -0.72 -0.56
0.001942 -0.8 -0.56
0.001944 -0.8 -0.64
0.001946 -0.88 -0.72
0.001948 -0.96 -0.72
0.00195 -0.96 -0.72
0.001952 -1.04 -0.88
0.001954 -1.12 -0.96
0.001956 -1.12 -0.96
0.001958 -1.12 -0.96
0.00196 -1.28 -1.04
0.001962 -1.28 -1.12
0.001964 -1.36 -1.04
0.001966 -1.36 -1.2
0.001968 -1.44 -1.2
0.00197 -1.44 -1.28
0.001972 -1.52 -1.28
0.001974 -1.6 -1.44
0.001976 -1.68 -1.44
0.001978 -1.68 -1.44
0.00198 -1.76 -1.52
0.001982 -1.76 -1.6
0.001984 -1.76 -1.6
0.001986 -1.92 -1.68
0.001988 -1.92 -1.68
0.00199 -2 -1.84
0.001992 -2 -1.84
0.001994 -2.08 -1.84
0.001996 -2.08 -1.92
0.001998 -2.16 -1.92
0.002 -2.24 -2
0.002002 -2.24 -2
0.002004 -2.32 -2.16
0.002006 -2.4 -2.16
0.002008 -2.4 -2.16
0.00201 -2.4 -2.24
0.002012 -2.56 -2.32
0.002014 -2.56 -2.32
0.002016 -2.56 -2.4
0.002018 -2.64 -2.56
0.00202 -2.72 -2.56
0.002022 -2.72 -2.48
0.002024 -2.72 -2.56
0.002026 -2.88 -2.64
0.002028 -2.88 -2.72
0.00203 -2.88 -2.72
0.002032 -2.96 -2.72
0.002034 -3.04 -2.88
0.002036 -3.04 -2.88
0.002038 -3.04 -2.88
0.00204 -3.12 -2.96
0.002042 -3.2 -3.04
0.002044 -3.2 -3.04
0.002046 -3.28 -3.12
0.002048 -3.28 -3.12
0.00205 -3.36 -3.12
0.002052 -3.36 -3.12
0.002054 -3.52 -3.28
0.002056 -3.52 -3.28
0.002058 -3.52 -3.36
0.00206 -3.6 -3.44
0.002062 -3.6 -3.44
0.002064 -3.68 -3.52
0.002066 -3.68 -3.44
0.002068 -3.68 -3.52
0.00207 -3.68 -3.6
0.002072 -3.84 -3.6
0.002074 -3.84 -3.6
0.002076 -3.92 -3.76
0.002078 -3.92 -3.84
0.00208 -4 -3.76
0.002082 -3.92 -3.76
0.002084 -4 -3.92
0.002086 -4 -3.92
0.002088 -4.16 -3.92
0.00209 -4.16 -4
0.002092 -4.16 -4
0.002094 -4.24 -4.08
0.002096 -4.24 -4.08
0.002098 -4.24 -4.16
0.0021 -4.32 -4.16
0.002102 -4.32 -4.16
0.002104 -4.32 -4.16
0.002106 -4.48 -4.32
0.002108 -4.4 -4.32
0.00211 -4.48 -4.32
0.002112 -4.56 -4.4
0.002114 -4.56 -4.4
0.002116 -4.64 -4.4
0.002118 -4.64 -4.4
0.00212 -4.64 -4.48
0.002122 -4.64 -4.56
0.002124 -4.72 -4.56
0.002126 -4.8 -4.56
0.002128 -4.8 -4.56
0.00213 -4.8 -4.64
0.002132 -4.88 -4.64
0.002134 -4.96 -4.64
0.002136 -4.96 -4.8
0.002138 -4.96 -4.72
0.00214 -4.96 -4.72
0.002142 -4.96 -4.8
0.002144 -4.96 -4.88
0.002146 -4.96 -4.8
0.002148 -5.04 -4.88
0.00215 -5.04 -4.88
0.002152 -5.12 -4.88
0.002154 -5.12 -4.96
0.002156 -5.12 -5.04
0.002158 -5.2 -4.96
0.00216 -5.2 -5.04
0.002162 -5.2 -5.04
0.002164 -5.2 -5.12
0.002166 -5.28 -5.12
0.002168 -5.28 -5.12
0.00217 -5.28 -5.12
0.002172 -5.28 -5.2
0.002174 -5.28 -5.2
0.002176 -5.36 -5.2
0.002178 -5.36 -5.2
0.00218 -5.44 -5.28
0.002182 -5.44 -5.2
0.002184 -5.52 -5.28
0.002186 -5.44 -5.28
0.002188 -5.44 -5.36
0.00219 -5.44 -5.36
0.002192 -5.52 -5.36
0.002194 -5.52 -5.36
0.002196 -5.6 -5.36
0.002198 -5.6 -5.36
0.0022 -5.52 -5.44
0.002202 -5.6 -5.52
0.002204 -5.6 -5.44
0.002206 -5.6 -5.44
0.002208 -5.6 -5.52
0.00221 -5.6 -5.52
0.002212 -5.6 -5.52
0.002214 -5.6 -5.52
0.002216 -5.6 -5.52
0.002218 -5.76 -5.6
0.00222 -5.68 -5.52
0.002222 -5.68 -5.6
0.002224 -5.76 -5.6
0.002226 -5.76 -5.6
0.002228 -5.76 -5.6
0.00223 -5.76 -5.68
0.002232 -5.76 -5.6
0.002234 -5.76 -5.68
0.002236 -5.76 -5.6
0.002238 -5.76 -5.76
0.00224 -5.76 -5.68
0.002242 -5.84 -5.68
0.002244 -5.76 -5.68
0.002246 -5.76 -5.76
0.002248 -5.76 -5.68
0.00225 -5.84 -5.68
0.002252 -5.76 -5.68
0.002254 -5.84 -5.68
0.002256 -5.84 -5.68
0.002258 -5.84 -5.76
0.00226 -5.84 -5.76
0.002262 -5.84 -5.68
0.002264 -5.76 -5.68
0.002266 -5.84 -5.68
0.002268 -5.84 -5.68
0.00227 -5.76 -5.68
0.002272 -5.84 -5.68
0.002274 -5.84 -5.68
0.002276 -5.76 -5.76
0.002278 -5.84 -5.68
0.00228 -5.76 -5.68
0.002282 -5.84 -5.68
0.002284 -5.76 -5.68
0.002286 -5.84 -5.68
0.002288 -5.76 -5.68
0.00229 -5.76 -5.68
0.002292 -5.76 -5.68
0.002294 -5.76 -5.68
0.002296 -5.76 -5.6
0.002298 -5.76 -5.68
0.0023 -5.76 -5.68
0.002302 -5.76 -5.6
0.002304 -5.76 -5.68
0.002306 -5.68 -5.6
0.002308 -5.68 -5.6
0.00231 -5.6 -5.68
0.002312 -5.6 -5.68
0.002314 -5.6 -5.52
0.002316 -5.6 -5.52
0.002318 -5.6 -5.52
0.00232 -5.6 -5.6
0.002322 -5.6 -5.52
0.002324 -5.6 -5.52
0.002326 -5.52 -5.52
0.002328 -5.52 -5.52
0.00233 -5.6 -5.52
0.002332 -5.52 -5.52
0.002334 -5.52 -5.44
0.002336 -5.52 -5.44
0.002338 -5.52 -5.44
0.00234 -5.44 -5.44
0.002342 -5.44 -5.44
0.002344 -5.44 -5.36
0.002346 -5.44 -5.36
0.002348 -5.36 -5.36
0.00235 -5.36 -5.36
0.002352 -5.28 -5.28
0.002354 -5.28 -5.28
0.002356 -5.28 -5.28
0.002358 -5.28 -5.28
0.00236 -5.28 -5.28
0.002362 -5.28 -5.2
0.002364 -5.28 -5.2
0.002366 -5.2 -5.2
0.002368 -5.2 -5.12
0.00237 -5.2 -5.12
0.002372 -5.2 -5.12
0.002374 -5.12 -5.12
0.002376 -5.12 -5.12
0.002378 -5.12 -5.12
0.00238 -5.04 -4.96
0.002382 -4.96 -5.04
0.002384 -4.96 -4.96
0.002386 -4.96 -4.96
0.002388 -4.96 -4.96
0.00239 -4.96 -4.88
0.002392 -4.88 -4.88
0.002394 -4.8 -4.8
0.002396 -4.8 -4.8
0.002398 -4.8 -4.8
0.0024 -4.8 -4.8
0.002402 -4.72 -4.72
0.002404 -4.64 -4.72
0.002406 -4.64 -4.72
0.002408 -4.64 -4.72
0.00241 -4.64 -4.64
0.002412 -4.56 -4.56
0.002414 -4.56 -4.56
0.002416 -4.48 -4.56
0.002418 -4.48 -4.48
0.00242 -4.48 -4.48
0.002422 -4.48 -4.4
0.002424 -4.32 -4.4
0.002426 -4.32 -4.4
0.002428 -4.32 -4.4
0.00243 -4.32 -4.32
0.002432 -4.24 -4.24
0.002434 -4.16 -4.24
0.002436 -4.16 -4.24
0.002438 -4.16 -4.16
0.00244 -4.08 -4.08
0.002442 -4.08 -4.16
0.002444 -4 -4.16
0.002446 -4 -4
0.002448 -3.92 -4
0.00245 -3.92 -3.92
0.002452 -3.92 -3.92
0.002454 -3.84 -3.92
0.002456 -3.84 -3.92
0.002458 -3.68 -3.84
0.00246 -3.68 -3.76
0.002462 -3.68 -3.68
0.002464 -3.6 -3.6
0.002466 -3.6 -3.6
0.002468 -3.6 -3.6
0.00247 -3.52 -3.6
0.002472 -3.44 -3.6
0.002474 -3.44 -3.52
0.002476 -3.36 -3.44
0.002478 -3.36 -3.44
0.00248 -3.28 -3.36
0.002482 -3.28 -3.28
0.002484 -3.2 -3.28
0.002486 -3.12 -3.28
0.002488 -3.12 -3.2
0.00249 -3.04 -3.2
0.002492 -3.04 -3.12
0.002494 -3.04 -3.12
0.002496 -2.96 -2.96
0.002498 -2.96 -2.96
0.0025 -2.88 -2.96
0.002502 -2.8 -2.96
0.002504 -2.72 -2.8
0.002506 -2.72 -2.8
0.002508 -2.72 -2.8
0.00251 -2.64 -2.8
0.002512 -2.56 -2.64
0.002514 -2.56 -2.64
0.002516 -2.48 -2.64
0.002518 -2.4 -2.48
0.00252 -2.4 -2.48
0.002522 -2.4 -2.48
0.002524 -2.32 -2.4
0.002526 -2.32 -2.32
0.002528 -2.24 -2.24
0.00253 -2.16 -2.24
0.002532 -2.08 -2.24
0.002534 -2.08 -2.16
0.002536 -2 -2.16
0.002538 -2 -2.08
0.00254 -1.92 -2
0.002542 -1.92 -2
0.002544 -1.76 -1.92
0.002546 -1.76 -1.92
0.002548 -1.76 -1.84
0.00255 -1.68 -1.76
0.002552 -1.6 -1.68
0.002554 -1.52 -1.68
0.002556 -1.44 -1.6
0.002558 -1.44 -1.6
0.00256 -1.44 -1.52
0.002562 -1.44 -1.44
0.002564 -1.36 -1.44
0.002566 -1.28 -1.36
0.002568 -1.28 -1.36
0.00257 -1.12 -1.28
0.002572 -1.12 -1.2
0.002574 -1.12 -1.2
0.002576 -1.04 -1.2
0.002578 -0.96 -1.04
0.00258 -0.8 -1.04
0.002582 -0.8 -0.96
0.002584 -0.8 -0.88
0.002586 -0.72 -0.88
0.002588 -0.72 -0.88
0.00259 -0.64 -0.8
0.002592 -0.64 -0.72
0.002594 -0.56 -0.64
0.002596 -0.48 -0.64
0.002598 -0.4 -0.56
0.0026 -0.4 -0.48
0.002602 -0.32 -0.48
0.002604 -0.32 -0.48
0.002606 -0.16 -0.4
0.002608 -0.16 -0.32
0.00261 0 -0.24
0.002612 0 -0.24
0.002614 0 -0.16
0.002616 0.08 0
0.002618 0.08 0
0.00262 0.24 0.08
0.002622 0.24 0.08
0.002624 0.32 0.08
0.002626 0.32 0.16
0.002628 0.32 0.24
0.00263 0.4 0.32
0.002632 0.48 0.32
0.002634 0.56 0.4
0.002636 0.64 0.48
0.002638 0.64 0.48
0.00264 0.72 0.48
0.002642 0.72 0.56
0.002644 0.8 0.64
0.002646 0.88 0.72
0.002648 0.96 0.72
0.00265 0.96 0.8
0.002652 1.04 0.88
0.002654 1.04 0.88
0.002656 1.2 0.96
0.002658 1.2 1.04
0.00266 1.2 1.04
0.002662 1.28 1.04
0.002664 1.28 1.12
0.002666 1.36 1.2
0.002668 1.36 1.2
0.00267 1.52 1.28
0.002672 1.52 1.36
0.002674 1.52 1.36
0.002676 1.6 1.44
0.002678 1.6 1.44
0.00268 1.68 1.6
0.002682 1.68 1.6
0.002684 1.76 1.68
0.002686 1.84 1.68
0.002688 1.92 1.76
0.00269 1.92 1.76
0.002692 2 1.76
0.002694 2 1.92
0.002696 2.16 2
0.002698 2.16 2
0.0027 2.16 2.08
0.002702 2.24 2.08
0.002704 2.32 2.08
0.002706 2.32 2.16
0.002708 2.32 2.24
0.00271 2.48 2.32
0.002712 2.48 2.32
0.002714 2.48 2.32
0.002716 2.56 2.48
0.002718 2.64 2.56
0.00272 2.64 2.48
0.002722 2.8 2.56
0.002724 2.8 2.64
0.002726 2.8 2.64
0.002728 2.8 2.64
0.00273 2.88 2.72
0.002732 2.96 2.8
0.002734 2.96 2.8
0.002736 3.04 2.8
0.002738 3.12 2.88
0.00274 3.12 2.88
0.002742 3.2 2.96
0.002744 3.2 2.96
0.002746 3.2 3.12
0.002748 3.28 3.2
0.00275 3.28 3.2
0.002752 3.44 3.2
0.002754 3.44 3.28
0.002756 3.44 3.28
0.002758 3.44 3.28
0.00276 3.52 3.36
0.002762 3.52 3.36
0.002764 3.6 3.44
0.002766 3.6 3.52
0.002768 3.6 3.6
0.00277 3.76 3.52
0.002772 3.76 3.52
0.002774 3.76 3.6
0.002776 3.84 3.68
0.002778 3.84 3.68
0.00278 3.92 3.76
0.002782 3.92 3.84
0.002784 3.92 3.84
0.002786 4.08 3.84
0.002788 4.08 3.92
0.00279 4.08 4
0.002792 4.16 3.92
0.002794 4.16 4
0.002796 4.16 4.16
0.002798 4.24 4.08
0.0028 4.24 4.08
0.002802 4.32 4.16
0.002804 4.24 4.16
0.002806 4.4 4.24
0.002808 4.4 4.24
0.00281 4.48 4.24
0.002812 4.48 4.32
0.002814 4.48 4.4
0.002816 4.48 4.4
0.002818 4.56 4.48
0.00282 4.64 4.48
0.002822 4.64 4.4
0.002824 4.64 4.48
0.002826 4.64 4.56
0.002828 4.72 4.56
0.00283 4.72 4.56
0.002832 4.72 4.64
0.002834 4.8 4.64
0.002836 4.8 4.72
0.002838 4.8 4.72
0.00284 4.88 4.72
0.002842 4.88 4.72
0.002844 4.88 4.72
0.002846 4.96 4.88
0.002848 4.88 4.88
0.00285 5.04 4.88
0.002852 5.04 4.88
0.002854 5.04 4.88
0.002856 5.04 4.96
0.002858 5.04 4.88
0.00286 5.12 4.96
0.002862 5.12 5.04
0.002864 5.12 5.04
0.002866 5.12 5.04
0.002868 5.12 5.12
0.00287 5.2 5.12
0.002872 5.2 5.12
0.002874 5.2 5.12
0.002876 5.28 5.12
0.002878 5.28 5.2
0.00288 5.36 5.2
0.002882 5.2 5.2
0.002884 5.36 5.28
0.002886 5.36 5.28
0.002888 5.36 5.2
0.00289 5.36 5.28
0.002892 5.36 5.28
0.002894 5.36 5.28
0.002896 5.44 5.28
0.002898 5.44 5.44
0.0029 5.44 5.44
0.002902 5.44 5.36
0.002904 5.44 5.44
0.002906 5.44 5.44
0.002908 5.52 5.44
0.00291 5.52 5.44
0.002912 5.52 5.44
0.002914 5.52 5.44
0.002916 5.52 5.44
0.002918 5.52 5.44
0.00292 5.52 5.52
0.002922 5.6 5.52
0.002924 5.68 5.44
0.002926 5.6 5.52
0.002928 5.68 5.52
0.00293 5.68 5.52
0.002932 5.68 5.52
0.002934 5.6 5.52
0.002936 5.68 5.52
0.002938 5.68 5.52
0.00294 5.68 5.52
0.002942 5.68 5.52
0.002944 5.68 5.6
0.002946 5.68 5.6
0.002948 5.6 5.6
0.00295 5.68 5.6
0.002952 5.6 5.6
0.002954 5.6 5.52
0.002956 5.68 5.52
0.002958 5.68 5.6
0.00296 5.6 5.52
0.002962 5.68 5.52
0.002964 5.68 5.6
0.002966 5.6 5.6
0.002968 5.68 5.6
0.00297 5.6 5.52
0.002972 5.68 5.6
0.002974 5.68 5.52
0.002976 5.68 5.52
0.002978 5.68 5.6
0.00298 5.68 5.6
0.002982 5.68 5.6
0.002984 5.68 5.52
0.002986 5.68 5.52
0.002988 5.6 5.6
0.00299 5.6 5.52
0.002992 5.6 5.52
0.002994 5.52 5.52
0.002996 5.52 5.52
0.002998 5.52 5.44
0.003 5.52 5.44
0.003002 5.52 5.52
0.003004 5.52 5.44
0.003006 5.52 5.44
0.003008 5.52 5.52
0.00301 5.52 5.44
0.003012 5.52 5.44
0.003014 5.44 5.44
0.003016 5.44 5.44
0.003018 5.44 5.44
0.00302 5.36 5.36
0.003022 5.44 5.44
0.003024 5.36 5.44
0.003026 5.36 5.28
0.003028 5.36 5.36
0.00303 5.36 5.36
0.003032 5.36 5.36
0.003034 5.36 5.36
0.003036 5.28 5.28
0.003038 5.28 5.28
0.00304 5.28 5.28
0.003042 5.28 5.2
0.003044 5.2 5.2
0.003046 5.2 5.28
0.003048 5.2 5.2
0.00305 5.2 5.2
0.003052 5.12 5.2
0.003054 5.04 5.12
0.003056 5.12 5.12
0.003058 5.12 5.04
0.00306 5.04 5.12
0.003062 5.04 5.12
0.003064 5.04 5.04
0.003066 5.04 5.04
0.003068 5.04 5.04
0.00307 4.96 4.96
0.003072 4.88 4.96
0.003074 4.88 4.96
0.003076 4.88 4.88
0.003078 4.88 4.88
0.00308 4.8 4.8
0.003082 4.8 4.8
0.003084 4.72 4.8
0.003086 4.72 4.72
0.003088 4.72 4.72
0.00309 4.72 4.72
0.003092 4.72 4.72
0.003094 4.64 4.64
0.003096 4.56 4.72
0.003098 4.56 4.56
0.0031 4.48 4.64
0.003102 4.48 4.56
0.003104 4.48 4.48
0.003106 4.4 4.4
0.003108 4.4 4.48
0.00311 4.4 4.48
0.003112 4.32 4.4
0.003114 4.24 4.32
0.003116 4.24 4.32
0.003118 4.24 4.24
0.00312 4.16 4.24
0.003122 4.16 4.16
0.003124 4.08 4.16
0.003126 4.08 4.16
0.003128 4.08 4.08
0.00313 4.08 4
0.003132 4 4.08
0.003134 3.92 4.08
0.003136 3.92 3.92
0.003138 3.92 4
0.00314 3.84 3.92
0.003142 3.84 3.92
0.003144 3.76 3.84
0.003146 3.76 3.84
0.003148 3.68 3.84
0.00315 3.6 3.76
0.003152 3.6 3.68
0.003154 3.52 3.68
0.003156 3.52 3.6
0.003158 3.52 3.52
0.00316 3.44 3.52
0.003162 3.44 3.52
0.003164 3.28 3.44
0.003166 3.28 3.36
0.003168 3.28 3.36
0.00317 3.28 3.36
0.003172 3.2 3.28
0.003174 3.12 3.28
0.003176 3.12 3.28
0.003178 3.12 3.2
0.00318 2.96 3.12
0.003182 2.96 3.04
0.003184 2.88 3.04
0.003186 2.88 2.96
0.003188 2.8 2.96
0.00319 2.8 2.8
0.003192 2.8 2.88
0.003194 2.8 2.8
0.003196 2.64 2.8
0.003198 2.64 2.8
0.0032 2.56 2.72
0.003202 2.56 2.64
0.003204 2.48 2.56
0.003206 2.4 2.64
0.003208 2.32 2.56
0.00321 2.32 2.4
0.003212 2.24 2.4
0.003214 2.24 2.4
0.003216 2.16 2.32
0.003218 2.16 2.32
0.00322 2.16 2.24
0.003222 2 2.24
0.003224 2 2.08
0.003226 1.92 2
0.003228 1.92 2.08
0.00323 1.84 2
0.003232 1.84 1.92
0.003234 1.76 1.92
0.003236 1.68 1.92
0.003238 1.6 1.76
0.00324 1.6 1.76
0.003242 1.52 1.68
0.003244 1.52 1.6
0.003246 1.44 1.6
0.003248 1.44 1.52
0.00325 1.36 1.44
0.003252 1.28 1.44
0.003254 1.28 1.36
0.003256 1.2 1.36
0.003258 1.2 1.28
0.00326 1.12 1.28
0.003262 1.04 1.2
0.003264 1.04 1.2
0.003266 0.96 1.12
0.003268 0.88 1.12
0.00327 0.88 1.04
0.003272 0.88 0.96
0.003274 0.72 0.96
0.003276 0.72 0.8
0.003278 0.64 0.8
0.00328 0.56 0.8
0.003282 0.56 0.72
0.003284 0.48 0.64
0.003286 0.4 0.64
0.003288 0.4 0.56
0.00329 0.24 0.48
0.003292 0.24 0.4
0.003294 0.24 0.48
0.003296 0.24 0.32
0.003298 0.08 0.32
0.0033 0.08 0.32
0.003302 0.08 0.24
0.003304 0 0.08
0.003306 0 0.08
0.003308 -0.16 0.08
0.00331 -0.24 0
0.003312 -0.32 0
0.003314 -0.32 0
0.003316 -0.4 -0.24
0.003318 -0.4 -0.24
0.00332 -0.48 -0.32
0.003322 -0.48 -0.32
0.003324 -0.56 -0.4
0.003326 -0.64 -0.48
0.003328 -0.64 -0.56
0.00333 -0.72 -0.56
0.003332 -0.8 -0.56
0.003334 -0.8 -0.64
0.003336 -0.88 -0.72
0.003338 -0.96 -0.72
0.00334 -1.04 -0.88
0.003342 -1.04 -0.88
0.003344 -1.12 -0.96
0.003346 -1.12 -0.96
0.003348 -1.28 -1.04
0.00335 -1.28 -1.04
0.003352 -1.28 -1.12
0.003354 -1.36 -1.2
0.003356 -1.44 -1.2
0.003358 -1.44 -1.28
0.00336 -1.44 -1.28
0.003362 -1.6 -1.36
0.003364 -1.6 -1.44
0.003366 -1.68 -1.44
0.003368 -1.76 -1.44
0.00337 -1.76 -1.6
0.003372 -1.76 -1.68
0.003374 -1.84 -1.6
0.003376 -1.92 -1.68
0.003378 -1.92 -1.84
0.00338 -2 -1.76
0.003382 -2.08 -1.84
0.003384 -2.08 -1.92
0.003386 -2.08 -2
0.003388 -2.16 -2
0.00339 -2.32 -2.08
0.003392 -2.24 -2.08
0.003394 -2.4 -2.16
0.003396 -2.4 -2.16
0.003398 -2.4 -2.24
0.0034 -2.48 -2.24
0.003402 -2.56 -2.32
0.003404 -2.56 -2.32
0.003406 -2.56 -2.48
0.003408 -2.72 -2.56
0.00341 -2.72 -2.56
0.003412 -2.72 -2.56
0.003414 -2.8 -2.64
0.003416 -2.88 -2.64
0.003418 -2.88 -2.64
0.00342 -2.96 -2.8
0.003422 -2.96 -2.88
0.003424 -3.04 -2.88
0.003426 -3.04 -2.88
0.003428 -3.2 -2.96
0.00343 -3.2 -2.96
0.003432 -3.2 -2.96
0.003434 -3.2 -2.96
0.003436 -3.28 -3.2
0.003438 -3.36 -3.2
0.00344 -3.36 -3.2
0.003442 -3.36 -3.28
0.003444 -3.52 -3.28
0.003446 -3.52 -3.28
0.003448 -3.52 -3.36
0.00345 -3.6 -3.44
0.003452 -3.6 -3.52
0.003454 -3.68 -3.52
0.003456 -3.68 -3.52
0.003458 -3.68 -3.6
0.00346 -3.84 -3.68
0.003462 -3.84 -3.6
0.003464 -3.92 -3.68
0.003466 -3.92 -3.68
0.003468 -3.92 -3.76
0.00347 -4 -3.76
0.003472 -4 -3.92
0.003474 -4 -3.92
0.003476 -4.08 -3.92
0.003478 -4.16 -3.92
0.00348 -4.16 -4
0.003482 -4.16 -4.08
0.003484 -4.24 -4
0.003486 -4.24 -4.08
0.003488 -4.32 -4.16
0.00349 -4.32 -4.16
0.003492 -4.32 -4.16
0.003494 -4.4 -4.24
0.003496 -4.48 -4.24
0.003498 -4.56 -4.24
0.0035 -4.56 -4.24
0.003502 -4.56 -4.4
0.003504 -4.48 -4.4
0.003506 -4.56 -4.4
0.003508 -4.64 -4.48
0.00351 -4.64 -4.56
0.003512 -4.72 -4.48
0.003514 -4.64 -4.48
0.003516 -4.8 -4.56
0.003518 -4.8 -4.72
0.00352 -4.88 -4.64
0.003522 -4.88 -4.72
0.003524 -4.88 -4.72
0.003526 -4.88 -4.72
0.003528 -4.88 -4.72
0.00353 -4.96 -4.8
0.003532 -4.96 -4.8
0.003534 -4.96 -4.88
0.003536 -4.96 -4.88
0.003538 -5.12 -4.88
0.00354 -5.12 -4.96
0.003542 -5.12 -4.96
0.003544 -5.12 -5.04
0.003546 -5.2 -5.04
0.003548 -5.2 -4.96
0.00355 -5.2 -5.04
0.003552 -5.2 -5.04
0.003554 -5.28 -5.12
0.003556 -5.28 -5.12
0.003558 -5.28 -5.12
0.00356 -5.28 -5.2
0.003562 -5.36 -5.2
0.003564 -5.44 -5.2
0.003566 -5.28 -5.2
0.003568 -5.36 -5.28
0.00357 -5.44 -5.28
0.003572 -5.44 -5.28
0.003574 -5.44 -5.36
0.003576 -5.44 -5.36
0.003578 -5.52 -5.36
0.00358 -5.44 -5.36
0.003582 -5.52 -5.44
0.003584 -5.52 -5.44
0.003586 -5.6 -5.44
0.003588 -5.6 -5.44
0.00359 -5.6 -5.44
0.003592 -5.6 -5.44
0.003594 -5.52 -5.44
0.003596 -5.6 -5.52
0.003598 -5.68 -5.52
0.0036 -5.6 -5.52
0.003602 -5.6 -5.52
0.003604 -5.6 -5.6
0.003606 -5.6 -5.6
0.003608 -5.6 -5.52
0.00361 -5.68 -5.6
0.003612 -5.76 -5.6
0.003614 -5.76 -5.6
0.003616 -5.76 -5.52
0.003618 -5.76 -5.6
0.00362 -5.76 -5.6
0.003622 -5.76 -5.6
0.003624 -5.76 -5.6
0.003626 -5.76 -5.68
0.003628 -5.76 -5.68
0.00363 -5.76 -5.6
0.003632 -5.76 -5.68
0.003634 -5.76 -5.68
0.003636 -5.76 -5.76
0.003638 -5.76 -5.68
0.00364 -5.76 -5.76
0.003642 -5.76 -5.76
0.003644 -5.84 -5.68
0.003646 -5.76 -5.76
0.003648 -5.84 -5.68
0.00365 -5.76 -5.68
0.003652 -5.84 -5.68
0.003654 -5.76 -5.76
0.003656 -5.84 -5.76
0.003658 -5.84 -5.68
0.00366 -5.84 -5.68
0.003662 -5.84 -5.76
0.003664 -5.76 -5.76
0.003666 -5.76 -5.68
0.003668 -5.76 -5.68
0.00367 -5.76 -5.68
0.003672 -5.76 -5.68
0.003674 -5.84 -5.68
0.003676 -5.76 -5.68
0.003678 -5.76 -5.76
0.00368 -5.76 -5.68
0.003682 -5.76 -5.6
0.003684 -5.76 -5.68
0.003686 -5.76 -5.68
0.003688 -5.76 -5.68
0.00369 -5.76 -5.68
0.003692 -5.68 -5.68
0.003694 -5.68 -5.68
0.003696 -5.76 -5.6
0.003698 -5.76 -5.6
0.0037 -5.6 -5.68
0.003702 -5.6 -5.6
0.003704 -5.6 -5.52
0.003706 -5.6 -5.6
0.003708 -5.6 -5.6
0.00371 -5.6 -5.52
0.003712 -5.6 -5.52
0.003714 -5.6 -5.52
0.003716 -5.6 -5.52
0.003718 -5.52 -5.52
0.00372 -5.52 -5.52
0.003722 -5.52 -5.44
0.003724 -5.52 -5.52
0.003726 -5.52 -5.44
0.003728 -5.52 -5.52
0.00373 -5.44 -5.36
0.003732 -5.44 -5.36
0.003734 -5.44 -5.36
0.003736 -5.44 -5.36
0.003738 -5.36 -5.36
0.00374 -5.36 -5.36
0.003742 -5.36 -5.36
0.003744 -5.28 -5.36
0.003746 -5.28 -5.28
0.003748 -5.28 -5.2
0.00375 -5.28 -5.28
0.003752 -5.28 -5.2
0.003754 -5.2 -5.2
0.003756 -5.28 -5.2
0.003758 -5.2 -5.12
0.00376 -5.12 -5.12
0.003762 -5.12 -5.12
0.003764 -5.12 -5.04
0.003766 -5.12 -5.04
0.003768 -5.12 -5.04
0.00377 -4.96 -5.04
0.003772 -4.96 -5.04
0.003774 -4.96 -5.04
0.003776 -4.96 -4.88
0.003778 -4.88 -4.88
0.00378 -4.88 -4.88
0.003782 -4.88 -4.88
0.003784 -4.88 -4.88
0.003786 -4.8 -4.88
0.003788 -4.8 -4.8
0.00379 -4.8 -4.8
0.003792 -4.8 -4.8
0.003794 -4.64 -4.72
0.003796 -4.64 -4.64
0.003798 -4.64 -4.64
0.0038 -4.64 -4.56
0.003802 -4.64 -4.56
0.003804 -4.56 -4.56
0.003806 -4.48 -4.48
0.003808 -4.48 -4.56
0.00381 -4.48 -4.48
0.003812 -4.32 -4.4
0.003814 -4.4 -4.4
0.003816 -4.32 -4.32
0.003818 -4.32 -4.32
0.00382 -4.24 -4.24
0.003822 -4.24 -4.32
0.003824 -4.16 -4.24
0.003826 -4.16 -4.16
0.003828 -4.08 -4.08
0.00383 -4 -4.16
0.003832 -4 -4.08
0.003834 -4 -4.08
0.003836 -4 -4
0.003838 -3.92 -4
0.00384 -3.92 -3.92
0.003842 -3.84 -3.92
0.003844 -3.76 -3.84
0.003846 -3.76 -3.84
0.003848 -3.68 -3.76
0.00385 -3.68 -3.76
0.003852 -3.68 -3.76
0.003854 -3.68 -3.6
0.003856 -3.6 -3.6
0.003858 -3.52 -3.6
0.00386 -3.52 -3.6
0.003862 -3.44 -3.52
0.003864 -3.36 -3.44
0.003866 -3.36 -3.44
0.003868 -3.36 -3.44
0.00387 -3.28 -3.36
0.003872 -3.2 -3.28
0.003874 -3.2 -3.28
0.003876 -3.2 -3.28
0.003878 -3.04 -3.12
0.00388 -3.04 -3.12
0.003882 -3.04 -3.12
0.003884 -2.96 -3.04
0.003886 -2.96 -3.04
0.003888 -2.88 -2.96
0.00389 -2.8 -2.96
0.003892 -2.72 -2.8
0.003894 -2.72 -2.72
0.003896 -2.72 -2.8
0.003898 -2.64 -2.72
0.0039 -2.64 -2.72
0.003902 -2.56 -2.64
0.003904 -2.4 -2.64
0.003906 -2.4 -2.64
0.003908 -2.4 -2.48
0.00391 -2.32 -2.48
0.003912 -2.32 -2.48
0.003914 -2.24 -2.32
0.003916 -2.24 -2.32
0.003918 -2.16 -2.24
0.00392 -2.08 -2.24
0.003922 -2.08 -2.16
0.003924 -2 -2.16
0.003926 -2 -2.08
0.003928 -1.92 -2
0.00393 -1.92 -2
0.003932 -1.84 -1.92
0.003934 -1.76 -1.92
0.003936 -1.76 -1.84
0.003938 -1.68 -1.76
0.00394 -1.68 -1.76
0.003942 -1.6 -1.68
0.003944 -1.52 -1.6
0.003946 -1.44 -1.6
0.003948 -1.44 -1.6
0.00395 -1.44 -1.52
0.003952 -1.36 -1.44
0.003954 -1.28 -1.44
0.003956 -1.28 -1.36
0.003958 -1.2 -1.28
0.00396 -1.12 -1.28
0.003962 -1.04 -1.2
0.003964 -1.04 -1.12
0.003966 -0.96 -1.12
0.003968 -0.96 -1.04
0.00397 -0.96 -1.04
0.003972 -0.8 -0.96
0.003974 -0.8 -0.88
0.003976 -0.72 -0.88
0.003978 -0.64 -0.8
0.00398 -0.56 -0.72
0.003982 -0.48 -0.72
0.003984 -0.48 -0.64
0.003986 -0.4 -0.56
0.003988 -0.4 -0.48
0.00399 -0.4 -0.48
0.003992 -0.32 -0.48
0.003994 -0.24 -0.4
0.003996 -0.16 -0.32
0.003998 -0.16 -0.32
0.004 -0.16 -0.24
0.004002 0 -0.16
0.004004 0.08 0
0.004006 0.08 -0.16
0.004008 0.08 0
0.00401 0.24 0.08
0.004012 0.24 0.16
0.004014 0.32 0.16
0.004016 0.4 0.24
0.004018 0.48 0.32
0.00402 0.48 0.32
0.004022 0.56 0.32
0.004024 0.56 0.4
0.004026 0.64 0.48
0.004028 0.64 0.56
0.00403 0.72 0.64
0.004032 0.8 0.64
0.004034 0.8 0.64
0.004036 0.88 0.64
0.004038 0.96 0.8
0.00404 0.96 0.8
0.004042 1.04 0.88
0.004044 1.12 0.88
0.004046 1.2 1.04
0.004048 1.2 1.04
0.00405 1.2 1.04
0.004052 1.28 1.12
0.004054 1.36 1.2
0.004056 1.36 1.2
0.004058 1.52 1.2
0.00406 1.52 1.36
0.004062 1.52 1.36
0.004064 1.6 1.44
0.004066 1.6 1.44
0.004068 1.68 1.52
0.00407 1.68 1.6
0.004072 1.76 1.6
0.004074 1.84 1.6
0.004076 1.84 1.76
0.004078 1.92 1.76
0.00408 2 1.84
0.004082 2 1.84
0.004084 2.08 1.92
0.004086 2.16 1.92
0.004088 2.16 2
0.00409 2.16 2.08
0.004092 2.24 2.08
0.004094 2.32 2.16
0.004096 2.32 2.16
0.004098 2.4 2.24
0.0041 2.48 2.32
0.004102 2.48 2.24
0.004104 2.48 2.4
0.004106 2.56 2.4
0.004108 2.64 2.48
0.00411 2.64 2.56
0.004112 2.72 2.64
0.004114 2.8 2.64
0.004116 2.8 2.64
0.004118 2.8 2.72
0.00412 2.88 2.8
0.004122 2.88 2.8
0.004124 2.96 2.8
0.004126 3.12 2.88
0.004128 3.12 2.96
0.00413 3.12 2.96
0.004132 3.12 3.04
0.004134 3.2 3.12
0.004136 3.28 3.04
0.004138 3.28 3.04
0.00414 3.36 3.2
0.004142 3.44 3.28
0.004144 3.44 3.2
0.004146 3.44 3.28
0.004148 3.52 3.36
0.00415 3.52 3.44
0.004152 3.52 3.36
0.004154 3.6 3.44
0.004156 3.6 3.52
0.004158 3.76 3.6
0.00416 3.68 3.6
0.004162 3.76 3.68
0.004164 3.84 3.68
0.004166 3.84 3.68
0.004168 3.84 3.68
0.00417 3.92 3.84
0.004172 3.92 3.84
0.004174 4.08 3.84
0.004176 4 3.84
0.004178 4.08 4
0.00418 4.08 4
0.004182 4.16 4
0.004184 4.16 4
0.004186 4.24 4.08
0.004188 4.24 4
0.00419 4.24 4.08
0.004192 4.32 4.16
0.004194 4.4 4.16
0.004196 4.4 4.24
0.004198 4.48 4.32
0.0042 4.48 4.32
0.004202 4.48 4.32
0.004204 4.48 4.32
0.004206 4.56 4.32
0.004208 4.56 4.4
0.00421 4.56 4.48
0.004212 4.64 4.48
0.004214 4.72 4.56
0.004216 4.72 4.56
0.004218 4.72 4.56
0.00422 4.72 4.56
0.004222 4.8 4.64
0.004224 4.8 4.64
0.004226 4.88 4.72
0.004228 4.88 4.8
0.00423 4.88 4.72
0.004232 4.88 4.72
0.004234 4.96 4.8
0.004236 4.88 4.88
0.004238 4.96 4.8
0.00424 5.04 4.88
0.004242 5.04 4.88
0.004244 5.04 4.96
0.004246 5.04 4.96
0.004248 5.12 4.96
0.00425 5.12 4.96
0.004252 5.2 5.12
0.004254 5.12 5.04
0.004256 5.2 5.04
0.004258 5.12 5.12
0.00426 5.2 5.12
0.004262 5.2 5.12
0.004264 5.2 5.12
0.004266 5.28 5.2
0.004268 5.36 5.2
0.00427 5.36 5.2
0.004272 5.36 5.2
0.004274 5.36 5.2
0.004276 5.36 5.28
0.004278 5.36 5.28
0.00428 5.36 5.28
0.004282 5.36 5.28
0.004284 5.36 5.28
0.004286 5.44 5.36
0.004288 5.44 5.28
0.00429 5.44 5.36
0.004292 5.44 5.36
0.004294 5.44 5.44
0.004296 5.52 5.44
0.004298 5.52 5.36
0.0043 5.52 5.44
0.004302 5.52 5.44
0.004304 5.52 5.44
0.004306 5.52 5.44
0.004308 5.52 5.52
0.00431 5.52 5.52
0.004312 5.6 5.52
0.004314 5.52 5.52
0.004316 5.6 5.52
0.004318 5.68 5.52
0.00432 5.6 5.44
0.004322 5.68 5.52
0.004324 5.68 5.52
0.004326 5.6 5.52
0.004328 5.6 5.52
0.00433 5.68 5.6
0.004332 5.6 5.6
0.004334 5.68 5.6
0.004336 5.68 5.52
0.004338 5.6 5.6
0.00434 5.68 5.6
0.004342 5.68 5.6
0.004344 5.68 5.52
0.004346 5.68 5.6
0.004348 5.68 5.6
0.00435 5.68 5.52
0.004352 5.68 5.6
0.004354 5.68 5.6
0.004356 5.68 5.52
0.004358 5.68 5.52
0.00436 5.68 5.6
0.004362 5.68 5.6
0.004364 5.68 5.6
0.004366 5.68 5.52
0.004368 5.68 5.6
0.00437 5.68 5.6
0.004372 5.52 5.52
0.004374 5.68 5.6
0.004376 5.6 5.52
0.004378 5.68 5.52
0.00438 5.68 5.52
0.004382 5.52 5.52
0.004384 5.6 5.52
0.004386 5.52 5.52
0.004388 5.52 5.44
0.00439 5.52 5.52
0.004392 5.52 5.44
0.004394 5.52 5.44
0.004396 5.52 5.52
0.004398 5.44 5.52
0.0044 5.44 5.44
0.004402 5.44 5.44
0.004404 5.44 5.44
0.004406 5.44 5.44
0.004408 5.44 5.44
0.00441 5.44 5.44
0.004412 5.36 5.44
0.004414 5.36 5.44
0.004416 5.36 5.36
0.004418 5.36 5.36
0.00442 5.36 5.36
0.004422 5.36 5.28
0.004424 5.36 5.2
0.004426 5.28 5.28
0.004428 5.28 5.28
0.00443 5.2 5.2
0.004432 5.2 5.28
0.004434 5.2 5.2
0.004436 5.2 5.12
0.004438 5.2 5.12
0.00444 5.12 5.2
0.004442 5.12 5.2
0.004444 5.12 5.12
0.004446 5.04 5.12
0.004448 5.04 5.12
0.00445 5.04 5.04
0.004452 5.04 4.96
0.004454 5.04 4.96
0.004456 5.04 4.96
0.004458 5.04 4.96
0.00446 4.88 4.88
0.004462 4.88 4.96
0.004464 4.88 4.88
0.004466 4.88 4.88
0.004468 4.8 4.8
0.00447 4.8 4.8
0.004472 4.8 4.8
0.004474 4.72 4.8
0.004476 4.72 4.72
0.004478 4.72 4.8
0.00448 4.72 4.72
0.004482 4.64 4.64
0.004484 4.72 4.64
0.004486 4.56 4.56
0.004488 4.56 4.56
0.00449 4.56 4.56
0.004492 4.48 4.56
0.004494 4.4 4.48
0.004496 4.4 4.4
0.004498 4.4 4.4
0.0045 4.32 4.4
0.004502 4.24 4.32
0.004504 4.32 4.32
0.004506 4.24 4.32
0.004508 4.24 4.32
0.00451 4.16 4.24
0.004512 4.08 4.24
0.004514 4.08 4.16
0.004516 4.08 4.16
0.004518 4.08 4.08
0.00452 4.08 4
0.004522 3.92 4.08
0.004524 3.92 3.92
0.004526 3.92 3.92
0.004528 3.84 3.92
0.00453 3.84 3.92
0.004532 3.84 3.84
0.004534 3.76 3.84
0.004536 3.76 3.84
0.004538 3.68 3.76
0.00454 3.6 3.68
0.004542 3.6 3.68
0.004544 3.52 3.68
0.004546 3.52 3.6
0.004548 3.44 3.52
0.00455 3.44 3.52
0.004552 3.44 3.52
0.004554 3.28 3.36
0.004556 3.28 3.36
0.004558 3.28 3.36
0.00456 3.2 3.28
0.004562 3.2 3.2
0.004564 3.12 3.2
0.004566 3.12 3.2
0.004568 3.04 3.12
0.00457 2.96 3.12
0.004572 2.96 3.04
0.004574 2.88 3.04
0.004576 2.88 2.96
0.004578 2.8 2.96
0.00458 2.8 2.88
0.004582 2.8 2.88
0.004584 2.64 2.8
0.004586 2.64 2.72
0.004588 2.56 2.72
0.00459 2.48 2.64
0.004592 2.48 2.56
0.004594 2.48 2.64
0.004596 2.32 2.56
0.004598 2.32 2.48
0.0046 2.32 2.48
0.004602 2.24 2.4
0.004604 2.24 2.32
0.004606 2.16 2.32
0.004608 2.16 2.32
0.00461 2.16 2.24
0.004612 2 2.16
0.004614 2 2.08
0.004616 1.92 2.08
0.004618 1.84 2
0.00462 1.84 1.92
0.004622 1.76 1.84
0.004624 1.68 1.92
0.004626 1.68 1.84
0.004628 1.6 1.76
0.00463 1.52 1.76
0.004632 1.52 1.68
0.004634 1.52 1.68
0.004636 1.36 1.52
0.004638 1.44 1.52
0.00464 1.28 1.44
0.004642 1.28 1.36
0.004644 1.2 1.36
0.004646 1.2 1.28
0.004648 1.12 1.28
0.00465 1.04 1.2
0.004652 1.04 1.2
0.004654 1.04 1.12
0.004656 0.96 1.04
0.004658 0.88 1.04
0.00466 0.88 1.04
0.004662 0.72 0.96
0.004664 0.72 0.88
0.004666 0.72 0.8
0.004668 0.64 0.8
0.00467 0.64 0.72
0.004672 0.56 0.64
0.004674 0.48 0.64
0.004676 0.4 0.64
0.004678 0.4 0.48
0.00468 0.32 0.48
0.004682 0.24 0.4
0.004684 0.24 0.4
0.004686 0.24 0.32
0.004688 0.08 0.32
0.00469 0.08 0.24
0.004692 0 0.16
0.004694 0 0.08
0.004696 -0.16 0.08
0.004698 -0.16 0
0.0047 -0.32 0
0.004702 -0.32 0
0.004704 -0.32 -0.16
0.004706 -0.48 -0.24
0.004708 -0.48 -0.32
0.00471 -0.48 -0.32
0.004712 -0.56 -0.32
0.004714 -0.64 -0.4
0.004716 -0.64 -0.48
0.004718 -0.72 -0.56
0.00472 -0.8 -0.56
0.004722 -0.8 -0.72
0.004724 -0.88 -0.72
0.004726 -0.96 -0.72
0.004728 -1.04 -0.88
0.00473 -1.04 -0.88
0.004732 -1.04 -0.88
0.004734 -1.12 -0.96
0.004736 -1.2 -1.04
0.004738 -1.28 -1.04
0.00474 -1.28 -1.04
0.004742 -1.36 -1.12
0.004744 -1.36 -1.2
0.004746 -1.44 -1.2
0.004748 -1.44 -1.28
0.00475 -1.52 -1.36
0.004752 -1.6 -1.44
0.004754 -1.6 -1.44
0.004756 -1.68 -1.52
0.004758 -1.76 -1.52
0.00476 -1.76 -1.6
0.004762 -1.76 -1.6
0.004764 -1.84 -1.68
0.004766 -1.92 -1.68
0.004768 -2 -1.76
0.00477 -2 -1.76
0.004772 -2.08 -1.92
0.004774 -2.16 -1.92
0.004776 -2.24 -2
0.004778 -2.24 -2
0.00478 -2.32 -2.08
0.004782 -2.32 -2.16
0.004784 -2.4 -2.16
0.004786 -2.4 -2.24
0.004788 -2.4 -2.32
0.00479 -2.56 -2.32
0.004792 -2.56 -2.32
0.004794 -2.64 -2.32
0.004796 -2.64 -2.48
0.004798 -2.72 -2.48
0.0048 -2.72 -2.56
0.004802 -2.72 -2.64
0.004804 -2.8 -2.64
0.004806 -2.88 -2.72
0.004808 -2.96 -2.72
0.00481 -2.96 -2.8
0.004812 -2.96 -2.8
0.004814 -3.04 -2.88
0.004816 -3.04 -2.96
0.004818 -3.12 -2.96
0.00482 -3.2 -3.04
0.004822 -3.2 -3.12
0.004824 -3.28 -3.12
0.004826 -3.28 -3.12
0.004828 -3.36 -3.12
0.00483 -3.36 -3.2
0.004832 -3.44 -3.28
0.004834 -3.52 -3.28
0.004836 -3.52 -3.28
0.004838 -3.52 -3.44
0.00484 -3.6 -3.44
0.004842 -3.68 -3.52
0.004844 -3.68 -3.52
0.004846 -3.68 -3.6
0.004848 -3.76 -3.6
0.00485 -3.76 -3.6
0.004852 -3.84 -3.68
0.004854 -3.92 -3.76
0.004856 -3.92 -3.76
0.004858 -3.92 -3.76
0.00486 -4 -3.84
0.004862 -4 -3.84
0.004864 -4.08 -3.84
0.004866 -4.16 -3.92
0.004868 -4.16 -3.92
0.00487 -4.16 -4
0.004872 -4.16 -4
0.004874 -4.24 -4.08
0.004876 -4.24 -4.16
0.004878 -4.32 -4.16
0.00488 -4.32 -4.16
0.004882 -4.32 -4.24
0.004884 -4.48 -4.24
0.004886 -4.48 -4.24
0.004888 -4.48 -4.32
0.00489 -4.56 -4.4
0.004892 -4.56 -4.4
0.004894 -4.56 -4.4
0.004896 -4.64 -4.4
0.004898 -4.64 -4.48
0.0049 -4.64 -4.48
0.004902 -4.8 -4.48
0.004904 -4.72 -4.64
0.004906 -4.8 -4.64
0.004908 -4.8 -4.64
0.00491 -4.88 -4.64
0.004912 -4.88 -4.72
0.004914 -4.88 -4.72
0.004916 -4.96 -4.8
0.004918 -4.96 -4.8
0.00492 -4.96 -4.8
0.004922 -4.96 -4.88
0.004924 -5.04 -4.88
0.004926 -5.04 -4.88
0.004928 -5.12 -4.88
0.00493 -5.12 -4.88
0.004932 -5.12 -4.88
0.004934 -5.2 -5.04
0.004936 -5.2 -5.04
0.004938 -5.2 -5.04
0.00494 -5.2 -5.12
0.004942 -5.28 -5.12
0.004944 -5.28 -5.12
0.004946 -5.28 -5.12
0.004948 -5.28 -5.2
0.00495 -5.28 -5.2
0.004952 -5.28 -5.2
0.004954 -5.44 -5.2
0.004956 -5.36 -5.28
0.004958 -5.36 -5.2
0.00496 -5.44 -5.2
0.004962 -5.44 -5.28
0.004964 -5.52 -5.36
0.004966 -5.44 -5.36
0.004968 -5.52 -5.28
0.00497 -5.52 -5.44
0.004972 -5.52 -5.36
0.004974 -5.52 -5.44
0.004976 -5.6 -5.44
0.004978 -5.6 -5.52
0.00498 -5.6 -5.36
0.004982 -5.6 -5.44
0.004984 -5.6 -5.52
0.004986 -5.6 -5.52
0.004988 -5.6 -5.52
0.00499 -5.6 -5.52
0.004992 -5.68 -5.52
0.004994 -5.6 -5.52
0.004996 -5.68 -5.52
0.004998 -5.76 -5.52
0.005 -5.68 -5.6
0.005002 -5.76 -5.6
0.005004 -5.76 -5.6
0.005006 -5.76 -5.6
0.005008 -5.76 -5.68
0.00501 -5.76 -5.6
0.005012 -5.76 -5.6
0.005014 -5.76 -5.68
0.005016 -5.76 -5.68
0.005018 -5.76 -5.6
0.00502 -5.76 -5.68
0.005022 -5.84 -5.68
0.005024 -5.84 -5.68
0.005026 -5.76 -5.68
0.005028 -5.76 -5.68
0.00503 -5.76 -5.76
0.005032 -5.84 -5.68
0.005034 -5.84 -5.68
0.005036 -5.84 -5.68
0.005038 -5.76 -5.76
0.00504 -5.84 -5.76
0.005042 -5.76 -5.76
0.005044 -5.84 -5.76
0.005046 -5.76 -5.68
0.005048 -5.76 -5.68
0.00505 -5.76 -5.76
0.005052 -5.76 -5.68
0.005054 -5.76 -5.68
0.005056 -5.76 -5.76
0.005058 -5.84 -5.76
0.00506 -5.76 -5.68
0.005062 -5.76 -5.68
0.005064 -5.76 -5.68
0.005066 -5.84 -5.76
0.005068 -5.76 -5.76
0.00507 -5.76 -5.68
0.005072 -5.76 -5.68
0.005074 -5.76 -5.68
0.005076 -5.76 -5.6
0.005078 -5.76 -5.68
0.00508 -5.68 -5.68
0.005082 -5.68 -5.68
0.005084 -5.68 -5.6
0.005086 -5.68 -5.68
0.005088 -5.68 -5.6
0.00509 -5.68 -5.6
0.005092 -5.6 -5.52
0.005094 -5.6 -5.6
0.005096 -5.6 -5.52
0.005098 -5.6 -5.52
0.0051 -5.6 -5.52
0.005102 -5.6 -5.6
0.005104 -5.6 -5.52
0.005106 -5.52 -5.52
0.005108 -5.52 -5.52
0.00511 -5.52 -5.52
0.005112 -5.52 -5.44
0.005114 -5.52 -5.44
0.005116 -5.44 -5.44
0.005118 -5.52 -5.44
0.00512 -5.44 -5.44
0.005122 -5.44 -5.44
0.005124 -5.44 -5.44
0.005126 -5.36 -5.36
0.005128 -5.28 -5.28
0.00513 -5.28 -5.28
0.005132 -5.28 -5.36
0.005134 -5.28 -5.28
0.005136 -5.28 -5.28
0.005138 -5.28 -5.28
0.00514 -5.28 -5.28
0.005142 -5.28 -5.2
0.005144 -5.2 -5.2
0.005146 -5.2 -5.2
0.005148 -5.2 -5.2
0.00515 -5.12 -5.12
0.005152 -5.12 -5.12
0.005154 -5.12 -5.12
0.005156 -5.04 -5.04
0.005158 -5.04 -4.96
0.00516 -4.96 -5.04
0.005162 -4.96 -4.96
0.005164 -4.96 -4.96
0.005166 -4.96 -4.88
0.005168 -4.96 -4.88
0.00517 -4.88 -4.88
0.005172 -4.88 -4.88
0.005174 -4.8 -4.8
0.005176 -4.8 -4.8
0.005178 -4.8 -4.72
0.00518 -4.64 -4.72
0.005182 -4.64 -4.72
0.005184 -4.64 -4.72
0.005186 -4.64 -4.64
0.005188 -4.64 -4.64
0.00519 -4.56 -4.56
0.005192 -4.56 -4.56
0.005194 -4.48 -4.48
0.005196 -4.48 -4.48
0.005198 -4.4 -4.48
0.0052 -4.32 -4.4
0.005202 -4.4 -4.4
0.005204 -4.32 -4.4
0.005206 -4.32 -4.32
0.005208 -4.24 -4.24
0.00521 -4.24 -4.24
0.005212 -4.16 -4.24
0.005214 -4.16 -4.16
0.005216 -4.16 -4.16
0.005218 -4 -4.16
0.00522 -4 -4.08
0.005222 -4 -4.08
0.005224 -4 -4.08
0.005226 -4 -4
0.005228 -3.92 -4
0.00523 -3.92 -3.84
0.005232 -3.84 -3.92
0.005234 -3.84 -3.84
0.005236 -3.76 -3.84
0.005238 -3.68 -3.76
0.00524 -3.68 -3.68
0.005242 -3.6 -3.68
0.005244 -3.6 -3.6
0.005246 -3.52 -3.6
0.005248 -3.52 -3.6
0.00525 -3.52 -3.6
0.005252 -3.36 -3.52
0.005254 -3.36 -3.52
0.005256 -3.28 -3.44
0.005258 -3.36 -3.36
0.00526 -3.28 -3.28
0.005262 -3.2 -3.28
0.005264 -3.2 -3.2
0.005266 -3.12 -3.2
0.005268 -3.04 -3.2
0.00527 -3.04 -3.2
0.005272 -3.04 -3.04
0.005274 -2.96 -2.96
0.005276 -2.88 -2.96
0.005278 -2.88 -2.96
0.00528 -2.72 -2.96
0.005282 -2.72 -2.8
0.005284 -2.72 -2.8
0.005286 -2.64 -2.8
0.005288 -2.64 -2.72
0.00529 -2.56 -2.64
0.005292 -2.56 -2.64
0.005294 -2.4 -2.56
0.005296 -2.4 -2.48
0.005298 -2.4 -2.48
0.0053 -2.4 -2.56
0.005302 -2.32 -2.4
0.005304 -2.24 -2.4
0.005306 -2.24 -2.32
0.005308 -2.08 -2.24
0.00531 -2.08 -2.16
0.005312 -2.08 -2.16
0.005314 -2.08 -2.08
0.005316 -1.92 -2
0.005318 -1.92 -2
0.00532 -1.84 -2
0.005322 -1.76 -1.92
0.005324 -1.76 -1.92
0.005326 -1.76 -1.76
0.005328 -1.68 -1.76
0.00533 -1.68 -1.68
0.005332 -1.6 -1.68
0.005334 -1.52 -1.6
0.005336 -1.44 -1.6
0.005338 -1.44 -1.52
0.00534 -1.36 -1.44
0.005342 -1.36 -1.44
0.005344 -1.28 -1.44
0.005346 -1.2 -1.36
0.005348 -1.12 -1.2
0.00535 -1.12 -1.28
0.005352 -1.12 -1.2
0.005354 -0.96 -1.04
0.005356 -0.96 -1.04
0.005358 -0.88 -1.04
0.00536 -0.8 -1.04
0.005362 -0.8 -0.96
0.005364 -0.8 -0.88
0.005366 -0.64 -0.88
0.005368 -0.64 -0.8
0.00537 -0.64 -0.72
0.005372 -0.56 -0.72
0.005374 -0.48 -0.72
0.005376 -0.48 -0.48
0.005378 -0.4 -0.56
0.00538 -0.32 -0.4
0.005382 -0.32 -0.4
0.005384 -0.24 -0.32
0.005386 -0.16 -0.32
0.005388 -0.16 -0.24
0.00539 0 -0.24
0.005392 0 0
0.005394 0 -0.16
0.005396 0.08 0
0.005398 0.24 0.08
0.0054 0.24 0.08
0.005402 0.24 0.08
0.005404 0.32 0.16
0.005406 0.4 0.24
0.005408 0.4 0.32
0.00541 0.48 0.32
0.005412 0.56 0.4
0.005414 0.64 0.48
0.005416 0.64 0.48
0.005418 0.72 0.56
0.00542 0.72 0.64
0.005422 0.8 0.64
0.005424 0.88 0.72
0.005426 0.88 0.72
0.005428 0.96 0.8
0.00543 0.96 0.88
0.005432 1.04 0.88
0.005434 1.12 0.96
0.005436 1.2 1.04
0.005438 1.2 1.04
0.00544 1.2 1.04
0.005442 1.36 1.2
0.005444 1.36 1.2
0.005446 1.52 1.2
0.005448 1.44 1.28
0.00545 1.52 1.36
0.005452 1.6 1.36
0.005454 1.6 1.36
0.005456 1.6 1.52
0.005458 1.68 1.6
0.00546 1.76 1.6
0.005462 1.84 1.6
0.005464 1.84 1.68
0.005466 1.92 1.76
0.005468 2 1.68
0.00547 2 1.76
0.005472 2 1.92
0.005474 2.16 1.84
0.005476 2.16 2
0.005478 2.16 2.08
0.00548 2.24 2.08
0.005482 2.24 2.16
0.005484 2.32 2.24
0.005486 2.32 2.24
0.005488 2.4 2.24
0.00549 2.48 2.32
0.005492 2.56 2.4
0.005494 2.56 2.4
0.005496 2.64 2.4
0.005498 2.64 2.56
0.0055 2.72 2.56
0.005502 2.8 2.56
0.005504 2.8 2.64
0.005506 2.8 2.64
0.005508 2.88 2.72
0.00551 2.88 2.72
0.005512 2.96 2.8
0.005514 3.04 2.88
0.005516 3.12 2.96
0.005518 3.12 2.88
0.00552 3.12 2.96
0.005522 3.2 3.12
0.005524 3.2 3.12
0.005526 3.28 3.12
0.005528 3.36 3.2
0.00553 3.36 3.2
0.005532 3.44 3.2
0.005534 3.44 3.28
0.005536 3.44 3.28
0.005538 3.52 3.36
0.00554 3.6 3.44
0.005542 3.6 3.44
0.005544 3.76 3.52
0.005546 3.76 3.52
0.005548 3.76 3.52
0.00555 3.76 3.6
0.005552 3.76 3.68
0.005554 3.76 3.68
0.005556 3.84 3.68
0.005558 3.92 3.76
0.00556 3.92 3.84
0.005562 4.08 3.84
0.005564 4 3.84
0.005566 4.08 3.92
0.005568 4.08 3.92
0.00557 4.08 3.92
0.005572 4.16 4
0.005574 4.16 4.08
0.005576 4.16 4.08
0.005578 4.24 4.08
0.00558 4.24 4.16
0.005582 4.4 4.24
0.005584 4.32 4.16
0.005586 4.4 4.24
0.005588 4.48 4.32
0.00559 4.48 4.32
0.005592 4.48 4.32
0.005594 4.56 4.4
0.005596 4.56 4.4
0.005598 4.56 4.4
0.0056 4.56 4.4
0.005602 4.72 4.48
0.005604 4.72 4.56
0.005606 4.72 4.56
0.005608 4.72 4.56
0.00561 4.72 4.64
0.005612 4.88 4.64
0.005614 4.8 4.64
0.005616 4.88 4.72
0.005618 4.88 4.8
0.00562 4.88 4.64
0.005622 4.88 4.72
0.005624 4.88 4.8
0.005626 4.88 4.88
0.005628 5.04 4.88
0.00563 5.04 4.96
0.005632 5.04 4.88
0.005634 5.04 4.96
0.005636 5.04 4.88
0.005638 5.04 4.96
0.00564 5.12 5.04
0.005642 5.12 5.04
0.005644 5.12 5.04
0.005646 5.2 5.12
0.005648 5.2 5.12
0.00565 5.2 5.12
0.005652 5.2 5.12
0.005654 5.2 5.2
0.005656 5.2 5.2
0.005658 5.28 5.2
0.00566 5.36 5.2
0.005662 5.36 5.2
0.005664 5.36 5.2
0.005666 5.36 5.2
0.005668 5.36 5.28
0.00567 5.36 5.2
0.005672 5.36 5.28
0.005674 5.44 5.28
0.005676 5.44 5.36
0.005678 5.44 5.44
0.00568 5.44 5.36
0.005682 5.44 5.36
0.005684 5.52 5.44
0.005686 5.44 5.44
0.005688 5.52 5.44
0.00569 5.52 5.44
0.005692 5.52 5.44
0.005694 5.52 5.44
0.005696 5.52 5.52
0.005698 5.6 5.52
0.0057 5.52 5.44
0.005702 5.6 5.44
0.005704 5.52 5.44
0.005706 5.6 5.52
0.005708 5.6 5.52
0.00571 5.6 5.52
0.005712 5.68 5.6
0.005714 5.68 5.52
0.005716 5.68 5.52
0.005718 5.6 5.52
0.00572 5.6 5.52
0.005722 5.68 5.52
0.005724 5.6 5.52
0.005726 5.68 5.6
0.005728 5.68 5.6
0.00573 5.68 5.6
0.005732 5.68 5.52
0.005734 5.68 5.52
0.005736 5.68 5.52
0.005738 5.68 5.6
0.00574 5.68 5.6
0.005742 5.68 5.6
0.005744 5.6 5.52
0.005746 5.68 5.52
0.005748 5.68 5.6
0.00575 5.6 5.6
0.005752 5.68 5.52
0.005754 5.6 5.6
0.005756 5.68 5.6
0.005758 5.68 5.52
0.00576 5.6 5.52
0.005762 5.68 5.52
0.005764 5.6 5.6
0.005766 5.6 5.52
0.005768 5.52 5.52
0.00577 5.6 5.52
0.005772 5.6 5.52
0.005774 5.52 5.44
0.005776 5.52 5.52
0.005778 5.52 5.52
0.00578 5.52 5.52
0.005782 5.52 5.44
0.005784 5.52 5.52
0.005786 5.52 5.44
0.005788 5.44 5.44
0.00579 5.44 5.44
0.005792 5.44 5.44
0.005794 5.44 5.44
0.005796 5.44 5.44
0.005798 5.44 5.36
0.0058 5.36 5.44
0.005802 5.36 5.28
0.005804 5.36 5.36
0.005806 5.36 5.28
0.005808 5.36 5.36
0.00581 5.36 5.28
0.005812 5.28 5.28
0.005814 5.36 5.28
0.005816 5.2 5.36
0.005818 5.36 5.28
0.00582 5.2 5.2
0.005822 5.2 5.2
0.005824 5.2 5.2
0.005826 5.2 5.12
0.005828 5.2 5.2
0.00583 5.12 5.12
0.005832 5.12 5.12
0.005834 5.04 5.12
0.005836 5.04 5.04
0.005838 5.04 5.04
0.00584 5.04 5.12
0.005842 5.04 5.04
0.005844 5.04 5.04
0.005846 4.96 4.96
0.005848 4.88 4.96
0.00585 4.88 4.88
0.005852 4.88 4.96
0.005854 4.88 4.88
0.005856 4.88 4.8
0.005858 4.8 4.88
0.00586 4.72 4.8
0.005862 4.72 4.72
0.005864 4.72 4.72
0.005866 4.72 4.72
0.005868 4.72 4.72
0.00587 4.72 4.72
0.005872 4.56 4.64
0.005874 4.64 4.64
0.005876 4.56 4.56
0.005878 4.48 4.64
0.00588 4.48 4.56
0.005882 4.48 4.56
0.005884 4.4 4.48
0.005886 4.4 4.4
0.005888 4.4 4.4
0.00589 4.32 4.4
0.005892 4.24 4.32
0.005894 4.24 4.32
0.005896 4.24 4.32
0.005898 4.16 4.24
0.0059 4.16 4.16
0.005902 4.08 4.16
0.005904 4.08 4.16
0.005906 4.08 4.16
0.005908 3.92 4.08
0.00591 3.92 4.16
0.005912 3.92 4
0.005914 3.92 3.92
0.005916 3.84 3.92
0.005918 3.84 3.92
0.00592 3.76 3.84
0.005922 3.76 3.84
0.005924 3.76 3.84
0.005926 3.68 3.84
0.005928 3.68 3.68
0.00593 3.6 3.68
0.005932 3.52 3.68
0.005934 3.52 3.6
0.005936 3.52 3.52
0.005938 3.44 3.52
0.00594 3.44 3.52
0.005942 3.44 3.44
0.005944 3.28 3.36
0.005946 3.28 3.44
0.005948 3.2 3.36
0.00595 3.2 3.28
0.005952 3.2 3.2
0.005954 3.12 3.2
0.005956 3.12 3.2
0.005958 2.96 3.04
0.00596 2.96 3.2
0.005962 2.96 3.04
0.005964 2.88 2.96
0.005966 2.8 2.88
0.005968 2.8 2.88
0.00597 2.8 2.88
0.005972 2.8 2.8
0.005974 2.64 2.8
0.005976 2.56 2.72
0.005978 2.56 2.72
0.00598 2.48 2.64
0.005982 2.48 2.56
0.005984 2.48 2.56
0.005986 2.32 2.48
0.005988 2.32 2.4
0.00599 2.24 2.48
0.005992 2.16 2.4
0.005994 2.24 2.32
0.005996 2.16 2.24
0.005998 2.16 2.24
0.006 2.16 2.24
0.006002 2 2.08
0.006004 1.92 2.08
0.006006 1.84 2.08
0.006008 1.84 2
0.00601 1.84 1.92
0.006012 1.76 1.92
0.006014 1.68 1.84
0.006016 1.6 1.76
0.006018 1.6 1.76
0.00602 1.52 1.68
0.006022 1.52 1.6
0.006024 1.52 1.6
0.006026 1.44 1.6
0.006028 1.36 1.6
0.00603 1.28 1.44
0.006032 1.28 1.44
0.006034 1.2 1.36
0.006036 1.2 1.28
0.006038 1.2 1.28
0.00604 1.04 1.2
0.006042 1.04 1.2
0.006044 0.96 1.12
0.006046 0.96 1.04
0.006048 0.88 0.96
0.00605 0.88 0.96
0.006052 0.72 0.88
0.006054 0.72 0.8
0.006056 0.64 0.8
0.006058 0.56 0.72
0.00606 0.56 0.64
0.006062 0.48 0.64
0.006064 0.4 0.64
0.006066 0.4 0.56
0.006068 0.32 0.48
0.00607 0.24 0.48
0.006072 0.24 0.4
0.006074 0.24 0.32
0.006076 0.16 0.32
0.006078 0.08 0.24
0.00608 0 0.24
0.006082 0 0.08
0.006084 -0.16 0.08
0.006086 -0.16 0.08
0.006088 -0.16 0
0.00609 -0.32 -0.16
0.006092 -0.32 0
0.006094 -0.4 -0.24
0.006096 -0.48 -0.24
0.006098 -0.48 -0.32
0.0061 -0.48 -0.32
0.006102 -0.64 -0.4
0.006104 -0.64 -0.48
0.006106 -0.64 -0.48
0.006108 -0.72 -0.48
0.00611 -0.8 -0.56
0.006112 -0.8 -0.64
0.006114 -0.96 -0.72
0.006116 -0.96 -0.72
0.006118 -1.04 -0.88
0.00612 -1.04 -0.96
0.006122 -1.12 -0.88
0.006124 -1.12 -0.96
0.006126 -1.28 -1.04
0.006128 -1.28 -1.04
0.00613 -1.36 -1.04
0.006132 -1.36 -1.2
0.006134 -1.36 -1.2
0.006136 -1.44 -1.28
0.006138 -1.52 -1.28
0.00614 -1.6 -1.36
0.006142 -1.6 -1.36
0.006144 -1.68 -1.44
0.006146 -1.68 -1.52
0.006148 -1.76 -1.6
0.00615 -1.76 -1.6
0.006152 -1.92 -1.68
0.006154 -1.92 -1.76
0.006156 -1.92 -1.84
0.006158 -2 -1.76
0.00616 -2.08 -1.84
0.006162 -2.08 -1.92
0.006164 -2.16 -1.92
0.006166 -2.16 -2
0.006168 -2.24 -2.16
0.00617 -2.32 -2.16
0.006172 -2.32 -2.16
0.006174 -2.4 -2.16
0.006176 -2.4 -2.24
0.006178 -2.48 -2.24
0.00618 -2.56 -2.32
0.006182 -2.56 -2.4
0.006184 -2.64 -2.48
0.006186 -2.64 -2.48
0.006188 -2.72 -2.48
0.00619 -2.72 -2.64
0.006192 -2.88 -2.64
0.006194 -2.88 -2.64
0.006196 -2.88 -2.72
0.006198 -2.96 -2.8
0.0062 -2.96 -2.8
0.006202 -3.04 -2.8
0.006204 -3.04 -2.88
0.006206 -3.12 -2.96
0.006208 -3.2 -2.96
0.00621 -3.2 -2.96
0.006212 -3.28 -3.12
0.006214 -3.28 -3.12
0.006216 -3.36 -3.2
0.006218 -3.36 -3.2
0.00622 -3.36 -3.28
0.006222 -3.44 -3.28
0.006224 -3.52 -3.28
0.006226 -3.52 -3.28
0.006228 -3.6 -3.44
0.00623 -3.6 -3.44
0.006232 -3.68 -3.52
0.006234 -3.68 -3.6
0.006236 -3.68 -3.6
0.006238 -3.84 -3.6
0.00624 -3.84 -3.6
0.006242 -3.92 -3.6
0.006244 -3.92 -3.68
0.006246 -3.92 -3.76
0.006248 -4 -3.84
0.00625 -4 -3.84
0.006252 -4 -3.84
0.006254 -4.16 -3.92
0.006256 -4.16 -3.92
0.006258 -4.16 -4
0.00626 -4.16 -3.92
0.006262 -4.16 -4.08
0.006264 -4.32 -4.16
0.006266 -4.24 -4.16
0.006268 -4.32 -4.08
0.00627 -4.32 -4.24
0.006272 -4.48 -4.24
0.006274 -4.48 -4.24
0.006276 -4.48 -4.32
0.006278 -4.48 -4.4
0.00628 -4.56 -4.32
0.006282 -4.56 -4.4
0.006284 -4.64 -4.48
0.006286 -4.64 -4.56
0.006288 -4.64 -4.56
0.00629 -4.64 -4.48
0.006292 -4.8 -4.56
0.006294 -4.72 -4.56
0.006296 -4.8 -4.56
0.006298 -4.88 -4.64
0.0063 -4.88 -4.72
0.006302 -4.88 -4.64
0.006304 -4.96 -4.72
0.006306 -4.96 -4.8
0.006308 -4.96 -4.8
0.00631 -4.96 -4.8
0.006312 -4.96 -4.8
0.006314 -4.96 -4.88
0.006316 -5.04 -4.96
0.006318 -5.04 -4.96
0.00632 -5.12 -4.88
0.006322 -5.2 -5.04
0.006324 -5.12 -5.04
0.006326 -5.2 -5.04
0.006328 -5.2 -5.12
0.00633 -5.28 -5.12
0.006332 -5.28 -5.12
0.006334 -5.28 -5.04
0.006336 -5.28 -5.2
0.006338 -5.28 -5.2
0.00634 -5.28 -5.2
0.006342 -5.36 -5.2
0.006344 -5.44 -5.28
0.006346 -5.44 -5.2
0.006348 -5.44 -5.28
0.00635 -5.44 -5.28
0.006352 -5.44 -5.36
0.006354 -5.52 -5.36
0.006356 -5.44 -5.28
0.006358 -5.44 -5.36
0.00636 -5.52 -5.36
0.006362 -5.52 -5.36
0.006364 -5.6 -5.44
0.006366 -5.52 -5.44
0.006368 -5.6 -5.52
0.00637 -5.6 -5.44
0.006372 -5.6 -5.52
0.006374 -5.6 -5.44
0.006376 -5.6 -5.44
0.006378 -5.6 -5.52
0.00638 -5.6 -5.52
0.006382 -5.68 -5.52
0.006384 -5.6 -5.52
0.006386 -5.76 -5.6
0.006388 -5.68 -5.6
0.00639 -5.68 -5.6
0.006392 -5.6 -5.6
0.006394 -5.68 -5.6
0.006396 -5.76 -5.68
0.006398 -5.76 -5.6
0.0064 -5.76 -5.52
0.006402 -5.76 -5.68
0.006404 -5.76 -5.68
0.006406 -5.76 -5.68
0.006408 -5.76 -5.68
0.00641 -5.76 -5.68
0.006412 -5.84 -5.68
0.006414 -5.84 -5.68
0.006416 -5.84 -5.68
0.006418 -5.76 -5.76
0.00642 -5.84 -5.68
0.006422 -5.76 -5.76
0.006424 -5.76 -5.76
0.006426 -5.76 -5.68
0.006428 -5.84 -5.76
0.00643 -5.76 -5.68
0.006432 -5.84 -5.76
0.006434 -5.84 -5.76
0.006436 -5.76 -5.76
0.006438 -5.76 -5.76
0.00644 -5.84 -5.68
0.006442 -5.84 -5.68
0.006444 -5.84 -5.76
0.006446 -5.76 -5.76
0.006448 -5.76 -5.76
0.00645 -5.76 -5.76
0.006452 -5.76 -5.68
0.006454 -5.76 -5.68
0.006456 -5.76 -5.68
0.006458 -5.76 -5.68
0.00646 -5.76 -5.68
0.006462 -5.76 -5.68
0.006464 -5.76 -5.6
0.006466 -5.76 -5.68
0.006468 -5.76 -5.76
0.00647 -5.76 -5.76
0.006472 -5.68 -5.68
0.006474 -5.6 -5.68
0.006476 -5.68 -5.68
0.006478 -5.68 -5.6
0.00648 -5.6 -5.52
0.006482 -5.6 -5.52
0.006484 -5.6 -5.52
0.006486 -5.6 -5.6
0.006488 -5.6 -5.52
0.00649 -5.6 -5.52
0.006492 -5.6 -5.52
0.006494 -5.6 -5.52
0.006496 -5.6 -5.44
0.006498 -5.52 -5.52
0.0065 -5.52 -5.52
0.006502 -5.52 -5.44
0.006504 -5.52 -5.52
0.006506 -5.52 -5.44
0.006508 -5.52 -5.44
0.00651 -5.44 -5.44
0.006512 -5.44 -5.44
0.006514 -5.36 -5.44
0.006516 -5.36 -5.36
0.006518 -5.44 -5.36
0.00652 -5.28 -5.36
0.006522 -5.28 -5.28
0.006524 -5.28 -5.2
0.006526 -5.28 -5.28
0.006528 -5.28 -5.2
0.00653 -5.28 -5.2
0.006532 -5.28 -5.2
0.006534 -5.2 -5.2
0.006536 -5.2 -5.2
0.006538 -5.12 -5.12
0.00654 -5.12 -5.12
0.006542 -5.12 -5.12
0.006544 -5.12 -5.04
0.006546 -5.04 -5.04
0.006548 -4.96 -5.04
0.00655 -4.96 -5.04
0.006552 -4.96 -4.96
0.006554 -4.96 -4.88
0.006556 -4.96 -4.88
0.006558 -4.88 -4.88
0.00656 -4.88 -4.88
0.006562 -4.8 -4.8
0.006564 -4.8 -4.88
0.006566 -4.8 -4.8
0.006568 -4.72 -4.8
0.00657 -4.72 -4.72
0.006572 -4.64 -4.72
0.006574 -4.64 -4.64
0.006576 -4.56 -4.64
0.006578 -4.56 -4.64
0.00658 -4.64 -4.56
0.006582 -4.56 -4.56
0.006584 -4.48 -4.56
0.006586 -4.48 -4.48
0.006588 -4.4 -4.4
0.00659 -4.32 -4.4
0.006592 -4.32 -4.4
0.006594 -4.32 -4.4
0.006596 -4.32 -4.32
0.006598 -4.24 -4.24
0.0066 -4.24 -4.24
0.006602 -4.16 -4.24
0.006604 -4.16 -4.16
0.006606 -4.16 -4.16
0.006608 -4 -4.16
0.00661 -4 -4.08
0.006612 -4 -3.92
0.006614 -3.92 -4
0.006616 -3.92 -4
0.006618 -3.92 -3.92
0.00662 -3.92 -3.92
0.006622 -3.76 -3.92
0.006624 -3.84 -3.84
0.006626 -3.68 -3.76
0.006628 -3.68 -3.68
0.00663 -3.68 -3.76
0.006632 -3.6 -3.68
0.006634 -3.6 -3.6
0.006636 -3.52 -3.6
0.006638 -3.52 -3.6
0.00664 -3.36 -3.52
0.006642 -3.36 -3.44
0.006644 -3.36 -3.44
0.006646 -3.36 -3.44
0.006648 -3.28 -3.28
0.00665 -3.28 -3.28
0.006652 -3.2 -3.28
0.006654 -3.2 -3.2
0.006656 -3.04 -3.12
0.006658 -3.04 -3.12
0.00666 -3.04 -3.12
0.006662 -2.96 -2.96
0.006664 -2.96 -2.96
0.006666 -2.88 -2.96
0.006668 -2.8 -2.88
0.00667 -2.72 -2.88
0.006672 -2.72 -2.88
0.006674 -2.72 -2.8
0.006676 -2.64 -2.72
0.006678 -2.64 -2.64
0.00668 -2.56 -2.64
0.006682 -2.56 -2.64
0.006684 -2.4 -2.56
0.006686 -2.4 -2.56
0.006688 -2.4 -2.48
0.00669 -2.32 -2.4
0.006692 -2.24 -2.32
0.006694 -2.24 -2.24
0.006696 -2.24 -2.32
0.006698 -2.08 -2.24
0.0067 -2.08 -2.16
0.006702 -2 -2.16
0.006704 -2 -2.16
0.006706 -1.92 -2.08
0.006708 -1.92 -2
0.00671 -1.76 -1.92
0.006712 -1.76 -1.92
0.006714 -1.76 -1.84
0.006716 -1.68 -1.84
0.006718 -1.68 -1.76
0.00672 -1.6 -1.68
0.006722 -1.52 -1.6
0.006724 -1.52 -1.6
0.006726 -1.44 -1.52
0.006728 -1.36 -1.52
0.00673 -1.28 -1.44
0.006732 -1.36 -1.44
0.006734 -1.28 -1.36
0.006736 -1.12 -1.28
0.006738 -1.12 -1.28
0.00674 -1.12 -1.28
0.006742 -1.04 -1.12
0.006744 -0.96 -1.04
0.006746 -0.96 -1.04
0.006748 -0.88 -0.96
0.00675 -0.8 -0.88
0.006752 -0.8 -0.96
0.006754 -0.72 -0.88
0.006756 -0.72 -0.8
0.006758 -0.56 -0.72
0.00676 -0.48 -0.64
0.006762 -0.48 -0.64
0.006764 -0.48 -0.56
0.006766 -0.4 -0.56
0.006768 -0.32 -0.56
0.00677 -0.24 -0.48
0.006772 -0.24 -0.4
0.006774 -0.16 -0.32
0.006776 -0.16 -0.32
0.006778 -0.16 -0.24
0.00678 0 -0.16
0.006782 0.08 -0.16
0.006784 0.24 0
0.006786 0.24 0
0.006788 0.24 0.08
0.00679 0.24 0.08
0.006792 0.24 0.16
0.006794 0.4 0.16
0.006796 0.4 0.32
0.006798 0.48 0.32
0.0068 0.56 0.4
0.006802 0.56 0.4
0.006804 0.64 0.4
0.006806 0.64 0.48
0.006808 0.72 0.64
0.00681 0.72 0.64
0.006812 0.88 0.64
0.006814 0.88 0.72
0.006816 0.96 0.8
0.006818 0.96 0.8
0.00682 1.04 0.88
0.006822 1.04 0.96
0.006824 1.2 1.04
0.006826 1.2 1.04
0.006828 1.28 1.12
0.00683 1.28 1.12
0.006832 1.36 1.12
0.006834 1.44 1.12
0.006836 1.44 1.28
0.006838 1.52 1.36
0.00684 1.52 1.36
0.006842 1.6 1.36
0.006844 1.6 1.44
0.006846 1.68 1.6
0.006848 1.68 1.6
0.00685 1.76 1.6
0.006852 1.84 1.68
0.006854 1.84 1.68
0.006856 1.92 1.68
0.006858 2 1.76
0.00686 2 1.84
0.006862 2.08 1.92
0.006864 2.16 2
0.006866 2.16 2
0.006868 2.24 2.08
0.00687 2.24 2.08
0.006872 2.24 2.08
0.006874 2.32 2.24
0.006876 2.4 2.32
0.006878 2.4 2.32
0.00688 2.48 2.32
0.006882 2.56 2.4
0.006884 2.56 2.4
0.006886 2.56 2.48
0.006888 2.64 2.56
0.00689 2.72 2.64
0.006892 2.8 2.64
0.006894 2.8 2.72
0.006896 2.88 2.72
0.006898 2.96 2.72
0.0069 2.96 2.72
0.006902 2.96 2.8
0.006904 3.04 2.88
0.006906 3.12 2.88
0.006908 3.12 2.96
0.00691 3.2 3.04
0.006912 3.2 3.04
0.006914 3.28 3.04
0.006916 3.28 3.2
0.006918 3.44 3.2
0.00692 3.44 3.2
0.006922 3.44 3.2
0.006924 3.44 3.28
0.006926 3.52 3.36
0.006928 3.6 3.36
0.00693 3.6 3.44
0.006932 3.6 3.52
0.006934 3.6 3.52
0.006936 3.76 3.52
0.006938 3.76 3.52
0.00694 3.76 3.68
0.006942 3.76 3.6
0.006944 3.92 3.68
0.006946 3.84 3.68
0.006948 3.92 3.84
0.00695 3.92 3.76
0.006952 4 3.84
0.006954 4 3.92
0.006956 4.08 3.92
0.006958 4.08 3.92
0.00696 4.08 4.08
0.006962 4.16 4
0.006964 4.16 4.08
0.006966 4.24 4.08
0.006968 4.24 4.16
0.00697 4.32 4.16
0.006972 4.4 4.24
0.006974 4.4 4.24
0.006976 4.4 4.32
0.006978 4.48 4.32
0.00698 4.48 4.32
0.006982 4.48 4.32
0.006984 4.56 4.48
0.006986 4.56 4.4
0.006988 4.56 4.4
0.00699 4.64 4.48
0.006992 4.64 4.56
0.006994 4.72 4.56
0.006996 4.72 4.56
0.006998 4.8 4.64
0.007 4.8 4.64
0.007002 4.8 4.64
0.007004 4.8 4.64
0.007006 4.88 4.8
0.007008 4.88 4.8
0.00701 4.88 4.8
0.007012 4.88 4.88
0.007014 4.88 4.88
0.007016 5.04 4.8
0.007018 5.04 4.88
0.00702 5.04 4.96
0.007022 5.04 4.96
0.007024 5.12 4.96
0.007026 5.12 5.04
0.007028 5.12 4.96
0.00703 5.04 4.96
0.007032 5.12 5.04
0.007034 5.12 5.04
0.007036 5.2 5.12
0.007038 5.2 5.12
0.00704 5.2 5.12
0.007042 5.28 5.2
0.007044 5.28 5.12
0.007046 5.28 5.2
0.007048 5.36 5.2
0.00705 5.36 5.28
0.007052 5.36 5.2
0.007054 5.36 5.2
0.007056 5.36 5.28
0.007058 5.36 5.28
0.00706 5.44 5.28
0.007062 5.44 5.28
0.007064 5.44 5.44
0.007066 5.44 5.36
0.007068 5.44 5.28
0.00707 5.52 5.36
0.007072 5.52 5.44
0.007074 5.44 5.44
0.007076 5.52 5.44
0.007078 5.44 5.44
0.00708 5.52 5.44
0.007082 5.52 5.44
0.007084 5.52 5.44
0.007086 5.52 5.52
0.007088 5.52 5.44
0.00709 5.52 5.44
0.007092 5.52 5.52
0.007094 5.68 5.52
0.007096 5.52 5.52
0.007098 5.6 5.52
0.0071 5.68 5.52
0.007102 5.68 5.52
0.007104 5.6 5.52
0.007106 5.68 5.52
0.007108 5.68 5.6
0.00711 5.68 5.52
0.007112 5.68 5.52
0.007114 5.68 5.52
0.007116 5.68 5.6
0.007118 5.68 5.52
0.00712 5.68 5.52
0.007122 5.68 5.6
0.007124 5.68 5.6
0.007126 5.68 5.6
0.007128 5.68 5.6
0.00713 5.68 5.6
0.007132 5.68 5.6
0.007134 5.68 5.52
0.007136 5.68 5.52
0.007138 5.6 5.6
0.00714 5.68 5.6
0.007142 5.68 5.6
0.007144 5.68 5.6
0.007146 5.68 5.6
0.007148 5.68 5.52
0.00715 5.6 5.52
0.007152 5.6 5.6
0.007154 5.6 5.52
0.007156 5.6 5.52
0.007158 5.6 5.6
0.00716 5.52 5.52
0.007162 5.52 5.52
0.007164 5.52 5.52
0.007166 5.52 5.52
0.007168 5.52 5.52
0.00717 5.52 5.52
0.007172 5.52 5.44
0.007174 5.44 5.52
0.007176 5.52 5.52
0.007178 5.52 5.52
0.00718 5.44 5.44
0.007182 5.52 5.44
0.007184 5.44 5.36
0.007186 5.44 5.36
0.007188 5.44 5.44
0.00719 5.44 5.36
0.007192 5.36 5.36
0.007194 5.36 5.44
0.007196 5.36 5.44
0.007198 5.36 5.36
0.0072 5.36 5.28
0.007202 5.36 5.28
0.007204 5.28 5.28
0.007206 5.2 5.28
0.007208 5.2 5.28
0.00721 5.28 5.28
0.007212 5.2 5.2
0.007214 5.2 5.2
0.007216 5.12 5.12
0.007218 5.12 5.2
0.00722 5.12 5.12
0.007222 5.12 5.12
0.007224 5.04 5.12
0.007226 5.04 5.12
0.007228 5.04 5.04
0.00723 5.04 5.04
0.007232 5.04 5.12
0.007234 5.04 4.96
0.007236 4.96 4.96
0.007238 4.88 4.96
0.00724 4.88 4.96
0.007242 4.88 4.88
0.007244 4.88 4.88
0.007246 4.88 4.88
0.007248 4.8 4.88
0.00725 4.8 4.8
0.007252 4.72 4.72
0.007254 4.72 4.72
0.007256 4.72 4.72
0.007258 4.72 4.72
0.00726 4.64 4.72
0.007262 4.56 4.72
0.007264 4.56 4.64
0.007266 4.56 4.56
0.007268 4.48 4.56
0.00727 4.56 4.56
0.007272 4.48 4.48
0.007274 4.4 4.48
0.007276 4.4 4.48
0.007278 4.4 4.4
0.00728 4.32 4.32
0.007282 4.32 4.32
0.007284 4.24 4.32
0.007286 4.24 4.24
0.007288 4.16 4.24
0.00729 4.08 4.24
0.007292 4.08 4.24
0.007294 4.08 4.16
0.007296 4.08 4.08
0.007298 4 4.08
0.0073 4 4
0.007302 3.92 4
0.007304 3.92 3.92
0.007306 3.84 4
0.007308 3.76 3.92
0.00731 3.76 3.84
0.007312 3.76 3.84
0.007314 3.68 3.84
0.007316 3.6 3.68
0.007318 3.6 3.68
0.00732 3.52 3.6
0.007322 3.52 3.6
0.007324 3.52 3.52
0.007326 3.44 3.6
0.007328 3.44 3.52
0.00733 3.44 3.44
0.007332 3.28 3.44
0.007334 3.28 3.36
0.007336 3.28 3.36
0.007338 3.2 3.28
0.00734 3.2 3.28
0.007342 3.2 3.28
0.007344 3.12 3.2
0.007346 2.96 3.2
0.007348 2.96 3.12
0.00735 2.96 3.04
0.007352 2.88 2.96
0.007354 2.88 2.96
0.007356 2.8 2.96
0.007358 2.8 2.88
0.00736 2.8 2.88
0.007362 2.64 2.72
0.007364 2.64 2.8
0.007366 2.56 2.64
0.007368 2.56 2.64
0.00737 2.48 2.64
0.007372 2.48 2.64
0.007374 2.48 2.48
0.007376 2.32 2.48
0.007378 2.32 2.48
0.00738 2.24 2.4
0.007382 2.24 2.32
0.007384 2.16 2.32
0.007386 2.16 2.24
0.007388 2.16 2.16
0.00739 2 2.08
0.007392 2 2.24
0.007394 1.92 2.08
0.007396 1.92 2
0.007398 1.84 2
0.0074 1.84 1.92
0.007402 1.68 1.84
0.007404 1.6 1.76
0.007406 1.68 1.76
0.007408 1.6 1.68
0.00741 1.52 1.68
0.007412 1.52 1.6
0.007414 1.44 1.6
0.007416 1.36 1.44
0.007418 1.36 1.44
0.00742 1.28 1.36
0.007422 1.2 1.36
0.007424 1.2 1.28
0.007426 1.12 1.28
0.007428 1.04 1.2
0.00743 1.04 1.12
0.007432 0.96 1.12
0.007434 0.96 1.12
0.007436 0.88 1.04
0.007438 0.88 0.96
0.00744 0.88 0.96
0.007442 0.72 0.96
0.007444 0.72 0.88
0.007446 0.64 0.8
0.007448 0.56 0.72
0.00745 0.56 0.72
0.007452 0.56 0.64
0.007454 0.4 0.56
0.007456 0.32 0.48
0.007458 0.32 0.48
0.00746 0.24 0.48
0.007462 0.24 0.32
0.007464 0.16 0.32
0.007466 0.16 0.32
0.007468 0.08 0.16
0.00747 0 0.16
0.007472 -0.16 0.16
0.007474 -0.16 0.08
0.007476 -0.24 0.08
0.007478 -0.32 0
0.00748 -0.32 -0.16
0.007482 -0.4 -0.16
0.007484 -0.4 -0.32
0.007486 -0.48 -0.32
0.007488 -0.48 -0.32
0.00749 -0.56 -0.4
0.007492 -0.64 -0.48
0.007494 -0.64 -0.48
0.007496 -0.72 -0.56
0.007498 -0.8 -0.56
0.0075 -0.8 -0.64
0.007502 -0.88 -0.72
0.007504 -0.96 -0.72
0.007506 -1.04 -0.8
0.007508 -1.04 -0.88
0.00751 -1.12 -0.88
0.007512 -1.12 -0.96
0.007514 -1.2 -1.04
0.007516 -1.28 -1.04
0.007518 -1.28 -1.12
0.00752 -1.36 -1.2
0.007522 -1.36 -1.28
0.007524 -1.44 -1.2
0.007526 -1.44 -1.28
0.007528 -1.6 -1.36
0.00753 -1.6 -1.36
0.007532 -1.68 -1.44
0.007534 -1.68 -1.52
0.007536 -1.76 -1.6
0.007538 -1.76 -1.52
0.00754 -1.84 -1.6
0.007542 -1.84 -1.68
0.007544 -1.92 -1.68
0.007546 -2 -1.84
0.007548 -2.08 -1.84
0.00755 -2.08 -1.92
0.007552 -2.08 -1.92
0.007554 -2.16 -2
0.007556 -2.24 -2
0.007558 -2.24 -2.16
0.00756 -2.32 -2.16
0.007562 -2.4 -2.16
0.007564 -2.4 -2.24
0.007566 -2.4 -2.24
0.007568 -2.56 -2.32
0.00757 -2.56 -2.32
0.007572 -2.64 -2.4
0.007574 -2.64 -2.48
0.007576 -2.72 -2.48
0.007578 -2.72 -2.56
0.00758 -2.72 -2.64
0.007582 -2.88 -2.64
0.007584 -2.88 -2.64
0.007586 -2.88 -2.8
0.007588 -2.96 -2.8
0.00759 -3.04 -2.8
0.007592 -3.04 -2.88
0.007594 -3.04 -2.88
0.007596 -3.2 -2.88
0.007598 -3.2 -2.96
0.0076 -3.28 -3.04
0.007602 -3.28 -3.04
0.007604 -3.28 -3.12
0.007606 -3.36 -3.12
0.007608 -3.36 -3.2
0.00761 -3.44 -3.28
0.007612 -3.52 -3.28
0.007614 -3.52 -3.36
0.007616 -3.52 -3.44
0.007618 -3.6 -3.44
0.00762 -3.6 -3.44
0.007622 -3.68 -3.44
0.007624 -3.68 -3.6
0.007626 -3.84 -3.6
0.007628 -3.76 -3.6
0.00763 -3.84 -3.68
0.007632 -3.92 -3.76
0.007634 -3.92 -3.68
0.007636 -4 -3.76
0.007638 -4 -3.84
0.00764 -4 -3.84
0.007642 -4.08 -3.92
0.007644 -4.16 -3.92
0.007646 -4.16 -4
0.007648 -4.16 -4
0.00765 -4.24 -4.08
0.007652 -4.24 -4.16
0.007654 -4.24 -4.16
0.007656 -4.32 -4.16
0.007658 -4.32 -4.16
0.00766 -4.32 -4.24
0.007662 -4.32 -4.24
0.007664 -4.48 -4.24
0.007666 -4.48 -4.4
0.007668 -4.48 -4.4
0.00767 -4.56 -4.4
0.007672 -4.56 -4.4
0.007674 -4.64 -4.48
0.007676 -4.64 -4.48
0.007678 -4.64 -4.56
0.00768 -4.8 -4.48
0.007682 -4.8 -4.56
0.007684 -4.8 -4.64
0.007686 -4.8 -4.64
0.007688 -4.88 -4.72
0.00769 -4.88 -4.72
0.007692 -4.88 -4.64
0.007694 -4.96 -4.72
0.007696 -4.96 -4.8
0.007698 -4.96 -4.8
0.0077 -4.96 -4.8
0.007702 -5.04 -4.88
0.007704 -5.12 -4.88
0.007706 -5.12 -4.88
0.007708 -5.12 -4.96
0.00771 -5.12 -4.96
0.007712 -5.12 -5.04
0.007714 -5.2 -5.04
0.007716 -5.2 -5.04
0.007718 -5.28 -5.12
0.00772 -5.28 -5.2
0.007722 -5.28 -5.12
0.007724 -5.28 -5.12
0.007726 -5.28 -5.12
0.007728 -5.28 -5.12
0.00773 -5.28 -5.2
0.007732 -5.36 -5.28
0.007734 -5.44 -5.28
0.007736 -5.44 -5.28
0.007738 -5.44 -5.2
0.00774 -5.36 -5.36
0.007742 -5.44 -5.28
0.007744 -5.44 -5.36
0.007746 -5.52 -5.36
0.007748 -5.52 -5.44
0.00775 -5.52 -5.36
0.007752 -5.52 -5.44
0.007754 -5.52 -5.52
0.007756 -5.6 -5.52
0.007758 -5.6 -5.36
0.00776 -5.6 -5.44
0.007762 -5.6 -5.52
0.007764 -5.6 -5.44
0.007766 -5.6 -5.44
0.007768 -5.6 -5.6
0.00777 -5.68 -5.52
0.007772 -5.6 -5.52
0.007774 -5.68 -5.52
0.007776 -5.68 -5.52
0.007778 -5.76 -5.6
0.00778 -5.76 -5.6
0.007782 -5.68 -5.6
0.007784 -5.68 -5.68
0.007786 -5.76 -5.6
0.007788 -5.76 -5.6
0.00779 -5.76 -5.68
0.007792 -5.76 -5.68
0.007794 -5.76 -5.6
0.007796 -5.76 -5.6
0.007798 -5.76 -5.68
0.0078 -5.76 -5.68
0.007802 -5.76 -5.68
0.007804 -5.76 -5.68
0.007806 -5.84 -5.68
0.007808 -5.76 -5.68
0.00781 -5.84 -5.68
0.007812 -5.76 -5.76
0.007814 -5.84 -5.68
0.007816 -5.84 -5.68
0.007818 -5.76 -5.68
0.00782 -5.76 -5.76
0.007822 -5.76 -5.76
0.007824 -5.84 -5.68
0.007826 -5.76 -5.68
0.007828 -5.84 -5.68
0.00783 -5.76 -5.68
0.007832 -5.84 -5.68
0.007834 -5.76 -5.68
0.007836 -5.76 -5.76
0.007838 -5.76 -5.68
0.00784 -5.76 -5.68
0.007842 -5.76 -5.68
0.007844 -5.76 -5.68
0.007846 -5.76 -5.68
0.007848 -5.76 -5.76
0.00785 -5.76 -5.76
0.007852 -5.76 -5.68
0.007854 -5.76 -5.6
0.007856 -5.76 -5.68
0.007858 -5.68 -5.68
0.00786 -5.68 -5.6
0.007862 -5.76 -5.6
0.007864 -5.6 -5.68
0.007866 -5.68 -5.6
0.007868 -5.6 -5.68
0.00787 -5.6 -5.6
0.007872 -5.6 -5.52
0.007874 -5.6 -5.52
0.007876 -5.6 -5.6
0.007878 -5.6 -5.52
0.00788 -5.6 -5.52
0.007882 -5.6 -5.52
0.007884 -5.6 -5.52
0.007886 -5.6 -5.52
0.007888 -5.52 -5.52
0.00789 -5.52 -5.44
0.007892 -5.52 -5.52
0.007894 -5.44 -5.44
0.007896 -5.52 -5.44
0.007898 -5.44 -5.36
0.0079 -5.44 -5.44
0.007902 -5.44 -5.44
0.007904 -5.44 -5.36
0.007906 -5.36 -5.36
0.007908 -5.36 -5.36
0.00791 -5.28 -5.28
0.007912 -5.28 -5.2
0.007914 -5.28 -5.28
0.007916 -5.28 -5.28
0.007918 -5.2 -5.2
0.00792 -5.28 -5.2
0.007922 -5.2 -5.2
0.007924 -5.2 -5.2
0.007926 -5.12 -5.12
0.007928 -5.12 -5.12
0.00793 -5.04 -5.12
0.007932 -5.12 -5.12
0.007934 -5.12 -5.04
0.007936 -4.96 -5.04
0.007938 -4.96 -5.04
0.00794 -4.96 -4.96
0.007942 -4.96 -4.96
0.007944 -4.96 -4.96
0.007946 -4.88 -4.96
0.007948 -4.88 -4.88
0.00795 -4.8 -4.88
0.007952 -4.8 -4.8
0.007954 -4.8 -4.8
0.007956 -4.8 -4.72
0.007958 -4.8 -4.8
0.00796 -4.64 -4.72
0.007962 -4.64 -4.56
0.007964 -4.64 -4.56
0.007966 -4.64 -4.64
0.007968 -4.56 -4.64
0.00797 -4.56 -4.56
0.007972 -4.56 -4.48
0.007974 -4.48 -4.48
0.007976 -4.48 -4.4
0.007978 -4.48 -4.48
0.00798 -4.4 -4.4
0.007982 -4.32 -4.32
0.007984 -4.32 -4.4
0.007986 -4.32 -4.32
0.007988 -4.24 -4.24
0.00799 -4.24 -4.24
0.007992 -4.16 -4.16
0.007994 -4.16 -4.16
0.007996 -4 -4.16
0.007998 -4.08 -4.08
