0 -3.2 -6.2
4e-07 -3.2 -6.2
8e-07 2.24 -1
1.2e-06 2.16 -1
1.6e-06 2.16 -1.2
2e-06 2 -1.2
2.4e-06 2 -1.4
2.8e-06 1.92 -1.4
3.2e-06 1.76 -1.6
3.6e-06 1.76 -1.6
4e-06 1.6 -1.8
4.4e-06 1.6 -1.8
4.8e-06 1.52 -2
5.2e-06 1.44 -2.2
5.6e-06 1.36 -2.2
6e-06 1.28 -2.2
6.4e-06 1.2 -2.4
6.8e-06 1.12 -2.4
7.2e-06 1.04 -2.6
7.6e-06 0.96 -2.6
8e-06 0.88 -2.6
8.4e-06 0.72 -2.8
8.8e-06 0.72 -2.8
9.2e-06 0.64 -3
9.6e-06 0.56 -3
1e-05 0.4 -3.2
1.04e-05 0.4 -3.2
1.08e-05 0.32 -3.4
1.12e-05 0.24 -3.4
1.16e-05 0.16 -3.4
1.2e-05 0 -3.6
1.24e-05 0 -3.6
1.28e-05 -0.16 -3.8
1.32e-05 -0.16 -3.8
1.36e-05 -0.32 -3.8
1.4e-05 -0.4 -4
1.44e-05 -0.48 -4
1.48e-05 -0.48 -4.2
1.52e-05 -0.64 -4.2
1.56e-05 -0.72 -4.4
1.6e-05 -0.8 -4.2
1.64e-05 -0.96 -4.6
1.68e-05 -1.04 -4.6
1.72e-05 -1.04 -4.6
1.76e-05 -1.12 -4.6
1.8e-05 -1.2 -4.8
1.84e-05 -1.28 -4.8
1.88e-05 -1.36 -4.8
1.92e-05 -1.44 -5
1.96e-05 -1.52 -5
2e-05 -1.6 -5
2.04e-05 -1.68 -5
2.08e-05 -1.76 -5
2.12e-05 -1.76 -5.2
2.16e-05 -1.92 -5.4
2.2e-05 -2 -5.4
2.24e-05 -2.08 -5.4
2.28e-05 -2.08 -5.4
2.32e-05 -2.24 -5.4
2.36e-05 -2.24 -5.6
2.4e-05 -2.4 -5.6
2.44e-05 -2.4 -5.6
2.48e-05 -2.56 -5.8
2.52e-05 -2.56 -5.8
2.56e-05 -2.64 -5.8
2.6e-05 -2.72 -5.6
2.64e-05 -2.72 -5.8
2.68e-05 -2.88 -5.8
2.72e-05 -2.88 -5.8
2.76e-05 -3.04 -5.8
2.8e-05 -3.04 -5.8
2.84e-05 -3.04 -6
2.88e-05 -3.2 -6
2.92e-05 -3.2 -6
2.96e-05 -3.28 -6
3e-05 -3.36 -6.2
3.04e-05 -3.36 -6
3.08e-05 -3.44 -6.2
3.12e-05 -3.52 -6.2
3.16e-05 -3.6 -6.2
3.2e-05 -3.6 -6.2
3.24e-05 -3.68 -6.2
3.28e-05 -3.68 -6.2
3.32e-05 -3.68 -6.2
3.36e-05 -3.76 -6.2
3.4e-05 -3.84 -6.2
3.44e-05 -3.92 -6.2
3.48e-05 -4 -6.2
3.52e-05 -4 -6.4
3.56e-05 -4 -6
3.6e-05 -4.08 -6
3.64e-05 -4.16 -6.2
3.68e-05 -4.16 -6.2
3.72e-05 -4.16 -6
3.76e-05 -4.16 -6
3.8e-05 -4.32 -6.4
3.84e-05 -4.32 -6.2
3.88e-05 -4.32 -6
3.92e-05 -4.32 -6
3.96e-05 -4.32 -6.2
4e-05 -4.48 -6
4.04e-05 -4.48 -5.8
4.08e-05 -4.48 -5.8
4.12e-05 -4.48 -5.8
4.16e-05 -4.56 -5.8
4.2e-05 -4.56 -5.8
4.24e-05 -4.56 -5.8
4.28e-05 -4.56 -5.8
4.32e-05 -4.64 -5.8
4.36e-05 -4.64 -5.6
4.4e-05 -4.64 -5.8
4.44e-05 -4.64 -5.6
4.48e-05 -4.64 -5.6
4.52e-05 -4.64 -5.8
4.56e-05 -4.72 -5.6
4.6e-05 -4.72 -5.4
4.64e-05 -4.72 -5.4
4.68e-05 -4.64 -5.4
4.72e-05 -4.72 -5.4
4.76e-05 -4.8 -5.4
4.8e-05 -4.72 -5.2
4.84e-05 -4.8 -5
4.88e-05 -4.72 -5
4.92e-05 -4.8 -5
4.96e-05 -4.64 -5
5e-05 -4.64 -5
5.04e-05 -4.8 -4.8
5.08e-05 -4.64 -4.6
5.12e-05 -4.64 -4.6
5.16e-05 -4.64 -4.8
5.2e-05 -4.64 -4.6
5.24e-05 -4.64 -4.4
5.28e-05 -4.64 -4.4
5.32e-05 -4.64 -4.4
5.36e-05 -4.64 -4.2
5.4e-05 -4.64 -4.2
5.44e-05 -4.56 -4
5.48e-05 -4.56 -4.2
5.52e-05 -4.48 -4
5.56e-05 -4.48 -3.8
5.6e-05 -4.48 -3.6
5.64e-05 -4.4 -3.8
5.68e-05 -4.4 -3.6
5.72e-05 -4.4 -3.6
5.76e-05 -4.32 -3.4
5.8e-05 -4.24 -3.4
5.84e-05 -4.32 -3.2
5.88e-05 -4.24 -3.2
5.92e-05 -4.24 -3.2
5.96e-05 -4.16 -3
6e-05 -4.16 -3
6.04e-05 -4.16 -2.8
6.08e-05 -4.08 -2.8
6.12e-05 -4 -2.6
6.16e-05 -4 -2.6
6.2e-05 -3.92 -2.4
6.24e-05 -3.92 -2.4
6.28e-05 -3.84 -2.2
6.32e-05 -3.84 -2.4
6.36e-05 -3.68 -2.2
6.4e-05 -3.68 -1.8
6.44e-05 -3.6 -1.8
6.48e-05 -3.6 -1.8
6.52e-05 -3.52 -1.8
6.56e-05 -3.44 -1.6
6.6e-05 -3.36 -1.4
6.64e-05 -3.36 -1.4
6.68e-05 -3.28 -1.2
6.72e-05 -3.2 -1.4
6.76e-05 -3.2 -1
6.8e-05 -3.04 -1
6.84e-05 -3.04 -0.8
6.88e-05 -2.96 -0.8
6.92e-05 -2.88 -0.8
6.96e-05 -2.88 -0.6
7e-05 -2.72 -0.6
7.04e-05 -2.72 -0.6
7.08e-05 -2.64 0
7.12e-05 -2.64 0
7.16e-05 -2.56 0
7.2e-05 -2.4 0.2
7.24e-05 -2.4 0.2
7.28e-05 -2.32 0.2
7.32e-05 -2.24 0.4
7.36e-05 -2.24 0.4
7.4e-05 -2.08 0.8
7.44e-05 -2 0.8
7.48e-05 -2 0.8
7.52e-05 -1.84 0.8
7.56e-05 -1.76 1
7.6e-05 -1.76 1.2
7.64e-05 -1.68 1.2
7.68e-05 -1.6 1.2
7.72e-05 -1.44 1.4
7.76e-05 -1.44 1.6
7.8e-05 -1.28 1.6
7.84e-05 -1.2 1.6
7.88e-05 -1.12 1.8
7.92e-05 -1.04 1.8
7.96e-05 -1.04 2
8e-05 -0.96 2
8.04e-05 -0.8 2.2
8.08e-05 -0.8 2.4
8.12e-05 -0.64 2.4
8.16e-05 -0.64 2.4
8.2e-05 -0.48 2.4
8.24e-05 -0.48 2.4
8.28e-05 -0.32 2.6
8.32e-05 -0.32 2.8
8.36e-05 -0.16 2.8
8.4e-05 -0.16 3
8.44e-05 0.08 3
8.48e-05 0.16 3
8.52e-05 0.24 3
8.56e-05 0.32 3.2
8.6e-05 0.32 3.4
8.64e-05 0.4 3.4
8.68e-05 0.56 3.4
8.72e-05 0.64 3.4
8.76e-05 0.64 3.6
8.8e-05 0.8 3.6
8.84e-05 0.88 3.6
8.88e-05 0.96 3.8
8.92e-05 0.96 4
8.96e-05 1.12 4
9e-05 1.2 4
9.04e-05 1.2 4
9.08e-05 1.28 4.2
9.12e-05 1.36 4.2
9.16e-05 1.52 4.2
9.2e-05 1.52 4.4
9.24e-05 1.6 4.2
9.28e-05 1.68 4.4
9.32e-05 1.76 4.4
9.36e-05 1.84 4.6
9.4e-05 1.92 4.8
9.44e-05 2 4.6
9.48e-05 2.08 4.6
9.52e-05 2.16 4.8
9.56e-05 2.16 4.8
9.6e-05 2.24 4.8
9.64e-05 2.32 5
9.68e-05 2.48 5
9.72e-05 2.48 5
9.76e-05 2.56 5
9.8e-05 2.56 5.2
9.84e-05 2.72 5
9.88e-05 2.8 5
9.92e-05 2.8 5.2
9.96e-05 2.96 5.2
0.0001 2.96 5.2
0.0001004 2.96 5.2
0.0001008 3.12 5.4
0.0001012 3.12 5.2
0.0001016 3.2 5.2
0.000102 3.28 5.4
0.0001024 3.28 5.2
0.0001028 3.44 5.4
0.0001032 3.44 5.4
0.0001036 3.52 5.4
0.000104 3.52 5.4
0.0001044 3.6 5.4
0.0001048 3.6 5.4
0.0001052 3.68 5.4
0.0001056 3.76 5.6
0.000106 3.76 5.4
0.0001064 3.84 5.4
0.0001068 3.84 5.4
0.0001072 3.92 5.4
0.0001076 4 5.4
0.000108 3.92 5.4
0.0001084 4.08 5.4
0.0001088 4.08 5.6
0.0001092 4.16 5.4
0.0001096 4.16 5.4
0.00011 4.16 5.2
0.0001104 4.24 5.2
0.0001108 4.24 5.4
0.0001112 4.24 5.2
0.0001116 4.32 5
0.000112 4.4 5.2
0.0001124 4.4 5.2
0.0001128 4.32 5
0.0001132 4.4 5
0.0001136 4.4 5
0.000114 4.4 5.2
0.0001144 4.48 5
0.0001148 4.48 4.8
0.0001152 4.48 4.8
0.0001156 4.56 4.8
0.000116 4.56 5
0.0001164 4.48 4.8
0.0001168 4.56 4.6
0.0001172 4.56 4.6
0.0001176 4.56 4.8
0.000118 4.56 4.6
0.0001184 4.56 4.4
0.0001188 4.56 4.4
0.0001192 4.56 4.4
0.0001196 4.56 4.4
0.00012 4.64 4.4
0.0001204 4.56 4.2
0.0001208 4.56 4.2
0.0001212 4.56 4.2
0.0001216 4.56 4
0.000122 4.56 4
0.0001224 4.56 4
0.0001228 4.48 4
0.0001232 4.48 3.8
0.0001236 4.48 3.8
0.000124 4.56 3.6
0.0001244 4.48 3.6
0.0001248 4.48 3.4
0.0001252 4.4 3.4
0.0001256 4.4 3.4
0.000126 4.48 3.2
0.0001264 4.4 3.2
0.0001268 4.4 3
0.0001272 4.4 3
0.0001276 4.24 3
0.000128 4.24 3
0.0001284 4.24 2.8
0.0001288 4.24 2.6
0.0001292 4.16 2.6
0.0001296 4.16 2.6
0.00013 4.08 2.6
0.0001304 4.08 2.4
0.0001308 4.08 2.2
0.0001312 4 2.2
0.0001316 3.92 2
0.000132 3.92 2
0.0001324 3.92 2
0.0001328 3.84 1.8
0.0001332 3.76 1.8
0.0001336 3.76 1.6
0.000134 3.76 1.6
0.0001344 3.6 1.4
0.0001348 3.6 1.4
0.0001352 3.52 1.2
0.0001356 3.44 1.2
0.000136 3.44 1.2
0.0001364 3.44 1
0.0001368 3.36 0.8
0.0001372 3.28 0.8
0.0001376 3.2 0.6
0.000138 3.12 0.6
0.0001384 3.12 0.4
0.0001388 3.04 0.4
0.0001392 2.96 0.4
0.0001396 2.96 0.2
0.00014 2.96 0
0.0001404 2.8 0
0.0001408 2.8 0
0.0001412 2.64 -0.4
0.0001416 2.56 -0.4
0.000142 2.48 -0.4
0.0001424 2.48 -0.6
0.0001428 2.48 -0.8
0.0001432 2.32 -0.8
0.0001436 2.24 -1
0.000144 2.16 -1
0.0001444 2.16 -1.2
0.0001448 2 -1.2
0.0001452 2 -1.6
0.0001456 1.92 -1.4
0.000146 1.84 -1.4
0.0001464 1.68 -1.4
0.0001468 1.68 -1.8
0.0001472 1.6 -1.8
0.0001476 1.52 -2
0.000148 1.36 -2
0.0001484 1.36 -2.2
0.0001488 1.28 -2.2
0.0001492 1.28 -2.4
0.0001496 1.12 -2.4
0.00015 1.04 -2.6
0.0001504 0.96 -2.6
0.0001508 0.88 -2.8
0.0001512 0.8 -2.6
0.0001516 0.72 -3
0.000152 0.64 -3
0.0001524 0.56 -3
0.0001528 0.56 -3.2
0.0001532 0.4 -3.2
0.0001536 0.32 -3.4
0.000154 0.24 -3.4
0.0001544 0.08 -3.4
0.0001548 0.08 -3.6
0.0001552 0 -3.6
0.0001556 -0.16 -3.8
0.000156 -0.16 -3.8
0.0001564 -0.32 -3.8
0.0001568 -0.4 -4
0.0001572 -0.48 -4
0.0001576 -0.56 -4
0.000158 -0.72 -4.2
0.0001584 -0.72 -4.2
0.0001588 -0.8 -4.4
0.0001592 -0.8 -4.4
0.0001596 -0.96 -4.4
0.00016 -1.04 -4.6
0.0001604 -1.12 -4.6
0.0001608 -1.2 -4.8
0.0001612 -1.28 -4.8
0.0001616 -1.44 -4.8
0.000162 -1.44 -5
0.0001624 -1.44 -5
0.0001628 -1.6 -5
0.0001632 -1.68 -5
0.0001636 -1.76 -5
0.000164 -1.76 -5.2
0.0001644 -1.84 -5.4
0.0001648 -2 -5.2
0.0001652 -2.08 -5.4
0.0001656 -2.16 -5.4
0.000166 -2.16 -5.6
0.0001664 -2.32 -5.4
0.0001668 -2.32 -5.6
0.0001672 -2.4 -5.6
0.0001676 -2.4 -5.8
0.000168 -2.56 -5.6
0.0001684 -2.64 -5.6
0.0001688 -2.64 -5.8
0.0001692 -2.72 -5.8
0.0001696 -2.88 -5.8
0.00017 -2.88 -5.8
0.0001704 -2.96 -5.8
0.0001708 -3.04 -6
0.0001712 -3.04 -6
0.0001716 -3.12 -5.8
0.000172 -3.2 -6
0.0001724 -3.28 -5.8
0.0001728 -3.28 -6
0.0001732 -3.36 -6.2
0.0001736 -3.52 -6
0.000174 -3.52 -6
0.0001744 -3.52 -6.2
0.0001748 -3.68 -6.2
0.0001752 -3.6 -6.2
0.0001756 -3.68 -6.2
0.000176 -3.68 -6.4
0.0001764 -3.84 -6
0.0001768 -3.84 -6.4
0.0001772 -3.92 -6.2
0.0001776 -4 -6.2
0.000178 -4 -6
0.0001784 -4 -6.4
0.0001788 -4 -6.4
0.0001792 -4.16 -6.4
0.0001796 -4.16 -6.2
0.00018 -4.16 -6.2
0.0001804 -4.24 -6
0.0001808 -4.24 -6
0.0001812 -4.32 -6
0.0001816 -4.32 -6.2
0.000182 -4.32 -6.2
0.0001824 -4.48 -6.2
0.0001828 -4.48 -6
0.0001832 -4.48 -6
0.0001836 -4.48 -6
0.000184 -4.48 -5.8
0.0001844 -4.56 -5.8
0.0001848 -4.56 -5.8
0.0001852 -4.56 -5.8
0.0001856 -4.56 -5.8
0.000186 -4.56 -5.6
0.0001864 -4.64 -5.6
0.0001868 -4.64 -5.8
0.0001872 -4.72 -5.6
0.0001876 -4.64 -5.6
0.000188 -4.64 -5.6
0.0001884 -4.64 -5.6
0.0001888 -4.64 -5.6
0.0001892 -4.72 -5.4
0.0001896 -4.8 -5.4
0.00019 -4.72 -5.4
0.0001904 -4.72 -5.4
0.0001908 -4.8 -5.2
0.0001912 -4.72 -5
0.0001916 -4.8 -5
0.000192 -4.8 -5
0.0001924 -4.72 -5
0.0001928 -4.72 -5
0.0001932 -4.72 -4.8
0.0001936 -4.64 -4.8
0.000194 -4.8 -4.6
0.0001944 -4.64 -4.6
0.0001948 -4.64 -4.6
0.0001952 -4.64 -4.4
0.0001956 -4.64 -4.6
0.000196 -4.64 -4.4
0.0001964 -4.64 -4.2
0.0001968 -4.64 -4.2
0.0001972 -4.56 -4.2
0.0001976 -4.56 -4
0.000198 -4.56 -4
0.0001984 -4.48 -3.8
0.0001988 -4.48 -3.8
0.0001992 -4.48 -3.6
0.0001996 -4.32 -3.6
0.0002 -4.32 -3.6
0.0002004 -4.32 -3.4
0.0002008 -4.32 -3.2
0.0002012 -4.32 -3.4
0.0002016 -4.24 -3.2
0.000202 -4.16 -3.2
0.0002024 -4.16 -3
0.0002028 -4.16 -3
0.0002032 -4.16 -2.8
0.0002036 -4 -2.8
0.000204 -4 -2.6
0.0002044 -4 -2.6
0.0002048 -3.92 -2.6
0.0002052 -3.92 -2.4
0.0002056 -3.84 -2.4
0.000206 -3.76 -2.2
0.0002064 -3.68 -2
0.0002068 -3.6 -2
0.0002072 -3.68 -2.2
0.0002076 -3.6 -1.8
0.000208 -3.6 -1.6
0.0002084 -3.44 -1.6
0.0002088 -3.36 -1.6
0.0002092 -3.36 -1.6
0.0002096 -3.28 -1.2
0.00021 -3.28 -1.2
0.0002104 -3.2 -1
0.0002108 -3.04 -1
0.0002112 -3.04 -1
0.0002116 -2.96 -0.8
0.000212 -2.96 -0.8
0.0002124 -2.88 -0.6
0.0002128 -2.72 -0.6
0.0002132 -2.72 -0.4
0.0002136 -2.64 0
0.000214 -2.56 0
0.0002144 -2.56 0
0.0002148 -2.4 0
0.0002152 -2.4 0.2
0.0002156 -2.32 0.2
0.000216 -2.24 0.4
0.0002164 -2.24 0.6
0.0002168 -2.08 0.6
0.0002172 -2 0.8
0.0002176 -1.92 0.8
0.000218 -1.92 1
0.0002184 -1.76 1
0.0002188 -1.76 1
0.0002192 -1.68 1.2
0.0002196 -1.6 1.2
0.00022 -1.44 1.6
0.0002204 -1.44 1.6
0.0002208 -1.36 1.6
0.0002212 -1.28 1.6
0.0002216 -1.12 1.6
0.000222 -1.12 1.8
0.0002224 -1.04 1.8
0.0002228 -0.96 2
0.0002232 -0.8 2.2
0.0002236 -0.8 2.2
0.000224 -0.72 2.4
0.0002244 -0.64 2.4
0.0002248 -0.48 2.4
0.0002252 -0.48 2.4
0.0002256 -0.4 2.6
0.000226 -0.32 2.6
0.0002264 -0.24 3
0.0002268 -0.16 2.8
0.0002272 0.08 3
0.0002276 0.16 3
0.000228 0.24 3.2
0.0002284 0.24 3.2
0.0002288 0.32 3.2
0.0002292 0.4 3.2
0.0002296 0.56 3.4
0.00023 0.56 3.6
0.0002304 0.72 3.4
0.0002308 0.72 3.6
0.0002312 0.88 3.8
0.0002316 0.88 4
0.000232 0.96 3.6
0.0002324 1.12 3.8
0.0002328 1.2 4
0.0002332 1.2 4
0.0002336 1.28 4.2
0.000234 1.36 4.2
0.0002344 1.44 4.2
0.0002348 1.52 4.2
0.0002352 1.6 4.2
0.0002356 1.68 4.4
0.000236 1.68 4.4
0.0002364 1.84 4.6
0.0002368 1.92 4.6
0.0002372 2 4.4
0.0002376 2.08 4.8
0.000238 2.16 4.8
0.0002384 2.16 4.8
0.0002388 2.24 4.6
0.0002392 2.32 4.8
0.0002396 2.48 5
0.00024 2.48 5
0.0002404 2.56 5
0.0002408 2.64 5
0.0002412 2.72 5.2
0.0002416 2.8 5.2
0.000242 2.88 5
0.0002424 2.88 5.2
0.0002428 2.88 5.2
0.0002432 2.96 5.2
0.0002436 3.04 5.2
0.000244 3.12 5.2
0.0002444 3.2 5.4
0.0002448 3.2 5.6
0.0002452 3.28 5.2
0.0002456 3.44 5.4
0.000246 3.44 5.2
0.0002464 3.44 5.4
0.0002468 3.52 5.4
0.0002472 3.6 5.2
0.0002476 3.6 5.4
0.000248 3.68 5.6
0.0002484 3.76 5.4
0.0002488 3.76 5.4
0.0002492 3.84 5.4
0.0002496 3.76 5.4
0.00025 3.84 5.4
0.0002504 3.92 5.2
0.0002508 4 5.4
0.0002512 4.08 5.6
0.0002516 4.08 5.4
0.000252 4.08 5.2
0.0002524 4.08 5.2
0.0002528 4.16 5.2
0.0002532 4.16 5.4
0.0002536 4.24 5.2
0.000254 4.24 5.2
0.0002544 4.24 5.2
0.0002548 4.24 5.2
0.0002552 4.32 5.2
0.0002556 4.4 5
0.000256 4.4 5
0.0002564 4.48 5.4
0.0002568 4.48 5
0.0002572 4.48 4.8
0.0002576 4.48 5
0.000258 4.48 5
0.0002584 4.56 4.8
0.0002588 4.48 4.6
0.0002592 4.48 4.8
0.0002596 4.56 4.8
0.00026 4.56 4.8
0.0002604 4.56 4.6
0.0002608 4.56 4.4
0.0002612 4.56 4.6
0.0002616 4.56 4.4
0.000262 4.56 4.4
0.0002624 4.56 4.4
0.0002628 4.56 4.2
0.0002632 4.56 4.2
0.0002636 4.56 4.2
0.000264 4.56 4
0.0002644 4.56 4
0.0002648 4.56 4
0.0002652 4.56 4
0.0002656 4.56 3.8
0.000266 4.56 3.8
0.0002664 4.48 3.8
0.0002668 4.48 3.6
0.0002672 4.48 3.4
0.0002676 4.4 3.4
0.000268 4.48 3.4
0.0002684 4.4 3.4
0.0002688 4.4 3.2
0.0002692 4.4 3.2
0.0002696 4.4 3.2
0.00027 4.32 3.2
0.0002704 4.32 3
0.0002708 4.32 2.8
0.0002712 4.24 2.8
0.0002716 4.16 2.6
0.000272 4.16 2.6
0.0002724 4.16 2.6
0.0002728 4.08 2.6
0.0002732 4.08 2.6
0.0002736 4.08 2.2
0.000274 4.08 2.4
0.0002744 3.92 2.2
0.0002748 3.92 2
0.0002752 3.84 1.8
0.0002756 3.84 1.8
0.000276 3.76 1.6
0.0002764 3.76 1.8
0.0002768 3.76 1.6
0.0002772 3.6 1.4
0.0002776 3.6 1.4
0.000278 3.52 1.4
0.0002784 3.52 1.2
0.0002788 3.44 1
0.0002792 3.44 1
0.0002796 3.28 1
0.00028 3.28 0.8
0.0002804 3.28 0.8
0.0002808 3.2 0.6
0.0002812 3.12 0.6
0.0002816 3.12 0.4
0.000282 2.96 0.4
0.0002824 2.96 0.2
0.0002828 2.88 0
0.0002832 2.8 0
0.0002836 2.8 0
0.000284 2.72 0
0.0002844 2.56 0
0.0002848 2.56 -0.4
0.0002852 2.48 -0.6
0.0002856 2.4 -0.8
0.000286 2.32 -0.8
0.0002864 2.24 -0.8
0.0002868 2.24 -1
0.0002872 2.16 -1.2
0.0002876 2.08 -1.4
0.000288 2 -1.2
0.0002884 1.92 -1.4
0.0002888 1.84 -1.6
0.0002892 1.68 -1.8
0.0002896 1.68 -1.6
0.00029 1.6 -1.8
0.0002904 1.6 -2
0.0002908 1.52 -2
0.0002912 1.36 -2
0.0002916 1.28 -2.2
0.000292 1.2 -2.4
0.0002924 1.2 -2.4
0.0002928 1.04 -2.4
0.0002932 0.96 -2.4
0.0002936 0.88 -2.6
0.000294 0.88 -2.8
0.0002944 0.72 -2.8
0.0002948 0.64 -3
0.0002952 0.56 -3
0.0002956 0.56 -3.2
0.000296 0.4 -3.2
0.0002964 0.32 -3.2
0.0002968 0.24 -3.4
0.0002972 0.16 -3.4
0.0002976 0.08 -3.6
0.000298 0 -3.6
0.0002984 -0.16 -3.6
0.0002988 -0.16 -3.8
0.0002992 -0.32 -4
0.0002996 -0.4 -3.8
0.0003 -0.48 -4
0.0003004 -0.48 -4.2
0.0003008 -0.64 -4.2
0.0003012 -0.64 -4.2
0.0003016 -0.8 -4.4
0.000302 -0.88 -4.4
0.0003024 -0.96 -4.6
0.0003028 -1.12 -4.6
0.0003032 -1.12 -4.6
0.0003036 -1.12 -4.6
0.000304 -1.28 -4.8
0.0003044 -1.36 -4.8
0.0003048 -1.44 -4.8
0.0003052 -1.52 -5
0.0003056 -1.6 -5
0.000306 -1.68 -5
0.0003064 -1.76 -5
0.0003068 -1.84 -5
0.0003072 -1.92 -5.4
0.0003076 -1.92 -5.4
0.000308 -2 -5.2
0.0003084 -2.08 -5.4
0.0003088 -2.24 -5.6
0.0003092 -2.24 -5.6
0.0003096 -2.32 -5.6
0.00031 -2.4 -5.6
0.0003104 -2.4 -5.8
0.0003108 -2.56 -5.8
0.0003112 -2.64 -5.6
0.0003116 -2.72 -5.8
0.000312 -2.72 -5.8
0.0003124 -2.72 -5.8
0.0003128 -2.88 -5.8
0.0003132 -2.96 -5.8
0.0003136 -3.04 -6
0.000314 -3.04 -6
0.0003144 -3.12 -5.8
0.0003148 -3.2 -5.8
0.0003152 -3.28 -6
0.0003156 -3.28 -6.2
0.000316 -3.36 -6.2
0.0003164 -3.44 -5.8
0.0003168 -3.52 -6
0.0003172 -3.6 -6.4
0.0003176 -3.6 -6.4
0.000318 -3.68 -6
0.0003184 -3.68 -6.2
0.0003188 -3.84 -6.2
0.0003192 -3.76 -6.2
0.0003196 -3.84 -6.2
0.00032 -3.92 -6.2
0.0003204 -3.92 -6.4
0.0003208 -4 -6.4
0.0003212 -4 -6
0.0003216 -4 -6
0.000322 -4.16 -6.2
0.0003224 -4.16 -6.2
0.0003228 -4.16 -6.2
0.0003232 -4.16 -6.2
0.0003236 -4.32 -6
0.000324 -4.32 -6
0.0003244 -4.32 -6.2
0.0003248 -4.4 -6
0.0003252 -4.32 -6
0.0003256 -4.4 -6.2
0.000326 -4.48 -6
0.0003264 -4.48 -5.8
0.0003268 -4.56 -5.8
0.0003272 -4.56 -6
0.0003276 -4.48 -6
0.000328 -4.56 -5.8
0.0003284 -4.64 -5.6
0.0003288 -4.64 -5.8
0.0003292 -4.64 -5.6
0.0003296 -4.64 -5.6
0.00033 -4.64 -5.6
0.0003304 -4.64 -5.8
0.0003308 -4.72 -5.6
0.0003312 -4.64 -5.6
0.0003316 -4.72 -5.4
0.000332 -4.72 -5.6
0.0003324 -4.64 -5.4
0.0003328 -4.72 -5.4
0.0003332 -4.72 -5.2
0.0003336 -4.72 -5.2
0.000334 -4.8 -5
0.0003344 -4.72 -5
0.0003348 -4.72 -4.8
0.0003352 -4.8 -5
0.0003356 -4.8 -5
0.000336 -4.72 -4.8
0.0003364 -4.64 -4.6
0.0003368 -4.8 -4.6
0.0003372 -4.64 -4.8
0.0003376 -4.64 -4.6
0.000338 -4.64 -4.4
0.0003384 -4.64 -4.2
0.0003388 -4.64 -4.6
0.0003392 -4.64 -4.2
0.0003396 -4.56 -4
0.00034 -4.56 -4
0.0003404 -4.56 -4.2
0.0003408 -4.56 -4
0.0003412 -4.48 -3.8
0.0003416 -4.48 -3.8
0.000342 -4.48 -3.8
0.0003424 -4.4 -3.6
0.0003428 -4.32 -3.6
0.0003432 -4.32 -3.4
0.0003436 -4.32 -3.4
0.000344 -4.32 -3.4
0.0003444 -4.24 -3.2
0.0003448 -4.24 -3.2
0.0003452 -4.24 -3
0.0003456 -4.16 -3
0.000346 -4.08 -3
0.0003464 -4 -2.6
0.0003468 -4 -2.6
0.0003472 -4 -2.6
0.0003476 -3.92 -2.6
0.000348 -3.84 -2.4
0.0003484 -3.84 -2.4
0.0003488 -3.76 -2.4
0.0003492 -3.76 -2.2
0.0003496 -3.68 -2
0.00035 -3.68 -1.8
0.0003504 -3.6 -2
0.0003508 -3.52 -1.8
0.0003512 -3.52 -1.6
0.0003516 -3.36 -1.6
0.000352 -3.36 -1.4
0.0003524 -3.28 -1.4
0.0003528 -3.28 -1.2
0.0003532 -3.2 -1.2
0.0003536 -3.12 -1
0.000354 -3.04 -1
0.0003544 -2.96 -0.8
0.0003548 -2.96 -0.8
0.0003552 -2.88 -0.8
0.0003556 -2.88 -0.8
0.000356 -2.72 -0.6
0.0003564 -2.64 -0.4
0.0003568 -2.64 0
0.0003572 -2.56 0
0.0003576 -2.4 0
0.000358 -2.4 0.2
0.0003584 -2.32 0.2
0.0003588 -2.24 0.2
0.0003592 -2.24 0.4
0.0003596 -2.08 0.8
0.00036 -2 0.8
0.0003604 -2 0.8
0.0003608 -1.92 0.8
0.0003612 -1.76 1
0.0003616 -1.76 1
0.000362 -1.68 1
0.0003624 -1.6 1.2
0.0003628 -1.52 1.4
0.0003632 -1.44 1.6
0.0003636 -1.44 1.6
0.000364 -1.28 1.8
0.0003644 -1.12 1.8
0.0003648 -1.12 2
0.0003652 -1.04 2
0.0003656 -0.96 1.8
0.000366 -0.96 2
0.0003664 -0.72 2.4
0.0003668 -0.72 2.4
0.0003672 -0.64 2.2
0.0003676 -0.56 2.4
0.000368 -0.4 2.8
0.0003684 -0.4 2.6
0.0003688 -0.32 2.6
0.0003692 -0.16 2.8
0.0003696 -0.16 3
0.00037 0 3
0.0003704 0.08 3
0.0003708 0.24 3
0.0003712 0.24 3.2
0.0003716 0.32 3.4
0.000372 0.4 3.4
0.0003724 0.56 3.4
0.0003728 0.56 3.4
0.0003732 0.64 3.6
0.0003736 0.72 3.6
0.000374 0.88 3.6
0.0003744 0.96 3.8
0.0003748 1.04 4
0.0003752 1.04 4
0.0003756 1.2 3.8
0.000376 1.2 4
0.0003764 1.28 4.2
0.0003768 1.36 4.2
0.0003772 1.52 4.2
0.0003776 1.52 4.2
0.000378 1.6 4.4
0.0003784 1.6 4.4
0.0003788 1.76 4.2
0.0003792 1.84 4.4
0.0003796 1.92 4.6
0.00038 2 4.8
0.0003804 2.08 4.4
0.0003808 2.08 4.6
0.0003812 2.16 5
0.0003816 2.32 5
0.000382 2.32 4.8
0.0003824 2.4 4.8
0.0003828 2.48 5
0.0003832 2.56 5
0.0003836 2.56 5
0.000384 2.64 5
0.0003844 2.8 5
0.0003848 2.8 5.2
0.0003852 2.88 5.2
0.0003856 2.96 5.2
0.000386 2.96 5.2
0.0003864 3.04 5.4
0.0003868 3.12 5.4
0.0003872 3.12 5.2
0.0003876 3.2 5.2
0.000388 3.28 5.4
0.0003884 3.36 5.4
0.0003888 3.44 5.2
0.0003892 3.44 5.2
0.0003896 3.52 5.4
0.00039 3.6 5.4
0.0003904 3.6 5.4
0.0003908 3.6 5.2
0.0003912 3.76 5.6
0.0003916 3.76 5.6
0.000392 3.76 5.4
0.0003924 3.84 5.4
0.0003928 3.84 5.4
0.0003932 3.92 5.4
0.0003936 3.92 5.4
0.000394 4.08 5.4
0.0003944 4.08 5.4
0.0003948 4.08 5.2
0.0003952 4.16 5.4
0.0003956 4.16 5.2
0.000396 4.16 5.2
0.0003964 4.16 5.4
0.0003968 4.24 5.4
0.0003972 4.24 5.2
0.0003976 4.32 5
0.000398 4.4 5.2
0.0003984 4.4 5.2
0.0003988 4.4 5
0.0003992 4.4 5
0.0003996 4.4 5.2
0.0004 4.4 5.2
0.0004004 4.48 4.8
0.0004008 4.48 4.8
0.0004012 4.56 5
0.0004016 4.48 4.8
0.000402 4.56 4.8
0.0004024 4.56 4.8
0.0004028 4.56 4.8
0.0004032 4.56 4.6
0.0004036 4.56 4.6
0.000404 4.56 4.6
0.0004044 4.56 4.4
0.0004048 4.56 4.4
0.0004052 4.56 4.4
0.0004056 4.56 4.2
0.000406 4.56 4.2
0.0004064 4.56 4.2
0.0004068 4.48 4.2
0.0004072 4.56 4
0.0004076 4.56 3.8
0.000408 4.56 4
0.0004084 4.48 4
0.0004088 4.56 3.6
0.0004092 4.56 3.6
0.0004096 4.48 3.6
0.00041 4.56 3.6
0.0004104 4.48 3.4
0.0004108 4.4 3.4
0.0004112 4.4 3.4
0.0004116 4.4 3.2
0.000412 4.4 3.2
0.0004124 4.32 3.2
0.0004128 4.4 3
0.0004132 4.24 3
0.0004136 4.32 2.8
0.000414 4.24 2.8
0.0004144 4.24 2.8
0.0004148 4.24 2.8
0.0004152 4.16 2.6
0.0004156 4.08 2.4
0.000416 4.08 2.4
0.0004164 4.08 2.4
0.0004168 4 2.4
0.0004172 3.92 2
0.0004176 3.92 2
0.000418 3.92 2
0.0004184 3.92 1.8
0.0004188 3.76 1.6
0.0004192 3.76 1.6
0.0004196 3.76 1.6
0.00042 3.68 1.6
0.0004204 3.6 1.2
0.0004208 3.52 1.2
0.0004212 3.52 1.2
0.0004216 3.44 1.2
0.000422 3.36 1
0.0004224 3.44 1
0.0004228 3.28 0.8
0.0004232 3.2 0.8
0.0004236 3.2 0.6
0.000424 3.12 0.4
0.0004244 3.04 0.4
0.0004248 2.96 0.4
0.0004252 2.96 0.2
0.0004256 2.8 0
0.000426 2.8 0
0.0004264 2.8 0
0.0004268 2.72 0
0.0004272 2.64 -0.6
0.0004276 2.56 -0.6
0.000428 2.56 -0.4
0.0004284 2.48 -0.6
0.0004288 2.32 -1
0.0004292 2.32 -1
0.0004296 2.16 -1
0.00043 2.16 -1
0.0004304 2.08 -1.2
0.0004308 1.92 -1.4
0.0004312 1.92 -1.4
0.0004316 1.84 -1.4
0.000432 1.68 -1.6
0.0004324 1.68 -1.8
0.0004328 1.6 -1.8
0.0004332 1.52 -2
0.0004336 1.44 -2
0.000434 1.36 -2
0.0004344 1.28 -2.2
0.0004348 1.2 -2.2
0.0004352 1.2 -2.4
0.0004356 1.04 -2.6
0.000436 0.96 -2.6
0.0004364 0.88 -2.6
0.0004368 0.88 -2.6
0.0004372 0.72 -3
0.0004376 0.72 -3
0.000438 0.64 -3
0.0004384 0.56 -3
0.0004388 0.4 -3.4
0.0004392 0.32 -3.4
0.0004396 0.24 -3.2
0.00044 0.16 -3.4
0.0004404 0.08 -3.8
0.0004408 0 -3.8
0.0004412 -0.16 -3.6
0.0004416 -0.16 -3.6
0.000442 -0.32 -4
0.0004424 -0.4 -4
0.0004428 -0.48 -4
0.0004432 -0.48 -4.2
0.0004436 -0.64 -4.2
0.000444 -0.64 -4.2
0.0004444 -0.8 -4.2
0.0004448 -0.8 -4.4
0.0004452 -0.96 -4.4
0.0004456 -1.04 -4.6
0.000446 -1.12 -4.8
0.0004464 -1.2 -4.6
0.0004468 -1.28 -4.6
0.0004472 -1.36 -4.8
0.0004476 -1.44 -5
0.000448 -1.44 -4.8
0.0004484 -1.6 -4.8
0.0004488 -1.6 -5.2
0.0004492 -1.68 -5
0.0004496 -1.76 -5
0.00045 -1.92 -5.2
0.0004504 -2 -5.4
0.0004508 -2.08 -5.4
0.0004512 -2.08 -5.4
0.0004516 -2.16 -5.6
0.000452 -2.24 -5.6
0.0004524 -2.32 -5.6
0.0004528 -2.4 -5.6
0.0004532 -2.4 -5.6
0.0004536 -2.56 -5.8
0.000454 -2.56 -5.6
0.0004544 -2.64 -5.6
0.0004548 -2.72 -5.8
0.0004552 -2.88 -5.8
0.0004556 -2.88 -6
0.000456 -2.96 -5.8
0.0004564 -2.96 -5.8
0.0004568 -3.04 -5.8
0.0004572 -3.12 -6
0.0004576 -3.2 -6
0.000458 -3.28 -5.8
0.0004584 -3.28 -6
0.0004588 -3.36 -6
0.0004592 -3.36 -6
0.0004596 -3.52 -6
0.00046 -3.52 -6
0.0004604 -3.6 -6.4
0.0004608 -3.68 -6.2
0.0004612 -3.68 -6.2
0.0004616 -3.68 -6
0.000462 -3.84 -6.4
0.0004624 -3.84 -6.2
0.0004628 -3.92 -6
0.0004632 -3.92 -6.2
0.0004636 -4 -6.2
0.000464 -4 -6.2
0.0004644 -4 -6.2
0.0004648 -4.16 -6.2
0.0004652 -4.16 -6.2
0.0004656 -4.24 -6.4
0.000466 -4.24 -6.2
0.0004664 -4.24 -6
0.0004668 -4.32 -6
0.0004672 -4.32 -6.2
0.0004676 -4.32 -6
0.000468 -4.32 -5.8
0.0004684 -4.48 -5.8
0.0004688 -4.48 -6
0.0004692 -4.48 -6
0.0004696 -4.48 -5.8
0.00047 -4.56 -5.8
0.0004704 -4.56 -6
0.0004708 -4.56 -6
0.0004712 -4.56 -5.8
0.0004716 -4.56 -5.8
0.000472 -4.64 -5.8
0.0004724 -4.64 -5.8
0.0004728 -4.64 -5.6
0.0004732 -4.72 -5.6
0.0004736 -4.72 -5.6
0.000474 -4.64 -5.6
0.0004744 -4.72 -5.6
0.0004748 -4.72 -5.4
0.0004752 -4.8 -5.6
0.0004756 -4.72 -5.4
0.000476 -4.8 -5.2
0.0004764 -4.64 -5
0.0004768 -4.72 -5
0.0004772 -4.8 -5.2
0.0004776 -4.8 -5.2
0.000478 -4.72 -4.8
0.0004784 -4.8 -4.8
0.0004788 -4.72 -5
0.0004792 -4.64 -4.6
0.0004796 -4.72 -4.6
0.00048 -4.64 -4.6
0.0004804 -4.64 -4.6
0.0004808 -4.64 -4.6
0.0004812 -4.64 -4.2
0.0004816 -4.56 -4.2
0.000482 -4.64 -4.2
0.0004824 -4.56 -4.2
0.0004828 -4.56 -4.2
0.0004832 -4.56 -4.2
0.0004836 -4.48 -4.2
0.000484 -4.56 -4
0.0004844 -4.48 -3.8
0.0004848 -4.48 -3.6
0.0004852 -4.4 -3.6
0.0004856 -4.4 -3.6
0.000486 -4.32 -3.4
0.0004864 -4.32 -3.4
0.0004868 -4.24 -3.2
0.0004872 -4.32 -3.4
0.0004876 -4.24 -3.2
0.000488 -4.16 -3
0.0004884 -4.16 -3
0.0004888 -4.08 -2.8
0.0004892 -4.16 -2.8
0.0004896 -4 -2.6
0.00049 -4 -2.6
0.0004904 -4 -2.6
0.0004908 -3.84 -2.6
0.0004912 -3.84 -2.2
0.0004916 -3.84 -2.2
0.000492 -3.68 -2.2
0.0004924 -3.68 -2
0.0004928 -3.68 -2
0.0004932 -3.6 -1.8
0.0004936 -3.6 -1.8
0.000494 -3.52 -1.6
0.0004944 -3.36 -1.6
0.0004948 -3.36 -1.4
0.0004952 -3.28 -1.4
0.0004956 -3.28 -1.2
0.000496 -3.2 -1.2
0.0004964 -3.12 -1
0.0004968 -3.04 -0.8
0.0004972 -2.96 -1
0.0004976 -2.96 -0.8
0.000498 -2.88 -0.6
0.0004984 -2.72 -0.4
0.0004988 -2.72 -0.6
0.0004992 -2.72 -0.4
0.0004996 -2.56 0
0.0005 -2.48 0
0.0005004 -2.48 0
0.0005008 -2.4 0.2
0.0005012 -2.4 0.2
0.0005016 -2.32 0.4
0.000502 -2.24 0.4
0.0005024 -2.08 0.4
0.0005028 -2.08 0.6
0.0005032 -2 0.8
0.0005036 -1.92 0.8
0.000504 -1.76 0.8
0.0005044 -1.68 1
0.0005048 -1.68 1.2
0.0005052 -1.6 1.2
0.0005056 -1.44 1.2
0.000506 -1.44 1.4
0.0005064 -1.36 1.6
0.0005068 -1.28 1.8
0.0005072 -1.28 1.8
0.0005076 -1.12 1.8
0.000508 -1.12 2
0.0005084 -0.96 2
0.0005088 -0.8 2
0.0005092 -0.8 2.2
0.0005096 -0.72 2.4
0.00051 -0.64 2.4
0.0005104 -0.48 2.4
0.0005108 -0.48 2.4
0.0005112 -0.4 2.6
0.0005116 -0.32 2.8
0.000512 -0.16 2.6
0.0005124 -0.16 2.8
0.0005128 0 3
0.0005132 0.08 3.2
0.0005136 0.24 3.2
0.000514 0.24 3.2
0.0005144 0.32 3.2
0.0005148 0.4 3.4
0.0005152 0.56 3.4
0.0005156 0.56 3.4
0.000516 0.64 3.4
0.0005164 0.72 3.6
0.0005168 0.8 3.8
0.0005172 0.88 3.8
0.0005176 0.96 3.8
0.000518 1.04 4
0.0005184 1.12 4
0.0005188 1.2 4
0.0005192 1.28 4.2
0.0005196 1.36 4.2
0.00052 1.52 4.2
0.0005204 1.52 4.2
0.0005208 1.6 4.2
0.0005212 1.6 4.4
0.0005216 1.76 4.4
0.000522 1.84 4.6
0.0005224 1.92 4.4
0.0005228 1.92 4.4
0.0005232 2 4.6
0.0005236 2.16 4.8
0.000524 2.16 4.6
0.0005244 2.24 4.8
0.0005248 2.32 4.8
0.0005252 2.32 5
0.0005256 2.48 4.8
0.000526 2.48 5
0.0005264 2.56 5.2
0.0005268 2.64 5.2
0.0005272 2.8 5.2
0.0005276 2.8 5
0.000528 2.88 5.2
0.0005284 2.96 5.2
0.0005288 2.96 5.2
0.0005292 3.04 5.2
0.0005296 3.12 5.4
0.00053 3.12 5.2
0.0005304 3.28 5.2
0.0005308 3.28 5.4
0.0005312 3.36 5.4
0.0005316 3.44 5.4
0.000532 3.44 5.4
0.0005324 3.52 5.4
0.0005328 3.52 5.4
0.0005332 3.6 5.4
0.0005336 3.6 5.4
0.000534 3.68 5.2
0.0005344 3.76 5.4
0.0005348 3.84 5.6
0.0005352 3.84 5.4
0.0005356 3.84 5.2
0.000536 3.92 5.4
0.0005364 3.92 5.4
0.0005368 4.08 5.4
0.0005372 4.08 5.4
0.0005376 4.08 5.2
0.000538 4.16 5.4
0.0005384 4.16 5.2
0.0005388 4.16 5.2
0.0005392 4.16 5.2
0.0005396 4.16 5.4
0.00054 4.24 5.4
0.0005404 4.24 5
0.0005408 4.4 5
0.0005412 4.4 5.2
0.0005416 4.4 5.2
0.000542 4.4 5
0.0005424 4.48 5
0.0005428 4.48 5
0.0005432 4.48 5
0.0005436 4.48 5
0.000544 4.48 4.8
0.0005444 4.48 4.8
0.0005448 4.56 5
0.0005452 4.56 4.8
0.0005456 4.56 4.4
0.000546 4.56 4.6
0.0005464 4.56 4.8
0.0005468 4.56 4.6
0.0005472 4.56 4.4
0.0005476 4.56 4.2
0.000548 4.64 4.4
0.0005484 4.56 4.2
0.0005488 4.56 4.2
0.0005492 4.56 4.2
0.0005496 4.56 4
0.00055 4.64 4
0.0005504 4.56 4
0.0005508 4.56 4
0.0005512 4.56 4
0.0005516 4.56 3.8
0.000552 4.48 3.8
0.0005524 4.48 3.6
0.0005528 4.48 3.6
0.0005532 4.48 3.4
0.0005536 4.48 3.4
0.000554 4.48 3.4
0.0005544 4.4 3.4
0.0005548 4.4 3.2
0.0005552 4.4 3.2
0.0005556 4.32 3
0.000556 4.32 3
0.0005564 4.24 3
0.0005568 4.24 3
0.0005572 4.24 2.6
0.0005576 4.16 2.6
0.000558 4.16 2.6
0.0005584 4.16 2.6
0.0005588 4.08 2.4
0.0005592 4.08 2.4
0.0005596 4 2.2
0.00056 4 2.2
0.0005604 3.92 2
0.0005608 3.92 1.8
0.0005612 3.84 2
0.0005616 3.76 1.8
0.000562 3.76 1.8
0.0005624 3.68 1.6
0.0005628 3.68 1.6
0.0005632 3.6 1.4
0.0005636 3.52 1.2
0.000564 3.44 1.2
0.0005644 3.44 1
0.0005648 3.44 1
0.0005652 3.44 0.8
0.0005656 3.28 0.8
0.000566 3.28 0.8
0.0005664 3.2 0.6
0.0005668 3.2 0.6
0.0005672 3.12 0.4
0.0005676 2.96 0.2
0.000568 2.88 0.2
0.0005684 2.88 0.2
0.0005688 2.8 -0.4
0.0005692 2.8 0
0.0005696 2.64 0
0.00057 2.64 -0.6
0.0005704 2.56 -0.6
0.0005708 2.48 -0.6
0.0005712 2.4 -0.6
0.0005716 2.4 -0.8
0.000572 2.24 -0.8
0.0005724 2.16 -1
0.0005728 2.16 -1
0.0005732 2.08 -1.2
0.0005736 2 -1.4
0.000574 1.92 -1.4
0.0005744 1.84 -1.4
0.0005748 1.84 -1.6
0.0005752 1.68 -1.6
0.0005756 1.6 -2
0.000576 1.6 -1.8
0.0005764 1.52 -2
0.0005768 1.36 -2
0.0005772 1.36 -2.2
0.0005776 1.28 -2.4
0.000578 1.2 -2.4
0.0005784 1.04 -2.4
0.0005788 0.96 -2.6
0.0005792 0.96 -2.8
0.0005796 0.88 -2.8
0.00058 0.72 -2.8
0.0005804 0.72 -3
0.0005808 0.56 -3
0.0005812 0.56 -3
0.0005816 0.48 -3.2
0.000582 0.32 -3.4
0.0005824 0.32 -3.4
0.0005828 0.16 -3.4
0.0005832 0.08 -3.4
0.0005836 0 -3.8
0.000584 0 -3.8
0.0005844 -0.16 -3.8
0.0005848 -0.24 -4
0.0005852 -0.4 -4
0.0005856 -0.4 -4
0.000586 -0.48 -4.2
0.0005864 -0.64 -4
0.0005868 -0.72 -4.2
0.0005872 -0.8 -4.2
0.0005876 -0.8 -4.6
0.000588 -0.88 -4.4
0.0005884 -1.04 -4.6
0.0005888 -1.12 -4.6
0.0005892 -1.12 -4.6
0.0005896 -1.2 -4.8
0.00059 -1.28 -4.8
0.0005904 -1.44 -5
0.0005908 -1.44 -5
0.0005912 -1.52 -5
0.0005916 -1.6 -5
0.000592 -1.76 -5.2
0.0005924 -1.76 -5.2
0.0005928 -1.92 -5.2
0.0005932 -1.92 -5.4
0.0005936 -2 -5.4
0.000594 -2.08 -5.4
0.0005944 -2.24 -5.4
0.0005948 -2.24 -5.4
0.0005952 -2.24 -5.6
0.0005956 -2.4 -5.6
0.000596 -2.4 -5.8
0.0005964 -2.56 -5.6
0.0005968 -2.64 -5.8
0.0005972 -2.64 -5.8
0.0005976 -2.72 -5.8
0.000598 -2.8 -5.8
0.0005984 -2.88 -5.8
0.0005988 -2.96 -5.8
0.0005992 -3.04 -5.8
0.0005996 -3.04 -5.8
0.0006 -3.04 -5.8
0.0006004 -3.2 -6
0.0006008 -3.28 -6
0.0006012 -3.28 -6
0.0006016 -3.36 -6
0.000602 -3.36 -6.2
0.0006024 -3.52 -6.2
0.0006028 -3.52 -6
0.0006032 -3.6 -6.2
0.0006036 -3.6 -6.2
0.000604 -3.68 -6.2
0.0006044 -3.68 -6.2
0.0006048 -3.68 -6.2
0.0006052 -3.84 -6
0.0006056 -3.92 -6.4
0.000606 -3.92 -6.2
0.0006064 -4 -6.2
0.0006068 -4 -6.2
0.0006072 -4.08 -6.2
0.0006076 -4.08 -6.2
0.000608 -4.16 -6.2
0.0006084 -4.16 -6
0.0006088 -4.24 -6.2
0.0006092 -4.24 -6.2
0.0006096 -4.32 -6.2
0.00061 -4.32 -6
0.0006104 -4.32 -6
0.0006108 -4.4 -6.2
0.0006112 -4.4 -5.8
0.0006116 -4.4 -6
0.000612 -4.48 -5.8
0.0006124 -4.56 -6
0.0006128 -4.48 -5.8
0.0006132 -4.56 -6
0.0006136 -4.56 -5.8
0.000614 -4.56 -5.8
0.0006144 -4.64 -5.8
0.0006148 -4.64 -5.6
0.0006152 -4.64 -5.6
0.0006156 -4.64 -5.6
0.000616 -4.64 -5.6
0.0006164 -4.64 -5.6
0.0006168 -4.64 -5.4
0.0006172 -4.72 -5.6
0.0006176 -4.8 -5.6
0.000618 -4.8 -5.4
0.0006184 -4.8 -5.2
0.0006188 -4.8 -5.4
0.0006192 -4.64 -5.2
0.0006196 -4.8 -5
0.00062 -4.64 -5
0.0006204 -4.8 -5
0.0006208 -4.72 -5
0.0006212 -4.72 -4.8
0.0006216 -4.64 -5
0.000622 -4.72 -4.8
0.0006224 -4.64 -4.8
0.0006228 -4.72 -4.6
0.0006232 -4.64 -4.6
0.0006236 -4.64 -4.6
0.000624 -4.64 -4.4
0.0006244 -4.64 -4.4
0.0006248 -4.64 -4.2
0.0006252 -4.64 -4.2
0.0006256 -4.56 -4.2
0.000626 -4.56 -4
0.0006264 -4.56 -4
0.0006268 -4.48 -3.8
0.0006272 -4.48 -3.8
0.0006276 -4.48 -3.8
0.000628 -4.48 -3.8
0.0006284 -4.4 -3.6
0.0006288 -4.4 -3.4
0.0006292 -4.32 -3.4
0.0006296 -4.32 -3.2
0.00063 -4.32 -3.2
0.0006304 -4.16 -3.2
0.0006308 -4.16 -3.2
0.0006312 -4.16 -3
0.0006316 -4.16 -3
0.000632 -4.08 -2.8
0.0006324 -4 -2.8
0.0006328 -4 -2.6
0.0006332 -4 -2.6
0.0006336 -3.92 -2.4
0.000634 -3.84 -2.4
0.0006344 -3.84 -2.4
0.0006348 -3.68 -2.2
0.0006352 -3.68 -2
0.0006356 -3.6 -2.2
0.000636 -3.6 -1.8
0.0006364 -3.52 -1.8
0.0006368 -3.52 -1.6
0.0006372 -3.52 -1.6
0.0006376 -3.36 -1.4
0.000638 -3.36 -1.4
0.0006384 -3.28 -1.4
0.0006388 -3.2 -1.2
0.0006392 -3.2 -1.2
0.0006396 -3.04 -1
0.00064 -3.04 -0.8
0.0006404 -2.96 -0.8
0.0006408 -2.88 -0.6
0.0006412 -2.8 -0.6
0.0006416 -2.72 -0.6
0.000642 -2.72 -0.4
0.0006424 -2.64 -0.4
0.0006428 -2.56 0
0.0006432 -2.56 0
0.0006436 -2.4 0.2
0.000644 -2.32 0
0.0006444 -2.32 0.4
0.0006448 -2.24 0.4
0.0006452 -2.16 0.6
0.0006456 -2.08 0.4
0.000646 -2 0.8
0.0006464 -1.92 1
0.0006468 -1.84 1
0.0006472 -1.76 1
0.0006476 -1.76 1
0.000648 -1.6 1.2
0.0006484 -1.44 1.6
0.0006488 -1.44 1.4
0.0006492 -1.36 1.4
0.0006496 -1.28 1.6
0.00065 -1.28 1.6
0.0006504 -1.12 1.8
0.0006508 -1.04 1.8
0.0006512 -0.96 2
0.0006516 -0.8 2.2
0.000652 -0.8 2.2
0.0006524 -0.72 2.2
0.0006528 -0.64 2.4
0.0006532 -0.64 2.4
0.0006536 -0.48 2.6
0.000654 -0.48 2.6
0.0006544 -0.32 2.8
0.0006548 -0.16 2.8
0.0006552 -0.16 2.8
0.0006556 0 2.8
0.000656 0.08 3
0.0006564 0.16 3.2
0.0006568 0.24 3.4
0.0006572 0.32 3.4
0.0006576 0.4 3.4
0.000658 0.56 3.4
0.0006584 0.56 3.6
0.0006588 0.64 3.6
0.0006592 0.72 3.6
0.0006596 0.8 3.6
0.00066 0.88 3.8
0.0006604 0.96 4
0.0006608 1.04 3.8
0.0006612 1.2 4
0.0006616 1.2 4
0.000662 1.2 4
0.0006624 1.36 4
0.0006628 1.44 4.2
0.0006632 1.52 4.4
0.0006636 1.6 4.2
0.000664 1.68 4.4
0.0006644 1.68 4.4
0.0006648 1.84 4.4
0.0006652 1.84 4.6
0.0006656 1.92 4.6
0.000666 2 4.6
0.0006664 2.16 4.6
0.0006668 2.16 4.8
0.0006672 2.24 4.8
0.0006676 2.24 4.8
0.000668 2.4 4.8
0.0006684 2.48 5
0.0006688 2.48 5
0.0006692 2.56 5
0.0006696 2.64 5.2
0.00067 2.8 5.2
0.0006704 2.8 5.2
0.0006708 2.8 5.2
0.0006712 2.88 5.2
0.0006716 2.96 5.2
0.000672 2.96 5.2
0.0006724 3.12 5.2
0.0006728 3.2 5.4
0.0006732 3.2 5.2
0.0006736 3.28 5.2
0.000674 3.28 5.4
0.0006744 3.44 5.4
0.0006748 3.44 5.4
0.0006752 3.44 5.6
0.0006756 3.52 5.4
0.000676 3.6 5.2
0.0006764 3.68 5.4
0.0006768 3.76 5.4
0.0006772 3.76 5.4
0.0006776 3.76 5.2
0.000678 3.76 5.4
0.0006784 3.84 5.4
0.0006788 3.92 5.4
0.0006792 3.92 5.4
0.0006796 4.08 5.4
0.00068 4.08 5.4
0.0006804 4.08 5.4
0.0006808 4.16 5.4
0.0006812 4.16 5.4
0.0006816 4.16 5.6
0.000682 4.16 5.2
0.0006824 4.24 5.2
0.0006828 4.24 5.2
0.0006832 4.24 5
0.0006836 4.4 5.2
0.000684 4.4 5
0.0006844 4.4 5.2
0.0006848 4.4 5.2
0.0006852 4.4 5.2
0.0006856 4.4 5
0.000686 4.4 5
0.0006864 4.56 5
0.0006868 4.48 5.2
0.0006872 4.48 5
0.0006876 4.48 4.8
0.000688 4.56 4.8
0.0006884 4.56 4.6
0.0006888 4.56 4.8
0.0006892 4.56 4.8
0.0006896 4.56 4.6
0.00069 4.56 4.6
0.0006904 4.56 4.6
0.0006908 4.56 4.4
0.0006912 4.56 4.2
0.0006916 4.56 4.2
0.000692 4.56 4.2
0.0006924 4.56 4.2
0.0006928 4.56 4
0.0006932 4.56 4
0.0006936 4.56 4
0.000694 4.56 4
0.0006944 4.56 4
0.0006948 4.48 3.8
0.0006952 4.48 3.8
0.0006956 4.56 3.6
0.000696 4.48 3.4
0.0006964 4.48 3.4
0.0006968 4.48 3.4
0.0006972 4.4 3.4
0.0006976 4.4 3.2
0.000698 4.4 3.2
0.0006984 4.32 3.2
0.0006988 4.4 3
0.0006992 4.32 3
0.0006996 4.24 2.8
0.0007 4.24 2.8
0.0007004 4.16 2.6
0.0007008 4.16 2.6
0.0007012 4.16 2.4
0.0007016 4.08 2.4
0.000702 4.08 2.2
0.0007024 4.08 2.4
0.0007028 4 2
0.0007032 3.92 2
0.0007036 3.92 2
0.000704 3.84 1.8
0.0007044 3.76 1.8
0.0007048 3.76 1.8
0.0007052 3.76 1.6
0.0007056 3.6 1.6
0.000706 3.68 1.4
0.0007064 3.6 1.4
0.0007068 3.52 1.2
0.0007072 3.52 1.2
0.0007076 3.44 1
0.000708 3.36 0.8
0.0007084 3.28 0.8
0.0007088 3.28 0.8
0.0007092 3.2 0.6
0.0007096 3.12 0.6
0.00071 3.12 0.4
0.0007104 3.04 0.4
0.0007108 2.96 0.2
0.0007112 2.88 0.2
0.0007116 2.88 0
0.000712 2.8 0
0.0007124 2.64 -0.4
0.0007128 2.64 -0.4
0.0007132 2.56 -0.4
0.0007136 2.48 -0.6
0.000714 2.48 -0.8
0.0007144 2.32 -0.8
0.0007148 2.32 -0.8
0.0007152 2.24 -1
0.0007156 2.16 -1
0.000716 2.16 -1
0.0007164 2.08 -1.4
0.0007168 1.92 -1.4
0.0007172 1.92 -1.6
0.0007176 1.84 -1.6
0.000718 1.68 -1.8
0.0007184 1.68 -1.8
0.0007188 1.52 -1.8
0.0007192 1.52 -2
0.0007196 1.36 -2
0.00072 1.36 -2.2
0.0007204 1.28 -2.4
0.0007208 1.2 -2.4
0.0007212 1.12 -2.6
0.0007216 1.04 -2.6
0.000722 0.96 -2.6
0.0007224 0.88 -2.8
0.0007228 0.72 -2.8
0.0007232 0.72 -3
0.0007236 0.64 -3
0.000724 0.56 -3
0.0007244 0.4 -3.2
0.0007248 0.32 -3.4
0.0007252 0.32 -3.4
0.0007256 0.24 -3.4
0.000726 0.08 -3.6
0.0007264 0.08 -3.4
0.0007268 0 -3.6
0.0007272 -0.16 -3.6
0.0007276 -0.32 -3.8
0.000728 -0.32 -4
0.0007284 -0.4 -4
0.0007288 -0.48 -4
0.0007292 -0.64 -4.2
0.0007296 -0.64 -4.2
0.00073 -0.8 -4.4
0.0007304 -0.8 -4.4
0.0007308 -0.96 -4.4
0.0007312 -1.04 -4.6
0.0007316 -1.12 -4.6
0.000732 -1.12 -4.6
0.0007324 -1.2 -4.8
0.0007328 -1.36 -4.8
0.0007332 -1.44 -4.8
0.0007336 -1.44 -5
0.000734 -1.6 -5
0.0007344 -1.6 -5
0.0007348 -1.76 -5
0.0007352 -1.76 -5
0.0007356 -1.92 -5.2
0.000736 -2 -5.4
0.0007364 -2 -5.4
0.0007368 -2 -5.4
0.0007372 -2.16 -5.4
0.0007376 -2.24 -5.6
0.000738 -2.24 -5.6
0.0007384 -2.4 -5.6
0.0007388 -2.4 -5.6
0.0007392 -2.48 -5.6
0.0007396 -2.56 -5.8
0.00074 -2.64 -5.8
0.0007404 -2.72 -5.6
0.0007408 -2.72 -5.8
0.0007412 -2.88 -5.8
0.0007416 -2.88 -5.8
0.000742 -2.96 -5.8
0.0007424 -3.04 -6
0.0007428 -3.04 -6
0.0007432 -3.2 -6
0.0007436 -3.28 -6.2
0.000744 -3.28 -6
0.0007444 -3.36 -6
0.0007448 -3.36 -6.2
0.0007452 -3.52 -6.2
0.0007456 -3.52 -6.2
0.000746 -3.6 -6.2
0.0007464 -3.68 -6.2
0.0007468 -3.68 -6.2
0.0007472 -3.68 -6
0.0007476 -3.84 -6.4
0.000748 -3.84 -6.4
0.0007484 -3.92 -6.2
0.0007488 -3.92 -6.2
0.0007492 -3.92 -6.2
0.0007496 -4 -6.2
0.00075 -4 -6.2
0.0007504 -4 -6.2
0.0007508 -4.16 -6.2
0.0007512 -4.16 -6.2
0.0007516 -4.24 -6.2
0.000752 -4.24 -6
0.0007524 -4.32 -6.2
0.0007528 -4.32 -6
0.0007532 -4.32 -6
0.0007536 -4.4 -6
0.000754 -4.4 -6
0.0007544 -4.48 -6
0.0007548 -4.48 -5.8
0.0007552 -4.48 -6
0.0007556 -4.56 -5.8
0.000756 -4.56 -5.8
0.0007564 -4.56 -5.8
0.0007568 -4.56 -5.8
0.0007572 -4.64 -5.6
0.0007576 -4.64 -5.8
0.000758 -4.64 -5.8
0.0007584 -4.64 -5.6
0.0007588 -4.64 -5.6
0.0007592 -4.72 -5.6
0.0007596 -4.64 -5.6
0.00076 -4.64 -5.4
0.0007604 -4.72 -5.6
0.0007608 -4.72 -5.4
0.0007612 -4.72 -5.4
0.0007616 -4.8 -5.4
0.000762 -4.8 -5.2
0.0007624 -4.72 -5.2
0.0007628 -4.64 -5
0.0007632 -4.8 -5
0.0007636 -4.72 -5
0.000764 -4.8 -5
0.0007644 -4.72 -4.8
0.0007648 -4.8 -4.8
0.0007652 -4.64 -4.8
0.0007656 -4.72 -4.8
0.000766 -4.72 -4.6
0.0007664 -4.64 -4.6
0.0007668 -4.64 -4.4
0.0007672 -4.64 -4.4
0.0007676 -4.64 -4.2
0.000768 -4.64 -4.4
0.0007684 -4.56 -4.2
0.0007688 -4.56 -4
0.0007692 -4.56 -4
0.0007696 -4.56 -4
0.00077 -4.48 -4
0.0007704 -4.48 -3.8
0.0007708 -4.4 -3.8
0.0007712 -4.48 -3.6
0.0007716 -4.4 -3.6
0.000772 -4.4 -3.4
0.0007724 -4.32 -3.4
0.0007728 -4.24 -3.2
0.0007732 -4.24 -3.2
0.0007736 -4.16 -3.2
0.000774 -4.16 -3
0.0007744 -4.16 -3
0.0007748 -4.08 -2.8
0.0007752 -4 -2.6
0.0007756 -4 -2.6
0.000776 -3.92 -2.6
0.0007764 -3.92 -2.6
0.0007768 -3.84 -2.4
0.0007772 -3.76 -2.2
0.0007776 -3.84 -2.2
0.000778 -3.68 -2.2
0.0007784 -3.6 -2
0.0007788 -3.6 -1.8
0.0007792 -3.6 -1.8
0.0007796 -3.52 -1.6
0.00078 -3.52 -1.6
0.0007804 -3.36 -1.4
0.0007808 -3.28 -1.4
0.0007812 -3.2 -1.4
0.0007816 -3.2 -1.4
0.000782 -3.2 -1
0.0007824 -3.04 -1
0.0007828 -3.04 -0.8
0.0007832 -2.96 -0.8
0.0007836 -2.88 -0.8
0.000784 -2.88 -0.6
0.0007844 -2.72 -0.6
0.0007848 -2.64 -0.4
0.0007852 -2.64 0
0.0007856 -2.56 -0.4
0.000786 -2.56 0
0.0007864 -2.4 0
0.0007868 -2.4 0.2
0.0007872 -2.32 0.4
0.0007876 -2.24 0.4
0.000788 -2.08 0.4
0.0007884 -2.08 0.6
0.0007888 -2 0.8
0.0007892 -1.92 0.8
0.0007896 -1.84 0.8
0.00079 -1.76 1
0.0007904 -1.68 1.2
0.0007908 -1.6 1.2
0.0007912 -1.44 1.2
0.0007916 -1.44 1.4
0.000792 -1.44 1.6
0.0007924 -1.36 1.6
0.0007928 -1.28 1.6
0.0007932 -1.12 1.8
0.0007936 -1.04 1.8
0.000794 -1.04 2
0.0007944 -0.96 2.2
0.0007948 -0.8 2.2
0.0007952 -0.72 2.2
0.0007956 -0.64 2.4
0.000796 -0.48 2.4
0.0007964 -0.48 2.6
0.0007968 -0.48 2.6
0.0007972 -0.4 2.8
0.0007976 -0.32 2.6
0.000798 -0.16 2.8
0.0007984 -0.16 2.8
0.0007988 0.08 3.2
0.0007992 0.16 3.2
0.0007996 0.24 3.2
0.0008 0.24 3.2
0.0008004 0.4 3.4
0.0008008 0.48 3.4
0.0008012 0.56 3.4
0.0008016 0.64 3.4
0.000802 0.72 3.6
0.0008024 0.8 3.6
0.0008028 0.88 3.8
0.0008032 0.96 3.8
0.0008036 1.04 4
0.000804 1.12 4
0.0008044 1.2 4
0.0008048 1.28 4
0.0008052 1.36 4.2
0.0008056 1.36 4.2
0.000806 1.52 4.2
0.0008064 1.52 4.2
0.0008068 1.68 4.4
0.0008072 1.68 4.4
0.0008076 1.84 4.4
0.000808 1.84 4.4
0.0008084 1.92 4.6
0.0008088 2 4.8
0.0008092 2.08 4.8
0.0008096 2.16 4.8
0.00081 2.24 4.8
0.0008104 2.32 4.8
0.0008108 2.48 4.8
0.0008112 2.48 5
0.0008116 2.48 5
0.000812 2.56 5
0.0008124 2.64 5.2
0.0008128 2.72 5.2
0.0008132 2.8 5
0.0008136 2.88 5
0.000814 2.88 5
0.0008144 2.96 5.2
0.0008148 3.04 5.2
0.0008152 3.12 5
0.0008156 3.12 5.2
0.000816 3.2 5.2
0.0008164 3.2 5.2
0.0008168 3.28 5.2
0.0008172 3.44 5.6
0.0008176 3.44 5.4
0.000818 3.44 5.2
0.0008184 3.52 5.4
0.0008188 3.6 5.4
0.0008192 3.68 5.6
0.0008196 3.76 5.2
0.00082 3.76 5.4
0.0008204 3.76 5.2
0.0008208 3.84 5.6
0.0008212 3.92 5.2
0.0008216 3.92 5.4
0.000822 3.92 5.6
0.0008224 4.08 5.4
0.0008228 4.08 5.4
0.0008232 4.08 5.4
0.0008236 4.08 5.4
0.000824 4.16 5.2
0.0008244 4.16 5.2
0.0008248 4.24 5.2
0.0008252 4.24 5.4
0.0008256 4.24 5.4
0.000826 4.32 5.2
0.0008264 4.32 5.2
0.0008268 4.32 5
0.0008272 4.4 5.2
0.0008276 4.4 5.2
0.000828 4.4 5.2
0.0008284 4.4 5
0.0008288 4.48 5
0.0008292 4.48 5
0.0008296 4.48 5
0.00083 4.56 4.8
0.0008304 4.56 4.8
0.0008308 4.56 4.8
0.0008312 4.56 4.6
0.0008316 4.56 4.6
0.000832 4.64 4.6
0.0008324 4.56 4.4
0.0008328 4.56 4.6
0.0008332 4.56 4.4
0.0008336 4.56 4.4
0.000834 4.56 4.4
0.0008344 4.56 4.2
0.0008348 4.56 4.2
0.0008352 4.56 4.2
0.0008356 4.56 4
0.000836 4.48 4
0.0008364 4.56 4
0.0008368 4.56 3.8
0.0008372 4.56 4
0.0008376 4.48 3.8
0.000838 4.48 3.6
0.0008384 4.48 3.4
0.0008388 4.48 3.6
0.0008392 4.48 3.6
0.0008396 4.4 3.2
0.00084 4.4 3.2
0.0008404 4.4 3.2
0.0008408 4.32 3.2
0.0008412 4.32 3
0.0008416 4.4 2.8
0.000842 4.24 3
0.0008424 4.24 3
0.0008428 4.24 2.8
0.0008432 4.16 2.6
0.0008436 4.16 2.6
0.000844 4.16 2.6
0.0008444 4.08 2.6
0.0008448 4.08 2.4
0.0008452 4.08 2.2
0.0008456 4 2.2
0.000846 3.92 2
0.0008464 3.84 2
0.0008468 3.84 1.8
0.0008472 3.76 2
0.0008476 3.76 1.6
0.000848 3.76 1.6
0.0008484 3.6 1.4
0.0008488 3.6 1.6
0.0008492 3.6 1.4
0.0008496 3.52 1.2
0.00085 3.44 1
0.0008504 3.44 1.2
0.0008508 3.44 1
0.0008512 3.36 0.8
0.0008516 3.28 0.8
0.000852 3.2 0.8
0.0008524 3.12 0.6
0.0008528 3.12 0.4
0.0008532 2.96 0.2
0.0008536 2.96 0.2
0.000854 2.88 0.2
0.0008544 2.88 0.2
0.0008548 2.72 0
0.0008552 2.72 0
0.0008556 2.64 0
0.000856 2.56 -0.6
0.0008564 2.48 -0.6
0.0008568 2.48 -0.6
0.0008572 2.4 -0.6
0.0008576 2.32 -1
0.000858 2.24 -1
0.0008584 2.16 -1.2
0.0008588 2.16 -1
0.0008592 2 -1.2
0.0008596 1.92 -1.4
0.00086 1.92 -1.6
0.0008604 1.84 -1.6
0.0008608 1.68 -1.6
0.0008612 1.6 -1.8
0.0008616 1.6 -2
0.000862 1.52 -1.8
0.0008624 1.44 -2
0.0008628 1.36 -2.2
0.0008632 1.28 -2.2
0.0008636 1.2 -2.4
0.000864 1.04 -2.6
0.0008644 1.04 -2.6
0.0008648 0.96 -2.6
0.0008652 0.88 -2.8
0.0008656 0.8 -2.8
0.000866 0.72 -2.8
0.0008664 0.64 -3
0.0008668 0.56 -3.2
0.0008672 0.48 -3
0.0008676 0.4 -3.2
0.000868 0.32 -3.4
0.0008684 0.24 -3.4
0.0008688 0.16 -3.4
0.0008692 0.08 -3.6
0.0008696 0 -3.8
0.00087 -0.16 -3.8
0.0008704 -0.24 -3.8
0.0008708 -0.32 -4
0.0008712 -0.48 -4.2
0.0008716 -0.48 -4.2
0.000872 -0.56 -4
0.0008724 -0.64 -4.2
0.0008728 -0.72 -4.4
0.0008732 -0.8 -4.4
0.0008736 -0.96 -4.6
0.000874 -0.96 -4.4
0.0008744 -1.04 -4.6
0.0008748 -1.12 -4.8
0.0008752 -1.2 -4.6
0.0008756 -1.36 -4.8
0.000876 -1.36 -4.8
0.0008764 -1.44 -5
0.0008768 -1.52 -5
0.0008772 -1.6 -5
0.0008776 -1.68 -5
0.000878 -1.76 -5.4
0.0008784 -1.84 -5.4
0.0008788 -1.92 -5.4
0.0008792 -2 -5.4
0.0008796 -2.08 -5.4
0.00088 -2.08 -5.4
0.0008804 -2.24 -5.4
0.0008808 -2.32 -5.4
0.0008812 -2.4 -5.6
0.0008816 -2.4 -5.6
0.000882 -2.56 -5.6
0.0008824 -2.56 -5.6
0.0008828 -2.64 -5.8
0.0008832 -2.72 -5.8
0.0008836 -2.72 -5.8
0.000884 -2.88 -5.8
0.0008844 -2.88 -5.8
0.0008848 -2.96 -5.8
0.0008852 -3.04 -6
0.0008856 -3.04 -5.8
0.000886 -3.2 -6
0.0008864 -3.28 -6.2
0.0008868 -3.28 -6
0.0008872 -3.28 -6
0.0008876 -3.36 -6
0.000888 -3.44 -6
0.0008884 -3.52 -6.2
0.0008888 -3.6 -6
0.0008892 -3.6 -6
0.0008896 -3.68 -6.2
0.00089 -3.68 -6.2
0.0008904 -3.76 -6
0.0008908 -3.84 -6.2
0.0008912 -3.84 -6.4
0.0008916 -3.92 -6.2
0.000892 -3.92 -6
0.0008924 -4 -6
0.0008928 -4 -6.2
0.0008932 -4.16 -6.2
0.0008936 -4.16 -6.2
0.000894 -4.16 -6.2
0.0008944 -4.24 -6
0.0008948 -4.24 -6.2
0.0008952 -4.32 -6.2
0.0008956 -4.32 -6
0.000896 -4.32 -6.2
0.0008964 -4.32 -6.2
0.0008968 -4.4 -5.8
0.0008972 -4.48 -5.8
0.0008976 -4.48 -5.8
0.000898 -4.48 -6
0.0008984 -4.56 -6
0.0008988 -4.56 -5.8
0.0008992 -4.56 -5.8
0.0008996 -4.56 -5.8
0.0009 -4.64 -5.8
0.0009004 -4.64 -5.6
0.0009008 -4.64 -5.6
0.0009012 -4.64 -5.8
0.0009016 -4.64 -5.8
0.000902 -4.64 -5.6
0.0009024 -4.64 -5.4
0.0009028 -4.64 -5.6
0.0009032 -4.72 -5.6
0.0009036 -4.72 -5.4
0.000904 -4.64 -5.4
0.0009044 -4.72 -5.2
0.0009048 -4.64 -5.2
0.0009052 -4.8 -5.2
0.0009056 -4.8 -5.2
0.000906 -4.8 -5
0.0009064 -4.8 -5
0.0009068 -4.72 -5
0.0009072 -4.72 -4.8
0.0009076 -4.8 -4.8
0.000908 -4.8 -5
0.0009084 -4.64 -4.8
0.0009088 -4.64 -4.6
0.0009092 -4.64 -4.6
0.0009096 -4.64 -4.6
0.00091 -4.64 -4.4
0.0009104 -4.64 -4.4
0.0009108 -4.64 -4.2
0.0009112 -4.64 -4.2
0.0009116 -4.56 -4.2
0.000912 -4.56 -4
0.0009124 -4.56 -4
0.0009128 -4.48 -3.8
0.0009132 -4.4 -3.8
0.0009136 -4.48 -3.8
0.000914 -4.48 -3.4
0.0009144 -4.4 -3.4
0.0009148 -4.32 -3.4
0.0009152 -4.32 -3.4
0.0009156 -4.32 -3.2
0.000916 -4.24 -3.2
0.0009164 -4.24 -3.2
0.0009168 -4.16 -3
0.0009172 -4.16 -2.8
0.0009176 -4.16 -3
0.000918 -4 -2.8
0.0009184 -4 -2.8
0.0009188 -3.92 -2.4
0.0009192 -3.92 -2.4
0.0009196 -3.84 -2.4
0.00092 -3.84 -2.4
0.0009204 -3.76 -2.2
0.0009208 -3.68 -2
0.0009212 -3.68 -2.2
0.0009216 -3.6 -2
0.000922 -3.6 -1.6
0.0009224 -3.52 -1.6
0.0009228 -3.52 -1.8
0.0009232 -3.36 -1.4
0.0009236 -3.28 -1.4
0.000924 -3.28 -1.2
0.0009244 -3.2 -1.4
0.0009248 -3.2 -1.2
0.0009252 -3.04 -1
0.0009256 -3.04 -1
0.000926 -2.96 -0.8
0.0009264 -2.88 -0.8
0.0009268 -2.88 -0.8
0.0009272 -2.72 -0.4
0.0009276 -2.72 0
0.000928 -2.72 -0.6
0.0009284 -2.56 0
0.0009288 -2.56 0.2
0.0009292 -2.4 0.2
0.0009296 -2.4 0.2
0.00093 -2.32 0.2
0.0009304 -2.24 0.4
0.0009308 -2.24 0.4
0.0009312 -2.08 0.6
0.0009316 -2 0.6
0.000932 -1.92 1
0.0009324 -1.84 1
0.0009328 -1.76 1
0.0009332 -1.68 1
0.0009336 -1.68 1.2
0.000934 -1.6 1.2
0.0009344 -1.44 1.4
0.0009348 -1.36 1.6
0.0009352 -1.36 1.6
0.0009356 -1.28 1.6
0.000936 -1.12 1.8
0.0009364 -1.04 1.8
0.0009368 -1.04 2
0.0009372 -0.96 2.2
0.0009376 -0.8 2.2
0.000938 -0.72 2.2
0.0009384 -0.64 2.2
0.0009388 -0.64 2.4
0.0009392 -0.48 2.6
0.0009396 -0.4 2.6
0.00094 -0.4 2.6
0.0009404 -0.24 2.8
0.0009408 -0.16 3
0.0009412 -0.16 2.8
0.0009416 0 3
0.000942 0.08 3.2
0.0009424 0.24 3.2
0.0009428 0.24 3.2
0.0009432 0.32 3.4
0.0009436 0.4 3.4
0.000944 0.56 3.4
0.0009444 0.64 3.6
0.0009448 0.72 3.6
0.0009452 0.72 3.6
0.0009456 0.88 3.8
0.000946 0.96 3.8
0.0009464 0.96 3.6
0.0009468 1.12 4
0.0009472 1.2 4.2
0.0009476 1.28 4.2
0.000948 1.28 4
0.0009484 1.44 4
0.0009488 1.52 4.4
0.0009492 1.52 4.2
0.0009496 1.68 4.2
0.00095 1.68 4.2
0.0009504 1.84 4.6
0.0009508 1.84 4.6
0.0009512 1.92 4.6
0.0009516 2 4.6
0.000952 2 4.8
0.0009524 2.16 4.8
0.0009528 2.24 4.8
0.0009532 2.24 4.8
0.0009536 2.32 4.8
0.000954 2.48 4.8
0.0009544 2.48 5
0.0009548 2.56 5
0.0009552 2.64 5
0.0009556 2.72 5.2
0.000956 2.8 5.2
0.0009564 2.88 5
0.0009568 2.88 5.2
0.0009572 2.96 5.4
0.0009576 3.04 5.2
0.000958 3.12 5
0.0009584 3.12 5.2
0.0009588 3.2 5.4
0.0009592 3.28 5.4
0.0009596 3.28 5.2
0.00096 3.36 5.2
0.0009604 3.44 5.4
0.0009608 3.52 5.6
0.0009612 3.52 5.2
0.0009616 3.6 5.2
0.000962 3.6 5.4
0.0009624 3.76 5.6
0.0009628 3.76 5.4
0.0009632 3.76 5.4
0.0009636 3.84 5.4
0.000964 3.84 5.6
0.0009644 3.84 5.4
0.0009648 3.92 5.2
0.0009652 3.92 5.6
0.0009656 4 5.4
0.000966 4.08 5.2
0.0009664 4.08 5.2
0.0009668 4.16 5.2
0.0009672 4.16 5.6
0.0009676 4.16 5.4
0.000968 4.24 5.2
0.0009684 4.24 5.2
0.0009688 4.24 5.4
0.0009692 4.32 5.2
0.0009696 4.32 5.2
0.00097 4.4 5.2
0.0009704 4.4 5.2
0.0009708 4.4 5
0.0009712 4.48 4.8
0.0009716 4.48 5
0.000972 4.48 5
0.0009724 4.48 5
0.0009728 4.56 4.8
0.0009732 4.56 4.8
0.0009736 4.56 4.8
0.000974 4.56 4.8
0.0009744 4.56 4.6
0.0009748 4.56 4.6
0.0009752 4.56 4.4
0.0009756 4.64 4.6
0.000976 4.56 4.4
0.0009764 4.56 4.4
0.0009768 4.64 4.2
0.0009772 4.56 4.4
0.0009776 4.56 4.2
0.000978 4.56 4
0.0009784 4.56 4
0.0009788 4.56 4.2
0.0009792 4.48 4
0.0009796 4.56 4
0.00098 4.48 3.6
0.0009804 4.56 4
0.0009808 4.48 3.8
0.0009812 4.48 3.6
0.0009816 4.48 3.4
0.000982 4.48 3.6
0.0009824 4.4 3.6
0.0009828 4.4 3.4
0.0009832 4.4 3.2
0.0009836 4.4 3.2
0.000984 4.4 3.2
0.0009844 4.32 3
0.0009848 4.24 3
0.0009852 4.24 3
0.0009856 4.24 2.8
0.000986 4.24 2.6
0.0009864 4.16 2.6
0.0009868 4.08 2.6
0.0009872 4.08 2.6
0.0009876 4.08 2.6
0.000988 4.08 2.2
0.0009884 3.92 2.2
0.0009888 3.92 2
0.0009892 3.92 2
0.0009896 3.84 1.8
0.00099 3.84 1.8
0.0009904 3.76 1.8
0.0009908 3.76 1.8
0.0009912 3.76 1.4
0.0009916 3.6 1.4
0.000992 3.52 1.4
0.0009924 3.52 1.4
0.0009928 3.44 1
0.0009932 3.44 1
0.0009936 3.44 1
0.000994 3.36 0.8
0.0009944 3.28 0.8
0.0009948 3.2 0.6
0.0009952 3.12 0.4
0.0009956 3.12 0.6
0.000996 2.96 0.4
0.0009964 2.96 0.2
0.0009968 2.88 0.2
0.0009972 2.8 0.2
0.0009976 2.8 0
0.000998 2.72 -0.4
0.0009984 2.64 -0.4
0.0009988 2.56 -0.4
0.0009992 2.56 -0.6
0.0009996 2.48 -0.8
0.001 2.48 -0.8
0.0010004 2.32 -0.8
0.0010008 2.24 -1
0.0010012 2.16 -1.2
0.0010016 2.16 -1.2
0.001002 2 -1
0.0010024 2 -1.2
0.0010028 1.84 -1.4
0.0010032 1.84 -1.6
0.0010036 1.68 -1.6
0.001004 1.68 -1.8
0.0010044 1.52 -1.8
0.0010048 1.52 -2
0.0010052 1.44 -2.2
0.0010056 1.36 -2
0.001006 1.28 -2.2
0.0010064 1.2 -2.4
0.0010068 1.12 -2.6
0.0010072 1.04 -2.4
0.0010076 0.96 -2.6
0.001008 0.96 -2.8
0.0010084 0.88 -3
0.0010088 0.72 -2.6
0.0010092 0.64 -2.8
0.0010096 0.56 -3.2
0.00101 0.56 -3.2
0.0010104 0.4 -3.2
0.0010108 0.32 -3.2
0.0010112 0.24 -3.4
0.0010116 0.16 -3.4
0.001012 0.08 -3.4
0.0010124 0 -3.6
0.0010128 -0.16 -3.6
0.0010132 -0.24 -3.8
0.0010136 -0.32 -4
0.001014 -0.4 -4
0.0010144 -0.48 -4
0.0010148 -0.56 -4.2
0.0010152 -0.64 -4.2
0.0010156 -0.72 -4.2
0.001016 -0.8 -4.4
0.0010164 -0.96 -4.6
0.0010168 -0.96 -4.6
0.0010172 -1.04 -4.6
0.0010176 -1.12 -4.6
0.001018 -1.2 -4.6
0.0010184 -1.28 -4.8
0.0010188 -1.36 -4.8
0.0010192 -1.44 -4.8
0.0010196 -1.6 -5
0.00102 -1.68 -5
0.0010204 -1.68 -5
0.0010208 -1.76 -5
0.0010212 -1.84 -5.4
0.0010216 -1.92 -5.4
0.001022 -2 -5.2
0.0010224 -2.08 -5.4
0.0010228 -2.08 -5.4
0.0010232 -2.24 -5.6
0.0010236 -2.32 -5.4
0.001024 -2.4 -5.6
0.0010244 -2.4 -5.6
0.0010248 -2.48 -5.6
0.0010252 -2.56 -5.8
0.0010256 -2.64 -5.6
0.001026 -2.72 -5.8
0.0010264 -2.8 -5.8
0.0010268 -2.88 -5.8
0.0010272 -2.88 -5.8
0.0010276 -2.96 -5.8
0.001028 -3.04 -5.8
0.0010284 -3.04 -6.2
0.0010288 -3.2 -5.8
0.0010292 -3.2 -5.8
0.0010296 -3.28 -6.2
0.00103 -3.36 -6.2
0.0010304 -3.36 -6
0.0010308 -3.52 -6
0.0010312 -3.6 -6.2
0.0010316 -3.52 -6.2
0.001032 -3.68 -6
0.0010324 -3.68 -6
0.0010328 -3.68 -6.2
0.0010332 -3.76 -6.2
0.0010336 -3.84 -6
0.001034 -3.84 -6.2
0.0010344 -3.92 -6.2
0.0010348 -4 -6.2
0.0010352 -4 -6.2
0.0010356 -4 -6.2
0.001036 -4.08 -6.2
0.0010364 -4.16 -6.4
0.0010368 -4.16 -6.2
0.0010372 -4.24 -6
0.0010376 -4.24 -6
0.001038 -4.24 -6.2
0.0010384 -4.32 -6.2
0.0010388 -4.32 -6
0.0010392 -4.32 -5.8
0.0010396 -4.4 -6.2
0.00104 -4.48 -6.2
0.0010404 -4.48 -6
0.0010408 -4.48 -5.8
0.0010412 -4.56 -6
0.0010416 -4.56 -6
0.001042 -4.64 -5.8
0.0010424 -4.56 -5.8
0.0010428 -4.64 -5.8
0.0010432 -4.64 -5.8
0.0010436 -4.64 -5.6
0.001044 -4.64 -5.8
0.0010444 -4.64 -5.6
0.0010448 -4.64 -5.6
0.0010452 -4.64 -5.6
0.0010456 -4.8 -5.4
0.001046 -4.72 -5.4
0.0010464 -4.72 -5.6
0.0010468 -4.72 -5.4
0.0010472 -4.72 -5.2
0.0010476 -4.8 -5.2
0.001048 -4.8 -5.4
0.0010484 -4.8 -5.4
0.0010488 -4.8 -5
0.0010492 -4.72 -5
0.0010496 -4.8 -5
0.00105 -4.72 -5
0.0010504 -4.8 -4.8
0.0010508 -4.64 -4.8
0.0010512 -4.8 -4.8
0.0010516 -4.64 -4.8
0.001052 -4.64 -4.6
0.0010524 -4.64 -4.6
0.0010528 -4.64 -4.4
0.0010532 -4.64 -4.4
0.0010536 -4.64 -4.2
0.001054 -4.64 -4.2
0.0010544 -4.56 -4
0.0010548 -4.56 -4
0.0010552 -4.56 -4
0.0010556 -4.56 -3.8
0.001056 -4.48 -3.6
0.0010564 -4.4 -3.8
0.0010568 -4.32 -3.8
0.0010572 -4.4 -3.4
0.0010576 -4.32 -3.4
0.001058 -4.32 -3.4
0.0010584 -4.32 -3.4
0.0010588 -4.24 -3.2
0.0010592 -4.24 -3
0.0010596 -4.16 -3.2
0.00106 -4.16 -3
0.0010604 -4.08 -2.8
0.0010608 -4 -2.8
0.0010612 -4 -2.6
0.0010616 -4 -2.6
0.001062 -3.92 -2.4
0.0010624 -3.84 -2.4
0.0010628 -3.84 -2.2
0.0010632 -3.76 -2.2
0.0010636 -3.68 -2.2
0.001064 -3.68 -2
0.0010644 -3.6 -1.8
0.0010648 -3.6 -1.8
0.0010652 -3.52 -1.8
0.0010656 -3.52 -1.6
0.001066 -3.36 -1.6
0.0010664 -3.36 -1.6
0.0010668 -3.28 -1.4
0.0010672 -3.2 -1.2
0.0010676 -3.2 -1
0.001068 -3.04 -1
0.0010684 -3.04 -1
0.0010688 -2.96 -0.8
0.0010692 -2.88 -0.6
0.0010696 -2.8 -0.6
0.00107 -2.72 -0.6
0.0010704 -2.72 -0.4
0.0010708 -2.64 -0.4
0.0010712 -2.64 -0.4
0.0010716 -2.56 0
0.001072 -2.4 0.2
0.0010724 -2.4 0.2
0.0010728 -2.32 0.2
0.0010732 -2.24 0.4
0.0010736 -2.24 0.4
0.001074 -2.08 0.6
0.0010744 -2 0.8
0.0010748 -1.92 0.8
0.0010752 -1.92 0.8
0.0010756 -1.76 1
0.001076 -1.68 1
0.0010764 -1.68 1.2
0.0010768 -1.6 1.2
0.0010772 -1.44 1.4
0.0010776 -1.44 1.6
0.001078 -1.36 1.6
0.0010784 -1.28 1.6
0.0010788 -1.12 1.8
0.0010792 -1.04 1.8
0.0010796 -1.04 1.8
0.00108 -0.96 2
0.0010804 -0.8 2
0.0010808 -0.8 2.4
0.0010812 -0.64 2.4
0.0010816 -0.64 2.4
0.001082 -0.48 2.6
0.0010824 -0.48 2.8
0.0010828 -0.4 2.6
0.0010832 -0.32 2.8
0.0010836 -0.16 2.8
0.001084 -0.16 3
0.0010844 0 3.2
0.0010848 0.08 3.2
0.0010852 0.24 3.2
0.0010856 0.24 3.2
0.001086 0.32 3.2
0.0010864 0.48 3.2
0.0010868 0.56 3.4
0.0010872 0.56 3.6
0.0010876 0.72 3.8
0.001088 0.8 3.6
0.0010884 0.88 3.6
0.0010888 0.88 3.8
0.0010892 1.04 4
0.0010896 1.04 4
0.00109 1.2 4
0.0010904 1.28 4
0.0010908 1.36 4.2
0.0010912 1.36 4
0.0010916 1.52 4.2
0.001092 1.6 4.4
0.0010924 1.6 4.4
0.0010928 1.68 4.4
0.0010932 1.76 4.6
0.0010936 1.84 4.6
0.001094 1.92 4.6
0.0010944 2 4.6
0.0010948 2 4.8
0.0010952 2.16 4.8
0.0010956 2.24 4.8
0.001096 2.32 4.8
0.0010964 2.32 4.8
0.0010968 2.48 4.8
0.0010972 2.48 5
0.0010976 2.56 5.2
0.001098 2.64 5
0.0010984 2.72 5
0.0010988 2.8 5
0.0010992 2.8 5.2
0.0010996 2.8 5
0.0011 2.96 5
0.0011004 3.04 5.2
0.0011008 3.12 5.2
0.0011012 3.2 5.2
0.0011016 3.2 5.2
0.001102 3.2 5.4
0.0011024 3.36 5.6
0.0011028 3.36 5.4
0.0011032 3.44 5.2
0.0011036 3.52 5.2
0.001104 3.52 5.4
0.0011044 3.6 5.4
0.0011048 3.6 5.2
0.0011052 3.6 5.6
0.0011056 3.76 5.6
0.001106 3.76 5.4
0.0011064 3.84 5.4
0.0011068 3.84 5.4
0.0011072 3.84 5.4
0.0011076 4 5.4
0.001108 3.92 5.2
0.0011084 3.92 5.4
0.0011088 4.08 5.4
0.0011092 4.08 5.4
0.0011096 4.08 5.2
0.00111 4.16 5.4
0.0011104 4.16 5.4
0.0011108 4.16 5.2
0.0011112 4.24 5.2
0.0011116 4.24 5.2
0.001112 4.24 5.2
0.0011124 4.4 5.2
0.0011128 4.4 5
0.0011132 4.4 5
0.0011136 4.4 5.2
0.001114 4.4 4.8
0.0011144 4.48 5
0.0011148 4.48 5
0.0011152 4.48 4.8
0.0011156 4.48 4.8
0.001116 4.48 5
0.0011164 4.56 4.8
0.0011168 4.56 4.8
0.0011172 4.56 4.8
0.0011176 4.56 4.6
0.001118 4.56 4.4
0.0011184 4.56 4.4
0.0011188 4.56 4.4
0.0011192 4.56 4.4
0.0011196 4.56 4.2
0.00112 4.56 4.2
0.0011204 4.56 4.4
0.0011208 4.56 4.2
0.0011212 4.56 4
0.0011216 4.56 4
0.001122 4.56 4
0.0011224 4.56 4
0.0011228 4.56 4
0.0011232 4.48 3.8
0.0011236 4.48 3.6
0.001124 4.48 3.6
0.0011244 4.48 3.6
0.0011248 4.48 3.4
0.0011252 4.48 3.4
0.0011256 4.4 3.4
0.001126 4.4 3.4
0.0011264 4.4 3.2
0.0011268 4.4 3.2
0.0011272 4.24 3.2
0.0011276 4.32 3
0.001128 4.24 2.8
0.0011284 4.24 2.8
0.0011288 4.24 2.8
0.0011292 4.16 2.8
0.0011296 4.16 2.4
0.00113 4.08 2.4
0.0011304 4.08 2.6
0.0011308 4 2.4
0.0011312 4 2.2
0.0011316 3.92 2
0.001132 3.92 2
0.0011324 3.92 2
0.0011328 3.84 1.8
0.0011332 3.76 1.8
0.0011336 3.76 1.6
0.001134 3.76 1.6
0.0011344 3.6 1.4
0.0011348 3.6 1.4
0.0011352 3.52 1.2
0.0011356 3.52 1.2
0.001136 3.44 1
0.0011364 3.44 0.8
0.0011368 3.28 0.8
0.0011372 3.36 0.8
0.0011376 3.2 0.8
0.001138 3.12 0.4
0.0011384 3.12 0.4
0.0011388 2.96 0.4
0.0011392 2.96 0.4
0.0011396 2.88 0.2
0.00114 2.88 0
0.0011404 2.8 0
0.0011408 2.72 0
0.0011412 2.64 -0.4
0.0011416 2.56 -0.6
0.001142 2.48 -0.4
0.0011424 2.48 -0.6
0.0011428 2.48 -0.8
0.0011432 2.32 -1
0.0011436 2.24 -0.8
0.001144 2.16 -1
0.0011444 2.16 -1.2
0.0011448 2 -1.2
0.0011452 2 -1.4
0.0011456 1.92 -1.4
0.001146 1.84 -1.6
0.0011464 1.76 -1.6
0.0011468 1.68 -1.8
0.0011472 1.6 -1.8
0.0011476 1.52 -1.8
0.001148 1.36 -2.2
0.0011484 1.36 -2.2
0.0011488 1.28 -2.4
0.0011492 1.2 -2.2
0.0011496 1.2 -2.4
0.00115 1.04 -2.6
0.0011504 0.96 -2.6
0.0011508 0.88 -2.6
0.0011512 0.88 -2.8
0.0011516 0.72 -2.8
0.001152 0.64 -2.8
0.0011524 0.56 -3
0.0011528 0.56 -3.2
0.0011532 0.4 -3.2
0.0011536 0.32 -3.2
0.001154 0.24 -3.4
0.0011544 0.16 -3.4
0.0011548 0.08 -3.6
0.0011552 0 -3.6
0.0011556 -0.16 -3.8
0.001156 -0.24 -3.8
0.0011564 -0.32 -4
0.0011568 -0.32 -4
0.0011572 -0.48 -4
0.0011576 -0.56 -4
0.001158 -0.64 -4.2
0.0011584 -0.72 -4.4
0.0011588 -0.8 -4.2
0.0011592 -0.88 -4.2
0.0011596 -1.04 -4.6
0.00116 -1.04 -4.6
0.0011604 -1.12 -4.6
0.0011608 -1.12 -4.6
0.0011612 -1.28 -4.8
0.0011616 -1.36 -4.8
0.001162 -1.44 -4.8
0.0011624 -1.44 -4.8
0.0011628 -1.6 -5
0.0011632 -1.68 -5
0.0011636 -1.76 -5
0.001164 -1.76 -5.2
0.0011644 -1.92 -5.4
0.0011648 -2 -5.4
0.0011652 -2 -5.4
0.0011656 -2.08 -5.4
0.001166 -2.24 -5.6
0.0011664 -2.24 -5.6
0.0011668 -2.32 -5.6
0.0011672 -2.4 -5.6
0.0011676 -2.4 -5.6
0.001168 -2.56 -5.8
0.0011684 -2.64 -5.8
0.0011688 -2.64 -5.8
0.0011692 -2.72 -5.8
0.0011696 -2.8 -5.8
0.00117 -2.88 -5.8
0.0011704 -2.88 -5.8
0.0011708 -3.04 -5.8
0.0011712 -3.04 -6
0.0011716 -3.12 -6
0.001172 -3.2 -5.8
0.0011724 -3.28 -6
0.0011728 -3.36 -6
0.0011732 -3.36 -6.2
0.0011736 -3.44 -6.2
0.001174 -3.52 -6
0.0011744 -3.6 -6.2
0.0011748 -3.6 -6
0.0011752 -3.68 -6.4
0.0011756 -3.68 -6.2
0.001176 -3.76 -6.2
0.0011764 -3.84 -6.2
0.0011768 -3.84 -6
0.0011772 -3.92 -6.2
0.0011776 -4 -6
0.001178 -4 -6.4
0.0011784 -4 -6.2
0.0011788 -4.16 -6.2
0.0011792 -4.16 -6.2
0.0011796 -4.16 -6.2
0.00118 -4.24 -6.2
0.0011804 -4.24 -6.2
0.0011808 -4.32 -6
0.0011812 -4.32 -6.2
0.0011816 -4.32 -6
0.001182 -4.4 -6
0.0011824 -4.4 -6
0.0011828 -4.4 -6
0.0011832 -4.48 -6
0.0011836 -4.48 -6
0.001184 -4.56 -5.8
0.0011844 -4.56 -5.8
0.0011848 -4.56 -5.8
0.0011852 -4.56 -5.8
0.0011856 -4.64 -5.8
0.001186 -4.64 -5.6
0.0011864 -4.64 -5.8
0.0011868 -4.64 -5.8
0.0011872 -4.64 -5.6
0.0011876 -4.72 -5.6
0.001188 -4.64 -5.6
0.0011884 -4.72 -5.6
0.0011888 -4.72 -5.4
0.0011892 -4.64 -5.4
0.0011896 -4.72 -5.4
0.00119 -4.72 -5.4
0.0011904 -4.8 -5.4
0.0011908 -4.64 -5.2
0.0011912 -4.8 -5.2
0.0011916 -4.8 -5.2
0.001192 -4.72 -5
0.0011924 -4.72 -5
0.0011928 -4.72 -5
0.0011932 -4.8 -5
0.0011936 -4.64 -4.8
0.001194 -4.72 -4.6
0.0011944 -4.72 -4.6
0.0011948 -4.64 -4.6
0.0011952 -4.64 -4.6
0.0011956 -4.64 -4.4
0.001196 -4.64 -4.2
0.0011964 -4.64 -4.2
0.0011968 -4.56 -4.4
0.0011972 -4.56 -4.2
0.0011976 -4.56 -4
0.001198 -4.48 -4
0.0011984 -4.56 -4
0.0011988 -4.48 -3.8
0.0011992 -4.48 -3.8
0.0011996 -4.48 -3.6
0.0012 -4.32 -3.6
0.0012004 -4.32 -3.4
0.0012008 -4.32 -3.4
0.0012012 -4.24 -3.4
0.0012016 -4.24 -3.2
0.001202 -4.16 -3.2
0.0012024 -4.24 -3
0.0012028 -4.16 -3
0.0012032 -4.16 -3
0.0012036 -4 -2.8
0.001204 -4 -2.6
0.0012044 -4 -2.6
0.0012048 -4 -2.6
0.0012052 -3.92 -2.4
0.0012056 -3.84 -2.2
0.001206 -3.84 -2.2
0.0012064 -3.68 -2.2
0.0012068 -3.68 -2.2
0.0012072 -3.68 -2
0.0012076 -3.6 -1.8
0.001208 -3.52 -1.8
0.0012084 -3.52 -1.6
0.0012088 -3.36 -1.6
0.0012092 -3.36 -1.4
0.0012096 -3.36 -1.2
0.00121 -3.2 -1.4
0.0012104 -3.2 -1
0.0012108 -3.12 -1
0.0012112 -3.04 -1
0.0012116 -3.04 -0.8
0.001212 -2.88 -0.8
0.0012124 -2.88 -0.6
0.0012128 -2.8 -0.4
0.0012132 -2.72 -0.4
0.0012136 -2.64 0
0.001214 -2.56 0
0.0012144 -2.56 0
0.0012148 -2.48 0
0.0012152 -2.4 0.2
0.0012156 -2.32 0.4
0.001216 -2.24 0.4
0.0012164 -2.08 0.4
0.0012168 -2.08 0.6
0.0012172 -2 0.8
0.0012176 -1.92 0.8
0.001218 -1.92 0.8
0.0012184 -1.76 1
0.0012188 -1.76 1
0.0012192 -1.68 1.2
0.0012196 -1.6 1.2
0.00122 -1.44 1.4
0.0012204 -1.36 1.6
0.0012208 -1.36 1.8
0.0012212 -1.28 1.6
0.0012216 -1.12 1.8
0.001222 -1.12 1.8
0.0012224 -1.04 2
0.0012228 -0.96 2
0.0012232 -0.8 2
0.0012236 -0.8 2.2
0.001224 -0.72 2.4
0.0012244 -0.56 2.2
0.0012248 -0.48 2.4
0.0012252 -0.48 2.6
0.0012256 -0.4 2.6
0.001226 -0.32 2.6
0.0012264 -0.16 2.6
0.0012268 -0.16 2.8
0.0012272 0 3
0.0012276 0.16 3.2
0.001228 0.24 3.2
0.0012284 0.24 3.2
0.0012288 0.32 3.4
0.0012292 0.4 3.4
0.0012296 0.56 3.4
0.00123 0.56 3.4
0.0012304 0.72 3.6
0.0012308 0.72 3.6
0.0012312 0.8 3.6
0.0012316 0.96 3.8
0.001232 0.96 3.8
0.0012324 1.04 4
0.0012328 1.2 4
0.0012332 1.2 4
0.0012336 1.28 4
0.001234 1.36 4.2
0.0012344 1.52 4.2
0.0012348 1.52 4.2
0.0012352 1.6 4.4
0.0012356 1.68 4.4
0.001236 1.84 4.4
0.0012364 1.84 4.4
0.0012368 1.92 4.4
0.0012372 2 4.6
0.0012376 2 4.6
0.001238 2.16 4.8
0.0012384 2.16 4.8
0.0012388 2.24 4.8
0.0012392 2.32 4.8
0.0012396 2.4 4.8
0.00124 2.48 4.8
0.0012404 2.56 5
0.0012408 2.64 5
0.0012412 2.64 5
0.0012416 2.8 5
0.001242 2.8 5
0.0012424 2.88 5.2
0.0012428 2.88 5.2
0.0012432 2.96 5.2
0.0012436 3.04 5.2
0.001244 3.12 5.2
0.0012444 3.2 5.4
0.0012448 3.28 5.2
0.0012452 3.28 5.4
0.0012456 3.44 5.4
0.001246 3.44 5.4
0.0012464 3.44 5.4
0.0012468 3.52 5.2
0.0012472 3.52 5.6
0.0012476 3.6 5.4
0.001248 3.68 5.6
0.0012484 3.76 5.4
0.0012488 3.76 5.4
0.0012492 3.84 5.4
0.0012496 3.76 5.4
0.00125 3.84 5.4
0.0012504 3.92 5.4
0.0012508 3.92 5.4
0.0012512 4.08 5.2
0.0012516 4.08 5.2
0.001252 4.08 5.4
0.0012524 4.16 5.4
0.0012528 4.08 5.2
0.0012532 4.16 5.2
0.0012536 4.24 5.4
0.001254 4.24 5.2
0.0012544 4.32 5.2
0.0012548 4.24 5.2
0.0012552 4.4 5.2
0.0012556 4.32 5.4
0.001256 4.4 5.2
0.0012564 4.4 5
0.0012568 4.4 5
0.0012572 4.48 5
0.0012576 4.48 5
0.001258 4.48 5
0.0012584 4.48 4.8
0.0012588 4.48 4.8
0.0012592 4.48 4.8
0.0012596 4.48 4.8
0.00126 4.56 4.8
0.0012604 4.56 4.6
0.0012608 4.56 4.4
0.0012612 4.56 4.4
0.0012616 4.56 4.4
0.001262 4.56 4.4
0.0012624 4.56 4.4
0.0012628 4.56 4.4
0.0012632 4.56 4.2
0.0012636 4.56 4.2
0.001264 4.56 4
0.0012644 4.56 4
0.0012648 4.56 4
0.0012652 4.48 4
0.0012656 4.48 4
0.001266 4.48 3.8
0.0012664 4.48 3.6
0.0012668 4.48 3.6
0.0012672 4.48 3.6
0.0012676 4.48 3.6
0.001268 4.4 3.4
0.0012684 4.4 3.4
0.0012688 4.4 3.4
0.0012692 4.4 3.4
0.0012696 4.4 3.2
0.00127 4.32 3.2
0.0012704 4.32 3
0.0012708 4.24 2.8
0.0012712 4.24 2.8
0.0012716 4.24 2.8
0.001272 4.24 2.6
0.0012724 4.08 2.4
0.0012728 4.08 2.6
0.0012732 4.08 2.4
0.0012736 4.08 2.2
0.001274 4 2
0.0012744 3.92 2.2
0.0012748 3.92 2
0.0012752 3.84 1.8
0.0012756 3.84 1.8
0.001276 3.84 1.8
0.0012764 3.76 1.6
0.0012768 3.76 1.6
0.0012772 3.6 1.4
0.0012776 3.6 1.6
0.001278 3.6 1.4
0.0012784 3.52 1.2
0.0012788 3.44 1
0.0012792 3.44 1
0.0012796 3.36 0.8
0.00128 3.28 0.8
0.0012804 3.2 0.6
0.0012808 3.12 0.8
0.0012812 3.12 0.6
0.0012816 3.04 0.4
0.001282 2.96 0.4
0.0012824 2.88 0.2
0.0012828 2.88 0.2
0.0012832 2.8 0.2
0.0012836 2.64 0
0.001284 2.64 -0.4
0.0012844 2.56 -0.4
0.0012848 2.48 -0.6
0.0012852 2.48 -0.6
0.0012856 2.4 -0.6
0.001286 2.32 -0.8
0.0012864 2.24 -1
0.0012868 2.16 -1
0.0012872 2.16 -1
0.0012876 2 -1
0.001288 2 -1.4
0.0012884 1.92 -1.6
0.0012888 1.84 -1.6
0.0012892 1.76 -1.6
0.0012896 1.68 -1.6
0.00129 1.6 -1.8
0.0012904 1.52 -1.8
0.0012908 1.52 -2
0.0012912 1.36 -2.2
0.0012916 1.28 -2.2
0.001292 1.2 -2.4
0.0012924 1.2 -2.4
0.0012928 1.04 -2.6
0.0012932 0.96 -2.4
0.0012936 0.88 -2.6
0.001294 0.88 -2.6
0.0012944 0.72 -3
0.0012948 0.64 -3
0.0012952 0.56 -3.2
0.0012956 0.56 -3.2
0.001296 0.4 -3.2
0.0012964 0.32 -3.4
0.0012968 0.24 -3.4
0.0012972 0.24 -3.4
0.0012976 0.08 -3.6
0.001298 0 -3.6
0.0012984 -0.16 -3.8
0.0012988 -0.16 -3.8
0.0012992 -0.32 -4
0.0012996 -0.4 -4
0.0013 -0.4 -4
0.0013004 -0.48 -4
0.0013008 -0.56 -4.2
0.0013012 -0.72 -4.2
0.0013016 -0.8 -4.2
0.001302 -0.88 -4.2
0.0013024 -0.96 -4.6
0.0013028 -1.04 -4.6
0.0013032 -1.04 -4.6
0.0013036 -1.2 -4.6
0.001304 -1.28 -4.8
0.0013044 -1.36 -4.8
0.0013048 -1.44 -4.8
0.0013052 -1.44 -5
0.0013056 -1.6 -5
0.001306 -1.68 -5
0.0013064 -1.76 -5.2
0.0013068 -1.76 -5.2
0.0013072 -1.92 -5.2
0.0013076 -2 -5.4
0.001308 -2 -5.4
0.0013084 -2.08 -5.4
0.0013088 -2.24 -5.6
0.0013092 -2.24 -5.6
0.0013096 -2.32 -5.6
0.00131 -2.4 -5.6
0.0013104 -2.4 -5.6
0.0013108 -2.56 -5.8
0.0013112 -2.64 -5.8
0.0013116 -2.64 -5.8
0.001312 -2.72 -5.8
0.0013124 -2.88 -5.8
0.0013128 -2.88 -5.8
0.0013132 -2.96 -5.8
0.0013136 -3.04 -5.8
0.001314 -3.04 -6
0.0013144 -3.12 -6
0.0013148 -3.2 -6
0.0013152 -3.2 -6
0.0013156 -3.28 -6
0.001316 -3.36 -6
0.0013164 -3.44 -6
0.0013168 -3.52 -6.4
0.0013172 -3.52 -6.2
0.0013176 -3.6 -6
0.001318 -3.6 -6
0.0013184 -3.68 -6.2
0.0013188 -3.76 -6.2
0.0013192 -3.84 -6.2
0.0013196 -3.84 -6.2
0.00132 -3.92 -6.2
0.0013204 -3.92 -6.4
0.0013208 -3.92 -6.2
0.0013212 -4 -6
0.0013216 -4.16 -6
0.001322 -4.08 -6.2
0.0013224 -4.16 -6.2
0.0013228 -4.24 -6
0.0013232 -4.24 -6
0.0013236 -4.24 -6.2
0.001324 -4.32 -6
0.0013244 -4.32 -6
0.0013248 -4.32 -5.8
0.0013252 -4.4 -6
0.0013256 -4.48 -6
0.001326 -4.48 -6
0.0013264 -4.48 -5.8
0.0013268 -4.48 -5.8
0.0013272 -4.56 -5.8
0.0013276 -4.56 -5.8
0.001328 -4.56 -5.8
0.0013284 -4.56 -5.8
0.0013288 -4.64 -5.8
0.0013292 -4.64 -5.8
0.0013296 -4.64 -5.6
0.00133 -4.64 -5.6
0.0013304 -4.64 -5.6
0.0013308 -4.64 -5.6
0.0013312 -4.64 -5.6
0.0013316 -4.72 -5.6
0.001332 -4.72 -5.4
0.0013324 -4.72 -5.2
0.0013328 -4.8 -5.4
0.0013332 -4.8 -5.2
0.0013336 -4.8 -5.2
0.001334 -4.72 -5
0.0013344 -4.8 -5.2
0.0013348 -4.72 -5
0.0013352 -4.72 -5
0.0013356 -4.72 -4.8
0.001336 -4.8 -5
0.0013364 -4.72 -4.8
0.0013368 -4.72 -4.8
0.0013372 -4.64 -4.6
0.0013376 -4.64 -4.6
0.001338 -4.64 -4.4
0.0013384 -4.64 -4.6
0.0013388 -4.64 -4.6
0.0013392 -4.64 -4.4
0.0013396 -4.64 -4.2
0.00134 -4.56 -4.2
0.0013404 -4.56 -4.2
0.0013408 -4.56 -4
0.0013412 -4.48 -3.8
0.0013416 -4.48 -3.8
0.001342 -4.48 -3.8
0.0013424 -4.48 -3.6
0.0013428 -4.4 -3.6
0.0013432 -4.32 -3.4
0.0013436 -4.32 -3.4
0.001344 -4.32 -3.2
0.0013444 -4.24 -3.2
0.0013448 -4.24 -3.2
0.0013452 -4.16 -3
0.0013456 -4.16 -3.2
0.001346 -4.08 -3
0.0013464 -4.08 -2.8
0.0013468 -4 -2.6
0.0013472 -4 -2.6
0.0013476 -3.92 -2.6
0.001348 -3.84 -2.4
0.0013484 -3.84 -2.4
0.0013488 -3.84 -2.4
0.0013492 -3.76 -2.2
0.0013496 -3.68 -2.2
0.00135 -3.6 -1.8
0.0013504 -3.6 -1.8
0.0013508 -3.52 -1.8
0.0013512 -3.52 -1.6
0.0013516 -3.36 -1.4
0.001352 -3.36 -1.6
0.0013524 -3.28 -1.2
0.0013528 -3.28 -1.2
0.0013532 -3.2 -1.2
0.0013536 -3.12 -1
0.001354 -3.04 -0.8
0.0013544 -3.04 -0.8
0.0013548 -2.96 -0.8
0.0013552 -2.88 -0.6
0.0013556 -2.88 -0.6
0.001356 -2.72 -0.4
0.0013564 -2.72 -0.4
0.0013568 -2.56 0
0.0013572 -2.56 0
0.0013576 -2.48 0
0.001358 -2.4 0.2
0.0013584 -2.32 0.2
0.0013588 -2.24 0.2
0.0013592 -2.24 0.4
0.0013596 -2.08 0.8
0.00136 -2 0.6
0.0013604 -1.92 0.8
0.0013608 -1.92 0.8
0.0013612 -1.76 1
0.0013616 -1.76 1.2
0.001362 -1.68 1.2
0.0013624 -1.6 1.2
0.0013628 -1.52 1.4
0.0013632 -1.44 1.6
0.0013636 -1.36 1.6
0.001364 -1.28 1.6
0.0013644 -1.2 1.8
0.0013648 -1.12 1.8
0.0013652 -1.12 2
0.0013656 -0.96 2
0.001366 -0.88 2
0.0013664 -0.8 2.2
0.0013668 -0.72 2.2
0.0013672 -0.64 2.4
0.0013676 -0.48 2.6
0.001368 -0.48 2.8
0.0013684 -0.4 2.6
0.0013688 -0.32 2.6
0.0013692 -0.24 2.8
0.0013696 -0.16 3
0.00137 0 3
0.0013704 0.08 3
0.0013708 0.24 3
0.0013712 0.24 3.4
0.0013716 0.4 3.2
0.001372 0.4 3.2
0.0013724 0.56 3.4
0.0013728 0.64 3.6
0.0013732 0.64 3.4
0.0013736 0.72 3.6
0.001374 0.88 3.6
0.0013744 0.88 3.8
0.0013748 0.96 4
0.0013752 1.04 4
0.0013756 1.2 4
0.001376 1.2 4
0.0013764 1.28 4
0.0013768 1.36 4
0.0013772 1.52 4.2
0.0013776 1.52 4.2
0.001378 1.6 4.4
0.0013784 1.68 4.4
0.0013788 1.76 4.4
0.0013792 1.84 4.4
0.0013796 1.92 4.4
0.00138 2 4.6
0.0013804 2 4.6
0.0013808 2.16 4.6
0.0013812 2.16 4.8
0.0013816 2.24 4.8
0.001382 2.32 4.8
0.0013824 2.4 5
0.0013828 2.48 5
0.0013832 2.56 5
0.0013836 2.56 5
0.001384 2.64 5
0.0013844 2.8 5
0.0013848 2.8 5.2
0.0013852 2.88 5.2
0.0013856 2.96 5.2
0.001386 3.04 5.2
0.0013864 3.12 5.2
0.0013868 3.12 5.2
0.0013872 3.12 5.4
0.0013876 3.28 5.4
0.001388 3.28 5.6
0.0013884 3.44 5.4
0.0013888 3.36 5.4
0.0013892 3.44 5.2
0.0013896 3.52 5.4
0.00139 3.6 5.2
0.0013904 3.6 5.2
0.0013908 3.68 5.4
0.0013912 3.76 5.6
0.0013916 3.76 5.4
0.001392 3.76 5.2
0.0013924 3.84 5.4
0.0013928 3.92 5.4
0.0013932 3.92 5.2
0.0013936 3.92 5.4
0.001394 4 5.4
0.0013944 4.08 5.4
0.0013948 4.08 5.4
0.0013952 4.08 5.4
0.0013956 4.16 5.4
0.001396 4.16 5.4
0.0013964 4.16 5.2
0.0013968 4.24 5.2
0.0013972 4.24 5.2
0.0013976 4.24 5.4
0.001398 4.32 5.2
0.0013984 4.4 5.2
0.0013988 4.4 5
0.0013992 4.4 5
0.0013996 4.4 5
0.0014 4.48 5
0.0014004 4.48 5
0.0014008 4.48 4.8
0.0014012 4.48 5
0.0014016 4.56 4.8
0.001402 4.48 4.8
0.0014024 4.56 4.6
0.0014028 4.56 4.8
0.0014032 4.56 4.8
0.0014036 4.56 4.6
0.001404 4.56 4.4
0.0014044 4.56 4.4
0.0014048 4.56 4.4
0.0014052 4.56 4.2
0.0014056 4.56 4.4
0.001406 4.56 4.4
0.0014064 4.64 4.2
0.0014068 4.56 4.2
0.0014072 4.56 4
0.0014076 4.56 4
0.001408 4.56 4
0.0014084 4.56 3.8
0.0014088 4.56 3.6
0.0014092 4.48 3.6
0.0014096 4.48 3.8
0.00141 4.48 3.6
0.0014104 4.48 3.4
0.0014108 4.4 3.4
0.0014112 4.48 3.4
0.0014116 4.48 3.4
0.001412 4.4 3.2
0.0014124 4.4 3.2
0.0014128 4.4 3
0.0014132 4.24 3
0.0014136 4.24 3
0.001414 4.24 3
0.0014144 4.16 2.8
0.0014148 4.24 2.6
0.0014152 4.16 2.6
0.0014156 4.16 2.4
0.001416 4.08 2.4
0.0014164 4.08 2.4
0.0014168 4.08 2.2
0.0014172 4 2
0.0014176 3.92 2
0.001418 3.84 2
0.0014184 3.84 1.8
0.0014188 3.76 1.8
0.0014192 3.76 1.6
0.0014196 3.76 1.8
0.00142 3.68 1.6
0.0014204 3.6 1.4
0.0014208 3.52 1.2
0.0014212 3.52 1.4
0.0014216 3.44 1.2
0.001422 3.44 1
0.0014224 3.36 0.8
0.0014228 3.28 0.8
0.0014232 3.28 0.8
0.0014236 3.2 0.8
0.001424 3.12 0.6
0.0014244 3.04 0.4
0.0014248 2.96 0.4
0.0014252 2.96 0.2
0.0014256 2.88 0.2
0.001426 2.8 0
0.0014264 2.72 0
0.0014268 2.72 -0.4
0.0014272 2.64 -0.6
0.0014276 2.56 -0.4
0.001428 2.48 -0.4
0.0014284 2.48 -0.6
0.0014288 2.32 -0.8
0.0014292 2.32 -1
0.0014296 2.16 -1
0.00143 2.16 -1
0.0014304 2.16 -1.4
0.0014308 2 -1.2
0.0014312 1.92 -1.4
0.0014316 1.84 -1.4
0.001432 1.84 -1.6
0.0014324 1.68 -1.8
0.0014328 1.52 -1.8
0.0014332 1.6 -1.8
0.0014336 1.52 -2
0.001434 1.36 -2.2
0.0014344 1.28 -2.2
0.0014348 1.2 -2.4
0.0014352 1.2 -2.4
0.0014356 1.04 -2.4
0.001436 1.04 -2.4
0.0014364 0.88 -2.6
0.0014368 0.88 -2.6
0.0014372 0.72 -3
0.0014376 0.72 -3
0.001438 0.64 -3
0.0014384 0.48 -3
0.0014388 0.4 -3.4
0.0014392 0.32 -3.4
0.0014396 0.32 -3.2
0.00144 0.24 -3.4
0.0014404 0.08 -3.4
0.0014408 0 -3.8
0.0014412 0 -3.4
0.0014416 -0.16 -3.8
0.001442 -0.32 -4
0.0014424 -0.4 -3.8
0.0014428 -0.48 -4
0.0014432 -0.48 -4
0.0014436 -0.64 -4.2
0.001444 -0.72 -4.2
0.0014444 -0.8 -4.2
0.0014448 -0.8 -4.4
0.0014452 -0.96 -4.4
0.0014456 -1.04 -4.6
0.001446 -1.12 -4.6
0.0014464 -1.28 -4.6
0.0014468 -1.28 -4.8
0.0014472 -1.36 -4.8
0.0014476 -1.36 -4.8
0.001448 -1.44 -4.8
0.0014484 -1.6 -5
0.0014488 -1.68 -5
0.0014492 -1.68 -5.2
0.0014496 -1.76 -5.2
0.00145 -1.92 -5.2
0.0014504 -1.92 -5.4
0.0014508 -2.08 -5.4
0.0014512 -2.08 -5.4
0.0014516 -2.16 -5.4
0.001452 -2.24 -5.6
0.0014524 -2.32 -5.6
0.0014528 -2.4 -5.6
0.0014532 -2.48 -5.6
0.0014536 -2.56 -5.6
0.001454 -2.56 -5.6
0.0014544 -2.72 -5.6
0.0014548 -2.72 -5.8
0.0014552 -2.88 -5.8
0.0014556 -2.88 -5.8
0.001456 -2.96 -5.8
0.0014564 -2.96 -5.8
0.0014568 -3.04 -5.8
0.0014572 -3.12 -6
0.0014576 -3.2 -6
0.001458 -3.28 -5.8
0.0014584 -3.36 -6
0.0014588 -3.36 -6.2
0.0014592 -3.36 -6.2
0.0014596 -3.52 -6
0.00146 -3.52 -6
0.0014604 -3.6 -6.2
0.0014608 -3.6 -6.2
0.0014612 -3.68 -6.2
0.0014616 -3.76 -6.2
0.001462 -3.68 -6.2
0.0014624 -3.84 -6.4
0.0014628 -3.84 -6
0.0014632 -3.92 -6.2
0.0014636 -3.92 -6.2
0.001464 -4 -6.2
0.0014644 -4.08 -6.4
0.0014648 -4.08 -6.2
0.0014652 -4.16 -6.2
0.0014656 -4.16 -6
0.001466 -4.24 -6.2
0.0014664 -4.24 -6
0.0014668 -4.32 -6.2
0.0014672 -4.32 -6.2
0.0014676 -4.4 -6
0.001468 -4.32 -5.8
0.0014684 -4.4 -6
0.0014688 -4.48 -6
0.0014692 -4.56 -6
0.0014696 -4.48 -5.8
0.00147 -4.56 -5.8
0.0014704 -4.56 -5.8
0.0014708 -4.64 -5.8
0.0014712 -4.56 -5.6
0.0014716 -4.64 -5.8
0.001472 -4.64 -5.6
0.0014724 -4.64 -5.8
0.0014728 -4.64 -5.6
0.0014732 -4.64 -5.6
0.0014736 -4.64 -5.6
0.001474 -4.72 -5.6
0.0014744 -4.72 -5.4
0.0014748 -4.8 -5.4
0.0014752 -4.8 -5.4
0.0014756 -4.8 -5.4
0.001476 -4.72 -5.2
0.0014764 -4.72 -5.2
0.0014768 -4.72 -5.2
0.0014772 -4.8 -5.2
0.0014776 -4.72 -5
0.001478 -4.72 -4.8
0.0014784 -4.64 -4.8
0.0014788 -4.72 -4.8
0.0014792 -4.72 -4.8
0.0014796 -4.72 -4.6
0.00148 -4.8 -4.6
0.0014804 -4.64 -4.8
0.0014808 -4.64 -4.6
0.0014812 -4.64 -4.2
0.0014816 -4.64 -4.4
0.001482 -4.64 -4.4
0.0014824 -4.56 -4.4
0.0014828 -4.64 -4
0.0014832 -4.56 -4
0.0014836 -4.56 -4
0.001484 -4.56 -4
0.0014844 -4.48 -3.8
0.0014848 -4.48 -3.8
0.0014852 -4.48 -3.6
0.0014856 -4.32 -3.4
0.001486 -4.32 -3.6
0.0014864 -4.32 -3.4
0.0014868 -4.32 -3.4
0.0014872 -4.24 -3.2
0.0014876 -4.24 -3.2
0.001488 -4.24 -3
0.0014884 -4.16 -3
0.0014888 -4.08 -3
0.0014892 -4.08 -2.8
0.0014896 -4 -2.6
0.00149 -4 -2.6
0.0014904 -3.92 -2.6
0.0014908 -3.92 -2.4
0.0014912 -3.84 -2.2
0.0014916 -3.76 -2.2
0.001492 -3.76 -2.4
0.0014924 -3.68 -2.2
0.0014928 -3.6 -1.8
0.0014932 -3.6 -1.8
0.0014936 -3.52 -1.8
0.001494 -3.52 -1.6
0.0014944 -3.52 -1.6
0.0014948 -3.36 -1.6
0.0014952 -3.28 -1.4
0.0014956 -3.28 -1.2
0.001496 -3.2 -1
0.0014964 -3.2 -1
0.0014968 -3.04 -1
0.0014972 -3.04 -1
0.0014976 -3.04 -1
0.001498 -2.88 -0.6
0.0014984 -2.8 -0.6
0.0014988 -2.72 -0.6
0.0014992 -2.64 -0.4
0.0014996 -2.64 0
0.0015 -2.56 0
0.0015004 -2.4 0
0.0015008 -2.4 0
0.0015012 -2.32 0.4
0.0015016 -2.32 0.4
0.001502 -2.24 0.4
0.0015024 -2.16 0.4
0.0015028 -2.08 0.8
0.0015032 -2 0.8
0.0015036 -1.92 0.8
0.001504 -1.84 1
0.0015044 -1.68 1
0.0015048 -1.68 1
0.0015052 -1.6 1.2
0.0015056 -1.52 1.2
0.001506 -1.44 1.6
0.0015064 -1.36 1.6
0.0015068 -1.36 1.6
0.0015072 -1.28 1.6
0.0015076 -1.12 1.8
0.001508 -1.12 2
0.0015084 -1.04 2
0.0015088 -0.88 2
0.0015092 -0.8 2.2
0.0015096 -0.72 2.4
0.00151 -0.64 2.4
0.0015104 -0.64 2.4
0.0015108 -0.48 2.6
0.0015112 -0.4 2.6
0.0015116 -0.4 2.6
0.001512 -0.32 2.6
0.0015124 -0.16 2.8
0.0015128 0 3
0.0015132 0.08 3.2
0.0015136 0.16 3.2
0.001514 0.24 3.2
0.0015144 0.32 3.2
0.0015148 0.4 3.4
0.0015152 0.4 3.4
0.0015156 0.56 3.4
0.001516 0.72 3.6
0.0015164 0.72 3.6
0.0015168 0.8 3.8
0.0015172 0.96 3.6
0.0015176 0.96 3.8
0.001518 1.04 4
0.0015184 1.12 4
0.0015188 1.2 4
0.0015192 1.28 4
0.0015196 1.36 4.2
0.00152 1.44 4.4
0.0015204 1.52 4
0.0015208 1.52 4.4
0.0015212 1.6 4.4
0.0015216 1.76 4.4
0.001522 1.84 4.4
0.0015224 1.84 4.4
0.0015228 1.92 4.8
0.0015232 2.08 4.8
0.0015236 2.16 4.8
0.001524 2.16 4.8
0.0015244 2.24 5
0.0015248 2.32 4.8
0.0015252 2.32 4.8
0.0015256 2.48 5
0.001526 2.48 5
0.0015264 2.64 5
0.0015268 2.64 5
0.0015272 2.8 5.2
0.0015276 2.8 5
0.001528 2.88 5.2
0.0015284 2.88 5.2
0.0015288 2.96 5
0.0015292 3.12 5.2
0.0015296 3.12 5.4
0.00153 3.12 5.4
0.0015304 3.2 5.2
0.0015308 3.28 5.2
0.0015312 3.36 5.6
0.0015316 3.36 5.6
0.001532 3.44 5.2
0.0015324 3.52 5.2
0.0015328 3.52 5.6
0.0015332 3.6 5.6
0.0015336 3.6 5.4
0.001534 3.76 5.4
0.0015344 3.76 5.4
0.0015348 3.84 5.4
0.0015352 3.84 5.4
0.0015356 3.92 5.4
0.001536 3.92 5.4
0.0015364 3.92 5.6
0.0015368 4 5.2
0.0015372 4.08 5.2
0.0015376 4.08 5.4
0.001538 4.08 5.4
0.0015384 4.16 5.2
0.0015388 4.16 5.2
0.0015392 4.16 5
0.0015396 4.24 5.2
0.00154 4.24 5.2
0.0015404 4.32 5
0.0015408 4.32 5.2
0.0015412 4.4 5.2
0.0015416 4.4 5.2
0.001542 4.4 5
0.0015424 4.48 5
0.0015428 4.48 5
0.0015432 4.48 5.2
0.0015436 4.48 4.8
0.001544 4.56 4.8
0.0015444 4.48 5
0.0015448 4.56 4.8
0.0015452 4.48 4.8
0.0015456 4.56 4.6
0.001546 4.56 4.6
0.0015464 4.56 4.6
0.0015468 4.56 4.6
0.0015472 4.56 4.4
0.0015476 4.56 4.4
0.001548 4.56 4.4
0.0015484 4.56 4.4
0.0015488 4.56 4.2
0.0015492 4.56 4
0.0015496 4.56 4.4
0.00155 4.56 4.2
0.0015504 4.56 4
0.0015508 4.56 4
0.0015512 4.56 4
0.0015516 4.56 3.8
0.001552 4.48 3.6
0.0015524 4.48 3.6
0.0015528 4.48 3.6
0.0015532 4.48 3.6
0.0015536 4.48 3.6
0.001554 4.4 3.4
0.0015544 4.4 3.4
0.0015548 4.4 3.2
0.0015552 4.4 3.2
0.0015556 4.4 3.2
0.001556 4.24 3
0.0015564 4.24 3
0.0015568 4.24 2.8
0.0015572 4.24 2.6
0.0015576 4.16 2.6
0.001558 4.08 2.8
0.0015584 4.08 2.6
0.0015588 4.08 2.4
0.0015592 4.08 2.2
0.0015596 4.08 2.2
0.00156 3.92 2.2
0.0015604 3.92 2
0.0015608 3.92 2
0.0015612 3.84 2
0.0015616 3.76 1.8
0.001562 3.76 1.6
0.0015624 3.76 1.6
0.0015628 3.6 1.4
0.0015632 3.6 1.6
0.0015636 3.6 1.2
0.001564 3.52 1.2
0.0015644 3.44 1
0.0015648 3.44 1
0.0015652 3.28 1
0.0015656 3.28 0.8
0.001566 3.2 0.8
0.0015664 3.2 0.8
0.0015668 3.2 0.4
0.0015672 3.12 0.4
0.0015676 2.96 0.2
0.001568 2.96 0.4
0.0015684 2.88 0.2
0.0015688 2.88 0
0.0015692 2.8 0
0.0015696 2.72 0
0.00157 2.56 -0.4
0.0015704 2.56 -0.6
0.0015708 2.48 -0.6
0.0015712 2.48 -0.6
0.0015716 2.32 -0.8
0.001572 2.32 -1
0.0015724 2.16 -1
0.0015728 2.16 -1
0.0015732 2.16 -1
0.0015736 2 -1.2
0.001574 1.92 -1.2
0.0015744 1.84 -1.4
0.0015748 1.84 -1.6
0.0015752 1.68 -1.6
0.0015756 1.68 -1.8
0.001576 1.52 -1.8
0.0015764 1.44 -2
0.0015768 1.36 -2.2
0.0015772 1.28 -2.2
0.0015776 1.28 -2.2
0.001578 1.2 -2.2
0.0015784 1.04 -2.6
0.0015788 1.04 -2.6
0.0015792 0.88 -2.8
0.0015796 0.88 -2.6
0.00158 0.72 -2.8
0.0015804 0.72 -3
0.0015808 0.64 -3
0.0015812 0.56 -3
0.0015816 0.4 -3.2
0.001582 0.32 -3.4
0.0015824 0.32 -3.4
0.0015828 0.24 -3.4
0.0015832 0.16 -3.4
0.0015836 0.08 -3.8
0.001584 -0.16 -3.6
0.0015844 -0.16 -3.6
0.0015848 -0.32 -4
0.0015852 -0.4 -4
0.0015856 -0.48 -4.2
0.001586 -0.48 -4.2
0.0015864 -0.64 -4
0.0015868 -0.72 -4.2
0.0015872 -0.8 -4.6
0.0015876 -0.88 -4.4
0.001588 -0.96 -4.4
0.0015884 -1.04 -4.4
0.0015888 -1.12 -4.6
0.0015892 -1.12 -4.6
0.0015896 -1.28 -4.8
0.00159 -1.36 -4.8
0.0015904 -1.44 -5
0.0015908 -1.44 -5
0.0015912 -1.6 -4.8
0.0015916 -1.68 -5
0.001592 -1.68 -5.2
0.0015924 -1.76 -5.4
0.0015928 -1.92 -5.2
0.0015932 -1.92 -5.2
0.0015936 -2 -5.4
0.001594 -2.08 -5.4
0.0015944 -2.08 -5.6
0.0015948 -2.24 -5.4
0.0015952 -2.32 -5.6
0.0015956 -2.4 -5.6
0.001596 -2.4 -5.8
0.0015964 -2.56 -5.6
0.0015968 -2.56 -5.8
0.0015972 -2.64 -5.8
0.0015976 -2.72 -5.8
0.001598 -2.8 -5.8
0.0015984 -2.88 -5.8
0.0015988 -2.96 -5.8
0.0015992 -3.04 -5.8
0.0015996 -3.04 -5.8
