0 0.8 0.72
2e-06 0.8 0.72
4e-06 -0.8 -0.8
6e-06 -0.8 -0.88
8e-06 -0.96 -0.96
1e-05 -1.04 -0.96
1.2e-05 -1.12 -1.04
1.4e-05 -1.12 -1.04
1.6e-05 -1.12 -1.2
1.8e-05 -1.28 -1.2
2e-05 -1.28 -1.28
2.2e-05 -1.36 -1.36
2.4e-05 -1.44 -1.44
2.6e-05 -1.44 -1.44
2.8e-05 -1.52 -1.52
3e-05 -1.6 -1.6
3.2e-05 -1.6 -1.6
3.4e-05 -1.68 -1.68
3.6e-05 -1.76 -1.76
3.8e-05 -1.76 -1.84
4e-05 -1.92 -1.92
4.2e-05 -1.92 -1.92
4.4e-05 -2 -2
4.6e-05 -2.08 -2
4.8e-05 -2.08 -2
5e-05 -2.24 -2.16
5.2e-05 -2.24 -2.24
5.4e-05 -2.24 -2.32
5.6e-05 -2.32 -2.32
5.8e-05 -2.4 -2.4
6e-05 -2.4 -2.48
6.2e-05 -2.48 -2.4
6.4e-05 -2.56 -2.56
6.6e-05 -2.64 -2.64
6.8e-05 -2.72 -2.72
7e-05 -2.72 -2.64
7.2e-05 -2.88 -2.8
7.4e-05 -2.88 -2.8
7.6e-05 -2.88 -2.88
7.8e-05 -2.96 -2.96
8e-05 -2.96 -2.96
8.2e-05 -3.04 -3.04
8.4e-05 -3.12 -3.04
8.6e-05 -3.12 -3.12
8.8e-05 -3.28 -3.2
9e-05 -3.28 -3.28
9.2e-05 -3.36 -3.28
9.4e-05 -3.36 -3.44
9.6e-05 -3.44 -3.44
9.8e-05 -3.52 -3.44
0.0001 -3.52 -3.44
0.000102 -3.6 -3.6
0.000104 -3.68 -3.6
0.000106 -3.68 -3.6
0.000108 -3.68 -3.76
0.00011 -3.84 -3.76
0.000112 -3.84 -3.84
0.000114 -3.84 -3.76
0.000116 -3.92 -3.84
0.000118 -4 -3.92
0.00012 -4 -4
0.000122 -4 -4
0.000124 -4.16 -4.08
0.000126 -4.16 -4.08
0.000128 -4.24 -4.16
0.00013 -4.16 -4.16
0.000132 -4.24 -4.24
0.000134 -4.32 -4.24
0.000136 -4.32 -4.32
0.000138 -4.32 -4.32
0.00014 -4.48 -4.4
0.000142 -4.48 -4.4
0.000144 -4.48 -4.48
0.000146 -4.56 -4.56
0.000148 -4.64 -4.48
0.00015 -4.64 -4.56
0.000152 -4.64 -4.64
0.000154 -4.64 -4.64
0.000156 -4.8 -4.72
0.000158 -4.8 -4.72
0.00016 -4.8 -4.8
0.000162 -4.88 -4.88
0.000164 -4.88 -4.8
0.000166 -4.96 -4.8
0.000168 -4.96 -4.88
0.00017 -4.96 -4.88
0.000172 -4.96 -4.88
0.000174 -4.96 -4.96
0.000176 -5.12 -5.04
0.000178 -5.12 -5.04
0.00018 -5.12 -5.12
0.000182 -5.2 -5.12
0.000184 -5.2 -5.12
0.000186 -5.2 -5.2
0.000188 -5.2 -5.2
0.00019 -5.2 -5.2
0.000192 -5.28 -5.2
0.000194 -5.28 -5.28
0.000196 -5.36 -5.28
0.000198 -5.44 -5.36
0.0002 -5.44 -5.28
0.000202 -5.44 -5.36
0.000204 -5.44 -5.36
0.000206 -5.44 -5.36
0.000208 -5.44 -5.36
0.00021 -5.52 -5.52
0.000212 -5.52 -5.52
0.000214 -5.52 -5.44
0.000216 -5.52 -5.44
0.000218 -5.6 -5.52
0.00022 -5.6 -5.52
0.000222 -5.6 -5.52
0.000224 -5.6 -5.52
0.000226 -5.6 -5.6
0.000228 -5.6 -5.6
0.00023 -5.6 -5.6
0.000232 -5.68 -5.6
0.000234 -5.68 -5.6
0.000236 -5.68 -5.6
0.000238 -5.76 -5.68
0.00024 -5.76 -5.68
0.000242 -5.76 -5.6
0.000244 -5.76 -5.68
0.000246 -5.76 -5.76
0.000248 -5.76 -5.68
0.00025 -5.76 -5.76
0.000252 -5.76 -5.68
0.000254 -5.84 -5.76
0.000256 -5.76 -5.76
0.000258 -5.84 -5.68
0.00026 -5.84 -5.68
0.000262 -5.84 -5.68
0.000264 -5.76 -5.76
0.000266 -5.84 -5.76
0.000268 -5.76 -5.76
0.00027 -5.84 -5.68
0.000272 -5.76 -5.68
0.000274 -5.76 -5.68
0.000276 -5.76 -5.68
0.000278 -5.84 -5.76
0.00028 -5.76 -5.68
0.000282 -5.84 -5.76
0.000284 -5.76 -5.76
0.000286 -5.76 -5.6
0.000288 -5.76 -5.68
0.00029 -5.76 -5.68
0.000292 -5.76 -5.68
0.000294 -5.76 -5.6
0.000296 -5.76 -5.68
0.000298 -5.68 -5.6
0.0003 -5.76 -5.6
0.000302 -5.68 -5.6
0.000304 -5.76 -5.6
0.000306 -5.68 -5.6
0.000308 -5.68 -5.52
0.00031 -5.6 -5.6
0.000312 -5.68 -5.6
0.000314 -5.6 -5.52
0.000316 -5.6 -5.52
0.000318 -5.6 -5.52
0.00032 -5.52 -5.52
0.000322 -5.6 -5.44
0.000324 -5.6 -5.44
0.000326 -5.52 -5.44
0.000328 -5.52 -5.44
0.00033 -5.52 -5.36
0.000332 -5.44 -5.44
0.000334 -5.52 -5.36
0.000336 -5.44 -5.36
0.000338 -5.44 -5.28
0.00034 -5.36 -5.36
0.000342 -5.44 -5.28
0.000344 -5.28 -5.2
0.000346 -5.28 -5.2
0.000348 -5.28 -5.2
0.00035 -5.28 -5.2
0.000352 -5.28 -5.12
0.000354 -5.28 -5.12
0.000356 -5.12 -5.12
0.000358 -5.2 -5.04
0.00036 -5.12 -5.04
0.000362 -5.12 -5.04
0.000364 -5.04 -5.04
0.000366 -5.04 -4.96
0.000368 -4.96 -4.96
0.00037 -4.96 -4.88
0.000372 -4.96 -4.8
0.000374 -4.96 -4.8
0.000376 -4.88 -4.88
0.000378 -4.8 -4.72
0.00038 -4.8 -4.72
0.000382 -4.8 -4.72
0.000384 -4.8 -4.56
0.000386 -4.8 -4.56
0.000388 -4.64 -4.56
0.00039 -4.64 -4.48
0.000392 -4.64 -4.56
0.000394 -4.56 -4.4
0.000396 -4.56 -4.4
0.000398 -4.48 -4.4
0.0004 -4.48 -4.4
0.000402 -4.48 -4.32
0.000404 -4.32 -4.32
0.000406 -4.32 -4.24
0.000408 -4.32 -4.16
0.00041 -4.24 -4.16
0.000412 -4.16 -4.08
0.000414 -4.16 -4
0.000416 -4.08 -3.92
0.000418 -4 -3.92
0.00042 -4 -3.92
0.000422 -3.92 -3.84
0.000424 -3.92 -3.84
0.000426 -3.92 -3.76
0.000428 -3.84 -3.68
0.00043 -3.76 -3.68
0.000432 -3.68 -3.6
0.000434 -3.68 -3.6
0.000436 -3.6 -3.52
0.000438 -3.6 -3.44
0.00044 -3.52 -3.44
0.000442 -3.52 -3.44
0.000444 -3.44 -3.28
0.000446 -3.36 -3.28
0.000448 -3.28 -3.2
0.00045 -3.28 -3.2
0.000452 -3.2 -3.12
0.000454 -3.12 -3.12
0.000456 -3.04 -3.04
0.000458 -3.04 -2.96
0.00046 -2.96 -2.88
0.000462 -2.88 -2.88
0.000464 -2.88 -2.8
0.000466 -2.88 -2.72
0.000468 -2.72 -2.72
0.00047 -2.72 -2.64
0.000472 -2.64 -2.56
0.000474 -2.64 -2.48
0.000476 -2.56 -2.48
0.000478 -2.48 -2.4
0.00048 -2.4 -2.32
0.000482 -2.4 -2.32
0.000484 -2.32 -2.24
0.000486 -2.32 -2.24
0.000488 -2.24 -2.16
0.00049 -2.16 -2.08
0.000492 -2.08 -2
0.000494 -2 -1.92
0.000496 -2 -1.84
0.000498 -1.92 -1.92
0.0005 -1.92 -1.76
0.000502 -1.76 -1.68
0.000504 -1.76 -1.68
0.000506 -1.68 -1.6
0.000508 -1.68 -1.6
0.00051 -1.6 -1.44
0.000512 -1.44 -1.36
0.000514 -1.44 -1.36
0.000516 -1.36 -1.28
0.000518 -1.36 -1.28
0.00052 -1.28 -1.28
0.000522 -1.2 -1.12
0.000524 -1.12 -1.04
0.000526 -1.12 -1.04
0.000528 -1.04 -0.96
0.00053 -1.04 -0.8
0.000532 -0.96 -0.72
0.000534 -0.8 -0.72
0.000536 -0.8 -0.72
0.000538 -0.72 -0.56
0.00054 -0.64 -0.64
0.000542 -0.56 -0.48
0.000544 -0.48 -0.48
0.000546 -0.4 -0.32
0.000548 -0.48 -0.32
0.00055 -0.32 -0.24
0.000552 -0.32 -0.24
0.000554 -0.16 -0.24
0.000556 -0.16 0
0.000558 -0.16 0
0.00056 0 0.08
0.000562 0.08 0.08
0.000564 0.16 0.16
0.000566 0.24 0.32
0.000568 0.24 0.32
0.00057 0.32 0.4
0.000572 0.4 0.48
0.000574 0.48 0.48
0.000576 0.56 0.56
0.000578 0.64 0.64
0.00058 0.64 0.72
0.000582 0.72 0.8
0.000584 0.72 0.8
0.000586 0.88 0.88
0.000588 0.96 0.96
0.00059 0.96 0.96
0.000592 1.04 0.96
0.000594 1.12 1.12
0.000596 1.12 1.2
0.000598 1.2 1.28
0.0006 1.28 1.28
0.000602 1.28 1.36
0.000604 1.36 1.44
0.000606 1.36 1.44
0.000608 1.52 1.52
0.00061 1.6 1.6
0.000612 1.68 1.68
0.000614 1.68 1.68
0.000616 1.68 1.76
0.000618 1.84 1.84
0.00062 1.84 1.84
0.000622 1.92 1.92
0.000624 2 2.08
0.000626 2 2
0.000628 2.16 2.08
0.00063 2.16 2.24
0.000632 2.16 2.32
0.000634 2.24 2.24
0.000636 2.32 2.4
0.000638 2.4 2.4
0.00064 2.48 2.48
0.000642 2.48 2.48
0.000644 2.56 2.56
0.000646 2.64 2.64
0.000648 2.64 2.72
0.00065 2.72 2.72
0.000652 2.8 2.8
0.000654 2.8 2.88
0.000656 2.88 2.88
0.000658 2.88 2.88
0.00066 2.96 2.96
0.000662 3.04 2.96
0.000664 3.12 3.12
0.000666 3.12 3.2
0.000668 3.2 3.28
0.00067 3.28 3.28
0.000672 3.28 3.36
0.000674 3.36 3.36
0.000676 3.44 3.44
0.000678 3.44 3.44
0.00068 3.44 3.52
0.000682 3.52 3.6
0.000684 3.6 3.6
0.000686 3.6 3.6
0.000688 3.76 3.68
0.00069 3.76 3.76
0.000692 3.76 3.76
0.000694 3.84 3.84
0.000696 3.84 3.92
0.000698 3.92 3.92
0.0007 3.92 3.92
0.000702 3.92 4
0.000704 4 4
0.000706 4.08 4.16
0.000708 4.16 4.16
0.00071 4.16 4.16
0.000712 4.16 4.24
0.000714 4.24 4.16
0.000716 4.32 4.24
0.000718 4.32 4.4
0.00072 4.4 4.32
0.000722 4.4 4.4
0.000724 4.4 4.4
0.000726 4.48 4.48
0.000728 4.56 4.48
0.00073 4.56 4.56
0.000732 4.56 4.64
0.000734 4.72 4.64
0.000736 4.72 4.64
0.000738 4.72 4.72
0.00074 4.72 4.72
0.000742 4.8 4.8
0.000744 4.8 4.72
0.000746 4.8 4.8
0.000748 4.88 4.8
0.00075 4.88 4.88
0.000752 4.88 4.88
0.000754 5.04 5.04
0.000756 5.04 4.96
0.000758 5.04 4.96
0.00076 5.04 5.04
0.000762 5.04 5.12
0.000764 5.12 5.04
0.000766 5.12 5.12
0.000768 5.12 5.12
0.00077 5.12 5.12
0.000772 5.2 5.2
0.000774 5.2 5.2
0.000776 5.2 5.28
0.000778 5.28 5.2
0.00078 5.28 5.2
0.000782 5.36 5.28
0.000784 5.36 5.36
0.000786 5.36 5.36
0.000788 5.36 5.36
0.00079 5.36 5.44
0.000792 5.36 5.36
0.000794 5.44 5.36
0.000796 5.44 5.44
0.000798 5.44 5.44
0.0008 5.52 5.44
0.000802 5.44 5.44
0.000804 5.52 5.52
0.000806 5.52 5.52
0.000808 5.52 5.44
0.00081 5.52 5.52
0.000812 5.52 5.52
0.000814 5.52 5.44
0.000816 5.52 5.52
0.000818 5.6 5.52
0.00082 5.6 5.52
0.000822 5.68 5.52
0.000824 5.6 5.52
0.000826 5.6 5.52
0.000828 5.6 5.52
0.00083 5.68 5.52
0.000832 5.68 5.6
0.000834 5.68 5.6
0.000836 5.68 5.52
0.000838 5.68 5.52
0.00084 5.68 5.6
0.000842 5.68 5.6
0.000844 5.68 5.6
0.000846 5.6 5.52
0.000848 5.68 5.6
0.00085 5.68 5.52
0.000852 5.68 5.52
0.000854 5.68 5.6
0.000856 5.6 5.6
0.000858 5.68 5.52
0.00086 5.68 5.6
0.000862 5.68 5.52
0.000864 5.68 5.52
0.000866 5.6 5.52
0.000868 5.52 5.52
0.00087 5.6 5.52
0.000872 5.68 5.52
0.000874 5.52 5.44
0.000876 5.52 5.52
0.000878 5.52 5.52
0.00088 5.52 5.52
0.000882 5.52 5.44
0.000884 5.52 5.44
0.000886 5.52 5.44
0.000888 5.44 5.44
0.00089 5.44 5.44
0.000892 5.36 5.44
0.000894 5.44 5.36
0.000896 5.36 5.36
0.000898 5.36 5.36
0.0009 5.36 5.28
0.000902 5.36 5.28
0.000904 5.36 5.28
0.000906 5.36 5.28
0.000908 5.28 5.2
0.00091 5.28 5.2
0.000912 5.2 5.28
0.000914 5.2 5.2
0.000916 5.2 5.12
0.000918 5.12 5.12
0.00092 5.12 5.12
0.000922 5.12 5.04
0.000924 5.12 5.04
0.000926 5.04 5.04
0.000928 5.04 5.04
0.00093 5.04 4.96
0.000932 5.04 4.96
0.000934 4.96 4.96
0.000936 4.88 4.88
0.000938 4.88 4.88
0.00094 4.88 4.8
0.000942 4.8 4.88
0.000944 4.88 4.72
0.000946 4.8 4.8
0.000948 4.8 4.72
0.00095 4.72 4.72
0.000952 4.72 4.56
0.000954 4.72 4.64
0.000956 4.64 4.56
0.000958 4.56 4.56
0.00096 4.56 4.48
0.000962 4.56 4.48
0.000964 4.48 4.48
0.000966 4.4 4.32
0.000968 4.4 4.32
0.00097 4.4 4.32
0.000972 4.32 4.24
0.000974 4.24 4.16
0.000976 4.24 4.16
0.000978 4.24 4.16
0.00098 4.16 4.16
0.000982 4.16 4.08
0.000984 4.08 4
0.000986 4.08 4
0.000988 3.92 3.84
0.00099 3.92 3.84
0.000992 3.84 3.84
0.000994 3.84 3.84
0.000996 3.76 3.76
0.000998 3.76 3.76
0.001 3.76 3.68
0.001002 3.76 3.6
0.001004 3.6 3.6
0.001006 3.52 3.52
0.001008 3.52 3.44
0.00101 3.44 3.36
0.001012 3.44 3.36
0.001014 3.44 3.36
0.001016 3.36 3.28
0.001018 3.28 3.2
0.00102 3.2 3.2
0.001022 3.2 3.12
0.001024 3.12 3.04
0.001026 3.12 2.96
0.001028 3.04 3.04
0.00103 2.96 2.96
0.001032 2.96 2.88
0.001034 2.88 2.8
0.001036 2.8 2.72
0.001038 2.8 2.64
0.00104 2.72 2.64
0.001042 2.64 2.64
0.001044 2.56 2.56
0.001046 2.48 2.48
0.001048 2.48 2.4
0.00105 2.48 2.4
0.001052 2.4 2.32
0.001054 2.32 2.24
0.001056 2.24 2.24
0.001058 2.16 2.08
0.00106 2.16 2.08
0.001062 2.16 2
0.001064 2 2
0.001066 2 1.92
0.001068 1.92 1.92
0.00107 1.84 1.76
0.001072 1.84 1.76
0.001074 1.68 1.6
0.001076 1.68 1.6
0.001078 1.6 1.6
0.00108 1.52 1.44
0.001082 1.52 1.36
0.001084 1.44 1.44
0.001086 1.36 1.28
0.001088 1.28 1.28
0.00109 1.2 1.2
0.001092 1.2 1.12
0.001094 1.12 1.04
0.001096 1.04 1.04
0.001098 0.96 0.96
0.0011 0.96 0.96
0.001102 0.96 0.8
0.001104 0.88 0.8
0.001106 0.72 0.72
0.001108 0.72 0.72
0.00111 0.64 0.56
0.001112 0.56 0.56
0.001114 0.56 0.48
0.001116 0.4 0.4
0.001118 0.32 0.32
0.00112 0.24 0.32
0.001122 0.24 0.24
0.001124 0.24 0.16
0.001126 0.08 0.08
0.001128 0.08 0.08
0.00113 0 0
0.001132 -0.16 -0.16
0.001134 -0.16 -0.24
0.001136 -0.24 -0.24
0.001138 -0.32 -0.32
0.00114 -0.4 -0.4
0.001142 -0.48 -0.4
0.001144 -0.48 -0.48
0.001146 -0.48 -0.64
0.001148 -0.56 -0.64
0.00115 -0.64 -0.64
0.001152 -0.72 -0.72
0.001154 -0.8 -0.8
0.001156 -0.8 -0.88
0.001158 -0.96 -0.88
0.00116 -1.04 -1.04
0.001162 -1.04 -1.04
0.001164 -1.12 -1.12
0.001166 -1.28 -1.12
0.001168 -1.2 -1.28
0.00117 -1.36 -1.28
0.001172 -1.36 -1.36
0.001174 -1.44 -1.44
0.001176 -1.44 -1.52
0.001178 -1.52 -1.6
0.00118 -1.6 -1.6
0.001182 -1.68 -1.68
0.001184 -1.76 -1.68
0.001186 -1.76 -1.76
0.001188 -1.76 -1.76
0.00119 -1.92 -1.92
0.001192 -1.92 -1.92
0.001194 -2 -1.92
0.001196 -2 -2.08
0.001198 -2.16 -2.16
0.0012 -2.24 -2.24
0.001202 -2.24 -2.24
0.001204 -2.32 -2.32
0.001206 -2.4 -2.32
0.001208 -2.4 -2.4
0.00121 -2.56 -2.48
0.001212 -2.56 -2.56
0.001214 -2.64 -2.64
0.001216 -2.64 -2.64
0.001218 -2.72 -2.64
0.00122 -2.72 -2.72
0.001222 -2.88 -2.72
0.001224 -2.88 -2.8
0.001226 -2.96 -2.88
0.001228 -2.96 -2.96
0.00123 -3.04 -2.96
0.001232 -3.04 -3.12
0.001234 -3.2 -3.12
0.001236 -3.2 -3.12
0.001238 -3.28 -3.2
0.00124 -3.28 -3.28
0.001242 -3.36 -3.36
0.001244 -3.36 -3.36
0.001246 -3.52 -3.44
0.001248 -3.52 -3.52
0.00125 -3.52 -3.52
0.001252 -3.6 -3.52
0.001254 -3.68 -3.6
0.001256 -3.68 -3.6
0.001258 -3.76 -3.68
0.00126 -3.84 -3.76
0.001262 -3.84 -3.84
0.001264 -3.84 -3.84
0.001266 -3.92 -3.92
0.001268 -4 -3.92
0.00127 -4 -4
0.001272 -4.08 -3.92
0.001274 -4.08 -4.08
0.001276 -4.16 -4.16
0.001278 -4.16 -4.16
0.00128 -4.24 -4.16
0.001282 -4.24 -4.24
0.001284 -4.32 -4.24
0.001286 -4.32 -4.32
0.001288 -4.4 -4.32
0.00129 -4.48 -4.4
0.001292 -4.48 -4.4
0.001294 -4.56 -4.48
0.001296 -4.56 -4.56
0.001298 -4.64 -4.56
0.0013 -4.64 -4.56
0.001302 -4.72 -4.64
0.001304 -4.72 -4.72
0.001306 -4.72 -4.72
0.001308 -4.8 -4.64
0.00131 -4.88 -4.8
0.001312 -4.88 -4.8
0.001314 -4.88 -4.8
0.001316 -4.88 -4.8
0.001318 -4.96 -4.88
0.00132 -4.96 -4.96
0.001322 -4.96 -4.96
0.001324 -5.04 -4.96
0.001326 -5.04 -5.04
0.001328 -5.12 -5.04
0.00133 -5.2 -5.04
0.001332 -5.2 -5.12
0.001334 -5.2 -5.2
0.001336 -5.2 -5.2
0.001338 -5.28 -5.12
0.00134 -5.28 -5.2
0.001342 -5.28 -5.28
0.001344 -5.28 -5.2
0.001346 -5.28 -5.2
0.001348 -5.36 -5.36
0.00135 -5.44 -5.36
0.001352 -5.44 -5.36
0.001354 -5.44 -5.36
0.001356 -5.44 -5.36
0.001358 -5.52 -5.36
0.00136 -5.52 -5.36
0.001362 -5.52 -5.44
0.001364 -5.52 -5.52
0.001366 -5.6 -5.44
0.001368 -5.6 -5.52
0.00137 -5.6 -5.52
0.001372 -5.6 -5.52
0.001374 -5.6 -5.52
0.001376 -5.6 -5.52
0.001378 -5.68 -5.52
0.00138 -5.6 -5.6
0.001382 -5.76 -5.6
0.001384 -5.68 -5.68
0.001386 -5.76 -5.68
0.001388 -5.76 -5.68
0.00139 -5.68 -5.68
0.001392 -5.76 -5.68
0.001394 -5.76 -5.6
0.001396 -5.76 -5.68
0.001398 -5.76 -5.68
0.0014 -5.76 -5.68
0.001402 -5.76 -5.68
0.001404 -5.76 -5.68
0.001406 -5.84 -5.76
0.001408 -5.76 -5.68
0.00141 -5.84 -5.68
0.001412 -5.84 -5.68
0.001414 -5.84 -5.68
0.001416 -5.84 -5.76
0.001418 -5.84 -5.68
0.00142 -5.84 -5.84
0.001422 -5.84 -5.76
0.001424 -5.84 -5.68
0.001426 -5.84 -5.68
0.001428 -5.76 -5.76
0.00143 -5.84 -5.68
0.001432 -5.84 -5.76
0.001434 -5.76 -5.68
0.001436 -5.76 -5.68
0.001438 -5.76 -5.68
0.00144 -5.76 -5.68
0.001442 -5.76 -5.68
0.001444 -5.76 -5.68
0.001446 -5.76 -5.68
0.001448 -5.76 -5.68
0.00145 -5.76 -5.68
0.001452 -5.68 -5.6
0.001454 -5.68 -5.6
0.001456 -5.68 -5.68
0.001458 -5.68 -5.6
0.00146 -5.6 -5.6
0.001462 -5.6 -5.52
0.001464 -5.6 -5.52
0.001466 -5.6 -5.52
0.001468 -5.6 -5.52
0.00147 -5.52 -5.52
0.001472 -5.6 -5.52
0.001474 -5.6 -5.44
0.001476 -5.52 -5.44
0.001478 -5.52 -5.44
0.00148 -5.52 -5.36
0.001482 -5.44 -5.36
0.001484 -5.44 -5.44
0.001486 -5.44 -5.36
0.001488 -5.44 -5.2
0.00149 -5.44 -5.28
0.001492 -5.44 -5.28
0.001494 -5.36 -5.28
0.001496 -5.28 -5.2
0.001498 -5.28 -5.2
0.0015 -5.28 -5.2
0.001502 -5.28 -5.12
0.001504 -5.2 -5.04
0.001506 -5.2 -5.12
0.001508 -5.12 -5.12
0.00151 -5.12 -5.04
0.001512 -5.12 -5.04
0.001514 -5.04 -4.96
0.001516 -4.96 -4.88
0.001518 -4.96 -4.88
0.00152 -4.96 -4.88
0.001522 -4.96 -4.88
0.001524 -4.88 -4.8
0.001526 -4.88 -4.8
0.001528 -4.8 -4.8
0.00153 -4.8 -4.72
0.001532 -4.8 -4.64
0.001534 -4.72 -4.56
0.001536 -4.64 -4.56
0.001538 -4.64 -4.56
0.00154 -4.64 -4.48
0.001542 -4.56 -4.56
0.001544 -4.56 -4.48
0.001546 -4.48 -4.4
0.001548 -4.4 -4.4
0.00155 -4.48 -4.32
0.001552 -4.32 -4.24
0.001554 -4.32 -4.24
0.001556 -4.32 -4.24
0.001558 -4.24 -4.16
0.00156 -4.16 -4.16
0.001562 -4.24 -4.08
0.001564 -4.16 -4.08
0.001566 -4.08 -4
0.001568 -4 -3.92
0.00157 -4 -3.92
0.001572 -4 -3.92
0.001574 -3.92 -3.76
0.001576 -3.84 -3.76
0.001578 -3.84 -3.76
0.00158 -3.68 -3.76
0.001582 -3.68 -3.6
0.001584 -3.68 -3.52
0.001586 -3.6 -3.52
0.001588 -3.6 -3.44
0.00159 -3.52 -3.44
0.001592 -3.52 -3.44
0.001594 -3.52 -3.28
0.001596 -3.36 -3.2
0.001598 -3.28 -3.2
0.0016 -3.28 -3.12
0.001602 -3.2 -3.04
0.001604 -3.2 -3.12
0.001606 -3.12 -2.96
0.001608 -3.04 -3.04
0.00161 -3.04 -2.96
0.001612 -2.96 -2.88
0.001614 -2.88 -2.8
0.001616 -2.8 -2.72
0.001618 -2.72 -2.72
0.00162 -2.72 -2.64
0.001622 -2.72 -2.56
0.001624 -2.56 -2.48
0.001626 -2.56 -2.48
0.001628 -2.4 -2.48
0.00163 -2.4 -2.4
0.001632 -2.4 -2.32
0.001634 -2.32 -2.24
0.001636 -2.24 -2.16
0.001638 -2.24 -2.08
0.00164 -2.08 -2
0.001642 -2.08 -2
0.001644 -2 -1.92
0.001646 -1.92 -1.92
0.001648 -1.92 -1.84
0.00165 -1.84 -1.76
0.001652 -1.76 -1.68
0.001654 -1.76 -1.6
0.001656 -1.68 -1.6
0.001658 -1.6 -1.52
0.00166 -1.6 -1.44
0.001662 -1.44 -1.36
0.001664 -1.44 -1.36
0.001666 -1.36 -1.28
0.001668 -1.28 -1.2
0.00167 -1.28 -1.12
0.001672 -1.12 -1.12
0.001674 -1.12 -1.04
0.001676 -1.04 -0.96
0.001678 -1.04 -0.96
0.00168 -0.96 -0.88
0.001682 -0.88 -0.88
0.001684 -0.8 -0.72
0.001686 -0.8 -0.72
0.001688 -0.72 -0.64
0.00169 -0.64 -0.56
0.001692 -0.56 -0.48
0.001694 -0.48 -0.48
0.001696 -0.4 -0.4
0.001698 -0.4 -0.32
0.0017 -0.32 -0.32
0.001702 -0.32 -0.24
0.001704 -0.16 0
0.001706 -0.16 0
0.001708 0 0
0.00171 0.08 0.08
0.001712 0.08 0.16
0.001714 0.24 0.24
0.001716 0.24 0.24
0.001718 0.32 0.32
0.00172 0.32 0.4
0.001722 0.4 0.48
0.001724 0.48 0.48
0.001726 0.56 0.64
0.001728 0.56 0.64
0.00173 0.64 0.64
0.001732 0.72 0.8
0.001734 0.72 0.88
0.001736 0.88 0.88
0.001738 0.88 0.96
0.00174 0.96 1.04
0.001742 1.04 1.12
0.001744 1.04 1.12
0.001746 1.2 1.2
0.001748 1.28 1.28
0.00175 1.28 1.28
0.001752 1.36 1.36
0.001754 1.36 1.44
0.001756 1.44 1.44
0.001758 1.52 1.52
0.00176 1.6 1.6
0.001762 1.68 1.68
0.001764 1.68 1.68
0.001766 1.76 1.68
0.001768 1.84 1.76
0.00177 1.92 1.92
0.001772 1.92 2
0.001774 1.92 2
0.001776 2 2.08
0.001778 2.08 2.24
0.00178 2.16 2.24
0.001782 2.24 2.24
0.001784 2.32 2.32
0.001786 2.32 2.4
0.001788 2.48 2.4
0.00179 2.48 2.48
0.001792 2.48 2.56
0.001794 2.56 2.64
0.001796 2.56 2.64
0.001798 2.64 2.72
0.0018 2.8 2.72
0.001802 2.8 2.88
0.001804 2.8 2.88
0.001806 2.88 2.96
0.001808 2.96 2.96
0.00181 2.96 3.04
0.001812 3.04 3.04
0.001814 3.12 3.2
0.001816 3.12 3.12
0.001818 3.2 3.2
0.00182 3.28 3.28
0.001822 3.28 3.28
0.001824 3.44 3.36
0.001826 3.44 3.44
0.001828 3.44 3.52
0.00183 3.52 3.52
0.001832 3.52 3.6
0.001834 3.6 3.6
0.001836 3.68 3.68
0.001838 3.76 3.68
0.00184 3.76 3.84
0.001842 3.84 3.84
0.001844 3.76 3.84
0.001846 3.84 3.92
0.001848 3.92 3.92
0.00185 3.92 4
0.001852 4.08 3.92
0.001854 4.08 4
0.001856 4.08 4.16
0.001858 4.16 4.16
0.00186 4.24 4.16
0.001862 4.16 4.24
0.001864 4.24 4.24
0.001866 4.32 4.24
0.001868 4.4 4.32
0.00187 4.4 4.4
0.001872 4.48 4.4
0.001874 4.48 4.48
0.001876 4.56 4.48
0.001878 4.48 4.56
0.00188 4.56 4.56
0.001882 4.64 4.64
0.001884 4.72 4.64
0.001886 4.72 4.64
0.001888 4.72 4.64
0.00189 4.72 4.72
0.001892 4.8 4.8
0.001894 4.88 4.8
0.001896 4.8 4.88
0.001898 4.88 4.88
0.0019 4.96 4.88
0.001902 5.04 4.88
0.001904 5.04 4.96
0.001906 5.04 4.96
0.001908 5.04 4.96
0.00191 5.04 5.04
0.001912 5.04 5.12
0.001914 5.12 5.12
0.001916 5.12 5.12
0.001918 5.12 5.12
0.00192 5.12 5.12
0.001922 5.2 5.12
0.001924 5.2 5.2
0.001926 5.28 5.2
0.001928 5.28 5.28
0.00193 5.36 5.28
0.001932 5.36 5.28
0.001934 5.36 5.28
0.001936 5.36 5.36
0.001938 5.36 5.28
0.00194 5.36 5.28
0.001942 5.44 5.36
0.001944 5.44 5.36
0.001946 5.44 5.36
0.001948 5.44 5.44
0.00195 5.52 5.44
0.001952 5.52 5.44
0.001954 5.52 5.44
0.001956 5.52 5.52
0.001958 5.52 5.44
0.00196 5.52 5.44
0.001962 5.52 5.52
0.001964 5.52 5.52
0.001966 5.52 5.52
0.001968 5.6 5.52
0.00197 5.6 5.52
0.001972 5.68 5.6
0.001974 5.6 5.52
0.001976 5.68 5.52
0.001978 5.6 5.6
0.00198 5.68 5.52
0.001982 5.6 5.52
0.001984 5.6 5.6
0.001986 5.68 5.6
0.001988 5.68 5.52
0.00199 5.6 5.6
0.001992 5.68 5.6
0.001994 5.68 5.6
0.001996 5.68 5.6
0.001998 5.6 5.6
0.002 5.6 5.6
0.002002 5.68 5.6
0.002004 5.6 5.52
0.002006 5.68 5.52
0.002008 5.68 5.6
0.00201 5.68 5.52
0.002012 5.68 5.44
0.002014 5.52 5.6
0.002016 5.68 5.52
0.002018 5.6 5.52
0.00202 5.6 5.52
0.002022 5.6 5.52
0.002024 5.52 5.44
0.002026 5.68 5.52
0.002028 5.52 5.52
0.00203 5.52 5.52
0.002032 5.52 5.52
0.002034 5.52 5.44
0.002036 5.52 5.44
0.002038 5.44 5.36
0.00204 5.44 5.36
0.002042 5.44 5.36
0.002044 5.44 5.36
0.002046 5.36 5.36
0.002048 5.44 5.36
0.00205 5.36 5.44
0.002052 5.36 5.28
0.002054 5.36 5.28
0.002056 5.36 5.2
0.002058 5.36 5.28
0.00206 5.36 5.12
0.002062 5.2 5.2
0.002064 5.2 5.2
0.002066 5.28 5.12
0.002068 5.2 5.12
0.00207 5.12 5.12
0.002072 5.12 5.12
0.002074 5.12 5.04
0.002076 5.12 4.96
0.002078 5.04 4.96
0.00208 5.04 4.96
0.002082 5.04 4.96
0.002084 5.04 4.88
0.002086 4.88 4.88
0.002088 4.88 4.88
0.00209 4.88 4.8
0.002092 4.88 4.8
0.002094 4.88 4.8
0.002096 4.8 4.64
0.002098 4.72 4.64
0.0021 4.72 4.64
0.002102 4.72 4.64
0.002104 4.72 4.56
0.002106 4.72 4.48
0.002108 4.56 4.56
0.00211 4.56 4.48
0.002112 4.56 4.48
0.002114 4.48 4.32
0.002116 4.4 4.4
0.002118 4.4 4.32
0.00212 4.4 4.32
0.002122 4.4 4.24
0.002124 4.32 4.24
0.002126 4.16 4.16
0.002128 4.16 4.16
0.00213 4.16 4.08
0.002132 4.08 4
0.002134 4.08 3.92
0.002136 4.08 4
0.002138 3.92 3.92
0.00214 3.92 3.84
0.002142 3.84 3.84
0.002144 3.84 3.84
0.002146 3.76 3.68
0.002148 3.76 3.68
0.00215 3.68 3.68
0.002152 3.6 3.6
0.002154 3.6 3.6
0.002156 3.6 3.52
0.002158 3.52 3.44
0.00216 3.52 3.36
0.002162 3.44 3.36
0.002164 3.44 3.28
0.002166 3.28 3.28
0.002168 3.28 3.2
0.00217 3.2 3.2
0.002172 3.2 3.2
0.002174 3.12 3.04
0.002176 3.12 2.96
0.002178 3.04 2.96
0.00218 2.96 2.96
0.002182 2.88 2.8
0.002184 2.88 2.8
0.002186 2.8 2.72
0.002188 2.72 2.64
0.00219 2.64 2.64
0.002192 2.56 2.56
0.002194 2.56 2.56
0.002196 2.48 2.48
0.002198 2.48 2.4
0.0022 2.4 2.32
0.002202 2.32 2.32
0.002204 2.32 2.24
0.002206 2.24 2.16
0.002208 2.16 2.16
0.00221 2.16 2.16
0.002212 2 2
0.002214 1.92 1.92
0.002216 2 1.92
0.002218 1.84 1.84
0.00222 1.76 1.76
0.002222 1.76 1.68
0.002224 1.68 1.68
0.002226 1.6 1.6
0.002228 1.6 1.52
0.00223 1.52 1.44
0.002232 1.52 1.44
0.002234 1.36 1.36
0.002236 1.36 1.28
0.002238 1.2 1.28
0.00224 1.2 1.2
0.002242 1.2 1.12
0.002244 1.12 1.12
0.002246 1.04 1.04
0.002248 0.96 0.88
0.00225 0.88 0.88
0.002252 0.88 0.8
0.002254 0.72 0.72
0.002256 0.72 0.72
0.002258 0.64 0.72
0.00226 0.56 0.56
0.002262 0.56 0.48
0.002264 0.48 0.48
0.002266 0.4 0.4
0.002268 0.32 0.32
0.00227 0.32 0.32
0.002272 0.24 0.16
0.002274 0.24 0.24
0.002276 0.08 0.16
0.002278 0.08 0.08
0.00228 0 0
0.002282 -0.16 -0.16
0.002284 -0.16 -0.24
0.002286 -0.24 -0.32
0.002288 -0.32 -0.32
0.00229 -0.4 -0.4
0.002292 -0.4 -0.48
0.002294 -0.48 -0.48
0.002296 -0.48 -0.56
0.002298 -0.64 -0.64
0.0023 -0.72 -0.72
0.002302 -0.8 -0.72
0.002304 -0.8 -0.8
0.002306 -0.8 -0.96
0.002308 -0.96 -0.96
0.00231 -1.04 -0.96
0.002312 -1.12 -1.04
0.002314 -1.12 -1.2
0.002316 -1.2 -1.2
0.002318 -1.28 -1.28
0.00232 -1.28 -1.36
0.002322 -1.36 -1.36
0.002324 -1.44 -1.44
0.002326 -1.44 -1.52
0.002328 -1.52 -1.52
0.00233 -1.6 -1.52
0.002332 -1.68 -1.6
0.002334 -1.76 -1.76
0.002336 -1.76 -1.84
0.002338 -1.92 -1.84
0.00234 -1.92 -1.92
0.002342 -2 -1.92
0.002344 -2.08 -1.92
0.002346 -2.08 -2.08
0.002348 -2.08 -2.16
0.00235 -2.24 -2.24
0.002352 -2.32 -2.24
0.002354 -2.32 -2.32
0.002356 -2.4 -2.32
0.002358 -2.4 -2.4
0.00236 -2.48 -2.4
0.002362 -2.56 -2.56
0.002364 -2.64 -2.64
0.002366 -2.72 -2.64
0.002368 -2.72 -2.64
0.00237 -2.72 -2.8
0.002372 -2.88 -2.88
0.002374 -2.88 -2.88
0.002376 -2.96 -2.96
0.002378 -2.96 -2.96
0.00238 -3.04 -2.96
0.002382 -3.04 -3.04
0.002384 -3.2 -3.12
0.002386 -3.2 -3.2
0.002388 -3.28 -3.2
0.00239 -3.28 -3.28
0.002392 -3.36 -3.36
0.002394 -3.44 -3.44
0.002396 -3.52 -3.36
0.002398 -3.52 -3.44
0.0024 -3.6 -3.52
0.002402 -3.6 -3.6
0.002404 -3.68 -3.6
0.002406 -3.68 -3.76
0.002408 -3.84 -3.76
0.00241 -3.84 -3.76
0.002412 -3.84 -3.84
0.002414 -3.84 -3.92
0.002416 -4 -3.92
0.002418 -4 -3.92
0.00242 -4 -4.08
0.002422 -4 -4.08
0.002424 -4.16 -4.08
0.002426 -4.16 -4.16
0.002428 -4.24 -4.24
0.00243 -4.24 -4.24
0.002432 -4.32 -4.24
0.002434 -4.32 -4.24
0.002436 -4.32 -4.4
0.002438 -4.4 -4.32
0.00244 -4.48 -4.4
0.002442 -4.48 -4.48
0.002444 -4.56 -4.48
0.002446 -4.56 -4.48
0.002448 -4.64 -4.56
0.00245 -4.72 -4.56
0.002452 -4.72 -4.64
0.002454 -4.72 -4.64
0.002456 -4.8 -4.8
0.002458 -4.8 -4.72
0.00246 -4.88 -4.72
0.002462 -4.8 -4.8
0.002464 -4.96 -4.88
0.002466 -4.96 -4.88
0.002468 -4.96 -4.88
0.00247 -4.96 -4.96
0.002472 -5.04 -5.04
0.002474 -5.04 -5.04
0.002476 -5.12 -5.04
0.002478 -5.12 -5.12
0.00248 -5.12 -5.12
0.002482 -5.12 -5.12
0.002484 -5.2 -5.12
0.002486 -5.2 -5.2
0.002488 -5.28 -5.2
0.00249 -5.28 -5.2
0.002492 -5.28 -5.28
0.002494 -5.28 -5.2
0.002496 -5.28 -5.36
0.002498 -5.44 -5.28
0.0025 -5.36 -5.36
0.002502 -5.44 -5.36
0.002504 -5.44 -5.36
0.002506 -5.44 -5.36
0.002508 -5.52 -5.44
0.00251 -5.52 -5.52
0.002512 -5.52 -5.44
0.002514 -5.52 -5.52
0.002516 -5.6 -5.52
0.002518 -5.6 -5.44
0.00252 -5.6 -5.52
0.002522 -5.6 -5.52
0.002524 -5.6 -5.52
0.002526 -5.6 -5.6
0.002528 -5.6 -5.6
0.00253 -5.68 -5.68
0.002532 -5.68 -5.52
0.002534 -5.76 -5.6
0.002536 -5.68 -5.6
0.002538 -5.76 -5.68
0.00254 -5.76 -5.6
0.002542 -5.6 -5.68
0.002544 -5.76 -5.68
0.002546 -5.76 -5.68
0.002548 -5.76 -5.68
0.00255 -5.76 -5.68
0.002552 -5.76 -5.68
0.002554 -5.76 -5.68
0.002556 -5.76 -5.68
0.002558 -5.76 -5.76
0.00256 -5.84 -5.76
0.002562 -5.76 -5.68
0.002564 -5.84 -5.76
0.002566 -5.84 -5.76
0.002568 -5.84 -5.68
0.00257 -5.76 -5.68
0.002572 -5.76 -5.68
0.002574 -5.76 -5.76
0.002576 -5.76 -5.68
0.002578 -5.76 -5.76
0.00258 -5.76 -5.68
0.002582 -5.76 -5.68
0.002584 -5.84 -5.68
0.002586 -5.76 -5.68
0.002588 -5.84 -5.68
0.00259 -5.76 -5.68
0.002592 -5.76 -5.68
0.002594 -5.76 -5.76
0.002596 -5.76 -5.68
0.002598 -5.76 -5.6
0.0026 -5.76 -5.6
0.002602 -5.76 -5.68
0.002604 -5.76 -5.6
0.002606 -5.68 -5.52
0.002608 -5.6 -5.52
0.00261 -5.6 -5.52
0.002612 -5.6 -5.52
0.002614 -5.6 -5.52
0.002616 -5.6 -5.52
0.002618 -5.6 -5.44
0.00262 -5.6 -5.44
0.002622 -5.6 -5.52
0.002624 -5.52 -5.44
0.002626 -5.52 -5.44
0.002628 -5.52 -5.44
0.00263 -5.44 -5.44
0.002632 -5.44 -5.44
0.002634 -5.44 -5.36
0.002636 -5.44 -5.36
0.002638 -5.44 -5.28
0.00264 -5.28 -5.28
0.002642 -5.28 -5.2
0.002644 -5.28 -5.2
0.002646 -5.28 -5.2
0.002648 -5.28 -5.2
0.00265 -5.28 -5.12
0.002652 -5.2 -5.12
0.002654 -5.2 -5.12
0.002656 -5.12 -5.04
0.002658 -5.2 -5.12
0.00266 -5.2 -5.04
0.002662 -5.12 -4.96
0.002664 -5.12 -4.96
0.002666 -5.04 -4.88
0.002668 -4.96 -4.88
0.00267 -4.96 -4.8
0.002672 -4.96 -4.8
0.002674 -4.88 -4.8
0.002676 -4.88 -4.72
0.002678 -4.8 -4.64
0.00268 -4.8 -4.72
0.002682 -4.8 -4.72
0.002684 -4.64 -4.56
0.002686 -4.72 -4.56
0.002688 -4.64 -4.56
0.00269 -4.64 -4.48
0.002692 -4.64 -4.48
0.002694 -4.56 -4.4
0.002696 -4.48 -4.4
0.002698 -4.48 -4.32
0.0027 -4.32 -4.32
0.002702 -4.32 -4.24
0.002704 -4.32 -4.24
0.002706 -4.24 -4.16
0.002708 -4.24 -4.08
0.00271 -4.24 -4.08
0.002712 -4.16 -4.08
0.002714 -4.16 -4
0.002716 -4 -4
0.002718 -4 -3.92
0.00272 -4 -3.92
0.002722 -4 -3.84
0.002724 -3.84 -3.84
0.002726 -3.84 -3.76
0.002728 -3.84 -3.68
0.00273 -3.68 -3.6
0.002732 -3.68 -3.6
0.002734 -3.68 -3.52
0.002736 -3.6 -3.52
0.002738 -3.6 -3.52
0.00274 -3.52 -3.36
0.002742 -3.52 -3.36
0.002744 -3.36 -3.36
0.002746 -3.36 -3.28
0.002748 -3.36 -3.2
0.00275 -3.2 -3.12
0.002752 -3.2 -3.12
0.002754 -3.2 -3.12
0.002756 -3.04 -2.96
0.002758 -3.04 -2.96
0.00276 -2.96 -2.88
0.002762 -2.96 -2.8
0.002764 -2.88 -2.72
0.002766 -2.8 -2.8
0.002768 -2.72 -2.72
0.00277 -2.72 -2.56
0.002772 -2.72 -2.48
0.002774 -2.64 -2.48
0.002776 -2.56 -2.4
0.002778 -2.56 -2.32
0.00278 -2.4 -2.32
0.002782 -2.4 -2.32
0.002784 -2.32 -2.24
0.002786 -2.24 -2.24
0.002788 -2.24 -2.16
0.00279 -2.08 -2
0.002792 -2.08 -2
0.002794 -2 -1.92
0.002796 -1.92 -1.92
0.002798 -1.84 -1.76
0.0028 -1.84 -1.68
0.002802 -1.76 -1.68
0.002804 -1.76 -1.68
0.002806 -1.68 -1.6
0.002808 -1.6 -1.52
0.00281 -1.52 -1.52
0.002812 -1.44 -1.36
0.002814 -1.44 -1.28
0.002816 -1.36 -1.28
0.002818 -1.36 -1.28
0.00282 -1.28 -1.2
0.002822 -1.12 -1.04
0.002824 -1.12 -1.04
0.002826 -1.04 -0.96
0.002828 -0.96 -0.96
0.00283 -0.96 -0.88
0.002832 -0.96 -0.88
0.002834 -0.8 -0.72
0.002836 -0.72 -0.64
0.002838 -0.64 -0.64
0.00284 -0.64 -0.64
0.002842 -0.48 -0.48
0.002844 -0.48 -0.4
0.002846 -0.4 -0.4
0.002848 -0.4 -0.32
0.00285 -0.32 -0.24
0.002852 -0.32 -0.24
0.002854 -0.16 0
0.002856 -0.16 0
0.002858 0 0.08
0.00286 0.08 0.08
0.002862 0.08 0.16
0.002864 0.24 0.32
0.002866 0.24 0.32
0.002868 0.32 0.32
0.00287 0.32 0.4
0.002872 0.4 0.48
0.002874 0.56 0.48
0.002876 0.56 0.56
0.002878 0.64 0.72
0.00288 0.64 0.72
0.002882 0.72 0.8
0.002884 0.88 0.88
0.002886 0.88 0.96
0.002888 0.88 0.96
0.00289 0.96 1.04
0.002892 1.12 1.12
0.002894 1.12 1.2
0.002896 1.2 1.2
0.002898 1.2 1.28
0.0029 1.28 1.36
0.002902 1.36 1.36
0.002904 1.44 1.36
0.002906 1.52 1.52
0.002908 1.52 1.6
0.00291 1.6 1.6
0.002912 1.68 1.68
0.002914 1.68 1.76
0.002916 1.84 1.76
0.002918 1.84 1.92
0.00292 1.84 1.92
0.002922 2 2
0.002924 2 2
0.002926 2.16 2.08
0.002928 2.16 2.08
0.00293 2.16 2.24
0.002932 2.24 2.24
0.002934 2.32 2.32
0.002936 2.32 2.4
0.002938 2.48 2.4
0.00294 2.48 2.48
0.002942 2.48 2.56
0.002944 2.56 2.64
0.002946 2.64 2.72
0.002948 2.64 2.72
0.00295 2.8 2.88
0.002952 2.8 2.88
0.002954 2.88 2.88
0.002956 2.96 2.88
0.002958 2.96 2.96
0.00296 2.96 2.96
0.002962 3.12 3.04
0.002964 3.12 3.2
0.002966 3.2 3.2
0.002968 3.28 3.2
0.00297 3.28 3.28
0.002972 3.36 3.36
0.002974 3.44 3.36
0.002976 3.44 3.36
0.002978 3.52 3.52
0.00298 3.52 3.52
0.002982 3.6 3.52
0.002984 3.6 3.6
0.002986 3.6 3.68
0.002988 3.76 3.76
0.00299 3.76 3.76
0.002992 3.84 3.84
0.002994 3.84 3.84
0.002996 3.84 3.84
0.002998 3.92 3.92
0.003 4.08 4
0.003002 4.08 4
0.003004 4.08 4.08
0.003006 4.08 4.16
0.003008 4.16 4.24
0.00301 4.16 4.16
0.003012 4.24 4.16
0.003014 4.24 4.24
0.003016 4.32 4.32
0.003018 4.32 4.4
0.00302 4.4 4.32
0.003022 4.4 4.4
0.003024 4.48 4.48
0.003026 4.56 4.4
0.003028 4.56 4.56
0.00303 4.56 4.56
0.003032 4.56 4.56
0.003034 4.64 4.64
0.003036 4.72 4.72
0.003038 4.72 4.8
0.00304 4.8 4.8
0.003042 4.8 4.8
0.003044 4.88 4.88
0.003046 4.88 4.8
0.003048 4.88 4.88
0.00305 4.88 4.88
0.003052 4.96 4.96
0.003054 5.04 4.96
0.003056 5.04 4.96
0.003058 5.04 5.04
0.00306 5.04 5.04
0.003062 5.04 5.04
0.003064 5.12 5.04
0.003066 5.12 5.12
0.003068 5.12 5.12
0.00307 5.2 5.12
0.003072 5.2 5.2
0.003074 5.2 5.2
0.003076 5.28 5.2
0.003078 5.36 5.2
0.00308 5.36 5.28
0.003082 5.36 5.28
0.003084 5.36 5.28
0.003086 5.36 5.36
0.003088 5.44 5.36
0.00309 5.44 5.44
0.003092 5.44 5.36
0.003094 5.36 5.44
0.003096 5.44 5.44
0.003098 5.44 5.44
0.0031 5.44 5.44
0.003102 5.52 5.44
0.003104 5.52 5.52
0.003106 5.52 5.44
0.003108 5.52 5.52
0.00311 5.52 5.52
0.003112 5.52 5.44
0.003114 5.52 5.52
0.003116 5.6 5.52
0.003118 5.52 5.52
0.00312 5.6 5.52
0.003122 5.68 5.6
0.003124 5.68 5.6
0.003126 5.6 5.6
0.003128 5.68 5.52
0.00313 5.68 5.6
0.003132 5.68 5.52
0.003134 5.68 5.52
0.003136 5.68 5.52
0.003138 5.68 5.6
0.00314 5.68 5.6
0.003142 5.68 5.52
0.003144 5.68 5.6
0.003146 5.68 5.6
0.003148 5.68 5.52
0.00315 5.68 5.52
0.003152 5.68 5.6
0.003154 5.68 5.6
0.003156 5.68 5.52
0.003158 5.68 5.52
0.00316 5.52 5.52
0.003162 5.6 5.52
0.003164 5.52 5.6
0.003166 5.6 5.52
0.003168 5.6 5.52
0.00317 5.52 5.52
0.003172 5.52 5.52
0.003174 5.52 5.52
0.003176 5.52 5.52
0.003178 5.52 5.44
0.00318 5.52 5.44
0.003182 5.52 5.44
0.003184 5.52 5.44
0.003186 5.44 5.36
0.003188 5.44 5.44
0.00319 5.44 5.44
0.003192 5.44 5.36
0.003194 5.44 5.44
0.003196 5.36 5.36
0.003198 5.36 5.28
0.0032 5.36 5.28
0.003202 5.36 5.28
0.003204 5.36 5.28
0.003206 5.36 5.2
0.003208 5.28 5.2
0.00321 5.28 5.2
0.003212 5.28 5.12
0.003214 5.2 5.12
0.003216 5.2 5.12
0.003218 5.2 5.12
0.00322 5.12 5.12
0.003222 5.12 5.04
0.003224 5.12 5.04
0.003226 5.04 4.96
0.003228 5.04 4.96
0.00323 5.04 4.96
0.003232 5.04 4.96
0.003234 5.04 4.88
0.003236 4.88 4.88
0.003238 4.88 4.88
0.00324 4.88 4.8
0.003242 4.8 4.8
0.003244 4.8 4.8
0.003246 4.8 4.72
0.003248 4.72 4.64
0.00325 4.72 4.64
0.003252 4.72 4.56
0.003254 4.72 4.56
0.003256 4.56 4.56
0.003258 4.56 4.56
0.00326 4.56 4.56
0.003262 4.56 4.48
0.003264 4.48 4.32
0.003266 4.4 4.32
0.003268 4.4 4.32
0.00327 4.4 4.24
0.003272 4.32 4.16
0.003274 4.24 4.24
0.003276 4.24 4.16
0.003278 4.16 4.16
0.00328 4.16 4.08
0.003282 4.08 4.08
0.003284 4.08 3.92
0.003286 4.08 3.92
0.003288 3.92 3.84
0.00329 3.92 3.92
0.003292 3.84 3.84
0.003294 3.76 3.76
0.003296 3.76 3.76
0.003298 3.76 3.68
0.0033 3.76 3.6
0.003302 3.6 3.6
0.003304 3.6 3.52
0.003306 3.52 3.52
0.003308 3.44 3.36
0.00331 3.44 3.44
0.003312 3.44 3.36
0.003314 3.36 3.28
0.003316 3.28 3.2
0.003318 3.28 3.2
0.00332 3.2 3.12
0.003322 3.12 3.04
0.003324 3.12 3.04
0.003326 3.04 3.04
0.003328 2.96 2.96
0.00333 2.88 2.88
0.003332 2.88 2.88
0.003334 2.8 2.72
0.003336 2.8 2.72
0.003338 2.8 2.64
0.00334 2.72 2.56
0.003342 2.56 2.56
0.003344 2.48 2.56
0.003346 2.48 2.48
0.003348 2.48 2.4
0.00335 2.48 2.32
0.003352 2.32 2.32
0.003354 2.32 2.24
0.003356 2.24 2.16
0.003358 2.16 2.08
0.00336 2.16 2.08
0.003362 2 2
0.003364 2 1.92
0.003366 1.92 1.92
0.003368 1.92 1.84
0.00337 1.84 1.76
0.003372 1.68 1.68
0.003374 1.68 1.6
0.003376 1.6 1.6
0.003378 1.6 1.52
0.00338 1.52 1.44
0.003382 1.44 1.44
0.003384 1.36 1.36
0.003386 1.36 1.28
0.003388 1.28 1.2
0.00339 1.2 1.2
0.003392 1.2 1.04
0.003394 1.12 1.04
0.003396 1.04 1.04
0.003398 0.96 0.96
0.0034 0.96 0.8
0.003402 0.88 0.8
0.003404 0.72 0.72
0.003406 0.72 0.64
0.003408 0.64 0.64
0.00341 0.56 0.56
0.003412 0.56 0.56
0.003414 0.48 0.4
0.003416 0.4 0.4
0.003418 0.32 0.32
0.00342 0.24 0.32
0.003422 0.24 0.16
0.003424 0.24 0.08
0.003426 0.08 0.08
0.003428 0.08 0
0.00343 0 -0.24
0.003432 -0.16 -0.16
0.003434 -0.16 -0.24
0.003436 -0.32 -0.24
0.003438 -0.32 -0.32
0.00344 -0.4 -0.4
0.003442 -0.4 -0.48
0.003444 -0.48 -0.56
0.003446 -0.64 -0.56
0.003448 -0.64 -0.56
0.00345 -0.72 -0.72
0.003452 -0.72 -0.72
0.003454 -0.8 -0.88
0.003456 -0.88 -0.88
0.003458 -0.96 -1.04
0.00346 -1.04 -1.04
0.003462 -1.12 -1.04
0.003464 -1.12 -1.2
0.003466 -1.2 -1.2
0.003468 -1.28 -1.28
0.00347 -1.36 -1.28
0.003472 -1.44 -1.36
0.003474 -1.44 -1.44
0.003476 -1.44 -1.44
0.003478 -1.6 -1.6
0.00348 -1.6 -1.6
0.003482 -1.68 -1.68
0.003484 -1.76 -1.76
0.003486 -1.84 -1.76
0.003488 -1.84 -1.84
0.00349 -1.92 -1.92
0.003492 -1.92 -2
0.003494 -2.08 -2.08
0.003496 -2.08 -2.16
0.003498 -2.16 -2.16
0.0035 -2.24 -2.24
0.003502 -2.32 -2.24
0.003504 -2.32 -2.32
0.003506 -2.4 -2.32
0.003508 -2.4 -2.48
0.00351 -2.56 -2.56
0.003512 -2.56 -2.48
0.003514 -2.64 -2.64
0.003516 -2.72 -2.72
0.003518 -2.72 -2.64
0.00352 -2.88 -2.8
0.003522 -2.88 -2.8
0.003524 -2.88 -2.88
0.003526 -2.96 -2.88
0.003528 -3.04 -2.96
0.00353 -3.04 -3.12
0.003532 -3.04 -3.12
0.003534 -3.2 -3.12
0.003536 -3.2 -3.2
0.003538 -3.28 -3.28
0.00354 -3.36 -3.28
0.003542 -3.36 -3.28
0.003544 -3.44 -3.44
0.003546 -3.52 -3.44
0.003548 -3.52 -3.52
0.00355 -3.6 -3.6
0.003552 -3.6 -3.68
0.003554 -3.68 -3.6
0.003556 -3.68 -3.68
0.003558 -3.84 -3.76
0.00356 -3.84 -3.76
0.003562 -3.84 -3.84
0.003564 -3.92 -3.92
0.003566 -3.92 -3.92
0.003568 -4 -4
0.00357 -4 -3.92
0.003572 -4.08 -4.08
0.003574 -4.16 -4.08
0.003576 -4.24 -4.16
0.003578 -4.16 -4.16
0.00358 -4.24 -4.24
0.003582 -4.32 -4.24
0.003584 -4.32 -4.32
0.003586 -4.32 -4.4
0.003588 -4.48 -4.4
0.00359 -4.48 -4.4
0.003592 -4.56 -4.4
0.003594 -4.56 -4.48
0.003596 -4.56 -4.48
0.003598 -4.64 -4.56
0.0036 -4.64 -4.56
0.003602 -4.64 -4.72
0.003604 -4.72 -4.72
0.003606 -4.8 -4.72
0.003608 -4.88 -4.72
0.00361 -4.88 -4.8
0.003612 -4.96 -4.8
0.003614 -4.88 -4.88
0.003616 -4.96 -5.04
0.003618 -4.96 -4.96
0.00362 -4.96 -4.88
0.003622 -5.04 -4.96
0.003624 -5.12 -5.04
0.003626 -5.12 -5.04
0.003628 -5.12 -5.04
0.00363 -5.2 -5.12
0.003632 -5.2 -5.2
0.003634 -5.2 -5.12
0.003636 -5.2 -5.2
0.003638 -5.28 -5.2
0.00364 -5.28 -5.2
0.003642 -5.28 -5.2
0.003644 -5.36 -5.2
0.003646 -5.36 -5.28
0.003648 -5.36 -5.36
0.00365 -5.44 -5.36
0.003652 -5.44 -5.44
0.003654 -5.44 -5.44
0.003656 -5.44 -5.36
0.003658 -5.52 -5.44
0.00366 -5.52 -5.44
0.003662 -5.52 -5.44
0.003664 -5.52 -5.44
0.003666 -5.6 -5.52
0.003668 -5.6 -5.52
0.00367 -5.6 -5.52
0.003672 -5.6 -5.52
0.003674 -5.6 -5.52
0.003676 -5.6 -5.52
0.003678 -5.6 -5.52
0.00368 -5.76 -5.6
0.003682 -5.76 -5.6
0.003684 -5.68 -5.6
0.003686 -5.76 -5.68
0.003688 -5.76 -5.68
0.00369 -5.76 -5.68
0.003692 -5.76 -5.6
0.003694 -5.76 -5.68
0.003696 -5.76 -5.68
0.003698 -5.76 -5.68
0.0037 -5.84 -5.68
0.003702 -5.76 -5.68
0.003704 -5.84 -5.68
0.003706 -5.76 -5.68
0.003708 -5.76 -5.68
0.00371 -5.76 -5.68
0.003712 -5.84 -5.68
0.003714 -5.84 -5.68
0.003716 -5.76 -5.76
0.003718 -5.76 -5.68
0.00372 -5.84 -5.68
0.003722 -5.76 -5.68
0.003724 -5.84 -5.76
0.003726 -5.84 -5.76
0.003728 -5.76 -5.68
0.00373 -5.84 -5.68
0.003732 -5.76 -5.76
0.003734 -5.84 -5.68
0.003736 -5.76 -5.68
0.003738 -5.76 -5.76
0.00374 -5.76 -5.68
0.003742 -5.76 -5.52
0.003744 -5.76 -5.6
0.003746 -5.76 -5.68
0.003748 -5.68 -5.68
0.00375 -5.68 -5.6
0.003752 -5.76 -5.68
0.003754 -5.6 -5.6
0.003756 -5.68 -5.6
0.003758 -5.6 -5.52
0.00376 -5.6 -5.52
0.003762 -5.6 -5.52
0.003764 -5.6 -5.52
0.003766 -5.6 -5.52
0.003768 -5.6 -5.52
0.00377 -5.6 -5.44
0.003772 -5.52 -5.52
0.003774 -5.52 -5.44
0.003776 -5.52 -5.44
0.003778 -5.52 -5.36
0.00378 -5.44 -5.36
0.003782 -5.52 -5.36
0.003784 -5.44 -5.28
0.003786 -5.44 -5.28
0.003788 -5.44 -5.36
0.00379 -5.28 -5.28
0.003792 -5.28 -5.28
0.003794 -5.28 -5.2
0.003796 -5.28 -5.2
0.003798 -5.28 -5.2
0.0038 -5.28 -5.12
0.003802 -5.28 -5.12
0.003804 -5.2 -5.12
0.003806 -5.2 -5.12
0.003808 -5.2 -5.04
0.00381 -5.12 -5.04
0.003812 -5.12 -5.04
0.003814 -5.04 -4.88
0.003816 -4.96 -4.88
0.003818 -4.96 -4.88
0.00382 -4.96 -4.88
0.003822 -4.88 -4.8
0.003824 -4.96 -4.8
0.003826 -4.88 -4.8
0.003828 -4.8 -4.72
0.00383 -4.8 -4.72
0.003832 -4.8 -4.64
0.003834 -4.72 -4.64
0.003836 -4.64 -4.56
0.003838 -4.64 -4.56
0.00384 -4.64 -4.48
0.003842 -4.56 -4.48
0.003844 -4.56 -4.4
0.003846 -4.48 -4.4
0.003848 -4.4 -4.32
0.00385 -4.32 -4.24
0.003852 -4.32 -4.24
0.003854 -4.32 -4.24
0.003856 -4.24 -4.16
0.003858 -4.24 -4.16
0.00386 -4.16 -4.16
0.003862 -4.16 -4.08
0.003864 -4.08 -3.92
0.003866 -4 -3.92
0.003868 -4 -3.92
0.00387 -4 -3.84
0.003872 -3.92 -3.84
0.003874 -3.84 -3.84
0.003876 -3.84 -3.76
0.003878 -3.76 -3.68
0.00388 -3.68 -3.6
0.003882 -3.68 -3.6
0.003884 -3.68 -3.52
0.003886 -3.52 -3.52
0.003888 -3.6 -3.44
0.00389 -3.52 -3.44
0.003892 -3.36 -3.44
0.003894 -3.36 -3.28
0.003896 -3.28 -3.28
0.003898 -3.28 -3.28
0.0039 -3.28 -3.12
0.003902 -3.2 -3.04
0.003904 -3.12 -3.04
0.003906 -3.04 -2.96
0.003908 -3.04 -2.88
0.00391 -3.04 -2.88
0.003912 -2.88 -2.88
0.003914 -2.88 -2.8
0.003916 -2.8 -2.72
0.003918 -2.72 -2.64
0.00392 -2.72 -2.56
0.003922 -2.64 -2.56
0.003924 -2.64 -2.48
0.003926 -2.56 -2.48
0.003928 -2.4 -2.48
0.00393 -2.4 -2.32
0.003932 -2.32 -2.24
0.003934 -2.32 -2.24
0.003936 -2.24 -2.16
0.003938 -2.24 -2
0.00394 -2.08 -2.08
0.003942 -2.08 -2
0.003944 -2 -1.92
0.003946 -1.92 -1.84
0.003948 -1.92 -1.84
0.00395 -1.76 -1.68
0.003952 -1.68 -1.6
0.003954 -1.68 -1.6
0.003956 -1.68 -1.6
0.003958 -1.6 -1.52
0.00396 -1.44 -1.44
0.003962 -1.44 -1.36
0.003964 -1.44 -1.36
0.003966 -1.36 -1.2
0.003968 -1.28 -1.2
0.00397 -1.2 -1.2
0.003972 -1.12 -1.04
0.003974 -1.12 -0.96
0.003976 -1.04 -0.96
0.003978 -0.96 -0.96
0.00398 -0.96 -0.88
0.003982 -0.8 -0.88
0.003984 -0.8 -0.72
0.003986 -0.72 -0.64
0.003988 -0.64 -0.56
0.00399 -0.64 -0.56
0.003992 -0.48 -0.48
0.003994 -0.48 -0.32
0.003996 -0.4 -0.4
0.003998 -0.4 -0.32
0.004 -0.32 -0.24
0.004002 -0.16 -0.16
0.004004 -0.16 0
0.004006 0 0
0.004008 0 0
0.00401 0.08 0.08
0.004012 0.16 0.16
0.004014 0.24 0.24
0.004016 0.32 0.32
0.004018 0.32 0.4
0.00402 0.4 0.4
0.004022 0.4 0.48
0.004024 0.56 0.56
0.004026 0.56 0.64
0.004028 0.64 0.72
0.00403 0.72 0.72
0.004032 0.8 0.8
0.004034 0.88 0.8
0.004036 0.88 0.96
0.004038 0.96 1.04
0.00404 1.04 1.04
0.004042 1.04 1.12
0.004044 1.2 1.12
0.004046 1.2 1.2
0.004048 1.28 1.2
0.00405 1.28 1.28
0.004052 1.36 1.44
0.004054 1.44 1.44
0.004056 1.52 1.52
0.004058 1.52 1.6
0.00406 1.6 1.6
0.004062 1.68 1.68
0.004064 1.68 1.76
0.004066 1.76 1.84
0.004068 1.84 1.84
0.00407 1.92 1.92
0.004072 1.92 2.08
0.004074 2.08 2.08
0.004076 2.08 2.08
0.004078 2.16 2.16
0.00408 2.16 2.24
0.004082 2.24 2.32
0.004084 2.32 2.32
0.004086 2.32 2.4
0.004088 2.48 2.56
0.00409 2.48 2.56
0.004092 2.48 2.56
0.004094 2.64 2.64
0.004096 2.64 2.72
0.004098 2.64 2.72
0.0041 2.8 2.72
0.004102 2.8 2.88
0.004104 2.88 2.88
0.004106 2.96 2.88
0.004108 2.96 3.04
0.00411 3.04 3.04
0.004112 3.12 3.12
0.004114 3.12 3.12
0.004116 3.2 3.2
0.004118 3.2 3.28
0.00412 3.28 3.28
0.004122 3.36 3.36
0.004124 3.36 3.44
0.004126 3.44 3.52
0.004128 3.52 3.44
0.00413 3.52 3.52
0.004132 3.6 3.6
0.004134 3.6 3.6
0.004136 3.68 3.68
0.004138 3.76 3.76
0.00414 3.76 3.84
0.004142 3.84 3.84
0.004144 3.92 3.84
0.004146 3.92 3.92
0.004148 3.92 3.92
0.00415 4 4
0.004152 4.08 4.08
0.004154 4.08 4.08
0.004156 4.08 4.16
0.004158 4.16 4.16
0.00416 4.16 4.24
0.004162 4.24 4.24
0.004164 4.32 4.24
0.004166 4.4 4.32
0.004168 4.4 4.32
0.00417 4.4 4.32
0.004172 4.4 4.4
0.004174 4.48 4.56
0.004176 4.48 4.48
0.004178 4.56 4.56
0.00418 4.56 4.64
0.004182 4.72 4.64
0.004184 4.72 4.56
0.004186 4.72 4.64
0.004188 4.8 4.8
0.00419 4.8 4.8
0.004192 4.8 4.8
0.004194 4.8 4.8
0.004196 4.88 4.8
0.004198 4.88 4.88
0.0042 4.88 4.88
0.004202 4.96 4.88
0.004204 5.04 4.96
0.004206 5.04 4.96
0.004208 5.04 4.96
0.00421 5.04 5.12
0.004212 5.12 5.12
0.004214 5.12 5.12
0.004216 5.12 5.12
0.004218 5.12 5.2
0.00422 5.2 5.12
0.004222 5.2 5.2
0.004224 5.2 5.2
0.004226 5.28 5.2
0.004228 5.28 5.2
0.00423 5.28 5.28
0.004232 5.36 5.28
0.004234 5.36 5.28
0.004236 5.44 5.28
0.004238 5.36 5.36
0.00424 5.36 5.44
0.004242 5.44 5.44
0.004244 5.44 5.44
0.004246 5.44 5.44
0.004248 5.44 5.44
0.00425 5.44 5.44
0.004252 5.44 5.44
0.004254 5.52 5.44
0.004256 5.52 5.44
0.004258 5.52 5.44
0.00426 5.52 5.52
0.004262 5.52 5.52
0.004264 5.52 5.52
0.004266 5.52 5.52
0.004268 5.68 5.52
0.00427 5.6 5.52
0.004272 5.68 5.52
0.004274 5.68 5.52
0.004276 5.6 5.6
0.004278 5.6 5.52
0.00428 5.68 5.52
0.004282 5.68 5.6
0.004284 5.68 5.6
0.004286 5.68 5.52
0.004288 5.6 5.6
0.00429 5.68 5.52
0.004292 5.68 5.6
0.004294 5.68 5.52
0.004296 5.6 5.6
0.004298 5.68 5.6
0.0043 5.68 5.6
0.004302 5.68 5.6
0.004304 5.6 5.6
0.004306 5.68 5.52
0.004308 5.68 5.52
0.00431 5.68 5.52
0.004312 5.68 5.6
0.004314 5.68 5.52
0.004316 5.6 5.52
0.004318 5.6 5.52
0.00432 5.6 5.52
0.004322 5.6 5.44
0.004324 5.52 5.44
0.004326 5.52 5.52
0.004328 5.52 5.44
0.00433 5.52 5.44
0.004332 5.52 5.44
0.004334 5.44 5.44
0.004336 5.52 5.44
0.004338 5.52 5.44
0.00434 5.44 5.44
0.004342 5.44 5.36
0.004344 5.36 5.36
0.004346 5.44 5.28
0.004348 5.36 5.36
0.00435 5.36 5.28
0.004352 5.36 5.28
0.004354 5.36 5.28
0.004356 5.36 5.28
0.004358 5.28 5.2
0.00436 5.28 5.2
0.004362 5.2 5.2
0.004364 5.2 5.2
0.004366 5.2 5.12
0.004368 5.2 5.12
0.00437 5.12 5.12
0.004372 5.12 4.96
0.004374 5.12 4.96
0.004376 5.04 5.04
0.004378 5.04 5.04
0.00438 5.04 4.96
0.004382 5.04 4.96
0.004384 5.04 4.96
0.004386 4.96 4.88
0.004388 4.88 4.8
0.00439 4.88 4.8
0.004392 4.8 4.8
0.004394 4.8 4.8
0.004396 4.8 4.72
0.004398 4.72 4.72
0.0044 4.72 4.64
0.004402 4.72 4.64
0.004404 4.64 4.56
0.004406 4.56 4.56
0.004408 4.56 4.48
0.00441 4.56 4.48
0.004412 4.48 4.4
0.004414 4.48 4.4
0.004416 4.4 4.32
0.004418 4.4 4.32
0.00442 4.4 4.32
0.004422 4.24 4.24
0.004424 4.24 4.16
0.004426 4.16 4.16
0.004428 4.16 4.08
0.00443 4.16 4
0.004432 4.08 4
0.004434 4.08 4
0.004436 4 3.92
0.004438 3.92 3.92
0.00444 3.92 3.84
0.004442 3.84 3.84
0.004444 3.84 3.68
0.004446 3.76 3.68
0.004448 3.76 3.68
0.00445 3.68 3.6
0.004452 3.6 3.52
0.004454 3.6 3.52
0.004456 3.52 3.52
0.004458 3.52 3.44
0.00446 3.44 3.36
0.004462 3.44 3.36
0.004464 3.36 3.28
0.004466 3.28 3.2
0.004468 3.28 3.2
0.00447 3.2 3.2
0.004472 3.2 3.12
0.004474 3.12 3.04
0.004476 3.04 2.96
0.004478 2.96 2.88
0.00448 2.88 2.88
0.004482 2.8 2.8
0.004484 2.8 2.8
0.004486 2.8 2.72
0.004488 2.64 2.64
0.00449 2.64 2.64
0.004492 2.56 2.56
0.004494 2.56 2.48
0.004496 2.48 2.48
0.004498 2.48 2.4
0.0045 2.4 2.32
0.004502 2.32 2.32
0.004504 2.24 2.24
0.004506 2.24 2.16
0.004508 2.16 2.08
0.00451 2 2
0.004512 2 2
0.004514 1.92 1.92
0.004516 1.92 1.84
0.004518 1.84 1.76
0.00452 1.84 1.76
0.004522 1.68 1.68
0.004524 1.68 1.6
0.004526 1.52 1.6
0.004528 1.52 1.6
0.00453 1.52 1.44
0.004532 1.52 1.36
0.004534 1.36 1.36
0.004536 1.28 1.28
0.004538 1.28 1.2
0.00454 1.2 1.2
0.004542 1.12 1.12
0.004544 1.04 1.04
0.004546 1.04 0.96
0.004548 0.96 0.96
0.00455 0.88 0.8
0.004552 0.88 0.8
0.004554 0.72 0.72
0.004556 0.72 0.72
0.004558 0.64 0.64
0.00456 0.56 0.56
0.004562 0.56 0.48
0.004564 0.4 0.4
0.004566 0.4 0.32
0.004568 0.24 0.24
0.00457 0.32 0.24
0.004572 0.24 0.16
0.004574 0.24 0.08
0.004576 0.08 0.08
0.004578 0 0
0.00458 0 -0.16
0.004582 -0.16 -0.16
0.004584 -0.16 -0.24
0.004586 -0.32 -0.32
0.004588 -0.32 -0.32
0.00459 -0.4 -0.4
0.004592 -0.48 -0.48
0.004594 -0.48 -0.56
0.004596 -0.56 -0.64
0.004598 -0.64 -0.64
0.0046 -0.72 -0.72
0.004602 -0.8 -0.88
0.004604 -0.8 -0.96
0.004606 -0.96 -0.88
0.004608 -0.96 -0.96
0.00461 -1.04 -1.04
0.004612 -1.12 -1.04
0.004614 -1.12 -1.2
0.004616 -1.12 -1.2
0.004618 -1.36 -1.28
0.00462 -1.36 -1.28
0.004622 -1.44 -1.36
0.004624 -1.44 -1.52
0.004626 -1.52 -1.52
0.004628 -1.6 -1.6
0.00463 -1.68 -1.68
0.004632 -1.68 -1.76
0.004634 -1.76 -1.76
0.004636 -1.76 -1.84
0.004638 -1.92 -1.84
0.00464 -1.92 -2
0.004642 -2 -1.92
0.004644 -2.08 -2
0.004646 -2.08 -2.08
0.004648 -2.24 -2.16
0.00465 -2.24 -2.24
0.004652 -2.32 -2.32
0.004654 -2.4 -2.32
0.004656 -2.4 -2.32
0.004658 -2.4 -2.48
0.00466 -2.48 -2.56
0.004662 -2.56 -2.48
0.004664 -2.64 -2.56
0.004666 -2.72 -2.64
0.004668 -2.72 -2.8
0.00467 -2.72 -2.8
0.004672 -2.88 -2.88
0.004674 -2.88 -2.88
0.004676 -2.96 -2.96
0.004678 -3.04 -2.96
0.00468 -3.04 -2.96
0.004682 -3.04 -3.12
0.004684 -3.12 -3.2
0.004686 -3.2 -3.2
0.004688 -3.28 -3.28
0.00469 -3.28 -3.36
0.004692 -3.44 -3.36
0.004694 -3.36 -3.44
0.004696 -3.44 -3.52
0.004698 -3.52 -3.52
0.0047 -3.6 -3.6
0.004702 -3.68 -3.68
0.004704 -3.68 -3.6
0.004706 -3.68 -3.68
0.004708 -3.68 -3.76
0.00471 -3.84 -3.84
0.004712 -3.84 -3.92
0.004714 -3.92 -3.84
0.004716 -3.92 -3.92
0.004718 -4 -4
0.00472 -4 -4
0.004722 -4.16 -4.08
0.004724 -4.16 -4.16
0.004726 -4.16 -4.24
0.004728 -4.24 -4.16
0.00473 -4.24 -4.24
0.004732 -4.32 -4.24
0.004734 -4.32 -4.32
0.004736 -4.4 -4.4
0.004738 -4.48 -4.4
0.00474 -4.48 -4.4
0.004742 -4.56 -4.48
0.004744 -4.56 -4.48
0.004746 -4.64 -4.48
0.004748 -4.64 -4.56
0.00475 -4.64 -4.64
0.004752 -4.72 -4.64
0.004754 -4.8 -4.72
0.004756 -4.8 -4.8
0.004758 -4.88 -4.8
0.00476 -4.88 -4.88
0.004762 -4.88 -4.88
0.004764 -4.88 -4.88
0.004766 -4.96 -4.88
0.004768 -4.96 -4.88
0.00477 -4.96 -5.04
0.004772 -4.96 -4.96
0.004774 -5.12 -5.04
0.004776 -5.12 -5.04
0.004778 -5.12 -5.12
0.00478 -5.12 -5.12
0.004782 -5.2 -5.12
0.004784 -5.2 -5.12
0.004786 -5.28 -5.12
0.004788 -5.28 -5.2
0.00479 -5.28 -5.2
0.004792 -5.28 -5.28
0.004794 -5.28 -5.2
0.004796 -5.28 -5.36
0.004798 -5.36 -5.28
0.0048 -5.44 -5.28
0.004802 -5.44 -5.36
0.004804 -5.44 -5.44
0.004806 -5.44 -5.44
0.004808 -5.52 -5.44
0.00481 -5.52 -5.44
0.004812 -5.52 -5.52
0.004814 -5.6 -5.52
0.004816 -5.52 -5.52
0.004818 -5.6 -5.52
0.00482 -5.6 -5.52
0.004822 -5.6 -5.52
0.004824 -5.6 -5.6
0.004826 -5.6 -5.52
0.004828 -5.6 -5.6
0.00483 -5.68 -5.52
0.004832 -5.68 -5.68
0.004834 -5.76 -5.68
0.004836 -5.76 -5.68
0.004838 -5.76 -5.6
0.00484 -5.76 -5.68
0.004842 -5.68 -5.68
0.004844 -5.76 -5.68
0.004846 -5.76 -5.6
0.004848 -5.76 -5.68
0.00485 -5.76 -5.68
0.004852 -5.76 -5.68
0.004854 -5.76 -5.76
0.004856 -5.76 -5.68
0.004858 -5.84 -5.68
0.00486 -5.84 -5.76
0.004862 -5.76 -5.68
0.004864 -5.76 -5.68
0.004866 -5.76 -5.68
0.004868 -5.84 -5.68
0.00487 -5.84 -5.76
0.004872 -5.76 -5.76
0.004874 -5.84 -5.68
0.004876 -5.76 -5.76
0.004878 -5.76 -5.76
0.00488 -5.76 -5.68
0.004882 -5.76 -5.68
0.004884 -5.76 -5.68
0.004886 -5.76 -5.68
0.004888 -5.76 -5.68
0.00489 -5.76 -5.68
0.004892 -5.76 -5.68
0.004894 -5.76 -5.6
0.004896 -5.76 -5.68
0.004898 -5.76 -5.68
0.0049 -5.76 -5.6
0.004902 -5.76 -5.6
0.004904 -5.68 -5.6
0.004906 -5.6 -5.6
0.004908 -5.6 -5.6
0.00491 -5.6 -5.52
0.004912 -5.6 -5.6
0.004914 -5.6 -5.52
0.004916 -5.6 -5.44
0.004918 -5.6 -5.44
0.00492 -5.6 -5.52
0.004922 -5.52 -5.44
0.004924 -5.52 -5.36
0.004926 -5.52 -5.44
0.004928 -5.44 -5.36
0.00493 -5.44 -5.36
0.004932 -5.44 -5.36
0.004934 -5.44 -5.36
0.004936 -5.36 -5.28
0.004938 -5.44 -5.28
0.00494 -5.36 -5.28
0.004942 -5.28 -5.28
0.004944 -5.28 -5.2
0.004946 -5.28 -5.2
0.004948 -5.28 -5.2
0.00495 -5.28 -5.12
0.004952 -5.2 -5.12
0.004954 -5.2 -5.12
0.004956 -5.2 -5.12
0.004958 -5.12 -5.04
0.00496 -5.12 -4.96
0.004962 -5.12 -5.04
0.004964 -5.04 -4.96
0.004966 -5.04 -4.88
0.004968 -4.96 -4.88
0.00497 -4.96 -4.88
0.004972 -4.96 -4.8
0.004974 -4.88 -4.72
0.004976 -4.8 -4.8
0.004978 -4.8 -4.72
0.00498 -4.8 -4.64
0.004982 -4.72 -4.64
0.004984 -4.64 -4.56
0.004986 -4.64 -4.56
0.004988 -4.64 -4.48
0.00499 -4.64 -4.48
0.004992 -4.56 -4.48
0.004994 -4.48 -4.4
0.004996 -4.48 -4.32
0.004998 -4.48 -4.32
0.005 -4.32 -4.24
0.005002 -4.32 -4.24
0.005004 -4.32 -4.16
0.005006 -4.24 -4.24
0.005008 -4.24 -4.16
0.00501 -4.16 -4
0.005012 -4.16 -4.08
0.005014 -4.16 -4
0.005016 -4 -3.92
0.005018 -4 -3.92
0.00502 -3.92 -3.92
0.005022 -3.92 -3.84
0.005024 -3.92 -3.76
0.005026 -3.84 -3.76
0.005028 -3.84 -3.76
0.00503 -3.68 -3.6
0.005032 -3.68 -3.6
0.005034 -3.68 -3.6
0.005036 -3.6 -3.52
0.005038 -3.52 -3.44
0.00504 -3.52 -3.44
0.005042 -3.36 -3.28
0.005044 -3.36 -3.28
0.005046 -3.28 -3.2
0.005048 -3.28 -3.2
0.00505 -3.2 -3.12
0.005052 -3.2 -3.04
0.005054 -3.04 -3.04
0.005056 -3.04 -2.96
0.005058 -2.96 -2.88
0.00506 -2.96 -2.88
0.005062 -2.96 -2.8
0.005064 -2.88 -2.8
0.005066 -2.88 -2.72
0.005068 -2.72 -2.72
0.00507 -2.64 -2.56
0.005072 -2.64 -2.56
0.005074 -2.56 -2.48
0.005076 -2.48 -2.4
0.005078 -2.4 -2.32
0.00508 -2.4 -2.32
0.005082 -2.32 -2.24
0.005084 -2.32 -2.24
0.005086 -2.24 -2.16
0.005088 -2.16 -2.08
0.00509 -2.08 -2
0.005092 -2 -2
0.005094 -2 -1.92
0.005096 -1.92 -1.76
0.005098 -1.84 -1.68
0.0051 -1.76 -1.76
0.005102 -1.76 -1.68
0.005104 -1.68 -1.6
0.005106 -1.6 -1.52
0.005108 -1.6 -1.44
0.00511 -1.44 -1.36
0.005112 -1.44 -1.36
0.005114 -1.44 -1.36
0.005116 -1.36 -1.2
0.005118 -1.28 -1.2
0.00512 -1.12 -1.2
0.005122 -1.12 -1.04
0.005124 -1.12 -0.96
0.005126 -1.04 -0.96
0.005128 -0.96 -0.88
0.00513 -0.88 -0.88
0.005132 -0.8 -0.72
0.005134 -0.72 -0.72
0.005136 -0.72 -0.64
0.005138 -0.64 -0.56
0.00514 -0.64 -0.48
0.005142 -0.48 -0.4
0.005144 -0.48 -0.4
0.005146 -0.4 -0.32
0.005148 -0.32 -0.24
0.00515 -0.24 -0.24
0.005152 -0.16 -0.16
0.005154 -0.16 0
0.005156 0 0
0.005158 0 0.08
0.00516 0.08 0.16
0.005162 0.16 0.24
0.005164 0.24 0.32
0.005166 0.24 0.32
0.005168 0.32 0.4
0.00517 0.4 0.4
0.005172 0.48 0.48
0.005174 0.56 0.64
0.005176 0.64 0.72
0.005178 0.64 0.72
0.00518 0.72 0.8
0.005182 0.8 0.8
0.005184 0.88 0.88
0.005186 0.88 0.96
0.005188 0.96 0.96
0.00519 1.04 1.04
0.005192 1.04 1.12
0.005194 1.2 1.12
0.005196 1.2 1.28
0.005198 1.28 1.28
0.0052 1.36 1.36
0.005202 1.36 1.44
0.005204 1.52 1.52
0.005206 1.52 1.52
0.005208 1.6 1.6
0.00521 1.68 1.6
0.005212 1.68 1.68
0.005214 1.76 1.76
0.005216 1.84 1.84
0.005218 1.92 1.92
0.00522 1.92 2
0.005222 2 1.92
0.005224 2 2
0.005226 2.16 2.16
0.005228 2.16 2.24
0.00523 2.24 2.24
0.005232 2.24 2.32
0.005234 2.32 2.4
0.005236 2.4 2.4
0.005238 2.48 2.48
0.00524 2.48 2.56
0.005242 2.56 2.56
0.005244 2.64 2.64
0.005246 2.64 2.72
0.005248 2.8 2.72
0.00525 2.8 2.8
0.005252 2.8 2.88
0.005254 2.88 2.96
0.005256 2.96 2.96
0.005258 2.96 2.96
0.00526 3.04 3.04
0.005262 3.12 3.2
0.005264 3.12 3.2
0.005266 3.2 3.2
0.005268 3.28 3.28
0.00527 3.28 3.36
0.005272 3.36 3.28
0.005274 3.44 3.36
0.005276 3.44 3.52
0.005278 3.52 3.52
0.00528 3.52 3.52
0.005282 3.6 3.6
0.005284 3.6 3.68
0.005286 3.76 3.76
0.005288 3.76 3.68
0.00529 3.84 3.76
0.005292 3.84 3.84
0.005294 3.84 3.84
0.005296 3.92 3.92
0.005298 3.92 4
0.0053 4.08 4
0.005302 4.08 4
0.005304 4.08 4.08
0.005306 4.16 4.16
0.005308 4.16 4.16
0.00531 4.24 4.16
0.005312 4.24 4.24
0.005314 4.24 4.24
0.005316 4.32 4.32
0.005318 4.4 4.4
0.00532 4.48 4.4
0.005322 4.48 4.4
0.005324 4.48 4.48
0.005326 4.56 4.56
0.005328 4.56 4.56
0.00533 4.56 4.56
0.005332 4.56 4.64
0.005334 4.72 4.72
0.005336 4.72 4.72
0.005338 4.72 4.72
0.00534 4.8 4.8
0.005342 4.8 4.8
0.005344 4.88 4.8
0.005346 4.88 4.8
0.005348 4.88 4.96
0.00535 4.88 4.88
0.005352 4.96 4.96
0.005354 5.04 4.96
0.005356 5.04 5.04
0.005358 5.04 4.96
0.00536 5.04 5.04
0.005362 5.12 5.12
0.005364 5.04 5.12
0.005366 5.12 5.12
0.005368 5.12 5.2
0.00537 5.2 5.2
0.005372 5.2 5.2
0.005374 5.2 5.12
0.005376 5.28 5.2
0.005378 5.36 5.2
0.00538 5.36 5.28
0.005382 5.36 5.28
0.005384 5.36 5.36
0.005386 5.36 5.36
0.005388 5.44 5.36
0.00539 5.44 5.44
0.005392 5.44 5.44
0.005394 5.36 5.36
0.005396 5.44 5.36
0.005398 5.44 5.44
0.0054 5.52 5.44
0.005402 5.52 5.44
0.005404 5.52 5.44
0.005406 5.52 5.52
0.005408 5.52 5.52
0.00541 5.52 5.52
0.005412 5.52 5.6
0.005414 5.52 5.52
0.005416 5.6 5.52
0.005418 5.52 5.52
0.00542 5.52 5.6
0.005422 5.52 5.6
0.005424 5.68 5.52
0.005426 5.6 5.52
0.005428 5.6 5.6
0.00543 5.68 5.52
0.005432 5.68 5.52
0.005434 5.68 5.6
0.005436 5.52 5.6
0.005438 5.68 5.52
0.00544 5.68 5.6
0.005442 5.68 5.6
0.005444 5.68 5.6
0.005446 5.68 5.6
0.005448 5.68 5.6
0.00545 5.68 5.6
0.005452 5.68 5.52
0.005454 5.68 5.52
0.005456 5.68 5.6
0.005458 5.68 5.52
0.00546 5.6 5.6
0.005462 5.6 5.52
0.005464 5.6 5.6
0.005466 5.68 5.44
0.005468 5.52 5.44
0.00547 5.52 5.52
0.005472 5.52 5.52
0.005474 5.52 5.52
0.005476 5.52 5.52
0.005478 5.52 5.44
0.00548 5.52 5.44
0.005482 5.52 5.44
0.005484 5.52 5.44
0.005486 5.44 5.44
0.005488 5.44 5.44
0.00549 5.44 5.44
0.005492 5.36 5.36
0.005494 5.36 5.36
0.005496 5.44 5.28
0.005498 5.36 5.28
0.0055 5.36 5.28
0.005502 5.36 5.28
0.005504 5.36 5.2
0.005506 5.36 5.28
0.005508 5.36 5.2
0.00551 5.2 5.2
0.005512 5.2 5.2
0.005514 5.2 5.2
0.005516 5.2 5.12
0.005518 5.12 5.12
0.00552 5.12 5.04
0.005522 5.12 5.12
0.005524 5.12 4.96
0.005526 5.04 5.04
0.005528 5.04 5.04
0.00553 5.04 4.96
0.005532 4.88 4.88
0.005534 5.04 4.96
0.005536 4.88 4.88
0.005538 4.88 4.8
0.00554 4.88 4.8
0.005542 4.8 4.8
0.005544 4.8 4.8
0.005546 4.8 4.64
0.005548 4.72 4.64
0.00555 4.72 4.72
0.005552 4.72 4.56
0.005554 4.56 4.56
0.005556 4.56 4.56
0.005558 4.56 4.56
0.00556 4.56 4.48
0.005562 4.48 4.32
0.005564 4.48 4.4
0.005566 4.4 4.32
0.005568 4.4 4.24
0.00557 4.4 4.24
0.005572 4.24 4.24
0.005574 4.24 4.16
0.005576 4.16 4.16
0.005578 4.16 4.16
0.00558 4.08 4.16
0.005582 4.08 4
0.005584 4 4
0.005586 4 3.92
0.005588 3.92 3.84
0.00559 3.92 3.84
0.005592 3.84 3.84
0.005594 3.76 3.84
0.005596 3.76 3.68
0.005598 3.76 3.68
0.0056 3.68 3.6
0.005602 3.6 3.52
0.005604 3.6 3.52
0.005606 3.52 3.44
0.005608 3.52 3.52
0.00561 3.44 3.36
0.005612 3.44 3.36
0.005614 3.28 3.28
0.005616 3.28 3.2
0.005618 3.2 3.12
0.00562 3.2 3.12
0.005622 3.12 3.12
0.005624 3.12 2.96
0.005626 2.96 2.88
0.005628 2.96 2.96
0.00563 2.96 2.88
0.005632 2.8 2.8
0.005634 2.8 2.72
0.005636 2.8 2.72
0.005638 2.64 2.64
0.00564 2.64 2.56
0.005642 2.56 2.56
0.005644 2.48 2.56
0.005646 2.48 2.4
0.005648 2.48 2.4
0.00565 2.32 2.32
0.005652 2.24 2.24
0.005654 2.24 2.16
0.005656 2.24 2.08
0.005658 2.16 2.08
0.00566 2.08 2
0.005662 2 2
0.005664 1.92 1.92
0.005666 1.92 1.92
0.005668 1.84 1.76
0.00567 1.84 1.68
0.005672 1.68 1.68
0.005674 1.68 1.6
0.005676 1.6 1.52
0.005678 1.52 1.52
0.00568 1.52 1.44
0.005682 1.36 1.36
0.005684 1.36 1.28
0.005686 1.28 1.28
0.005688 1.2 1.2
0.00569 1.2 1.12
0.005692 1.12 1.04
0.005694 1.04 1.04
0.005696 0.96 0.96
0.005698 0.96 0.88
0.0057 0.88 0.8
0.005702 0.88 0.8
0.005704 0.72 0.72
0.005706 0.72 0.64
0.005708 0.64 0.64
0.00571 0.56 0.48
0.005712 0.48 0.4
0.005714 0.4 0.48
0.005716 0.4 0.4
0.005718 0.32 0.32
0.00572 0.24 0.16
0.005722 0.24 0.16
0.005724 0.08 0.08
0.005726 0.08 0
0.005728 0 0
0.00573 -0.16 0
0.005732 -0.16 0
0.005734 -0.24 -0.32
0.005736 -0.32 -0.32
0.005738 -0.4 -0.4
0.00574 -0.48 -0.48
0.005742 -0.48 -0.56
0.005744 -0.48 -0.56
0.005746 -0.64 -0.64
0.005748 -0.64 -0.72
0.00575 -0.72 -0.72
0.005752 -0.8 -0.72
0.005754 -0.8 -0.88
0.005756 -0.96 -0.96
0.005758 -0.96 -0.96
0.00576 -1.04 -1.04
0.005762 -1.12 -1.2
0.005764 -1.12 -1.2
0.005766 -1.28 -1.28
0.005768 -1.36 -1.28
0.00577 -1.44 -1.36
0.005772 -1.36 -1.44
0.005774 -1.44 -1.52
0.005776 -1.44 -1.6
0.005778 -1.6 -1.68
0.00578 -1.68 -1.6
0.005782 -1.68 -1.76
0.005784 -1.76 -1.76
0.005786 -1.84 -1.84
0.005788 -1.92 -1.84
0.00579 -2 -1.92
0.005792 -2 -2
0.005794 -2 -2
0.005796 -2.08 -2.08
0.005798 -2.24 -2.16
0.0058 -2.24 -2.24
0.005802 -2.32 -2.32
0.005804 -2.4 -2.32
0.005806 -2.4 -2.48
0.005808 -2.56 -2.48
0.00581 -2.56 -2.56
0.005812 -2.56 -2.56
0.005814 -2.56 -2.64
0.005816 -2.72 -2.64
0.005818 -2.72 -2.72
0.00582 -2.88 -2.8
0.005822 -2.88 -2.88
0.005824 -2.88 -2.88
0.005826 -2.96 -2.96
0.005828 -3.04 -2.96
0.00583 -3.04 -3.04
0.005832 -3.2 -3.12
0.005834 -3.2 -3.2
0.005836 -3.2 -3.2
0.005838 -3.28 -3.2
0.00584 -3.36 -3.28
0.005842 -3.36 -3.44
0.005844 -3.36 -3.44
0.005846 -3.52 -3.44
0.005848 -3.52 -3.52
0.00585 -3.6 -3.6
0.005852 -3.6 -3.6
0.005854 -3.68 -3.68
0.005856 -3.68 -3.76
0.005858 -3.76 -3.76
0.00586 -3.84 -3.76
0.005862 -3.84 -3.92
0.005864 -3.92 -3.92
0.005866 -4 -3.92
0.005868 -4 -4
0.00587 -4 -4
0.005872 -4.08 -4.08
0.005874 -4.16 -4.08
0.005876 -4.24 -4.16
0.005878 -4.24 -4.24
0.00588 -4.32 -4.24
0.005882 -4.32 -4.24
0.005884 -4.4 -4.32
0.005886 -4.4 -4.32
0.005888 -4.48 -4.4
0.00589 -4.48 -4.4
0.005892 -4.48 -4.56
0.005894 -4.56 -4.48
0.005896 -4.56 -4.56
0.005898 -4.64 -4.64
0.0059 -4.64 -4.72
0.005902 -4.72 -4.64
0.005904 -4.8 -4.72
0.005906 -4.8 -4.72
0.005908 -4.88 -4.8
0.00591 -4.88 -4.8
0.005912 -4.88 -4.88
0.005914 -4.96 -4.88
0.005916 -4.96 -4.88
0.005918 -4.96 -4.88
0.00592 -5.04 -4.88
0.005922 -5.12 -5.04
0.005924 -5.12 -5.04
0.005926 -5.12 -5.04
0.005928 -5.2 -5.12
0.00593 -5.2 -5.12
0.005932 -5.2 -5.12
0.005934 -5.2 -5.2
0.005936 -5.28 -5.2
0.005938 -5.28 -5.2
0.00594 -5.28 -5.2
0.005942 -5.28 -5.28
0.005944 -5.36 -5.28
0.005946 -5.28 -5.28
0.005948 -5.44 -5.36
0.00595 -5.44 -5.36
0.005952 -5.44 -5.36
0.005954 -5.52 -5.36
0.005956 -5.44 -5.44
0.005958 -5.52 -5.44
0.00596 -5.52 -5.44
0.005962 -5.52 -5.52
0.005964 -5.6 -5.52
0.005966 -5.52 -5.52
0.005968 -5.6 -5.52
0.00597 -5.6 -5.6
0.005972 -5.6 -5.52
0.005974 -5.6 -5.52
0.005976 -5.6 -5.6
0.005978 -5.68 -5.6
0.00598 -5.68 -5.6
0.005982 -5.68 -5.6
0.005984 -5.76 -5.68
0.005986 -5.68 -5.68
0.005988 -5.76 -5.68
0.00599 -5.76 -5.68
0.005992 -5.76 -5.68
0.005994 -5.76 -5.68
0.005996 -5.76 -5.68
0.005998 -5.76 -5.76
0.006 -5.76 -5.68
0.006002 -5.76 -5.68
0.006004 -5.76 -5.68
0.006006 -5.76 -5.76
0.006008 -5.76 -5.76
0.00601 -5.84 -5.68
0.006012 -5.76 -5.68
0.006014 -5.84 -5.76
0.006016 -5.76 -5.68
0.006018 -5.76 -5.68
0.00602 -5.84 -5.76
0.006022 -5.76 -5.76
0.006024 -5.84 -5.68
0.006026 -5.84 -5.68
0.006028 -5.84 -5.76
0.00603 -5.76 -5.68
0.006032 -5.76 -5.68
0.006034 -5.76 -5.68
0.006036 -5.76 -5.68
0.006038 -5.84 -5.68
0.00604 -5.76 -5.68
0.006042 -5.76 -5.68
0.006044 -5.76 -5.6
0.006046 -5.76 -5.6
0.006048 -5.76 -5.6
0.00605 -5.6 -5.68
0.006052 -5.6 -5.6
0.006054 -5.68 -5.6
0.006056 -5.68 -5.6
0.006058 -5.6 -5.6
0.00606 -5.6 -5.52
0.006062 -5.6 -5.52
0.006064 -5.6 -5.52
0.006066 -5.52 -5.52
0.006068 -5.6 -5.44
0.00607 -5.52 -5.44
0.006072 -5.52 -5.52
0.006074 -5.52 -5.44
0.006076 -5.52 -5.36
0.006078 -5.44 -5.36
0.00608 -5.52 -5.44
0.006082 -5.52 -5.36
0.006084 -5.44 -5.36
0.006086 -5.36 -5.36
0.006088 -5.44 -5.36
0.00609 -5.36 -5.28
0.006092 -5.28 -5.2
0.006094 -5.28 -5.2
0.006096 -5.28 -5.2
0.006098 -5.28 -5.12
0.0061 -5.28 -5.2
0.006102 -5.2 -5.12
0.006104 -5.2 -5.04
0.006106 -5.2 -5.04
0.006108 -5.2 -5.04
0.00611 -5.12 -4.88
0.006112 -5.04 -4.88
0.006114 -5.04 -4.96
0.006116 -4.96 -4.88
0.006118 -4.96 -4.88
0.00612 -4.96 -4.88
0.006122 -4.96 -4.8
0.006124 -4.88 -4.8
0.006126 -4.88 -4.72
0.006128 -4.8 -4.72
0.00613 -4.8 -4.64
0.006132 -4.64 -4.56
0.006134 -4.64 -4.56
0.006136 -4.64 -4.56
0.006138 -4.64 -4.56
0.00614 -4.56 -4.48
0.006142 -4.56 -4.48
0.006144 -4.48 -4.48
0.006146 -4.48 -4.32
0.006148 -4.48 -4.32
0.00615 -4.4 -4.32
0.006152 -4.32 -4.24
0.006154 -4.24 -4.16
0.006156 -4.24 -4.16
0.006158 -4.24 -4.16
0.00616 -4.16 -4.08
0.006162 -4.08 -4
0.006164 -4.16 -3.92
0.006166 -4 -3.92
0.006168 -4 -3.92
0.00617 -3.92 -3.84
0.006172 -3.84 -3.84
0.006174 -3.84 -3.76
0.006176 -3.76 -3.68
0.006178 -3.68 -3.6
0.00618 -3.68 -3.6
0.006182 -3.6 -3.52
0.006184 -3.6 -3.52
0.006186 -3.6 -3.52
0.006188 -3.52 -3.44
0.00619 -3.52 -3.36
0.006192 -3.36 -3.28
0.006194 -3.36 -3.28
0.006196 -3.36 -3.2
0.006198 -3.28 -3.12
0.0062 -3.2 -3.12
0.006202 -3.12 -3.04
0.006204 -3.04 -2.96
0.006206 -3.04 -2.96
0.006208 -3.04 -2.88
0.00621 -2.88 -2.88
0.006212 -2.88 -2.8
0.006214 -2.88 -2.8
0.006216 -2.8 -2.64
0.006218 -2.72 -2.56
0.00622 -2.64 -2.56
0.006222 -2.64 -2.56
0.006224 -2.56 -2.48
0.006226 -2.48 -2.32
0.006228 -2.4 -2.32
0.00623 -2.4 -2.32
0.006232 -2.32 -2.16
0.006234 -2.24 -2.16
0.006236 -2.24 -2.16
0.006238 -2.08 -2.08
0.00624 -2.08 -2
0.006242 -2 -1.92
0.006244 -1.92 -1.92
0.006246 -1.92 -1.84
0.006248 -1.84 -1.76
0.00625 -1.76 -1.68
0.006252 -1.68 -1.6
0.006254 -1.68 -1.6
0.006256 -1.6 -1.44
0.006258 -1.6 -1.52
0.00626 -1.44 -1.44
0.006262 -1.44 -1.36
0.006264 -1.36 -1.28
0.006266 -1.36 -1.28
0.006268 -1.28 -1.12
0.00627 -1.12 -1.04
0.006272 -1.12 -1.04
0.006274 -1.04 -1.04
0.006276 -0.96 -0.96
0.006278 -0.96 -0.88
0.00628 -0.8 -0.88
0.006282 -0.8 -0.8
0.006284 -0.72 -0.64
0.006286 -0.64 -0.56
0.006288 -0.64 -0.56
0.00629 -0.64 -0.48
0.006292 -0.48 -0.4
0.006294 -0.48 -0.4
0.006296 -0.4 -0.32
0.006298 -0.32 -0.24
0.0063 -0.24 -0.24
0.006302 -0.16 -0.16
0.006304 -0.16 0
0.006306 0 0
0.006308 0.08 0.16
0.00631 0.08 0.16
0.006312 0.24 0.32
0.006314 0.24 0.32
0.006316 0.24 0.4
0.006318 0.32 0.4
0.00632 0.4 0.48
0.006322 0.56 0.56
0.006324 0.56 0.56
0.006326 0.56 0.72
0.006328 0.64 0.8
0.00633 0.72 0.72
0.006332 0.88 0.8
0.006334 0.88 0.96
0.006336 0.96 0.96
0.006338 0.96 1.04
0.00634 1.04 1.04
0.006342 1.04 1.12
0.006344 1.12 1.12
0.006346 1.28 1.28
0.006348 1.28 1.28
0.00635 1.36 1.36
0.006352 1.44 1.44
0.006354 1.44 1.52
0.006356 1.52 1.52
0.006358 1.6 1.6
0.00636 1.6 1.6
0.006362 1.68 1.76
0.006364 1.76 1.76
0.006366 1.84 1.92
0.006368 1.84 1.92
0.00637 1.92 2
0.006372 2 2.08
0.006374 2 2.08
0.006376 2.16 2.16
0.006378 2.16 2.32
0.00638 2.24 2.24
0.006382 2.32 2.32
0.006384 2.4 2.4
0.006386 2.48 2.4
0.006388 2.48 2.48
0.00639 2.48 2.56
0.006392 2.56 2.64
0.006394 2.64 2.64
0.006396 2.64 2.64
0.006398 2.8 2.72
0.0064 2.8 2.88
0.006402 2.8 2.88
0.006404 2.88 2.96
0.006406 2.96 2.96
0.006408 3.04 3.04
0.00641 3.12 3.04
0.006412 3.12 3.12
0.006414 3.2 3.28
0.006416 3.2 3.2
0.006418 3.28 3.28
0.00642 3.36 3.36
0.006422 3.36 3.36
0.006424 3.44 3.44
0.006426 3.52 3.44
0.006428 3.52 3.6
0.00643 3.6 3.52
0.006432 3.6 3.6
0.006434 3.76 3.6
0.006436 3.76 3.76
0.006438 3.76 3.76
0.00644 3.84 3.84
0.006442 3.84 3.84
0.006444 3.92 3.92
0.006446 3.92 3.84
0.006448 3.92 3.92
0.00645 4.08 4
0.006452 4.08 4
0.006454 4.08 4
0.006456 4.08 4.16
0.006458 4.16 4.24
0.00646 4.24 4.16
0.006462 4.24 4.24
0.006464 4.4 4.32
0.006466 4.4 4.32
0.006468 4.48 4.4
0.00647 4.48 4.4
0.006472 4.48 4.48
0.006474 4.48 4.48
0.006476 4.56 4.56
0.006478 4.56 4.48
0.00648 4.64 4.56
0.006482 4.72 4.56
0.006484 4.72 4.64
0.006486 4.72 4.72
0.006488 4.72 4.8
0.00649 4.8 4.8
0.006492 4.8 4.8
0.006494 4.88 4.88
0.006496 4.88 4.88
0.006498 4.88 4.88
0.0065 4.88 4.96
0.006502 5.04 4.96
0.006504 5.04 4.96
0.006506 5.04 4.96
0.006508 5.04 5.04
0.00651 5.12 5.04
0.006512 5.12 5.12
0.006514 5.12 5.12
0.006516 5.2 5.12
0.006518 5.12 5.12
0.00652 5.2 5.12
0.006522 5.2 5.2
0.006524 5.2 5.2
0.006526 5.2 5.2
0.006528 5.36 5.28
0.00653 5.36 5.28
0.006532 5.28 5.28
0.006534 5.36 5.28
0.006536 5.36 5.28
0.006538 5.36 5.36
0.00654 5.44 5.36
0.006542 5.44 5.44
0.006544 5.44 5.44
0.006546 5.44 5.44
0.006548 5.44 5.44
0.00655 5.44 5.52
0.006552 5.52 5.44
0.006554 5.52 5.52
0.006556 5.52 5.44
0.006558 5.52 5.52
0.00656 5.52 5.52
0.006562 5.52 5.52
0.006564 5.52 5.52
0.006566 5.52 5.6
0.006568 5.52 5.44
0.00657 5.68 5.52
0.006572 5.6 5.52
0.006574 5.68 5.52
0.006576 5.68 5.52
0.006578 5.68 5.6
0.00658 5.68 5.6
0.006582 5.68 5.52
0.006584 5.68 5.6
0.006586 5.68 5.6
0.006588 5.68 5.52
0.00659 5.68 5.6
0.006592 5.68 5.52
0.006594 5.68 5.6
0.006596 5.68 5.6
0.006598 5.68 5.52
0.0066 5.68 5.6
0.006602 5.68 5.6
0.006604 5.68 5.6
0.006606 5.68 5.52
0.006608 5.68 5.6
0.00661 5.68 5.6
0.006612 5.6 5.52
0.006614 5.6 5.52
0.006616 5.52 5.6
0.006618 5.6 5.52
0.00662 5.6 5.52
0.006622 5.52 5.52
0.006624 5.52 5.52
0.006626 5.52 5.52
0.006628 5.52 5.44
0.00663 5.44 5.44
0.006632 5.52 5.44
0.006634 5.52 5.44
0.006636 5.44 5.44
0.006638 5.44 5.44
0.00664 5.44 5.36
0.006642 5.44 5.36
0.006644 5.44 5.44
0.006646 5.36 5.36
0.006648 5.36 5.28
0.00665 5.36 5.28
0.006652 5.36 5.28
0.006654 5.28 5.2
0.006656 5.36 5.2
0.006658 5.36 5.2
0.00666 5.28 5.2
0.006662 5.2 5.2
0.006664 5.2 5.12
0.006666 5.2 5.12
0.006668 5.12 5.12
0.00667 5.12 4.96
0.006672 5.12 5.04
0.006674 5.12 5.04
0.006676 5.04 4.96
0.006678 5.04 4.96
0.00668 5.04 4.96
0.006682 4.96 4.96
0.006684 4.88 4.88
0.006686 4.96 4.88
0.006688 4.8 4.88
0.00669 4.8 4.72
0.006692 4.8 4.72
0.006694 4.8 4.8
0.006696 4.72 4.64
0.006698 4.72 4.64
0.0067 4.72 4.64
0.006702 4.56 4.64
0.006704 4.64 4.56
0.006706 4.56 4.48
0.006708 4.48 4.48
0.00671 4.48 4.48
0.006712 4.48 4.4
0.006714 4.4 4.32
0.006716 4.4 4.4
0.006718 4.4 4.32
0.00672 4.32 4.24
0.006722 4.24 4.24
0.006724 4.24 4.16
0.006726 4.16 4.08
0.006728 4.16 4.08
0.00673 4.16 4
0.006732 4.08 4
0.006734 4 3.92
0.006736 4 3.92
0.006738 3.92 3.92
0.00674 3.84 3.84
0.006742 3.84 3.84
0.006744 3.76 3.76
0.006746 3.76 3.68
0.006748 3.76 3.6
0.00675 3.6 3.6
0.006752 3.6 3.6
0.006754 3.6 3.52
0.006756 3.52 3.44
0.006758 3.44 3.36
0.00676 3.44 3.36
0.006762 3.44 3.28
0.006764 3.28 3.2
0.006766 3.28 3.28
0.006768 3.2 3.2
0.00677 3.2 3.12
0.006772 3.12 3.04
0.006774 3.04 2.96
0.006776 2.96 2.88
0.006778 2.96 2.88
0.00678 2.88 2.88
0.006782 2.8 2.8
0.006784 2.8 2.8
0.006786 2.8 2.72
0.006788 2.64 2.64
0.00679 2.64 2.56
0.006792 2.56 2.48
0.006794 2.48 2.4
0.006796 2.48 2.4
0.006798 2.32 2.4
0.0068 2.32 2.32
0.006802 2.24 2.32
0.006804 2.24 2.24
0.006806 2.16 2.16
0.006808 2.16 2.08
0.00681 2 2.08
0.006812 2 1.92
0.006814 1.92 1.84
0.006816 1.84 1.76
0.006818 1.84 1.76
0.00682 1.76 1.68
0.006822 1.68 1.68
0.006824 1.68 1.6
0.006826 1.6 1.52
0.006828 1.52 1.44
0.00683 1.52 1.36
0.006832 1.44 1.36
0.006834 1.28 1.28
0.006836 1.28 1.28
0.006838 1.2 1.28
0.00684 1.2 1.12
0.006842 1.2 1.04
0.006844 1.04 0.96
0.006846 0.96 0.96
0.006848 0.96 0.8
0.00685 0.88 0.8
0.006852 0.72 0.8
0.006854 0.88 0.72
0.006856 0.64 0.64
0.006858 0.64 0.56
0.00686 0.56 0.48
0.006862 0.48 0.4
0.006864 0.4 0.4
0.006866 0.4 0.32
0.006868 0.32 0.32
0.00687 0.24 0.24
0.006872 0.24 0.08
0.006874 0.08 0.08
0.006876 0 0
0.006878 0 0
0.00688 -0.16 -0.16
0.006882 -0.16 -0.24
0.006884 -0.24 -0.32
0.006886 -0.32 -0.32
0.006888 -0.4 -0.4
0.00689 -0.4 -0.48
0.006892 -0.48 -0.56
0.006894 -0.56 -0.56
0.006896 -0.64 -0.64
0.006898 -0.72 -0.72
0.0069 -0.72 -0.72
0.006902 -0.8 -0.88
0.006904 -0.8 -0.8
0.006906 -0.96 -0.96
0.006908 -1.04 -1.04
0.00691 -1.12 -1.04
0.006912 -1.12 -1.12
0.006914 -1.28 -1.28
0.006916 -1.28 -1.28
0.006918 -1.36 -1.28
0.00692 -1.36 -1.36
0.006922 -1.44 -1.44
0.006924 -1.44 -1.52
0.006926 -1.6 -1.52
0.006928 -1.6 -1.6
0.00693 -1.68 -1.68
0.006932 -1.76 -1.68
0.006934 -1.76 -1.84
0.006936 -1.92 -1.92
0.006938 -1.92 -1.92
0.00694 -2 -1.92
0.006942 -2 -2
0.006944 -2.08 -2.16
0.006946 -2.08 -2.08
0.006948 -2.24 -2.16
0.00695 -2.32 -2.32
0.006952 -2.32 -2.32
0.006954 -2.32 -2.32
0.006956 -2.4 -2.4
0.006958 -2.48 -2.48
0.00696 -2.56 -2.56
0.006962 -2.56 -2.64
0.006964 -2.64 -2.64
0.006966 -2.72 -2.72
0.006968 -2.8 -2.72
0.00697 -2.8 -2.8
0.006972 -2.88 -2.88
0.006974 -2.96 -2.88
0.006976 -2.96 -2.96
0.006978 -3.04 -2.96
0.00698 -3.04 -3.12
0.006982 -3.2 -3.12
0.006984 -3.2 -3.2
0.006986 -3.28 -3.28
0.006988 -3.36 -3.28
0.00699 -3.36 -3.28
0.006992 -3.44 -3.44
0.006994 -3.52 -3.44
0.006996 -3.52 -3.52
0.006998 -3.52 -3.44
0.007 -3.6 -3.6
0.007002 -3.68 -3.68
0.007004 -3.68 -3.6
0.007006 -3.76 -3.76
0.007008 -3.84 -3.84
0.00701 -3.84 -3.84
0.007012 -3.92 -3.84
0.007014 -3.92 -3.92
0.007016 -4 -3.92
0.007018 -4 -3.92
0.00702 -4 -4.08
0.007022 -4.08 -4.08
0.007024 -4.16 -4.16
0.007026 -4.24 -4.16
0.007028 -4.24 -4.16
0.00703 -4.32 -4.32
0.007032 -4.32 -4.32
0.007034 -4.4 -4.32
0.007036 -4.4 -4.4
0.007038 -4.48 -4.4
0.00704 -4.48 -4.4
0.007042 -4.56 -4.48
0.007044 -4.56 -4.56
0.007046 -4.64 -4.56
0.007048 -4.64 -4.56
0.00705 -4.64 -4.64
0.007052 -4.8 -4.72
0.007054 -4.8 -4.72
0.007056 -4.88 -4.72
0.007058 -4.88 -4.88
0.00706 -4.88 -4.8
0.007062 -4.96 -4.88
0.007064 -4.96 -4.88
0.007066 -4.96 -4.88
0.007068 -4.96 -4.88
0.00707 -5.04 -4.96
0.007072 -5.12 -5.12
0.007074 -5.04 -5.04
0.007076 -5.12 -5.04
0.007078 -5.2 -5.12
0.00708 -5.2 -5.12
0.007082 -5.2 -5.12
0.007084 -5.28 -5.2
0.007086 -5.2 -5.28
0.007088 -5.28 -5.2
0.00709 -5.28 -5.2
0.007092 -5.28 -5.2
0.007094 -5.36 -5.28
0.007096 -5.44 -5.28
0.007098 -5.36 -5.28
0.0071 -5.44 -5.36
0.007102 -5.44 -5.44
0.007104 -5.44 -5.44
0.007106 -5.52 -5.44
0.007108 -5.44 -5.44
0.00711 -5.52 -5.44
0.007112 -5.52 -5.44
0.007114 -5.52 -5.52
0.007116 -5.6 -5.52
0.007118 -5.6 -5.44
0.00712 -5.6 -5.52
0.007122 -5.6 -5.52
0.007124 -5.6 -5.6
0.007126 -5.6 -5.52
0.007128 -5.6 -5.6
0.00713 -5.68 -5.6
0.007132 -5.68 -5.6
0.007134 -5.68 -5.6
0.007136 -5.76 -5.68
0.007138 -5.76 -5.68
0.00714 -5.76 -5.68
0.007142 -5.76 -5.68
0.007144 -5.76 -5.68
0.007146 -5.76 -5.68
0.007148 -5.84 -5.68
0.00715 -5.76 -5.68
0.007152 -5.76 -5.68
0.007154 -5.76 -5.68
0.007156 -5.76 -5.76
0.007158 -5.84 -5.76
0.00716 -5.84 -5.76
0.007162 -5.84 -5.68
0.007164 -5.76 -5.68
0.007166 -5.76 -5.76
0.007168 -5.76 -5.76
0.00717 -5.76 -5.68
0.007172 -5.76 -5.68
0.007174 -5.76 -5.76
0.007176 -5.84 -5.76
0.007178 -5.84 -5.68
0.00718 -5.76 -5.76
0.007182 -5.76 -5.68
0.007184 -5.76 -5.68
0.007186 -5.76 -5.68
0.007188 -5.76 -5.68
0.00719 -5.76 -5.68
0.007192 -5.76 -5.68
0.007194 -5.76 -5.68
0.007196 -5.68 -5.68
0.007198 -5.68 -5.52
0.0072 -5.76 -5.6
0.007202 -5.68 -5.6
0.007204 -5.6 -5.6
0.007206 -5.6 -5.52
0.007208 -5.6 -5.52
0.00721 -5.6 -5.52
0.007212 -5.6 -5.52
0.007214 -5.6 -5.44
0.007216 -5.6 -5.52
0.007218 -5.6 -5.52
0.00722 -5.52 -5.44
0.007222 -5.52 -5.44
0.007224 -5.52 -5.52
0.007226 -5.44 -5.44
0.007228 -5.52 -5.36
0.00723 -5.44 -5.36
0.007232 -5.44 -5.36
0.007234 -5.44 -5.2
0.007236 -5.44 -5.28
0.007238 -5.44 -5.28
0.00724 -5.36 -5.28
0.007242 -5.28 -5.2
0.007244 -5.28 -5.2
0.007246 -5.28 -5.2
0.007248 -5.28 -5.12
0.00725 -5.2 -5.12
0.007252 -5.28 -5.04
0.007254 -5.2 -5.04
0.007256 -5.2 -5.04
0.007258 -5.12 -5.04
0.00726 -5.12 -5.04
0.007262 -5.12 -4.96
0.007264 -4.96 -4.88
0.007266 -4.96 -4.88
0.007268 -4.96 -4.8
0.00727 -4.88 -4.8
0.007272 -4.96 -4.8
0.007274 -4.88 -4.8
0.007276 -4.88 -4.72
0.007278 -4.8 -4.72
0.00728 -4.8 -4.72
0.007282 -4.72 -4.64
0.007284 -4.64 -4.56
0.007286 -4.64 -4.48
0.007288 -4.64 -4.56
0.00729 -4.56 -4.48
0.007292 -4.48 -4.4
0.007294 -4.48 -4.4
0.007296 -4.48 -4.32
0.007298 -4.4 -4.32
0.0073 -4.32 -4.24
0.007302 -4.32 -4.24
0.007304 -4.24 -4.16
0.007306 -4.24 -4.08
0.007308 -4.16 -4.08
0.00731 -4.16 -4.08
0.007312 -4.16 -4
0.007314 -4.08 -4
0.007316 -4 -3.92
0.007318 -4 -3.92
0.00732 -3.92 -3.84
0.007322 -3.84 -3.76
0.007324 -3.84 -3.76
0.007326 -3.76 -3.76
0.007328 -3.76 -3.68
0.00733 -3.68 -3.68
0.007332 -3.68 -3.6
0.007334 -3.6 -3.52
0.007336 -3.52 -3.44
0.007338 -3.52 -3.36
0.00734 -3.52 -3.36
0.007342 -3.36 -3.28
0.007344 -3.28 -3.2
0.007346 -3.28 -3.28
0.007348 -3.2 -3.2
0.00735 -3.12 -3.12
0.007352 -3.2 -3.04
0.007354 -3.04 -2.96
0.007356 -2.96 -2.88
0.007358 -2.96 -2.88
0.00736 -2.96 -2.8
0.007362 -2.88 -2.8
0.007364 -2.72 -2.64
0.007366 -2.72 -2.72
0.007368 -2.72 -2.64
0.00737 -2.64 -2.56
0.007372 -2.64 -2.4
0.007374 -2.56 -2.4
0.007376 -2.4 -2.32
0.007378 -2.4 -2.32
0.00738 -2.4 -2.32
0.007382 -2.32 -2.24
0.007384 -2.24 -2.16
0.007386 -2.16 -2
0.007388 -2.08 -2
0.00739 -2.08 -1.92
0.007392 -2 -1.92
0.007394 -1.92 -1.84
0.007396 -1.92 -1.84
0.007398 -1.76 -1.76
0.0074 -1.76 -1.68
0.007402 -1.76 -1.6
0.007404 -1.68 -1.6
0.007406 -1.6 -1.52
0.007408 -1.52 -1.44
0.00741 -1.44 -1.36
0.007412 -1.44 -1.36
0.007414 -1.36 -1.28
0.007416 -1.28 -1.2
0.007418 -1.28 -1.12
0.00742 -1.2 -1.12
0.007422 -1.12 -1.04
0.007424 -1.12 -0.96
0.007426 -1.04 -0.88
0.007428 -0.96 -0.88
0.00743 -0.8 -0.72
0.007432 -0.8 -0.72
0.007434 -0.72 -0.64
0.007436 -0.72 -0.56
0.007438 -0.64 -0.56
0.00744 -0.48 -0.48
0.007442 -0.48 -0.4
0.007444 -0.4 -0.32
0.007446 -0.32 -0.24
0.007448 -0.32 -0.24
0.00745 -0.24 -0.16
0.007452 -0.16 0
0.007454 0 0
0.007456 0 0.08
0.007458 0.08 0.16
0.00746 0.24 0.24
0.007462 0.24 0.24
0.007464 0.24 0.32
0.007466 0.32 0.4
0.007468 0.4 0.4
0.00747 0.4 0.48
0.007472 0.56 0.64
0.007474 0.56 0.64
0.007476 0.64 0.64
0.007478 0.64 0.72
0.00748 0.72 0.88
0.007482 0.8 0.8
0.007484 0.88 0.96
0.007486 0.96 1.04
0.007488 1.04 1.04
0.00749 1.04 1.12
0.007492 1.12 1.12
0.007494 1.2 1.28
0.007496 1.2 1.28
0.007498 1.28 1.28
0.0075 1.36 1.44
0.007502 1.52 1.44
0.007504 1.52 1.44
0.007506 1.52 1.52
0.007508 1.6 1.68
0.00751 1.6 1.68
0.007512 1.68 1.76
0.007514 1.68 1.76
0.007516 1.84 1.92
0.007518 1.92 1.92
0.00752 2 1.92
0.007522 2 2.08
0.007524 2.08 2.16
0.007526 2.16 2.24
0.007528 2.16 2.24
0.00753 2.24 2.32
0.007532 2.24 2.32
0.007534 2.32 2.32
0.007536 2.48 2.4
0.007538 2.48 2.56
0.00754 2.48 2.56
0.007542 2.64 2.64
0.007544 2.64 2.72
0.007546 2.64 2.72
0.007548 2.8 2.8
0.00755 2.8 2.88
0.007552 2.88 2.96
0.007554 2.96 2.88
0.007556 2.96 2.96
0.007558 2.96 3.04
0.00756 3.12 3.12
0.007562 3.12 3.12
0.007564 3.2 3.28
0.007566 3.2 3.28
0.007568 3.28 3.28
0.00757 3.36 3.28
0.007572 3.44 3.36
0.007574 3.44 3.44
0.007576 3.44 3.52
0.007578 3.52 3.52
0.00758 3.6 3.6
0.007582 3.68 3.6
0.007584 3.68 3.6
0.007586 3.76 3.68
0.007588 3.76 3.84
0.00759 3.84 3.84
0.007592 3.84 3.84
0.007594 3.92 3.92
0.007596 3.92 4
0.007598 3.92 3.92
0.0076 4.08 4
0.007602 4.08 4.08
0.007604 4.08 4.08
0.007606 4.16 4.16
0.007608 4.24 4.24
0.00761 4.24 4.32
0.007612 4.24 4.24
0.007614 4.32 4.32
0.007616 4.4 4.4
0.007618 4.48 4.4
0.00762 4.4 4.48
0.007622 4.56 4.48
0.007624 4.48 4.48
0.007626 4.56 4.56
0.007628 4.56 4.56
0.00763 4.64 4.64
0.007632 4.72 4.72
0.007634 4.72 4.72
0.007636 4.72 4.72
0.007638 4.8 4.8
0.00764 4.8 4.72
0.007642 4.8 4.8
0.007644 4.88 4.88
0.007646 4.96 4.96
0.007648 4.88 4.88
0.00765 4.88 4.88
0.007652 4.96 4.96
0.007654 5.04 4.96
0.007656 5.04 4.96
0.007658 5.04 5.04
0.00766 5.04 5.12
0.007662 5.12 5.12
0.007664 5.12 5.12
0.007666 5.12 5.2
0.007668 5.2 5.2
0.00767 5.2 5.12
0.007672 5.2 5.2
0.007674 5.28 5.28
0.007676 5.36 5.2
0.007678 5.28 5.28
0.00768 5.36 5.28
0.007682 5.36 5.28
0.007684 5.36 5.36
0.007686 5.36 5.36
0.007688 5.36 5.44
0.00769 5.36 5.36
0.007692 5.44 5.36
0.007694 5.44 5.44
0.007696 5.44 5.44
0.007698 5.44 5.44
0.0077 5.52 5.44
0.007702 5.52 5.52
0.007704 5.52 5.52
0.007706 5.52 5.44
0.007708 5.52 5.44
0.00771 5.52 5.52
0.007712 5.52 5.52
0.007714 5.6 5.52
0.007716 5.52 5.6
0.007718 5.68 5.6
0.00772 5.52 5.52
0.007722 5.68 5.52
0.007724 5.6 5.52
0.007726 5.68 5.6
0.007728 5.6 5.52
0.00773 5.68 5.6
0.007732 5.6 5.6
0.007734 5.68 5.6
0.007736 5.68 5.6
0.007738 5.68 5.6
0.00774 5.68 5.6
0.007742 5.6 5.52
0.007744 5.68 5.6
0.007746 5.68 5.6
0.007748 5.6 5.52
0.00775 5.6 5.52
0.007752 5.68 5.6
0.007754 5.68 5.6
0.007756 5.68 5.6
0.007758 5.68 5.6
0.00776 5.6 5.52
0.007762 5.68 5.52
0.007764 5.52 5.52
0.007766 5.6 5.52
0.007768 5.6 5.52
0.00777 5.6 5.52
0.007772 5.52 5.52
0.007774 5.52 5.52
0.007776 5.52 5.52
0.007778 5.52 5.44
0.00778 5.52 5.44
0.007782 5.44 5.44
0.007784 5.44 5.36
0.007786 5.44 5.44
0.007788 5.44 5.44
0.00779 5.44 5.44
0.007792 5.44 5.36
0.007794 5.44 5.36
0.007796 5.36 5.36
0.007798 5.36 5.28
0.0078 5.36 5.2
0.007802 5.36 5.2
0.007804 5.36 5.2
0.007806 5.2 5.2
0.007808 5.2 5.2
0.00781 5.28 5.2
0.007812 5.2 5.12
0.007814 5.2 5.12
0.007816 5.2 5.12
0.007818 5.12 5.2
0.00782 5.12 5.12
0.007822 5.04 5.04
0.007824 5.04 5.04
0.007826 5.04 5.04
0.007828 5.04 4.96
0.00783 5.04 4.88
0.007832 4.96 4.88
0.007834 4.88 4.88
0.007836 4.88 4.8
0.007838 4.88 4.8
0.00784 4.8 4.8
0.007842 4.8 4.72
0.007844 4.8 4.72
0.007846 4.8 4.72
0.007848 4.72 4.64
0.00785 4.72 4.64
0.007852 4.72 4.56
0.007854 4.56 4.56
0.007856 4.56 4.56
0.007858 4.48 4.48
0.00786 4.48 4.48
0.007862 4.48 4.48
0.007864 4.4 4.32
0.007866 4.4 4.24
0.007868 4.4 4.32
0.00787 4.32 4.24
0.007872 4.24 4.16
0.007874 4.24 4.16
0.007876 4.16 4.16
0.007878 4.16 4.08
0.00788 4.08 4
0.007882 4.08 4
0.007884 4 3.92
0.007886 3.92 3.92
0.007888 3.92 3.84
0.00789 3.92 3.84
0.007892 3.76 3.84
0.007894 3.76 3.68
0.007896 3.76 3.68
0.007898 3.76 3.68
0.0079 3.6 3.6
0.007902 3.6 3.52
0.007904 3.6 3.52
0.007906 3.52 3.44
0.007908 3.44 3.36
0.00791 3.44 3.36
0.007912 3.44 3.36
0.007914 3.28 3.2
0.007916 3.2 3.2
0.007918 3.2 3.2
0.00792 3.12 3.04
0.007922 3.12 2.96
0.007924 3.04 2.96
0.007926 2.96 2.96
0.007928 2.88 2.88
0.00793 2.88 2.8
0.007932 2.8 2.72
0.007934 2.8 2.72
0.007936 2.64 2.56
0.007938 2.64 2.56
0.00794 2.64 2.64
0.007942 2.56 2.56
0.007944 2.48 2.4
0.007946 2.48 2.4
0.007948 2.32 2.4
0.00795 2.32 2.24
0.007952 2.24 2.24
0.007954 2.24 2.16
0.007956 2.16 2.16
0.007958 2.16 2
0.00796 2 2.08
0.007962 2 2
0.007964 1.92 1.84
0.007966 1.92 1.76
0.007968 1.84 1.76
0.00797 1.84 1.68
0.007972 1.68 1.6
0.007974 1.6 1.6
0.007976 1.52 1.52
0.007978 1.52 1.52
0.00798 1.52 1.36
0.007982 1.36 1.28
0.007984 1.36 1.36
0.007986 1.28 1.2
0.007988 1.2 1.12
0.00799 1.12 1.12
0.007992 1.04 1.04
0.007994 1.04 0.96
0.007996 0.96 0.96
0.007998 0.96 0.88
