0 2.96 0.44
4e-08 2.96 0.44
8e-08 -2.88 0.32
1.2e-07 -2.64 0.32
1.6e-07 -2.64 0.34
2e-07 -2.56 0.32
2.4e-07 -2.56 0.32
2.8e-07 -2.56 0.34
3.2e-07 -2.32 0.34
3.6e-07 -2.32 0.34
4e-07 -2.24 0.34
4.4e-07 -2.24 0.36
4.8e-07 -2.08 0.36
5.2e-07 -2 0.36
5.6e-07 -2 0.36
6e-07 -1.92 0.36
6.4e-07 -1.84 0.36
6.8e-07 -1.68 0.4
7.2e-07 -1.68 0.38
7.6e-07 -1.6 0.38
8e-07 -1.52 0.38
8.4e-07 -1.44 0.4
8.8e-07 -1.36 0.38
9.2e-07 -1.28 0.4
9.6e-07 -1.2 0.4
1e-06 -1.12 0.4
1.04e-06 -1.04 0.42
1.08e-06 -0.96 0.4
1.12e-06 -0.88 0.42
1.16e-06 -0.88 0.4
1.2e-06 -0.72 0.42
1.24e-06 -0.64 0.42
1.28e-06 -0.56 0.42
1.32e-06 -0.56 0.42
1.36e-06 -0.48 0.44
1.4e-06 -0.4 0.42
1.44e-06 -0.24 0.42
1.48e-06 -0.24 0.42
1.52e-06 -0.16 0.44
1.56e-06 0 0.42
1.6e-06 0.08 0.44
1.64e-06 0.16 0.44
1.68e-06 0.24 0.44
1.72e-06 0.32 0.46
1.76e-06 0.4 0.44
1.8e-06 0.48 0.44
1.84e-06 0.56 0.46
1.88e-06 0.64 0.46
1.92e-06 0.72 0.46
1.96e-06 0.8 0.44
2e-06 0.96 0.44
2.04e-06 0.96 0.44
2.08e-06 0.96 0.44
2.12e-06 1.04 0.46
2.16e-06 1.28 0.46
2.2e-06 1.28 0.46
2.24e-06 1.28 0.46
2.28e-06 1.44 0.46
2.32e-06 1.44 0.44
2.36e-06 1.6 0.46
2.4e-06 1.68 0.46
2.44e-06 1.68 0.48
2.48e-06 1.76 0.46
2.52e-06 1.92 0.44
2.56e-06 1.92 0.46
2.6e-06 2 0.48
2.64e-06 2.08 0.46
2.68e-06 2.08 0.44
2.72e-06 2.24 0.44
2.76e-06 2.24 0.46
2.8e-06 2.32 0.46
2.84e-06 2.4 0.46
2.88e-06 2.48 0.44
2.92e-06 2.56 0.46
2.96e-06 2.64 0.46
3e-06 2.72 0.46
3.04e-06 2.72 0.46
3.08e-06 2.88 0.44
3.12e-06 2.88 0.46
3.16e-06 2.96 0.44
3.2e-06 3.04 0.44
3.24e-06 3.12 0.44
3.28e-06 3.2 0.44
3.32e-06 3.28 0.42
3.36e-06 3.28 0.42
3.4e-06 3.36 0.44
3.44e-06 3.52 0.44
3.48e-06 3.52 0.44
3.52e-06 3.6 0.44
3.56e-06 3.6 0.42
3.6e-06 3.68 0.44
3.64e-06 3.76 0.42
3.68e-06 3.84 0.44
3.72e-06 3.84 0.42
3.76e-06 3.92 0.42
3.8e-06 4 0.42
3.84e-06 4 0.42
3.88e-06 4.16 0.42
3.92e-06 4.16 0.4
3.96e-06 4.24 0.4
4e-06 4.24 0.4
4.04e-06 4.32 0.42
4.08e-06 4.32 0.4
4.12e-06 4.48 0.4
4.16e-06 4.48 0.4
4.2e-06 4.56 0.4
4.24e-06 4.64 0.38
4.28e-06 4.64 0.38
4.32e-06 4.72 0.38
4.36e-06 4.8 0.38
4.4e-06 4.8 0.38
4.44e-06 4.8 0.36
4.48e-06 4.88 0.36
4.52e-06 4.88 0.36
4.56e-06 4.96 0.36
4.6e-06 4.96 0.34
4.64e-06 5.12 0.34
4.68e-06 5.12 0.34
4.72e-06 5.12 0.34
4.76e-06 5.2 0.34
4.8e-06 5.2 0.32
4.84e-06 5.2 0.32
4.88e-06 5.28 0.32
4.92e-06 5.28 0.32
4.96e-06 5.44 0.32
5e-06 5.44 0.3
5.04e-06 5.44 0.32
5.08e-06 5.44 0.3
5.12e-06 5.52 0.32
5.16e-06 5.44 0.28
5.2e-06 5.52 0.28
5.24e-06 5.6 0.28
5.28e-06 5.6 0.28
5.32e-06 5.6 0.26
5.36e-06 5.76 0.28
5.4e-06 5.68 0.28
5.44e-06 5.76 0.26
5.48e-06 5.76 0.26
5.52e-06 5.76 0.24
5.56e-06 5.76 0.24
5.6e-06 5.76 0.24
5.64e-06 5.76 0.24
5.68e-06 5.76 0.24
5.72e-06 5.84 0.24
5.76e-06 5.84 0.22
5.8e-06 5.84 0.22
5.84e-06 5.92 0.2
5.88e-06 5.92 0.2
5.92e-06 5.92 0.18
5.96e-06 5.92 0.2
6e-06 5.92 0.2
6.04e-06 5.92 0.18
6.08e-06 5.92 0.18
6.12e-06 6 0.18
6.16e-06 6 0.16
6.2e-06 6.08 0.14
6.24e-06 6.08 0.14
6.28e-06 5.92 0.14
6.32e-06 6.08 0.14
6.36e-06 6.08 0.12
6.4e-06 6.08 0.1
6.44e-06 6 0.12
6.48e-06 6 0.1
6.52e-06 6 0.12
6.56e-06 6.08 0.1
6.6e-06 6.08 0.08
6.64e-06 5.92 0.08
6.68e-06 6 0.08
6.72e-06 6.08 0.08
6.76e-06 6 0.06
6.8e-06 5.92 0.06
6.84e-06 6 0.06
6.88e-06 5.92 0.04
6.92e-06 5.92 0.02
6.96e-06 5.92 0.04
7e-06 5.92 0.04
7.04e-06 5.92 0.04
7.08e-06 5.84 0.02
7.12e-06 5.92 0.02
7.16e-06 5.92 0.02
7.2e-06 5.84 0
7.24e-06 5.84 0
7.28e-06 5.84 0
7.32e-06 5.76 -0.04
7.36e-06 5.76 -0.04
7.4e-06 5.76 -0.04
7.44e-06 5.76 -0.06
7.48e-06 5.76 -0.08
7.52e-06 5.6 -0.08
7.56e-06 5.6 -0.08
7.6e-06 5.6 -0.06
7.64e-06 5.6 -0.1
7.68e-06 5.6 -0.08
7.72e-06 5.52 -0.1
7.76e-06 5.44 -0.1
7.8e-06 5.44 -0.12
7.84e-06 5.44 -0.12
7.88e-06 5.36 -0.1
7.92e-06 5.44 -0.14
7.96e-06 5.36 -0.14
8e-06 5.28 -0.16
8.04e-06 5.28 -0.16
8.08e-06 5.2 -0.14
8.12e-06 5.2 -0.16
8.16e-06 5.12 -0.16
8.2e-06 5.12 -0.18
8.24e-06 5.12 -0.16
8.28e-06 4.96 -0.18
8.32e-06 4.96 -0.2
8.36e-06 4.96 -0.2
8.4e-06 4.88 -0.2
8.44e-06 4.8 -0.18
8.48e-06 4.8 -0.22
8.52e-06 4.8 -0.22
8.56e-06 4.64 -0.24
8.6e-06 4.64 -0.24
8.64e-06 4.56 -0.24
8.68e-06 4.56 -0.24
8.72e-06 4.48 -0.26
8.76e-06 4.48 -0.26
8.8e-06 4.48 -0.26
8.84e-06 4.32 -0.26
8.88e-06 4.24 -0.28
8.92e-06 4.24 -0.26
8.96e-06 4.16 -0.28
9e-06 4.16 -0.3
9.04e-06 4.08 -0.32
9.08e-06 4 -0.32
9.12e-06 3.92 -0.3
9.16e-06 3.84 -0.32
9.2e-06 3.84 -0.32
9.24e-06 3.76 -0.32
9.28e-06 3.68 -0.32
9.32e-06 3.6 -0.34
9.36e-06 3.6 -0.34
9.4e-06 3.52 -0.34
9.44e-06 3.52 -0.36
9.48e-06 3.44 -0.34
9.52e-06 3.36 -0.36
9.56e-06 3.28 -0.38
9.6e-06 3.2 -0.38
9.64e-06 3.2 -0.38
9.68e-06 3.12 -0.38
9.72e-06 2.96 -0.4
9.76e-06 2.96 -0.4
9.8e-06 2.88 -0.4
9.84e-06 2.88 -0.4
9.88e-06 2.72 -0.4
9.92e-06 2.64 -0.42
9.96e-06 2.56 -0.4
1e-05 2.56 -0.42
1.004e-05 2.48 -0.4
1.008e-05 2.4 -0.42
1.012e-05 2.24 -0.44
1.016e-05 2.24 -0.44
1.02e-05 2.24 -0.44
1.024e-05 2.08 -0.42
1.028e-05 2 -0.44
1.032e-05 1.92 -0.46
1.036e-05 1.92 -0.46
1.04e-05 1.76 -0.46
1.044e-05 1.76 -0.46
1.048e-05 1.68 -0.48
1.052e-05 1.6 -0.46
1.056e-05 1.52 -0.48
1.06e-05 1.44 -0.46
1.064e-05 1.28 -0.48
1.068e-05 1.28 -0.5
1.072e-05 1.12 -0.48
1.076e-05 1.12 -0.5
1.08e-05 0.96 -0.5
1.084e-05 0.96 -0.5
1.088e-05 0.88 -0.48
1.092e-05 0.8 -0.48
1.096e-05 0.72 -0.5
1.1e-05 0.72 -0.5
1.104e-05 0.64 -0.5
1.108e-05 0.48 -0.5
1.112e-05 0.4 -0.5
1.116e-05 0.32 -0.52
1.12e-05 0.32 -0.52
1.124e-05 0.24 -0.52
1.128e-05 0.08 -0.52
1.132e-05 0 -0.54
1.136e-05 0 -0.52
1.14e-05 -0.24 -0.54
1.144e-05 -0.24 -0.54
1.148e-05 -0.32 -0.54
1.152e-05 -0.4 -0.54
1.156e-05 -0.48 -0.54
1.16e-05 -0.56 -0.54
1.164e-05 -0.64 -0.52
1.168e-05 -0.72 -0.54
1.172e-05 -0.8 -0.54
1.176e-05 -0.88 -0.54
1.18e-05 -0.96 -0.54
1.184e-05 -1.04 -0.54
1.188e-05 -1.12 -0.56
1.192e-05 -1.28 -0.56
1.196e-05 -1.28 -0.54
1.2e-05 -1.36 -0.56
1.204e-05 -1.44 -0.54
1.208e-05 -1.52 -0.56
1.212e-05 -1.6 -0.54
1.216e-05 -1.6 -0.54
1.22e-05 -1.68 -0.56
1.224e-05 -1.84 -0.56
1.228e-05 -1.92 -0.56
1.232e-05 -1.92 -0.54
1.236e-05 -2 -0.54
1.24e-05 -2.08 -0.56
1.244e-05 -2.16 -0.54
1.248e-05 -2.24 -0.56
1.252e-05 -2.32 -0.56
1.256e-05 -2.32 -0.56
1.26e-05 -2.48 -0.54
1.264e-05 -2.48 -0.54
1.268e-05 -2.64 -0.54
1.272e-05 -2.64 -0.54
1.276e-05 -2.72 -0.54
1.28e-05 -2.8 -0.54
1.284e-05 -2.88 -0.54
1.288e-05 -2.96 -0.54
1.292e-05 -2.96 -0.54
1.296e-05 -3.04 -0.56
1.3e-05 -3.12 -0.54
1.304e-05 -3.2 -0.54
1.308e-05 -3.28 -0.54
1.312e-05 -3.28 -0.54
1.316e-05 -3.44 -0.54
1.32e-05 -3.44 -0.52
1.324e-05 -3.52 -0.52
1.328e-05 -3.52 -0.52
1.332e-05 -3.6 -0.52
1.336e-05 -3.6 -0.5
1.34e-05 -3.76 -0.5
1.344e-05 -3.92 -0.52
1.348e-05 -3.84 -0.5
1.352e-05 -3.92 -0.52
1.356e-05 -4 -0.5
1.36e-05 -4.08 -0.5
1.364e-05 -4.08 -0.5
1.368e-05 -4.16 -0.5
1.372e-05 -4.24 -0.5
1.376e-05 -4.24 -0.5
1.38e-05 -4.32 -0.5
1.384e-05 -4.4 -0.5
1.388e-05 -4.48 -0.5
1.392e-05 -4.56 -0.48
1.396e-05 -4.56 -0.48
1.4e-05 -4.56 -0.48
1.404e-05 -4.72 -0.46
1.408e-05 -4.72 -0.48
1.412e-05 -4.72 -0.46
1.416e-05 -4.8 -0.46
1.42e-05 -4.88 -0.46
1.424e-05 -4.88 -0.46
1.428e-05 -4.96 -0.46
1.432e-05 -5.04 -0.44
1.436e-05 -5.04 -0.46
1.44e-05 -5.04 -0.46
1.444e-05 -5.12 -0.44
1.448e-05 -5.2 -0.42
1.452e-05 -5.2 -0.42
1.456e-05 -5.2 -0.42
1.46e-05 -5.28 -0.42
1.464e-05 -5.36 -0.42
1.468e-05 -5.36 -0.42
1.472e-05 -5.36 -0.42
1.476e-05 -5.44 -0.42
1.48e-05 -5.44 -0.4
1.484e-05 -5.52 -0.4
1.488e-05 -5.52 -0.4
1.492e-05 -5.52 -0.38
1.496e-05 -5.68 -0.38
1.5e-05 -5.68 -0.38
1.504e-05 -5.68 -0.38
1.508e-05 -5.68 -0.36
1.512e-05 -5.68 -0.36
1.516e-05 -5.76 -0.34
1.52e-05 -5.76 -0.36
1.524e-05 -5.84 -0.34
1.528e-05 -5.84 -0.34
1.532e-05 -5.84 -0.34
1.536e-05 -5.84 -0.34
1.54e-05 -5.84 -0.34
1.544e-05 -5.84 -0.34
1.548e-05 -5.92 -0.3
1.552e-05 -6 -0.3
1.556e-05 -6 -0.3
1.56e-05 -6 -0.32
1.564e-05 -6 -0.3
1.568e-05 -6.08 -0.28
1.572e-05 -6 -0.28
1.576e-05 -6.08 -0.26
1.58e-05 -6.08 -0.28
1.584e-05 -6.08 -0.26
1.588e-05 -6.08 -0.26
1.592e-05 -6.08 -0.26
1.596e-05 -6.08 -0.26
1.6e-05 -6.08 -0.24
1.604e-05 -6.08 -0.24
1.608e-05 -6.16 -0.24
1.612e-05 -6.16 -0.22
1.616e-05 -6.08 -0.22
1.62e-05 -6.08 -0.22
1.624e-05 -6.16 -0.2
1.628e-05 -6.16 -0.22
1.632e-05 -6.08 -0.2
1.636e-05 -6.08 -0.18
1.64e-05 -6.08 -0.16
1.644e-05 -6.16 -0.16
1.648e-05 -6.16 -0.18
1.652e-05 -6.16 -0.16
1.656e-05 -6.16 -0.14
1.66e-05 -6.08 -0.14
1.664e-05 -6.08 -0.16
1.668e-05 -6.08 -0.14
1.672e-05 -6.08 -0.12
1.676e-05 -6 -0.12
1.68e-05 -6 -0.12
1.684e-05 -6 -0.1
1.688e-05 -6 -0.1
1.692e-05 -6 -0.1
1.696e-05 -6 -0.1
1.7e-05 -5.92 -0.08
1.704e-05 -6 -0.1
1.708e-05 -5.84 -0.08
1.712e-05 -5.84 -0.08
1.716e-05 -5.84 -0.06
1.72e-05 -5.84 -0.06
1.724e-05 -5.84 -0.06
1.728e-05 -5.84 -0.04
1.732e-05 -5.76 -0.04
1.736e-05 -5.76 0
1.74e-05 -5.68 0
1.744e-05 -5.68 0
1.748e-05 -5.68 0.02
1.752e-05 -5.68 0
1.756e-05 -5.6 0.02
1.76e-05 -5.52 0.02
1.764e-05 -5.52 0.04
1.768e-05 -5.52 0.04
1.772e-05 -5.52 0.04
1.776e-05 -5.44 0.06
1.78e-05 -5.36 0.06
1.784e-05 -5.36 0.06
1.788e-05 -5.36 0.06
1.792e-05 -5.28 0.08
1.796e-05 -5.2 0.08
1.8e-05 -5.2 0.1
1.804e-05 -5.2 0.1
1.808e-05 -5.12 0.1
1.812e-05 -5.04 0.12
1.816e-05 -5.04 0.12
1.82e-05 -5.04 0.12
1.824e-05 -4.88 0.12
1.828e-05 -4.88 0.12
1.832e-05 -4.88 0.12
1.836e-05 -4.88 0.14
1.84e-05 -4.72 0.16
1.844e-05 -4.8 0.14
1.848e-05 -4.64 0.16
1.852e-05 -4.64 0.18
1.856e-05 -4.56 0.18
1.86e-05 -4.56 0.18
1.864e-05 -4.48 0.18
1.868e-05 -4.4 0.2
1.872e-05 -4.24 0.18
1.876e-05 -4.24 0.2
1.88e-05 -4.24 0.2
1.884e-05 -4.16 0.22
1.888e-05 -4.08 0.22
1.892e-05 -4.08 0.22
1.896e-05 -3.92 0.22
1.9e-05 -4 0.24
1.904e-05 -3.92 0.24
1.908e-05 -3.84 0.26
1.912e-05 -3.76 0.24
1.916e-05 -3.68 0.26
1.92e-05 -3.6 0.26
1.924e-05 -3.6 0.28
1.928e-05 -3.52 0.26
1.932e-05 -3.52 0.26
1.936e-05 -3.44 0.28
1.94e-05 -3.28 0.28
1.944e-05 -3.28 0.3
1.948e-05 -3.2 0.28
1.952e-05 -3.12 0.28
1.956e-05 -3.04 0.3
1.96e-05 -2.96 0.32
1.964e-05 -2.88 0.32
1.968e-05 -2.8 0.32
1.972e-05 -2.8 0.32
1.976e-05 -2.72 0.32
1.98e-05 -2.64 0.32
1.984e-05 -2.56 0.34
1.988e-05 -2.48 0.34
1.992e-05 -2.4 0.34
1.996e-05 -2.32 0.34
2e-05 -2.32 0.34
2.004e-05 -2.16 0.34
2.008e-05 -2.16 0.34
2.012e-05 -2 0.36
2.016e-05 -2 0.36
2.02e-05 -1.92 0.36
2.024e-05 -1.84 0.36
2.028e-05 -1.68 0.4
2.032e-05 -1.68 0.4
2.036e-05 -1.6 0.38
2.04e-05 -1.52 0.4
2.044e-05 -1.52 0.4
2.048e-05 -1.36 0.4
2.052e-05 -1.36 0.4
2.056e-05 -1.2 0.4
2.06e-05 -1.2 0.4
2.064e-05 -1.04 0.4
2.068e-05 -1.04 0.42
2.072e-05 -0.96 0.4
2.076e-05 -0.88 0.4
2.08e-05 -0.72 0.42
2.084e-05 -0.72 0.42
2.088e-05 -0.64 0.42
2.092e-05 -0.56 0.42
2.096e-05 -0.4 0.44
2.1e-05 -0.4 0.44
2.104e-05 -0.24 0.42
2.108e-05 -0.24 0.42
2.112e-05 0 0.42
2.116e-05 0 0.44
2.12e-05 0.08 0.44
2.124e-05 0.08 0.44
2.128e-05 0.32 0.44
2.132e-05 0.32 0.44
2.136e-05 0.32 0.46
2.14e-05 0.48 0.46
2.144e-05 0.64 0.44
2.148e-05 0.64 0.44
2.152e-05 0.72 0.46
2.156e-05 0.8 0.46
2.16e-05 0.88 0.44
2.164e-05 0.96 0.46
2.168e-05 1.04 0.44
2.172e-05 1.04 0.46
2.176e-05 1.12 0.44
2.18e-05 1.28 0.46
2.184e-05 1.36 0.46
2.188e-05 1.36 0.46
2.192e-05 1.44 0.46
2.196e-05 1.52 0.44
2.2e-05 1.6 0.48
2.204e-05 1.68 0.44
2.208e-05 1.76 0.46
2.212e-05 1.84 0.48
2.216e-05 1.92 0.44
2.22e-05 2 0.48
2.224e-05 2.08 0.46
2.228e-05 2.08 0.46
2.232e-05 2.24 0.44
2.236e-05 2.24 0.46
2.24e-05 2.32 0.46
2.244e-05 2.4 0.46
2.248e-05 2.48 0.46
2.252e-05 2.56 0.46
2.256e-05 2.56 0.46
2.26e-05 2.64 0.46
2.264e-05 2.72 0.44
2.268e-05 2.88 0.46
2.272e-05 2.88 0.44
2.276e-05 2.96 0.46
2.28e-05 3.04 0.46
2.284e-05 3.04 0.44
2.288e-05 3.2 0.44
2.292e-05 3.28 0.44
2.296e-05 3.36 0.44
2.3e-05 3.36 0.44
2.304e-05 3.44 0.44
2.308e-05 3.52 0.44
2.312e-05 3.52 0.44
2.316e-05 3.6 0.44
2.32e-05 3.68 0.42
2.324e-05 3.84 0.44
2.328e-05 3.84 0.42
2.332e-05 3.84 0.44
2.336e-05 3.92 0.42
2.34e-05 3.92 0.42
2.344e-05 4 0.42
2.348e-05 4.08 0.4
2.352e-05 4.16 0.4
2.356e-05 4.16 0.4
2.36e-05 4.24 0.4
2.364e-05 4.32 0.4
2.368e-05 4.32 0.4
2.372e-05 4.4 0.4
2.376e-05 4.48 0.38
2.38e-05 4.56 0.4
2.384e-05 4.56 0.4
2.388e-05 4.64 0.38
2.392e-05 4.64 0.38
2.396e-05 4.72 0.36
2.4e-05 4.8 0.38
2.404e-05 4.8 0.36
2.408e-05 4.88 0.36
2.412e-05 4.88 0.36
2.416e-05 4.96 0.36
2.42e-05 4.96 0.36
2.424e-05 4.96 0.34
2.428e-05 5.12 0.34
2.432e-05 5.12 0.34
2.436e-05 5.12 0.34
2.44e-05 5.12 0.34
2.444e-05 5.2 0.34
2.448e-05 5.28 0.34
2.452e-05 5.28 0.34
2.456e-05 5.36 0.34
2.46e-05 5.36 0.32
2.464e-05 5.44 0.3
2.468e-05 5.44 0.3
2.472e-05 5.52 0.3
2.476e-05 5.52 0.3
2.48e-05 5.52 0.28
2.484e-05 5.6 0.28
2.488e-05 5.6 0.28
2.492e-05 5.6 0.28
2.496e-05 5.6 0.28
2.5e-05 5.76 0.28
2.504e-05 5.76 0.26
2.508e-05 5.76 0.26
2.512e-05 5.76 0.26
2.516e-05 5.76 0.24
2.52e-05 5.76 0.24
2.524e-05 5.84 0.24
2.528e-05 5.84 0.24
2.532e-05 5.84 0.2
2.536e-05 5.84 0.22
2.54e-05 5.92 0.22
2.544e-05 5.92 0.22
2.548e-05 5.92 0.2
2.552e-05 5.92 0.2
2.556e-05 5.92 0.2
2.56e-05 5.92 0.2
2.564e-05 5.92 0.18
2.568e-05 5.92 0.16
2.572e-05 6 0.16
2.576e-05 6 0.16
2.58e-05 6.08 0.16
2.584e-05 6 0.14
2.588e-05 6.08 0.14
2.592e-05 6.08 0.12
2.596e-05 6 0.14
2.6e-05 6 0.12
2.604e-05 6 0.12
2.608e-05 6.08 0.12
2.612e-05 6.08 0.12
2.616e-05 6 0.1
2.62e-05 6 0.08
2.624e-05 6.08 0.08
2.628e-05 6 0.08
2.632e-05 5.92 0.08
2.636e-05 6 0.06
2.64e-05 6 0.04
2.644e-05 5.92 0.08
2.648e-05 6 0.06
2.652e-05 5.92 0.04
2.656e-05 5.92 0.04
2.66e-05 5.92 0.02
2.664e-05 5.92 0.04
2.668e-05 5.92 0.02
2.672e-05 5.84 0.02
2.676e-05 5.84 0
2.68e-05 5.84 0
2.684e-05 5.84 0
2.688e-05 5.76 0
2.692e-05 5.76 -0.04
2.696e-05 5.84 0
2.7e-05 5.76 -0.06
2.704e-05 5.68 -0.04
2.708e-05 5.76 -0.06
2.712e-05 5.68 -0.06
2.716e-05 5.6 -0.08
2.72e-05 5.6 -0.08
2.724e-05 5.6 -0.08
2.728e-05 5.52 -0.08
2.732e-05 5.52 -0.08
2.736e-05 5.52 -0.1
2.74e-05 5.44 -0.12
2.744e-05 5.44 -0.1
2.748e-05 5.44 -0.14
2.752e-05 5.36 -0.12
2.756e-05 5.36 -0.14
2.76e-05 5.28 -0.12
2.764e-05 5.28 -0.14
2.768e-05 5.2 -0.14
2.772e-05 5.2 -0.16
2.776e-05 5.12 -0.16
2.78e-05 5.12 -0.18
2.784e-05 5.12 -0.18
2.788e-05 5.04 -0.18
2.792e-05 4.96 -0.18
2.796e-05 4.88 -0.18
2.8e-05 4.96 -0.2
2.804e-05 4.88 -0.22
2.808e-05 4.8 -0.22
2.812e-05 4.8 -0.22
2.816e-05 4.72 -0.24
2.82e-05 4.64 -0.24
2.824e-05 4.64 -0.24
2.828e-05 4.56 -0.24
2.832e-05 4.56 -0.26
2.836e-05 4.48 -0.26
2.84e-05 4.4 -0.26
2.844e-05 4.32 -0.26
2.848e-05 4.32 -0.28
2.852e-05 4.24 -0.3
2.856e-05 4.16 -0.28
2.86e-05 4.16 -0.28
2.864e-05 4.08 -0.28
2.868e-05 4 -0.32
2.872e-05 3.92 -0.32
2.876e-05 3.84 -0.32
2.88e-05 3.84 -0.32
2.884e-05 3.76 -0.32
2.888e-05 3.68 -0.32
2.892e-05 3.68 -0.32
2.896e-05 3.6 -0.34
2.9e-05 3.52 -0.34
2.904e-05 3.44 -0.34
2.908e-05 3.52 -0.36
2.912e-05 3.36 -0.34
2.916e-05 3.28 -0.38
2.92e-05 3.2 -0.38
2.924e-05 3.2 -0.38
2.928e-05 3.04 -0.38
2.932e-05 3.04 -0.38
2.936e-05 2.96 -0.4
2.94e-05 2.88 -0.4
2.944e-05 2.88 -0.38
2.948e-05 2.72 -0.4
2.952e-05 2.64 -0.38
2.956e-05 2.56 -0.4
2.96e-05 2.56 -0.42
2.964e-05 2.48 -0.42
2.968e-05 2.32 -0.42
2.972e-05 2.24 -0.42
2.976e-05 2.24 -0.42
2.98e-05 2.24 -0.44
2.984e-05 2.16 -0.44
2.988e-05 2.08 -0.44
2.992e-05 1.92 -0.46
2.996e-05 1.92 -0.46
3e-05 1.76 -0.46
3.004e-05 1.76 -0.46
3.008e-05 1.6 -0.48
3.012e-05 1.6 -0.48
3.016e-05 1.52 -0.46
3.02e-05 1.44 -0.48
3.024e-05 1.36 -0.48
3.028e-05 1.28 -0.48
3.032e-05 1.28 -0.48
3.036e-05 1.12 -0.48
3.04e-05 1.04 -0.5
3.044e-05 0.96 -0.5
3.048e-05 0.96 -0.5
3.052e-05 0.8 -0.5
3.056e-05 0.8 -0.5
3.06e-05 0.72 -0.5
3.064e-05 0.56 -0.52
3.068e-05 0.48 -0.5
3.072e-05 0.48 -0.5
3.076e-05 0.32 -0.52
3.08e-05 0.32 -0.52
3.084e-05 0.24 -0.52
3.088e-05 0.16 -0.52
3.092e-05 0.08 -0.52
3.096e-05 0 -0.52
3.1e-05 0 -0.54
3.104e-05 -0.24 -0.52
3.108e-05 -0.32 -0.54
3.112e-05 -0.4 -0.54
3.116e-05 -0.48 -0.54
3.12e-05 -0.56 -0.54
3.124e-05 -0.64 -0.54
3.128e-05 -0.72 -0.54
3.132e-05 -0.8 -0.56
3.136e-05 -0.88 -0.56
3.14e-05 -0.96 -0.54
3.144e-05 -1.04 -0.54
3.148e-05 -1.04 -0.54
3.152e-05 -1.2 -0.56
3.156e-05 -1.28 -0.56
3.16e-05 -1.36 -0.54
3.164e-05 -1.36 -0.54
3.168e-05 -1.44 -0.56
3.172e-05 -1.52 -0.56
3.176e-05 -1.68 -0.54
3.18e-05 -1.68 -0.54
3.184e-05 -1.76 -0.56
3.188e-05 -1.92 -0.56
3.192e-05 -1.92 -0.56
3.196e-05 -2 -0.56
3.2e-05 -2 -0.56
3.204e-05 -2.16 -0.56
3.208e-05 -2.24 -0.56
3.212e-05 -2.24 -0.54
3.216e-05 -2.32 -0.54
3.22e-05 -2.48 -0.56
3.224e-05 -2.48 -0.54
3.228e-05 -2.64 -0.56
3.232e-05 -2.64 -0.54
3.236e-05 -2.64 -0.54
3.24e-05 -2.8 -0.56
3.244e-05 -2.8 -0.54
3.248e-05 -2.96 -0.54
3.252e-05 -2.96 -0.54
3.256e-05 -3.04 -0.54
3.26e-05 -3.12 -0.56
3.264e-05 -3.2 -0.54
3.268e-05 -3.28 -0.54
3.272e-05 -3.28 -0.54
3.276e-05 -3.44 -0.54
3.28e-05 -3.44 -0.52
3.284e-05 -3.52 -0.54
3.288e-05 -3.6 -0.52
3.292e-05 -3.6 -0.54
3.296e-05 -3.68 -0.52
3.3e-05 -3.76 -0.5
3.304e-05 -3.84 -0.52
3.308e-05 -3.84 -0.5
3.312e-05 -3.92 -0.52
3.316e-05 -3.92 -0.52
3.32e-05 -4.08 -0.5
3.324e-05 -4.16 -0.52
3.328e-05 -4.24 -0.5
3.332e-05 -4.24 -0.5
3.336e-05 -4.24 -0.5
3.34e-05 -4.32 -0.5
3.344e-05 -4.4 -0.5
3.348e-05 -4.48 -0.5
3.352e-05 -4.56 -0.48
3.356e-05 -4.56 -0.48
3.36e-05 -4.56 -0.46
3.364e-05 -4.64 -0.48
3.368e-05 -4.72 -0.46
3.372e-05 -4.8 -0.48
3.376e-05 -4.8 -0.48
3.38e-05 -4.88 -0.46
3.384e-05 -4.88 -0.46
3.388e-05 -4.88 -0.46
3.392e-05 -4.96 -0.44
3.396e-05 -5.04 -0.44
3.4e-05 -5.04 -0.46
3.404e-05 -5.12 -0.44
3.408e-05 -5.2 -0.42
3.412e-05 -5.2 -0.42
3.416e-05 -5.2 -0.42
3.42e-05 -5.28 -0.42
3.424e-05 -5.28 -0.42
3.428e-05 -5.36 -0.4
3.432e-05 -5.36 -0.4
3.436e-05 -5.44 -0.42
3.44e-05 -5.52 -0.4
3.444e-05 -5.52 -0.38
3.448e-05 -5.52 -0.4
3.452e-05 -5.52 -0.4
3.456e-05 -5.52 -0.38
3.46e-05 -5.68 -0.38
3.464e-05 -5.68 -0.38
3.468e-05 -5.68 -0.38
3.472e-05 -5.76 -0.34
3.476e-05 -5.76 -0.36
3.48e-05 -5.76 -0.32
3.484e-05 -5.76 -0.34
3.488e-05 -5.84 -0.34
3.492e-05 -5.84 -0.34
3.496e-05 -5.84 -0.32
3.5e-05 -5.84 -0.32
3.504e-05 -5.92 -0.32
3.508e-05 -5.92 -0.32
3.512e-05 -5.92 -0.3
3.516e-05 -6 -0.3
3.52e-05 -6 -0.3
3.524e-05 -6 -0.3
3.528e-05 -6 -0.3
3.532e-05 -6 -0.3
3.536e-05 -6.08 -0.28
3.54e-05 -6.08 -0.28
3.544e-05 -6.08 -0.26
3.548e-05 -6.16 -0.26
3.552e-05 -6.08 -0.26
3.556e-05 -6.16 -0.26
3.56e-05 -6.08 -0.24
3.564e-05 -6.16 -0.24
3.568e-05 -6.16 -0.22
3.572e-05 -6.08 -0.22
3.576e-05 -6.16 -0.22
3.58e-05 -6.16 -0.22
3.584e-05 -6.16 -0.18
3.588e-05 -6.08 -0.2
3.592e-05 -6.08 -0.2
3.596e-05 -6.16 -0.18
3.6e-05 -6.08 -0.18
3.604e-05 -6.08 -0.18
3.608e-05 -6.08 -0.18
3.612e-05 -6.08 -0.16
3.616e-05 -6.08 -0.16
3.62e-05 -6.08 -0.16
3.624e-05 -6.16 -0.14
3.628e-05 -6.08 -0.14
3.632e-05 -6 -0.14
3.636e-05 -6.08 -0.12
3.64e-05 -6 -0.12
3.644e-05 -6.08 -0.12
3.648e-05 -6 -0.1
3.652e-05 -6 -0.1
3.656e-05 -6 -0.08
3.66e-05 -5.92 -0.08
3.664e-05 -5.84 -0.1
3.668e-05 -5.84 -0.08
3.672e-05 -5.84 -0.06
3.676e-05 -5.92 -0.08
3.68e-05 -5.84 -0.06
3.684e-05 -5.84 -0.06
3.688e-05 -5.84 0
3.692e-05 -5.76 -0.04
3.696e-05 -5.76 -0.04
3.7e-05 -5.76 0
3.704e-05 -5.68 0
3.708e-05 -5.68 0
3.712e-05 -5.6 0
3.716e-05 -5.6 0.02
3.72e-05 -5.52 0.02
3.724e-05 -5.52 0.02
3.728e-05 -5.52 0.04
3.732e-05 -5.44 0.02
3.736e-05 -5.44 0.04
3.74e-05 -5.44 0.06
3.744e-05 -5.36 0.08
3.748e-05 -5.36 0.08
3.752e-05 -5.28 0.08
3.756e-05 -5.2 0.08
3.76e-05 -5.2 0.1
3.764e-05 -5.2 0.1
3.768e-05 -5.2 0.08
3.772e-05 -5.04 0.1
3.776e-05 -5.04 0.1
3.78e-05 -5.04 0.12
3.784e-05 -4.96 0.12
3.788e-05 -4.88 0.12
3.792e-05 -4.8 0.12
3.796e-05 -4.8 0.14
3.8e-05 -4.8 0.16
3.804e-05 -4.72 0.16
3.808e-05 -4.72 0.16
3.812e-05 -4.56 0.18
3.816e-05 -4.56 0.18
3.82e-05 -4.56 0.18
3.824e-05 -4.48 0.18
3.828e-05 -4.4 0.18
3.832e-05 -4.32 0.2
3.836e-05 -4.24 0.2
3.84e-05 -4.16 0.2
3.844e-05 -4.16 0.2
3.848e-05 -4.08 0.22
3.852e-05 -4.08 0.24
3.856e-05 -3.92 0.22
3.86e-05 -3.92 0.24
3.864e-05 -3.92 0.24
3.868e-05 -3.84 0.26
3.872e-05 -3.76 0.24
3.876e-05 -3.68 0.24
3.88e-05 -3.6 0.26
3.884e-05 -3.6 0.26
3.888e-05 -3.52 0.28
3.892e-05 -3.44 0.26
3.896e-05 -3.44 0.28
3.9e-05 -3.28 0.3
3.904e-05 -3.28 0.28
3.908e-05 -3.2 0.3
3.912e-05 -3.12 0.28
3.916e-05 -3.12 0.3
3.92e-05 -2.96 0.32
3.924e-05 -2.96 0.32
3.928e-05 -2.88 0.32
3.932e-05 -2.72 0.32
3.936e-05 -2.8 0.34
3.94e-05 -2.64 0.32
3.944e-05 -2.56 0.32
3.948e-05 -2.48 0.32
3.952e-05 -2.48 0.34
3.956e-05 -2.32 0.34
3.96e-05 -2.32 0.34
3.964e-05 -2.24 0.36
3.968e-05 -2.16 0.34
3.972e-05 -2.08 0.36
3.976e-05 -2 0.36
3.98e-05 -1.92 0.36
3.984e-05 -1.84 0.36
3.988e-05 -1.76 0.38
3.992e-05 -1.68 0.4
3.996e-05 -1.6 0.38
4e-05 -1.6 0.4
4.004e-05 -1.44 0.4
4.008e-05 -1.36 0.4
4.012e-05 -1.36 0.4
4.016e-05 -1.2 0.38
4.02e-05 -1.2 0.4
4.024e-05 -1.04 0.4
4.028e-05 -1.04 0.42
4.032e-05 -0.96 0.4
4.036e-05 -0.88 0.4
4.04e-05 -0.88 0.42
4.044e-05 -0.72 0.42
4.048e-05 -0.64 0.42
4.052e-05 -0.56 0.42
4.056e-05 -0.48 0.42
4.06e-05 -0.4 0.42
4.064e-05 -0.32 0.42
4.068e-05 -0.24 0.44
4.072e-05 -0.16 0.44
4.076e-05 0 0.44
4.08e-05 0.08 0.44
4.084e-05 0.08 0.44
4.088e-05 0.16 0.44
4.092e-05 0.32 0.44
4.096e-05 0.32 0.44
4.1e-05 0.4 0.44
4.104e-05 0.48 0.44
4.108e-05 0.64 0.44
4.112e-05 0.64 0.44
4.116e-05 0.72 0.46
4.12e-05 0.8 0.44
4.124e-05 0.96 0.46
4.128e-05 0.96 0.44
4.132e-05 1.04 0.44
4.136e-05 1.12 0.46
4.14e-05 1.2 0.44
4.144e-05 1.28 0.44
4.148e-05 1.36 0.46
4.152e-05 1.44 0.48
4.156e-05 1.44 0.46
4.16e-05 1.6 0.46
4.164e-05 1.68 0.48
4.168e-05 1.68 0.48
4.172e-05 1.76 0.46
4.176e-05 1.92 0.46
4.18e-05 1.92 0.46
4.184e-05 2 0.46
4.188e-05 2.08 0.46
4.192e-05 2.24 0.46
4.196e-05 2.24 0.46
4.2e-05 2.32 0.46
4.204e-05 2.4 0.46
4.208e-05 2.4 0.46
4.212e-05 2.56 0.46
4.216e-05 2.56 0.46
4.22e-05 2.72 0.46
4.224e-05 2.72 0.46
4.228e-05 2.8 0.44
4.232e-05 2.88 0.44
4.236e-05 2.88 0.44
4.24e-05 3.04 0.46
4.244e-05 3.04 0.44
4.248e-05 3.2 0.44
4.252e-05 3.2 0.44
4.256e-05 3.2 0.44
4.26e-05 3.36 0.46
4.264e-05 3.36 0.42
4.268e-05 3.52 0.44
4.272e-05 3.52 0.44
4.276e-05 3.6 0.44
4.28e-05 3.6 0.42
4.284e-05 3.68 0.42
4.288e-05 3.76 0.42
4.292e-05 3.92 0.42
4.296e-05 3.92 0.42
4.3e-05 3.92 0.42
4.304e-05 4 0.4
4.308e-05 4.08 0.42
4.312e-05 4.16 0.42
4.316e-05 4.16 0.4
4.32e-05 4.24 0.4
4.324e-05 4.24 0.4
4.328e-05 4.32 0.4
4.332e-05 4.48 0.4
4.336e-05 4.48 0.4
4.34e-05 4.48 0.4
4.344e-05 4.56 0.4
4.348e-05 4.64 0.38
4.352e-05 4.64 0.4
4.356e-05 4.64 0.36
4.36e-05 4.8 0.38
4.364e-05 4.8 0.38
4.368e-05 4.88 0.36
4.372e-05 4.88 0.36
4.376e-05 4.96 0.36
4.38e-05 4.96 0.36
4.384e-05 4.96 0.36
4.388e-05 5.12 0.34
4.392e-05 5.12 0.34
4.396e-05 5.12 0.34
4.4e-05 5.2 0.34
4.404e-05 5.2 0.34
4.408e-05 5.28 0.32
4.412e-05 5.28 0.32
4.416e-05 5.28 0.32
4.42e-05 5.36 0.32
4.424e-05 5.44 0.3
4.428e-05 5.44 0.3
4.432e-05 5.44 0.28
4.436e-05 5.52 0.3
4.44e-05 5.52 0.3
4.444e-05 5.52 0.28
4.448e-05 5.6 0.28
4.452e-05 5.6 0.28
4.456e-05 5.6 0.26
4.46e-05 5.6 0.28
4.464e-05 5.76 0.26
4.468e-05 5.76 0.26
4.472e-05 5.76 0.26
4.476e-05 5.76 0.26
4.48e-05 5.76 0.24
4.484e-05 5.76 0.24
4.488e-05 5.84 0.24
4.492e-05 5.84 0.22
4.496e-05 5.84 0.22
4.5e-05 5.92 0.2
4.504e-05 5.92 0.22
4.508e-05 5.92 0.2
4.512e-05 5.92 0.18
4.516e-05 5.92 0.18
4.52e-05 5.92 0.18
4.524e-05 5.92 0.18
4.528e-05 6 0.16
4.532e-05 5.92 0.16
4.536e-05 6 0.16
4.54e-05 6.08 0.16
4.544e-05 6.08 0.16
4.548e-05 6 0.12
4.552e-05 6.08 0.12
4.556e-05 6 0.12
4.56e-05 6 0.12
4.564e-05 6.08 0.12
4.568e-05 6 0.12
4.572e-05 6 0.1
4.576e-05 6.08 0.1
4.58e-05 6 0.1
4.584e-05 6.08 0.08
4.588e-05 6 0.08
4.592e-05 6.08 0.08
4.596e-05 6 0.08
4.6e-05 5.92 0.08
4.604e-05 5.92 0.04
4.608e-05 5.92 0.04
4.612e-05 5.92 0.04
4.616e-05 5.92 0.04
4.62e-05 5.92 0.04
4.624e-05 5.84 0.02
4.628e-05 5.92 0.02
4.632e-05 5.92 0.02
4.636e-05 5.84 0
4.64e-05 5.84 0
4.644e-05 5.84 0
4.648e-05 5.84 0
4.652e-05 5.76 -0.04
4.656e-05 5.76 -0.04
4.66e-05 5.76 0
4.664e-05 5.76 -0.06
4.668e-05 5.76 -0.06
4.672e-05 5.6 -0.06
4.676e-05 5.6 -0.06
4.68e-05 5.6 -0.06
4.684e-05 5.6 -0.06
4.688e-05 5.6 -0.1
4.692e-05 5.52 -0.1
4.696e-05 5.44 -0.1
4.7e-05 5.52 -0.12
4.704e-05 5.44 -0.12
4.708e-05 5.44 -0.12
4.712e-05 5.44 -0.14
4.716e-05 5.28 -0.14
4.72e-05 5.28 -0.14
4.724e-05 5.2 -0.14
4.728e-05 5.2 -0.14
4.732e-05 5.2 -0.16
4.736e-05 5.12 -0.16
4.74e-05 5.12 -0.16
4.744e-05 5.12 -0.18
4.748e-05 5.04 -0.18
4.752e-05 4.96 -0.18
4.756e-05 4.96 -0.2
4.76e-05 4.88 -0.22
4.764e-05 4.88 -0.22
4.768e-05 4.8 -0.22
4.772e-05 4.8 -0.22
4.776e-05 4.64 -0.24
4.78e-05 4.64 -0.24
4.784e-05 4.64 -0.24
4.788e-05 4.64 -0.24
4.792e-05 4.48 -0.26
4.796e-05 4.48 -0.26
4.8e-05 4.48 -0.26
4.804e-05 4.32 -0.26
4.808e-05 4.24 -0.26
4.812e-05 4.24 -0.26
4.816e-05 4.16 -0.3
4.82e-05 4.16 -0.3
4.824e-05 4 -0.3
4.828e-05 4 -0.3
4.832e-05 4 -0.32
4.836e-05 3.92 -0.32
4.84e-05 3.84 -0.32
4.844e-05 3.84 -0.32
4.848e-05 3.68 -0.34
4.852e-05 3.68 -0.34
4.856e-05 3.6 -0.32
4.86e-05 3.52 -0.34
4.864e-05 3.52 -0.36
4.868e-05 3.44 -0.36
4.872e-05 3.36 -0.38
4.876e-05 3.28 -0.36
4.88e-05 3.2 -0.38
4.884e-05 3.2 -0.38
4.888e-05 3.04 -0.38
4.892e-05 3.04 -0.38
4.896e-05 2.96 -0.38
4.9e-05 2.88 -0.4
4.904e-05 2.88 -0.4
4.908e-05 2.72 -0.4
4.912e-05 2.72 -0.4
4.916e-05 2.64 -0.42
4.92e-05 2.56 -0.42
4.924e-05 2.48 -0.42
4.928e-05 2.4 -0.42
4.932e-05 2.32 -0.42
4.936e-05 2.24 -0.44
4.94e-05 2.24 -0.44
4.944e-05 2.08 -0.44
4.948e-05 2.08 -0.44
4.952e-05 2 -0.44
4.956e-05 1.92 -0.46
4.96e-05 1.76 -0.46
4.964e-05 1.76 -0.46
4.968e-05 1.68 -0.46
4.972e-05 1.6 -0.48
4.976e-05 1.6 -0.48
4.98e-05 1.44 -0.48
4.984e-05 1.36 -0.48
4.988e-05 1.28 -0.48
4.992e-05 1.28 -0.48
4.996e-05 1.12 -0.5
5e-05 1.04 -0.5
5.004e-05 0.96 -0.48
5.008e-05 0.88 -0.5
5.012e-05 0.8 -0.5
5.016e-05 0.8 -0.5
5.02e-05 0.72 -0.5
5.024e-05 0.64 -0.5
5.028e-05 0.48 -0.5
5.032e-05 0.48 -0.52
5.036e-05 0.4 -0.5
5.04e-05 0.32 -0.52
5.044e-05 0.24 -0.52
5.048e-05 0.08 -0.54
5.052e-05 0.08 -0.54
5.056e-05 0 -0.5
5.06e-05 -0.16 -0.54
5.064e-05 -0.24 -0.54
5.068e-05 -0.32 -0.54
5.072e-05 -0.4 -0.54
5.076e-05 -0.4 -0.52
5.08e-05 -0.56 -0.54
5.084e-05 -0.56 -0.54
5.088e-05 -0.64 -0.52
5.092e-05 -0.72 -0.54
5.096e-05 -0.88 -0.54
5.1e-05 -0.96 -0.56
5.104e-05 -1.04 -0.52
5.108e-05 -1.12 -0.54
5.112e-05 -1.2 -0.56
5.116e-05 -1.28 -0.56
5.12e-05 -1.36 -0.56
5.124e-05 -1.36 -0.54
5.128e-05 -1.44 -0.56
5.132e-05 -1.52 -0.56
5.136e-05 -1.6 -0.56
5.14e-05 -1.68 -0.52
5.144e-05 -1.68 -0.54
5.148e-05 -1.84 -0.56
5.152e-05 -1.92 -0.56
5.156e-05 -1.92 -0.56
5.16e-05 -2.08 -0.54
5.164e-05 -2.16 -0.56
5.168e-05 -2.24 -0.54
5.172e-05 -2.24 -0.54
5.176e-05 -2.32 -0.54
5.18e-05 -2.48 -0.54
5.184e-05 -2.56 -0.54
5.188e-05 -2.56 -0.56
5.192e-05 -2.64 -0.56
5.196e-05 -2.64 -0.54
5.2e-05 -2.8 -0.56
5.204e-05 -2.88 -0.54
5.208e-05 -2.96 -0.54
5.212e-05 -2.96 -0.54
5.216e-05 -3.04 -0.54
5.22e-05 -3.12 -0.54
5.224e-05 -3.2 -0.54
5.228e-05 -3.28 -0.54
5.232e-05 -3.36 -0.54
5.236e-05 -3.28 -0.52
5.24e-05 -3.44 -0.54
5.244e-05 -3.52 -0.52
5.248e-05 -3.6 -0.5
5.252e-05 -3.68 -0.5
5.256e-05 -3.68 -0.52
5.26e-05 -3.84 -0.54
5.264e-05 -3.84 -0.52
5.268e-05 -3.92 -0.52
5.272e-05 -3.92 -0.52
5.276e-05 -3.92 -0.52
5.28e-05 -4.08 -0.5
5.284e-05 -4.08 -0.52
5.288e-05 -4.16 -0.5
5.292e-05 -4.24 -0.5
5.296e-05 -4.24 -0.5
5.3e-05 -4.32 -0.5
5.304e-05 -4.4 -0.5
5.308e-05 -4.4 -0.5
5.312e-05 -4.48 -0.48
5.316e-05 -4.56 -0.48
5.32e-05 -4.56 -0.48
5.324e-05 -4.72 -0.48
5.328e-05 -4.72 -0.48
5.332e-05 -4.72 -0.48
5.336e-05 -4.8 -0.46
5.34e-05 -4.88 -0.46
5.344e-05 -4.96 -0.46
5.348e-05 -4.96 -0.46
5.352e-05 -5.04 -0.44
5.356e-05 -5.04 -0.44
5.36e-05 -5.04 -0.44
5.364e-05 -5.2 -0.44
5.368e-05 -5.2 -0.44
5.372e-05 -5.2 -0.42
5.376e-05 -5.2 -0.44
5.38e-05 -5.2 -0.42
5.384e-05 -5.36 -0.42
5.388e-05 -5.36 -0.42
5.392e-05 -5.36 -0.4
5.396e-05 -5.36 -0.4
5.4e-05 -5.44 -0.4
5.404e-05 -5.52 -0.4
5.408e-05 -5.52 -0.38
5.412e-05 -5.52 -0.4
5.416e-05 -5.6 -0.4
5.42e-05 -5.6 -0.38
5.424e-05 -5.68 -0.38
5.428e-05 -5.68 -0.36
5.432e-05 -5.68 -0.38
5.436e-05 -5.76 -0.36
5.44e-05 -5.76 -0.36
5.444e-05 -5.84 -0.34
5.448e-05 -5.84 -0.34
5.452e-05 -5.76 -0.34
5.456e-05 -5.84 -0.32
5.46e-05 -5.84 -0.32
5.464e-05 -5.92 -0.32
5.468e-05 -5.84 -0.34
5.472e-05 -5.92 -0.32
5.476e-05 -6 -0.3
5.48e-05 -6 -0.3
5.484e-05 -6 -0.3
5.488e-05 -6 -0.3
5.492e-05 -6.08 -0.26
5.496e-05 -6.08 -0.26
5.5e-05 -6 -0.26
5.504e-05 -6.08 -0.28
5.508e-05 -6.08 -0.26
5.512e-05 -6.08 -0.24
5.516e-05 -6.08 -0.24
5.52e-05 -6.08 -0.24
5.524e-05 -6.16 -0.26
5.528e-05 -6.08 -0.22
5.532e-05 -6.08 -0.22
5.536e-05 -6.08 -0.22
5.54e-05 -6.08 -0.22
5.544e-05 -6.16 -0.22
5.548e-05 -6.08 -0.2
5.552e-05 -6.16 -0.2
5.556e-05 -6.16 -0.2
5.56e-05 -6.16 -0.18
5.564e-05 -6.16 -0.16
5.568e-05 -6.08 -0.18
5.572e-05 -6.08 -0.16
5.576e-05 -6.16 -0.16
5.58e-05 -6.08 -0.14
5.584e-05 -6.08 -0.14
5.588e-05 -6.08 -0.14
5.592e-05 -6.08 -0.14
5.596e-05 -6 -0.12
5.6e-05 -6 -0.12
5.604e-05 -6 -0.1
5.608e-05 -6 -0.12
5.612e-05 -6 -0.1
5.616e-05 -6 -0.1
5.62e-05 -6 -0.08
5.624e-05 -6 -0.08
5.628e-05 -5.84 -0.08
5.632e-05 -5.84 -0.08
5.636e-05 -5.84 -0.06
5.64e-05 -5.84 -0.06
5.644e-05 -5.84 -0.06
5.648e-05 -5.84 -0.04
5.652e-05 -5.76 0
5.656e-05 -5.76 0
5.66e-05 -5.76 -0.04
5.664e-05 -5.68 0
5.668e-05 -5.68 0
5.672e-05 -5.68 0.02
5.676e-05 -5.52 0.02
5.68e-05 -5.52 0
5.684e-05 -5.52 0.02
5.688e-05 -5.52 0.04
5.692e-05 -5.44 0.06
5.696e-05 -5.44 0.02
5.7e-05 -5.44 0.04
5.704e-05 -5.36 0.04
5.708e-05 -5.36 0.08
5.712e-05 -5.2 0.08
5.716e-05 -5.2 0.08
5.72e-05 -5.2 0.1
5.724e-05 -5.2 0.08
5.728e-05 -5.12 0.1
5.732e-05 -5.04 0.1
5.736e-05 -5.04 0.12
5.74e-05 -4.96 0.12
5.744e-05 -5.04 0.12
5.748e-05 -4.96 0.12
5.752e-05 -4.88 0.12
5.756e-05 -4.88 0.14
5.76e-05 -4.8 0.16
5.764e-05 -4.72 0.16
5.768e-05 -4.72 0.16
5.772e-05 -4.56 0.18
5.776e-05 -4.56 0.18
5.78e-05 -4.56 0.18
5.784e-05 -4.48 0.18
5.788e-05 -4.4 0.18
5.792e-05 -4.32 0.18
5.796e-05 -4.32 0.2
5.8e-05 -4.24 0.2
5.804e-05 -4.16 0.2
5.808e-05 -4.16 0.2
5.812e-05 -4.08 0.2
5.816e-05 -4 0.22
5.82e-05 -3.92 0.22
5.824e-05 -3.92 0.24
5.828e-05 -3.84 0.24
5.832e-05 -3.84 0.26
5.836e-05 -3.68 0.26
5.84e-05 -3.68 0.26
5.844e-05 -3.6 0.26
5.848e-05 -3.52 0.26
5.852e-05 -3.52 0.28
5.856e-05 -3.44 0.26
5.86e-05 -3.28 0.28
5.864e-05 -3.28 0.28
5.868e-05 -3.2 0.3
5.872e-05 -3.12 0.32
5.876e-05 -3.04 0.3
5.88e-05 -2.96 0.32
5.884e-05 -2.88 0.32
5.888e-05 -2.88 0.32
5.892e-05 -2.8 0.32
5.896e-05 -2.8 0.32
5.9e-05 -2.64 0.34
5.904e-05 -2.64 0.34
5.908e-05 -2.56 0.32
5.912e-05 -2.4 0.34
5.916e-05 -2.32 0.34
5.92e-05 -2.32 0.36
5.924e-05 -2.24 0.36
5.928e-05 -2.16 0.36
5.932e-05 -2.08 0.36
5.936e-05 -2 0.38
5.94e-05 -1.92 0.36
5.944e-05 -1.84 0.36
5.948e-05 -1.84 0.4
5.952e-05 -1.68 0.38
5.956e-05 -1.68 0.4
5.96e-05 -1.52 0.38
5.964e-05 -1.52 0.36
5.968e-05 -1.36 0.38
5.972e-05 -1.36 0.4
5.976e-05 -1.28 0.4
5.98e-05 -1.2 0.4
5.984e-05 -1.2 0.4
5.988e-05 -1.04 0.4
5.992e-05 -0.96 0.42
5.996e-05 -0.88 0.4
6e-05 -0.88 0.42
6.004e-05 -0.72 0.42
6.008e-05 -0.64 0.42
6.012e-05 -0.56 0.4
6.016e-05 -0.48 0.44
6.02e-05 -0.4 0.42
6.024e-05 -0.4 0.44
6.028e-05 -0.32 0.42
6.032e-05 -0.24 0.42
6.036e-05 0 0.42
6.04e-05 0 0.44
6.044e-05 0.16 0.44
6.048e-05 0.16 0.44
6.052e-05 0.32 0.44
6.056e-05 0.32 0.44
6.06e-05 0.4 0.48
6.064e-05 0.48 0.46
6.068e-05 0.64 0.44
6.072e-05 0.64 0.46
6.076e-05 0.72 0.44
6.08e-05 0.8 0.44
6.084e-05 0.96 0.46
6.088e-05 0.96 0.46
6.092e-05 1.04 0.44
6.096e-05 1.12 0.46
6.1e-05 1.2 0.46
6.104e-05 1.28 0.44
6.108e-05 1.36 0.44
6.112e-05 1.44 0.44
6.116e-05 1.44 0.48
6.12e-05 1.6 0.46
6.124e-05 1.68 0.48
6.128e-05 1.76 0.48
6.132e-05 1.76 0.46
6.136e-05 1.84 0.46
6.14e-05 1.92 0.44
6.144e-05 2 0.46
6.148e-05 2.08 0.48
6.152e-05 2.16 0.46
6.156e-05 2.24 0.48
6.16e-05 2.32 0.44
6.164e-05 2.4 0.46
6.168e-05 2.4 0.48
6.172e-05 2.56 0.46
6.176e-05 2.56 0.46
6.18e-05 2.64 0.44
6.184e-05 2.64 0.44
6.188e-05 2.88 0.44
6.192e-05 2.88 0.44
6.196e-05 2.88 0.44
6.2e-05 3.04 0.44
6.204e-05 3.04 0.44
6.208e-05 3.2 0.44
6.212e-05 3.2 0.44
6.216e-05 3.28 0.44
6.22e-05 3.36 0.44
6.224e-05 3.36 0.44
6.228e-05 3.52 0.42
6.232e-05 3.52 0.44
6.236e-05 3.6 0.42
6.24e-05 3.6 0.44
6.244e-05 3.68 0.44
6.248e-05 3.76 0.42
6.252e-05 3.84 0.42
6.256e-05 3.84 0.42
6.26e-05 3.92 0.42
6.264e-05 4 0.4
6.268e-05 4 0.42
6.272e-05 4.16 0.42
6.276e-05 4.16 0.4
6.28e-05 4.24 0.4
6.284e-05 4.32 0.4
6.288e-05 4.32 0.4
6.292e-05 4.4 0.4
6.296e-05 4.48 0.4
6.3e-05 4.48 0.4
6.304e-05 4.56 0.4
6.308e-05 4.64 0.38
6.312e-05 4.64 0.4
6.316e-05 4.64 0.4
6.32e-05 4.8 0.36
6.324e-05 4.8 0.36
6.328e-05 4.88 0.36
6.332e-05 4.88 0.36
6.336e-05 4.88 0.34
6.34e-05 4.96 0.36
6.344e-05 5.04 0.36
6.348e-05 5.12 0.36
6.352e-05 5.04 0.34
6.356e-05 5.12 0.34
6.36e-05 5.12 0.34
6.364e-05 5.2 0.34
6.368e-05 5.2 0.32
6.372e-05 5.2 0.32
6.376e-05 5.28 0.32
6.38e-05 5.44 0.32
6.384e-05 5.44 0.32
6.388e-05 5.44 0.3
6.392e-05 5.44 0.28
6.396e-05 5.44 0.3
6.4e-05 5.52 0.3
6.404e-05 5.52 0.28
6.408e-05 5.6 0.28
6.412e-05 5.6 0.28
6.416e-05 5.68 0.28
6.42e-05 5.68 0.26
6.424e-05 5.76 0.26
6.428e-05 5.76 0.24
6.432e-05 5.76 0.26
6.436e-05 5.76 0.26
6.44e-05 5.76 0.24
6.444e-05 5.84 0.24
6.448e-05 5.84 0.24
6.452e-05 5.84 0.24
6.456e-05 5.84 0.24
6.46e-05 5.92 0.22
6.464e-05 5.84 0.2
6.468e-05 5.92 0.2
6.472e-05 5.92 0.2
6.476e-05 5.92 0.18
6.48e-05 6 0.18
6.484e-05 5.92 0.18
6.488e-05 5.92 0.18
6.492e-05 5.92 0.16
6.496e-05 5.92 0.16
6.5e-05 6.08 0.16
6.504e-05 6.08 0.16
6.508e-05 6.08 0.16
6.512e-05 6.08 0.12
6.516e-05 6 0.14
6.52e-05 6 0.12
6.524e-05 6 0.14
6.528e-05 6 0.12
6.532e-05 6 0.1
6.536e-05 6.08 0.1
6.54e-05 6.08 0.1
6.544e-05 6.08 0.1
6.548e-05 5.92 0.08
6.552e-05 6 0.08
6.556e-05 6 0.08
6.56e-05 6 0.08
6.564e-05 5.92 0.06
6.568e-05 5.92 0.06
6.572e-05 5.92 0.06
6.576e-05 5.92 0.04
6.58e-05 5.92 0.04
6.584e-05 5.92 0.02
6.588e-05 5.92 0.02
6.592e-05 5.84 0.02
6.596e-05 5.84 0
6.6e-05 5.84 0
6.604e-05 5.84 0
6.608e-05 5.76 0
6.612e-05 5.84 0
6.616e-05 5.76 -0.06
6.62e-05 5.76 -0.04
6.624e-05 5.76 -0.06
6.628e-05 5.76 -0.04
6.632e-05 5.6 -0.06
6.636e-05 5.68 -0.08
6.64e-05 5.6 -0.08
6.644e-05 5.6 -0.08
6.648e-05 5.52 -0.08
6.652e-05 5.44 -0.1
6.656e-05 5.52 -0.1
6.66e-05 5.52 -0.1
6.664e-05 5.44 -0.12
6.668e-05 5.44 -0.1
6.672e-05 5.36 -0.12
6.676e-05 5.44 -0.14
6.68e-05 5.28 -0.14
6.684e-05 5.28 -0.14
6.688e-05 5.28 -0.16
6.692e-05 5.2 -0.16
6.696e-05 5.12 -0.16
6.7e-05 5.12 -0.16
6.704e-05 5.12 -0.16
6.708e-05 5.12 -0.18
6.712e-05 4.96 -0.2
6.716e-05 4.96 -0.18
6.72e-05 4.96 -0.2
6.724e-05 4.88 -0.2
6.728e-05 4.8 -0.22
6.732e-05 4.8 -0.22
6.736e-05 4.72 -0.22
6.74e-05 4.64 -0.24
6.744e-05 4.56 -0.24
6.748e-05 4.56 -0.24
6.752e-05 4.56 -0.24
6.756e-05 4.48 -0.26
6.76e-05 4.48 -0.26
6.764e-05 4.32 -0.26
6.768e-05 4.32 -0.26
6.772e-05 4.24 -0.26
6.776e-05 4.16 -0.28
6.78e-05 4.16 -0.3
6.784e-05 4.16 -0.3
6.788e-05 4 -0.3
6.792e-05 3.92 -0.3
6.796e-05 3.92 -0.32
6.8e-05 3.84 -0.32
6.804e-05 3.84 -0.32
6.808e-05 3.76 -0.32
6.812e-05 3.6 -0.32
6.816e-05 3.6 -0.34
6.82e-05 3.6 -0.34
6.824e-05 3.52 -0.34
6.828e-05 3.44 -0.34
6.832e-05 3.36 -0.36
6.836e-05 3.28 -0.36
6.84e-05 3.28 -0.38
6.844e-05 3.2 -0.36
6.848e-05 3.12 -0.38
6.852e-05 3.04 -0.38
6.856e-05 2.96 -0.38
6.86e-05 2.88 -0.4
6.864e-05 2.88 -0.4
6.868e-05 2.88 -0.42
6.872e-05 2.72 -0.42
6.876e-05 2.64 -0.4
6.88e-05 2.56 -0.42
6.884e-05 2.56 -0.42
6.888e-05 2.4 -0.42
6.892e-05 2.32 -0.42
6.896e-05 2.32 -0.42
6.9e-05 2.24 -0.44
6.904e-05 2.08 -0.44
6.908e-05 2.08 -0.44
6.912e-05 2 -0.44
6.916e-05 1.92 -0.46
6.92e-05 1.92 -0.46
6.924e-05 1.76 -0.44
6.928e-05 1.68 -0.46
6.932e-05 1.6 -0.48
6.936e-05 1.6 -0.48
6.94e-05 1.44 -0.48
6.944e-05 1.36 -0.48
6.948e-05 1.36 -0.48
6.952e-05 1.28 -0.48
6.956e-05 1.12 -0.5
6.96e-05 1.12 -0.48
6.964e-05 0.96 -0.48
6.968e-05 0.96 -0.5
6.972e-05 0.88 -0.5
6.976e-05 0.8 -0.5
6.98e-05 0.72 -0.5
6.984e-05 0.64 -0.5
6.988e-05 0.56 -0.5
6.992e-05 0.4 -0.5
6.996e-05 0.32 -0.52
7e-05 0.32 -0.5
7.004e-05 0.32 -0.52
7.008e-05 0.16 -0.54
7.012e-05 0.08 -0.52
7.016e-05 0 -0.52
7.02e-05 -0.16 -0.54
7.024e-05 -0.24 -0.54
7.028e-05 -0.32 -0.52
7.032e-05 -0.4 -0.52
7.036e-05 -0.4 -0.54
7.04e-05 -0.56 -0.54
7.044e-05 -0.64 -0.54
7.048e-05 -0.64 -0.54
7.052e-05 -0.72 -0.54
7.056e-05 -0.88 -0.56
7.06e-05 -0.96 -0.56
7.064e-05 -1.04 -0.56
7.068e-05 -1.04 -0.54
7.072e-05 -1.2 -0.56
7.076e-05 -1.2 -0.54
7.08e-05 -1.36 -0.54
7.084e-05 -1.36 -0.56
7.088e-05 -1.36 -0.56
7.092e-05 -1.52 -0.54
7.096e-05 -1.6 -0.56
7.1e-05 -1.6 -0.56
7.104e-05 -1.84 -0.54
7.108e-05 -1.76 -0.54
7.112e-05 -1.92 -0.56
7.116e-05 -1.92 -0.56
7.12e-05 -2 -0.56
7.124e-05 -2.16 -0.56
7.128e-05 -2.24 -0.56
7.132e-05 -2.24 -0.56
7.136e-05 -2.32 -0.54
7.14e-05 -2.48 -0.54
7.144e-05 -2.48 -0.54
7.148e-05 -2.56 -0.54
7.152e-05 -2.64 -0.54
7.156e-05 -2.64 -0.54
7.16e-05 -2.8 -0.54
7.164e-05 -2.88 -0.54
7.168e-05 -2.88 -0.56
7.172e-05 -2.96 -0.54
7.176e-05 -3.04 -0.54
7.18e-05 -3.12 -0.54
7.184e-05 -3.2 -0.54
7.188e-05 -3.28 -0.54
7.192e-05 -3.28 -0.52
7.196e-05 -3.36 -0.54
7.2e-05 -3.44 -0.54
7.204e-05 -3.52 -0.52
7.208e-05 -3.6 -0.52
7.212e-05 -3.6 -0.52
7.216e-05 -3.6 -0.52
7.22e-05 -3.76 -0.52
7.224e-05 -3.84 -0.54
7.228e-05 -3.84 -0.5
7.232e-05 -3.92 -0.5
7.236e-05 -3.92 -0.52
7.24e-05 -4 -0.52
7.244e-05 -4.08 -0.5
7.248e-05 -4.16 -0.5
7.252e-05 -4.24 -0.5
7.256e-05 -4.24 -0.5
7.26e-05 -4.32 -0.5
7.264e-05 -4.4 -0.48
7.268e-05 -4.4 -0.48
7.272e-05 -4.48 -0.48
7.276e-05 -4.48 -0.48
7.28e-05 -4.56 -0.5
7.284e-05 -4.64 -0.48
7.288e-05 -4.72 -0.46
7.292e-05 -4.72 -0.48
7.296e-05 -4.8 -0.48
7.3e-05 -4.8 -0.46
7.304e-05 -4.88 -0.44
7.308e-05 -4.88 -0.46
7.312e-05 -5.04 -0.46
7.316e-05 -5.04 -0.46
7.32e-05 -5.04 -0.44
7.324e-05 -5.12 -0.44
7.328e-05 -5.12 -0.44
7.332e-05 -5.2 -0.44
7.336e-05 -5.2 -0.42
7.34e-05 -5.2 -0.42
7.344e-05 -5.36 -0.42
7.348e-05 -5.36 -0.42
7.352e-05 -5.36 -0.42
7.356e-05 -5.44 -0.4
7.36e-05 -5.44 -0.4
7.364e-05 -5.52 -0.42
7.368e-05 -5.52 -0.4
7.372e-05 -5.52 -0.38
7.376e-05 -5.52 -0.4
7.38e-05 -5.68 -0.38
7.384e-05 -5.68 -0.38
7.388e-05 -5.68 -0.36
7.392e-05 -5.68 -0.36
7.396e-05 -5.76 -0.36
7.4e-05 -5.76 -0.36
7.404e-05 -5.84 -0.34
7.408e-05 -5.76 -0.34
7.412e-05 -5.84 -0.34
7.416e-05 -5.84 -0.34
7.42e-05 -5.84 -0.32
7.424e-05 -5.84 -0.32
7.428e-05 -5.92 -0.32
7.432e-05 -5.92 -0.32
7.436e-05 -6 -0.3
7.44e-05 -6 -0.28
7.444e-05 -6 -0.3
7.448e-05 -6.08 -0.3
7.452e-05 -6 -0.3
7.456e-05 -6 -0.28
7.46e-05 -6 -0.26
7.464e-05 -6.08 -0.26
7.468e-05 -6.08 -0.26
7.472e-05 -6.08 -0.26
7.476e-05 -6.08 -0.26
7.48e-05 -6.08 -0.24
7.484e-05 -6.08 -0.24
7.488e-05 -6.16 -0.24
7.492e-05 -6.16 -0.22
7.496e-05 -6.08 -0.22
7.5e-05 -6.08 -0.22
7.504e-05 -6.08 -0.2
7.508e-05 -6.16 -0.2
7.512e-05 -6.16 -0.18
7.516e-05 -6.16 -0.2
7.52e-05 -6.08 -0.18
7.524e-05 -6.08 -0.18
7.528e-05 -6.08 -0.18
7.532e-05 -6.08 -0.16
7.536e-05 -6 -0.16
7.54e-05 -6.08 -0.16
7.544e-05 -6.08 -0.14
7.548e-05 -6.08 -0.12
7.552e-05 -6.08 -0.12
7.556e-05 -6 -0.12
7.56e-05 -6 -0.1
7.564e-05 -6.08 -0.12
7.568e-05 -6 -0.1
7.572e-05 -6 -0.1
7.576e-05 -6 -0.1
7.58e-05 -6 -0.08
7.584e-05 -6 -0.1
7.588e-05 -5.92 -0.08
7.592e-05 -5.84 -0.08
7.596e-05 -5.84 -0.06
7.6e-05 -5.84 -0.06
7.604e-05 -5.84 -0.04
7.608e-05 -5.84 -0.06
7.612e-05 -5.76 0
7.616e-05 -5.76 0
7.62e-05 -5.68 0.02
7.624e-05 -5.68 0
7.628e-05 -5.68 0
7.632e-05 -5.68 0
7.636e-05 -5.52 0.02
7.64e-05 -5.52 0.02
7.644e-05 -5.52 0.02
7.648e-05 -5.52 0.04
7.652e-05 -5.44 0.04
7.656e-05 -5.44 0.06
7.66e-05 -5.44 0.04
7.664e-05 -5.36 0.04
7.668e-05 -5.36 0.06
7.672e-05 -5.28 0.08
7.676e-05 -5.28 0.08
7.68e-05 -5.2 0.08
7.684e-05 -5.2 0.1
7.688e-05 -5.12 0.1
7.692e-05 -5.12 0.1
7.696e-05 -5.04 0.1
7.7e-05 -5.04 0.1
7.704e-05 -4.96 0.12
7.708e-05 -4.88 0.12
7.712e-05 -4.88 0.14
7.716e-05 -4.8 0.14
7.72e-05 -4.8 0.14
7.724e-05 -4.72 0.16
7.728e-05 -4.72 0.16
7.732e-05 -4.64 0.16
7.736e-05 -4.56 0.16
7.74e-05 -4.56 0.18
7.744e-05 -4.48 0.2
7.748e-05 -4.4 0.18
7.752e-05 -4.4 0.18
7.756e-05 -4.32 0.2
7.76e-05 -4.24 0.2
7.764e-05 -4.24 0.2
7.768e-05 -4.08 0.2
7.772e-05 -4.08 0.22
7.776e-05 -4.08 0.24
7.78e-05 -3.92 0.24
7.784e-05 -3.92 0.22
7.788e-05 -3.84 0.24
7.792e-05 -3.76 0.24
7.796e-05 -3.76 0.24
7.8e-05 -3.6 0.24
7.804e-05 -3.6 0.26
7.808e-05 -3.6 0.26
7.812e-05 -3.52 0.28
7.816e-05 -3.44 0.28
7.82e-05 -3.36 0.28
7.824e-05 -3.28 0.28
7.828e-05 -3.2 0.3
7.832e-05 -3.12 0.32
7.836e-05 -3.12 0.28
7.84e-05 -3.04 0.3
7.844e-05 -2.96 0.32
7.848e-05 -2.88 0.3
7.852e-05 -2.88 0.32
7.856e-05 -2.8 0.32
7.86e-05 -2.64 0.32
7.864e-05 -2.64 0.34
7.868e-05 -2.56 0.34
7.872e-05 -2.48 0.34
7.876e-05 -2.4 0.34
7.88e-05 -2.32 0.34
7.884e-05 -2.24 0.36
7.888e-05 -2.16 0.36
7.892e-05 -2.16 0.36
7.896e-05 -2 0.36
7.9e-05 -1.92 0.36
7.904e-05 -1.84 0.4
7.908e-05 -1.84 0.36
7.912e-05 -1.68 0.36
7.916e-05 -1.68 0.36
7.92e-05 -1.52 0.38
7.924e-05 -1.52 0.4
7.928e-05 -1.36 0.4
7.932e-05 -1.36 0.4
7.936e-05 -1.28 0.4
7.94e-05 -1.2 0.4
7.944e-05 -1.2 0.4
7.948e-05 -1.04 0.4
7.952e-05 -1.04 0.42
7.956e-05 -0.96 0.4
7.96e-05 -0.88 0.4
7.964e-05 -0.72 0.42
7.968e-05 -0.64 0.42
7.972e-05 -0.56 0.42
7.976e-05 -0.48 0.42
7.98e-05 -0.4 0.42
7.984e-05 -0.32 0.42
7.988e-05 -0.24 0.44
7.992e-05 -0.24 0.42
7.996e-05 0 0.44
8e-05 0 0.42
8.004e-05 0.08 0.44
8.008e-05 0.16 0.44
8.012e-05 0.32 0.44
8.016e-05 0.4 0.44
8.02e-05 0.4 0.44
8.024e-05 0.48 0.46
8.028e-05 0.56 0.44
8.032e-05 0.72 0.46
8.036e-05 0.72 0.44
8.04e-05 0.8 0.46
8.044e-05 0.96 0.44
8.048e-05 0.96 0.44
8.052e-05 1.04 0.46
8.056e-05 1.12 0.46
8.06e-05 1.12 0.48
8.064e-05 1.28 0.48
8.068e-05 1.28 0.46
8.072e-05 1.44 0.48
8.076e-05 1.44 0.46
8.08e-05 1.6 0.48
8.084e-05 1.68 0.46
8.088e-05 1.68 0.44
8.092e-05 1.76 0.46
8.096e-05 1.92 0.46
8.1e-05 1.92 0.46
8.104e-05 2 0.44
8.108e-05 2.08 0.46
8.112e-05 2.16 0.46
8.116e-05 2.24 0.46
8.12e-05 2.32 0.46
8.124e-05 2.4 0.44
8.128e-05 2.4 0.46
8.132e-05 2.56 0.46
8.136e-05 2.56 0.44
8.14e-05 2.64 0.46
8.144e-05 2.72 0.44
8.148e-05 2.8 0.48
8.152e-05 2.88 0.46
8.156e-05 2.88 0.44
8.16e-05 2.96 0.44
8.164e-05 3.04 0.46
8.168e-05 3.12 0.46
8.172e-05 3.2 0.44
8.176e-05 3.2 0.46
8.18e-05 3.36 0.42
8.184e-05 3.36 0.44
8.188e-05 3.44 0.44
8.192e-05 3.52 0.42
8.196e-05 3.52 0.44
8.2e-05 3.68 0.44
8.204e-05 3.68 0.42
8.208e-05 3.76 0.44
8.212e-05 3.84 0.42
8.216e-05 3.92 0.42
8.22e-05 3.92 0.42
8.224e-05 4 0.42
8.228e-05 4 0.4
8.232e-05 4.16 0.4
8.236e-05 4.16 0.42
8.24e-05 4.16 0.4
8.244e-05 4.24 0.4
8.248e-05 4.32 0.4
8.252e-05 4.32 0.4
8.256e-05 4.48 0.4
8.26e-05 4.48 0.4
8.264e-05 4.56 0.4
8.268e-05 4.56 0.4
8.272e-05 4.64 0.4
8.276e-05 4.64 0.38
8.28e-05 4.8 0.38
8.284e-05 4.8 0.36
8.288e-05 4.8 0.36
8.292e-05 4.88 0.38
8.296e-05 4.96 0.36
8.3e-05 4.96 0.36
8.304e-05 4.96 0.36
8.308e-05 5.12 0.36
8.312e-05 5.12 0.34
8.316e-05 5.12 0.34
8.32e-05 5.12 0.34
8.324e-05 5.2 0.32
8.328e-05 5.2 0.32
8.332e-05 5.28 0.32
8.336e-05 5.28 0.32
8.34e-05 5.28 0.32
8.344e-05 5.44 0.32
8.348e-05 5.44 0.32
8.352e-05 5.44 0.28
8.356e-05 5.44 0.32
8.36e-05 5.52 0.3
8.364e-05 5.52 0.3
8.368e-05 5.6 0.28
8.372e-05 5.6 0.26
8.376e-05 5.6 0.28
8.38e-05 5.6 0.26
8.384e-05 5.68 0.26
8.388e-05 5.76 0.24
8.392e-05 5.76 0.24
8.396e-05 5.76 0.24
8.4e-05 5.76 0.24
8.404e-05 5.76 0.24
8.408e-05 5.84 0.22
8.412e-05 5.84 0.24
8.416e-05 5.84 0.24
8.42e-05 5.84 0.22
8.424e-05 5.92 0.2
8.428e-05 5.92 0.2
8.432e-05 6 0.2
8.436e-05 5.92 0.18
8.44e-05 5.92 0.18
8.444e-05 5.92 0.18
8.448e-05 5.92 0.18
8.452e-05 6 0.18
8.456e-05 5.92 0.16
8.46e-05 6 0.16
8.464e-05 6 0.16
8.468e-05 5.92 0.16
8.472e-05 6.08 0.14
8.476e-05 6.08 0.12
8.48e-05 6 0.14
8.484e-05 6.08 0.12
8.488e-05 6 0.12
8.492e-05 6.08 0.12
8.496e-05 6 0.1
8.5e-05 6 0.1
8.504e-05 6 0.1
8.508e-05 6 0.08
8.512e-05 6 0.08
8.516e-05 6 0.08
8.52e-05 6 0.08
8.524e-05 5.92 0.08
8.528e-05 6 0.04
8.532e-05 6 0.04
8.536e-05 5.92 0.04
8.54e-05 5.92 0.04
8.544e-05 5.92 0.02
8.548e-05 5.92 0.02
8.552e-05 5.92 0
8.556e-05 5.92 0.02
8.56e-05 5.84 0
8.564e-05 5.84 0
8.568e-05 5.76 0
8.572e-05 5.76 -0.04
8.576e-05 5.76 0
8.58e-05 5.76 -0.06
8.584e-05 5.76 0
8.588e-05 5.76 -0.06
8.592e-05 5.76 -0.06
8.596e-05 5.68 -0.06
8.6e-05 5.6 -0.08
8.604e-05 5.6 -0.08
8.608e-05 5.52 -0.08
8.612e-05 5.52 -0.1
8.616e-05 5.52 -0.1
8.62e-05 5.52 -0.1
8.624e-05 5.44 -0.1
8.628e-05 5.44 -0.1
8.632e-05 5.44 -0.12
8.636e-05 5.36 -0.14
8.64e-05 5.28 -0.14
8.644e-05 5.28 -0.14
8.648e-05 5.28 -0.14
8.652e-05 5.2 -0.16
8.656e-05 5.12 -0.16
8.66e-05 5.12 -0.16
8.664e-05 5.12 -0.16
8.668e-05 5.04 -0.18
8.672e-05 5.12 -0.18
8.676e-05 4.96 -0.2
8.68e-05 4.96 -0.2
8.684e-05 4.88 -0.22
8.688e-05 4.88 -0.2
8.692e-05 4.8 -0.22
8.696e-05 4.8 -0.22
8.7e-05 4.72 -0.24
8.704e-05 4.64 -0.24
8.708e-05 4.56 -0.24
8.712e-05 4.48 -0.26
8.716e-05 4.48 -0.24
8.72e-05 4.48 -0.26
8.724e-05 4.4 -0.28
8.728e-05 4.32 -0.28
8.732e-05 4.24 -0.26
8.736e-05 4.16 -0.28
8.74e-05 4.16 -0.32
8.744e-05 4.16 -0.3
8.748e-05 4 -0.3
8.752e-05 4 -0.3
8.756e-05 3.92 -0.3
8.76e-05 3.84 -0.32
8.764e-05 3.84 -0.32
8.768e-05 3.76 -0.34
8.772e-05 3.68 -0.32
8.776e-05 3.68 -0.34
8.78e-05 3.52 -0.34
8.784e-05 3.52 -0.34
8.788e-05 3.52 -0.36
8.792e-05 3.36 -0.34
8.796e-05 3.36 -0.38
8.8e-05 3.28 -0.36
8.804e-05 3.2 -0.38
8.808e-05 3.04 -0.38
8.812e-05 3.04 -0.38
8.816e-05 2.96 -0.38
8.82e-05 2.96 -0.38
8.824e-05 2.88 -0.4
8.828e-05 2.8 -0.4
8.832e-05 2.72 -0.42
8.836e-05 2.64 -0.42
8.84e-05 2.56 -0.42
8.844e-05 2.48 -0.42
8.848e-05 2.4 -0.42
8.852e-05 2.4 -0.42
8.856e-05 2.24 -0.44
8.86e-05 2.24 -0.42
8.864e-05 2.16 -0.44
8.868e-05 2 -0.44
8.872e-05 2 -0.44
8.876e-05 1.92 -0.44
8.88e-05 1.84 -0.46
8.884e-05 1.76 -0.46
8.888e-05 1.68 -0.44
8.892e-05 1.6 -0.46
8.896e-05 1.6 -0.46
8.9e-05 1.52 -0.48
8.904e-05 1.36 -0.48
8.908e-05 1.36 -0.46
8.912e-05 1.28 -0.48
8.916e-05 1.2 -0.48
8.92e-05 1.12 -0.5
8.924e-05 1.04 -0.48
8.928e-05 0.96 -0.48
8.932e-05 0.88 -0.5
8.936e-05 0.8 -0.5
8.94e-05 0.72 -0.5
8.944e-05 0.64 -0.48
8.948e-05 0.64 -0.5
8.952e-05 0.48 -0.52
8.956e-05 0.4 -0.52
8.96e-05 0.32 -0.52
8.964e-05 0.32 -0.52
8.968e-05 0.16 -0.54
8.972e-05 0.16 -0.52
8.976e-05 0 -0.52
8.98e-05 0 -0.5
8.984e-05 -0.24 -0.52
8.988e-05 -0.32 -0.54
8.992e-05 -0.32 -0.54
8.996e-05 -0.4 -0.54
9e-05 -0.48 -0.5
9.004e-05 -0.56 -0.54
9.008e-05 -0.64 -0.54
9.012e-05 -0.72 -0.54
9.016e-05 -0.8 -0.54
9.02e-05 -0.88 -0.54
9.024e-05 -0.96 -0.54
9.028e-05 -1.04 -0.54
9.032e-05 -1.04 -0.56
9.036e-05 -1.2 -0.56
9.04e-05 -1.28 -0.54
9.044e-05 -1.36 -0.54
9.048e-05 -1.44 -0.54
9.052e-05 -1.52 -0.56
9.056e-05 -1.6 -0.56
9.06e-05 -1.68 -0.54
9.064e-05 -1.76 -0.56
9.068e-05 -1.84 -0.54
9.072e-05 -1.92 -0.56
9.076e-05 -2 -0.56
9.08e-05 -2 -0.56
9.084e-05 -2.08 -0.54
9.088e-05 -2.24 -0.54
9.092e-05 -2.24 -0.54
9.096e-05 -2.32 -0.56
9.1e-05 -2.32 -0.54
9.104e-05 -2.48 -0.54
9.108e-05 -2.56 -0.54
9.112e-05 -2.56 -0.56
9.116e-05 -2.64 -0.56
9.12e-05 -2.8 -0.54
9.124e-05 -2.8 -0.54
9.128e-05 -2.88 -0.54
9.132e-05 -2.96 -0.54
9.136e-05 -3.04 -0.54
9.14e-05 -3.04 -0.54
9.144e-05 -3.12 -0.54
9.148e-05 -3.2 -0.54
9.152e-05 -3.28 -0.54
9.156e-05 -3.36 -0.52
9.16e-05 -3.44 -0.54
9.164e-05 -3.52 -0.54
9.168e-05 -3.52 -0.52
9.172e-05 -3.6 -0.5
9.176e-05 -3.6 -0.5
9.18e-05 -3.76 -0.52
9.184e-05 -3.76 -0.54
9.188e-05 -3.84 -0.54
9.192e-05 -3.92 -0.52
9.196e-05 -3.92 -0.5
9.2e-05 -4 -0.5
9.204e-05 -4.08 -0.5
9.208e-05 -4.16 -0.5
9.212e-05 -4.24 -0.5
9.216e-05 -4.24 -0.5
9.22e-05 -4.32 -0.5
9.224e-05 -4.4 -0.48
9.228e-05 -4.4 -0.48
9.232e-05 -4.48 -0.48
9.236e-05 -4.56 -0.5
9.24e-05 -4.56 -0.48
9.244e-05 -4.64 -0.48
9.248e-05 -4.72 -0.46
9.252e-05 -4.8 -0.48
9.256e-05 -4.8 -0.46
9.26e-05 -4.88 -0.48
9.264e-05 -4.88 -0.46
9.268e-05 -4.88 -0.46
9.272e-05 -4.88 -0.46
9.276e-05 -5.04 -0.44
9.28e-05 -5.04 -0.44
9.284e-05 -5.04 -0.42
9.288e-05 -5.12 -0.44
9.292e-05 -5.2 -0.44
9.296e-05 -5.2 -0.42
9.3e-05 -5.28 -0.42
9.304e-05 -5.36 -0.42
9.308e-05 -5.28 -0.42
9.312e-05 -5.44 -0.42
9.316e-05 -5.44 -0.42
9.32e-05 -5.44 -0.4
9.324e-05 -5.52 -0.42
9.328e-05 -5.52 -0.4
9.332e-05 -5.52 -0.38
9.336e-05 -5.52 -0.38
9.34e-05 -5.52 -0.38
9.344e-05 -5.6 -0.38
9.348e-05 -5.68 -0.38
9.352e-05 -5.68 -0.36
9.356e-05 -5.76 -0.36
9.36e-05 -5.76 -0.34
9.364e-05 -5.76 -0.34
9.368e-05 -5.76 -0.34
9.372e-05 -5.84 -0.34
9.376e-05 -5.84 -0.34
9.38e-05 -5.84 -0.34
9.384e-05 -5.84 -0.32
9.388e-05 -5.92 -0.3
9.392e-05 -5.92 -0.3
9.396e-05 -6 -0.32
9.4e-05 -6 -0.32
9.404e-05 -6 -0.3
9.408e-05 -6.08 -0.3
9.412e-05 -6 -0.3
9.416e-05 -6.08 -0.28
9.42e-05 -6.08 -0.26
9.424e-05 -6.08 -0.26
9.428e-05 -6.08 -0.26
9.432e-05 -6.08 -0.28
9.436e-05 -6.08 -0.26
9.44e-05 -6.08 -0.24
9.444e-05 -6.08 -0.24
9.448e-05 -6.16 -0.24
9.452e-05 -6.08 -0.22
9.456e-05 -6.16 -0.22
9.46e-05 -6.08 -0.2
9.464e-05 -6.16 -0.22
9.468e-05 -6.08 -0.22
9.472e-05 -6.16 -0.2
9.476e-05 -6.16 -0.18
9.48e-05 -6.16 -0.2
9.484e-05 -6.08 -0.18
9.488e-05 -6.16 -0.18
9.492e-05 -6.08 -0.16
9.496e-05 -6.08 -0.16
9.5e-05 -6.08 -0.16
9.504e-05 -6.08 -0.16
9.508e-05 -6.08 -0.14
9.512e-05 -6.08 -0.14
9.516e-05 -6.08 -0.12
9.52e-05 -6.08 -0.12
9.524e-05 -6.08 -0.1
9.528e-05 -6 -0.1
9.532e-05 -6 -0.1
9.536e-05 -6 -0.1
9.54e-05 -6 -0.1
9.544e-05 -5.92 -0.08
9.548e-05 -5.92 -0.08
9.552e-05 -5.84 -0.06
9.556e-05 -5.92 -0.08
9.56e-05 -5.84 -0.06
9.564e-05 -5.76 -0.04
9.568e-05 -5.76 -0.04
9.572e-05 -5.84 -0.04
9.576e-05 -5.76 -0.06
9.58e-05 -5.76 -0.04
9.584e-05 -5.68 0
9.588e-05 -5.76 0.02
9.592e-05 -5.68 0
9.596e-05 -5.68 0.02
9.6e-05 -5.52 0.02
9.604e-05 -5.6 0
9.608e-05 -5.52 0.04
9.612e-05 -5.52 0.04
9.616e-05 -5.52 0.04
9.62e-05 -5.44 0.06
9.624e-05 -5.36 0.06
9.628e-05 -5.36 0.06
9.632e-05 -5.36 0.06
9.636e-05 -5.2 0.08
9.64e-05 -5.2 0.08
9.644e-05 -5.2 0.08
9.648e-05 -5.2 0.1
9.652e-05 -5.12 0.1
9.656e-05 -5.12 0.1
9.66e-05 -5.04 0.1
9.664e-05 -4.88 0.12
9.668e-05 -4.88 0.12
9.672e-05 -4.88 0.14
9.676e-05 -4.8 0.12
9.68e-05 -4.8 0.14
9.684e-05 -4.72 0.16
9.688e-05 -4.72 0.16
9.692e-05 -4.64 0.16
9.696e-05 -4.56 0.16
9.7e-05 -4.56 0.16
9.704e-05 -4.48 0.18
9.708e-05 -4.4 0.18
9.712e-05 -4.4 0.18
9.716e-05 -4.32 0.2
9.72e-05 -4.24 0.2
9.724e-05 -4.24 0.22
9.728e-05 -4.16 0.2
9.732e-05 -4.16 0.2
9.736e-05 -4.08 0.22
9.74e-05 -4 0.24
9.744e-05 -3.92 0.24
9.748e-05 -3.92 0.24
9.752e-05 -3.76 0.26
9.756e-05 -3.76 0.26
9.76e-05 -3.6 0.26
9.764e-05 -3.6 0.26
9.768e-05 -3.52 0.26
9.772e-05 -3.44 0.26
9.776e-05 -3.44 0.26
9.78e-05 -3.36 0.28
9.784e-05 -3.28 0.28
9.788e-05 -3.2 0.28
9.792e-05 -3.12 0.3
9.796e-05 -3.12 0.32
9.8e-05 -3.12 0.3
9.804e-05 -2.96 0.32
9.808e-05 -2.88 0.32
9.812e-05 -2.8 0.32
9.816e-05 -2.8 0.32
9.82e-05 -2.64 0.32
9.824e-05 -2.64 0.32
9.828e-05 -2.56 0.34
9.832e-05 -2.48 0.34
9.836e-05 -2.32 0.34
9.84e-05 -2.32 0.32
9.844e-05 -2.24 0.36
9.848e-05 -2.16 0.34
9.852e-05 -2.16 0.36
9.856e-05 -2 0.36
9.86e-05 -1.92 0.36
9.864e-05 -1.84 0.38
9.868e-05 -1.84 0.36
9.872e-05 -1.68 0.36
9.876e-05 -1.68 0.38
9.88e-05 -1.6 0.4
9.884e-05 -1.52 0.4
9.888e-05 -1.44 0.38
9.892e-05 -1.36 0.4
9.896e-05 -1.28 0.4
9.9e-05 -1.2 0.4
9.904e-05 -1.12 0.4
9.908e-05 -1.04 0.4
9.912e-05 -0.96 0.4
9.916e-05 -0.88 0.42
9.92e-05 -0.8 0.42
9.924e-05 -0.8 0.42
9.928e-05 -0.64 0.42
9.932e-05 -0.64 0.42
9.936e-05 -0.48 0.42
9.94e-05 -0.4 0.42
9.944e-05 -0.32 0.42
9.948e-05 -0.32 0.42
9.952e-05 -0.24 0.42
9.956e-05 0 0.44
9.96e-05 0 0.42
9.964e-05 0.08 0.44
9.968e-05 0.16 0.44
9.972e-05 0.32 0.46
9.976e-05 0.32 0.44
9.98e-05 0.4 0.44
9.984e-05 0.48 0.44
9.988e-05 0.64 0.48
9.992e-05 0.64 0.46
9.996e-05 0.72 0.44
0.0001 0.8 0.46
0.00010004 0.88 0.44
0.00010008 0.96 0.46
0.00010012 1.04 0.44
0.00010016 1.12 0.44
0.0001002 1.12 0.46
0.00010024 1.28 0.48
0.00010028 1.36 0.46
0.00010032 1.36 0.46
0.00010036 1.44 0.44
0.0001004 1.6 0.44
0.00010044 1.6 0.46
0.00010048 1.76 0.46
0.00010052 1.76 0.46
0.00010056 1.92 0.48
0.0001006 1.92 0.46
0.00010064 2 0.46
0.00010068 2.08 0.44
0.00010072 2.16 0.46
0.00010076 2.24 0.48
0.0001008 2.24 0.46
0.00010084 2.32 0.46
0.00010088 2.4 0.46
0.00010092 2.56 0.48
0.00010096 2.56 0.46
0.000101 2.64 0.44
0.00010104 2.72 0.44
0.00010108 2.8 0.44
0.00010112 2.88 0.46
0.00010116 2.88 0.44
0.0001012 2.96 0.44
0.00010124 3.04 0.44
0.00010128 3.04 0.44
0.00010132 3.2 0.44
0.00010136 3.2 0.44
0.0001014 3.36 0.44
0.00010144 3.36 0.44
0.00010148 3.36 0.46
0.00010152 3.52 0.44
0.00010156 3.52 0.42
0.0001016 3.6 0.44
0.00010164 3.68 0.42
0.00010168 3.68 0.44
0.00010172 3.84 0.4
0.00010176 3.84 0.42
0.0001018 3.92 0.42
0.00010184 4 0.42
0.00010188 4 0.42
0.00010192 4.16 0.4
0.00010196 4.16 0.42
0.000102 4.24 0.42
0.00010204 4.24 0.4
0.00010208 4.32 0.4
0.00010212 4.32 0.4
0.00010216 4.48 0.4
0.0001022 4.48 0.4
0.00010224 4.56 0.38
0.00010228 4.64 0.38
0.00010232 4.64 0.38
0.00010236 4.64 0.38
0.0001024 4.72 0.36
0.00010244 4.8 0.38
0.00010248 4.8 0.38
0.00010252 4.88 0.38
0.00010256 4.96 0.38
0.0001026 4.96 0.36
0.00010264 5.04 0.34
0.00010268 5.12 0.34
0.00010272 5.12 0.36
0.00010276 5.12 0.34
0.0001028 5.2 0.34
0.00010284 5.2 0.34
0.00010288 5.28 0.32
0.00010292 5.28 0.34
0.00010296 5.28 0.32
0.000103 5.28 0.3
0.00010304 5.44 0.3
0.00010308 5.44 0.32
0.00010312 5.44 0.32
0.00010316 5.52 0.3
0.0001032 5.52 0.32
0.00010324 5.6 0.28
0.00010328 5.52 0.28
0.00010332 5.6 0.28
0.00010336 5.6 0.26
0.0001034 5.6 0.28
0.00010344 5.68 0.26
0.00010348 5.68 0.26
0.00010352 5.76 0.24
0.00010356 5.76 0.24
0.0001036 5.76 0.26
0.00010364 5.76 0.24
0.00010368 5.76 0.22
0.00010372 5.84 0.24
0.00010376 5.84 0.22
0.0001038 5.84 0.24
0.00010384 5.84 0.2
0.00010388 5.92 0.2
0.00010392 5.92 0.2
0.00010396 5.92 0.2
0.000104 5.92 0.18
0.00010404 6 0.18
0.00010408 6 0.18
0.00010412 6 0.16
0.00010416 6.08 0.16
0.0001042 6 0.16
0.00010424 6 0.16
0.00010428 6 0.14
0.00010432 6 0.16
0.00010436 6 0.12
0.0001044 6 0.12
0.00010444 6.08 0.12
0.00010448 5.92 0.12
0.00010452 6.08 0.12
0.00010456 6 0.1
0.0001046 6.08 0.08
0.00010464 6 0.1
0.00010468 6 0.08
0.00010472 5.92 0.08
0.00010476 6 0.08
0.0001048 6 0.06
0.00010484 5.92 0.08
0.00010488 5.92 0.06
0.00010492 5.92 0.04
0.00010496 5.92 0.04
0.000105 5.92 0.04
0.00010504 5.92 0.02
0.00010508 5.92 0.02
0.00010512 5.84 0.02
0.00010516 5.84 0
0.0001052 5.84 0
0.00010524 5.84 0
0.00010528 5.76 0
0.00010532 5.76 -0.04
0.00010536 5.76 0
0.0001054 5.76 0
0.00010544 5.76 -0.06
0.00010548 5.76 -0.06
0.00010552 5.68 -0.06
0.00010556 5.68 -0.04
0.0001056 5.6 -0.08
0.00010564 5.6 -0.08
0.00010568 5.6 -0.08
0.00010572 5.52 -0.08
0.00010576 5.52 -0.1
0.0001058 5.44 -0.12
0.00010584 5.44 -0.12
0.00010588 5.44 -0.12
0.00010592 5.44 -0.12
0.00010596 5.28 -0.12
0.000106 5.28 -0.14
0.00010604 5.28 -0.12
0.00010608 5.28 -0.14
0.00010612 5.2 -0.16
0.00010616 5.12 -0.16
0.0001062 5.2 -0.18
0.00010624 5.12 -0.16
0.00010628 5.12 -0.18
0.00010632 4.96 -0.18
0.00010636 4.96 -0.2
0.0001064 4.88 -0.2
0.00010644 4.88 -0.2
0.00010648 4.88 -0.2
0.00010652 4.72 -0.22
0.00010656 4.8 -0.22
0.0001066 4.64 -0.22
0.00010664 4.56 -0.22
0.00010668 4.64 -0.24
0.00010672 4.56 -0.24
0.00010676 4.48 -0.24
0.0001068 4.48 -0.26
0.00010684 4.4 -0.26
0.00010688 4.32 -0.26
0.00010692 4.24 -0.26
0.00010696 4.16 -0.28
0.000107 4.16 -0.26
0.00010704 4.16 -0.3
0.00010708 4.08 -0.3
0.00010712 4 -0.3
0.00010716 3.92 -0.3
0.0001072 3.84 -0.32
0.00010724 3.84 -0.32
0.00010728 3.84 -0.3
0.00010732 3.76 -0.32
0.00010736 3.68 -0.32
0.0001074 3.6 -0.34
0.00010744 3.52 -0.36
0.00010748 3.52 -0.34
0.00010752 3.36 -0.36
0.00010756 3.36 -0.34
0.0001076 3.28 -0.36
0.00010764 3.2 -0.36
0.00010768 3.12 -0.38
0.00010772 3.04 -0.38
0.00010776 2.96 -0.38
0.0001078 2.96 -0.4
0.00010784 2.88 -0.38
0.00010788 2.8 -0.4
0.00010792 2.72 -0.4
0.00010796 2.64 -0.4
0.000108 2.64 -0.4
0.00010804 2.56 -0.42
0.00010808 2.4 -0.42
0.00010812 2.4 -0.42
0.00010816 2.32 -0.42
0.0001082 2.24 -0.44
0.00010824 2.16 -0.42
0.00010828 2.08 -0.46
0.00010832 2 -0.44
0.00010836 1.92 -0.44
0.0001084 1.84 -0.44
0.00010844 1.76 -0.48
0.00010848 1.68 -0.46
0.00010852 1.6 -0.46
0.00010856 1.6 -0.46
0.0001086 1.52 -0.48
0.00010864 1.44 -0.48
0.00010868 1.28 -0.48
0.00010872 1.28 -0.48
0.00010876 1.2 -0.48
0.0001088 1.12 -0.48
0.00010884 1.04 -0.5
0.00010888 0.96 -0.48
0.00010892 0.96 -0.48
0.00010896 0.8 -0.5
0.000109 0.72 -0.5
0.00010904 0.64 -0.52
0.00010908 0.64 -0.5
0.00010912 0.48 -0.52
0.00010916 0.4 -0.54
0.0001092 0.32 -0.52
0.00010924 0.32 -0.52
0.00010928 0.16 -0.5
0.00010932 0.08 -0.54
0.00010936 0 -0.54
0.0001094 0 -0.54
0.00010944 -0.16 -0.52
0.00010948 -0.32 -0.52
0.00010952 -0.32 -0.52
0.00010956 -0.4 -0.54
0.0001096 -0.56 -0.54
0.00010964 -0.56 -0.54
0.00010968 -0.64 -0.54
0.00010972 -0.72 -0.54
0.00010976 -0.72 -0.56
0.0001098 -0.88 -0.54
0.00010984 -0.96 -0.56
0.00010988 -1.04 -0.56
0.00010992 -1.12 -0.54
0.00010996 -1.2 -0.54
0.00011 -1.28 -0.54
0.00011004 -1.36 -0.56
0.00011008 -1.36 -0.56
0.00011012 -1.52 -0.54
0.00011016 -1.6 -0.54
0.0001102 -1.68 -0.56
0.00011024 -1.68 -0.56
0.00011028 -1.76 -0.56
0.00011032 -1.84 -0.54
0.00011036 -1.92 -0.54
0.0001104 -2 -0.56
0.00011044 -2.16 -0.54
0.00011048 -2.16 -0.56
0.00011052 -2.24 -0.54
0.00011056 -2.32 -0.54
0.0001106 -2.32 -0.54
0.00011064 -2.48 -0.56
0.00011068 -2.48 -0.54
0.00011072 -2.56 -0.54
0.00011076 -2.64 -0.54
0.0001108 -2.72 -0.54
0.00011084 -2.8 -0.54
0.00011088 -2.8 -0.54
0.00011092 -2.96 -0.56
0.00011096 -2.96 -0.56
0.000111 -3.04 -0.54
0.00011104 -3.12 -0.54
0.00011108 -3.2 -0.54
0.00011112 -3.28 -0.56
0.00011116 -3.28 -0.54
0.0001112 -3.44 -0.54
0.00011124 -3.44 -0.52
0.00011128 -3.52 -0.52
0.00011132 -3.6 -0.54
0.00011136 -3.6 -0.52
0.0001114 -3.76 -0.52
0.00011144 -3.76 -0.52
0.00011148 -3.84 -0.54
0.00011152 -3.92 -0.52
0.00011156 -3.92 -0.5
0.0001116 -4 -0.5
0.00011164 -4.08 -0.5
0.00011168 -4.16 -0.5
0.00011172 -4.16 -0.5
0.00011176 -4.24 -0.5
0.0001118 -4.24 -0.52
0.00011184 -4.4 -0.48
0.00011188 -4.4 -0.48
0.00011192 -4.4 -0.48
0.00011196 -4.56 -0.48
0.000112 -4.56 -0.48
0.00011204 -4.56 -0.48
0.00011208 -4.72 -0.46
0.00011212 -4.72 -0.48
0.00011216 -4.8 -0.48
0.0001122 -4.8 -0.46
0.00011224 -4.88 -0.48
0.00011228 -4.88 -0.44
0.00011232 -4.96 -0.44
0.00011236 -5.04 -0.46
0.0001124 -5.04 -0.44
0.00011244 -5.12 -0.44
0.00011248 -5.12 -0.44
0.00011252 -5.2 -0.44
0.00011256 -5.2 -0.44
0.0001126 -5.2 -0.44
0.00011264 -5.28 -0.42
0.00011268 -5.36 -0.42
0.00011272 -5.36 -0.42
0.00011276 -5.36 -0.4
0.0001128 -5.44 -0.4
0.00011284 -5.44 -0.4
0.00011288 -5.52 -0.4
0.00011292 -5.52 -0.38
0.00011296 -5.6 -0.38
0.000113 -5.6 -0.36
0.00011304 -5.52 -0.38
0.00011308 -5.68 -0.36
0.00011312 -5.68 -0.36
0.00011316 -5.68 -0.36
0.0001132 -5.76 -0.36
0.00011324 -5.76 -0.34
0.00011328 -5.76 -0.34
0.00011332 -5.84 -0.34
0.00011336 -5.84 -0.34
0.0001134 -5.84 -0.34
0.00011344 -5.84 -0.32
0.00011348 -5.92 -0.3
0.00011352 -5.84 -0.3
0.00011356 -6 -0.3
0.0001136 -6 -0.3
0.00011364 -6 -0.3
0.00011368 -6 -0.28
0.00011372 -6 -0.28
0.00011376 -6.08 -0.3
0.0001138 -6.08 -0.28
0.00011384 -6.08 -0.26
0.00011388 -6.08 -0.26
0.00011392 -6.08 -0.26
0.00011396 -6.16 -0.26
0.000114 -6.08 -0.24
0.00011404 -6.08 -0.24
0.00011408 -6.08 -0.22
0.00011412 -6.08 -0.22
0.00011416 -6.16 -0.24
0.0001142 -6.08 -0.2
0.00011424 -6.08 -0.2
0.00011428 -6.16 -0.22
0.00011432 -6.08 -0.2
0.00011436 -6.16 -0.2
0.0001144 -6.08 -0.18
0.00011444 -6.08 -0.18
0.00011448 -6.08 -0.18
0.00011452 -6.16 -0.18
0.00011456 -6.16 -0.16
0.0001146 -6.08 -0.16
0.00011464 -6.08 -0.16
0.00011468 -6.08 -0.14
0.00011472 -6.08 -0.14
0.00011476 -6.08 -0.12
0.0001148 -6.08 -0.12
0.00011484 -6 -0.12
0.00011488 -6 -0.12
0.00011492 -6 -0.1
0.00011496 -6 -0.1
0.000115 -6 -0.1
0.00011504 -5.92 -0.1
0.00011508 -5.84 -0.08
0.00011512 -5.84 -0.08
0.00011516 -5.84 -0.06
0.0001152 -5.84 -0.06
0.00011524 -5.84 -0.04
0.00011528 -5.84 -0.04
0.00011532 -5.76 -0.04
0.00011536 -5.76 0
0.0001154 -5.76 0
0.00011544 -5.76 0.02
0.00011548 -5.68 0
0.00011552 -5.68 0
0.00011556 -5.52 0
0.0001156 -5.52 0.02
0.00011564 -5.52 0.02
0.00011568 -5.52 0.02
0.00011572 -5.52 0.02
0.00011576 -5.44 0.04
0.0001158 -5.44 0.06
0.00011584 -5.44 0.06
0.00011588 -5.36 0.06
0.00011592 -5.2 0.08
0.00011596 -5.28 0.08
0.000116 -5.2 0.08
0.00011604 -5.2 0.08
0.00011608 -5.2 0.1
0.00011612 -5.12 0.1
0.00011616 -5.04 0.1
0.0001162 -5.04 0.1
0.00011624 -5.04 0.1
0.00011628 -4.88 0.14
0.00011632 -4.88 0.12
0.00011636 -4.88 0.12
0.0001164 -4.8 0.14
0.00011644 -4.8 0.14
0.00011648 -4.72 0.16
0.00011652 -4.72 0.18
0.00011656 -4.56 0.16
0.0001166 -4.56 0.16
0.00011664 -4.48 0.18
0.00011668 -4.48 0.2
0.00011672 -4.4 0.18
0.00011676 -4.32 0.2
0.0001168 -4.32 0.18
0.00011684 -4.24 0.2
0.00011688 -4.16 0.22
0.00011692 -4.16 0.22
0.00011696 -4.08 0.22
0.000117 -4 0.22
0.00011704 -3.92 0.24
0.00011708 -3.92 0.24
0.00011712 -3.84 0.24
0.00011716 -3.76 0.24
0.0001172 -3.6 0.26
0.00011724 -3.6 0.26
0.00011728 -3.52 0.24
0.00011732 -3.52 0.26
0.00011736 -3.44 0.28
0.0001174 -3.44 0.26
0.00011744 -3.28 0.3
0.00011748 -3.28 0.28
0.00011752 -3.2 0.3
0.00011756 -3.12 0.28
0.0001176 -2.96 0.32
0.00011764 -2.96 0.32
0.00011768 -2.88 0.32
0.00011772 -2.88 0.32
0.00011776 -2.8 0.32
0.0001178 -2.72 0.34
0.00011784 -2.64 0.32
0.00011788 -2.64 0.32
0.00011792 -2.48 0.34
0.00011796 -2.4 0.34
0.000118 -2.32 0.34
0.00011804 -2.24 0.36
0.00011808 -2.24 0.36
0.00011812 -2.16 0.36
0.00011816 -2 0.36
0.0001182 -2 0.38
0.00011824 -1.92 0.36
0.00011828 -1.84 0.38
0.00011832 -1.76 0.38
0.00011836 -1.68 0.38
0.0001184 -1.68 0.38
0.00011844 -1.52 0.38
0.00011848 -1.44 0.4
0.00011852 -1.36 0.4
0.00011856 -1.36 0.4
0.0001186 -1.2 0.4
0.00011864 -1.12 0.42
0.00011868 -1.04 0.4
0.00011872 -1.04 0.4
0.00011876 -0.88 0.4
0.0001188 -0.88 0.42
0.00011884 -0.8 0.42
0.00011888 -0.72 0.42
0.00011892 -0.64 0.4
0.00011896 -0.56 0.42
0.000119 -0.4 0.42
0.00011904 -0.4 0.44
0.00011908 -0.32 0.42
0.00011912 -0.24 0.42
0.00011916 -0.16 0.44
0.0001192 0 0.46
0.00011924 0.08 0.42
0.00011928 0.16 0.44
0.00011932 0.24 0.44
0.00011936 0.32 0.46
0.0001194 0.4 0.44
0.00011944 0.48 0.44
0.00011948 0.56 0.44
0.00011952 0.64 0.46
0.00011956 0.64 0.46
0.0001196 0.72 0.44
0.00011964 0.8 0.46
0.00011968 0.96 0.46
0.00011972 0.96 0.46
0.00011976 1.12 0.44
0.0001198 1.2 0.46
0.00011984 1.28 0.46
0.00011988 1.28 0.46
0.00011992 1.36 0.46
0.00011996 1.44 0.44
0.00012 1.6 0.48
0.00012004 1.6 0.46
0.00012008 1.68 0.48
0.00012012 1.76 0.44
0.00012016 1.76 0.46
0.0001202 1.92 0.46
0.00012024 2 0.46
0.00012028 2.08 0.44
0.00012032 2.16 0.44
0.00012036 2.24 0.46
0.0001204 2.24 0.46
0.00012044 2.4 0.48
0.00012048 2.4 0.46
0.00012052 2.56 0.46
0.00012056 2.56 0.44
0.0001206 2.64 0.46
0.00012064 2.72 0.46
0.00012068 2.72 0.46
0.00012072 2.88 0.44
0.00012076 2.88 0.46
0.0001208 2.96 0.44
0.00012084 3.04 0.46
0.00012088 3.04 0.44
0.00012092 3.12 0.44
0.00012096 3.28 0.46
0.000121 3.28 0.44
0.00012104 3.36 0.44
0.00012108 3.36 0.44
0.00012112 3.52 0.44
0.00012116 3.6 0.44
0.0001212 3.68 0.42
0.00012124 3.68 0.42
0.00012128 3.68 0.42
0.00012132 3.84 0.42
0.00012136 3.84 0.42
0.0001214 3.92 0.42
0.00012144 3.92 0.42
0.00012148 4 0.42
0.00012152 4.08 0.42
0.00012156 4.16 0.42
0.0001216 4.16 0.42
0.00012164 4.24 0.4
0.00012168 4.24 0.4
0.00012172 4.32 0.4
0.00012176 4.4 0.4
0.0001218 4.48 0.4
0.00012184 4.48 0.4
0.00012188 4.56 0.4
0.00012192 4.64 0.38
0.00012196 4.72 0.38
0.000122 4.72 0.38
0.00012204 4.8 0.38
0.00012208 4.8 0.36
0.00012212 4.88 0.36
0.00012216 4.88 0.36
0.0001222 4.96 0.38
0.00012224 4.96 0.36
0.00012228 4.96 0.34
0.00012232 5.12 0.34
0.00012236 5.12 0.34
0.0001224 5.2 0.34
0.00012244 5.2 0.32
0.00012248 5.2 0.34
0.00012252 5.2 0.32
0.00012256 5.28 0.32
0.0001226 5.36 0.32
0.00012264 5.36 0.32
0.00012268 5.44 0.32
0.00012272 5.44 0.32
0.00012276 5.44 0.32
0.0001228 5.52 0.3
0.00012284 5.44 0.28
0.00012288 5.52 0.28
0.00012292 5.6 0.28
0.00012296 5.6 0.26
0.000123 5.6 0.26
0.00012304 5.6 0.26
0.00012308 5.6 0.26
0.00012312 5.76 0.24
0.00012316 5.76 0.26
0.0001232 5.76 0.26
0.00012324 5.76 0.24
0.00012328 5.84 0.24
0.00012332 5.84 0.24
0.00012336 5.84 0.2
0.0001234 5.84 0.22
0.00012344 5.92 0.22
0.00012348 5.92 0.2
0.00012352 5.92 0.2
0.00012356 5.92 0.2
0.0001236 6 0.2
0.00012364 5.92 0.18
0.00012368 5.92 0.18
0.00012372 5.92 0.18
0.00012376 6 0.18
0.0001238 5.92 0.16
0.00012384 6 0.14
0.00012388 6 0.14
0.00012392 6 0.16
0.00012396 6 0.16
0.000124 6.08 0.14
0.00012404 6 0.12
0.00012408 6.08 0.1
0.00012412 6 0.1
0.00012416 6 0.1
0.0001242 5.92 0.1
0.00012424 6.08 0.1
0.00012428 5.92 0.08
0.00012432 6.08 0.08
0.00012436 6.08 0.08
0.0001244 6 0.08
0.00012444 5.92 0.08
0.00012448 6 0.06
0.00012452 5.92 0.06
0.00012456 5.92 0.04
0.0001246 5.92 0.04
0.00012464 5.92 0.04
0.00012468 5.92 0.02
0.00012472 5.92 0.02
0.00012476 5.92 0
0.0001248 5.84 0.02
0.00012484 5.84 0
0.00012488 5.84 0
0.00012492 5.76 0
0.00012496 5.84 -0.04
0.000125 5.76 -0.04
0.00012504 5.76 -0.04
0.00012508 5.76 -0.04
0.00012512 5.76 -0.06
0.00012516 5.68 -0.06
0.0001252 5.68 -0.08
0.00012524 5.6 -0.08
0.00012528 5.6 -0.08
0.00012532 5.52 -0.1
0.00012536 5.52 -0.1
0.0001254 5.52 -0.1
0.00012544 5.44 -0.12
0.00012548 5.44 -0.12
0.00012552 5.44 -0.1
0.00012556 5.28 -0.12
0.0001256 5.28 -0.14
0.00012564 5.28 -0.14
0.00012568 5.2 -0.14
0.00012572 5.2 -0.14
0.00012576 5.12 -0.16
0.0001258 5.12 -0.16
0.00012584 5.12 -0.18
0.00012588 5.12 -0.18
0.00012592 4.96 -0.18
0.00012596 4.96 -0.18
0.000126 4.96 -0.2
0.00012604 4.88 -0.22
0.00012608 4.88 -0.22
0.00012612 4.8 -0.22
0.00012616 4.8 -0.22
0.0001262 4.64 -0.24
0.00012624 4.64 -0.24
0.00012628 4.56 -0.24
0.00012632 4.56 -0.24
0.00012636 4.48 -0.26
0.0001264 4.48 -0.26
0.00012644 4.32 -0.26
0.00012648 4.32 -0.26
0.00012652 4.24 -0.28
0.00012656 4.24 -0.28
0.0001266 4.16 -0.28
0.00012664 4.16 -0.3
0.00012668 4.08 -0.3
0.00012672 4 -0.3
0.00012676 3.92 -0.3
0.0001268 3.84 -0.32
0.00012684 3.84 -0.32
0.00012688 3.84 -0.34
0.00012692 3.76 -0.34
0.00012696 3.68 -0.34
0.000127 3.6 -0.34
0.00012704 3.52 -0.36
0.00012708 3.52 -0.34
0.00012712 3.44 -0.34
0.00012716 3.28 -0.36
0.0001272 3.28 -0.36
0.00012724 3.2 -0.38
0.00012728 3.2 -0.36
0.00012732 3.04 -0.36
0.00012736 3.04 -0.38
0.0001274 2.96 -0.4
0.00012744 2.88 -0.4
0.00012748 2.88 -0.38
0.00012752 2.72 -0.4
0.00012756 2.64 -0.42
0.0001276 2.64 -0.4
0.00012764 2.56 -0.42
0.00012768 2.4 -0.42
0.00012772 2.4 -0.44
0.00012776 2.32 -0.44
0.0001278 2.24 -0.42
0.00012784 2.24 -0.42
0.00012788 2.08 -0.42
0.00012792 2.08 -0.46
0.00012796 1.92 -0.44
0.000128 1.84 -0.46
0.00012804 1.84 -0.46
0.00012808 1.68 -0.46
0.00012812 1.68 -0.48
0.00012816 1.6 -0.46
0.0001282 1.6 -0.46
0.00012824 1.44 -0.46
0.00012828 1.36 -0.5
0.00012832 1.28 -0.48
0.00012836 1.2 -0.48
0.0001284 1.12 -0.48
0.00012844 1.12 -0.5
0.00012848 1.04 -0.5
0.00012852 0.96 -0.48
0.00012856 0.8 -0.48
0.0001286 0.8 -0.52
0.00012864 0.64 -0.5
0.00012868 0.64 -0.52
0.00012872 0.56 -0.5
0.00012876 0.48 -0.5
0.0001288 0.32 -0.5
0.00012884 0.32 -0.52
0.00012888 0.24 -0.52
0.00012892 0.16 -0.5
0.00012896 0 -0.54
0.000129 0 -0.52
0.00012904 -0.16 -0.54
0.00012908 -0.24 -0.5
0.00012912 -0.32 -0.54
0.00012916 -0.4 -0.54
0.0001292 -0.48 -0.54
0.00012924 -0.56 -0.54
0.00012928 -0.64 -0.54
0.00012932 -0.72 -0.56
0.00012936 -0.88 -0.56
0.0001294 -0.88 -0.54
0.00012944 -0.96 -0.54
0.00012948 -1.04 -0.56
0.00012952 -1.04 -0.56
0.00012956 -1.2 -0.54
0.0001296 -1.28 -0.54
0.00012964 -1.36 -0.54
0.00012968 -1.36 -0.56
0.00012972 -1.44 -0.56
0.00012976 -1.6 -0.54
0.0001298 -1.6 -0.56
0.00012984 -1.68 -0.56
0.00012988 -1.76 -0.56
0.00012992 -1.84 -0.56
0.00012996 -1.92 -0.56
0.00013 -2 -0.56
0.00013004 -2.08 -0.56
0.00013008 -2.08 -0.54
0.00013012 -2.24 -0.54
0.00013016 -2.32 -0.54
0.0001302 -2.32 -0.56
0.00013024 -2.4 -0.54
0.00013028 -2.48 -0.56
0.00013032 -2.56 -0.54
0.00013036 -2.64 -0.54
0.0001304 -2.64 -0.56
0.00013044 -2.8 -0.54
0.00013048 -2.8 -0.56
0.00013052 -2.88 -0.54
0.00013056 -2.96 -0.56
0.0001306 -3.04 -0.54
0.00013064 -3.12 -0.54
0.00013068 -3.2 -0.52
0.00013072 -3.28 -0.54
0.00013076 -3.28 -0.54
0.0001308 -3.36 -0.52
0.00013084 -3.44 -0.52
0.00013088 -3.52 -0.52
0.00013092 -3.6 -0.54
0.00013096 -3.6 -0.52
0.000131 -3.68 -0.52
0.00013104 -3.76 -0.54
0.00013108 -3.84 -0.52
0.00013112 -3.92 -0.52
0.00013116 -3.92 -0.5
0.0001312 -4 -0.5
0.00013124 -4.08 -0.5
0.00013128 -4.16 -0.52
0.00013132 -4.24 -0.52
0.00013136 -4.24 -0.5
0.0001314 -4.24 -0.48
0.00013144 -4.4 -0.48
0.00013148 -4.4 -0.5
0.00013152 -4.48 -0.5
0.00013156 -4.48 -0.48
0.0001316 -4.56 -0.48
0.00013164 -4.56 -0.48
0.00013168 -4.72 -0.48
0.00013172 -4.72 -0.48
0.00013176 -4.72 -0.46
0.0001318 -4.88 -0.48
0.00013184 -4.88 -0.46
0.00013188 -4.88 -0.46
0.00013192 -4.96 -0.46
0.00013196 -5.04 -0.46
0.000132 -5.12 -0.44
0.00013204 -5.12 -0.44
0.00013208 -5.12 -0.42
0.00013212 -5.12 -0.42
0.00013216 -5.2 -0.44
0.0001322 -5.2 -0.44
0.00013224 -5.28 -0.42
0.00013228 -5.28 -0.42
0.00013232 -5.36 -0.42
0.00013236 -5.44 -0.42
0.0001324 -5.44 -0.4
0.00013244 -5.44 -0.4
0.00013248 -5.52 -0.4
0.00013252 -5.52 -0.4
0.00013256 -5.52 -0.4
0.0001326 -5.6 -0.38
0.00013264 -5.68 -0.38
0.00013268 -5.68 -0.38
0.00013272 -5.68 -0.38
0.00013276 -5.68 -0.38
0.0001328 -5.76 -0.36
0.00013284 -5.76 -0.38
0.00013288 -5.76 -0.34
0.00013292 -5.84 -0.34
0.00013296 -5.84 -0.32
0.000133 -5.84 -0.34
0.00013304 -5.84 -0.34
0.00013308 -5.92 -0.32
0.00013312 -5.92 -0.32
0.00013316 -6 -0.3
0.0001332 -5.92 -0.3
0.00013324 -6 -0.3
0.00013328 -6 -0.3
0.00013332 -6.08 -0.28
0.00013336 -6.08 -0.28
0.0001334 -6.08 -0.28
0.00013344 -6.08 -0.3
0.00013348 -6.08 -0.26
0.00013352 -6.08 -0.26
0.00013356 -6.16 -0.26
0.0001336 -6.16 -0.26
0.00013364 -6.16 -0.24
0.00013368 -6.08 -0.24
0.00013372 -6.16 -0.22
0.00013376 -6.16 -0.24
0.0001338 -6.16 -0.24
0.00013384 -6.16 -0.2
0.00013388 -6.16 -0.2
0.00013392 -6.08 -0.22
0.00013396 -6.08 -0.18
0.000134 -6.08 -0.18
0.00013404 -6.16 -0.16
0.00013408 -6.08 -0.18
0.00013412 -6.08 -0.16
0.00013416 -6.16 -0.18
0.0001342 -6.08 -0.16
0.00013424 -6.08 -0.14
0.00013428 -6.08 -0.14
0.00013432 -6.08 -0.14
0.00013436 -6.08 -0.14
0.0001344 -6.08 -0.1
0.00013444 -6.08 -0.12
0.00013448 -6 -0.12
0.00013452 -6 -0.1
0.00013456 -6 -0.1
0.0001346 -6 -0.1
0.00013464 -6 -0.1
0.00013468 -5.92 -0.08
0.00013472 -5.92 -0.06
0.00013476 -5.84 -0.06
0.0001348 -5.84 -0.06
0.00013484 -5.84 -0.06
0.00013488 -5.76 0
0.00013492 -5.84 0
0.00013496 -5.76 0
0.000135 -5.76 -0.04
0.00013504 -5.76 0
0.00013508 -5.68 0
0.00013512 -5.68 0.02
0.00013516 -5.68 0.02
0.0001352 -5.6 0
0.00013524 -5.52 0.02
0.00013528 -5.52 0.02
0.00013532 -5.52 0.02
0.00013536 -5.52 0.04
0.0001354 -5.44 0.06
0.00013544 -5.44 0.08
0.00013548 -5.36 0.06
0.00013552 -5.36 0.08
0.00013556 -5.28 0.08
0.0001356 -5.2 0.08
0.00013564 -5.2 0.1
0.00013568 -5.2 0.08
0.00013572 -5.12 0.08
0.00013576 -5.12 0.1
0.0001358 -5.04 0.1
0.00013584 -5.04 0.12
0.00013588 -4.96 0.1
0.00013592 -4.88 0.12
0.00013596 -4.88 0.14
0.000136 -4.8 0.16
0.00013604 -4.8 0.16
0.00013608 -4.72 0.14
0.00013612 -4.72 0.16
0.00013616 -4.64 0.16
0.0001362 -4.56 0.16
0.00013624 -4.48 0.18
0.00013628 -4.48 0.18
0.00013632 -4.4 0.18
0.00013636 -4.32 0.2
0.0001364 -4.24 0.2
0.00013644 -4.24 0.2
0.00013648 -4.16 0.22
0.00013652 -4.16 0.22
0.00013656 -4.08 0.22
0.0001366 -4 0.24
0.00013664 -3.92 0.22
0.00013668 -3.92 0.24
0.00013672 -3.84 0.24
0.00013676 -3.76 0.24
0.0001368 -3.68 0.24
0.00013684 -3.6 0.26
0.00013688 -3.6 0.26
0.00013692 -3.52 0.26
0.00013696 -3.52 0.26
0.000137 -3.44 0.28
0.00013704 -3.28 0.28
0.00013708 -3.2 0.3
0.00013712 -3.2 0.28
0.00013716 -3.12 0.28
0.0001372 -3.04 0.28
0.00013724 -2.96 0.32
0.00013728 -2.88 0.32
0.00013732 -2.88 0.32
0.00013736 -2.8 0.34
0.0001374 -2.64 0.32
0.00013744 -2.64 0.32
0.00013748 -2.56 0.34
0.00013752 -2.48 0.34
0.00013756 -2.48 0.34
0.0001376 -2.32 0.34
0.00013764 -2.32 0.34
0.00013768 -2.24 0.34
0.00013772 -2.16 0.38
0.00013776 -2.08 0.36
0.0001378 -1.92 0.36
0.00013784 -1.92 0.36
0.00013788 -1.84 0.36
0.00013792 -1.68 0.36
0.00013796 -1.68 0.38
0.000138 -1.6 0.38
0.00013804 -1.52 0.4
0.00013808 -1.52 0.4
0.00013812 -1.36 0.4
0.00013816 -1.36 0.4
0.0001382 -1.36 0.4
0.00013824 -1.2 0.4
0.00013828 -1.12 0.42
0.00013832 -1.04 0.4
0.00013836 -0.96 0.4
0.0001384 -0.88 0.42
0.00013844 -0.8 0.42
0.00013848 -0.72 0.42
0.00013852 -0.64 0.4
0.00013856 -0.56 0.42
0.0001386 -0.4 0.42
0.00013864 -0.4 0.44
0.00013868 -0.32 0.44
0.00013872 -0.24 0.42
0.00013876 -0.24 0.42
0.0001388 0 0.44
0.00013884 0.08 0.44
0.00013888 0.16 0.44
0.00013892 0.24 0.42
0.00013896 0.32 0.44
0.000139 0.32 0.44
0.00013904 0.4 0.44
0.00013908 0.48 0.44
0.00013912 0.64 0.46
0.00013916 0.64 0.44
0.0001392 0.8 0.44
0.00013924 0.8 0.46
0.00013928 0.96 0.44
0.00013932 1.04 0.46
0.00013936 1.04 0.46
0.0001394 1.12 0.46
0.00013944 1.28 0.46
0.00013948 1.28 0.44
0.00013952 1.36 0.46
0.00013956 1.36 0.46
0.0001396 1.6 0.46
0.00013964 1.6 0.46
0.00013968 1.68 0.46
0.00013972 1.68 0.46
0.00013976 1.76 0.44
0.0001398 1.92 0.46
0.00013984 1.92 0.46
0.00013988 2.08 0.46
0.00013992 2.08 0.46
0.00013996 2.16 0.46
0.00014 2.24 0.48
0.00014004 2.32 0.46
0.00014008 2.4 0.46
0.00014012 2.4 0.46
0.00014016 2.56 0.44
0.0001402 2.56 0.48
0.00014024 2.64 0.44
0.00014028 2.72 0.46
0.00014032 2.88 0.46
0.00014036 2.88 0.44
0.0001404 2.96 0.44
0.00014044 3.04 0.46
0.00014048 3.12 0.44
0.00014052 3.2 0.44
0.00014056 3.28 0.46
0.0001406 3.28 0.44
0.00014064 3.28 0.44
0.00014068 3.44 0.44
0.00014072 3.52 0.42
0.00014076 3.52 0.42
0.0001408 3.6 0.44
0.00014084 3.68 0.42
0.00014088 3.68 0.42
0.00014092 3.84 0.42
0.00014096 3.84 0.42
0.000141 3.92 0.42
0.00014104 3.92 0.42
0.00014108 4 0.42
0.00014112 4.08 0.42
0.00014116 4.16 0.4
0.0001412 4.16 0.4
0.00014124 4.24 0.4
0.00014128 4.24 0.42
0.00014132 4.32 0.4
0.00014136 4.4 0.4
0.0001414 4.48 0.4
0.00014144 4.48 0.4
0.00014148 4.56 0.38
0.00014152 4.56 0.38
0.00014156 4.64 0.38
0.0001416 4.72 0.36
0.00014164 4.8 0.38
0.00014168 4.88 0.36
0.00014172 4.88 0.38
0.00014176 4.88 0.34
0.0001418 4.96 0.36
0.00014184 4.88 0.34
0.00014188 5.04 0.34
0.00014192 5.04 0.34
0.00014196 5.12 0.34
0.000142 5.12 0.34
0.00014204 5.2 0.32
0.00014208 5.2 0.32
0.00014212 5.2 0.32
0.00014216 5.28 0.32
0.0001422 5.28 0.34
0.00014224 5.36 0.32
0.00014228 5.44 0.32
0.00014232 5.44 0.3
0.00014236 5.52 0.3
0.0001424 5.52 0.3
0.00014244 5.52 0.28
0.00014248 5.52 0.28
0.00014252 5.6 0.28
0.00014256 5.6 0.26
0.0001426 5.6 0.26
0.00014264 5.68 0.26
0.00014268 5.68 0.26
0.00014272 5.76 0.26
0.00014276 5.76 0.26
0.0001428 5.76 0.24
0.00014284 5.76 0.24
0.00014288 5.76 0.24
0.00014292 5.84 0.24
0.00014296 5.84 0.22
0.000143 5.84 0.2
0.00014304 5.92 0.22
0.00014308 5.92 0.2
0.00014312 5.92 0.22
0.00014316 5.92 0.2
0.0001432 5.92 0.18
0.00014324 5.92 0.18
0.00014328 5.92 0.18
0.00014332 6 0.16
0.00014336 5.92 0.16
0.0001434 6.08 0.16
0.00014344 6 0.18
0.00014348 6 0.16
0.00014352 6.08 0.16
0.00014356 6.08 0.14
0.0001436 6.08 0.14
0.00014364 6 0.12
0.00014368 6 0.12
0.00014372 6 0.12
0.00014376 6 0.1
0.0001438 6.08 0.1
0.00014384 5.92 0.08
0.00014388 5.92 0.08
0.00014392 6 0.08
0.00014396 6 0.08
0.000144 6.08 0.08
0.00014404 6.08 0.08
0.00014408 6 0.06
0.00014412 6 0.06
0.00014416 5.92 0.04
0.0001442 5.92 0.04
0.00014424 5.92 0.04
0.00014428 5.92 0.04
0.00014432 5.84 0.02
0.00014436 5.92 0.02
0.0001444 5.84 0.02
0.00014444 5.84 0
0.00014448 5.84 0
0.00014452 5.76 -0.04
0.00014456 5.76 -0.04
0.0001446 5.76 -0.04
0.00014464 5.76 -0.04
0.00014468 5.76 -0.06
0.00014472 5.76 -0.08
0.00014476 5.68 -0.06
0.0001448 5.68 -0.08
0.00014484 5.6 -0.08
0.00014488 5.6 -0.1
0.00014492 5.6 -0.1
0.00014496 5.52 -0.08
0.000145 5.52 -0.1
0.00014504 5.44 -0.1
0.00014508 5.44 -0.12
0.00014512 5.44 -0.12
0.00014516 5.36 -0.12
0.0001452 5.36 -0.12
0.00014524 5.28 -0.14
0.00014528 5.28 -0.14
0.00014532 5.2 -0.16
0.00014536 5.2 -0.16
0.0001454 5.12 -0.16
0.00014544 5.12 -0.16
0.00014548 5.12 -0.18
0.00014552 5.12 -0.18
0.00014556 4.96 -0.18
0.0001456 4.96 -0.2
0.00014564 4.88 -0.2
0.00014568 4.8 -0.2
0.00014572 4.8 -0.2
0.00014576 4.8 -0.22
0.0001458 4.8 -0.22
0.00014584 4.64 -0.24
0.00014588 4.56 -0.22
0.00014592 4.56 -0.24
0.00014596 4.48 -0.26
0.000146 4.48 -0.26
0.00014604 4.48 -0.26
0.00014608 4.32 -0.26
0.00014612 4.32 -0.28
0.00014616 4.16 -0.28
0.0001462 4.16 -0.28
0.00014624 4.16 -0.3
0.00014628 4.16 -0.28
0.00014632 4 -0.3
0.00014636 4 -0.3
0.0001464 3.92 -0.32
0.00014644 3.84 -0.32
0.00014648 3.84 -0.32
0.00014652 3.68 -0.34
0.00014656 3.68 -0.34
0.0001466 3.6 -0.34
0.00014664 3.52 -0.34
0.00014668 3.52 -0.36
0.00014672 3.52 -0.34
0.00014676 3.36 -0.36
0.0001468 3.36 -0.36
0.00014684 3.28 -0.36
0.00014688 3.2 -0.38
0.00014692 3.12 -0.36
0.00014696 2.96 -0.38
0.000147 3.04 -0.38
0.00014704 2.88 -0.4
0.00014708 2.88 -0.4
0.00014712 2.72 -0.4
0.00014716 2.64 -0.42
0.0001472 2.64 -0.4
0.00014724 2.56 -0.42
0.00014728 2.56 -0.4
0.00014732 2.4 -0.42
0.00014736 2.32 -0.42
0.0001474 2.32 -0.42
0.00014744 2.24 -0.44
0.00014748 2.16 -0.44
0.00014752 2.08 -0.46
0.00014756 2 -0.46
0.0001476 1.92 -0.44
0.00014764 1.92 -0.46
0.00014768 1.68 -0.46
0.00014772 1.68 -0.46
0.00014776 1.6 -0.48
0.0001478 1.52 -0.46
0.00014784 1.44 -0.48
0.00014788 1.36 -0.46
0.00014792 1.28 -0.5
0.00014796 1.28 -0.48
0.000148 1.12 -0.48
0.00014804 1.12 -0.48
0.00014808 1.04 -0.5
0.00014812 0.96 -0.5
0.00014816 0.88 -0.48
0.0001482 0.72 -0.48
0.00014824 0.72 -0.5
0.00014828 0.64 -0.5
0.00014832 0.48 -0.52
0.00014836 0.48 -0.5
0.0001484 0.4 -0.52
0.00014844 0.32 -0.5
0.00014848 0.16 -0.52
0.00014852 0.16 -0.5
0.00014856 0.08 -0.52
0.0001486 0 -0.52
0.00014864 0 -0.52
0.00014868 -0.24 -0.52
0.00014872 -0.32 -0.52
0.00014876 -0.4 -0.54
0.0001488 -0.48 -0.54
0.00014884 -0.56 -0.54
0.00014888 -0.64 -0.54
0.00014892 -0.72 -0.54
0.00014896 -0.8 -0.56
0.000149 -0.88 -0.54
0.00014904 -0.96 -0.54
0.00014908 -1.04 -0.54
0.00014912 -1.04 -0.54
0.00014916 -1.2 -0.54
0.0001492 -1.28 -0.54
0.00014924 -1.36 -0.54
0.00014928 -1.36 -0.54
0.00014932 -1.52 -0.54
0.00014936 -1.52 -0.56
0.0001494 -1.6 -0.54
0.00014944 -1.68 -0.56
0.00014948 -1.68 -0.56
0.00014952 -1.84 -0.56
0.00014956 -1.92 -0.54
0.0001496 -2 -0.54
0.00014964 -2 -0.56
0.00014968 -2.08 -0.56
0.00014972 -2.16 -0.56
0.00014976 -2.24 -0.54
0.0001498 -2.32 -0.54
0.00014984 -2.48 -0.54
0.00014988 -2.4 -0.54
0.00014992 -2.56 -0.56
0.00014996 -2.64 -0.56
0.00015 -2.64 -0.54
0.00015004 -2.8 -0.54
0.00015008 -2.88 -0.54
0.00015012 -2.88 -0.54
0.00015016 -2.96 -0.54
0.0001502 -3.04 -0.56
0.00015024 -3.12 -0.54
0.00015028 -3.2 -0.52
0.00015032 -3.2 -0.54
0.00015036 -3.28 -0.54
0.0001504 -3.36 -0.54
0.00015044 -3.44 -0.52
0.00015048 -3.52 -0.52
0.00015052 -3.6 -0.52
0.00015056 -3.6 -0.54
0.0001506 -3.68 -0.54
0.00015064 -3.76 -0.5
0.00015068 -3.84 -0.52
0.00015072 -3.92 -0.5
0.00015076 -3.92 -0.52
0.0001508 -4.08 -0.52
0.00015084 -4.08 -0.5
0.00015088 -4.08 -0.5
0.00015092 -4.16 -0.5
0.00015096 -4.16 -0.5
0.000151 -4.24 -0.48
0.00015104 -4.4 -0.5
0.00015108 -4.4 -0.48
0.00015112 -4.4 -0.48
0.00015116 -4.56 -0.48
0.0001512 -4.56 -0.48
0.00015124 -4.56 -0.48
0.00015128 -4.72 -0.48
0.00015132 -4.72 -0.46
0.00015136 -4.8 -0.48
0.0001514 -4.8 -0.46
0.00015144 -4.88 -0.48
0.00015148 -4.88 -0.46
0.00015152 -4.96 -0.46
0.00015156 -5.04 -0.44
0.0001516 -5.04 -0.44
0.00015164 -5.12 -0.46
0.00015168 -5.12 -0.44
0.00015172 -5.2 -0.44
0.00015176 -5.2 -0.42
0.0001518 -5.2 -0.46
0.00015184 -5.2 -0.42
0.00015188 -5.36 -0.42
0.00015192 -5.36 -0.42
0.00015196 -5.36 -0.42
0.000152 -5.44 -0.4
0.00015204 -5.44 -0.4
0.00015208 -5.44 -0.4
0.00015212 -5.52 -0.4
0.00015216 -5.52 -0.4
0.0001522 -5.52 -0.38
0.00015224 -5.68 -0.38
0.00015228 -5.68 -0.38
0.00015232 -5.68 -0.36
0.00015236 -5.68 -0.38
0.0001524 -5.76 -0.34
0.00015244 -5.68 -0.34
0.00015248 -5.76 -0.34
0.00015252 -5.76 -0.34
0.00015256 -5.84 -0.34
0.0001526 -5.84 -0.32
0.00015264 -5.92 -0.32
0.00015268 -5.84 -0.32
0.00015272 -5.84 -0.32
0.00015276 -5.92 -0.32
0.0001528 -6 -0.32
0.00015284 -6 -0.3
0.00015288 -6 -0.32
0.00015292 -6.08 -0.3
0.00015296 -6 -0.3
0.000153 -6.08 -0.28
0.00015304 -6.08 -0.28
0.00015308 -6.08 -0.26
0.00015312 -6.08 -0.26
0.00015316 -6.16 -0.26
0.0001532 -6.08 -0.24
0.00015324 -6.08 -0.26
0.00015328 -6.08 -0.24
0.00015332 -6.08 -0.22
0.00015336 -6.16 -0.24
0.0001534 -6.16 -0.22
0.00015344 -6.08 -0.22
0.00015348 -6.16 -0.2
0.00015352 -6.16 -0.2
0.00015356 -6.16 -0.2
0.0001536 -6.16 -0.2
0.00015364 -6.16 -0.18
0.00015368 -6.08 -0.18
0.00015372 -6.08 -0.16
0.00015376 -6.16 -0.16
0.0001538 -6.08 -0.16
0.00015384 -6 -0.14
0.00015388 -6.08 -0.14
0.00015392 -6.08 -0.16
0.00015396 -6.08 -0.14
0.000154 -6.08 -0.12
0.00015404 -6 -0.12
0.00015408 -6 -0.12
0.00015412 -6 -0.1
0.00015416 -6 -0.1
0.0001542 -6 -0.1
0.00015424 -6 -0.1
0.00015428 -5.92 -0.08
0.00015432 -6 -0.08
0.00015436 -5.84 -0.08
0.0001544 -5.84 -0.06
0.00015444 -5.84 -0.06
0.00015448 -5.84 -0.06
0.00015452 -5.76 -0.04
0.00015456 -5.76 -0.04
0.0001546 -5.76 0
0.00015464 -5.68 0
0.00015468 -5.76 0
0.00015472 -5.68 0
0.00015476 -5.68 0
0.0001548 -5.68 0
0.00015484 -5.6 0.02
0.00015488 -5.52 0.02
0.00015492 -5.52 0.04
0.00015496 -5.52 0.02
0.000155 -5.44 0.04
0.00015504 -5.36 0.04
0.00015508 -5.36 0.06
0.00015512 -5.36 0.06
0.00015516 -5.36 0.08
0.0001552 -5.2 0.08
0.00015524 -5.2 0.08
0.00015528 -5.2 0.1
0.00015532 -5.12 0.08
0.00015536 -5.12 0.1
0.0001554 -5.04 0.1
0.00015544 -5.04 0.12
0.00015548 -4.88 0.12
0.00015552 -4.88 0.12
0.00015556 -4.88 0.14
0.0001556 -4.8 0.14
0.00015564 -4.8 0.14
0.00015568 -4.72 0.16
0.00015572 -4.72 0.16
0.00015576 -4.64 0.18
0.0001558 -4.56 0.18
0.00015584 -4.56 0.18
0.00015588 -4.48 0.18
0.00015592 -4.4 0.18
0.00015596 -4.4 0.18
0.000156 -4.24 0.18
0.00015604 -4.24 0.2
0.00015608 -4.16 0.2
0.00015612 -4.16 0.22
0.00015616 -4.08 0.24
0.0001562 -4.08 0.22
0.00015624 -3.92 0.24
0.00015628 -3.92 0.22
0.00015632 -3.84 0.24
0.00015636 -3.84 0.24
0.0001564 -3.76 0.24
0.00015644 -3.6 0.24
0.00015648 -3.6 0.24
0.00015652 -3.52 0.26
0.00015656 -3.52 0.26
0.0001566 -3.44 0.28
0.00015664 -3.36 0.28
0.00015668 -3.28 0.3
0.00015672 -3.2 0.3
0.00015676 -3.2 0.3
0.0001568 -3.12 0.32
0.00015684 -2.96 0.3
0.00015688 -2.96 0.32
0.00015692 -2.88 0.3
0.00015696 -2.8 0.32
0.000157 -2.8 0.32
0.00015704 -2.64 0.32
0.00015708 -2.56 0.32
0.00015712 -2.56 0.34
0.00015716 -2.48 0.32
0.0001572 -2.32 0.34
0.00015724 -2.24 0.34
0.00015728 -2.24 0.36
0.00015732 -2.16 0.36
0.00015736 -2 0.36
0.0001574 -2 0.38
0.00015744 -2 0.36
0.00015748 -1.92 0.36
0.00015752 -1.84 0.38
0.00015756 -1.68 0.38
0.0001576 -1.6 0.38
0.00015764 -1.52 0.38
0.00015768 -1.52 0.4
0.00015772 -1.36 0.4
0.00015776 -1.36 0.4
0.0001578 -1.28 0.4
0.00015784 -1.2 0.4
0.00015788 -1.04 0.4
0.00015792 -1.04 0.42
0.00015796 -0.96 0.4
0.000158 -0.88 0.4
0.00015804 -0.88 0.42
0.00015808 -0.72 0.42
0.00015812 -0.72 0.42
0.00015816 -0.56 0.42
0.0001582 -0.48 0.42
0.00015824 -0.4 0.42
0.00015828 -0.4 0.42
0.00015832 -0.32 0.42
0.00015836 -0.24 0.44
0.0001584 0 0.44
0.00015844 0.08 0.46
0.00015848 0.08 0.42
0.00015852 0.16 0.44
0.00015856 0.32 0.44
0.0001586 0.4 0.46
0.00015864 0.48 0.44
0.00015868 0.48 0.44
0.00015872 0.64 0.44
0.00015876 0.64 0.44
0.0001588 0.72 0.44
0.00015884 0.8 0.44
0.00015888 0.96 0.44
0.00015892 0.96 0.44
0.00015896 1.04 0.46
0.000159 1.2 0.46
0.00015904 1.28 0.46
0.00015908 1.28 0.46
0.00015912 1.36 0.46
0.00015916 1.44 0.46
0.0001592 1.6 0.46
0.00015924 1.6 0.44
0.00015928 1.6 0.48
0.00015932 1.76 0.46
0.00015936 1.76 0.48
0.0001594 1.84 0.44
0.00015944 1.92 0.46
0.00015948 2 0.46
0.00015952 2.08 0.46
0.00015956 2.16 0.46
0.0001596 2.24 0.46
0.00015964 2.32 0.46
0.00015968 2.4 0.48
0.00015972 2.4 0.46
0.00015976 2.48 0.44
0.0001598 2.56 0.44
0.00015984 2.56 0.46
0.00015988 2.64 0.44
0.00015992 2.88 0.44
0.00015996 2.88 0.44
