0 4.48 0.44
4e-08 4.48 0.44
8e-08 -4.88 0
1.2e-07 -4.96 0
1.6e-07 -5.04 -0.04
2e-07 -5.04 -0.04
2.4e-07 -5.12 -0.06
2.8e-07 -5.2 -0.08
3.2e-07 -5.2 -0.08
3.6e-07 -5.2 -0.08
4e-07 -5.36 -0.08
4.4e-07 -5.36 -0.1
4.8e-07 -5.44 -0.1
5.2e-07 -5.44 -0.1
5.6e-07 -5.52 -0.12
6e-07 -5.52 -0.12
6.4e-07 -5.52 -0.16
6.8e-07 -5.6 -0.14
7.2e-07 -5.68 -0.16
7.6e-07 -5.68 -0.16
8e-07 -5.76 -0.18
8.4e-07 -5.76 -0.18
8.8e-07 -5.84 -0.18
9.2e-07 -5.84 -0.22
9.6e-07 -5.84 -0.22
1e-06 -5.84 -0.22
1.04e-06 -5.84 -0.22
1.08e-06 -5.92 -0.24
1.12e-06 -5.92 -0.24
1.16e-06 -6 -0.24
1.2e-06 -6 -0.24
1.24e-06 -6 -0.26
1.28e-06 -6.08 -0.28
1.32e-06 -6 -0.28
1.36e-06 -6 -0.3
1.4e-06 -6.08 -0.28
1.44e-06 -6.08 -0.3
1.48e-06 -6.08 -0.3
1.52e-06 -6.08 -0.32
1.56e-06 -6.08 -0.3
1.6e-06 -6.08 -0.32
1.64e-06 -6.08 -0.34
1.68e-06 -6.08 -0.34
1.72e-06 -6.08 -0.34
1.76e-06 -6.08 -0.34
1.8e-06 -6.08 -0.38
1.84e-06 -6 -0.38
1.88e-06 -6 -0.38
1.92e-06 -6 -0.38
1.96e-06 -6.08 -0.38
2e-06 -6 -0.4
2.04e-06 -6 -0.4
2.08e-06 -6 -0.4
2.12e-06 -5.84 -0.4
2.16e-06 -5.92 -0.42
2.2e-06 -5.84 -0.42
2.24e-06 -5.84 -0.42
2.28e-06 -5.84 -0.42
2.32e-06 -5.76 -0.44
2.36e-06 -5.68 -0.44
2.4e-06 -5.76 -0.46
2.44e-06 -5.68 -0.46
2.48e-06 -5.68 -0.46
2.52e-06 -5.6 -0.48
2.56e-06 -5.52 -0.48
2.6e-06 -5.52 -0.48
2.64e-06 -5.44 -0.46
2.68e-06 -5.52 -0.48
2.72e-06 -5.44 -0.5
2.76e-06 -5.36 -0.5
2.8e-06 -5.28 -0.5
2.84e-06 -5.2 -0.5
2.88e-06 -5.2 -0.5
2.92e-06 -5.2 -0.5
2.96e-06 -5.12 -0.5
3e-06 -5.04 -0.5
3.04e-06 -5.04 -0.52
3.08e-06 -4.88 -0.54
3.12e-06 -4.88 -0.5
3.16e-06 -4.8 -0.52
3.2e-06 -4.8 -0.54
3.24e-06 -4.72 -0.54
3.28e-06 -4.72 -0.54
3.32e-06 -4.56 -0.5
3.36e-06 -4.48 -0.52
3.4e-06 -4.4 -0.54
3.44e-06 -4.4 -0.54
3.48e-06 -4.24 -0.54
3.52e-06 -4.24 -0.54
3.56e-06 -4.08 -0.56
3.6e-06 -4.08 -0.56
3.64e-06 -3.92 -0.56
3.68e-06 -3.92 -0.56
3.72e-06 -3.84 -0.56
3.76e-06 -3.76 -0.56
3.8e-06 -3.6 -0.56
3.84e-06 -3.6 -0.54
3.88e-06 -3.52 -0.54
3.92e-06 -3.44 -0.56
3.96e-06 -3.36 -0.56
4e-06 -3.28 -0.54
4.04e-06 -3.2 -0.56
4.08e-06 -3.12 -0.54
4.12e-06 -2.96 -0.56
4.16e-06 -2.96 -0.56
4.2e-06 -2.8 -0.56
4.24e-06 -2.72 -0.56
4.28e-06 -2.64 -0.56
4.32e-06 -2.56 -0.56
4.36e-06 -2.48 -0.54
4.4e-06 -2.32 -0.54
4.44e-06 -2.32 -0.54
4.48e-06 -2.16 -0.54
4.52e-06 -2.08 -0.54
4.56e-06 -2 -0.54
4.6e-06 -1.84 -0.54
4.64e-06 -1.84 -0.54
4.68e-06 -1.68 -0.54
4.72e-06 -1.52 -0.54
4.76e-06 -1.52 -0.54
4.8e-06 -1.36 -0.54
4.84e-06 -1.36 -0.52
4.88e-06 -1.2 -0.5
4.92e-06 -1.04 -0.5
4.96e-06 -1.04 -0.5
5e-06 -0.96 -0.52
5.04e-06 -0.8 -0.5
5.08e-06 -0.72 -0.5
5.12e-06 -0.56 -0.48
5.16e-06 -0.48 -0.5
5.2e-06 -0.4 -0.48
5.24e-06 -0.24 -0.48
5.28e-06 -0.16 -0.48
5.32e-06 0 -0.46
5.36e-06 0.08 -0.46
5.4e-06 0.16 -0.46
5.44e-06 0.32 -0.46
5.48e-06 0.4 -0.44
5.52e-06 0.48 -0.46
5.56e-06 0.64 -0.46
5.6e-06 0.72 -0.44
5.64e-06 0.8 -0.42
5.68e-06 0.96 -0.42
5.72e-06 0.96 -0.42
5.76e-06 1.12 -0.42
5.8e-06 1.12 -0.4
5.84e-06 1.28 -0.4
5.88e-06 1.36 -0.4
5.92e-06 1.44 -0.4
5.96e-06 1.6 -0.38
6e-06 1.68 -0.38
6.04e-06 1.76 -0.38
6.08e-06 1.76 -0.36
6.12e-06 2 -0.38
6.16e-06 2.08 -0.36
6.2e-06 2.08 -0.34
6.24e-06 2.24 -0.34
6.28e-06 2.32 -0.34
6.32e-06 2.4 -0.34
6.36e-06 2.56 -0.32
6.4e-06 2.64 -0.32
6.44e-06 2.72 -0.32
6.48e-06 2.88 -0.3
6.52e-06 2.88 -0.3
6.56e-06 2.96 -0.28
6.6e-06 3.04 -0.3
6.64e-06 3.12 -0.26
6.68e-06 3.28 -0.26
6.72e-06 3.36 -0.24
6.76e-06 3.36 -0.26
6.8e-06 3.52 -0.24
6.84e-06 3.6 -0.22
6.88e-06 3.6 -0.2
6.92e-06 3.84 -0.22
6.96e-06 3.84 -0.2
7e-06 3.92 -0.22
7.04e-06 3.92 -0.18
7.08e-06 4 -0.18
7.12e-06 4.16 -0.16
7.16e-06 4.16 -0.18
7.2e-06 4.24 -0.16
7.24e-06 4.32 -0.14
7.28e-06 4.4 -0.14
7.32e-06 4.48 -0.12
7.36e-06 4.56 -0.12
7.4e-06 4.64 -0.1
7.44e-06 4.72 -0.1
7.48e-06 4.8 -0.1
7.52e-06 4.8 -0.1
7.56e-06 4.88 -0.08
7.6e-06 4.88 -0.08
7.64e-06 4.96 -0.06
7.68e-06 5.04 -0.06
7.72e-06 5.12 -0.06
7.76e-06 5.12 -0.04
7.8e-06 5.2 0
7.84e-06 5.2 -0.04
7.88e-06 5.28 0
7.92e-06 5.36 0
7.96e-06 5.36 0.02
8e-06 5.44 0.02
8.04e-06 5.44 0.02
8.08e-06 5.52 0.04
8.12e-06 5.52 0.06
8.16e-06 5.52 0.04
8.2e-06 5.6 0.06
8.24e-06 5.68 0.06
8.28e-06 5.6 0.08
8.32e-06 5.68 0.08
8.36e-06 5.76 0.08
8.4e-06 5.76 0.1
8.44e-06 5.76 0.1
8.48e-06 5.76 0.12
8.52e-06 5.76 0.12
8.56e-06 5.84 0.12
8.6e-06 5.84 0.14
8.64e-06 5.84 0.16
8.68e-06 5.92 0.16
8.72e-06 5.92 0.16
8.76e-06 5.92 0.16
8.8e-06 5.92 0.18
8.84e-06 5.92 0.2
8.88e-06 6 0.18
8.92e-06 5.92 0.18
8.96e-06 6 0.22
9e-06 6 0.22
9.04e-06 6.08 0.24
9.08e-06 6 0.24
9.12e-06 6.08 0.24
9.16e-06 5.92 0.26
9.2e-06 6 0.26
9.24e-06 6 0.24
9.28e-06 5.92 0.26
9.32e-06 5.92 0.26
9.36e-06 5.92 0.28
9.4e-06 5.92 0.28
9.44e-06 5.92 0.28
9.48e-06 5.92 0.3
9.52e-06 5.84 0.3
9.56e-06 5.84 0.3
9.6e-06 5.84 0.32
9.64e-06 5.84 0.32
9.68e-06 5.76 0.34
9.72e-06 5.76 0.32
9.76e-06 5.76 0.32
9.8e-06 5.68 0.34
9.84e-06 5.6 0.34
9.88e-06 5.6 0.36
9.92e-06 5.6 0.36
9.96e-06 5.52 0.36
1e-05 5.52 0.36
1.004e-05 5.44 0.36
1.008e-05 5.44 0.38
1.012e-05 5.44 0.38
1.016e-05 5.44 0.38
1.02e-05 5.28 0.4
1.024e-05 5.28 0.4
1.028e-05 5.2 0.4
1.032e-05 5.12 0.4
1.036e-05 5.12 0.4
1.04e-05 5.04 0.44
1.044e-05 5.04 0.42
1.048e-05 4.96 0.4
1.052e-05 4.88 0.4
1.056e-05 4.8 0.42
1.06e-05 4.8 0.42
1.064e-05 4.8 0.42
1.068e-05 4.64 0.42
1.072e-05 4.56 0.44
1.076e-05 4.48 0.44
1.08e-05 4.48 0.42
1.084e-05 4.4 0.44
1.088e-05 4.24 0.44
1.092e-05 4.24 0.44
1.096e-05 4.16 0.44
1.1e-05 4 0.44
1.104e-05 4 0.44
1.108e-05 3.92 0.46
1.112e-05 3.84 0.46
1.116e-05 3.84 0.44
1.12e-05 3.68 0.44
1.124e-05 3.6 0.46
1.128e-05 3.6 0.44
1.132e-05 3.52 0.46
1.136e-05 3.36 0.44
1.14e-05 3.28 0.44
1.144e-05 3.2 0.44
1.148e-05 3.2 0.46
1.152e-05 3.04 0.46
1.156e-05 2.96 0.44
1.16e-05 2.88 0.46
1.164e-05 2.72 0.46
1.168e-05 2.72 0.44
1.172e-05 2.56 0.44
1.176e-05 2.56 0.44
1.18e-05 2.4 0.44
1.184e-05 2.32 0.44
1.188e-05 2.24 0.44
1.192e-05 2.08 0.44
1.196e-05 2.08 0.44
1.2e-05 1.92 0.44
1.204e-05 1.84 0.44
1.208e-05 1.76 0.44
1.212e-05 1.6 0.42
1.216e-05 1.6 0.42
1.22e-05 1.44 0.42
1.224e-05 1.36 0.42
1.228e-05 1.28 0.4
1.232e-05 1.2 0.42
1.236e-05 1.04 0.42
1.24e-05 0.96 0.4
1.244e-05 0.96 0.4
1.248e-05 0.8 0.4
1.252e-05 0.64 0.4
1.256e-05 0.56 0.4
1.26e-05 0.48 0.4
1.264e-05 0.32 0.4
1.268e-05 0.32 0.36
1.272e-05 0.16 0.38
1.276e-05 0.08 0.38
1.28e-05 0 0.36
1.284e-05 -0.24 0.36
1.288e-05 -0.32 0.34
1.292e-05 -0.4 0.36
1.296e-05 -0.56 0.34
1.3e-05 -0.64 0.36
1.304e-05 -0.72 0.34
1.308e-05 -0.88 0.34
1.312e-05 -0.96 0.32
1.316e-05 -1.04 0.32
1.32e-05 -1.2 0.32
1.324e-05 -1.28 0.32
1.328e-05 -1.28 0.32
1.332e-05 -1.36 0.3
1.336e-05 -1.52 0.28
1.34e-05 -1.68 0.3
1.344e-05 -1.68 0.28
1.348e-05 -1.84 0.28
1.352e-05 -1.92 0.26
1.356e-05 -2 0.28
1.36e-05 -2.16 0.26
1.364e-05 -2.24 0.26
1.368e-05 -2.32 0.24
1.372e-05 -2.4 0.24
1.376e-05 -2.48 0.26
1.38e-05 -2.56 0.24
1.384e-05 -2.64 0.22
1.388e-05 -2.8 0.22
1.392e-05 -2.88 0.2
1.396e-05 -2.96 0.2
1.4e-05 -3.04 0.18
1.404e-05 -3.12 0.18
1.408e-05 -3.2 0.18
1.412e-05 -3.28 0.18
1.416e-05 -3.44 0.16
1.42e-05 -3.52 0.16
1.424e-05 -3.52 0.14
1.428e-05 -3.6 0.14
1.432e-05 -3.68 0.14
1.436e-05 -3.76 0.12
1.44e-05 -3.84 0.1
1.444e-05 -3.92 0.1
1.448e-05 -4 0.1
1.452e-05 -4.08 0.08
1.456e-05 -4.16 0.08
1.46e-05 -4.24 0.08
1.464e-05 -4.32 0.06
1.468e-05 -4.4 0.06
1.472e-05 -4.48 0.04
1.476e-05 -4.56 0.06
1.48e-05 -4.56 0.04
1.484e-05 -4.64 0.04
1.488e-05 -4.72 0
1.492e-05 -4.8 0
1.496e-05 -4.8 0
1.5e-05 -4.88 0.02
1.504e-05 -4.88 0
1.508e-05 -5.04 -0.06
1.512e-05 -5.04 -0.06
1.516e-05 -5.12 -0.04
1.52e-05 -5.2 -0.06
1.524e-05 -5.2 -0.08
1.528e-05 -5.28 -0.08
1.532e-05 -5.28 -0.1
1.536e-05 -5.36 -0.08
1.54e-05 -5.36 -0.1
1.544e-05 -5.44 -0.12
1.548e-05 -5.52 -0.12
1.552e-05 -5.52 -0.14
1.556e-05 -5.6 -0.16
1.56e-05 -5.68 -0.14
1.564e-05 -5.68 -0.16
1.568e-05 -5.68 -0.16
1.572e-05 -5.76 -0.18
1.576e-05 -5.76 -0.18
1.58e-05 -5.84 -0.2
1.584e-05 -5.84 -0.2
1.588e-05 -5.84 -0.2
1.592e-05 -5.84 -0.22
1.596e-05 -5.84 -0.24
1.6e-05 -5.92 -0.24
1.604e-05 -6 -0.22
1.608e-05 -6 -0.24
1.612e-05 -6 -0.26
1.616e-05 -6 -0.26
1.62e-05 -6 -0.26
1.624e-05 -6.08 -0.26
1.628e-05 -6.08 -0.3
1.632e-05 -6 -0.3
1.636e-05 -6.08 -0.3
1.64e-05 -6.08 -0.3
1.644e-05 -6.08 -0.3
1.648e-05 -6.16 -0.32
1.652e-05 -6.08 -0.32
1.656e-05 -6.08 -0.32
1.66e-05 -6.08 -0.34
1.664e-05 -6.08 -0.34
1.668e-05 -6 -0.36
1.672e-05 -6 -0.36
1.676e-05 -6.08 -0.36
1.68e-05 -6.08 -0.36
1.684e-05 -6.08 -0.38
1.688e-05 -6 -0.4
1.692e-05 -6 -0.4
1.696e-05 -6 -0.4
1.7e-05 -5.92 -0.4
1.704e-05 -6 -0.42
1.708e-05 -5.92 -0.42
1.712e-05 -5.84 -0.4
1.716e-05 -5.84 -0.42
1.72e-05 -5.84 -0.42
1.724e-05 -5.84 -0.46
1.728e-05 -5.76 -0.42
1.732e-05 -5.68 -0.44
1.736e-05 -5.68 -0.46
1.74e-05 -5.68 -0.46
1.744e-05 -5.6 -0.46
1.748e-05 -5.52 -0.48
1.752e-05 -5.52 -0.48
1.756e-05 -5.52 -0.48
1.76e-05 -5.44 -0.48
1.764e-05 -5.36 -0.48
1.768e-05 -5.36 -0.48
1.772e-05 -5.36 -0.5
1.776e-05 -5.2 -0.5
1.78e-05 -5.2 -0.5
1.784e-05 -5.12 -0.5
1.788e-05 -5.12 -0.5
1.792e-05 -5.12 -0.5
1.796e-05 -5.04 -0.52
1.8e-05 -4.88 -0.52
1.804e-05 -4.88 -0.5
1.808e-05 -4.8 -0.54
1.812e-05 -4.8 -0.54
1.816e-05 -4.8 -0.52
1.82e-05 -4.72 -0.52
1.824e-05 -4.56 -0.54
1.828e-05 -4.48 -0.54
1.832e-05 -4.4 -0.54
1.836e-05 -4.4 -0.54
1.84e-05 -4.24 -0.56
1.844e-05 -4.24 -0.54
1.848e-05 -4.16 -0.54
1.852e-05 -4.08 -0.54
1.856e-05 -3.92 -0.54
1.86e-05 -3.92 -0.54
1.864e-05 -3.84 -0.56
1.868e-05 -3.76 -0.56
1.872e-05 -3.6 -0.56
1.876e-05 -3.6 -0.54
1.88e-05 -3.52 -0.56
1.884e-05 -3.44 -0.56
1.888e-05 -3.28 -0.54
1.892e-05 -3.28 -0.56
1.896e-05 -3.2 -0.56
1.9e-05 -3.04 -0.56
1.904e-05 -2.96 -0.56
1.908e-05 -2.96 -0.56
1.912e-05 -2.8 -0.56
1.916e-05 -2.72 -0.56
1.92e-05 -2.64 -0.54
1.924e-05 -2.56 -0.54
1.928e-05 -2.48 -0.56
1.932e-05 -2.32 -0.56
1.936e-05 -2.32 -0.54
1.94e-05 -2.16 -0.56
1.944e-05 -2 -0.54
1.948e-05 -2 -0.54
1.952e-05 -1.92 -0.54
1.956e-05 -1.76 -0.52
1.96e-05 -1.68 -0.54
1.964e-05 -1.6 -0.54
1.968e-05 -1.52 -0.54
1.972e-05 -1.36 -0.54
1.976e-05 -1.36 -0.54
1.98e-05 -1.2 -0.52
1.984e-05 -1.04 -0.52
1.988e-05 -1.04 -0.52
1.992e-05 -0.88 -0.5
1.996e-05 -0.8 -0.5
2e-05 -0.72 -0.5
2.004e-05 -0.64 -0.5
2.008e-05 -0.48 -0.5
2.012e-05 -0.4 -0.48
2.016e-05 -0.32 -0.48
2.02e-05 -0.24 -0.48
2.024e-05 0 -0.48
2.028e-05 0.08 -0.46
2.032e-05 0.16 -0.48
2.036e-05 0.24 -0.48
2.04e-05 0.4 -0.48
2.044e-05 0.48 -0.44
2.048e-05 0.64 -0.46
2.052e-05 0.72 -0.44
2.056e-05 0.8 -0.44
2.06e-05 0.88 -0.44
2.064e-05 0.96 -0.42
2.068e-05 1.12 -0.4
2.072e-05 1.12 -0.42
2.076e-05 1.28 -0.42
2.08e-05 1.36 -0.4
2.084e-05 1.52 -0.4
2.088e-05 1.6 -0.4
2.092e-05 1.68 -0.4
2.096e-05 1.76 -0.38
2.1e-05 1.84 -0.38
2.104e-05 1.92 -0.34
2.108e-05 2 -0.36
2.112e-05 2.16 -0.34
2.116e-05 2.24 -0.34
2.12e-05 2.32 -0.32
2.124e-05 2.48 -0.34
2.128e-05 2.56 -0.32
2.132e-05 2.64 -0.34
2.136e-05 2.72 -0.3
2.14e-05 2.8 -0.3
2.144e-05 2.88 -0.3
2.148e-05 2.96 -0.28
2.152e-05 3.04 -0.26
2.156e-05 3.2 -0.26
2.16e-05 3.2 -0.26
2.164e-05 3.28 -0.26
2.168e-05 3.36 -0.24
2.172e-05 3.52 -0.24
2.176e-05 3.6 -0.22
2.18e-05 3.68 -0.22
2.184e-05 3.76 -0.22
2.188e-05 3.84 -0.22
2.192e-05 3.92 -0.2
2.196e-05 4 -0.2
2.2e-05 4 -0.18
2.204e-05 4.16 -0.16
2.208e-05 4.24 -0.16
2.212e-05 4.24 -0.16
2.216e-05 4.32 -0.16
2.22e-05 4.4 -0.14
2.224e-05 4.48 -0.14
2.228e-05 4.48 -0.12
2.232e-05 4.64 -0.12
2.236e-05 4.72 -0.1
2.24e-05 4.64 -0.08
2.244e-05 4.88 -0.08
2.248e-05 4.8 -0.08
2.252e-05 4.88 -0.08
2.256e-05 4.96 -0.08
2.26e-05 4.96 -0.06
2.264e-05 5.12 -0.06
2.268e-05 5.12 -0.04
2.272e-05 5.12 -0.04
2.276e-05 5.2 0
2.28e-05 5.2 0
2.284e-05 5.36 0
2.288e-05 5.36 0.02
2.292e-05 5.44 0.02
2.296e-05 5.44 0.04
2.3e-05 5.44 0.04
2.304e-05 5.52 0.04
2.308e-05 5.52 0.06
2.312e-05 5.6 0.08
2.316e-05 5.6 0.08
2.32e-05 5.6 0.06
2.324e-05 5.68 0.08
2.328e-05 5.76 0.1
2.332e-05 5.76 0.1
2.336e-05 5.76 0.12
2.34e-05 5.84 0.12
2.344e-05 5.84 0.14
2.348e-05 5.84 0.14
2.352e-05 5.84 0.14
2.356e-05 5.92 0.16
2.36e-05 5.92 0.16
2.364e-05 5.92 0.18
2.368e-05 5.92 0.18
2.372e-05 5.92 0.18
2.376e-05 5.92 0.18
2.38e-05 6 0.18
2.384e-05 5.92 0.2
2.388e-05 6 0.2
2.392e-05 5.92 0.2
2.396e-05 5.92 0.24
2.4e-05 5.92 0.24
2.404e-05 6 0.24
2.408e-05 5.92 0.24
2.412e-05 6 0.26
2.416e-05 5.92 0.26
2.42e-05 5.92 0.28
2.424e-05 5.92 0.26
2.428e-05 5.92 0.28
2.432e-05 5.92 0.28
2.436e-05 5.92 0.3
2.44e-05 5.92 0.32
2.444e-05 5.84 0.3
2.448e-05 5.84 0.3
2.452e-05 5.84 0.32
2.456e-05 5.84 0.32
2.46e-05 5.76 0.34
2.464e-05 5.76 0.34
2.468e-05 5.76 0.34
2.472e-05 5.68 0.34
2.476e-05 5.76 0.36
2.48e-05 5.6 0.34
2.484e-05 5.6 0.34
2.488e-05 5.6 0.36
2.492e-05 5.52 0.36
2.496e-05 5.44 0.38
2.5e-05 5.44 0.36
2.504e-05 5.44 0.38
2.508e-05 5.36 0.38
2.512e-05 5.28 0.4
2.516e-05 5.28 0.38
2.52e-05 5.2 0.4
2.524e-05 5.2 0.4
2.528e-05 5.12 0.42
2.532e-05 5.04 0.4
2.536e-05 5.12 0.4
2.54e-05 4.96 0.4
2.544e-05 4.96 0.42
2.548e-05 4.8 0.42
2.552e-05 4.8 0.42
2.556e-05 4.8 0.42
2.56e-05 4.64 0.42
2.564e-05 4.64 0.42
2.568e-05 4.56 0.42
2.572e-05 4.48 0.44
2.576e-05 4.32 0.42
2.58e-05 4.32 0.46
2.584e-05 4.24 0.44
2.588e-05 4.16 0.44
2.592e-05 4.16 0.44
2.596e-05 4 0.44
2.6e-05 3.92 0.46
2.604e-05 3.84 0.44
2.608e-05 3.84 0.44
2.612e-05 3.68 0.46
2.616e-05 3.6 0.46
2.62e-05 3.52 0.48
2.624e-05 3.52 0.46
2.628e-05 3.44 0.44
2.632e-05 3.28 0.46
2.636e-05 3.2 0.44
2.64e-05 3.2 0.46
2.644e-05 3.04 0.44
2.648e-05 2.96 0.46
2.652e-05 2.88 0.44
2.656e-05 2.88 0.44
2.66e-05 2.72 0.44
2.664e-05 2.56 0.46
2.668e-05 2.56 0.44
2.672e-05 2.4 0.44
2.676e-05 2.32 0.44
2.68e-05 2.24 0.44
2.684e-05 2.16 0.44
2.688e-05 2.08 0.44
2.692e-05 1.92 0.42
2.696e-05 1.84 0.44
2.7e-05 1.76 0.44
2.704e-05 1.68 0.46
2.708e-05 1.6 0.42
2.712e-05 1.44 0.42
2.716e-05 1.44 0.42
2.72e-05 1.28 0.42
2.724e-05 1.12 0.42
2.728e-05 1.04 0.4
2.732e-05 0.96 0.4
2.736e-05 0.8 0.4
2.74e-05 0.8 0.42
2.744e-05 0.64 0.4
2.748e-05 0.56 0.4
2.752e-05 0.48 0.4
2.756e-05 0.32 0.4
2.76e-05 0.32 0.4
2.764e-05 0.16 0.4
2.768e-05 0.08 0.38
2.772e-05 0 0.38
2.776e-05 -0.24 0.36
2.78e-05 -0.32 0.36
2.784e-05 -0.4 0.34
2.788e-05 -0.56 0.36
2.792e-05 -0.64 0.36
2.796e-05 -0.72 0.34
2.8e-05 -0.8 0.34
2.804e-05 -0.96 0.32
2.808e-05 -1.04 0.34
2.812e-05 -1.12 0.34
2.816e-05 -1.2 0.32
2.82e-05 -1.36 0.32
2.824e-05 -1.36 0.3
2.828e-05 -1.52 0.3
2.832e-05 -1.6 0.28
2.836e-05 -1.68 0.28
2.84e-05 -1.84 0.28
2.844e-05 -1.92 0.28
2.848e-05 -2 0.26
2.852e-05 -2.16 0.24
2.856e-05 -2.24 0.26
2.86e-05 -2.24 0.26
2.864e-05 -2.32 0.24
2.868e-05 -2.48 0.24
2.872e-05 -2.56 0.22
2.876e-05 -2.64 0.22
2.88e-05 -2.72 0.22
2.884e-05 -2.8 0.2
2.888e-05 -2.96 0.2
2.892e-05 -2.96 0.16
2.896e-05 -3.12 0.18
2.9e-05 -3.2 0.18
2.904e-05 -3.28 0.18
2.908e-05 -3.36 0.16
2.912e-05 -3.44 0.16
2.916e-05 -3.52 0.14
2.92e-05 -3.6 0.16
2.924e-05 -3.6 0.14
2.928e-05 -3.76 0.12
2.932e-05 -3.84 0.12
2.936e-05 -3.92 0.1
2.94e-05 -4 0.1
2.944e-05 -4.08 0.08
2.948e-05 -4.16 0.08
2.952e-05 -4.24 0.08
2.956e-05 -4.24 0.04
2.96e-05 -4.4 0.04
2.964e-05 -4.48 0.06
2.968e-05 -4.48 0.06
2.972e-05 -4.56 0.04
2.976e-05 -4.64 0.02
2.98e-05 -4.72 0.02
2.984e-05 -4.8 0.02
2.988e-05 -4.88 0
2.992e-05 -4.88 0
2.996e-05 -4.96 0
3e-05 -5.04 0
3.004e-05 -5.12 -0.04
3.008e-05 -5.12 -0.06
3.012e-05 -5.2 -0.08
3.016e-05 -5.2 -0.08
3.02e-05 -5.28 -0.08
3.024e-05 -5.36 -0.08
3.028e-05 -5.36 -0.1
3.032e-05 -5.44 -0.1
3.036e-05 -5.44 -0.1
3.04e-05 -5.52 -0.12
3.044e-05 -5.52 -0.14
3.048e-05 -5.52 -0.12
3.052e-05 -5.6 -0.16
3.056e-05 -5.68 -0.14
3.06e-05 -5.68 -0.16
3.064e-05 -5.76 -0.18
3.068e-05 -5.76 -0.18
3.072e-05 -5.76 -0.18
3.076e-05 -5.84 -0.2
3.08e-05 -5.84 -0.22
3.084e-05 -5.84 -0.2
3.088e-05 -5.92 -0.22
3.092e-05 -6 -0.22
3.096e-05 -6 -0.22
3.1e-05 -6 -0.24
3.104e-05 -6 -0.24
3.108e-05 -6 -0.26
3.112e-05 -6.08 -0.26
3.116e-05 -6 -0.26
3.12e-05 -6.08 -0.28
3.124e-05 -6.08 -0.28
3.128e-05 -6.08 -0.3
3.132e-05 -6.08 -0.3
3.136e-05 -6.08 -0.3
3.14e-05 -6.08 -0.32
3.144e-05 -6.16 -0.32
3.148e-05 -6.08 -0.32
3.152e-05 -6.08 -0.34
3.156e-05 -6.08 -0.34
3.16e-05 -6.08 -0.34
3.164e-05 -6.08 -0.34
3.168e-05 -6.08 -0.36
3.172e-05 -6.08 -0.38
3.176e-05 -6 -0.38
3.18e-05 -6.08 -0.38
3.184e-05 -6 -0.38
3.188e-05 -6 -0.4
3.192e-05 -6 -0.4
3.196e-05 -5.92 -0.42
3.2e-05 -5.84 -0.4
3.204e-05 -5.84 -0.42
3.208e-05 -5.84 -0.42
3.212e-05 -5.84 -0.42
3.216e-05 -5.76 -0.42
3.22e-05 -5.76 -0.44
3.224e-05 -5.76 -0.46
3.228e-05 -5.68 -0.46
3.232e-05 -5.68 -0.46
3.236e-05 -5.52 -0.48
3.24e-05 -5.6 -0.48
3.244e-05 -5.52 -0.48
3.248e-05 -5.52 -0.48
3.252e-05 -5.52 -0.46
3.256e-05 -5.36 -0.46
3.26e-05 -5.36 -0.5
3.264e-05 -5.36 -0.48
3.268e-05 -5.2 -0.48
3.272e-05 -5.2 -0.5
3.276e-05 -5.2 -0.5
3.28e-05 -5.12 -0.5
3.284e-05 -5.04 -0.5
3.288e-05 -5.04 -0.5
3.292e-05 -4.88 -0.52
3.296e-05 -4.88 -0.52
3.3e-05 -4.8 -0.52
3.304e-05 -4.8 -0.52
3.308e-05 -4.72 -0.54
3.312e-05 -4.72 -0.54
3.316e-05 -4.56 -0.54
3.32e-05 -4.56 -0.54
3.324e-05 -4.48 -0.52
3.328e-05 -4.4 -0.54
3.332e-05 -4.24 -0.54
3.336e-05 -4.24 -0.56
3.34e-05 -4.16 -0.54
3.344e-05 -4.08 -0.54
3.348e-05 -4 -0.56
3.352e-05 -3.92 -0.56
3.356e-05 -3.84 -0.56
3.36e-05 -3.84 -0.54
3.364e-05 -3.76 -0.56
3.368e-05 -3.6 -0.56
3.372e-05 -3.6 -0.56
3.376e-05 -3.44 -0.54
3.38e-05 -3.44 -0.54
3.384e-05 -3.28 -0.56
3.388e-05 -3.2 -0.54
3.392e-05 -3.12 -0.56
3.396e-05 -2.96 -0.56
3.4e-05 -2.96 -0.56
3.404e-05 -2.88 -0.56
3.408e-05 -2.8 -0.54
3.412e-05 -2.64 -0.54
3.416e-05 -2.56 -0.54
3.42e-05 -2.48 -0.56
3.424e-05 -2.32 -0.56
3.428e-05 -2.24 -0.54
3.432e-05 -2.24 -0.54
3.436e-05 -2.16 -0.54
3.44e-05 -2 -0.54
3.444e-05 -1.92 -0.52
3.448e-05 -1.84 -0.5
3.452e-05 -1.68 -0.54
3.456e-05 -1.6 -0.52
3.46e-05 -1.52 -0.54
3.464e-05 -1.44 -0.5
3.468e-05 -1.36 -0.52
3.472e-05 -1.2 -0.52
3.476e-05 -1.04 -0.5
3.48e-05 -1.04 -0.5
3.484e-05 -0.96 -0.5
3.488e-05 -0.8 -0.5
3.492e-05 -0.72 -0.5
3.496e-05 -0.64 -0.5
3.5e-05 -0.56 -0.48
3.504e-05 -0.4 -0.48
3.508e-05 -0.32 -0.5
3.512e-05 -0.16 -0.48
3.516e-05 0 -0.46
3.52e-05 0 -0.48
3.524e-05 0.08 -0.48
3.528e-05 0.32 -0.48
3.532e-05 0.4 -0.46
3.536e-05 0.48 -0.44
3.54e-05 0.56 -0.44
3.544e-05 0.72 -0.44
3.548e-05 0.8 -0.44
3.552e-05 0.96 -0.42
3.556e-05 0.96 -0.42
3.56e-05 1.04 -0.42
3.564e-05 1.2 -0.42
3.568e-05 1.28 -0.4
3.572e-05 1.36 -0.38
3.576e-05 1.44 -0.4
3.58e-05 1.6 -0.4
3.584e-05 1.68 -0.38
3.588e-05 1.68 -0.38
3.592e-05 1.84 -0.38
3.596e-05 1.92 -0.36
3.6e-05 2.08 -0.34
3.604e-05 2.16 -0.34
3.608e-05 2.24 -0.34
3.612e-05 2.32 -0.34
3.616e-05 2.4 -0.34
3.62e-05 2.56 -0.32
3.624e-05 2.56 -0.32
3.628e-05 2.72 -0.3
3.632e-05 2.88 -0.32
3.636e-05 2.88 -0.3
3.64e-05 2.96 -0.28
3.644e-05 3.04 -0.28
3.648e-05 3.2 -0.28
3.652e-05 3.28 -0.28
3.656e-05 3.36 -0.26
3.66e-05 3.36 -0.24
3.664e-05 3.52 -0.24
3.668e-05 3.6 -0.24
3.672e-05 3.6 -0.2
3.676e-05 3.68 -0.22
3.68e-05 3.84 -0.22
3.684e-05 3.84 -0.22
3.688e-05 3.92 -0.18
3.692e-05 4 -0.18
3.696e-05 4.16 -0.18
3.7e-05 4.16 -0.16
3.704e-05 4.24 -0.18
3.708e-05 4.32 -0.14
3.712e-05 4.4 -0.14
3.716e-05 4.48 -0.14
3.72e-05 4.48 -0.12
3.724e-05 4.56 -0.12
3.728e-05 4.64 -0.1
3.732e-05 4.8 -0.1
3.736e-05 4.8 -0.08
3.74e-05 4.8 -0.08
3.744e-05 4.88 -0.08
3.748e-05 4.96 -0.06
3.752e-05 5.04 -0.06
3.756e-05 5.12 -0.06
3.76e-05 5.12 -0.04
3.764e-05 5.12 0
3.768e-05 5.2 0
3.772e-05 5.28 0
3.776e-05 5.36 0
3.78e-05 5.28 0.02
3.784e-05 5.44 0.02
3.788e-05 5.44 0.02
3.792e-05 5.44 0.02
3.796e-05 5.52 0.04
3.8e-05 5.52 0.06
3.804e-05 5.6 0.06
3.808e-05 5.6 0.08
3.812e-05 5.6 0.08
3.816e-05 5.76 0.1
3.82e-05 5.76 0.08
3.824e-05 5.76 0.1
3.828e-05 5.76 0.1
3.832e-05 5.76 0.1
3.836e-05 5.76 0.12
3.84e-05 5.84 0.14
3.844e-05 5.92 0.14
3.848e-05 5.92 0.14
3.852e-05 5.92 0.16
3.856e-05 5.92 0.16
3.86e-05 5.92 0.18
3.864e-05 6 0.18
3.868e-05 5.92 0.2
3.872e-05 5.92 0.2
3.876e-05 5.92 0.18
3.88e-05 6 0.2
3.884e-05 6 0.22
3.888e-05 5.92 0.22
3.892e-05 6.08 0.24
3.896e-05 6 0.22
3.9e-05 5.92 0.24
3.904e-05 6 0.24
3.908e-05 5.92 0.26
3.912e-05 5.92 0.26
3.916e-05 5.92 0.26
3.92e-05 5.92 0.28
3.924e-05 5.92 0.28
3.928e-05 5.92 0.28
3.932e-05 5.84 0.28
3.936e-05 5.84 0.3
3.94e-05 5.84 0.32
3.944e-05 5.84 0.32
3.948e-05 5.76 0.32
3.952e-05 5.84 0.32
3.956e-05 5.76 0.34
3.96e-05 5.76 0.34
3.964e-05 5.76 0.34
3.968e-05 5.68 0.34
3.972e-05 5.6 0.34
3.976e-05 5.6 0.36
3.98e-05 5.6 0.36
3.984e-05 5.52 0.36
3.988e-05 5.44 0.36
3.992e-05 5.44 0.38
3.996e-05 5.44 0.38
4e-05 5.44 0.36
4.004e-05 5.36 0.4
4.008e-05 5.28 0.4
4.012e-05 5.2 0.4
4.016e-05 5.2 0.4
4.02e-05 5.12 0.4
4.024e-05 5.12 0.4
4.028e-05 4.96 0.4
4.032e-05 4.96 0.42
4.036e-05 4.88 0.42
4.04e-05 4.8 0.42
4.044e-05 4.8 0.42
4.048e-05 4.8 0.42
4.052e-05 4.64 0.42
4.056e-05 4.56 0.42
4.06e-05 4.56 0.42
4.064e-05 4.48 0.44
4.068e-05 4.4 0.44
4.072e-05 4.32 0.44
4.076e-05 4.24 0.44
4.08e-05 4.16 0.46
4.084e-05 4.16 0.44
4.088e-05 4 0.44
4.092e-05 3.92 0.44
4.096e-05 3.84 0.44
4.1e-05 3.84 0.46
4.104e-05 3.68 0.46
4.108e-05 3.68 0.46
4.112e-05 3.52 0.46
4.116e-05 3.52 0.44
4.12e-05 3.44 0.46
4.124e-05 3.36 0.44
4.128e-05 3.28 0.46
4.132e-05 3.2 0.44
4.136e-05 3.12 0.46
4.14e-05 3.04 0.44
4.144e-05 2.88 0.46
4.148e-05 2.88 0.46
4.152e-05 2.72 0.44
4.156e-05 2.56 0.44
4.16e-05 2.56 0.44
4.164e-05 2.4 0.44
4.168e-05 2.32 0.44
4.172e-05 2.24 0.44
4.176e-05 2.24 0.44
4.18e-05 2.08 0.44
4.184e-05 1.92 0.44
4.188e-05 1.84 0.44
4.192e-05 1.76 0.42
4.196e-05 1.68 0.42
4.2e-05 1.6 0.42
4.204e-05 1.44 0.44
4.208e-05 1.36 0.42
4.212e-05 1.28 0.42
4.216e-05 1.28 0.4
4.22e-05 1.12 0.42
4.224e-05 0.96 0.42
4.228e-05 0.96 0.4
4.232e-05 0.8 0.4
4.236e-05 0.64 0.4
4.24e-05 0.56 0.4
4.244e-05 0.48 0.4
4.248e-05 0.4 0.36
4.252e-05 0.32 0.38
4.256e-05 0.16 0.38
4.26e-05 0.08 0.4
4.264e-05 0 0.38
4.268e-05 -0.24 0.36
4.272e-05 -0.32 0.36
4.276e-05 -0.4 0.36
4.28e-05 -0.56 0.36
4.284e-05 -0.64 0.34
4.288e-05 -0.72 0.34
4.292e-05 -0.8 0.34
4.296e-05 -0.96 0.34
4.3e-05 -0.96 0.32
4.304e-05 -1.12 0.32
4.308e-05 -1.2 0.32
4.312e-05 -1.28 0.32
4.316e-05 -1.36 0.3
4.32e-05 -1.44 0.3
4.324e-05 -1.6 0.28
4.328e-05 -1.68 0.32
4.332e-05 -1.84 0.3
4.336e-05 -1.84 0.26
4.34e-05 -2 0.28
4.344e-05 -2.16 0.26
4.348e-05 -2.16 0.28
4.352e-05 -2.24 0.26
4.356e-05 -2.32 0.24
4.36e-05 -2.48 0.24
4.364e-05 -2.48 0.24
4.368e-05 -2.64 0.24
4.372e-05 -2.8 0.22
4.376e-05 -2.8 0.2
4.38e-05 -2.96 0.2
4.384e-05 -2.96 0.2
4.388e-05 -3.12 0.18
4.392e-05 -3.2 0.16
4.396e-05 -3.2 0.18
4.4e-05 -3.28 0.16
4.404e-05 -3.44 0.16
4.408e-05 -3.52 0.14
4.412e-05 -3.6 0.14
4.416e-05 -3.76 0.12
4.42e-05 -3.76 0.14
4.424e-05 -3.84 0.12
4.428e-05 -3.92 0.1
4.432e-05 -3.92 0.1
4.436e-05 -4.08 0.1
4.44e-05 -4.16 0.08
4.444e-05 -4.16 0.08
4.448e-05 -4.24 0.04
4.452e-05 -4.24 0.08
4.456e-05 -4.4 0.04
4.46e-05 -4.48 0.06
4.464e-05 -4.56 0.04
4.468e-05 -4.64 0.04
4.472e-05 -4.72 0.02
4.476e-05 -4.8 0.02
4.48e-05 -4.8 0
4.484e-05 -4.88 0
4.488e-05 -4.88 0
4.492e-05 -5.04 -0.04
4.496e-05 -5.12 -0.06
4.5e-05 -5.12 -0.06
4.504e-05 -5.2 -0.06
4.508e-05 -5.2 -0.08
4.512e-05 -5.28 -0.08
4.516e-05 -5.36 -0.1
4.52e-05 -5.36 -0.08
4.524e-05 -5.44 -0.1
4.528e-05 -5.44 -0.1
4.532e-05 -5.52 -0.12
4.536e-05 -5.6 -0.12
4.54e-05 -5.52 -0.14
4.544e-05 -5.52 -0.14
4.548e-05 -5.68 -0.14
4.552e-05 -5.68 -0.16
4.556e-05 -5.76 -0.16
4.56e-05 -5.76 -0.18
4.564e-05 -5.76 -0.18
4.568e-05 -5.84 -0.2
4.572e-05 -5.76 -0.2
4.576e-05 -5.84 -0.22
4.58e-05 -5.84 -0.22
4.584e-05 -5.84 -0.22
4.588e-05 -6 -0.24
4.592e-05 -6 -0.26
4.596e-05 -6 -0.24
4.6e-05 -6 -0.26
4.604e-05 -6 -0.28
4.608e-05 -6 -0.28
4.612e-05 -6 -0.26
4.616e-05 -6.08 -0.28
4.62e-05 -6.08 -0.3
4.624e-05 -6.08 -0.3
4.628e-05 -6.08 -0.3
4.632e-05 -6.08 -0.3
4.636e-05 -6.08 -0.32
4.64e-05 -6 -0.34
4.644e-05 -6.08 -0.34
4.648e-05 -6.08 -0.34
4.652e-05 -6.08 -0.34
4.656e-05 -6 -0.34
4.66e-05 -6.08 -0.36
4.664e-05 -6.08 -0.36
4.668e-05 -6 -0.38
4.672e-05 -6.08 -0.38
4.676e-05 -6 -0.4
4.68e-05 -6 -0.4
4.684e-05 -5.92 -0.4
4.688e-05 -5.92 -0.42
4.692e-05 -5.92 -0.42
4.696e-05 -5.84 -0.42
4.7e-05 -5.84 -0.42
4.704e-05 -5.84 -0.42
4.708e-05 -5.76 -0.44
4.712e-05 -5.76 -0.44
4.716e-05 -5.68 -0.44
4.72e-05 -5.68 -0.44
4.724e-05 -5.68 -0.46
4.728e-05 -5.68 -0.46
4.732e-05 -5.6 -0.48
4.736e-05 -5.52 -0.46
4.74e-05 -5.44 -0.48
4.744e-05 -5.52 -0.48
4.748e-05 -5.44 -0.48
4.752e-05 -5.36 -0.48
4.756e-05 -5.44 -0.48
4.76e-05 -5.28 -0.5
4.764e-05 -5.2 -0.5
4.768e-05 -5.2 -0.5
4.772e-05 -5.12 -0.5
4.776e-05 -5.12 -0.5
4.78e-05 -5.04 -0.52
4.784e-05 -4.96 -0.5
4.788e-05 -4.88 -0.5
4.792e-05 -4.8 -0.52
4.796e-05 -4.8 -0.54
4.8e-05 -4.72 -0.54
4.804e-05 -4.72 -0.54
4.808e-05 -4.56 -0.54
4.812e-05 -4.48 -0.54
4.816e-05 -4.48 -0.54
4.82e-05 -4.4 -0.54
4.824e-05 -4.32 -0.54
4.828e-05 -4.24 -0.54
4.832e-05 -4.16 -0.54
4.836e-05 -4.08 -0.56
4.84e-05 -4 -0.54
4.844e-05 -3.92 -0.54
4.848e-05 -3.84 -0.54
4.852e-05 -3.84 -0.56
4.856e-05 -3.76 -0.56
4.86e-05 -3.6 -0.56
4.864e-05 -3.52 -0.56
4.868e-05 -3.52 -0.56
4.872e-05 -3.36 -0.56
4.876e-05 -3.28 -0.56
4.88e-05 -3.2 -0.54
4.884e-05 -3.12 -0.56
4.888e-05 -3.04 -0.56
4.892e-05 -2.96 -0.54
4.896e-05 -2.88 -0.54
4.9e-05 -2.8 -0.56
4.904e-05 -2.64 -0.56
4.908e-05 -2.56 -0.54
4.912e-05 -2.48 -0.54
4.916e-05 -2.4 -0.52
4.92e-05 -2.32 -0.56
4.924e-05 -2.24 -0.54
4.928e-05 -2.16 -0.54
4.932e-05 -2 -0.54
4.936e-05 -1.92 -0.54
4.94e-05 -1.84 -0.54
4.944e-05 -1.68 -0.52
4.948e-05 -1.68 -0.52
4.952e-05 -1.6 -0.52
4.956e-05 -1.44 -0.54
4.96e-05 -1.36 -0.52
4.964e-05 -1.28 -0.52
4.968e-05 -1.04 -0.52
4.972e-05 -1.04 -0.52
4.976e-05 -0.96 -0.5
4.98e-05 -0.88 -0.5
4.984e-05 -0.72 -0.5
4.988e-05 -0.64 -0.5
4.992e-05 -0.56 -0.5
4.996e-05 -0.4 -0.5
5e-05 -0.32 -0.48
5.004e-05 -0.24 -0.46
5.008e-05 -0.16 -0.48
5.012e-05 0 -0.46
5.016e-05 0.16 -0.48
5.02e-05 0.32 -0.46
5.024e-05 0.4 -0.46
5.028e-05 0.48 -0.44
5.032e-05 0.48 -0.44
5.036e-05 0.64 -0.44
5.04e-05 0.8 -0.42
5.044e-05 0.8 -0.44
5.048e-05 0.96 -0.42
5.052e-05 1.04 -0.42
5.056e-05 1.12 -0.4
5.06e-05 1.28 -0.42
5.064e-05 1.36 -0.4
5.068e-05 1.44 -0.4
5.072e-05 1.6 -0.38
5.076e-05 1.6 -0.38
5.08e-05 1.68 -0.38
5.084e-05 1.84 -0.38
5.088e-05 1.92 -0.34
5.092e-05 2 -0.34
5.096e-05 2.08 -0.34
5.1e-05 2.24 -0.34
5.104e-05 2.32 -0.34
5.108e-05 2.4 -0.32
5.112e-05 2.56 -0.32
5.116e-05 2.56 -0.3
5.12e-05 2.64 -0.32
5.124e-05 2.72 -0.3
5.128e-05 2.88 -0.3
5.132e-05 2.96 -0.28
5.136e-05 3.04 -0.28
5.14e-05 3.12 -0.26
5.144e-05 3.28 -0.26
5.148e-05 3.28 -0.26
5.152e-05 3.36 -0.26
5.156e-05 3.52 -0.24
5.16e-05 3.52 -0.24
5.164e-05 3.68 -0.22
5.168e-05 3.68 -0.22
5.172e-05 3.84 -0.2
5.176e-05 3.84 -0.2
5.18e-05 3.92 -0.18
5.184e-05 4 -0.18
5.188e-05 4.08 -0.18
5.192e-05 4.16 -0.16
5.196e-05 4.24 -0.16
5.2e-05 4.32 -0.16
5.204e-05 4.32 -0.14
5.208e-05 4.4 -0.14
5.212e-05 4.56 -0.12
5.216e-05 4.64 -0.12
5.22e-05 4.64 -0.1
5.224e-05 4.64 -0.1
5.228e-05 4.8 -0.08
5.232e-05 4.8 -0.1
5.236e-05 4.88 -0.08
5.24e-05 4.96 -0.08
5.244e-05 4.96 -0.06
5.248e-05 5.04 -0.04
5.252e-05 5.12 -0.06
5.256e-05 5.12 0
5.26e-05 5.28 -0.04
5.264e-05 5.28 0
5.268e-05 5.28 0
5.272e-05 5.36 0
5.276e-05 5.44 0.02
5.28e-05 5.44 0.02
5.284e-05 5.44 0.04
5.288e-05 5.52 0.04
5.292e-05 5.52 0.04
5.296e-05 5.6 0.06
5.3e-05 5.6 0.06
5.304e-05 5.6 0.08
5.308e-05 5.76 0.08
5.312e-05 5.76 0.08
5.316e-05 5.76 0.1
5.32e-05 5.76 0.1
5.324e-05 5.84 0.1
5.328e-05 5.84 0.12
5.332e-05 5.84 0.12
5.336e-05 5.84 0.12
5.34e-05 5.92 0.16
5.344e-05 5.92 0.16
5.348e-05 6 0.16
5.352e-05 5.92 0.18
5.356e-05 5.92 0.18
5.36e-05 5.92 0.2
5.364e-05 6 0.18
5.368e-05 5.92 0.18
5.372e-05 6 0.22
5.376e-05 5.92 0.2
5.38e-05 5.92 0.22
5.384e-05 5.92 0.24
5.388e-05 6 0.24
5.392e-05 6.08 0.26
5.396e-05 5.92 0.26
5.4e-05 6.08 0.24
5.404e-05 5.92 0.26
5.408e-05 5.92 0.28
5.412e-05 5.92 0.28
5.416e-05 5.92 0.28
5.42e-05 5.92 0.28
5.424e-05 5.92 0.28
5.428e-05 5.84 0.3
5.432e-05 5.92 0.28
5.436e-05 5.76 0.32
5.44e-05 5.84 0.3
5.444e-05 5.84 0.32
5.448e-05 5.76 0.34
5.452e-05 5.76 0.32
5.456e-05 5.76 0.32
5.46e-05 5.76 0.34
5.464e-05 5.6 0.36
5.468e-05 5.6 0.34
5.472e-05 5.6 0.36
5.476e-05 5.52 0.38
5.48e-05 5.52 0.36
5.484e-05 5.52 0.38
5.488e-05 5.44 0.38
5.492e-05 5.44 0.38
5.496e-05 5.28 0.4
5.5e-05 5.28 0.4
5.504e-05 5.2 0.4
5.508e-05 5.12 0.4
5.512e-05 5.12 0.42
5.516e-05 5.12 0.42
5.52e-05 4.96 0.4
5.524e-05 4.96 0.42
5.528e-05 4.96 0.4
5.532e-05 4.88 0.42
5.536e-05 4.8 0.42
5.54e-05 4.8 0.42
5.544e-05 4.72 0.42
5.548e-05 4.64 0.44
5.552e-05 4.56 0.44
5.556e-05 4.48 0.42
5.56e-05 4.4 0.42
5.564e-05 4.32 0.44
5.568e-05 4.24 0.44
5.572e-05 4.16 0.44
5.576e-05 4.16 0.44
5.58e-05 4.08 0.46
5.584e-05 4 0.44
5.588e-05 3.92 0.44
5.592e-05 3.84 0.44
5.596e-05 3.76 0.44
5.6e-05 3.68 0.46
5.604e-05 3.6 0.44
5.608e-05 3.52 0.46
5.612e-05 3.52 0.44
5.616e-05 3.36 0.46
5.62e-05 3.28 0.46
5.624e-05 3.2 0.46
5.628e-05 3.12 0.46
5.632e-05 2.96 0.44
5.636e-05 2.88 0.48
5.64e-05 2.88 0.48
5.644e-05 2.72 0.44
5.648e-05 2.64 0.46
5.652e-05 2.56 0.44
5.656e-05 2.4 0.46
5.66e-05 2.32 0.44
5.664e-05 2.24 0.44
5.668e-05 2.16 0.44
5.672e-05 2.08 0.44
5.676e-05 2 0.44
5.68e-05 1.92 0.44
5.684e-05 1.76 0.44
5.688e-05 1.68 0.42
5.692e-05 1.6 0.42
5.696e-05 1.52 0.42
5.7e-05 1.44 0.42
5.704e-05 1.28 0.42
5.708e-05 1.28 0.44
5.712e-05 1.12 0.42
5.716e-05 0.96 0.4
5.72e-05 0.8 0.4
5.724e-05 0.8 0.4
5.728e-05 0.72 0.4
5.732e-05 0.64 0.4
5.736e-05 0.48 0.4
5.74e-05 0.32 0.4
5.744e-05 0.32 0.38
5.748e-05 0.16 0.38
5.752e-05 0.08 0.38
5.756e-05 0 0.36
5.76e-05 -0.24 0.38
5.764e-05 -0.24 0.36
5.768e-05 -0.4 0.36
5.772e-05 -0.48 0.34
5.776e-05 -0.64 0.34
5.78e-05 -0.72 0.34
5.784e-05 -0.8 0.32
5.788e-05 -0.88 0.34
5.792e-05 -1.04 0.34
5.796e-05 -1.04 0.32
5.8e-05 -1.2 0.32
5.804e-05 -1.28 0.32
5.808e-05 -1.36 0.32
5.812e-05 -1.44 0.28
5.816e-05 -1.6 0.32
5.82e-05 -1.68 0.3
5.824e-05 -1.68 0.28
5.828e-05 -1.84 0.28
5.832e-05 -1.92 0.28
5.836e-05 -2 0.28
5.84e-05 -2.16 0.26
5.844e-05 -2.24 0.24
5.848e-05 -2.32 0.24
5.852e-05 -2.48 0.24
5.856e-05 -2.56 0.24
5.86e-05 -2.64 0.22
5.864e-05 -2.64 0.22
5.868e-05 -2.8 0.22
5.872e-05 -2.88 0.2
5.876e-05 -2.96 0.2
5.88e-05 -3.12 0.18
5.884e-05 -3.2 0.18
5.888e-05 -3.28 0.18
5.892e-05 -3.28 0.16
5.896e-05 -3.52 0.16
5.9e-05 -3.52 0.16
5.904e-05 -3.6 0.14
5.908e-05 -3.6 0.12
5.912e-05 -3.76 0.12
5.916e-05 -3.84 0.12
5.92e-05 -3.92 0.12
5.924e-05 -3.92 0.12
5.928e-05 -4.08 0.1
5.932e-05 -4.16 0.1
5.936e-05 -4.24 0.08
5.94e-05 -4.24 0.08
5.944e-05 -4.32 0.06
5.948e-05 -4.4 0.06
5.952e-05 -4.48 0.04
5.956e-05 -4.56 0.04
5.96e-05 -4.56 0.02
5.964e-05 -4.72 0.02
5.968e-05 -4.8 0.02
5.972e-05 -4.8 0
5.976e-05 -4.88 0
5.98e-05 -4.96 0
5.984e-05 -5.04 -0.04
5.988e-05 -5.04 -0.04
5.992e-05 -5.12 -0.04
5.996e-05 -5.2 -0.06
6e-05 -5.2 -0.08
6.004e-05 -5.2 -0.08
6.008e-05 -5.28 -0.08
6.012e-05 -5.36 -0.1
6.016e-05 -5.36 -0.1
6.02e-05 -5.44 -0.12
6.024e-05 -5.52 -0.12
6.028e-05 -5.52 -0.12
6.032e-05 -5.52 -0.14
6.036e-05 -5.68 -0.14
6.04e-05 -5.68 -0.16
6.044e-05 -5.68 -0.16
6.048e-05 -5.76 -0.16
6.052e-05 -5.76 -0.18
6.056e-05 -5.84 -0.18
6.06e-05 -5.84 -0.2
6.064e-05 -5.84 -0.2
6.068e-05 -5.84 -0.22
6.072e-05 -5.84 -0.22
6.076e-05 -6 -0.24
6.08e-05 -6 -0.22
6.084e-05 -5.92 -0.24
6.088e-05 -6 -0.26
6.092e-05 -6 -0.26
6.096e-05 -6 -0.26
6.1e-05 -6.08 -0.26
6.104e-05 -6 -0.28
6.108e-05 -6.08 -0.3
6.112e-05 -6.08 -0.28
6.116e-05 -6.08 -0.3
6.12e-05 -6.08 -0.3
6.124e-05 -6.08 -0.34
6.128e-05 -6.08 -0.32
6.132e-05 -6.08 -0.34
6.136e-05 -6.16 -0.34
6.14e-05 -6.08 -0.34
6.144e-05 -6.08 -0.34
6.148e-05 -6.08 -0.36
6.152e-05 -6.08 -0.36
6.156e-05 -6.08 -0.38
6.16e-05 -6 -0.36
6.164e-05 -6 -0.38
6.168e-05 -6 -0.38
6.172e-05 -6 -0.4
6.176e-05 -6 -0.4
6.18e-05 -5.92 -0.4
6.184e-05 -5.92 -0.4
6.188e-05 -5.84 -0.4
6.192e-05 -5.84 -0.42
6.196e-05 -5.84 -0.42
6.2e-05 -5.76 -0.44
6.204e-05 -5.76 -0.42
6.208e-05 -5.76 -0.44
6.212e-05 -5.68 -0.44
6.216e-05 -5.68 -0.46
6.22e-05 -5.6 -0.48
6.224e-05 -5.52 -0.46
6.228e-05 -5.52 -0.46
6.232e-05 -5.52 -0.48
6.236e-05 -5.52 -0.48
6.24e-05 -5.36 -0.48
6.244e-05 -5.36 -0.48
6.248e-05 -5.36 -0.5
6.252e-05 -5.28 -0.5
6.256e-05 -5.2 -0.5
6.26e-05 -5.2 -0.5
6.264e-05 -5.12 -0.5
6.268e-05 -5.12 -0.52
6.272e-05 -5.04 -0.5
6.276e-05 -4.96 -0.48
6.28e-05 -4.88 -0.52
6.284e-05 -4.88 -0.54
6.288e-05 -4.8 -0.54
6.292e-05 -4.72 -0.52
6.296e-05 -4.72 -0.54
6.3e-05 -4.56 -0.54
6.304e-05 -4.48 -0.54
6.308e-05 -4.48 -0.54
6.312e-05 -4.4 -0.54
6.316e-05 -4.32 -0.54
6.32e-05 -4.24 -0.54
6.324e-05 -4.16 -0.56
6.328e-05 -4.08 -0.54
6.332e-05 -4.08 -0.56
6.336e-05 -3.92 -0.56
6.34e-05 -3.84 -0.54
6.344e-05 -3.84 -0.56
6.348e-05 -3.76 -0.56
6.352e-05 -3.6 -0.56
6.356e-05 -3.52 -0.56
6.36e-05 -3.52 -0.54
6.364e-05 -3.44 -0.56
6.368e-05 -3.28 -0.56
6.372e-05 -3.2 -0.58
6.376e-05 -3.12 -0.54
6.38e-05 -3.04 -0.54
6.384e-05 -2.96 -0.54
6.388e-05 -2.88 -0.56
6.392e-05 -2.8 -0.56
6.396e-05 -2.64 -0.54
6.4e-05 -2.56 -0.54
6.404e-05 -2.48 -0.54
6.408e-05 -2.4 -0.54
6.412e-05 -2.32 -0.54
6.416e-05 -2.24 -0.54
6.42e-05 -2.16 -0.54
6.424e-05 -2 -0.54
6.428e-05 -1.92 -0.54
6.432e-05 -1.84 -0.52
6.436e-05 -1.76 -0.52
6.44e-05 -1.68 -0.54
6.444e-05 -1.52 -0.52
6.448e-05 -1.36 -0.54
6.452e-05 -1.36 -0.5
6.456e-05 -1.28 -0.52
6.46e-05 -1.12 -0.5
6.464e-05 -1.04 -0.5
6.468e-05 -0.96 -0.5
6.472e-05 -0.88 -0.5
6.476e-05 -0.72 -0.5
6.48e-05 -0.64 -0.48
6.484e-05 -0.56 -0.48
6.488e-05 -0.4 -0.48
6.492e-05 -0.32 -0.48
6.496e-05 -0.24 -0.48
6.5e-05 0 -0.48
6.504e-05 0.08 -0.48
6.508e-05 0.16 -0.46
6.512e-05 0.24 -0.46
6.516e-05 0.32 -0.46
6.52e-05 0.48 -0.44
6.524e-05 0.64 -0.44
6.528e-05 0.64 -0.44
6.532e-05 0.72 -0.44
6.536e-05 0.8 -0.44
6.54e-05 0.96 -0.42
6.544e-05 1.04 -0.42
6.548e-05 1.12 -0.42
6.552e-05 1.28 -0.4
6.556e-05 1.36 -0.4
6.56e-05 1.36 -0.38
6.564e-05 1.6 -0.4
6.568e-05 1.6 -0.38
6.572e-05 1.76 -0.38
6.576e-05 1.92 -0.36
6.58e-05 1.92 -0.38
6.584e-05 2 -0.34
6.588e-05 2.16 -0.34
6.592e-05 2.24 -0.34
6.596e-05 2.32 -0.34
6.6e-05 2.4 -0.34
6.604e-05 2.56 -0.32
6.608e-05 2.56 -0.32
6.612e-05 2.64 -0.32
6.616e-05 2.8 -0.3
6.62e-05 2.88 -0.28
6.624e-05 2.96 -0.28
6.628e-05 2.96 -0.26
6.632e-05 3.04 -0.26
6.636e-05 3.2 -0.26
6.64e-05 3.36 -0.26
6.644e-05 3.36 -0.24
6.648e-05 3.52 -0.24
6.652e-05 3.52 -0.22
6.656e-05 3.6 -0.24
6.66e-05 3.68 -0.22
6.664e-05 3.76 -0.2
6.668e-05 3.84 -0.2
6.672e-05 3.92 -0.18
6.676e-05 4 -0.2
6.68e-05 4.16 -0.16
6.684e-05 4.16 -0.16
6.688e-05 4.16 -0.16
6.692e-05 4.32 -0.16
6.696e-05 4.32 -0.14
6.7e-05 4.48 -0.14
6.704e-05 4.48 -0.14
6.708e-05 4.56 -0.12
6.712e-05 4.64 -0.12
6.716e-05 4.72 -0.08
6.72e-05 4.8 -0.1
6.724e-05 4.8 -0.1
6.728e-05 4.88 -0.08
6.732e-05 4.96 -0.08
6.736e-05 5.04 -0.06
6.74e-05 5.12 -0.06
6.744e-05 5.12 -0.06
6.748e-05 5.12 -0.04
6.752e-05 5.2 0
6.756e-05 5.2 0
6.76e-05 5.28 0
6.764e-05 5.36 0
6.768e-05 5.36 0.02
6.772e-05 5.44 0.02
6.776e-05 5.44 0.04
6.78e-05 5.44 0.04
6.784e-05 5.44 0.06
6.788e-05 5.52 0.06
6.792e-05 5.6 0.06
6.796e-05 5.6 0.08
6.8e-05 5.6 0.08
6.804e-05 5.76 0.1
6.808e-05 5.76 0.1
6.812e-05 5.76 0.1
6.816e-05 5.76 0.1
6.82e-05 5.84 0.12
6.824e-05 5.84 0.14
6.828e-05 5.84 0.14
6.832e-05 5.84 0.14
6.836e-05 5.92 0.16
6.84e-05 5.92 0.16
6.844e-05 5.84 0.18
6.848e-05 5.92 0.18
6.852e-05 5.92 0.2
6.856e-05 6 0.18
6.86e-05 6 0.2
6.864e-05 5.92 0.2
6.868e-05 6 0.2
6.872e-05 5.92 0.22
6.876e-05 5.92 0.22
6.88e-05 5.92 0.24
6.884e-05 6 0.24
6.888e-05 5.92 0.24
6.892e-05 6 0.26
6.896e-05 6 0.28
6.9e-05 5.92 0.26
6.904e-05 5.92 0.28
6.908e-05 5.92 0.3
6.912e-05 5.92 0.28
6.916e-05 5.92 0.28
6.92e-05 5.92 0.3
6.924e-05 5.84 0.3
6.928e-05 5.84 0.32
6.932e-05 5.84 0.32
6.936e-05 5.76 0.34
6.94e-05 5.76 0.34
6.944e-05 5.76 0.32
6.948e-05 5.76 0.34
6.952e-05 5.68 0.32
6.956e-05 5.6 0.34
6.96e-05 5.6 0.34
6.964e-05 5.6 0.38
6.968e-05 5.6 0.36
6.972e-05 5.52 0.36
6.976e-05 5.44 0.38
6.98e-05 5.44 0.38
6.984e-05 5.44 0.38
6.988e-05 5.36 0.38
6.992e-05 5.28 0.4
6.996e-05 5.2 0.4
7e-05 5.12 0.4
7.004e-05 5.12 0.4
7.008e-05 5.12 0.4
7.012e-05 4.96 0.42
7.016e-05 4.96 0.42
7.02e-05 4.88 0.42
7.024e-05 4.88 0.42
7.028e-05 4.8 0.4
7.032e-05 4.8 0.42
7.036e-05 4.64 0.44
7.04e-05 4.64 0.44
7.044e-05 4.56 0.42
7.048e-05 4.48 0.44
7.052e-05 4.4 0.44
7.056e-05 4.32 0.44
7.06e-05 4.24 0.42
7.064e-05 4.24 0.44
7.068e-05 4.16 0.46
7.072e-05 4 0.46
7.076e-05 4 0.44
7.08e-05 3.92 0.46
7.084e-05 3.84 0.44
7.088e-05 3.76 0.46
7.092e-05 3.68 0.46
7.096e-05 3.6 0.46
7.1e-05 3.52 0.44
7.104e-05 3.44 0.46
7.108e-05 3.36 0.46
7.112e-05 3.28 0.44
7.116e-05 3.2 0.44
7.12e-05 3.04 0.46
7.124e-05 2.96 0.46
7.128e-05 2.96 0.46
7.132e-05 2.72 0.44
7.136e-05 2.8 0.46
7.14e-05 2.64 0.46
7.144e-05 2.56 0.46
7.148e-05 2.48 0.44
7.152e-05 2.4 0.44
7.156e-05 2.32 0.48
7.16e-05 2.24 0.44
7.164e-05 2.08 0.44
7.168e-05 2 0.42
7.172e-05 1.92 0.44
7.176e-05 1.76 0.46
7.18e-05 1.68 0.42
7.184e-05 1.6 0.44
7.188e-05 1.44 0.44
7.192e-05 1.44 0.44
7.196e-05 1.28 0.44
7.2e-05 1.2 0.42
7.204e-05 1.12 0.42
7.208e-05 1.04 0.42
7.212e-05 0.96 0.4
7.216e-05 0.8 0.4
7.22e-05 0.72 0.4
7.224e-05 0.56 0.4
7.228e-05 0.48 0.4
7.232e-05 0.4 0.4
7.236e-05 0.32 0.38
7.24e-05 0.16 0.38
7.244e-05 0.08 0.38
7.248e-05 0 0.4
7.252e-05 0 0.36
7.256e-05 -0.24 0.36
7.26e-05 -0.32 0.38
7.264e-05 -0.48 0.38
7.268e-05 -0.56 0.36
7.272e-05 -0.64 0.34
7.276e-05 -0.72 0.34
7.28e-05 -0.88 0.34
7.284e-05 -1.04 0.34
7.288e-05 -1.04 0.32
7.292e-05 -1.2 0.32
7.296e-05 -1.28 0.32
7.3e-05 -1.36 0.32
7.304e-05 -1.52 0.32
7.308e-05 -1.6 0.3
7.312e-05 -1.68 0.28
7.316e-05 -1.76 0.3
7.32e-05 -1.84 0.28
7.324e-05 -2 0.26
7.328e-05 -2 0.28
7.332e-05 -2.16 0.26
7.336e-05 -2.24 0.26
7.34e-05 -2.32 0.24
7.344e-05 -2.4 0.24
7.348e-05 -2.48 0.24
7.352e-05 -2.64 0.24
7.356e-05 -2.64 0.24
7.36e-05 -2.8 0.2
7.364e-05 -2.88 0.2
7.368e-05 -2.96 0.2
7.372e-05 -3.04 0.22
7.376e-05 -3.12 0.18
7.38e-05 -3.2 0.18
7.384e-05 -3.36 0.16
7.388e-05 -3.44 0.16
7.392e-05 -3.52 0.16
7.396e-05 -3.6 0.14
7.4e-05 -3.6 0.12
7.404e-05 -3.76 0.12
7.408e-05 -3.84 0.12
7.412e-05 -3.92 0.1
7.416e-05 -3.92 0.1
7.42e-05 -4.08 0.1
7.424e-05 -4.08 0.1
7.428e-05 -4.16 0.08
7.432e-05 -4.24 0.08
7.436e-05 -4.32 0.04
7.44e-05 -4.4 0.06
7.444e-05 -4.48 0.04
7.448e-05 -4.56 0.02
7.452e-05 -4.56 0.02
7.456e-05 -4.72 0.02
7.46e-05 -4.72 0.02
7.464e-05 -4.8 0
7.468e-05 -4.8 0
7.472e-05 -4.88 0
7.476e-05 -4.96 0
7.48e-05 -5.04 0
7.484e-05 -5.04 -0.06
7.488e-05 -5.2 -0.08
7.492e-05 -5.2 -0.08
7.496e-05 -5.2 -0.06
7.5e-05 -5.36 -0.08
7.504e-05 -5.36 -0.1
7.508e-05 -5.36 -0.1
7.512e-05 -5.44 -0.12
7.516e-05 -5.44 -0.12
7.52e-05 -5.52 -0.14
7.524e-05 -5.52 -0.12
7.528e-05 -5.6 -0.14
7.532e-05 -5.68 -0.14
7.536e-05 -5.68 -0.16
7.54e-05 -5.68 -0.16
7.544e-05 -5.76 -0.16
7.548e-05 -5.84 -0.18
7.552e-05 -5.76 -0.2
7.556e-05 -5.84 -0.2
7.56e-05 -5.84 -0.22
7.564e-05 -5.84 -0.2
7.568e-05 -5.92 -0.22
7.572e-05 -5.92 -0.22
7.576e-05 -6 -0.26
7.58e-05 -5.92 -0.24
7.584e-05 -6 -0.24
7.588e-05 -6 -0.24
7.592e-05 -6 -0.26
7.596e-05 -6.08 -0.28
7.6e-05 -6.08 -0.26
7.604e-05 -6 -0.3
7.608e-05 -6.08 -0.3
7.612e-05 -6.08 -0.3
7.616e-05 -6.08 -0.32
7.62e-05 -6.08 -0.32
7.624e-05 -6.08 -0.34
7.628e-05 -6.08 -0.34
7.632e-05 -6.08 -0.34
7.636e-05 -6.08 -0.34
7.64e-05 -6.08 -0.34
7.644e-05 -6.08 -0.36
7.648e-05 -6.08 -0.36
7.652e-05 -6 -0.36
7.656e-05 -6 -0.38
7.66e-05 -6 -0.4
7.664e-05 -6 -0.4
7.668e-05 -6 -0.4
7.672e-05 -5.92 -0.42
7.676e-05 -5.84 -0.4
7.68e-05 -5.92 -0.42
7.684e-05 -5.84 -0.42
7.688e-05 -5.84 -0.42
7.692e-05 -5.76 -0.44
7.696e-05 -5.84 -0.44
7.7e-05 -5.76 -0.46
7.704e-05 -5.68 -0.44
7.708e-05 -5.68 -0.44
7.712e-05 -5.68 -0.46
7.716e-05 -5.68 -0.46
7.72e-05 -5.52 -0.48
7.724e-05 -5.52 -0.46
7.728e-05 -5.44 -0.48
7.732e-05 -5.44 -0.5
7.736e-05 -5.44 -0.5
7.74e-05 -5.36 -0.48
7.744e-05 -5.28 -0.5
7.748e-05 -5.2 -0.5
7.752e-05 -5.2 -0.5
7.756e-05 -5.12 -0.5
7.76e-05 -5.12 -0.5
7.764e-05 -5.04 -0.5
7.768e-05 -4.96 -0.5
7.772e-05 -4.88 -0.52
7.776e-05 -4.88 -0.52
7.78e-05 -4.8 -0.52
7.784e-05 -4.8 -0.54
7.788e-05 -4.72 -0.56
7.792e-05 -4.56 -0.5
7.796e-05 -4.56 -0.54
7.8e-05 -4.48 -0.54
7.804e-05 -4.4 -0.56
7.808e-05 -4.4 -0.54
7.812e-05 -4.24 -0.54
7.816e-05 -4.16 -0.52
7.82e-05 -4.16 -0.54
7.824e-05 -4.08 -0.56
7.828e-05 -3.92 -0.54
7.832e-05 -3.92 -0.54
7.836e-05 -3.76 -0.56
7.84e-05 -3.76 -0.56
7.844e-05 -3.6 -0.56
7.848e-05 -3.6 -0.54
7.852e-05 -3.44 -0.56
7.856e-05 -3.44 -0.56
7.86e-05 -3.28 -0.56
7.864e-05 -3.28 -0.56
7.868e-05 -3.12 -0.56
7.872e-05 -3.12 -0.56
7.876e-05 -2.96 -0.56
7.88e-05 -2.88 -0.56
7.884e-05 -2.8 -0.54
7.888e-05 -2.72 -0.54
7.892e-05 -2.64 -0.56
7.896e-05 -2.48 -0.54
7.9e-05 -2.48 -0.56
7.904e-05 -2.32 -0.54
7.908e-05 -2.16 -0.56
7.912e-05 -2.16 -0.56
7.916e-05 -2 -0.54
7.92e-05 -2 -0.54
7.924e-05 -1.84 -0.54
7.928e-05 -1.68 -0.56
7.932e-05 -1.68 -0.52
7.936e-05 -1.52 -0.5
7.94e-05 -1.44 -0.52
7.944e-05 -1.36 -0.54
7.948e-05 -1.28 -0.52
7.952e-05 -1.2 -0.5
7.956e-05 -1.04 -0.5
7.96e-05 -1.04 -0.52
7.964e-05 -0.88 -0.52
7.968e-05 -0.72 -0.5
7.972e-05 -0.64 -0.48
7.976e-05 -0.56 -0.5
7.98e-05 -0.4 -0.48
7.984e-05 -0.4 -0.48
7.988e-05 -0.24 -0.48
7.992e-05 0 -0.46
7.996e-05 0 -0.48
8e-05 0.08 -0.46
8.004e-05 0.32 -0.46
8.008e-05 0.32 -0.44
8.012e-05 0.4 -0.46
8.016e-05 0.48 -0.44
8.02e-05 0.64 -0.44
8.024e-05 0.72 -0.42
8.028e-05 0.8 -0.44
8.032e-05 0.88 -0.44
8.036e-05 0.96 -0.44
8.04e-05 1.12 -0.42
8.044e-05 1.28 -0.4
8.048e-05 1.28 -0.42
8.052e-05 1.44 -0.4
8.056e-05 1.52 -0.38
8.06e-05 1.6 -0.38
8.064e-05 1.68 -0.38
8.068e-05 1.84 -0.38
8.072e-05 1.92 -0.36
8.076e-05 2 -0.34
8.08e-05 2.08 -0.36
8.084e-05 2.24 -0.34
8.088e-05 2.24 -0.34
8.092e-05 2.32 -0.34
8.096e-05 2.48 -0.32
8.1e-05 2.56 -0.32
8.104e-05 2.64 -0.32
8.108e-05 2.72 -0.3
8.112e-05 2.8 -0.3
8.116e-05 2.96 -0.26
8.12e-05 3.04 -0.3
8.124e-05 3.12 -0.26
8.128e-05 3.2 -0.26
8.132e-05 3.28 -0.26
8.136e-05 3.36 -0.26
8.14e-05 3.52 -0.24
8.144e-05 3.52 -0.24
8.148e-05 3.6 -0.22
8.152e-05 3.68 -0.22
8.156e-05 3.76 -0.22
8.16e-05 3.84 -0.2
8.164e-05 3.92 -0.2
8.168e-05 4 -0.18
8.172e-05 4.08 -0.18
8.176e-05 4.16 -0.18
8.18e-05 4.16 -0.16
8.184e-05 4.32 -0.14
8.188e-05 4.32 -0.14
8.192e-05 4.48 -0.14
8.196e-05 4.48 -0.14
8.2e-05 4.56 -0.12
8.204e-05 4.64 -0.12
8.208e-05 4.64 -0.1
8.212e-05 4.8 -0.1
8.216e-05 4.8 -0.1
8.22e-05 4.88 -0.08
8.224e-05 4.96 -0.08
8.228e-05 4.96 -0.08
8.232e-05 5.04 -0.06
8.236e-05 5.12 -0.04
8.24e-05 5.12 0
8.244e-05 5.2 0
8.248e-05 5.2 0
8.252e-05 5.28 0
8.256e-05 5.28 0
8.26e-05 5.44 0
8.264e-05 5.44 0
8.268e-05 5.44 0.04
8.272e-05 5.44 0.04
8.276e-05 5.52 0.06
8.28e-05 5.6 0.04
8.284e-05 5.6 0.06
8.288e-05 5.68 0.08
8.292e-05 5.76 0.08
8.296e-05 5.68 0.08
8.3e-05 5.76 0.1
8.304e-05 5.76 0.1
8.308e-05 5.84 0.1
8.312e-05 5.76 0.12
8.316e-05 5.84 0.12
8.32e-05 5.84 0.14
8.324e-05 5.84 0.14
8.328e-05 5.92 0.16
8.332e-05 5.92 0.16
8.336e-05 5.92 0.18
8.34e-05 5.92 0.2
8.344e-05 5.92 0.18
8.348e-05 5.92 0.2
8.352e-05 6 0.2
8.356e-05 6 0.2
8.36e-05 6.08 0.22
8.364e-05 6 0.22
8.368e-05 5.92 0.22
8.372e-05 6.08 0.24
8.376e-05 6 0.24
8.38e-05 5.92 0.26
8.384e-05 5.92 0.24
8.388e-05 5.92 0.26
8.392e-05 5.92 0.26
8.396e-05 5.92 0.28
8.4e-05 5.92 0.3
8.404e-05 5.92 0.3
8.408e-05 5.92 0.3
8.412e-05 5.84 0.3
8.416e-05 5.92 0.32
8.42e-05 5.84 0.32
8.424e-05 5.84 0.3
8.428e-05 5.76 0.34
8.432e-05 5.76 0.32
8.436e-05 5.76 0.34
8.44e-05 5.76 0.34
8.444e-05 5.68 0.34
8.448e-05 5.6 0.36
8.452e-05 5.6 0.36
8.456e-05 5.6 0.36
8.46e-05 5.52 0.36
8.464e-05 5.44 0.38
8.468e-05 5.44 0.4
8.472e-05 5.44 0.38
8.476e-05 5.44 0.36
8.48e-05 5.28 0.38
8.484e-05 5.28 0.4
8.488e-05 5.28 0.4
8.492e-05 5.12 0.4
8.496e-05 5.12 0.38
8.5e-05 5.12 0.4
8.504e-05 5.12 0.42
8.508e-05 4.96 0.42
8.512e-05 4.96 0.42
8.516e-05 4.88 0.42
8.52e-05 4.88 0.44
8.524e-05 4.72 0.42
8.528e-05 4.72 0.42
8.532e-05 4.64 0.44
8.536e-05 4.56 0.44
8.54e-05 4.48 0.42
8.544e-05 4.4 0.42
8.548e-05 4.32 0.42
8.552e-05 4.24 0.44
8.556e-05 4.16 0.44
8.56e-05 4.16 0.44
8.564e-05 4.08 0.44
8.568e-05 4 0.44
8.572e-05 3.92 0.44
8.576e-05 3.84 0.46
8.58e-05 3.84 0.44
8.584e-05 3.68 0.44
8.588e-05 3.6 0.46
8.592e-05 3.52 0.46
8.596e-05 3.52 0.44
8.6e-05 3.36 0.44
8.604e-05 3.28 0.44
8.608e-05 3.2 0.48
8.612e-05 3.12 0.44
8.616e-05 3.04 0.44
8.62e-05 2.96 0.46
8.624e-05 2.88 0.44
8.628e-05 2.72 0.46
8.632e-05 2.64 0.44
8.636e-05 2.56 0.44
8.64e-05 2.56 0.44
8.644e-05 2.32 0.44
8.648e-05 2.32 0.44
8.652e-05 2.16 0.42
8.656e-05 2.08 0.44
8.66e-05 2 0.44
8.664e-05 1.92 0.44
8.668e-05 1.76 0.42
8.672e-05 1.68 0.42
8.676e-05 1.68 0.42
8.68e-05 1.6 0.44
8.684e-05 1.44 0.42
8.688e-05 1.28 0.42
8.692e-05 1.28 0.42
8.696e-05 1.12 0.42
8.7e-05 1.04 0.4
8.704e-05 0.96 0.4
8.708e-05 0.8 0.4
8.712e-05 0.72 0.4
8.716e-05 0.64 0.4
8.72e-05 0.48 0.4
8.724e-05 0.4 0.4
8.728e-05 0.32 0.4
8.732e-05 0.24 0.4
8.736e-05 0.16 0.38
8.74e-05 0 0.38
8.744e-05 0 0.36
8.748e-05 -0.24 0.38
8.752e-05 -0.32 0.36
8.756e-05 -0.4 0.36
8.76e-05 -0.56 0.36
8.764e-05 -0.72 0.34
8.768e-05 -0.72 0.34
8.772e-05 -0.88 0.32
8.776e-05 -0.96 0.32
8.78e-05 -1.04 0.32
8.784e-05 -1.2 0.32
8.788e-05 -1.28 0.34
8.792e-05 -1.36 0.3
8.796e-05 -1.44 0.3
8.8e-05 -1.52 0.3
8.804e-05 -1.68 0.3
8.808e-05 -1.68 0.28
8.812e-05 -1.84 0.28
8.816e-05 -1.92 0.28
8.82e-05 -2 0.28
8.824e-05 -2.16 0.26
8.828e-05 -2.32 0.24
8.832e-05 -2.32 0.24
8.836e-05 -2.4 0.24
8.84e-05 -2.56 0.24
8.844e-05 -2.56 0.24
8.848e-05 -2.64 0.2
8.852e-05 -2.8 0.2
8.856e-05 -2.88 0.2
8.86e-05 -2.96 0.2
8.864e-05 -3.04 0.18
8.868e-05 -3.2 0.18
8.872e-05 -3.2 0.18
8.876e-05 -3.28 0.16
8.88e-05 -3.44 0.16
8.884e-05 -3.52 0.16
8.888e-05 -3.52 0.16
8.892e-05 -3.6 0.14
8.896e-05 -3.76 0.12
8.9e-05 -3.84 0.12
8.904e-05 -3.84 0.1
8.908e-05 -3.92 0.1
8.912e-05 -4.08 0.08
8.916e-05 -4.08 0.08
8.92e-05 -4.16 0.1
8.924e-05 -4.24 0.08
8.928e-05 -4.32 0.08
8.932e-05 -4.4 0.08
8.936e-05 -4.48 0.04
8.94e-05 -4.56 0.04
8.944e-05 -4.64 0.04
8.948e-05 -4.72 0.02
8.952e-05 -4.8 0
8.956e-05 -4.8 0
8.96e-05 -4.88 0
8.964e-05 -4.88 0
8.968e-05 -4.88 -0.04
8.972e-05 -5.04 -0.04
8.976e-05 -5.12 -0.04
8.98e-05 -5.12 -0.06
8.984e-05 -5.2 -0.06
8.988e-05 -5.2 -0.08
8.992e-05 -5.2 -0.08
8.996e-05 -5.36 -0.08
9e-05 -5.36 -0.1
9.004e-05 -5.44 -0.12
9.008e-05 -5.44 -0.12
9.012e-05 -5.52 -0.12
9.016e-05 -5.52 -0.12
9.02e-05 -5.52 -0.14
9.024e-05 -5.68 -0.14
9.028e-05 -5.68 -0.16
9.032e-05 -5.68 -0.16
9.036e-05 -5.76 -0.16
9.04e-05 -5.84 -0.18
9.044e-05 -5.76 -0.2
9.048e-05 -5.84 -0.2
9.052e-05 -5.84 -0.22
9.056e-05 -5.84 -0.22
9.06e-05 -5.84 -0.22
9.064e-05 -5.92 -0.22
9.068e-05 -6 -0.22
9.072e-05 -6 -0.24
9.076e-05 -6 -0.26
9.08e-05 -6.08 -0.26
9.084e-05 -6 -0.26
9.088e-05 -6 -0.26
9.092e-05 -6.08 -0.3
9.096e-05 -6.08 -0.3
9.1e-05 -6.08 -0.28
9.104e-05 -6.08 -0.3
9.108e-05 -6.08 -0.3
9.112e-05 -6.08 -0.32
9.116e-05 -6.08 -0.34
9.12e-05 -6.08 -0.34
9.124e-05 -6.08 -0.34
9.128e-05 -6.08 -0.36
9.132e-05 -6.08 -0.36
9.136e-05 -6.08 -0.38
9.14e-05 -6.08 -0.36
9.144e-05 -6.08 -0.36
9.148e-05 -6 -0.38
9.152e-05 -6.08 -0.4
9.156e-05 -6 -0.4
9.16e-05 -6 -0.4
9.164e-05 -6 -0.42
9.168e-05 -5.84 -0.42
9.172e-05 -5.84 -0.42
9.176e-05 -5.84 -0.42
9.18e-05 -5.84 -0.42
9.184e-05 -5.84 -0.44
9.188e-05 -5.84 -0.44
9.192e-05 -5.76 -0.42
9.196e-05 -5.68 -0.44
9.2e-05 -5.68 -0.46
9.204e-05 -5.68 -0.46
9.208e-05 -5.52 -0.46
9.212e-05 -5.52 -0.46
9.216e-05 -5.52 -0.48
9.22e-05 -5.52 -0.48
9.224e-05 -5.44 -0.48
9.228e-05 -5.36 -0.48
9.232e-05 -5.36 -0.48
9.236e-05 -5.36 -0.5
9.24e-05 -5.2 -0.5
9.244e-05 -5.2 -0.5
9.248e-05 -5.2 -0.5
9.252e-05 -5.12 -0.52
9.256e-05 -5.04 -0.52
9.26e-05 -4.96 -0.5
9.264e-05 -4.88 -0.5
9.268e-05 -4.88 -0.52
9.272e-05 -4.8 -0.52
9.276e-05 -4.8 -0.54
9.28e-05 -4.72 -0.52
9.284e-05 -4.64 -0.54
9.288e-05 -4.56 -0.54
9.292e-05 -4.48 -0.54
9.296e-05 -4.4 -0.54
9.3e-05 -4.4 -0.54
9.304e-05 -4.24 -0.54
9.308e-05 -4.16 -0.56
9.312e-05 -4.16 -0.56
9.316e-05 -4.08 -0.54
9.32e-05 -3.92 -0.54
9.324e-05 -3.92 -0.54
9.328e-05 -3.76 -0.56
9.332e-05 -3.76 -0.56
9.336e-05 -3.6 -0.56
9.34e-05 -3.6 -0.56
9.344e-05 -3.52 -0.56
9.348e-05 -3.44 -0.56
9.352e-05 -3.28 -0.54
9.356e-05 -3.28 -0.56
9.36e-05 -3.12 -0.56
9.364e-05 -3.04 -0.56
9.368e-05 -2.96 -0.54
9.372e-05 -2.88 -0.54
9.376e-05 -2.8 -0.54
9.38e-05 -2.72 -0.54
9.384e-05 -2.64 -0.54
9.388e-05 -2.56 -0.52
9.392e-05 -2.48 -0.54
9.396e-05 -2.32 -0.56
9.4e-05 -2.24 -0.54
9.404e-05 -2.16 -0.54
9.408e-05 -2.08 -0.54
9.412e-05 -1.92 -0.52
9.416e-05 -1.92 -0.54
9.42e-05 -1.68 -0.54
9.424e-05 -1.68 -0.52
9.428e-05 -1.6 -0.54
9.432e-05 -1.44 -0.52
9.436e-05 -1.36 -0.52
9.44e-05 -1.28 -0.5
9.444e-05 -1.2 -0.52
9.448e-05 -1.04 -0.5
9.452e-05 -0.96 -0.52
9.456e-05 -0.88 -0.5
9.46e-05 -0.8 -0.48
9.464e-05 -0.64 -0.52
9.468e-05 -0.56 -0.5
9.472e-05 -0.4 -0.48
9.476e-05 -0.4 -0.48
9.48e-05 -0.24 -0.48
9.484e-05 -0.16 -0.48
9.488e-05 0 -0.46
9.492e-05 0.16 -0.46
9.496e-05 0.24 -0.46
9.5e-05 0.32 -0.46
9.504e-05 0.4 -0.46
9.508e-05 0.48 -0.44
9.512e-05 0.64 -0.44
9.516e-05 0.72 -0.42
9.52e-05 0.8 -0.44
9.524e-05 0.96 -0.42
9.528e-05 1.04 -0.44
9.532e-05 1.12 -0.42
9.536e-05 1.2 -0.42
9.54e-05 1.28 -0.4
9.544e-05 1.36 -0.4
9.548e-05 1.52 -0.38
9.552e-05 1.6 -0.4
9.556e-05 1.68 -0.38
9.56e-05 1.76 -0.38
9.564e-05 1.92 -0.36
9.568e-05 2 -0.36
9.572e-05 2.08 -0.34
9.576e-05 2.16 -0.36
9.58e-05 2.24 -0.34
9.584e-05 2.4 -0.32
9.588e-05 2.48 -0.34
9.592e-05 2.56 -0.32
9.596e-05 2.64 -0.32
9.6e-05 2.72 -0.3
9.604e-05 2.8 -0.3
9.608e-05 2.88 -0.3
9.612e-05 2.96 -0.28
9.616e-05 3.04 -0.26
9.62e-05 3.2 -0.26
9.624e-05 3.28 -0.26
9.628e-05 3.36 -0.26
9.632e-05 3.52 -0.24
9.636e-05 3.52 -0.24
9.64e-05 3.6 -0.24
9.644e-05 3.68 -0.24
9.648e-05 3.68 -0.22
9.652e-05 3.84 -0.2
9.656e-05 3.84 -0.22
9.66e-05 4 -0.22
9.664e-05 4.08 -0.2
9.668e-05 4.16 -0.16
9.672e-05 4.16 -0.16
9.676e-05 4.32 -0.14
9.68e-05 4.32 -0.14
9.684e-05 4.48 -0.16
9.688e-05 4.48 -0.12
9.692e-05 4.56 -0.12
9.696e-05 4.64 -0.12
9.7e-05 4.64 -0.12
9.704e-05 4.72 -0.1
9.708e-05 4.88 -0.08
9.712e-05 4.8 -0.08
9.716e-05 4.88 -0.08
9.72e-05 4.96 -0.06
9.724e-05 5.04 -0.06
9.728e-05 5.12 -0.06
9.732e-05 5.2 -0.04
9.736e-05 5.2 0
9.74e-05 5.2 0
9.744e-05 5.28 0
9.748e-05 5.28 0
9.752e-05 5.28 0.02
9.756e-05 5.44 0.04
9.76e-05 5.44 0.02
9.764e-05 5.52 0.04
9.768e-05 5.52 0.04
9.772e-05 5.52 0.06
9.776e-05 5.6 0.06
9.78e-05 5.6 0.08
9.784e-05 5.6 0.08
9.788e-05 5.76 0.08
9.792e-05 5.76 0.1
9.796e-05 5.84 0.1
9.8e-05 5.76 0.1
9.804e-05 5.76 0.1
9.808e-05 5.84 0.14
9.812e-05 5.84 0.12
9.816e-05 5.84 0.14
9.82e-05 5.92 0.16
9.824e-05 5.92 0.16
9.828e-05 5.92 0.16
9.832e-05 5.92 0.18
9.836e-05 5.92 0.18
9.84e-05 5.92 0.18
9.844e-05 5.92 0.2
9.848e-05 6.08 0.22
9.852e-05 6.08 0.22
9.856e-05 5.92 0.2
9.86e-05 5.92 0.22
9.864e-05 5.92 0.24
9.868e-05 6.08 0.24
9.872e-05 5.92 0.24
9.876e-05 6 0.26
9.88e-05 5.92 0.26
9.884e-05 5.92 0.26
9.888e-05 5.92 0.28
9.892e-05 5.92 0.28
9.896e-05 5.92 0.3
9.9e-05 5.92 0.28
9.904e-05 5.92 0.3
9.908e-05 5.84 0.3
9.912e-05 5.76 0.3
9.916e-05 5.84 0.32
9.92e-05 5.76 0.32
9.924e-05 5.76 0.32
9.928e-05 5.76 0.32
9.932e-05 5.76 0.34
9.936e-05 5.76 0.34
9.94e-05 5.6 0.34
9.944e-05 5.6 0.34
9.948e-05 5.6 0.34
9.952e-05 5.52 0.36
9.956e-05 5.52 0.38
9.96e-05 5.44 0.36
9.964e-05 5.44 0.38
9.968e-05 5.44 0.4
9.972e-05 5.44 0.38
9.976e-05 5.28 0.38
9.98e-05 5.2 0.4
9.984e-05 5.2 0.4
9.988e-05 5.12 0.4
9.992e-05 5.12 0.4
9.996e-05 5.12 0.4
0.0001 4.96 0.4
0.00010004 4.96 0.42
0.00010008 4.88 0.42
0.00010012 4.8 0.42
0.00010016 4.8 0.42
0.0001002 4.64 0.44
0.00010024 4.64 0.44
0.00010028 4.56 0.42
0.00010032 4.48 0.44
0.00010036 4.48 0.44
0.0001004 4.32 0.44
0.00010044 4.32 0.44
0.00010048 4.24 0.44
0.00010052 4.16 0.44
0.00010056 4.16 0.44
0.0001006 4 0.44
0.00010064 3.92 0.44
0.00010068 3.84 0.44
0.00010072 3.84 0.44
0.00010076 3.68 0.48
0.0001008 3.6 0.46
0.00010084 3.6 0.46
0.00010088 3.44 0.46
0.00010092 3.44 0.46
0.00010096 3.28 0.46
0.000101 3.2 0.44
0.00010104 3.12 0.44
0.00010108 3.04 0.46
0.00010112 2.96 0.46
0.00010116 2.88 0.46
0.0001012 2.8 0.44
0.00010124 2.64 0.44
0.00010128 2.56 0.44
0.00010132 2.48 0.46
0.00010136 2.4 0.46
0.0001014 2.32 0.42
0.00010144 2.24 0.44
0.00010148 2.16 0.44
0.00010152 2 0.44
0.00010156 1.92 0.44
0.0001016 1.84 0.44
0.00010164 1.76 0.44
0.00010168 1.6 0.42
0.00010172 1.6 0.44
0.00010176 1.44 0.42
0.0001018 1.36 0.44
0.00010184 1.28 0.42
0.00010188 1.12 0.4
0.00010192 1.04 0.4
0.00010196 0.96 0.4
0.000102 0.88 0.4
0.00010204 0.8 0.4
0.00010208 0.72 0.4
0.00010212 0.48 0.4
0.00010216 0.4 0.4
0.0001022 0.32 0.4
0.00010224 0.24 0.38
0.00010228 0.16 0.36
0.00010232 0 0.38
0.00010236 0 0.38
0.0001024 -0.24 0.38
0.00010244 -0.32 0.36
0.00010248 -0.4 0.36
0.00010252 -0.56 0.34
0.00010256 -0.64 0.36
0.0001026 -0.72 0.34
0.00010264 -0.88 0.34
0.00010268 -0.96 0.34
0.00010272 -1.04 0.32
0.00010276 -1.2 0.32
0.0001028 -1.2 0.32
0.00010284 -1.36 0.32
0.00010288 -1.36 0.32
0.00010292 -1.52 0.32
0.00010296 -1.6 0.28
0.000103 -1.68 0.28
0.00010304 -1.84 0.28
0.00010308 -1.92 0.28
0.00010312 -2 0.26
0.00010316 -2.16 0.26
0.0001032 -2.24 0.24
0.00010324 -2.32 0.24
0.00010328 -2.32 0.24
0.00010332 -2.48 0.24
0.00010336 -2.56 0.22
0.0001034 -2.64 0.22
0.00010344 -2.8 0.22
0.00010348 -2.88 0.2
0.00010352 -2.96 0.2
0.00010356 -3.04 0.18
0.0001036 -3.2 0.18
0.00010364 -3.2 0.18
0.00010368 -3.28 0.16
0.00010372 -3.44 0.16
0.00010376 -3.44 0.16
0.0001038 -3.52 0.16
0.00010384 -3.6 0.12
0.00010388 -3.76 0.12
0.00010392 -3.76 0.12
0.00010396 -3.84 0.12
0.000104 -3.92 0.1
0.00010404 -4 0.08
0.00010408 -4.08 0.1
0.00010412 -4.16 0.1
0.00010416 -4.24 0.08
0.0001042 -4.24 0.06
0.00010424 -4.4 0.06
0.00010428 -4.48 0.08
0.00010432 -4.56 0.04
0.00010436 -4.56 0.02
0.0001044 -4.64 0.02
0.00010444 -4.8 0
0.00010448 -4.8 0
0.00010452 -4.88 0
0.00010456 -4.88 -0.04
0.0001046 -4.96 0
0.00010464 -5.04 -0.04
0.00010468 -5.04 -0.04
0.00010472 -5.12 -0.06
0.00010476 -5.2 -0.08
0.0001048 -5.2 -0.08
0.00010484 -5.2 -0.08
0.00010488 -5.36 -0.08
0.00010492 -5.36 -0.1
0.00010496 -5.44 -0.1
0.000105 -5.44 -0.12
0.00010504 -5.52 -0.1
0.00010508 -5.52 -0.14
0.00010512 -5.6 -0.14
0.00010516 -5.68 -0.16
0.0001052 -5.68 -0.14
0.00010524 -5.68 -0.16
0.00010528 -5.76 -0.16
0.00010532 -5.76 -0.18
0.00010536 -5.76 -0.18
0.0001054 -5.84 -0.2
0.00010544 -5.84 -0.2
0.00010548 -5.84 -0.22
0.00010552 -5.92 -0.22
0.00010556 -5.92 -0.24
0.0001056 -6 -0.24
0.00010564 -6 -0.26
0.00010568 -6 -0.24
0.00010572 -6 -0.26
0.00010576 -6.08 -0.26
0.0001058 -6 -0.3
0.00010584 -6 -0.28
0.00010588 -6.08 -0.26
0.00010592 -6.08 -0.28
0.00010596 -6.08 -0.3
0.000106 -6.08 -0.32
0.00010604 -6.08 -0.34
0.00010608 -6.08 -0.32
0.00010612 -6.08 -0.34
0.00010616 -6.08 -0.34
0.0001062 -6.08 -0.34
0.00010624 -6.08 -0.34
0.00010628 -6.08 -0.34
0.00010632 -6 -0.38
0.00010636 -6.08 -0.36
0.0001064 -6 -0.38
0.00010644 -6 -0.38
0.00010648 -6 -0.4
0.00010652 -6 -0.4
0.00010656 -5.92 -0.4
0.0001066 -6 -0.4
0.00010664 -5.84 -0.42
0.00010668 -5.84 -0.42
0.00010672 -5.76 -0.42
0.00010676 -5.84 -0.42
0.0001068 -5.76 -0.42
0.00010684 -5.76 -0.44
0.00010688 -5.68 -0.46
0.00010692 -5.68 -0.44
0.00010696 -5.68 -0.44
0.000107 -5.6 -0.46
0.00010704 -5.52 -0.48
0.00010708 -5.52 -0.48
0.00010712 -5.52 -0.48
0.00010716 -5.44 -0.48
0.0001072 -5.36 -0.48
0.00010724 -5.36 -0.48
0.00010728 -5.36 -0.48
0.00010732 -5.2 -0.5
0.00010736 -5.2 -0.5
0.0001074 -5.2 -0.52
0.00010744 -5.12 -0.5
0.00010748 -5.04 -0.5
0.00010752 -5.04 -0.5
0.00010756 -4.96 -0.52
0.0001076 -4.88 -0.52
0.00010764 -4.8 -0.54
0.00010768 -4.8 -0.52
0.00010772 -4.72 -0.54
0.00010776 -4.64 -0.54
0.0001078 -4.56 -0.52
0.00010784 -4.48 -0.54
0.00010788 -4.4 -0.54
0.00010792 -4.4 -0.56
0.00010796 -4.24 -0.56
0.000108 -4.24 -0.56
0.00010804 -4.16 -0.54
0.00010808 -4.08 -0.56
0.00010812 -3.92 -0.56
0.00010816 -3.92 -0.54
0.0001082 -3.84 -0.56
0.00010824 -3.76 -0.56
0.00010828 -3.6 -0.54
0.00010832 -3.6 -0.56
0.00010836 -3.52 -0.56
0.0001084 -3.44 -0.56
0.00010844 -3.36 -0.56
0.00010848 -3.28 -0.56
0.00010852 -3.12 -0.56
0.00010856 -3.04 -0.54
0.0001086 -2.96 -0.56
0.00010864 -2.88 -0.56
0.00010868 -2.8 -0.56
0.00010872 -2.72 -0.56
0.00010876 -2.56 -0.54
0.0001088 -2.56 -0.54
0.00010884 -2.48 -0.54
0.00010888 -2.32 -0.54
0.00010892 -2.24 -0.54
0.00010896 -2.16 -0.54
0.000109 -2.08 -0.54
0.00010904 -2 -0.52
0.00010908 -1.84 -0.54
0.00010912 -1.84 -0.52
0.00010916 -1.68 -0.54
0.0001092 -1.6 -0.54
0.00010924 -1.44 -0.5
0.00010928 -1.36 -0.5
0.00010932 -1.28 -0.52
0.00010936 -1.2 -0.52
0.0001094 -1.04 -0.5
0.00010944 -0.96 -0.5
0.00010948 -0.96 -0.5
0.00010952 -0.72 -0.5
0.00010956 -0.64 -0.5
0.0001096 -0.56 -0.48
0.00010964 -0.4 -0.48
0.00010968 -0.32 -0.48
0.00010972 -0.32 -0.48
0.00010976 -0.24 -0.48
0.0001098 0 -0.48
0.00010984 0.08 -0.48
0.00010988 0.16 -0.48
0.00010992 0.32 -0.46
0.00010996 0.4 -0.44
0.00011 0.48 -0.46
0.00011004 0.64 -0.44
0.00011008 0.72 -0.44
0.00011012 0.8 -0.42
0.00011016 0.88 -0.42
0.0001102 1.04 -0.44
0.00011024 1.12 -0.42
0.00011028 1.2 -0.4
0.00011032 1.28 -0.4
0.00011036 1.36 -0.4
0.0001104 1.52 -0.4
0.00011044 1.6 -0.38
0.00011048 1.68 -0.38
0.00011052 1.76 -0.38
0.00011056 1.92 -0.4
0.0001106 2 -0.36
0.00011064 2 -0.36
0.00011068 2.24 -0.34
0.00011072 2.24 -0.34
0.00011076 2.32 -0.34
0.0001108 2.4 -0.32
0.00011084 2.56 -0.32
0.00011088 2.64 -0.32
0.00011092 2.72 -0.32
0.00011096 2.88 -0.3
0.000111 2.88 -0.28
0.00011104 2.96 -0.28
0.00011108 3.04 -0.26
0.00011112 3.2 -0.26
0.00011116 3.28 -0.26
0.0001112 3.36 -0.26
0.00011124 3.44 -0.26
0.00011128 3.52 -0.24
0.00011132 3.6 -0.24
0.00011136 3.68 -0.22
0.0001114 3.76 -0.2
0.00011144 3.84 -0.22
0.00011148 3.84 -0.2
0.00011152 3.92 -0.18
0.00011156 4 -0.18
0.0001116 4.16 -0.18
0.00011164 4.16 -0.16
0.00011168 4.32 -0.16
0.00011172 4.32 -0.16
0.00011176 4.4 -0.16
0.0001118 4.48 -0.14
0.00011184 4.56 -0.12
0.00011188 4.64 -0.1
0.00011192 4.64 -0.12
0.00011196 4.8 -0.1
0.000112 4.8 -0.1
0.00011204 4.8 -0.08
0.00011208 4.88 -0.08
0.00011212 4.96 -0.08
0.00011216 4.96 -0.06
0.0001122 5.12 -0.06
0.00011224 5.12 0
0.00011228 5.2 -0.04
0.00011232 5.2 0
0.00011236 5.28 0
0.0001124 5.28 0
0.00011244 5.36 0.02
0.00011248 5.44 0.02
0.00011252 5.44 0.02
0.00011256 5.52 0.04
0.0001126 5.52 0.04
0.00011264 5.6 0.06
0.00011268 5.6 0.06
0.00011272 5.6 0.08
0.00011276 5.68 0.08
0.0001128 5.76 0.1
0.00011284 5.76 0.1
0.00011288 5.76 0.1
0.00011292 5.76 0.1
0.00011296 5.76 0.14
0.000113 5.84 0.12
0.00011304 5.84 0.12
0.00011308 5.84 0.14
0.00011312 5.92 0.16
0.00011316 5.92 0.16
0.0001132 5.92 0.16
0.00011324 5.92 0.18
0.00011328 5.92 0.2
0.00011332 5.92 0.18
0.00011336 6.08 0.2
0.0001134 5.92 0.2
0.00011344 6 0.22
0.00011348 5.92 0.22
0.00011352 6 0.24
0.00011356 6 0.22
0.0001136 6 0.24
0.00011364 6 0.24
0.00011368 6 0.26
0.00011372 5.92 0.24
0.00011376 6 0.24
0.0001138 5.92 0.28
0.00011384 5.92 0.28
0.00011388 5.84 0.3
0.00011392 5.92 0.28
0.00011396 5.84 0.3
0.000114 5.84 0.3
0.00011404 5.92 0.32
0.00011408 5.84 0.32
0.00011412 5.84 0.32
0.00011416 5.76 0.32
0.0001142 5.76 0.34
0.00011424 5.76 0.34
0.00011428 5.76 0.34
0.00011432 5.6 0.32
0.00011436 5.6 0.34
0.0001144 5.52 0.34
0.00011444 5.6 0.36
0.00011448 5.52 0.36
0.00011452 5.44 0.38
0.00011456 5.44 0.4
0.0001146 5.44 0.36
0.00011464 5.36 0.4
0.00011468 5.28 0.38
0.00011472 5.28 0.4
0.00011476 5.2 0.4
0.0001148 5.12 0.4
0.00011484 5.12 0.4
0.00011488 5.12 0.4
0.00011492 4.96 0.42
0.00011496 4.96 0.4
0.000115 4.96 0.42
0.00011504 4.88 0.42
0.00011508 4.8 0.44
0.00011512 4.72 0.42
0.00011516 4.64 0.42
0.0001152 4.56 0.44
0.00011524 4.48 0.44
0.00011528 4.48 0.44
0.00011532 4.4 0.44
0.00011536 4.32 0.44
0.0001154 4.24 0.44
0.00011544 4.16 0.44
0.00011548 4.08 0.44
0.00011552 4 0.42
0.00011556 4 0.44
0.0001156 3.84 0.44
0.00011564 3.84 0.44
0.00011568 3.68 0.46
0.00011572 3.6 0.44
0.00011576 3.52 0.46
0.0001158 3.52 0.46
0.00011584 3.36 0.44
0.00011588 3.36 0.46
0.00011592 3.2 0.44
0.00011596 3.12 0.44
0.000116 2.96 0.46
0.00011604 2.96 0.44
0.00011608 2.88 0.44
0.00011612 2.88 0.44
0.00011616 2.64 0.44
0.0001162 2.64 0.44
0.00011624 2.56 0.44
0.00011628 2.4 0.44
0.00011632 2.32 0.44
0.00011636 2.24 0.46
0.0001164 2.08 0.44
0.00011644 2 0.44
0.00011648 1.92 0.44
0.00011652 1.84 0.44
0.00011656 1.76 0.42
0.0001166 1.68 0.42
0.00011664 1.6 0.42
0.00011668 1.44 0.42
0.00011672 1.36 0.42
0.00011676 1.28 0.4
0.0001168 1.2 0.42
0.00011684 1.12 0.42
0.00011688 0.96 0.42
0.00011692 0.8 0.4
0.00011696 0.72 0.42
0.000117 0.64 0.4
0.00011704 0.64 0.4
0.00011708 0.4 0.4
0.00011712 0.32 0.38
0.00011716 0.32 0.36
0.0001172 0.16 0.38
0.00011724 0 0.38
0.00011728 0 0.38
0.00011732 -0.24 0.36
0.00011736 -0.32 0.36
0.0001174 -0.4 0.36
0.00011744 -0.48 0.34
0.00011748 -0.64 0.34
0.00011752 -0.72 0.32
0.00011756 -0.8 0.34
0.0001176 -0.96 0.32
0.00011764 -1.04 0.32
0.00011768 -1.2 0.32
0.00011772 -1.28 0.32
0.00011776 -1.28 0.32
0.0001178 -1.44 0.3
0.00011784 -1.52 0.3
0.00011788 -1.68 0.3
0.00011792 -1.68 0.3
0.00011796 -1.84 0.28
0.000118 -1.92 0.26
0.00011804 -2 0.26
0.00011808 -2 0.26
0.00011812 -2.24 0.26
0.00011816 -2.32 0.24
0.0001182 -2.32 0.24
0.00011824 -2.48 0.24
0.00011828 -2.56 0.24
0.00011832 -2.64 0.22
0.00011836 -2.8 0.2
0.0001184 -2.88 0.2
0.00011844 -2.96 0.2
0.00011848 -3.04 0.18
0.00011852 -3.12 0.18
0.00011856 -3.2 0.18
0.0001186 -3.28 0.18
0.00011864 -3.44 0.16
0.00011868 -3.44 0.16
0.00011872 -3.52 0.14
0.00011876 -3.6 0.14
0.0001188 -3.76 0.12
0.00011884 -3.76 0.12
0.00011888 -3.84 0.1
0.00011892 -3.92 0.1
0.00011896 -4 0.1
0.000119 -4.08 0.1
0.00011904 -4.16 0.08
0.00011908 -4.24 0.08
0.00011912 -4.32 0.06
0.00011916 -4.4 0.08
0.0001192 -4.48 0.06
0.00011924 -4.48 0.04
0.00011928 -4.56 0.04
0.00011932 -4.72 0.04
0.00011936 -4.72 0.02
0.0001194 -4.8 0
0.00011944 -4.88 0
0.00011948 -4.88 0
0.00011952 -5.04 0
0.00011956 -5.04 -0.04
0.0001196 -5.04 -0.06
0.00011964 -5.12 -0.06
0.00011968 -5.12 -0.06
0.00011972 -5.2 -0.06
0.00011976 -5.2 -0.08
0.0001198 -5.36 -0.1
0.00011984 -5.36 -0.08
0.00011988 -5.44 -0.1
0.00011992 -5.44 -0.12
0.00011996 -5.44 -0.12
0.00012 -5.52 -0.14
0.00012004 -5.6 -0.14
0.00012008 -5.6 -0.16
0.00012012 -5.68 -0.16
0.00012016 -5.68 -0.16
0.0001202 -5.68 -0.16
0.00012024 -5.76 -0.18
0.00012028 -5.84 -0.2
0.00012032 -5.84 -0.2
0.00012036 -5.84 -0.22
0.0001204 -5.84 -0.2
0.00012044 -5.84 -0.22
0.00012048 -6 -0.22
0.00012052 -6 -0.24
0.00012056 -6 -0.26
0.0001206 -6 -0.24
0.00012064 -6 -0.26
0.00012068 -6 -0.26
0.00012072 -6.08 -0.26
0.00012076 -6.08 -0.28
0.0001208 -6.08 -0.28
0.00012084 -6.08 -0.3
0.00012088 -6.08 -0.3
0.00012092 -6.08 -0.3
0.00012096 -6.08 -0.32
0.000121 -6.08 -0.34
0.00012104 -6.08 -0.34
0.00012108 -6.08 -0.34
0.00012112 -6.08 -0.34
0.00012116 -6.08 -0.36
0.0001212 -6.08 -0.38
0.00012124 -6.08 -0.36
0.00012128 -6 -0.36
0.00012132 -6 -0.4
0.00012136 -6 -0.38
0.0001214 -6 -0.4
0.00012144 -6 -0.38
0.00012148 -6 -0.4
0.00012152 -5.92 -0.4
0.00012156 -5.84 -0.4
0.0001216 -5.92 -0.42
0.00012164 -5.84 -0.42
0.00012168 -5.84 -0.44
0.00012172 -5.84 -0.44
0.00012176 -5.76 -0.44
0.0001218 -5.76 -0.44
0.00012184 -5.68 -0.44
0.00012188 -5.68 -0.46
0.00012192 -5.68 -0.46
0.00012196 -5.52 -0.48
0.000122 -5.52 -0.46
0.00012204 -5.52 -0.48
0.00012208 -5.44 -0.48
0.00012212 -5.36 -0.48
0.00012216 -5.36 -0.48
0.0001222 -5.36 -0.5
0.00012224 -5.2 -0.5
0.00012228 -5.2 -0.52
0.00012232 -5.2 -0.5
0.00012236 -5.12 -0.52
0.0001224 -5.04 -0.5
0.00012244 -5.04 -0.52
0.00012248 -4.96 -0.52
0.00012252 -4.88 -0.5
0.00012256 -4.8 -0.52
0.0001226 -4.8 -0.52
0.00012264 -4.72 -0.54
0.00012268 -4.64 -0.52
0.00012272 -4.56 -0.54
0.00012276 -4.48 -0.54
0.0001228 -4.4 -0.54
0.00012284 -4.32 -0.54
0.00012288 -4.24 -0.54
0.00012292 -4.16 -0.54
0.00012296 -4.16 -0.56
0.000123 -4.08 -0.54
0.00012304 -3.92 -0.54
0.00012308 -3.92 -0.54
0.00012312 -3.84 -0.56
0.00012316 -3.76 -0.56
0.0001232 -3.76 -0.56
0.00012324 -3.6 -0.54
0.00012328 -3.52 -0.56
0.00012332 -3.44 -0.56
0.00012336 -3.28 -0.54
0.0001234 -3.28 -0.56
0.00012344 -3.2 -0.56
0.00012348 -3.12 -0.56
0.00012352 -2.96 -0.56
0.00012356 -2.96 -0.56
0.0001236 -2.88 -0.54
0.00012364 -2.8 -0.56
0.00012368 -2.64 -0.54
0.00012372 -2.56 -0.54
0.00012376 -2.4 -0.54
0.0001238 -2.32 -0.54
0.00012384 -2.24 -0.54
0.00012388 -2.16 -0.54
0.00012392 -2.08 -0.54
0.00012396 -2 -0.54
0.000124 -1.92 -0.54
0.00012404 -1.84 -0.54
0.00012408 -1.68 -0.54
0.00012412 -1.68 -0.52
0.00012416 -1.52 -0.52
0.0001242 -1.36 -0.54
0.00012424 -1.36 -0.52
0.00012428 -1.2 -0.5
0.00012432 -1.2 -0.5
0.00012436 -1.04 -0.5
0.0001244 -0.88 -0.52
0.00012444 -0.88 -0.5
0.00012448 -0.64 -0.5
0.00012452 -0.64 -0.5
0.00012456 -0.4 -0.5
0.0001246 -0.4 -0.48
0.00012464 -0.32 -0.5
0.00012468 -0.24 -0.48
0.00012472 0 -0.48
0.00012476 0.08 -0.48
0.0001248 0.16 -0.46
0.00012484 0.32 -0.46
0.00012488 0.4 -0.46
0.00012492 0.48 -0.46
0.00012496 0.64 -0.42
0.000125 0.72 -0.42
0.00012504 0.8 -0.44
0.00012508 0.88 -0.44
0.00012512 1.04 -0.42
0.00012516 1.12 -0.42
0.0001252 1.12 -0.42
0.00012524 1.28 -0.42
0.00012528 1.36 -0.4
0.00012532 1.44 -0.4
0.00012536 1.6 -0.38
0.0001254 1.6 -0.38
0.00012544 1.76 -0.38
0.00012548 1.92 -0.36
0.00012552 2 -0.36
0.00012556 2.08 -0.34
0.0001256 2.16 -0.34
0.00012564 2.24 -0.34
0.00012568 2.32 -0.34
0.00012572 2.4 -0.32
0.00012576 2.56 -0.32
0.0001258 2.56 -0.32
0.00012584 2.64 -0.3
0.00012588 2.88 -0.3
0.00012592 2.88 -0.28
0.00012596 2.96 -0.3
0.000126 3.04 -0.26
0.00012604 3.2 -0.26
0.00012608 3.2 -0.26
0.00012612 3.36 -0.26
0.00012616 3.36 -0.24
0.0001262 3.52 -0.24
0.00012624 3.6 -0.22
0.00012628 3.6 -0.24
0.00012632 3.68 -0.24
0.00012636 3.84 -0.2
0.0001264 3.84 -0.2
0.00012644 4 -0.2
0.00012648 4.08 -0.18
0.00012652 4.16 -0.18
0.00012656 4.16 -0.16
0.0001266 4.24 -0.16
0.00012664 4.32 -0.16
0.00012668 4.4 -0.14
0.00012672 4.48 -0.14
0.00012676 4.56 -0.12
0.0001268 4.64 -0.12
0.00012684 4.64 -0.12
0.00012688 4.72 -0.1
0.00012692 4.8 -0.1
0.00012696 4.88 -0.08
0.000127 4.96 -0.08
0.00012704 4.96 -0.08
0.00012708 4.96 -0.06
0.00012712 5.12 -0.04
0.00012716 5.12 -0.04
0.0001272 5.2 -0.06
0.00012724 5.2 0
0.00012728 5.28 0
0.00012732 5.28 0.02
0.00012736 5.44 0
0.0001274 5.44 0.02
0.00012744 5.44 0.04
0.00012748 5.52 0.04
0.00012752 5.52 0.04
0.00012756 5.52 0.04
0.0001276 5.6 0.06
0.00012764 5.6 0.08
0.00012768 5.76 0.08
0.00012772 5.68 0.08
0.00012776 5.76 0.08
0.0001278 5.76 0.12
0.00012784 5.76 0.12
0.00012788 5.84 0.1
0.00012792 5.84 0.12
0.00012796 5.84 0.12
0.000128 5.84 0.16
0.00012804 5.92 0.14
0.00012808 5.92 0.16
0.00012812 5.92 0.16
0.00012816 5.92 0.16
0.0001282 5.92 0.18
0.00012824 6 0.18
0.00012828 5.92 0.2
0.00012832 6 0.2
0.00012836 6 0.2
0.0001284 6.08 0.22
0.00012844 6 0.22
0.00012848 5.92 0.24
0.00012852 6.08 0.24
0.00012856 6 0.26
0.0001286 5.92 0.24
0.00012864 5.92 0.24
0.00012868 5.92 0.26
0.00012872 5.92 0.28
0.00012876 5.92 0.28
0.0001288 5.92 0.26
0.00012884 5.92 0.3
0.00012888 5.92 0.3
0.00012892 5.92 0.3
0.00012896 5.84 0.3
0.000129 5.92 0.3
0.00012904 5.84 0.32
0.00012908 5.76 0.32
0.00012912 5.76 0.34
0.00012916 5.76 0.34
0.0001292 5.68 0.32
0.00012924 5.6 0.34
0.00012928 5.6 0.36
0.00012932 5.6 0.34
0.00012936 5.52 0.36
0.0001294 5.52 0.36
0.00012944 5.52 0.38
0.00012948 5.44 0.36
0.00012952 5.44 0.38
0.00012956 5.44 0.4
0.0001296 5.28 0.4
0.00012964 5.28 0.38
0.00012968 5.2 0.38
0.00012972 5.12 0.4
0.00012976 5.12 0.42
0.0001298 5.12 0.4
0.00012984 5.04 0.4
0.00012988 4.96 0.42
0.00012992 4.96 0.4
0.00012996 4.88 0.42
0.00013 4.8 0.42
0.00013004 4.72 0.42
0.00013008 4.64 0.42
0.00013012 4.56 0.42
0.00013016 4.56 0.44
0.0001302 4.48 0.42
0.00013024 4.4 0.42
0.00013028 4.32 0.44
0.00013032 4.24 0.44
0.00013036 4.16 0.44
0.0001304 4.08 0.42
0.00013044 4 0.44
0.00013048 3.92 0.46
0.00013052 3.92 0.44
0.00013056 3.84 0.44
0.0001306 3.76 0.44
0.00013064 3.68 0.46
0.00013068 3.52 0.48
0.00013072 3.52 0.44
0.00013076 3.36 0.44
0.0001308 3.28 0.44
0.00013084 3.2 0.46
0.00013088 3.04 0.46
0.00013092 3.04 0.44
0.00013096 2.96 0.46
0.000131 2.88 0.46
0.00013104 2.72 0.44
0.00013108 2.72 0.44
0.00013112 2.56 0.46
0.00013116 2.56 0.46
0.0001312 2.4 0.44
0.00013124 2.32 0.44
0.00013128 2.24 0.44
0.00013132 2.16 0.46
0.00013136 2.08 0.44
0.0001314 2 0.44
0.00013144 1.84 0.42
0.00013148 1.76 0.42
0.00013152 1.68 0.44
0.00013156 1.6 0.42
0.0001316 1.44 0.42
0.00013164 1.36 0.42
0.00013168 1.28 0.42
0.00013172 1.2 0.42
0.00013176 1.04 0.42
0.0001318 1.04 0.42
0.00013184 0.8 0.42
0.00013188 0.8 0.4
0.00013192 0.64 0.4
0.00013196 0.64 0.4
0.000132 0.48 0.4
0.00013204 0.4 0.4
0.00013208 0.32 0.38
0.00013212 0.08 0.36
0.00013216 0.08 0.36
0.0001322 0 0.38
0.00013224 -0.16 0.36
0.00013228 -0.32 0.38
0.00013232 -0.4 0.34
0.00013236 -0.56 0.34
0.0001324 -0.64 0.34
0.00013244 -0.72 0.36
0.00013248 -0.88 0.34
0.00013252 -0.96 0.32
0.00013256 -1.04 0.34
0.0001326 -1.04 0.32
0.00013264 -1.2 0.32
0.00013268 -1.36 0.32
0.00013272 -1.36 0.32
0.00013276 -1.52 0.3
0.0001328 -1.6 0.28
0.00013284 -1.68 0.28
0.00013288 -1.76 0.28
0.00013292 -1.84 0.26
0.00013296 -2 0.28
0.000133 -2.16 0.24
0.00013304 -2.16 0.26
0.00013308 -2.32 0.24
0.00013312 -2.32 0.26
0.00013316 -2.48 0.24
0.0001332 -2.56 0.24
0.00013324 -2.64 0.22
0.00013328 -2.8 0.22
0.00013332 -2.8 0.22
0.00013336 -2.96 0.2
0.0001334 -2.96 0.18
0.00013344 -3.12 0.18
0.00013348 -3.2 0.18
0.00013352 -3.28 0.16
0.00013356 -3.36 0.16
0.0001336 -3.44 0.16
0.00013364 -3.52 0.14
0.00013368 -3.6 0.14
0.00013372 -3.6 0.12
0.00013376 -3.76 0.12
0.0001338 -3.84 0.12
0.00013384 -3.92 0.1
0.00013388 -4.08 0.1
0.00013392 -4.08 0.08
0.00013396 -4.08 0.08
0.000134 -4.24 0.08
0.00013404 -4.24 0.08
0.00013408 -4.4 0.04
0.00013412 -4.48 0.04
0.00013416 -4.48 0.06
0.0001342 -4.56 0.06
0.00013424 -4.64 0.02
0.00013428 -4.72 0.02
0.00013432 -4.8 0
0.00013436 -4.8 0
0.0001344 -4.88 0
0.00013444 -4.96 -0.04
0.00013448 -5.04 -0.04
0.00013452 -5.04 -0.04
0.00013456 -5.12 -0.06
0.0001346 -5.2 -0.06
0.00013464 -5.2 -0.06
0.00013468 -5.2 -0.08
0.00013472 -5.36 -0.08
0.00013476 -5.36 -0.1
0.0001348 -5.44 -0.12
0.00013484 -5.52 -0.1
0.00013488 -5.44 -0.1
0.00013492 -5.44 -0.14
0.00013496 -5.6 -0.16
0.000135 -5.68 -0.16
0.00013504 -5.68 -0.14
0.00013508 -5.68 -0.16
0.00013512 -5.68 -0.18
0.00013516 -5.76 -0.18
0.0001352 -5.76 -0.2
0.00013524 -5.84 -0.2
0.00013528 -5.84 -0.2
0.00013532 -5.84 -0.2
0.00013536 -5.84 -0.24
0.0001354 -5.92 -0.22
0.00013544 -6 -0.24
0.00013548 -6 -0.24
0.00013552 -6 -0.26
0.00013556 -6 -0.26
0.0001356 -6 -0.26
0.00013564 -6.08 -0.3
0.00013568 -6.08 -0.26
0.00013572 -6.08 -0.28
0.00013576 -6.08 -0.28
0.0001358 -6.08 -0.3
0.00013584 -6.08 -0.32
0.00013588 -6.16 -0.32
0.00013592 -6.08 -0.32
0.00013596 -6.08 -0.32
0.000136 -6.08 -0.34
0.00013604 -6.08 -0.34
0.00013608 -6.08 -0.34
0.00013612 -6.08 -0.38
0.00013616 -6.08 -0.36
0.0001362 -6 -0.38
0.00013624 -6.08 -0.38
0.00013628 -6 -0.38
0.00013632 -6 -0.38
0.00013636 -6 -0.4
0.0001364 -6 -0.4
0.00013644 -5.84 -0.4
0.00013648 -5.84 -0.42
0.00013652 -5.84 -0.42
0.00013656 -5.84 -0.42
0.0001366 -5.84 -0.44
0.00013664 -5.76 -0.42
0.00013668 -5.76 -0.44
0.00013672 -5.76 -0.44
0.00013676 -5.68 -0.46
0.0001368 -5.68 -0.46
0.00013684 -5.6 -0.46
0.00013688 -5.52 -0.46
0.00013692 -5.52 -0.48
0.00013696 -5.52 -0.48
0.000137 -5.44 -0.46
0.00013704 -5.44 -0.48
0.00013708 -5.36 -0.48
0.00013712 -5.36 -0.48
0.00013716 -5.2 -0.5
0.0001372 -5.2 -0.5
0.00013724 -5.12 -0.5
0.00013728 -5.12 -0.5
0.00013732 -5.04 -0.5
0.00013736 -5.04 -0.52
0.0001374 -4.96 -0.5
0.00013744 -4.88 -0.52
0.00013748 -4.8 -0.52
0.00013752 -4.8 -0.52
0.00013756 -4.72 -0.52
0.0001376 -4.64 -0.54
0.00013764 -4.56 -0.54
0.00013768 -4.48 -0.52
0.00013772 -4.4 -0.52
0.00013776 -4.4 -0.54
0.0001378 -4.24 -0.56
0.00013784 -4.24 -0.54
0.00013788 -4.16 -0.56
0.00013792 -4.08 -0.54
0.00013796 -3.92 -0.54
0.000138 -3.92 -0.54
0.00013804 -3.84 -0.56
0.00013808 -3.76 -0.54
0.00013812 -3.68 -0.56
0.00013816 -3.6 -0.56
0.0001382 -3.52 -0.56
0.00013824 -3.44 -0.54
0.00013828 -3.36 -0.56
0.00013832 -3.28 -0.56
0.00013836 -3.2 -0.54
0.0001384 -3.04 -0.56
0.00013844 -2.96 -0.56
0.00013848 -2.88 -0.56
0.00013852 -2.88 -0.56
0.00013856 -2.72 -0.54
0.0001386 -2.64 -0.54
0.00013864 -2.56 -0.54
0.00013868 -2.48 -0.56
0.00013872 -2.4 -0.54
0.00013876 -2.24 -0.54
0.0001388 -2.24 -0.52
0.00013884 -2.16 -0.54
0.00013888 -2 -0.54
0.00013892 -1.92 -0.52
0.00013896 -1.84 -0.54
0.000139 -1.68 -0.54
0.00013904 -1.6 -0.54
0.00013908 -1.52 -0.54
0.00013912 -1.44 -0.52
0.00013916 -1.28 -0.5
0.0001392 -1.2 -0.5
0.00013924 -1.2 -0.5
0.00013928 -1.04 -0.5
0.00013932 -0.96 -0.5
0.00013936 -0.8 -0.5
0.0001394 -0.72 -0.48
0.00013944 -0.64 -0.5
0.00013948 -0.56 -0.48
0.00013952 -0.4 -0.5
0.00013956 -0.32 -0.48
0.0001396 -0.24 -0.48
0.00013964 0 -0.46
0.00013968 0.08 -0.48
0.00013972 0.16 -0.46
0.00013976 0.24 -0.46
0.0001398 0.32 -0.46
0.00013984 0.48 -0.46
0.00013988 0.56 -0.42
0.00013992 0.64 -0.44
0.00013996 0.72 -0.44
0.00014 0.96 -0.42
0.00014004 1.04 -0.42
0.00014008 1.04 -0.42
0.00014012 1.12 -0.42
0.00014016 1.28 -0.4
0.0001402 1.36 -0.4
0.00014024 1.44 -0.4
0.00014028 1.6 -0.4
0.00014032 1.6 -0.38
0.00014036 1.76 -0.36
0.0001404 1.76 -0.38
0.00014044 1.92 -0.38
0.00014048 2 -0.34
0.00014052 2.16 -0.34
0.00014056 2.32 -0.32
0.0001406 2.32 -0.34
0.00014064 2.4 -0.34
0.00014068 2.56 -0.32
0.00014072 2.64 -0.32
0.00014076 2.64 -0.32
0.0001408 2.8 -0.3
0.00014084 2.88 -0.3
0.00014088 2.96 -0.3
0.00014092 3.04 -0.26
0.00014096 3.2 -0.3
0.000141 3.2 -0.26
0.00014104 3.28 -0.26
0.00014108 3.36 -0.24
0.00014112 3.52 -0.24
0.00014116 3.6 -0.24
0.0001412 3.68 -0.22
0.00014124 3.68 -0.22
0.00014128 3.84 -0.2
0.00014132 3.84 -0.22
0.00014136 3.92 -0.2
0.0001414 4.08 -0.18
0.00014144 4.16 -0.18
0.00014148 4.16 -0.18
0.00014152 4.24 -0.18
0.00014156 4.32 -0.14
0.0001416 4.48 -0.14
0.00014164 4.48 -0.12
0.00014168 4.56 -0.14
0.00014172 4.56 -0.12
0.00014176 4.64 -0.1
0.0001418 4.8 -0.1
0.00014184 4.8 -0.1
0.00014188 4.88 -0.08
0.00014192 4.96 -0.08
0.00014196 4.96 -0.06
0.000142 4.96 -0.06
0.00014204 5.12 -0.06
0.00014208 5.12 -0.04
0.00014212 5.12 -0.04
0.00014216 5.2 0
0.0001422 5.28 0
0.00014224 5.28 0
0.00014228 5.36 0.02
0.00014232 5.44 0.02
0.00014236 5.44 0.02
0.0001424 5.52 0.02
0.00014244 5.52 0.04
0.00014248 5.52 0.04
0.00014252 5.6 0.06
0.00014256 5.6 0.06
0.0001426 5.6 0.08
0.00014264 5.68 0.08
0.00014268 5.76 0.08
0.00014272 5.76 0.1
0.00014276 5.76 0.12
0.0001428 5.76 0.12
0.00014284 5.84 0.12
0.00014288 5.84 0.14
0.00014292 5.84 0.16
0.00014296 5.92 0.14
0.000143 5.84 0.16
0.00014304 5.92 0.16
0.00014308 5.92 0.18
0.00014312 5.92 0.18
0.00014316 5.92 0.2
0.0001432 6 0.2
0.00014324 5.92 0.2
0.00014328 6 0.2
0.00014332 5.92 0.22
0.00014336 6 0.24
0.0001434 6 0.24
0.00014344 5.92 0.24
0.00014348 6 0.24
0.00014352 5.92 0.24
0.00014356 5.92 0.28
0.0001436 5.92 0.26
0.00014364 5.92 0.28
0.00014368 5.92 0.28
0.00014372 5.92 0.3
0.00014376 5.92 0.3
0.0001438 5.84 0.28
0.00014384 5.92 0.3
0.00014388 5.92 0.3
0.00014392 5.84 0.32
0.00014396 5.84 0.32
0.000144 5.84 0.34
0.00014404 5.76 0.34
0.00014408 5.76 0.34
0.00014412 5.76 0.34
0.00014416 5.68 0.34
0.0001442 5.6 0.34
0.00014424 5.6 0.36
0.00014428 5.6 0.36
0.00014432 5.52 0.38
0.00014436 5.44 0.36
0.0001444 5.44 0.38
0.00014444 5.44 0.38
0.00014448 5.28 0.36
0.00014452 5.28 0.4
0.00014456 5.28 0.4
0.0001446 5.2 0.4
0.00014464 5.12 0.42
0.00014468 5.12 0.4
0.00014472 5.12 0.4
0.00014476 5.04 0.42
0.0001448 4.96 0.42
0.00014484 4.88 0.4
0.00014488 4.8 0.42
0.00014492 4.8 0.44
0.00014496 4.8 0.42
0.000145 4.64 0.42
0.00014504 4.56 0.42
0.00014508 4.56 0.44
0.00014512 4.48 0.44
0.00014516 4.4 0.44
0.0001452 4.32 0.44
0.00014524 4.24 0.44
0.00014528 4.16 0.46
0.00014532 4.16 0.44
0.00014536 4 0.46
0.0001454 3.92 0.44
0.00014544 3.84 0.44
0.00014548 3.84 0.46
0.00014552 3.68 0.44
0.00014556 3.68 0.46
0.0001456 3.6 0.46
0.00014564 3.52 0.46
0.00014568 3.36 0.48
0.00014572 3.36 0.46
0.00014576 3.28 0.46
0.0001458 3.2 0.44
0.00014584 3.04 0.46
0.00014588 2.96 0.46
0.00014592 2.88 0.44
0.00014596 2.88 0.44
0.000146 2.72 0.46
0.00014604 2.56 0.46
0.00014608 2.56 0.44
0.00014612 2.4 0.44
0.00014616 2.32 0.44
0.0001462 2.24 0.46
0.00014624 2.16 0.44
0.00014628 2 0.44
0.00014632 2 0.44
0.00014636 1.92 0.44
0.0001464 1.76 0.44
0.00014644 1.68 0.42
0.00014648 1.6 0.42
0.00014652 1.44 0.42
0.00014656 1.36 0.44
0.0001466 1.28 0.42
0.00014664 1.28 0.42
0.00014668 1.12 0.42
0.00014672 0.96 0.42
0.00014676 0.96 0.4
0.0001468 0.8 0.4
0.00014684 0.64 0.4
0.00014688 0.56 0.4
0.00014692 0.48 0.4
0.00014696 0.32 0.38
0.000147 0.32 0.4
0.00014704 0.16 0.36
0.00014708 0.08 0.4
0.00014712 0 0.36
0.00014716 -0.16 0.36
0.0001472 -0.32 0.36
0.00014724 -0.4 0.36
0.00014728 -0.4 0.36
0.00014732 -0.64 0.34
0.00014736 -0.64 0.34
0.0001474 -0.72 0.34
0.00014744 -0.96 0.34
0.00014748 -1.04 0.32
0.00014752 -1.04 0.32
0.00014756 -1.2 0.32
0.0001476 -1.28 0.32
0.00014764 -1.36 0.32
0.00014768 -1.52 0.28
0.00014772 -1.6 0.3
0.00014776 -1.68 0.3
0.0001478 -1.84 0.28
0.00014784 -1.84 0.28
0.00014788 -2 0.26
0.00014792 -2.08 0.26
0.00014796 -2.16 0.26
0.000148 -2.24 0.26
0.00014804 -2.32 0.24
0.00014808 -2.48 0.24
0.00014812 -2.56 0.24
0.00014816 -2.64 0.22
0.0001482 -2.72 0.22
0.00014824 -2.8 0.2
0.00014828 -2.88 0.2
0.00014832 -2.96 0.2
0.00014836 -3.04 0.18
0.0001484 -3.2 0.18
0.00014844 -3.2 0.16
0.00014848 -3.28 0.18
0.00014852 -3.44 0.16
0.00014856 -3.52 0.14
0.0001486 -3.6 0.14
0.00014864 -3.68 0.12
0.00014868 -3.76 0.12
0.00014872 -3.84 0.12
0.00014876 -3.92 0.1
0.0001488 -3.92 0.1
0.00014884 -4.08 0.1
0.00014888 -4.16 0.1
0.00014892 -4.24 0.06
0.00014896 -4.24 0.08
0.000149 -4.4 0.08
0.00014904 -4.4 0.06
0.00014908 -4.48 0.04
0.00014912 -4.56 0.02
0.00014916 -4.56 0.02
0.0001492 -4.72 0.02
0.00014924 -4.8 0.02
0.00014928 -4.8 0
0.00014932 -4.88 -0.04
0.00014936 -4.88 0
0.0001494 -5.04 0
0.00014944 -5.12 -0.04
0.00014948 -5.12 -0.06
0.00014952 -5.12 -0.06
0.00014956 -5.2 -0.06
0.0001496 -5.2 -0.08
0.00014964 -5.36 -0.1
0.00014968 -5.36 -0.08
0.00014972 -5.44 -0.08
0.00014976 -5.44 -0.1
0.0001498 -5.52 -0.12
0.00014984 -5.52 -0.12
0.00014988 -5.52 -0.14
0.00014992 -5.6 -0.14
0.00014996 -5.68 -0.16
0.00015 -5.68 -0.16
0.00015004 -5.76 -0.18
0.00015008 -5.76 -0.18
0.00015012 -5.84 -0.16
0.00015016 -5.84 -0.2
0.0001502 -5.84 -0.2
0.00015024 -5.84 -0.2
0.00015028 -5.84 -0.22
0.00015032 -5.92 -0.24
0.00015036 -5.92 -0.24
0.0001504 -5.92 -0.24
0.00015044 -6 -0.24
0.00015048 -6.08 -0.26
0.00015052 -6 -0.28
0.00015056 -6.08 -0.28
0.0001506 -6.08 -0.26
0.00015064 -6.08 -0.28
0.00015068 -6.08 -0.3
0.00015072 -6.08 -0.32
0.00015076 -6.08 -0.3
0.0001508 -6.08 -0.3
0.00015084 -6.08 -0.32
0.00015088 -6.08 -0.32
0.00015092 -6 -0.34
0.00015096 -6.16 -0.34
0.000151 -6.08 -0.34
0.00015104 -6.08 -0.34
0.00015108 -6.08 -0.38
0.00015112 -6 -0.36
0.00015116 -6.08 -0.38
0.0001512 -6 -0.38
0.00015124 -6.08 -0.4
0.00015128 -6 -0.4
0.00015132 -5.92 -0.4
0.00015136 -6 -0.4
0.0001514 -5.84 -0.42
0.00015144 -5.84 -0.4
0.00015148 -5.84 -0.44
0.00015152 -5.84 -0.42
0.00015156 -5.84 -0.44
0.0001516 -5.76 -0.44
0.00015164 -5.68 -0.44
0.00015168 -5.68 -0.46
0.00015172 -5.68 -0.46
0.00015176 -5.68 -0.46
0.0001518 -5.52 -0.48
0.00015184 -5.52 -0.46
0.00015188 -5.52 -0.46
0.00015192 -5.44 -0.48
0.00015196 -5.44 -0.48
0.000152 -5.44 -0.5
0.00015204 -5.36 -0.5
0.00015208 -5.28 -0.5
0.00015212 -5.2 -0.48
0.00015216 -5.2 -0.5
0.0001522 -5.12 -0.5
0.00015224 -5.12 -0.5
0.00015228 -5.04 -0.5
0.00015232 -4.88 -0.54
0.00015236 -4.88 -0.5
0.0001524 -4.88 -0.5
0.00015244 -4.8 -0.54
0.00015248 -4.72 -0.54
0.00015252 -4.56 -0.54
0.00015256 -4.56 -0.52
0.0001526 -4.56 -0.54
0.00015264 -4.48 -0.54
0.00015268 -4.4 -0.54
0.00015272 -4.32 -0.54
0.00015276 -4.24 -0.54
0.0001528 -4.16 -0.54
0.00015284 -4.08 -0.54
0.00015288 -4 -0.54
0.00015292 -3.92 -0.54
0.00015296 -3.84 -0.54
0.000153 -3.84 -0.56
0.00015304 -3.68 -0.56
0.00015308 -3.6 -0.54
0.00015312 -3.52 -0.54
0.00015316 -3.52 -0.56
0.0001532 -3.36 -0.56
0.00015324 -3.36 -0.54
0.00015328 -3.2 -0.54
0.00015332 -3.12 -0.56
0.00015336 -3.12 -0.56
0.0001534 -2.96 -0.56
0.00015344 -2.8 -0.54
0.00015348 -2.8 -0.54
0.00015352 -2.64 -0.56
0.00015356 -2.56 -0.56
0.0001536 -2.48 -0.54
0.00015364 -2.32 -0.54
0.00015368 -2.32 -0.56
0.00015372 -2.24 -0.54
0.00015376 -2.16 -0.54
0.0001538 -2 -0.54
0.00015384 -1.92 -0.54
0.00015388 -1.84 -0.54
0.00015392 -1.68 -0.54
0.00015396 -1.6 -0.54
0.000154 -1.52 -0.52
0.00015404 -1.36 -0.54
0.00015408 -1.36 -0.52
0.00015412 -1.28 -0.5
0.00015416 -1.12 -0.5
0.0001542 -1.04 -0.5
0.00015424 -0.96 -0.52
0.00015428 -0.88 -0.5
0.00015432 -0.72 -0.5
0.00015436 -0.64 -0.48
0.0001544 -0.56 -0.48
0.00015444 -0.4 -0.48
0.00015448 -0.4 -0.46
0.00015452 -0.24 -0.48
0.00015456 0 -0.46
0.0001546 0.08 -0.48
0.00015464 0.16 -0.46
0.00015468 0.32 -0.46
0.00015472 0.4 -0.46
0.00015476 0.4 -0.46
0.0001548 0.56 -0.44
0.00015484 0.64 -0.42
0.00015488 0.8 -0.42
0.00015492 0.8 -0.42
0.00015496 0.96 -0.42
0.000155 1.04 -0.42
0.00015504 1.12 -0.4
0.00015508 1.28 -0.4
0.00015512 1.36 -0.4
0.00015516 1.44 -0.4
0.0001552 1.6 -0.38
0.00015524 1.6 -0.38
0.00015528 1.76 -0.38
0.00015532 1.76 -0.36
0.00015536 1.92 -0.38
0.0001554 2 -0.34
0.00015544 2.08 -0.34
0.00015548 2.24 -0.34
0.00015552 2.32 -0.34
0.00015556 2.4 -0.32
0.0001556 2.48 -0.32
0.00015564 2.56 -0.32
0.00015568 2.72 -0.32
0.00015572 2.72 -0.3
0.00015576 2.88 -0.3
0.0001558 2.96 -0.3
0.00015584 3.04 -0.28
0.00015588 3.2 -0.26
0.00015592 3.2 -0.26
0.00015596 3.28 -0.26
0.000156 3.36 -0.26
0.00015604 3.52 -0.24
0.00015608 3.52 -0.22
0.00015612 3.6 -0.22
0.00015616 3.68 -0.22
0.0001562 3.84 -0.22
0.00015624 3.92 -0.22
0.00015628 3.92 -0.18
0.00015632 4 -0.18
0.00015636 4.08 -0.18
0.0001564 4.16 -0.18
0.00015644 4.24 -0.16
0.00015648 4.32 -0.14
0.00015652 4.4 -0.14
0.00015656 4.48 -0.14
0.0001566 4.48 -0.14
0.00015664 4.56 -0.1
0.00015668 4.64 -0.1
0.00015672 4.64 -0.1
0.00015676 4.8 -0.1
0.0001568 4.8 -0.08
0.00015684 4.88 -0.08
0.00015688 4.96 -0.08
0.00015692 4.96 -0.08
0.00015696 5.12 -0.06
0.000157 5.12 -0.06
0.00015704 5.12 -0.04
0.00015708 5.28 -0.04
0.00015712 5.28 0
0.00015716 5.36 0
0.0001572 5.28 0.02
0.00015724 5.44 0.02
0.00015728 5.44 0.04
0.00015732 5.44 0.04
0.00015736 5.52 0.04
0.0001574 5.52 0.04
0.00015744 5.6 0.06
0.00015748 5.6 0.08
0.00015752 5.68 0.08
0.00015756 5.68 0.08
0.0001576 5.76 0.08
0.00015764 5.76 0.1
0.00015768 5.84 0.12
0.00015772 5.84 0.1
0.00015776 5.84 0.12
0.0001578 5.84 0.12
0.00015784 5.84 0.14
0.00015788 5.92 0.16
0.00015792 5.92 0.14
0.00015796 5.92 0.16
0.000158 5.92 0.18
0.00015804 5.92 0.18
0.00015808 5.92 0.2
0.00015812 6 0.18
0.00015816 6 0.2
0.0001582 5.92 0.2
0.00015824 5.92 0.24
0.00015828 6 0.22
0.00015832 5.92 0.22
0.00015836 6 0.24
0.0001584 6 0.24
0.00015844 5.92 0.24
0.00015848 5.92 0.26
0.00015852 5.92 0.26
0.00015856 5.92 0.28
0.0001586 5.92 0.28
0.00015864 5.92 0.26
0.00015868 5.92 0.3
0.00015872 5.92 0.3
0.00015876 5.92 0.3
0.0001588 5.84 0.3
0.00015884 5.84 0.3
0.00015888 5.84 0.32
0.00015892 5.76 0.32
0.00015896 5.76 0.32
0.000159 5.68 0.32
0.00015904 5.76 0.34
0.00015908 5.76 0.34
0.00015912 5.6 0.36
0.00015916 5.6 0.34
0.0001592 5.52 0.36
0.00015924 5.52 0.36
0.00015928 5.44 0.38
0.00015932 5.44 0.36
0.00015936 5.44 0.36
0.0001594 5.44 0.38
0.00015944 5.28 0.4
0.00015948 5.28 0.4
0.00015952 5.2 0.38
0.00015956 5.12 0.38
0.0001596 5.12 0.42
0.00015964 5.12 0.4
0.00015968 5.12 0.42
0.00015972 4.96 0.4
0.00015976 4.88 0.4
0.0001598 4.88 0.42
0.00015984 4.8 0.42
0.00015988 4.72 0.42
0.00015992 4.72 0.42
0.00015996 4.64 0.44
