0 5.28 -0.1
4e-08 5.28 -0.1
8e-08 -4.96 -0.26
1.2e-07 -4.88 -0.24
1.6e-07 -4.88 -0.26
2e-07 -4.72 -0.26
2.4e-07 -4.72 -0.24
2.8e-07 -4.64 -0.26
3.2e-07 -4.56 -0.26
3.6e-07 -4.48 -0.26
4e-07 -4.4 -0.26
4.4e-07 -4.32 -0.26
4.8e-07 -4.24 -0.26
5.2e-07 -4.08 -0.24
5.6e-07 -4.08 -0.26
6e-07 -3.92 -0.26
6.4e-07 -3.84 -0.26
6.8e-07 -3.84 -0.28
7.2e-07 -3.76 -0.26
7.6e-07 -3.6 -0.26
8e-07 -3.52 -0.28
8.4e-07 -3.44 -0.26
8.8e-07 -3.28 -0.28
9.2e-07 -3.2 -0.28
9.6e-07 -3.12 -0.28
1e-06 -2.96 -0.28
1.04e-06 -2.96 -0.26
1.08e-06 -2.8 -0.26
1.12e-06 -2.64 -0.28
1.16e-06 -2.64 -0.28
1.2e-06 -2.48 -0.26
1.24e-06 -2.32 -0.26
1.28e-06 -2.32 -0.26
1.32e-06 -2.16 -0.28
1.36e-06 -2 -0.28
1.4e-06 -1.92 -0.26
1.44e-06 -1.84 -0.28
1.48e-06 -1.68 -0.26
1.52e-06 -1.6 -0.28
1.56e-06 -1.52 -0.28
1.6e-06 -1.36 -0.28
1.64e-06 -1.28 -0.26
1.68e-06 -1.2 -0.28
1.72e-06 -0.96 -0.26
1.76e-06 -0.88 -0.26
1.8e-06 -0.8 -0.28
1.84e-06 -0.72 -0.26
1.88e-06 -0.56 -0.26
1.92e-06 -0.4 -0.26
1.96e-06 -0.32 -0.26
2e-06 -0.24 -0.26
2.04e-06 0 -0.26
2.08e-06 0.08 -0.26
2.12e-06 0.32 -0.24
2.16e-06 0.32 -0.24
2.2e-06 0.48 -0.26
2.24e-06 0.64 -0.24
2.28e-06 0.64 -0.26
2.32e-06 0.8 -0.24
2.36e-06 0.96 -0.26
2.4e-06 1.04 -0.26
2.44e-06 1.12 -0.24
2.48e-06 1.28 -0.22
2.52e-06 1.36 -0.24
2.56e-06 1.52 -0.24
2.6e-06 1.6 -0.24
2.64e-06 1.68 -0.24
2.68e-06 1.76 -0.24
2.72e-06 1.92 -0.22
2.76e-06 2.08 -0.22
2.8e-06 2.16 -0.22
2.84e-06 2.24 -0.22
2.88e-06 2.4 -0.22
2.92e-06 2.48 -0.22
2.96e-06 2.64 -0.22
3e-06 2.72 -0.2
3.04e-06 2.8 -0.2
3.08e-06 2.88 -0.2
3.12e-06 3.04 -0.2
3.16e-06 3.12 -0.18
3.2e-06 3.2 -0.16
3.24e-06 3.28 -0.2
3.28e-06 3.44 -0.18
3.32e-06 3.52 -0.18
3.36e-06 3.6 -0.16
3.4e-06 3.68 -0.16
3.44e-06 3.76 -0.16
3.48e-06 3.84 -0.16
3.52e-06 4 -0.16
3.56e-06 4 -0.16
3.6e-06 4.16 -0.16
3.64e-06 4.24 -0.14
3.68e-06 4.24 -0.14
3.72e-06 4.32 -0.14
3.76e-06 4.48 -0.14
3.8e-06 4.56 -0.14
3.84e-06 4.56 -0.14
3.88e-06 4.64 -0.12
3.92e-06 4.8 -0.12
3.96e-06 4.88 -0.1
4e-06 4.96 -0.1
4.04e-06 4.96 -0.08
4.08e-06 5.04 -0.08
4.12e-06 5.12 -0.1
4.16e-06 5.12 -0.1
4.2e-06 5.2 -0.1
4.24e-06 5.28 -0.08
4.28e-06 5.36 -0.08
4.32e-06 5.36 -0.08
4.36e-06 5.44 -0.06
4.4e-06 5.52 -0.08
4.44e-06 5.52 -0.06
4.48e-06 5.6 -0.06
4.52e-06 5.6 -0.06
4.56e-06 5.6 -0.04
4.6e-06 5.68 -0.04
4.64e-06 5.76 -0.04
4.68e-06 5.76 0
4.72e-06 5.84 0
4.76e-06 5.76 0
4.8e-06 5.84 0
4.84e-06 5.84 0
4.88e-06 5.84 0
4.92e-06 5.92 0
4.96e-06 5.92 0
5e-06 5.92 0.02
5.04e-06 6 0
5.08e-06 6.08 0.02
5.12e-06 6 0.04
5.16e-06 6 0.04
5.2e-06 6 0.04
5.24e-06 6.08 0.02
5.28e-06 6 0.06
5.32e-06 6 0.06
5.36e-06 6.08 0.04
5.4e-06 6.08 0.04
5.44e-06 5.92 0.06
5.48e-06 6 0.06
5.52e-06 5.92 0.06
5.56e-06 5.92 0.08
5.6e-06 5.92 0.08
5.64e-06 5.92 0.08
5.68e-06 5.92 0.08
5.72e-06 5.84 0.08
5.76e-06 5.84 0.1
5.8e-06 5.84 0.08
5.84e-06 5.84 0.12
5.88e-06 5.76 0.1
5.92e-06 5.76 0.1
5.96e-06 5.76 0.1
6e-06 5.6 0.1
6.04e-06 5.6 0.1
6.08e-06 5.52 0.1
6.12e-06 5.52 0.1
6.16e-06 5.44 0.1
6.2e-06 5.44 0.12
6.24e-06 5.44 0.14
6.28e-06 5.28 0.12
6.32e-06 5.28 0.14
6.36e-06 5.2 0.12
6.4e-06 5.12 0.14
6.44e-06 5.12 0.14
6.48e-06 5.04 0.14
6.52e-06 4.96 0.16
6.56e-06 4.96 0.14
6.6e-06 4.88 0.16
6.64e-06 4.8 0.14
6.68e-06 4.64 0.16
6.72e-06 4.64 0.18
6.76e-06 4.56 0.16
6.8e-06 4.48 0.16
6.84e-06 4.4 0.16
6.88e-06 4.32 0.18
6.92e-06 4.24 0.18
6.96e-06 4.16 0.16
7e-06 4.08 0.16
7.04e-06 4 0.16
7.08e-06 3.84 0.18
7.12e-06 3.84 0.18
7.16e-06 3.76 0.18
7.2e-06 3.6 0.18
7.24e-06 3.52 0.18
7.28e-06 3.44 0.18
7.32e-06 3.28 0.16
7.36e-06 3.28 0.18
7.4e-06 3.2 0.18
7.44e-06 3.04 0.2
7.48e-06 2.96 0.18
7.52e-06 2.88 0.18
7.56e-06 2.72 0.18
7.6e-06 2.64 0.18
7.64e-06 2.56 0.18
7.68e-06 2.48 0.18
7.72e-06 2.32 0.18
7.76e-06 2.24 0.18
7.8e-06 2.08 0.2
7.84e-06 2 0.18
7.88e-06 1.92 0.18
7.92e-06 1.68 0.18
7.96e-06 1.6 0.2
8e-06 1.6 0.18
8.04e-06 1.44 0.18
8.08e-06 1.28 0.18
8.12e-06 1.2 0.18
8.16e-06 1.12 0.18
8.2e-06 0.96 0.18
8.24e-06 0.8 0.18
8.28e-06 0.72 0.18
8.32e-06 0.64 0.18
8.36e-06 0.48 0.18
8.4e-06 0.4 0.18
8.44e-06 0.32 0.18
8.48e-06 0.16 0.18
8.52e-06 0 0.18
8.56e-06 -0.24 0.16
8.6e-06 -0.32 0.18
8.64e-06 -0.4 0.16
8.68e-06 -0.48 0.18
8.72e-06 -0.64 0.16
8.76e-06 -0.72 0.16
8.8e-06 -0.88 0.16
8.84e-06 -0.96 0.16
8.88e-06 -1.12 0.16
8.92e-06 -1.2 0.14
8.96e-06 -1.28 0.14
9e-06 -1.44 0.14
9.04e-06 -1.52 0.16
9.08e-06 -1.68 0.14
9.12e-06 -1.76 0.14
9.16e-06 -1.92 0.14
9.2e-06 -2 0.12
9.24e-06 -2.16 0.12
9.28e-06 -2.24 0.12
9.32e-06 -2.32 0.12
9.36e-06 -2.4 0.12
9.4e-06 -2.56 0.12
9.44e-06 -2.64 0.1
9.48e-06 -2.8 0.1
9.52e-06 -2.88 0.12
9.56e-06 -2.96 0.1
9.6e-06 -3.12 0.08
9.64e-06 -3.2 0.1
9.68e-06 -3.28 0.08
9.72e-06 -3.44 0.1
9.76e-06 -3.44 0.1
9.8e-06 -3.6 0.08
9.84e-06 -3.6 0.08
9.88e-06 -3.76 0.08
9.92e-06 -3.84 0.08
9.96e-06 -3.92 0.06
1e-05 -4 0.06
1.004e-05 -4.08 0.06
1.008e-05 -4.16 0.06
1.012e-05 -4.24 0.08
1.016e-05 -4.4 0.04
1.02e-05 -4.4 0.04
1.024e-05 -4.48 0.04
1.028e-05 -4.64 0.04
1.032e-05 -4.72 0.04
1.036e-05 -4.8 0.02
1.04e-05 -4.8 0.04
1.044e-05 -4.88 0.02
1.048e-05 -4.96 0.02
1.052e-05 -5.04 0
1.056e-05 -5.12 0
1.06e-05 -5.12 0
1.064e-05 -5.2 0
1.068e-05 -5.2 0
1.072e-05 -5.36 0
1.076e-05 -5.44 -0.04
1.08e-05 -5.44 -0.04
1.084e-05 -5.52 -0.04
1.088e-05 -5.52 -0.04
1.092e-05 -5.52 -0.06
1.096e-05 -5.6 -0.04
1.1e-05 -5.68 -0.06
1.104e-05 -5.68 -0.06
1.108e-05 -5.76 -0.06
1.112e-05 -5.84 -0.06
1.116e-05 -5.84 -0.08
1.12e-05 -5.84 -0.08
1.124e-05 -5.92 -0.08
1.128e-05 -5.84 -0.08
1.132e-05 -6 -0.08
1.136e-05 -6 -0.08
1.14e-05 -6 -0.1
1.144e-05 -6 -0.1
1.148e-05 -6 -0.1
1.152e-05 -6.08 -0.1
1.156e-05 -6.08 -0.12
1.16e-05 -6.08 -0.14
1.164e-05 -6.08 -0.12
1.168e-05 -6.08 -0.1
1.172e-05 -6.08 -0.12
1.176e-05 -6.16 -0.16
1.18e-05 -6.08 -0.14
1.184e-05 -6.16 -0.14
1.188e-05 -6.08 -0.14
1.192e-05 -6.08 -0.14
1.196e-05 -6.08 -0.16
1.2e-05 -6.08 -0.16
1.204e-05 -6.08 -0.16
1.208e-05 -6.08 -0.18
1.212e-05 -6 -0.16
1.216e-05 -6.08 -0.18
1.22e-05 -5.92 -0.16
1.224e-05 -6 -0.18
1.228e-05 -5.92 -0.18
1.232e-05 -5.84 -0.2
1.236e-05 -5.84 -0.18
1.24e-05 -5.84 -0.18
1.244e-05 -5.84 -0.2
1.248e-05 -5.76 -0.22
1.252e-05 -5.68 -0.2
1.256e-05 -5.76 -0.18
1.26e-05 -5.6 -0.22
1.264e-05 -5.6 -0.22
1.268e-05 -5.52 -0.22
1.272e-05 -5.52 -0.22
1.276e-05 -5.44 -0.22
1.28e-05 -5.36 -0.22
1.284e-05 -5.28 -0.22
1.288e-05 -5.36 -0.22
1.292e-05 -5.28 -0.22
1.296e-05 -5.2 -0.22
1.3e-05 -5.12 -0.24
1.304e-05 -5.04 -0.24
1.308e-05 -4.96 -0.24
1.312e-05 -4.88 -0.24
1.316e-05 -4.88 -0.26
1.32e-05 -4.72 -0.24
1.324e-05 -4.64 -0.24
1.328e-05 -4.56 -0.24
1.332e-05 -4.48 -0.26
1.336e-05 -4.4 -0.26
1.34e-05 -4.4 -0.26
1.344e-05 -4.24 -0.26
1.348e-05 -4.16 -0.26
1.352e-05 -4.08 -0.26
1.356e-05 -3.92 -0.26
1.36e-05 -3.92 -0.26
1.364e-05 -3.84 -0.24
1.368e-05 -3.76 -0.26
1.372e-05 -3.68 -0.3
1.376e-05 -3.52 -0.26
1.38e-05 -3.52 -0.26
1.384e-05 -3.36 -0.26
1.388e-05 -3.28 -0.26
1.392e-05 -3.2 -0.26
1.396e-05 -3.12 -0.28
1.4e-05 -2.96 -0.26
1.404e-05 -2.88 -0.28
1.408e-05 -2.8 -0.28
1.412e-05 -2.64 -0.28
1.416e-05 -2.56 -0.26
1.42e-05 -2.48 -0.26
1.424e-05 -2.32 -0.3
1.428e-05 -2.24 -0.26
1.432e-05 -2.16 -0.28
1.436e-05 -2 -0.26
1.44e-05 -1.92 -0.28
1.444e-05 -1.84 -0.28
1.448e-05 -1.68 -0.26
1.452e-05 -1.52 -0.28
1.456e-05 -1.36 -0.28
1.46e-05 -1.36 -0.28
1.464e-05 -1.2 -0.26
1.468e-05 -1.12 -0.28
1.472e-05 -0.96 -0.28
1.476e-05 -0.88 -0.28
1.48e-05 -0.72 -0.26
1.484e-05 -0.56 -0.26
1.488e-05 -0.56 -0.26
1.492e-05 -0.4 -0.26
1.496e-05 -0.32 -0.26
1.5e-05 -0.16 -0.26
1.504e-05 0 -0.26
1.508e-05 0.16 -0.26
1.512e-05 0.32 -0.26
1.516e-05 0.4 -0.26
1.52e-05 0.48 -0.26
1.524e-05 0.64 -0.24
1.528e-05 0.72 -0.26
1.532e-05 0.88 -0.26
1.536e-05 0.96 -0.24
1.54e-05 1.12 -0.24
1.544e-05 1.2 -0.24
1.548e-05 1.28 -0.22
1.552e-05 1.44 -0.24
1.556e-05 1.52 -0.22
1.56e-05 1.6 -0.24
1.564e-05 1.76 -0.24
1.568e-05 1.92 -0.24
1.572e-05 1.92 -0.22
1.576e-05 2.16 -0.22
1.58e-05 2.24 -0.22
1.584e-05 2.32 -0.22
1.588e-05 2.4 -0.22
1.592e-05 2.56 -0.2
1.596e-05 2.56 -0.22
1.6e-05 2.72 -0.2
1.604e-05 2.88 -0.2
1.608e-05 2.96 -0.18
1.612e-05 3.04 -0.18
1.616e-05 3.12 -0.18
1.62e-05 3.2 -0.18
1.624e-05 3.36 -0.18
1.628e-05 3.44 -0.16
1.632e-05 3.52 -0.18
1.636e-05 3.6 -0.16
1.64e-05 3.68 -0.16
1.644e-05 3.84 -0.14
1.648e-05 3.84 -0.16
1.652e-05 4 -0.16
1.656e-05 4.08 -0.16
1.66e-05 4.16 -0.16
1.664e-05 4.24 -0.12
1.668e-05 4.32 -0.14
1.672e-05 4.4 -0.14
1.676e-05 4.48 -0.14
1.68e-05 4.56 -0.12
1.684e-05 4.64 -0.12
1.688e-05 4.72 -0.12
1.692e-05 4.8 -0.12
1.696e-05 4.88 -0.1
1.7e-05 4.96 -0.1
1.704e-05 4.96 -0.1
1.708e-05 5.04 -0.1
1.712e-05 5.2 -0.1
1.716e-05 5.12 -0.1
1.72e-05 5.2 -0.08
1.724e-05 5.28 -0.08
1.728e-05 5.36 -0.08
1.732e-05 5.44 -0.06
1.736e-05 5.44 -0.08
1.74e-05 5.44 -0.08
1.744e-05 5.52 -0.06
1.748e-05 5.52 -0.04
1.752e-05 5.6 -0.06
1.756e-05 5.68 -0.06
1.76e-05 5.76 -0.04
1.764e-05 5.76 0
1.768e-05 5.76 -0.04
1.772e-05 5.76 0
1.776e-05 5.84 -0.04
1.78e-05 5.84 0
1.784e-05 5.92 0.02
1.788e-05 5.84 0.02
1.792e-05 5.92 0
1.796e-05 5.92 0
1.8e-05 6 0
1.804e-05 6.08 0.02
1.808e-05 5.92 0.02
1.812e-05 6.08 0.02
1.816e-05 6 0.04
1.82e-05 6.08 0.02
1.824e-05 6.08 0.04
1.828e-05 5.92 0.04
1.832e-05 6 0.04
1.836e-05 6.08 0.06
1.84e-05 6 0.06
1.844e-05 6 0.04
1.848e-05 6 0.06
1.852e-05 5.92 0.08
1.856e-05 5.92 0.08
1.86e-05 5.92 0.08
1.864e-05 5.92 0.08
1.868e-05 5.92 0.06
1.872e-05 5.84 0.08
1.876e-05 5.84 0.1
1.88e-05 5.84 0.08
1.884e-05 5.76 0.08
1.888e-05 5.76 0.1
1.892e-05 5.76 0.1
1.896e-05 5.68 0.1
1.9e-05 5.6 0.1
1.904e-05 5.6 0.12
1.908e-05 5.52 0.1
1.912e-05 5.52 0.12
1.916e-05 5.44 0.12
1.92e-05 5.44 0.14
1.924e-05 5.44 0.12
1.928e-05 5.36 0.12
1.932e-05 5.2 0.14
1.936e-05 5.2 0.12
1.94e-05 5.12 0.14
1.944e-05 5.12 0.14
1.948e-05 5.04 0.16
1.952e-05 4.96 0.14
1.956e-05 4.88 0.14
1.96e-05 4.8 0.18
1.964e-05 4.8 0.16
1.968e-05 4.64 0.16
1.972e-05 4.64 0.16
1.976e-05 4.56 0.16
1.98e-05 4.48 0.18
1.984e-05 4.32 0.16
1.988e-05 4.24 0.16
1.992e-05 4.16 0.16
1.996e-05 4.16 0.16
2e-05 4 0.18
2.004e-05 3.92 0.16
2.008e-05 3.84 0.16
2.012e-05 3.84 0.18
2.016e-05 3.68 0.18
2.02e-05 3.6 0.18
2.024e-05 3.52 0.18
2.028e-05 3.36 0.18
2.032e-05 3.36 0.18
2.036e-05 3.2 0.18
2.04e-05 3.04 0.18
2.044e-05 2.96 0.18
2.048e-05 2.88 0.18
2.052e-05 2.8 0.2
2.056e-05 2.72 0.18
2.06e-05 2.56 0.18
2.064e-05 2.48 0.18
2.068e-05 2.32 0.18
2.072e-05 2.24 0.2
2.076e-05 2.08 0.18
2.08e-05 2 0.18
2.084e-05 1.92 0.2
2.088e-05 1.76 0.18
2.092e-05 1.68 0.18
2.096e-05 1.6 0.18
2.1e-05 1.44 0.18
2.104e-05 1.36 0.18
2.108e-05 1.28 0.18
2.112e-05 1.12 0.18
2.116e-05 1.04 0.18
2.12e-05 0.96 0.2
2.124e-05 0.8 0.2
2.128e-05 0.64 0.16
2.132e-05 0.64 0.18
2.136e-05 0.4 0.18
2.14e-05 0.4 0.18
2.144e-05 0.24 0.18
2.148e-05 0.08 0.16
2.152e-05 0 0.16
2.156e-05 0 0.18
2.16e-05 -0.24 0.18
2.164e-05 -0.4 0.16
2.168e-05 -0.56 0.16
2.172e-05 -0.64 0.18
2.176e-05 -0.88 0.16
2.18e-05 -0.96 0.16
2.184e-05 -1.04 0.16
2.188e-05 -1.12 0.16
2.192e-05 -1.28 0.16
2.196e-05 -1.36 0.16
2.2e-05 -1.52 0.14
2.204e-05 -1.52 0.12
2.208e-05 -1.68 0.16
2.212e-05 -1.84 0.14
2.216e-05 -1.92 0.14
2.22e-05 -2 0.12
2.224e-05 -2.16 0.12
2.228e-05 -2.24 0.12
2.232e-05 -2.32 0.12
2.236e-05 -2.48 0.1
2.24e-05 -2.56 0.1
2.244e-05 -2.64 0.12
2.248e-05 -2.8 0.12
2.252e-05 -2.88 0.12
2.256e-05 -2.96 0.1
2.26e-05 -3.12 0.1
2.264e-05 -3.2 0.1
2.268e-05 -3.28 0.08
2.272e-05 -3.44 0.1
2.276e-05 -3.52 0.08
2.28e-05 -3.6 0.08
2.284e-05 -3.68 0.08
2.288e-05 -3.76 0.06
2.292e-05 -3.84 0.08
2.296e-05 -3.92 0.06
2.3e-05 -4.08 0.08
2.304e-05 -4.16 0.08
2.308e-05 -4.24 0.06
2.312e-05 -4.24 0.06
2.316e-05 -4.4 0.06
2.32e-05 -4.48 0.04
2.324e-05 -4.56 0.04
2.328e-05 -4.64 0.02
2.332e-05 -4.72 0.02
2.336e-05 -4.8 0.04
2.34e-05 -4.88 0.04
2.344e-05 -4.88 0.02
2.348e-05 -4.96 0.02
2.352e-05 -5.04 0.02
2.356e-05 -5.12 0.02
2.36e-05 -5.2 0
2.364e-05 -5.2 0
2.368e-05 -5.2 0
2.372e-05 -5.36 0
2.376e-05 -5.36 -0.04
2.38e-05 -5.44 -0.04
2.384e-05 -5.52 -0.04
2.388e-05 -5.52 -0.04
2.392e-05 -5.6 -0.04
2.396e-05 -5.68 -0.06
2.4e-05 -5.76 -0.04
2.404e-05 -5.68 -0.06
2.408e-05 -5.76 -0.06
2.412e-05 -5.76 -0.08
2.416e-05 -5.84 -0.06
2.42e-05 -5.84 -0.06
2.424e-05 -5.92 -0.08
2.428e-05 -5.92 -0.08
2.432e-05 -6 -0.1
2.436e-05 -6 -0.1
2.44e-05 -6 -0.08
2.444e-05 -6.08 -0.1
2.448e-05 -6.08 -0.1
2.452e-05 -6.08 -0.1
2.456e-05 -6 -0.14
2.46e-05 -6.08 -0.1
2.464e-05 -6.08 -0.12
2.468e-05 -6.08 -0.12
2.472e-05 -6.08 -0.12
2.476e-05 -6.08 -0.12
2.48e-05 -6.16 -0.14
2.484e-05 -6.08 -0.16
2.488e-05 -6.08 -0.16
2.492e-05 -6.08 -0.14
2.496e-05 -6.08 -0.16
2.5e-05 -6.08 -0.16
2.504e-05 -6.08 -0.18
2.508e-05 -6.08 -0.18
2.512e-05 -6 -0.16
2.516e-05 -6 -0.16
2.52e-05 -6 -0.18
2.524e-05 -5.92 -0.18
2.528e-05 -6 -0.18
2.532e-05 -5.84 -0.18
2.536e-05 -5.84 -0.2
2.54e-05 -5.76 -0.2
2.544e-05 -5.76 -0.2
2.548e-05 -5.76 -0.2
2.552e-05 -5.76 -0.22
2.556e-05 -5.68 -0.22
2.56e-05 -5.52 -0.22
2.564e-05 -5.52 -0.22
2.568e-05 -5.52 -0.22
2.572e-05 -5.44 -0.22
2.576e-05 -5.44 -0.22
2.58e-05 -5.36 -0.22
2.584e-05 -5.36 -0.24
2.588e-05 -5.2 -0.24
2.592e-05 -5.2 -0.24
2.596e-05 -5.12 -0.24
2.6e-05 -5.04 -0.24
2.604e-05 -4.96 -0.24
2.608e-05 -4.88 -0.24
2.612e-05 -4.88 -0.26
2.616e-05 -4.8 -0.24
2.62e-05 -4.72 -0.26
2.624e-05 -4.72 -0.26
2.628e-05 -4.56 -0.26
2.632e-05 -4.48 -0.24
2.636e-05 -4.4 -0.26
2.64e-05 -4.32 -0.26
2.644e-05 -4.24 -0.24
2.648e-05 -4.16 -0.26
2.652e-05 -4.08 -0.26
2.656e-05 -3.92 -0.26
2.66e-05 -3.92 -0.26
2.664e-05 -3.84 -0.26
2.668e-05 -3.68 -0.26
2.672e-05 -3.6 -0.26
2.676e-05 -3.52 -0.28
2.68e-05 -3.44 -0.26
2.684e-05 -3.28 -0.26
2.688e-05 -3.28 -0.26
2.692e-05 -3.12 -0.26
2.696e-05 -2.96 -0.28
2.7e-05 -2.88 -0.26
2.704e-05 -2.88 -0.28
2.708e-05 -2.64 -0.26
2.712e-05 -2.64 -0.3
2.716e-05 -2.56 -0.28
2.72e-05 -2.32 -0.26
2.724e-05 -2.32 -0.26
2.728e-05 -2.16 -0.26
2.732e-05 -2.16 -0.26
2.736e-05 -1.92 -0.28
2.74e-05 -1.84 -0.28
2.744e-05 -1.76 -0.26
2.748e-05 -1.6 -0.26
2.752e-05 -1.52 -0.26
2.756e-05 -1.36 -0.26
2.76e-05 -1.36 -0.26
2.764e-05 -1.2 -0.26
2.768e-05 -1.04 -0.26
2.772e-05 -0.96 -0.28
2.776e-05 -0.88 -0.26
2.78e-05 -0.64 -0.28
2.784e-05 -0.64 -0.26
2.788e-05 -0.56 -0.26
2.792e-05 -0.4 -0.26
2.796e-05 -0.24 -0.26
2.8e-05 0 -0.26
2.804e-05 0.08 -0.26
2.808e-05 0.16 -0.26
2.812e-05 0.32 -0.26
2.816e-05 0.48 -0.24
2.82e-05 0.48 -0.26
2.824e-05 0.64 -0.26
2.828e-05 0.72 -0.26
2.832e-05 0.96 -0.24
2.836e-05 0.96 -0.24
2.84e-05 1.12 -0.24
2.844e-05 1.28 -0.24
2.848e-05 1.36 -0.24
2.852e-05 1.44 -0.22
2.856e-05 1.6 -0.24
2.86e-05 1.68 -0.22
2.864e-05 1.76 -0.22
2.868e-05 1.92 -0.22
2.872e-05 2.08 -0.22
2.876e-05 2.08 -0.24
2.88e-05 2.24 -0.22
2.884e-05 2.32 -0.18
2.888e-05 2.48 -0.22
2.892e-05 2.56 -0.22
2.896e-05 2.64 -0.22
2.9e-05 2.8 -0.2
2.904e-05 2.88 -0.2
2.908e-05 2.96 -0.18
2.912e-05 3.04 -0.18
2.916e-05 3.2 -0.18
2.92e-05 3.28 -0.16
2.924e-05 3.36 -0.18
2.928e-05 3.44 -0.18
2.932e-05 3.52 -0.16
2.936e-05 3.68 -0.16
2.94e-05 3.68 -0.16
2.944e-05 3.84 -0.16
2.948e-05 3.92 -0.16
2.952e-05 4 -0.14
2.956e-05 4.16 -0.14
2.96e-05 4.16 -0.16
2.964e-05 4.32 -0.16
2.968e-05 4.32 -0.14
2.972e-05 4.48 -0.12
2.976e-05 4.48 -0.14
2.98e-05 4.64 -0.14
2.984e-05 4.64 -0.12
2.988e-05 4.8 -0.12
2.992e-05 4.8 -0.1
2.996e-05 4.88 -0.1
3e-05 4.96 -0.1
3.004e-05 4.96 -0.08
3.008e-05 5.12 -0.1
3.012e-05 5.12 -0.1
3.016e-05 5.2 -0.1
3.02e-05 5.28 -0.08
3.024e-05 5.28 -0.08
3.028e-05 5.36 -0.08
3.032e-05 5.44 -0.06
3.036e-05 5.44 -0.06
3.04e-05 5.52 -0.04
3.044e-05 5.52 -0.04
3.048e-05 5.6 -0.06
3.052e-05 5.6 -0.04
3.056e-05 5.6 -0.06
3.06e-05 5.76 0
3.064e-05 5.76 -0.04
3.068e-05 5.84 -0.04
3.072e-05 5.84 0
3.076e-05 5.84 0
3.08e-05 5.84 0
3.084e-05 5.84 0
3.088e-05 5.92 0
3.092e-05 5.92 0
3.096e-05 5.92 0.02
3.1e-05 6 0.02
3.104e-05 5.92 0.02
3.108e-05 6.08 0.04
3.112e-05 6.08 0.04
3.116e-05 6.08 0.02
3.12e-05 6.08 0.02
3.124e-05 6.08 0.04
3.128e-05 5.92 0.06
3.132e-05 6.08 0.06
3.136e-05 6 0.06
3.14e-05 6.08 0.06
3.144e-05 6 0.06
3.148e-05 5.92 0.08
3.152e-05 5.92 0.06
3.156e-05 5.92 0.06
3.16e-05 5.92 0.08
3.164e-05 5.92 0.1
3.168e-05 5.84 0.1
3.172e-05 5.84 0.08
3.176e-05 5.84 0.08
3.18e-05 5.84 0.08
3.184e-05 5.76 0.1
3.188e-05 5.76 0.1
3.192e-05 5.76 0.12
3.196e-05 5.68 0.1
3.2e-05 5.6 0.12
3.204e-05 5.6 0.1
3.208e-05 5.52 0.1
3.212e-05 5.52 0.12
3.216e-05 5.44 0.12
3.22e-05 5.44 0.14
3.224e-05 5.44 0.1
3.228e-05 5.28 0.12
3.232e-05 5.28 0.12
3.236e-05 5.2 0.12
3.24e-05 5.12 0.14
3.244e-05 5.12 0.12
3.248e-05 4.96 0.12
3.252e-05 4.88 0.14
3.256e-05 4.88 0.14
3.26e-05 4.8 0.16
3.264e-05 4.8 0.14
3.268e-05 4.64 0.16
3.272e-05 4.56 0.16
3.276e-05 4.48 0.16
3.28e-05 4.4 0.16
3.284e-05 4.32 0.16
3.288e-05 4.24 0.18
3.292e-05 4.24 0.16
3.296e-05 4.16 0.16
3.3e-05 4 0.18
3.304e-05 3.92 0.16
3.308e-05 3.84 0.16
3.312e-05 3.76 0.16
3.316e-05 3.6 0.18
3.32e-05 3.6 0.18
3.324e-05 3.44 0.18
3.328e-05 3.36 0.18
3.332e-05 3.28 0.18
3.336e-05 3.2 0.18
3.34e-05 3.12 0.18
3.344e-05 2.96 0.2
3.348e-05 2.88 0.18
3.352e-05 2.72 0.18
3.356e-05 2.64 0.18
3.36e-05 2.56 0.2
3.364e-05 2.4 0.18
3.368e-05 2.32 0.18
3.372e-05 2.32 0.16
3.376e-05 2.16 0.18
3.38e-05 2 0.18
3.384e-05 1.92 0.18
3.388e-05 1.76 0.18
3.392e-05 1.68 0.18
3.396e-05 1.6 0.18
3.4e-05 1.44 0.18
3.404e-05 1.36 0.18
3.408e-05 1.28 0.18
3.412e-05 1.12 0.18
3.416e-05 0.96 0.18
3.42e-05 0.88 0.18
3.424e-05 0.8 0.18
3.428e-05 0.64 0.18
3.432e-05 0.48 0.2
3.436e-05 0.4 0.18
3.44e-05 0.32 0.18
3.444e-05 0.16 0.16
3.448e-05 0.08 0.2
3.452e-05 0 0.18
3.456e-05 -0.24 0.16
3.46e-05 -0.32 0.18
3.464e-05 -0.4 0.16
3.468e-05 -0.64 0.16
3.472e-05 -0.72 0.16
3.476e-05 -0.88 0.16
3.48e-05 -0.96 0.16
3.484e-05 -1.04 0.14
3.488e-05 -1.2 0.16
3.492e-05 -1.28 0.14
3.496e-05 -1.36 0.14
3.5e-05 -1.52 0.14
3.504e-05 -1.6 0.16
3.508e-05 -1.68 0.12
3.512e-05 -1.84 0.12
3.516e-05 -1.92 0.16
3.52e-05 -2 0.14
3.524e-05 -2.16 0.12
3.528e-05 -2.32 0.1
3.532e-05 -2.4 0.12
3.536e-05 -2.48 0.12
3.54e-05 -2.56 0.1
3.544e-05 -2.72 0.12
3.548e-05 -2.8 0.1
3.552e-05 -2.96 0.1
3.556e-05 -3.04 0.1
3.56e-05 -3.12 0.1
3.564e-05 -3.2 0.08
3.568e-05 -3.36 0.08
3.572e-05 -3.44 0.1
3.576e-05 -3.52 0.08
3.58e-05 -3.6 0.08
3.584e-05 -3.76 0.08
3.588e-05 -3.84 0.08
3.592e-05 -3.92 0.08
3.596e-05 -3.92 0.06
3.6e-05 -4.08 0.06
3.604e-05 -4.16 0.04
3.608e-05 -4.24 0.04
3.612e-05 -4.4 0.06
3.616e-05 -4.4 0.04
3.62e-05 -4.56 0.04
3.624e-05 -4.56 0.04
3.628e-05 -4.56 0.04
3.632e-05 -4.72 0.02
3.636e-05 -4.8 0.02
3.64e-05 -4.88 0.02
3.644e-05 -4.88 0.02
3.648e-05 -5.04 0.02
3.652e-05 -5.12 0
3.656e-05 -5.2 0
3.66e-05 -5.2 0
3.664e-05 -5.2 0
3.668e-05 -5.36 0
3.672e-05 -5.36 0
3.676e-05 -5.44 0
3.68e-05 -5.52 0
3.684e-05 -5.52 -0.04
3.688e-05 -5.52 -0.04
3.692e-05 -5.52 -0.06
3.696e-05 -5.6 -0.06
3.7e-05 -5.68 -0.06
3.704e-05 -5.76 -0.06
3.708e-05 -5.76 -0.08
3.712e-05 -5.84 -0.08
3.716e-05 -5.84 -0.06
3.72e-05 -6 -0.08
3.724e-05 -5.92 -0.08
3.728e-05 -6 -0.08
3.732e-05 -6 -0.08
3.736e-05 -6 -0.08
3.74e-05 -6 -0.1
3.744e-05 -6.08 -0.08
3.748e-05 -6.08 -0.1
3.752e-05 -6.08 -0.1
3.756e-05 -6.16 -0.12
3.76e-05 -6.08 -0.12
3.764e-05 -6.08 -0.12
3.768e-05 -6.08 -0.14
3.772e-05 -6.16 -0.12
3.776e-05 -6.16 -0.14
3.78e-05 -6.08 -0.14
3.784e-05 -6.08 -0.14
3.788e-05 -6.08 -0.14
3.792e-05 -6.08 -0.16
3.796e-05 -6.08 -0.16
3.8e-05 -6 -0.14
3.804e-05 -6.08 -0.16
3.808e-05 -6 -0.18
3.812e-05 -6 -0.18
3.816e-05 -6 -0.2
3.82e-05 -6 -0.18
3.824e-05 -5.92 -0.18
3.828e-05 -5.92 -0.18
3.832e-05 -5.84 -0.18
3.836e-05 -5.84 -0.18
3.84e-05 -5.84 -0.2
3.844e-05 -5.76 -0.18
3.848e-05 -5.76 -0.2
3.852e-05 -5.68 -0.2
3.856e-05 -5.68 -0.2
3.86e-05 -5.52 -0.22
3.864e-05 -5.52 -0.22
3.868e-05 -5.52 -0.22
3.872e-05 -5.52 -0.22
3.876e-05 -5.36 -0.22
3.88e-05 -5.36 -0.24
3.884e-05 -5.36 -0.24
3.888e-05 -5.2 -0.24
3.892e-05 -5.2 -0.24
3.896e-05 -5.12 -0.24
3.9e-05 -5.12 -0.24
3.904e-05 -4.96 -0.24
3.908e-05 -4.88 -0.24
3.912e-05 -4.8 -0.24
3.916e-05 -4.8 -0.24
3.92e-05 -4.72 -0.26
3.924e-05 -4.56 -0.26
3.928e-05 -4.56 -0.26
3.932e-05 -4.48 -0.26
3.936e-05 -4.4 -0.26
3.94e-05 -4.24 -0.26
3.944e-05 -4.16 -0.26
3.948e-05 -4.08 -0.26
3.952e-05 -4 -0.26
3.956e-05 -3.92 -0.26
3.96e-05 -3.84 -0.26
3.964e-05 -3.76 -0.24
3.968e-05 -3.68 -0.26
3.972e-05 -3.6 -0.26
3.976e-05 -3.52 -0.26
3.98e-05 -3.44 -0.26
3.984e-05 -3.28 -0.26
3.988e-05 -3.12 -0.28
3.992e-05 -3.12 -0.28
3.996e-05 -2.96 -0.28
4e-05 -2.96 -0.28
4.004e-05 -2.8 -0.3
4.008e-05 -2.64 -0.26
4.012e-05 -2.64 -0.28
4.016e-05 -2.48 -0.26
4.02e-05 -2.32 -0.26
4.024e-05 -2.24 -0.28
4.028e-05 -2.16 -0.26
4.032e-05 -2 -0.26
4.036e-05 -1.92 -0.26
4.04e-05 -1.84 -0.26
4.044e-05 -1.68 -0.26
4.048e-05 -1.6 -0.26
4.052e-05 -1.52 -0.26
4.056e-05 -1.36 -0.26
4.06e-05 -1.28 -0.28
4.064e-05 -1.12 -0.26
4.068e-05 -1.04 -0.26
4.072e-05 -0.96 -0.26
4.076e-05 -0.72 -0.26
4.08e-05 -0.64 -0.26
4.084e-05 -0.56 -0.26
4.088e-05 -0.4 -0.26
4.092e-05 -0.4 -0.26
4.096e-05 -0.24 -0.26
4.1e-05 0 -0.26
4.104e-05 0.08 -0.26
4.108e-05 0.24 -0.26
4.112e-05 0.32 -0.26
4.116e-05 0.4 -0.26
4.12e-05 0.64 -0.26
4.124e-05 0.64 -0.24
4.128e-05 0.8 -0.26
4.132e-05 0.88 -0.26
4.136e-05 1.04 -0.24
4.14e-05 1.12 -0.24
4.144e-05 1.28 -0.24
4.148e-05 1.36 -0.24
4.152e-05 1.52 -0.24
4.156e-05 1.6 -0.22
4.16e-05 1.76 -0.24
4.164e-05 1.76 -0.24
4.168e-05 1.92 -0.22
4.172e-05 2.08 -0.22
4.176e-05 2.16 -0.22
4.18e-05 2.32 -0.22
4.184e-05 2.32 -0.22
4.188e-05 2.48 -0.22
4.192e-05 2.56 -0.22
4.196e-05 2.72 -0.2
4.2e-05 2.8 -0.2
4.204e-05 2.88 -0.2
4.208e-05 2.96 -0.2
4.212e-05 3.12 -0.18
4.216e-05 3.2 -0.18
4.22e-05 3.36 -0.18
4.224e-05 3.44 -0.18
4.228e-05 3.52 -0.18
4.232e-05 3.6 -0.18
4.236e-05 3.68 -0.18
4.24e-05 3.84 -0.16
4.244e-05 3.84 -0.14
4.248e-05 4 -0.14
4.252e-05 4 -0.16
4.256e-05 4.16 -0.14
4.26e-05 4.16 -0.14
4.264e-05 4.32 -0.12
4.268e-05 4.32 -0.14
4.272e-05 4.48 -0.14
4.276e-05 4.48 -0.12
4.28e-05 4.64 -0.12
4.284e-05 4.64 -0.1
4.288e-05 4.8 -0.12
4.292e-05 4.8 -0.1
4.296e-05 4.96 -0.1
4.3e-05 4.96 -0.1
4.304e-05 5.12 -0.1
4.308e-05 5.12 -0.1
4.312e-05 5.2 -0.08
4.316e-05 5.28 -0.08
4.32e-05 5.28 -0.1
4.324e-05 5.28 -0.08
4.328e-05 5.36 -0.08
4.332e-05 5.44 -0.06
4.336e-05 5.44 -0.06
4.34e-05 5.52 -0.06
4.344e-05 5.52 -0.06
4.348e-05 5.6 -0.04
4.352e-05 5.68 0
4.356e-05 5.6 -0.04
4.36e-05 5.76 -0.04
4.364e-05 5.76 -0.04
4.368e-05 5.76 0
4.372e-05 5.84 0
4.376e-05 5.84 0
4.38e-05 5.84 0
4.384e-05 5.92 0
4.388e-05 5.92 0
4.392e-05 5.92 0
4.396e-05 5.92 0
4.4e-05 6 0.02
4.404e-05 6.08 0.02
4.408e-05 6 0.04
4.412e-05 6.08 0.02
4.416e-05 6.08 0.04
4.42e-05 6 0.04
4.424e-05 6.08 0.04
4.428e-05 6.08 0.04
4.432e-05 6.08 0.04
4.436e-05 6 0.06
4.44e-05 6.08 0.06
4.444e-05 6 0.06
4.448e-05 6 0.06
4.452e-05 6 0.08
4.456e-05 5.92 0.08
4.46e-05 5.92 0.08
4.464e-05 5.92 0.08
4.468e-05 5.92 0.08
4.472e-05 5.84 0.08
4.476e-05 5.84 0.1
4.48e-05 5.76 0.08
4.484e-05 5.76 0.1
4.488e-05 5.76 0.1
4.492e-05 5.76 0.1
4.496e-05 5.6 0.1
4.5e-05 5.6 0.12
4.504e-05 5.6 0.12
4.508e-05 5.52 0.12
4.512e-05 5.52 0.12
4.516e-05 5.44 0.12
4.52e-05 5.44 0.12
4.524e-05 5.36 0.14
4.528e-05 5.28 0.12
4.532e-05 5.2 0.16
4.536e-05 5.2 0.14
4.54e-05 5.12 0.16
4.544e-05 5.12 0.16
4.548e-05 5.04 0.16
4.552e-05 4.96 0.14
4.556e-05 4.88 0.16
4.56e-05 4.8 0.16
4.564e-05 4.8 0.16
4.568e-05 4.64 0.16
4.572e-05 4.56 0.14
4.576e-05 4.48 0.16
4.58e-05 4.4 0.16
4.584e-05 4.32 0.16
4.588e-05 4.24 0.18
4.592e-05 4.16 0.16
4.596e-05 4.16 0.18
4.6e-05 4 0.18
4.604e-05 3.92 0.16
4.608e-05 3.84 0.18
4.612e-05 3.68 0.18
4.616e-05 3.6 0.18
4.62e-05 3.52 0.18
4.624e-05 3.44 0.18
4.628e-05 3.36 0.18
4.632e-05 3.2 0.18
4.636e-05 3.2 0.18
4.64e-05 3.04 0.18
4.644e-05 2.88 0.2
4.648e-05 2.88 0.18
4.652e-05 2.72 0.18
4.656e-05 2.56 0.18
4.66e-05 2.56 0.18
4.664e-05 2.4 0.18
4.668e-05 2.32 0.18
4.672e-05 2.24 0.2
4.676e-05 2.08 0.18
4.68e-05 2 0.18
4.684e-05 1.84 0.18
4.688e-05 1.76 0.18
4.692e-05 1.68 0.18
4.696e-05 1.52 0.16
4.7e-05 1.36 0.18
4.704e-05 1.28 0.18
4.708e-05 1.2 0.18
4.712e-05 1.12 0.18
4.716e-05 0.96 0.18
4.72e-05 0.88 0.18
4.724e-05 0.72 0.18
4.728e-05 0.64 0.18
4.732e-05 0.48 0.18
4.736e-05 0.4 0.16
4.74e-05 0.24 0.18
4.744e-05 0.16 0.18
4.748e-05 0 0.18
4.752e-05 0 0.16
4.756e-05 -0.32 0.16
4.76e-05 -0.4 0.18
4.764e-05 -0.56 0.16
4.768e-05 -0.56 0.16
4.772e-05 -0.72 0.16
4.776e-05 -0.8 0.16
4.78e-05 -0.96 0.16
4.784e-05 -1.12 0.16
4.788e-05 -1.2 0.14
4.792e-05 -1.36 0.16
4.796e-05 -1.44 0.16
4.8e-05 -1.52 0.12
4.804e-05 -1.68 0.12
4.808e-05 -1.76 0.14
4.812e-05 -1.84 0.12
4.816e-05 -2 0.12
4.82e-05 -2.08 0.12
4.824e-05 -2.24 0.12
4.828e-05 -2.32 0.14
4.832e-05 -2.48 0.12
4.836e-05 -2.56 0.12
4.84e-05 -2.64 0.1
4.844e-05 -2.8 0.12
4.848e-05 -2.8 0.12
4.852e-05 -2.96 0.1
4.856e-05 -3.04 0.08
4.86e-05 -3.2 0.1
4.864e-05 -3.28 0.08
4.868e-05 -3.28 0.08
4.872e-05 -3.44 0.08
4.876e-05 -3.52 0.08
4.88e-05 -3.6 0.08
4.884e-05 -3.76 0.08
4.888e-05 -3.84 0.08
4.892e-05 -3.92 0.08
4.896e-05 -4 0.06
4.9e-05 -4.08 0.06
4.904e-05 -4.16 0.06
4.908e-05 -4.24 0.06
4.912e-05 -4.4 0.04
4.916e-05 -4.48 0.04
4.92e-05 -4.56 0.04
4.924e-05 -4.56 0.04
4.928e-05 -4.64 0.02
4.932e-05 -4.72 0.02
4.936e-05 -4.8 0.04
4.94e-05 -4.88 0.02
4.944e-05 -4.88 0
4.948e-05 -5.04 0.02
4.952e-05 -5.12 0.02
4.956e-05 -5.12 0
4.96e-05 -5.2 0
4.964e-05 -5.28 -0.04
4.968e-05 -5.36 0
4.972e-05 -5.44 -0.04
4.976e-05 -5.44 -0.06
4.98e-05 -5.52 -0.04
4.984e-05 -5.52 -0.04
4.988e-05 -5.68 -0.04
4.992e-05 -5.6 -0.04
4.996e-05 -5.68 -0.06
5e-05 -5.68 -0.06
5.004e-05 -5.76 -0.06
5.008e-05 -5.76 -0.06
5.012e-05 -5.84 -0.08
5.016e-05 -5.84 -0.06
5.02e-05 -5.84 -0.08
5.024e-05 -5.92 -0.08
5.028e-05 -6 -0.08
5.032e-05 -6 -0.08
5.036e-05 -6 -0.1
5.04e-05 -6 -0.1
5.044e-05 -6.08 -0.08
5.048e-05 -6.08 -0.12
5.052e-05 -6.08 -0.1
5.056e-05 -6.08 -0.12
5.06e-05 -6.08 -0.1
5.064e-05 -6.08 -0.12
5.068e-05 -6.08 -0.14
5.072e-05 -6.16 -0.12
5.076e-05 -6.16 -0.14
5.08e-05 -6.08 -0.14
5.084e-05 -6.08 -0.16
5.088e-05 -6.16 -0.16
5.092e-05 -6.08 -0.14
5.096e-05 -6.08 -0.16
5.1e-05 -6.08 -0.16
5.104e-05 -6.08 -0.16
5.108e-05 -6 -0.18
5.112e-05 -6 -0.18
5.116e-05 -6 -0.18
5.12e-05 -6 -0.18
5.124e-05 -5.84 -0.18
5.128e-05 -5.84 -0.18
5.132e-05 -5.84 -0.18
5.136e-05 -5.84 -0.18
5.14e-05 -5.76 -0.2
5.144e-05 -5.76 -0.2
5.148e-05 -5.76 -0.2
5.152e-05 -5.68 -0.22
5.156e-05 -5.68 -0.22
5.16e-05 -5.52 -0.22
5.164e-05 -5.52 -0.22
5.168e-05 -5.52 -0.22
5.172e-05 -5.44 -0.22
5.176e-05 -5.36 -0.24
5.18e-05 -5.36 -0.24
5.184e-05 -5.2 -0.22
5.188e-05 -5.2 -0.24
5.192e-05 -5.12 -0.24
5.196e-05 -5.04 -0.24
5.2e-05 -5.04 -0.24
5.204e-05 -4.88 -0.24
5.208e-05 -4.88 -0.26
5.212e-05 -4.8 -0.26
5.216e-05 -4.8 -0.26
5.22e-05 -4.72 -0.24
5.224e-05 -4.56 -0.26
5.228e-05 -4.48 -0.24
5.232e-05 -4.48 -0.26
5.236e-05 -4.4 -0.26
5.24e-05 -4.24 -0.26
5.244e-05 -4.16 -0.24
5.248e-05 -4.08 -0.26
5.252e-05 -4 -0.26
5.256e-05 -3.92 -0.26
5.26e-05 -3.84 -0.26
5.264e-05 -3.76 -0.26
5.268e-05 -3.6 -0.26
5.272e-05 -3.6 -0.26
5.276e-05 -3.52 -0.28
5.28e-05 -3.36 -0.26
5.284e-05 -3.28 -0.26
5.288e-05 -3.12 -0.26
5.292e-05 -3.04 -0.26
5.296e-05 -2.96 -0.28
5.3e-05 -2.88 -0.28
5.304e-05 -2.8 -0.28
5.308e-05 -2.64 -0.26
5.312e-05 -2.56 -0.28
5.316e-05 -2.4 -0.3
5.32e-05 -2.32 -0.26
5.324e-05 -2.24 -0.28
5.328e-05 -2.16 -0.28
5.332e-05 -2 -0.28
5.336e-05 -1.92 -0.3
5.34e-05 -1.84 -0.26
5.344e-05 -1.68 -0.26
5.348e-05 -1.6 -0.28
5.352e-05 -1.36 -0.28
5.356e-05 -1.36 -0.26
5.36e-05 -1.28 -0.24
5.364e-05 -1.04 -0.26
5.368e-05 -1.04 -0.28
5.372e-05 -0.88 -0.28
5.376e-05 -0.72 -0.26
5.38e-05 -0.64 -0.28
5.384e-05 -0.56 -0.26
5.388e-05 -0.4 -0.26
5.392e-05 -0.24 -0.26
5.396e-05 -0.16 -0.26
5.4e-05 0 -0.26
5.404e-05 0.08 -0.26
5.408e-05 0.32 -0.26
5.412e-05 0.4 -0.24
5.416e-05 0.48 -0.24
5.42e-05 0.64 -0.26
5.424e-05 0.72 -0.26
5.428e-05 0.8 -0.24
5.432e-05 1.04 -0.24
5.436e-05 1.04 -0.24
5.44e-05 1.2 -0.24
5.444e-05 1.28 -0.24
5.448e-05 1.44 -0.24
5.452e-05 1.6 -0.24
5.456e-05 1.6 -0.24
5.46e-05 1.68 -0.22
5.464e-05 1.92 -0.22
5.468e-05 2 -0.22
5.472e-05 2.08 -0.22
5.476e-05 2.24 -0.22
5.48e-05 2.32 -0.22
5.484e-05 2.4 -0.22
5.488e-05 2.56 -0.2
5.492e-05 2.64 -0.22
5.496e-05 2.72 -0.2
5.5e-05 2.88 -0.2
5.504e-05 2.96 -0.2
5.508e-05 3.04 -0.18
5.512e-05 3.12 -0.18
5.516e-05 3.2 -0.18
5.52e-05 3.36 -0.16
5.524e-05 3.36 -0.18
5.528e-05 3.52 -0.16
5.532e-05 3.6 -0.18
5.536e-05 3.68 -0.14
5.54e-05 3.76 -0.16
5.544e-05 3.84 -0.16
5.548e-05 4 -0.16
5.552e-05 4 -0.14
5.556e-05 4.16 -0.14
5.56e-05 4.24 -0.14
5.564e-05 4.32 -0.14
5.568e-05 4.32 -0.12
5.572e-05 4.56 -0.12
5.576e-05 4.56 -0.12
5.58e-05 4.64 -0.12
5.584e-05 4.64 -0.12
5.588e-05 4.8 -0.12
5.592e-05 4.8 -0.1
5.596e-05 4.88 -0.1
5.6e-05 4.96 -0.1
5.604e-05 5.12 -0.1
5.608e-05 5.12 -0.1
5.612e-05 5.12 -0.08
5.616e-05 5.2 -0.1
5.62e-05 5.28 -0.08
5.624e-05 5.36 -0.08
5.628e-05 5.44 -0.06
5.632e-05 5.44 -0.08
5.636e-05 5.44 -0.04
5.64e-05 5.52 -0.04
5.644e-05 5.6 -0.06
5.648e-05 5.6 -0.06
5.652e-05 5.68 -0.06
5.656e-05 5.68 -0.06
5.66e-05 5.76 0
5.664e-05 5.76 -0.04
5.668e-05 5.76 0
5.672e-05 5.84 0
5.676e-05 5.92 0
5.68e-05 5.84 0
5.684e-05 5.92 0
5.688e-05 5.92 0
5.692e-05 5.92 0.02
5.696e-05 5.92 0.02
5.7e-05 5.92 0.02
5.704e-05 6 0.02
5.708e-05 6 0.04
5.712e-05 6 0.04
5.716e-05 6.08 0.02
5.72e-05 6 0.02
5.724e-05 6 0.04
5.728e-05 6 0.04
5.732e-05 6.08 0.06
5.736e-05 6.08 0.06
5.74e-05 6 0.04
5.744e-05 5.92 0.08
5.748e-05 6 0.08
5.752e-05 5.92 0.08
5.756e-05 5.92 0.08
5.76e-05 5.92 0.08
5.764e-05 5.92 0.1
5.768e-05 5.92 0.08
5.772e-05 5.84 0.08
5.776e-05 5.84 0.1
5.78e-05 5.84 0.1
5.784e-05 5.76 0.08
5.788e-05 5.76 0.08
5.792e-05 5.76 0.1
5.796e-05 5.6 0.1
5.8e-05 5.6 0.1
5.804e-05 5.6 0.12
5.808e-05 5.52 0.12
5.812e-05 5.44 0.12
5.816e-05 5.44 0.12
5.82e-05 5.36 0.12
5.824e-05 5.36 0.16
5.828e-05 5.28 0.12
5.832e-05 5.2 0.14
5.836e-05 5.12 0.12
5.84e-05 5.12 0.16
5.844e-05 5.04 0.14
5.848e-05 4.96 0.14
5.852e-05 4.88 0.16
5.856e-05 4.88 0.16
5.86e-05 4.8 0.16
5.864e-05 4.64 0.16
5.868e-05 4.56 0.16
5.872e-05 4.56 0.18
5.876e-05 4.48 0.16
5.88e-05 4.32 0.16
5.884e-05 4.32 0.18
5.888e-05 4.16 0.18
5.892e-05 4.16 0.16
5.896e-05 4 0.18
5.9e-05 3.92 0.16
5.904e-05 3.84 0.18
5.908e-05 3.84 0.18
5.912e-05 3.68 0.18
5.916e-05 3.6 0.16
5.92e-05 3.52 0.16
5.924e-05 3.36 0.18
5.928e-05 3.36 0.18
5.932e-05 3.2 0.18
5.936e-05 3.2 0.16
5.94e-05 3.04 0.18
5.944e-05 2.96 0.2
5.948e-05 2.72 0.2
5.952e-05 2.72 0.18
5.956e-05 2.56 0.16
5.96e-05 2.56 0.18
5.964e-05 2.4 0.18
5.968e-05 2.32 0.18
5.972e-05 2.24 0.18
5.976e-05 2.08 0.2
5.98e-05 2 0.2
5.984e-05 1.84 0.18
5.988e-05 1.76 0.18
5.992e-05 1.6 0.2
5.996e-05 1.52 0.18
6e-05 1.36 0.18
6.004e-05 1.28 0.18
6.008e-05 1.12 0.16
6.012e-05 1.04 0.18
6.016e-05 0.96 0.18
6.02e-05 0.8 0.18
6.024e-05 0.72 0.18
6.028e-05 0.56 0.18
6.032e-05 0.48 0.16
6.036e-05 0.32 0.18
6.04e-05 0.24 0.16
6.044e-05 0.16 0.16
6.048e-05 0 0.18
6.052e-05 -0.24 0.16
6.056e-05 -0.32 0.16
6.06e-05 -0.4 0.18
6.064e-05 -0.48 0.16
6.068e-05 -0.64 0.16
6.072e-05 -0.8 0.14
6.076e-05 -0.88 0.16
6.08e-05 -1.04 0.16
6.084e-05 -1.04 0.16
6.088e-05 -1.2 0.16
6.092e-05 -1.36 0.14
6.096e-05 -1.36 0.14
6.1e-05 -1.52 0.14
6.104e-05 -1.68 0.16
6.108e-05 -1.84 0.12
6.112e-05 -1.92 0.12
6.116e-05 -2 0.12
6.12e-05 -2.16 0.12
6.124e-05 -2.24 0.12
6.128e-05 -2.32 0.12
6.132e-05 -2.48 0.12
6.136e-05 -2.56 0.12
6.14e-05 -2.64 0.1
6.144e-05 -2.8 0.12
6.148e-05 -2.96 0.1
6.152e-05 -2.96 0.12
6.156e-05 -3.12 0.1
6.16e-05 -3.2 0.1
6.164e-05 -3.28 0.08
6.168e-05 -3.44 0.1
6.172e-05 -3.52 0.1
6.176e-05 -3.6 0.08
6.18e-05 -3.6 0.08
6.184e-05 -3.76 0.08
6.188e-05 -3.84 0.08
6.192e-05 -3.92 0.08
6.196e-05 -4.08 0.04
6.2e-05 -4.08 0.06
6.204e-05 -4.16 0.06
6.208e-05 -4.32 0.08
6.212e-05 -4.4 0.04
6.216e-05 -4.48 0.04
6.22e-05 -4.56 0.04
6.224e-05 -4.56 0.04
6.228e-05 -4.72 0.04
6.232e-05 -4.72 0.02
6.236e-05 -4.88 0.02
6.24e-05 -4.88 0.02
6.244e-05 -4.96 0.02
6.248e-05 -5.04 0.02
6.252e-05 -5.12 0
6.256e-05 -5.2 0
6.26e-05 -5.2 0
6.264e-05 -5.28 0
6.268e-05 -5.36 -0.04
6.272e-05 -5.36 -0.04
6.276e-05 -5.44 0
6.28e-05 -5.52 0
6.284e-05 -5.52 -0.04
6.288e-05 -5.6 -0.06
6.292e-05 -5.68 -0.06
6.296e-05 -5.68 -0.04
6.3e-05 -5.68 -0.06
6.304e-05 -5.76 -0.06
6.308e-05 -5.84 -0.06
6.312e-05 -5.84 -0.08
6.316e-05 -5.92 -0.06
6.32e-05 -5.84 -0.08
6.324e-05 -5.92 -0.1
6.328e-05 -6 -0.08
6.332e-05 -6 -0.08
6.336e-05 -6 -0.1
6.34e-05 -6 -0.1
6.344e-05 -6 -0.1
6.348e-05 -6.08 -0.1
6.352e-05 -6.08 -0.1
6.356e-05 -6.08 -0.12
6.36e-05 -6.08 -0.12
6.364e-05 -6.08 -0.12
6.368e-05 -6.08 -0.14
6.372e-05 -6.08 -0.12
6.376e-05 -6.16 -0.16
6.38e-05 -6.16 -0.14
6.384e-05 -6.08 -0.14
6.388e-05 -6.08 -0.14
6.392e-05 -6.08 -0.16
6.396e-05 -6 -0.16
6.4e-05 -6.08 -0.16
6.404e-05 -6.08 -0.16
6.408e-05 -6 -0.16
6.412e-05 -6 -0.18
6.416e-05 -6 -0.18
6.42e-05 -6 -0.18
6.424e-05 -5.92 -0.18
6.428e-05 -5.84 -0.2
6.432e-05 -5.84 -0.18
6.436e-05 -5.84 -0.18
6.44e-05 -5.76 -0.18
6.444e-05 -5.68 -0.22
6.448e-05 -5.76 -0.2
6.452e-05 -5.68 -0.22
6.456e-05 -5.6 -0.2
6.46e-05 -5.52 -0.22
6.464e-05 -5.52 -0.24
6.468e-05 -5.44 -0.22
6.472e-05 -5.44 -0.22
6.476e-05 -5.36 -0.22
6.48e-05 -5.2 -0.24
6.484e-05 -5.2 -0.24
6.488e-05 -5.2 -0.24
6.492e-05 -5.12 -0.22
6.496e-05 -5.04 -0.24
6.5e-05 -5.04 -0.24
6.504e-05 -4.88 -0.24
6.508e-05 -4.88 -0.24
6.512e-05 -4.8 -0.24
6.516e-05 -4.72 -0.26
6.52e-05 -4.56 -0.24
6.524e-05 -4.56 -0.26
6.528e-05 -4.48 -0.26
6.532e-05 -4.4 -0.26
6.536e-05 -4.24 -0.26
6.54e-05 -4.16 -0.26
6.544e-05 -4.16 -0.24
6.548e-05 -4.08 -0.26
6.552e-05 -4 -0.26
6.556e-05 -3.92 -0.26
6.56e-05 -3.76 -0.26
6.564e-05 -3.76 -0.26
6.568e-05 -3.6 -0.26
6.572e-05 -3.52 -0.28
6.576e-05 -3.44 -0.28
6.58e-05 -3.36 -0.28
6.584e-05 -3.2 -0.28
6.588e-05 -3.12 -0.26
6.592e-05 -2.96 -0.26
6.596e-05 -2.96 -0.28
6.6e-05 -2.88 -0.26
6.604e-05 -2.72 -0.28
6.608e-05 -2.64 -0.28
6.612e-05 -2.56 -0.28
6.616e-05 -2.32 -0.26
6.62e-05 -2.32 -0.26
6.624e-05 -2.16 -0.28
6.628e-05 -2 -0.26
6.632e-05 -2 -0.26
6.636e-05 -1.84 -0.28
6.64e-05 -1.68 -0.28
6.644e-05 -1.68 -0.3
6.648e-05 -1.52 -0.26
6.652e-05 -1.36 -0.28
6.656e-05 -1.36 -0.26
6.66e-05 -1.2 -0.28
6.664e-05 -1.04 -0.26
6.668e-05 -0.96 -0.26
6.672e-05 -0.88 -0.26
6.676e-05 -0.72 -0.26
6.68e-05 -0.64 -0.26
6.684e-05 -0.48 -0.26
6.688e-05 -0.32 -0.26
6.692e-05 -0.24 -0.26
6.696e-05 0 -0.26
6.7e-05 0 -0.26
6.704e-05 0.24 -0.26
6.708e-05 0.32 -0.26
6.712e-05 0.4 -0.26
6.716e-05 0.48 -0.26
6.72e-05 0.64 -0.24
6.724e-05 0.8 -0.24
6.728e-05 0.96 -0.26
6.732e-05 0.96 -0.24
6.736e-05 1.12 -0.24
6.74e-05 1.28 -0.22
6.744e-05 1.28 -0.24
6.748e-05 1.44 -0.24
6.752e-05 1.6 -0.22
6.756e-05 1.6 -0.24
6.76e-05 1.76 -0.22
6.764e-05 1.92 -0.24
6.768e-05 2 -0.24
6.772e-05 2.08 -0.22
6.776e-05 2.24 -0.22
6.78e-05 2.4 -0.22
6.784e-05 2.48 -0.22
6.788e-05 2.56 -0.2
6.792e-05 2.64 -0.2
6.796e-05 2.8 -0.22
6.8e-05 2.88 -0.2
6.804e-05 2.96 -0.2
6.808e-05 3.04 -0.18
6.812e-05 3.2 -0.18
6.816e-05 3.28 -0.18
6.82e-05 3.36 -0.18
6.824e-05 3.36 -0.18
6.828e-05 3.6 -0.16
6.832e-05 3.6 -0.18
6.836e-05 3.84 -0.18
6.84e-05 3.84 -0.16
6.844e-05 3.92 -0.16
6.848e-05 4 -0.14
6.852e-05 4.16 -0.14
6.856e-05 4.16 -0.14
6.86e-05 4.24 -0.16
6.864e-05 4.32 -0.14
6.868e-05 4.48 -0.14
6.872e-05 4.48 -0.12
6.876e-05 4.56 -0.14
6.88e-05 4.64 -0.12
6.884e-05 4.8 -0.12
6.888e-05 4.8 -0.12
6.892e-05 4.88 -0.1
6.896e-05 4.96 -0.1
6.9e-05 4.96 -0.1
6.904e-05 5.12 -0.1
6.908e-05 5.12 -0.1
6.912e-05 5.2 -0.08
6.916e-05 5.28 -0.08
6.92e-05 5.28 -0.08
6.924e-05 5.44 -0.08
6.928e-05 5.44 -0.08
6.932e-05 5.52 -0.06
6.936e-05 5.52 -0.06
6.94e-05 5.52 -0.06
6.944e-05 5.6 -0.06
6.948e-05 5.6 -0.06
6.952e-05 5.68 -0.04
6.956e-05 5.76 -0.04
6.96e-05 5.76 -0.04
6.964e-05 5.76 0
6.968e-05 5.84 0
6.972e-05 5.84 0
6.976e-05 5.84 0
6.98e-05 5.92 0
6.984e-05 5.92 0
6.988e-05 5.92 0.02
6.992e-05 5.92 0
6.996e-05 6.08 0
7e-05 6 0.02
7.004e-05 6 0.02
7.008e-05 6.08 0.04
7.012e-05 6 0.02
7.016e-05 6 0.04
7.02e-05 6.08 0.02
7.024e-05 6 0.04
7.028e-05 6 0.04
7.032e-05 6 0.04
7.036e-05 6 0.04
7.04e-05 6.08 0.06
7.044e-05 6 0.06
7.048e-05 5.92 0.06
7.052e-05 5.92 0.08
7.056e-05 5.92 0.08
7.06e-05 5.92 0.08
7.064e-05 5.92 0.08
7.068e-05 5.84 0.08
7.072e-05 5.84 0.08
7.076e-05 5.76 0.1
7.08e-05 5.76 0.08
7.084e-05 5.76 0.1
7.088e-05 5.68 0.1
7.092e-05 5.6 0.1
7.096e-05 5.6 0.1
7.1e-05 5.52 0.1
7.104e-05 5.52 0.1
7.108e-05 5.52 0.12
7.112e-05 5.44 0.14
7.116e-05 5.44 0.12
7.12e-05 5.36 0.12
7.124e-05 5.28 0.12
7.128e-05 5.2 0.12
7.132e-05 5.12 0.14
7.136e-05 5.12 0.12
7.14e-05 5.12 0.14
7.144e-05 4.96 0.14
7.148e-05 4.96 0.14
7.152e-05 4.88 0.16
7.156e-05 4.8 0.16
7.16e-05 4.72 0.16
7.164e-05 4.64 0.16
7.168e-05 4.56 0.16
7.172e-05 4.48 0.14
7.176e-05 4.48 0.16
7.18e-05 4.32 0.16
7.184e-05 4.24 0.16
7.188e-05 4.16 0.16
7.192e-05 4.16 0.16
7.196e-05 4 0.18
7.2e-05 3.92 0.18
7.204e-05 3.84 0.18
7.208e-05 3.76 0.16
7.212e-05 3.68 0.16
7.216e-05 3.6 0.18
7.22e-05 3.52 0.18
7.224e-05 3.36 0.18
7.228e-05 3.28 0.18
7.232e-05 3.2 0.18
7.236e-05 3.04 0.2
7.24e-05 2.96 0.18
7.244e-05 2.88 0.18
7.248e-05 2.72 0.18
7.252e-05 2.72 0.18
7.256e-05 2.56 0.18
7.26e-05 2.48 0.18
7.264e-05 2.32 0.18
7.268e-05 2.24 0.18
7.272e-05 2.08 0.18
7.276e-05 2 0.16
7.28e-05 1.92 0.18
7.284e-05 1.84 0.18
7.288e-05 1.68 0.18
7.292e-05 1.6 0.18
7.296e-05 1.44 0.18
7.3e-05 1.36 0.18
7.304e-05 1.2 0.18
7.308e-05 1.12 0.18
7.312e-05 0.96 0.18
7.316e-05 0.88 0.16
7.32e-05 0.8 0.18
7.324e-05 0.64 0.18
7.328e-05 0.48 0.16
7.332e-05 0.4 0.16
7.336e-05 0.32 0.16
7.34e-05 0.16 0.16
7.344e-05 0.08 0.16
7.348e-05 0 0.16
7.352e-05 -0.24 0.16
7.356e-05 -0.32 0.18
7.36e-05 -0.56 0.16
7.364e-05 -0.56 0.16
7.368e-05 -0.64 0.16
7.372e-05 -0.8 0.16
7.376e-05 -0.96 0.16
7.38e-05 -1.04 0.14
7.384e-05 -1.2 0.14
7.388e-05 -1.28 0.14
7.392e-05 -1.36 0.16
7.396e-05 -1.52 0.16
7.4e-05 -1.6 0.12
7.404e-05 -1.68 0.14
7.408e-05 -1.84 0.12
7.412e-05 -1.92 0.12
7.416e-05 -2.08 0.12
7.42e-05 -2.24 0.12
7.424e-05 -2.24 0.14
7.428e-05 -2.32 0.12
7.432e-05 -2.56 0.12
7.436e-05 -2.64 0.12
7.44e-05 -2.8 0.1
7.444e-05 -2.88 0.12
7.448e-05 -2.96 0.1
7.452e-05 -2.96 0.1
7.456e-05 -3.12 0.1
7.46e-05 -3.2 0.1
7.464e-05 -3.28 0.1
7.468e-05 -3.44 0.08
7.472e-05 -3.52 0.08
7.476e-05 -3.6 0.08
7.48e-05 -3.76 0.08
7.484e-05 -3.84 0.08
7.488e-05 -3.92 0.08
7.492e-05 -4.08 0.08
7.496e-05 -4.08 0.08
7.5e-05 -4.16 0.06
7.504e-05 -4.24 0.08
7.508e-05 -4.4 0.06
7.512e-05 -4.4 0.04
7.516e-05 -4.48 0.04
7.52e-05 -4.56 0.04
7.524e-05 -4.72 0.02
7.528e-05 -4.72 0.02
7.532e-05 -4.8 0.02
7.536e-05 -4.88 0.02
7.54e-05 -4.88 0.02
7.544e-05 -5.04 0
7.548e-05 -5.04 0
7.552e-05 -5.12 0
7.556e-05 -5.2 0
7.56e-05 -5.28 0
7.564e-05 -5.2 0
7.568e-05 -5.36 0
7.572e-05 -5.44 0
7.576e-05 -5.52 -0.04
7.58e-05 -5.52 -0.06
7.584e-05 -5.52 -0.04
7.588e-05 -5.52 -0.04
7.592e-05 -5.68 -0.06
7.596e-05 -5.68 -0.06
7.6e-05 -5.68 -0.08
7.604e-05 -5.76 -0.06
7.608e-05 -5.84 -0.06
7.612e-05 -5.84 -0.08
7.616e-05 -5.84 -0.08
7.62e-05 -5.92 -0.08
7.624e-05 -6 -0.1
7.628e-05 -5.92 -0.1
7.632e-05 -6 -0.1
7.636e-05 -6 -0.1
7.64e-05 -6.08 -0.1
7.644e-05 -6.08 -0.1
7.648e-05 -6.08 -0.12
7.652e-05 -6.08 -0.1
7.656e-05 -6.08 -0.12
7.66e-05 -6.08 -0.12
7.664e-05 -6.08 -0.12
7.668e-05 -6.16 -0.14
7.672e-05 -6.08 -0.14
7.676e-05 -6.08 -0.16
7.68e-05 -6.08 -0.14
7.684e-05 -6.16 -0.16
7.688e-05 -6.08 -0.14
7.692e-05 -6.08 -0.14
7.696e-05 -6 -0.16
7.7e-05 -6.08 -0.16
7.704e-05 -6.08 -0.16
7.708e-05 -6.08 -0.16
7.712e-05 -6 -0.16
7.716e-05 -6 -0.18
7.72e-05 -5.84 -0.18
7.724e-05 -5.84 -0.2
7.728e-05 -5.84 -0.18
7.732e-05 -5.84 -0.2
7.736e-05 -5.84 -0.2
7.74e-05 -5.84 -0.22
7.744e-05 -5.76 -0.18
7.748e-05 -5.68 -0.2
7.752e-05 -5.68 -0.22
7.756e-05 -5.52 -0.2
7.76e-05 -5.52 -0.22
7.764e-05 -5.52 -0.22
7.768e-05 -5.44 -0.22
7.772e-05 -5.44 -0.22
7.776e-05 -5.36 -0.22
7.78e-05 -5.36 -0.24
7.784e-05 -5.2 -0.22
7.788e-05 -5.2 -0.24
7.792e-05 -5.12 -0.24
7.796e-05 -5.04 -0.24
7.8e-05 -5.04 -0.24
7.804e-05 -4.88 -0.24
7.808e-05 -4.88 -0.26
7.812e-05 -4.8 -0.24
7.816e-05 -4.72 -0.24
7.82e-05 -4.56 -0.24
7.824e-05 -4.56 -0.26
7.828e-05 -4.48 -0.26
7.832e-05 -4.4 -0.24
7.836e-05 -4.24 -0.24
7.84e-05 -4.24 -0.26
7.844e-05 -4.16 -0.26
7.848e-05 -4.08 -0.26
7.852e-05 -3.92 -0.26
7.856e-05 -3.92 -0.26
7.86e-05 -3.76 -0.26
7.864e-05 -3.6 -0.26
7.868e-05 -3.6 -0.26
7.872e-05 -3.52 -0.26
7.876e-05 -3.44 -0.26
7.88e-05 -3.28 -0.26
7.884e-05 -3.2 -0.28
7.888e-05 -3.12 -0.26
7.892e-05 -2.96 -0.26
7.896e-05 -2.88 -0.26
7.9e-05 -2.8 -0.26
7.904e-05 -2.64 -0.26
7.908e-05 -2.56 -0.26
7.912e-05 -2.48 -0.28
7.916e-05 -2.32 -0.28
7.92e-05 -2.24 -0.28
7.924e-05 -2.16 -0.28
7.928e-05 -2 -0.28
7.932e-05 -1.92 -0.3
7.936e-05 -1.84 -0.28
7.94e-05 -1.68 -0.26
7.944e-05 -1.6 -0.26
7.948e-05 -1.52 -0.28
7.952e-05 -1.36 -0.28
7.956e-05 -1.28 -0.26
7.96e-05 -1.04 -0.26
7.964e-05 -1.04 -0.26
7.968e-05 -0.96 -0.26
7.972e-05 -0.8 -0.28
7.976e-05 -0.64 -0.26
7.98e-05 -0.56 -0.26
7.984e-05 -0.4 -0.26
7.988e-05 -0.32 -0.26
7.992e-05 -0.24 -0.26
7.996e-05 0 -0.26
8e-05 0.08 -0.26
8.004e-05 0.32 -0.26
8.008e-05 0.32 -0.26
8.012e-05 0.48 -0.24
8.016e-05 0.64 -0.24
8.02e-05 0.72 -0.26
8.024e-05 0.8 -0.26
8.028e-05 0.96 -0.24
8.032e-05 1.04 -0.24
8.036e-05 1.12 -0.24
8.04e-05 1.28 -0.24
8.044e-05 1.36 -0.24
8.048e-05 1.44 -0.24
8.052e-05 1.6 -0.24
8.056e-05 1.68 -0.24
8.06e-05 1.76 -0.2
8.064e-05 1.92 -0.22
8.068e-05 2 -0.24
8.072e-05 2.24 -0.24
8.076e-05 2.32 -0.22
8.08e-05 2.4 -0.22
8.084e-05 2.48 -0.2
8.088e-05 2.56 -0.2
8.092e-05 2.72 -0.2
8.096e-05 2.72 -0.2
8.1e-05 2.88 -0.2
8.104e-05 2.96 -0.18
8.108e-05 3.04 -0.18
8.112e-05 3.2 -0.2
8.116e-05 3.28 -0.18
8.12e-05 3.36 -0.18
8.124e-05 3.52 -0.18
8.128e-05 3.6 -0.16
8.132e-05 3.68 -0.18
8.136e-05 3.76 -0.16
8.14e-05 3.84 -0.16
8.144e-05 3.92 -0.16
8.148e-05 4 -0.16
8.152e-05 4.16 -0.16
8.156e-05 4.16 -0.14
8.16e-05 4.32 -0.14
8.164e-05 4.32 -0.14
8.168e-05 4.48 -0.14
8.172e-05 4.48 -0.12
8.176e-05 4.64 -0.12
8.18e-05 4.72 -0.1
8.184e-05 4.8 -0.12
8.188e-05 4.8 -0.1
8.192e-05 4.96 -0.1
8.196e-05 4.96 -0.12
8.2e-05 4.96 -0.1
8.204e-05 5.12 -0.08
8.208e-05 5.2 -0.08
8.212e-05 5.2 -0.08
8.216e-05 5.28 -0.08
8.22e-05 5.28 -0.08
8.224e-05 5.44 -0.08
8.228e-05 5.44 -0.06
8.232e-05 5.44 -0.06
8.236e-05 5.52 -0.06
8.24e-05 5.6 -0.06
8.244e-05 5.6 -0.04
8.248e-05 5.6 -0.04
8.252e-05 5.68 -0.04
8.256e-05 5.76 -0.04
8.26e-05 5.76 0
8.264e-05 5.84 -0.04
8.268e-05 5.84 0
8.272e-05 5.84 0
8.276e-05 5.92 0
8.28e-05 5.92 0
8.284e-05 5.92 0
8.288e-05 5.92 0.02
8.292e-05 5.92 0.02
8.296e-05 6 0.04
8.3e-05 6.08 0.02
8.304e-05 5.92 0.02
8.308e-05 6.08 0.02
8.312e-05 6.08 0.04
8.316e-05 6.08 0.04
8.32e-05 6.08 0.02
8.324e-05 6.08 0.04
8.328e-05 6.08 0.04
8.332e-05 6 0.04
8.336e-05 6 0.06
8.34e-05 5.92 0.06
8.344e-05 6.08 0.08
8.348e-05 6 0.08
8.352e-05 5.92 0.08
8.356e-05 6 0.08
8.36e-05 5.92 0.08
8.364e-05 5.92 0.1
8.368e-05 5.92 0.08
8.372e-05 5.84 0.1
8.376e-05 5.76 0.08
8.38e-05 5.76 0.1
8.384e-05 5.76 0.1
8.388e-05 5.76 0.1
8.392e-05 5.6 0.1
8.396e-05 5.6 0.1
8.4e-05 5.6 0.12
8.404e-05 5.52 0.12
8.408e-05 5.52 0.1
8.412e-05 5.44 0.12
8.416e-05 5.44 0.12
8.42e-05 5.28 0.14
8.424e-05 5.28 0.12
8.428e-05 5.2 0.12
8.432e-05 5.12 0.12
8.436e-05 5.12 0.16
8.44e-05 5.04 0.16
8.444e-05 4.96 0.12
8.448e-05 4.96 0.16
8.452e-05 4.96 0.14
8.456e-05 4.8 0.16
8.46e-05 4.8 0.16
8.464e-05 4.64 0.14
8.468e-05 4.56 0.16
8.472e-05 4.48 0.16
8.476e-05 4.48 0.16
8.48e-05 4.32 0.16
8.484e-05 4.24 0.16
8.488e-05 4.16 0.18
8.492e-05 4.08 0.16
8.496e-05 3.92 0.18
8.5e-05 3.92 0.16
8.504e-05 3.84 0.18
8.508e-05 3.68 0.18
8.512e-05 3.68 0.18
8.516e-05 3.52 0.18
8.52e-05 3.44 0.18
8.524e-05 3.36 0.18
8.528e-05 3.2 0.18
8.532e-05 3.04 0.18
8.536e-05 3.04 0.18
8.54e-05 2.96 0.18
8.544e-05 2.88 0.18
8.548e-05 2.72 0.18
8.552e-05 2.64 0.18
8.556e-05 2.56 0.18
8.56e-05 2.48 0.2
8.564e-05 2.4 0.18
8.568e-05 2.24 0.18
8.572e-05 2.16 0.18
8.576e-05 2 0.18
8.58e-05 1.92 0.2
8.584e-05 1.76 0.2
8.588e-05 1.6 0.18
8.592e-05 1.6 0.18
8.596e-05 1.44 0.18
8.6e-05 1.36 0.2
8.604e-05 1.2 0.16
8.608e-05 1.12 0.18
8.612e-05 0.96 0.18
8.616e-05 0.88 0.18
8.62e-05 0.72 0.18
8.624e-05 0.64 0.18
8.628e-05 0.48 0.18
8.632e-05 0.4 0.18
8.636e-05 0.32 0.16
8.64e-05 0.16 0.18
8.644e-05 0.08 0.18
8.648e-05 0 0.16
8.652e-05 -0.32 0.16
8.656e-05 -0.4 0.16
8.66e-05 -0.56 0.16
8.664e-05 -0.64 0.16
8.668e-05 -0.72 0.16
8.672e-05 -0.88 0.16
8.676e-05 -0.96 0.16
8.68e-05 -1.04 0.16
8.684e-05 -1.2 0.16
8.688e-05 -1.28 0.16
8.692e-05 -1.36 0.14
8.696e-05 -1.52 0.16
8.7e-05 -1.68 0.12
8.704e-05 -1.76 0.14
8.708e-05 -1.84 0.14
8.712e-05 -2 0.12
8.716e-05 -2.08 0.12
8.72e-05 -2.24 0.12
8.724e-05 -2.32 0.12
8.728e-05 -2.48 0.12
8.732e-05 -2.56 0.1
8.736e-05 -2.64 0.12
8.74e-05 -2.72 0.1
8.744e-05 -2.88 0.1
8.748e-05 -2.96 0.1
8.752e-05 -2.96 0.1
8.756e-05 -3.12 0.1
8.76e-05 -3.28 0.1
8.764e-05 -3.28 0.08
8.768e-05 -3.44 0.08
8.772e-05 -3.6 0.08
8.776e-05 -3.6 0.08
8.78e-05 -3.76 0.08
8.784e-05 -3.84 0.08
8.788e-05 -3.92 0.08
8.792e-05 -3.92 0.08
8.796e-05 -4.16 0.04
8.8e-05 -4.24 0.06
8.804e-05 -4.24 0.04
8.808e-05 -4.4 0.04
8.812e-05 -4.4 0.04
8.816e-05 -4.48 0.02
8.82e-05 -4.56 0.02
8.824e-05 -4.64 0.02
8.828e-05 -4.8 0.04
8.832e-05 -4.8 0.02
8.836e-05 -4.88 0.02
8.84e-05 -5.04 0.02
8.844e-05 -5.04 0.02
8.848e-05 -5.12 0
8.852e-05 -5.12 -0.04
8.856e-05 -5.2 0
8.86e-05 -5.2 0
8.864e-05 -5.36 0
8.868e-05 -5.36 0
8.872e-05 -5.52 -0.04
8.876e-05 -5.44 0
8.88e-05 -5.52 -0.06
8.884e-05 -5.52 -0.04
8.888e-05 -5.6 -0.06
8.892e-05 -5.68 -0.06
8.896e-05 -5.68 -0.04
8.9e-05 -5.76 -0.06
8.904e-05 -5.84 -0.08
8.908e-05 -5.84 -0.08
8.912e-05 -5.84 -0.06
8.916e-05 -5.92 -0.08
8.92e-05 -5.84 -0.08
8.924e-05 -6 -0.08
8.928e-05 -6 -0.08
8.932e-05 -6 -0.08
8.936e-05 -6.08 -0.1
8.94e-05 -6 -0.1
8.944e-05 -6.08 -0.12
8.948e-05 -6.08 -0.1
8.952e-05 -6.08 -0.1
8.956e-05 -6.08 -0.14
8.96e-05 -6.08 -0.14
8.964e-05 -6.08 -0.14
8.968e-05 -6.08 -0.14
8.972e-05 -6.16 -0.14
8.976e-05 -6.08 -0.16
8.98e-05 -6.08 -0.14
8.984e-05 -6.08 -0.14
8.988e-05 -6.08 -0.16
8.992e-05 -6.08 -0.16
8.996e-05 -6.08 -0.16
9e-05 -6.08 -0.16
9.004e-05 -6.08 -0.16
9.008e-05 -6 -0.18
9.012e-05 -6 -0.16
9.016e-05 -6 -0.18
9.02e-05 -5.92 -0.18
9.024e-05 -5.84 -0.2
9.028e-05 -5.84 -0.2
9.032e-05 -5.84 -0.18
9.036e-05 -5.84 -0.18
9.04e-05 -5.76 -0.2
9.044e-05 -5.68 -0.2
9.048e-05 -5.68 -0.2
9.052e-05 -5.68 -0.22
9.056e-05 -5.68 -0.2
9.06e-05 -5.52 -0.24
9.064e-05 -5.44 -0.22
9.068e-05 -5.44 -0.24
9.072e-05 -5.36 -0.24
9.076e-05 -5.36 -0.22
9.08e-05 -5.28 -0.24
9.084e-05 -5.2 -0.24
9.088e-05 -5.12 -0.24
9.092e-05 -5.12 -0.22
9.096e-05 -5.04 -0.24
9.1e-05 -4.96 -0.24
9.104e-05 -4.88 -0.24
9.108e-05 -4.8 -0.24
9.112e-05 -4.8 -0.24
9.116e-05 -4.72 -0.26
9.12e-05 -4.56 -0.26
9.124e-05 -4.56 -0.26
9.128e-05 -4.48 -0.26
9.132e-05 -4.4 -0.26
9.136e-05 -4.24 -0.3
9.14e-05 -4.16 -0.26
9.144e-05 -4.08 -0.26
9.148e-05 -4.08 -0.26
9.152e-05 -3.92 -0.28
9.156e-05 -3.84 -0.26
9.16e-05 -3.76 -0.26
9.164e-05 -3.6 -0.26
9.168e-05 -3.52 -0.28
9.172e-05 -3.44 -0.28
9.176e-05 -3.36 -0.28
9.18e-05 -3.28 -0.26
9.184e-05 -3.2 -0.28
9.188e-05 -3.12 -0.26
9.192e-05 -2.96 -0.28
9.196e-05 -2.88 -0.26
9.2e-05 -2.72 -0.26
9.204e-05 -2.64 -0.3
9.208e-05 -2.56 -0.26
9.212e-05 -2.4 -0.28
9.216e-05 -2.32 -0.26
9.22e-05 -2.24 -0.28
9.224e-05 -2.08 -0.3
9.228e-05 -2 -0.28
9.232e-05 -1.92 -0.28
9.236e-05 -1.84 -0.28
9.24e-05 -1.68 -0.28
9.244e-05 -1.52 -0.28
9.248e-05 -1.44 -0.26
9.252e-05 -1.28 -0.26
9.256e-05 -1.28 -0.26
9.26e-05 -1.04 -0.28
9.264e-05 -0.96 -0.26
9.268e-05 -0.88 -0.26
9.272e-05 -0.72 -0.26
9.276e-05 -0.64 -0.26
9.28e-05 -0.56 -0.26
9.284e-05 -0.4 -0.26
9.288e-05 -0.24 -0.26
9.292e-05 -0.16 -0.26
9.296e-05 0 -0.26
9.3e-05 0.16 -0.26
9.304e-05 0.32 -0.24
9.308e-05 0.32 -0.26
9.312e-05 0.48 -0.26
9.316e-05 0.64 -0.26
9.32e-05 0.72 -0.24
9.324e-05 0.8 -0.24
9.328e-05 0.96 -0.24
9.332e-05 1.04 -0.26
9.336e-05 1.12 -0.24
9.34e-05 1.28 -0.24
9.344e-05 1.44 -0.24
9.348e-05 1.6 -0.24
9.352e-05 1.6 -0.24
9.356e-05 1.68 -0.22
9.36e-05 1.92 -0.22
9.364e-05 1.92 -0.24
9.368e-05 2.08 -0.22
9.372e-05 2.24 -0.22
9.376e-05 2.32 -0.2
9.38e-05 2.4 -0.22
9.384e-05 2.56 -0.2
9.388e-05 2.64 -0.2
9.392e-05 2.72 -0.2
9.396e-05 2.88 -0.2
9.4e-05 2.88 -0.22
9.404e-05 3.04 -0.2
9.408e-05 3.12 -0.2
9.412e-05 3.2 -0.18
9.416e-05 3.36 -0.16
9.42e-05 3.52 -0.18
9.424e-05 3.52 -0.18
9.428e-05 3.6 -0.16
9.432e-05 3.68 -0.16
9.436e-05 3.84 -0.16
9.44e-05 3.92 -0.16
9.444e-05 4 -0.16
9.448e-05 4.08 -0.14
9.452e-05 4.16 -0.16
9.456e-05 4.16 -0.14
9.46e-05 4.32 -0.14
9.464e-05 4.4 -0.14
9.468e-05 4.48 -0.14
9.472e-05 4.56 -0.12
9.476e-05 4.64 -0.1
9.48e-05 4.64 -0.12
9.484e-05 4.8 -0.12
9.488e-05 4.8 -0.14
9.492e-05 4.88 -0.1
9.496e-05 4.96 -0.1
9.5e-05 5.12 -0.08
9.504e-05 5.12 -0.08
9.508e-05 5.2 -0.1
9.512e-05 5.2 -0.08
9.516e-05 5.28 -0.08
9.52e-05 5.44 -0.08
9.524e-05 5.44 -0.08
9.528e-05 5.44 -0.06
9.532e-05 5.44 -0.06
9.536e-05 5.52 -0.06
9.54e-05 5.6 -0.06
9.544e-05 5.52 -0.06
9.548e-05 5.6 -0.04
9.552e-05 5.68 0
9.556e-05 5.76 -0.04
9.56e-05 5.76 0
9.564e-05 5.84 0
9.568e-05 5.84 0
9.572e-05 5.84 0
9.576e-05 5.84 0
9.58e-05 5.92 -0.04
9.584e-05 5.92 0
9.588e-05 5.92 0.02
9.592e-05 5.92 0.02
9.596e-05 5.92 0.02
9.6e-05 5.92 0.02
9.604e-05 5.92 0.04
9.608e-05 6 0.04
9.612e-05 6.08 0.04
9.616e-05 6.08 0.04
9.62e-05 6 0.04
9.624e-05 6 0.04
9.628e-05 6 0.04
9.632e-05 6 0.06
9.636e-05 5.92 0.06
9.64e-05 5.92 0.06
9.644e-05 5.92 0.06
9.648e-05 5.92 0.08
9.652e-05 5.92 0.08
9.656e-05 5.84 0.08
9.66e-05 5.84 0.08
9.664e-05 5.84 0.08
9.668e-05 5.84 0.08
9.672e-05 5.84 0.1
9.676e-05 5.84 0.1
9.68e-05 5.84 0.1
9.684e-05 5.76 0.1
9.688e-05 5.68 0.1
9.692e-05 5.6 0.12
9.696e-05 5.6 0.1
9.7e-05 5.52 0.12
9.704e-05 5.6 0.1
9.708e-05 5.44 0.12
9.712e-05 5.44 0.12
9.716e-05 5.44 0.12
9.72e-05 5.28 0.12
9.724e-05 5.2 0.12
9.728e-05 5.2 0.16
9.732e-05 5.2 0.12
9.736e-05 5.12 0.14
9.74e-05 5.04 0.14
9.744e-05 4.96 0.16
9.748e-05 4.88 0.16
9.752e-05 4.8 0.14
9.756e-05 4.8 0.14
9.76e-05 4.72 0.16
9.764e-05 4.64 0.16
9.768e-05 4.56 0.18
9.772e-05 4.48 0.14
9.776e-05 4.32 0.16
9.78e-05 4.24 0.18
9.784e-05 4.16 0.18
9.788e-05 4.16 0.16
9.792e-05 4 0.16
9.796e-05 3.92 0.18
9.8e-05 3.84 0.18
9.804e-05 3.84 0.16
9.808e-05 3.68 0.16
9.812e-05 3.6 0.18
9.816e-05 3.52 0.18
9.82e-05 3.36 0.16
9.824e-05 3.28 0.18
9.828e-05 3.2 0.18
9.832e-05 3.12 0.18
9.836e-05 3.04 0.16
9.84e-05 2.88 0.18
9.844e-05 2.88 0.18
9.848e-05 2.72 0.18
9.852e-05 2.64 0.2
9.856e-05 2.56 0.18
9.86e-05 2.4 0.18
9.864e-05 2.24 0.18
9.868e-05 2.24 0.18
9.872e-05 2.08 0.18
9.876e-05 1.92 0.16
9.88e-05 1.92 0.18
9.884e-05 1.68 0.18
9.888e-05 1.6 0.18
9.892e-05 1.6 0.18
9.896e-05 1.36 0.18
9.9e-05 1.28 0.18
9.904e-05 1.12 0.18
9.908e-05 1.04 0.18
9.912e-05 0.96 0.18
9.916e-05 0.8 0.18
9.92e-05 0.72 0.18
9.924e-05 0.64 0.18
9.928e-05 0.48 0.18
9.932e-05 0.32 0.16
9.936e-05 0.32 0.18
9.94e-05 0.16 0.16
9.944e-05 0 0.18
9.948e-05 -0.24 0.16
9.952e-05 -0.32 0.16
9.956e-05 -0.4 0.18
9.96e-05 -0.48 0.16
9.964e-05 -0.72 0.16
9.968e-05 -0.8 0.16
9.972e-05 -0.96 0.12
9.976e-05 -1.04 0.16
9.98e-05 -1.2 0.16
9.984e-05 -1.28 0.16
9.988e-05 -1.36 0.14
9.992e-05 -1.36 0.14
9.996e-05 -1.52 0.14
0.0001 -1.68 0.12
0.00010004 -1.84 0.12
0.00010008 -1.92 0.14
0.00010012 -2 0.14
0.00010016 -2.16 0.12
0.0001002 -2.24 0.12
0.00010024 -2.32 0.12
0.00010028 -2.48 0.12
0.00010032 -2.56 0.14
0.00010036 -2.64 0.1
0.0001004 -2.8 0.1
0.00010044 -2.88 0.12
0.00010048 -2.96 0.1
0.00010052 -3.12 0.1
0.00010056 -3.2 0.1
0.0001006 -3.28 0.1
0.00010064 -3.36 0.1
0.00010068 -3.52 0.08
0.00010072 -3.6 0.08
0.00010076 -3.68 0.08
0.0001008 -3.76 0.08
0.00010084 -3.84 0.08
0.00010088 -3.92 0.08
0.00010092 -4 0.08
0.00010096 -4.08 0.06
0.000101 -4.16 0.06
0.00010104 -4.24 0.04
0.00010108 -4.4 0.04
0.00010112 -4.48 0.06
0.00010116 -4.56 0.04
0.0001012 -4.56 0.06
0.00010124 -4.72 0.02
0.00010128 -4.72 0.02
0.00010132 -4.88 0.02
0.00010136 -4.88 0.02
0.0001014 -5.04 0.02
0.00010144 -5.04 0.02
0.00010148 -5.12 0
0.00010152 -5.12 0
0.00010156 -5.2 0
0.0001016 -5.28 0
0.00010164 -5.36 -0.04
0.00010168 -5.36 0
0.00010172 -5.52 0
0.00010176 -5.52 -0.06
0.0001018 -5.52 -0.04
0.00010184 -5.6 -0.04
0.00010188 -5.68 -0.04
0.00010192 -5.68 -0.06
0.00010196 -5.76 -0.06
0.000102 -5.76 -0.08
0.00010204 -5.76 -0.06
0.00010208 -5.84 -0.08
0.00010212 -5.84 -0.08
0.00010216 -5.84 -0.1
0.0001022 -5.92 -0.08
0.00010224 -6 -0.08
0.00010228 -6 -0.1
0.00010232 -6 -0.1
0.00010236 -6 -0.1
0.0001024 -6 -0.1
0.00010244 -6.08 -0.1
0.00010248 -6.08 -0.1
0.00010252 -6.08 -0.1
0.00010256 -6.08 -0.12
0.0001026 -6.08 -0.12
0.00010264 -6.08 -0.12
0.00010268 -6.16 -0.14
0.00010272 -6.16 -0.14
0.00010276 -6.08 -0.14
0.0001028 -6.08 -0.14
0.00010284 -6.08 -0.16
0.00010288 -6.08 -0.14
0.00010292 -6.08 -0.16
0.00010296 -6.08 -0.14
0.000103 -6 -0.16
0.00010304 -6.08 -0.18
0.00010308 -6.08 -0.16
0.00010312 -6 -0.16
0.00010316 -5.92 -0.18
0.0001032 -5.84 -0.18
0.00010324 -5.84 -0.18
0.00010328 -5.84 -0.18
0.00010332 -5.84 -0.2
0.00010336 -5.76 -0.2
0.0001034 -5.76 -0.2
0.00010344 -5.68 -0.22
0.00010348 -5.68 -0.2
0.00010352 -5.68 -0.22
0.00010356 -5.52 -0.22
0.0001036 -5.52 -0.22
0.00010364 -5.44 -0.22
0.00010368 -5.44 -0.22
0.00010372 -5.36 -0.24
0.00010376 -5.36 -0.22
0.0001038 -5.2 -0.24
0.00010384 -5.2 -0.22
0.00010388 -5.2 -0.24
0.00010392 -5.12 -0.24
0.00010396 -4.96 -0.24
0.000104 -4.96 -0.24
0.00010404 -4.88 -0.24
0.00010408 -4.8 -0.26
0.00010412 -4.72 -0.24
0.00010416 -4.64 -0.26
0.0001042 -4.56 -0.24
0.00010424 -4.48 -0.26
0.00010428 -4.4 -0.24
0.00010432 -4.32 -0.26
0.00010436 -4.24 -0.26
0.0001044 -4.16 -0.26
0.00010444 -4.08 -0.26
0.00010448 -3.92 -0.26
0.00010452 -3.84 -0.26
0.00010456 -3.84 -0.28
0.0001046 -3.76 -0.26
0.00010464 -3.6 -0.26
0.00010468 -3.52 -0.26
0.00010472 -3.44 -0.26
0.00010476 -3.28 -0.28
0.0001048 -3.28 -0.28
0.00010484 -3.12 -0.28
0.00010488 -2.96 -0.26
0.00010492 -2.96 -0.26
0.00010496 -2.8 -0.28
0.000105 -2.8 -0.28
0.00010504 -2.64 -0.3
0.00010508 -2.48 -0.26
0.00010512 -2.32 -0.28
0.00010516 -2.32 -0.28
0.0001052 -2.16 -0.28
0.00010524 -2.08 -0.26
0.00010528 -2 -0.26
0.00010532 -1.92 -0.28
0.00010536 -1.76 -0.28
0.0001054 -1.68 -0.26
0.00010544 -1.52 -0.26
0.00010548 -1.36 -0.28
0.00010552 -1.28 -0.28
0.00010556 -1.2 -0.26
0.0001056 -1.04 -0.26
0.00010564 -0.96 -0.26
0.00010568 -0.88 -0.28
0.00010572 -0.72 -0.26
0.00010576 -0.56 -0.26
0.0001058 -0.48 -0.26
0.00010584 -0.4 -0.26
0.00010588 -0.32 -0.26
0.00010592 0 -0.26
0.00010596 0.08 -0.24
0.000106 0.16 -0.26
0.00010604 0.32 -0.26
0.00010608 0.4 -0.26
0.00010612 0.48 -0.24
0.00010616 0.64 -0.26
0.0001062 0.72 -0.26
0.00010624 0.96 -0.26
0.00010628 0.96 -0.24
0.00010632 1.12 -0.24
0.00010636 1.28 -0.26
0.0001064 1.36 -0.24
0.00010644 1.44 -0.24
0.00010648 1.6 -0.24
0.00010652 1.68 -0.24
0.00010656 1.76 -0.24
0.0001066 1.92 -0.22
0.00010664 2 -0.2
0.00010668 2.16 -0.22
0.00010672 2.24 -0.22
0.00010676 2.32 -0.22
0.0001068 2.4 -0.22
0.00010684 2.56 -0.22
0.00010688 2.56 -0.2
0.00010692 2.72 -0.22
0.00010696 2.88 -0.2
0.000107 2.88 -0.2
0.00010704 3.04 -0.18
0.00010708 3.2 -0.18
0.00010712 3.28 -0.18
0.00010716 3.36 -0.18
0.0001072 3.52 -0.16
0.00010724 3.52 -0.16
0.00010728 3.68 -0.18
0.00010732 3.76 -0.16
0.00010736 3.84 -0.16
0.0001074 3.92 -0.16
0.00010744 4 -0.16
0.00010748 4.16 -0.14
0.00010752 4.16 -0.14
0.00010756 4.16 -0.14
0.0001076 4.32 -0.16
0.00010764 4.48 -0.14
0.00010768 4.48 -0.12
0.00010772 4.64 -0.12
0.00010776 4.64 -0.14
0.0001078 4.72 -0.12
0.00010784 4.8 -0.12
0.00010788 4.8 -0.1
0.00010792 4.96 -0.1
0.00010796 5.04 -0.1
0.000108 5.12 -0.1
0.00010804 5.12 -0.1
0.00010808 5.2 -0.08
0.00010812 5.28 -0.08
0.00010816 5.28 -0.08
0.0001082 5.28 -0.08
0.00010824 5.44 -0.08
0.00010828 5.44 -0.06
0.00010832 5.52 -0.06
0.00010836 5.52 -0.06
0.0001084 5.6 -0.04
0.00010844 5.6 -0.06
0.00010848 5.6 -0.06
0.00010852 5.76 -0.04
0.00010856 5.76 -0.04
0.0001086 5.76 0
0.00010864 5.76 -0.04
0.00010868 5.84 -0.04
0.00010872 5.84 0
0.00010876 5.92 0
0.0001088 5.92 0
0.00010884 5.92 0
0.00010888 5.92 0
0.00010892 6.08 0
0.00010896 6.08 0.02
0.000109 5.92 0.02
0.00010904 5.92 0.02
0.00010908 6.08 0.04
0.00010912 6.08 0.02
0.00010916 6.08 0.02
0.0001092 6.08 0.04
0.00010924 6.08 0.04
0.00010928 6 0.06
0.00010932 6 0.08
0.00010936 6 0.04
0.0001094 6 0.06
0.00010944 5.92 0.08
0.00010948 5.92 0.08
0.00010952 5.92 0.08
0.00010956 5.92 0.08
0.0001096 5.92 0.08
0.00010964 5.84 0.1
0.00010968 5.84 0.1
0.00010972 5.84 0.08
0.00010976 5.76 0.1
0.0001098 5.76 0.1
0.00010984 5.76 0.1
0.00010988 5.68 0.1
0.00010992 5.6 0.12
0.00010996 5.6 0.1
0.00011 5.6 0.12
0.00011004 5.44 0.12
0.00011008 5.44 0.12
0.00011012 5.44 0.12
0.00011016 5.36 0.12
0.0001102 5.28 0.12
0.00011024 5.2 0.12
0.00011028 5.2 0.12
0.00011032 5.12 0.14
0.00011036 5.12 0.14
0.0001104 4.96 0.16
0.00011044 4.96 0.14
0.00011048 4.88 0.14
0.00011052 4.8 0.16
0.00011056 4.8 0.16
0.0001106 4.72 0.16
0.00011064 4.56 0.16
0.00011068 4.48 0.16
0.00011072 4.48 0.16
0.00011076 4.32 0.18
0.0001108 4.32 0.16
0.00011084 4.16 0.16
0.00011088 4.08 0.16
0.00011092 4.08 0.16
0.00011096 3.92 0.18
0.000111 3.84 0.18
0.00011104 3.76 0.18
0.00011108 3.68 0.18
0.00011112 3.6 0.18
0.00011116 3.52 0.18
0.0001112 3.36 0.18
0.00011124 3.28 0.2
0.00011128 3.2 0.18
0.00011132 3.04 0.16
0.00011136 2.96 0.18
0.0001114 2.88 0.18
0.00011144 2.8 0.18
0.00011148 2.64 0.16
0.00011152 2.56 0.16
0.00011156 2.4 0.2
0.0001116 2.4 0.18
0.00011164 2.24 0.18
0.00011168 2.16 0.18
0.00011172 2 0.18
0.00011176 1.92 0.18
0.0001118 1.84 0.18
0.00011184 1.68 0.18
0.00011188 1.6 0.18
0.00011192 1.44 0.16
0.00011196 1.36 0.18
0.000112 1.28 0.18
0.00011204 1.12 0.18
0.00011208 1.04 0.16
0.00011212 0.96 0.18
0.00011216 0.72 0.18
0.0001122 0.64 0.16
0.00011224 0.56 0.16
0.00011228 0.4 0.18
0.00011232 0.4 0.18
0.00011236 0.16 0.16
0.0001124 0.16 0.16
0.00011244 0 0.16
0.00011248 -0.24 0.16
0.00011252 -0.4 0.16
0.00011256 -0.48 0.18
0.0001126 -0.56 0.14
0.00011264 -0.72 0.16
0.00011268 -0.8 0.16
0.00011272 -0.96 0.14
0.00011276 -1.04 0.16
0.0001128 -1.2 0.16
0.00011284 -1.28 0.16
0.00011288 -1.36 0.14
0.00011292 -1.44 0.14
0.00011296 -1.6 0.14
0.000113 -1.68 0.12
0.00011304 -1.84 0.14
0.00011308 -1.92 0.12
0.00011312 -2 0.12
0.00011316 -2.16 0.12
0.0001132 -2.24 0.12
0.00011324 -2.4 0.12
0.00011328 -2.48 0.1
0.00011332 -2.64 0.12
0.00011336 -2.72 0.1
0.0001134 -2.8 0.12
0.00011344 -2.96 0.1
0.00011348 -3.04 0.08
0.00011352 -3.12 0.1
0.00011356 -3.2 0.1
0.0001136 -3.36 0.08
0.00011364 -3.44 0.08
0.00011368 -3.52 0.08
0.00011372 -3.6 0.08
0.00011376 -3.68 0.08
0.0001138 -3.76 0.08
0.00011384 -3.92 0.08
0.00011388 -3.92 0.08
0.00011392 -4.08 0.08
0.00011396 -4.16 0.04
0.000114 -4.24 0.04
0.00011404 -4.24 0.04
0.00011408 -4.4 0.06
0.00011412 -4.48 0.04
0.00011416 -4.56 0.04
0.0001142 -4.72 0.04
0.00011424 -4.72 0.04
0.00011428 -4.8 0.02
0.00011432 -4.8 0.02
0.00011436 -4.96 0.02
0.0001144 -5.04 0
0.00011444 -5.04 0.02
0.00011448 -5.12 0
0.00011452 -5.2 0
0.00011456 -5.2 0
0.0001146 -5.28 -0.04
0.00011464 -5.36 0
0.00011468 -5.44 -0.04
0.00011472 -5.44 0
0.00011476 -5.52 0
0.0001148 -5.52 -0.04
0.00011484 -5.6 -0.04
0.00011488 -5.68 -0.06
0.00011492 -5.68 -0.04
0.00011496 -5.68 -0.06
0.000115 -5.76 -0.06
0.00011504 -5.84 -0.08
0.00011508 -5.76 -0.06
0.00011512 -5.84 -0.06
0.00011516 -5.92 -0.06
0.0001152 -5.92 -0.08
0.00011524 -6 -0.1
0.00011528 -6 -0.1
0.00011532 -6.08 -0.1
0.00011536 -6.08 -0.1
0.0001154 -6.08 -0.1
0.00011544 -6.08 -0.1
0.00011548 -6 -0.12
0.00011552 -6.08 -0.12
0.00011556 -6.16 -0.14
0.0001156 -6.08 -0.12
0.00011564 -6.08 -0.14
0.00011568 -6.08 -0.12
0.00011572 -6.16 -0.14
0.00011576 -6.16 -0.16
0.0001158 -6.16 -0.14
0.00011584 -6.16 -0.14
0.00011588 -6.08 -0.16
0.00011592 -6.08 -0.18
0.00011596 -6.08 -0.16
0.000116 -6.08 -0.16
0.00011604 -6 -0.18
0.00011608 -6 -0.16
0.00011612 -5.92 -0.18
0.00011616 -5.92 -0.18
0.0001162 -5.92 -0.18
0.00011624 -5.84 -0.2
0.00011628 -5.84 -0.18
0.00011632 -5.84 -0.22
0.00011636 -5.76 -0.18
0.0001164 -5.76 -0.2
0.00011644 -5.68 -0.2
0.00011648 -5.68 -0.22
0.00011652 -5.52 -0.22
0.00011656 -5.52 -0.22
0.0001166 -5.52 -0.22
0.00011664 -5.52 -0.22
0.00011668 -5.44 -0.22
0.00011672 -5.36 -0.24
0.00011676 -5.2 -0.22
0.0001168 -5.2 -0.24
0.00011684 -5.2 -0.24
0.00011688 -5.2 -0.24
0.00011692 -5.04 -0.22
0.00011696 -5.04 -0.24
0.000117 -4.88 -0.26
0.00011704 -4.88 -0.26
0.00011708 -4.8 -0.24
0.00011712 -4.72 -0.24
0.00011716 -4.56 -0.26
0.0001172 -4.56 -0.26
0.00011724 -4.48 -0.26
0.00011728 -4.4 -0.26
0.00011732 -4.4 -0.26
0.00011736 -4.24 -0.26
0.0001174 -4.16 -0.26
0.00011744 -4.08 -0.26
0.00011748 -3.92 -0.26
0.00011752 -3.84 -0.26
0.00011756 -3.84 -0.28
0.0001176 -3.68 -0.26
0.00011764 -3.6 -0.26
0.00011768 -3.52 -0.26
0.00011772 -3.44 -0.28
0.00011776 -3.28 -0.28
0.0001178 -3.2 -0.26
0.00011784 -3.12 -0.28
0.00011788 -2.96 -0.28
0.00011792 -2.88 -0.26
0.00011796 -2.8 -0.26
0.000118 -2.64 -0.26
0.00011804 -2.56 -0.26
0.00011808 -2.48 -0.28
0.00011812 -2.32 -0.28
0.00011816 -2.24 -0.28
0.0001182 -2.16 -0.28
0.00011824 -2 -0.28
0.00011828 -2 -0.26
0.00011832 -1.84 -0.28
0.00011836 -1.68 -0.28
0.0001184 -1.6 -0.28
0.00011844 -1.52 -0.26
0.00011848 -1.36 -0.26
0.00011852 -1.28 -0.26
0.00011856 -1.12 -0.26
0.0001186 -1.04 -0.26
0.00011864 -0.96 -0.26
0.00011868 -0.72 -0.26
0.00011872 -0.64 -0.26
0.00011876 -0.56 -0.26
0.0001188 -0.4 -0.26
0.00011884 -0.32 -0.26
0.00011888 -0.16 -0.26
0.00011892 0 -0.26
0.00011896 0.08 -0.26
0.000119 0.16 -0.26
0.00011904 0.32 -0.26
0.00011908 0.48 -0.26
0.00011912 0.64 -0.24
0.00011916 0.64 -0.26
0.0001192 0.8 -0.24
0.00011924 0.96 -0.24
0.00011928 0.96 -0.24
0.00011932 1.12 -0.24
0.00011936 1.28 -0.24
0.0001194 1.36 -0.24
0.00011944 1.52 -0.24
0.00011948 1.6 -0.24
0.00011952 1.68 -0.24
0.00011956 1.84 -0.22
0.0001196 1.92 -0.22
0.00011964 2 -0.24
0.00011968 2.16 -0.22
0.00011972 2.32 -0.22
0.00011976 2.4 -0.2
0.0001198 2.48 -0.2
0.00011984 2.56 -0.22
0.00011988 2.72 -0.18
0.00011992 2.88 -0.2
0.00011996 2.96 -0.18
0.00012 3.04 -0.2
0.00012004 3.12 -0.2
0.00012008 3.2 -0.18
0.00012012 3.28 -0.18
0.00012016 3.36 -0.18
0.0001202 3.52 -0.18
0.00012024 3.6 -0.18
0.00012028 3.68 -0.18
0.00012032 3.84 -0.16
0.00012036 3.84 -0.16
0.0001204 3.92 -0.16
0.00012044 4 -0.14
0.00012048 4.16 -0.16
0.00012052 4.24 -0.16
0.00012056 4.32 -0.14
0.0001206 4.32 -0.14
0.00012064 4.48 -0.12
0.00012068 4.48 -0.14
0.00012072 4.56 -0.14
0.00012076 4.64 -0.1
0.0001208 4.8 -0.1
0.00012084 4.8 -0.1
0.00012088 4.88 -0.1
0.00012092 4.96 -0.1
0.00012096 4.96 -0.1
0.000121 5.04 -0.1
0.00012104 5.12 -0.1
0.00012108 5.2 -0.08
0.00012112 5.28 -0.08
0.00012116 5.36 -0.08
0.0001212 5.36 -0.06
0.00012124 5.44 -0.08
0.00012128 5.44 -0.06
0.00012132 5.52 -0.06
0.00012136 5.6 -0.06
0.0001214 5.6 -0.06
0.00012144 5.6 -0.06
0.00012148 5.68 -0.06
0.00012152 5.76 0
0.00012156 5.76 -0.04
0.0001216 5.84 -0.04
0.00012164 5.84 -0.04
0.00012168 5.84 0
0.00012172 5.84 0
0.00012176 5.92 0
0.0001218 5.92 0
0.00012184 5.92 0
0.00012188 6 0.02
0.00012192 6 0.02
0.00012196 5.92 0.02
0.000122 6 0
0.00012204 6.08 0.04
0.00012208 6.08 0.04
0.00012212 6 0.02
0.00012216 6.08 0.04
0.0001222 6.08 0.04
0.00012224 6.08 0.06
0.00012228 6.08 0.04
0.00012232 6 0.04
0.00012236 6 0.06
0.0001224 5.92 0.08
0.00012244 5.92 0.08
0.00012248 5.92 0.08
0.00012252 5.92 0.08
0.00012256 5.92 0.08
0.0001226 5.84 0.08
0.00012264 5.92 0.1
0.00012268 5.84 0.1
0.00012272 5.84 0.1
0.00012276 5.76 0.1
0.0001228 5.76 0.1
0.00012284 5.68 0.1
0.00012288 5.68 0.1
0.00012292 5.6 0.1
0.00012296 5.6 0.1
0.000123 5.52 0.12
0.00012304 5.52 0.12
0.00012308 5.44 0.12
0.00012312 5.44 0.12
0.00012316 5.28 0.12
0.0001232 5.28 0.12
0.00012324 5.2 0.12
0.00012328 5.2 0.16
0.00012332 5.12 0.12
0.00012336 5.12 0.14
0.0001234 4.96 0.14
0.00012344 4.96 0.16
0.00012348 4.88 0.16
0.00012352 4.8 0.14
0.00012356 4.8 0.16
0.0001236 4.64 0.14
0.00012364 4.56 0.18
0.00012368 4.48 0.18
0.00012372 4.48 0.18
0.00012376 4.32 0.16
0.0001238 4.24 0.16
0.00012384 4.16 0.16
0.00012388 4.16 0.18
0.00012392 4 0.16
0.00012396 3.92 0.18
0.000124 3.84 0.18
0.00012404 3.76 0.16
0.00012408 3.6 0.16
0.00012412 3.52 0.18
0.00012416 3.36 0.18
0.0001242 3.36 0.18
0.00012424 3.28 0.18
0.00012428 3.2 0.18
0.00012432 3.04 0.18
0.00012436 2.88 0.18
0.0001244 2.88 0.18
0.00012444 2.72 0.18
0.00012448 2.64 0.18
0.00012452 2.56 0.18
0.00012456 2.4 0.16
0.0001246 2.24 0.2
0.00012464 2.24 0.18
0.00012468 2.08 0.18
0.00012472 2 0.18
0.00012476 1.84 0.16
0.0001248 1.76 0.18
0.00012484 1.68 0.18
0.00012488 1.6 0.18
0.00012492 1.44 0.2
0.00012496 1.36 0.18
0.000125 1.28 0.18
0.00012504 1.04 0.18
0.00012508 0.96 0.18
0.00012512 0.88 0.18
0.00012516 0.72 0.16
0.0001252 0.64 0.18
0.00012524 0.56 0.18
0.00012528 0.4 0.18
0.00012532 0.32 0.16
0.00012536 0.16 0.16
0.0001254 0.08 0.16
0.00012544 -0.16 0.18
0.00012548 -0.32 0.18
0.00012552 -0.4 0.16
0.00012556 -0.48 0.18
0.0001256 -0.56 0.18
0.00012564 -0.72 0.16
0.00012568 -0.88 0.14
0.00012572 -0.96 0.14
0.00012576 -1.04 0.16
0.0001258 -1.2 0.14
0.00012584 -1.36 0.16
0.00012588 -1.36 0.14
0.00012592 -1.52 0.14
0.00012596 -1.68 0.16
0.000126 -1.68 0.12
0.00012604 -1.92 0.12
0.00012608 -2 0.12
0.00012612 -2.08 0.12
0.00012616 -2.24 0.1
0.0001262 -2.32 0.12
0.00012624 -2.4 0.12
0.00012628 -2.56 0.12
0.00012632 -2.64 0.12
0.00012636 -2.72 0.1
0.0001264 -2.88 0.1
0.00012644 -2.96 0.1
0.00012648 -3.12 0.1
0.00012652 -3.12 0.08
0.00012656 -3.28 0.08
0.0001266 -3.28 0.08
0.00012664 -3.44 0.08
0.00012668 -3.6 0.08
0.00012672 -3.6 0.08
0.00012676 -3.68 0.08
0.0001268 -3.84 0.08
0.00012684 -3.92 0.08
0.00012688 -3.92 0.06
0.00012692 -4.08 0.04
0.00012696 -4.24 0.04
0.000127 -4.24 0.06
0.00012704 -4.4 0.04
0.00012708 -4.4 0.04
0.00012712 -4.48 0.04
0.00012716 -4.56 0.04
0.0001272 -4.72 0.04
0.00012724 -4.8 0.02
0.00012728 -4.8 0.02
0.00012732 -4.88 0.02
0.00012736 -4.88 0.02
0.0001274 -5.04 0
0.00012744 -5.12 0
0.00012748 -5.2 0
0.00012752 -5.2 0
0.00012756 -5.28 0
0.0001276 -5.36 -0.04
0.00012764 -5.44 0
0.00012768 -5.44 0
0.00012772 -5.52 0
0.00012776 -5.52 -0.06
0.0001278 -5.52 -0.04
0.00012784 -5.6 -0.04
0.00012788 -5.68 -0.04
0.00012792 -5.68 -0.06
0.00012796 -5.76 -0.08
0.000128 -5.76 -0.06
0.00012804 -5.76 -0.06
0.00012808 -5.84 -0.08
0.00012812 -5.84 -0.08
0.00012816 -6 -0.08
0.0001282 -5.84 -0.08
0.00012824 -6 -0.1
0.00012828 -6 -0.1
0.00012832 -6.08 -0.1
0.00012836 -6.08 -0.12
0.0001284 -6.08 -0.1
0.00012844 -6.08 -0.12
0.00012848 -6.08 -0.12
0.00012852 -6.08 -0.12
0.00012856 -6.08 -0.12
0.0001286 -6.08 -0.12
0.00012864 -6.16 -0.14
0.00012868 -6.08 -0.14
0.00012872 -6.08 -0.14
0.00012876 -6.08 -0.14
0.0001288 -6.08 -0.16
0.00012884 -6.08 -0.16
0.00012888 -6.08 -0.16
0.00012892 -6.08 -0.16
0.00012896 -6.08 -0.16
0.000129 -6.08 -0.16
0.00012904 -6 -0.18
0.00012908 -6 -0.16
0.00012912 -5.92 -0.18
0.00012916 -5.92 -0.18
0.0001292 -5.84 -0.2
0.00012924 -5.84 -0.2
0.00012928 -5.84 -0.2
0.00012932 -5.76 -0.2
0.00012936 -5.76 -0.2
0.0001294 -5.68 -0.2
0.00012944 -5.68 -0.2
0.00012948 -5.68 -0.2
0.00012952 -5.52 -0.22
0.00012956 -5.52 -0.22
0.0001296 -5.52 -0.22
0.00012964 -5.44 -0.22
0.00012968 -5.44 -0.24
0.00012972 -5.36 -0.24
0.00012976 -5.28 -0.24
0.0001298 -5.2 -0.24
0.00012984 -5.2 -0.22
0.00012988 -5.04 -0.26
0.00012992 -5.04 -0.26
0.00012996 -4.96 -0.24
0.00013 -4.88 -0.24
0.00013004 -4.8 -0.24
0.00013008 -4.8 -0.26
0.00013012 -4.72 -0.24
0.00013016 -4.56 -0.26
0.0001302 -4.48 -0.26
0.00013024 -4.48 -0.26
0.00013028 -4.4 -0.26
0.00013032 -4.24 -0.24
0.00013036 -4.16 -0.26
0.0001304 -4.08 -0.28
0.00013044 -4 -0.26
0.00013048 -3.92 -0.26
0.00013052 -3.84 -0.26
0.00013056 -3.76 -0.26
0.0001306 -3.6 -0.26
0.00013064 -3.6 -0.26
0.00013068 -3.44 -0.26
0.00013072 -3.36 -0.26
0.00013076 -3.28 -0.26
0.0001308 -3.2 -0.28
0.00013084 -3.04 -0.28
0.00013088 -2.96 -0.26
0.00013092 -2.88 -0.26
0.00013096 -2.8 -0.28
0.000131 -2.64 -0.28
0.00013104 -2.56 -0.28
0.00013108 -2.48 -0.26
0.00013112 -2.32 -0.28
0.00013116 -2.24 -0.26
0.0001312 -2.08 -0.28
0.00013124 -2 -0.26
0.00013128 -1.92 -0.26
0.00013132 -1.76 -0.28
0.00013136 -1.68 -0.26
0.0001314 -1.52 -0.26
0.00013144 -1.44 -0.26
0.00013148 -1.36 -0.28
0.00013152 -1.28 -0.28
0.00013156 -1.04 -0.26
0.0001316 -1.04 -0.26
0.00013164 -0.88 -0.26
0.00013168 -0.72 -0.28
0.00013172 -0.64 -0.26
0.00013176 -0.56 -0.26
0.0001318 -0.4 -0.26
0.00013184 -0.32 -0.26
0.00013188 -0.16 -0.26
0.00013192 0 -0.26
0.00013196 0.16 -0.26
0.000132 0.24 -0.26
0.00013204 0.4 -0.26
0.00013208 0.48 -0.26
0.00013212 0.64 -0.24
0.00013216 0.72 -0.26
0.0001322 0.8 -0.26
0.00013224 0.96 -0.24
0.00013228 1.12 -0.24
0.00013232 1.2 -0.24
0.00013236 1.28 -0.26
0.0001324 1.36 -0.24
0.00013244 1.6 -0.24
0.00013248 1.6 -0.22
0.00013252 1.76 -0.24
0.00013256 1.84 -0.24
0.0001326 2 -0.22
0.00013264 2.08 -0.22
0.00013268 2.24 -0.2
0.00013272 2.32 -0.22
0.00013276 2.4 -0.24
0.0001328 2.56 -0.2
0.00013284 2.64 -0.2
0.00013288 2.72 -0.2
0.00013292 2.88 -0.2
0.00013296 2.96 -0.18
0.000133 3.04 -0.18
0.00013304 3.12 -0.18
0.00013308 3.2 -0.18
0.00013312 3.28 -0.18
0.00013316 3.44 -0.18
0.0001332 3.52 -0.16
0.00013324 3.68 -0.16
0.00013328 3.68 -0.16
0.00013332 3.84 -0.16
0.00013336 3.84 -0.16
0.0001334 3.92 -0.16
0.00013344 4 -0.16
0.00013348 4.16 -0.14
0.00013352 4.24 -0.12
0.00013356 4.32 -0.12
0.0001336 4.4 -0.14
0.00013364 4.48 -0.14
0.00013368 4.56 -0.12
0.00013372 4.64 -0.12
0.00013376 4.72 -0.14
0.0001338 4.8 -0.12
0.00013384 4.8 -0.1
0.00013388 4.96 -0.1
0.00013392 5.04 -0.08
0.00013396 5.12 -0.1
0.000134 5.12 -0.1
0.00013404 5.12 -0.08
0.00013408 5.28 -0.08
0.00013412 5.28 -0.1
0.00013416 5.36 -0.08
0.0001342 5.44 -0.06
0.00013424 5.44 -0.06
0.00013428 5.44 -0.08
0.00013432 5.52 -0.08
0.00013436 5.6 -0.06
0.0001344 5.6 -0.04
0.00013444 5.68 -0.04
0.00013448 5.76 -0.04
0.00013452 5.76 -0.04
0.00013456 5.76 -0.04
0.0001346 5.76 0
0.00013464 5.84 -0.04
0.00013468 5.84 0
0.00013472 5.84 0
0.00013476 5.92 0
0.0001348 5.92 0
0.00013484 5.92 0
0.00013488 5.92 0.02
0.00013492 5.92 0
0.00013496 5.92 0.02
0.000135 5.92 0.02
0.00013504 6 0.02
0.00013508 6.08 0.04
0.00013512 6 0.04
0.00013516 6.08 0.04
0.0001352 6.08 0.04
0.00013524 6.08 0.04
0.00013528 6 0.04
0.00013532 6 0.08
0.00013536 6.08 0.08
0.0001354 6 0.06
0.00013544 5.92 0.06
0.00013548 5.92 0.08
0.00013552 5.92 0.08
0.00013556 5.92 0.08
0.0001356 5.92 0.08
0.00013564 5.92 0.08
0.00013568 5.84 0.08
0.00013572 5.76 0.1
0.00013576 5.76 0.1
0.0001358 5.76 0.12
0.00013584 5.76 0.1
0.00013588 5.6 0.1
0.00013592 5.6 0.1
0.00013596 5.52 0.1
0.000136 5.52 0.12
0.00013604 5.52 0.12
0.00013608 5.44 0.12
0.00013612 5.44 0.12
0.00013616 5.28 0.14
0.0001362 5.28 0.14
0.00013624 5.2 0.12
0.00013628 5.2 0.12
0.00013632 5.12 0.14
0.00013636 5.04 0.14
0.0001364 4.96 0.16
0.00013644 4.88 0.14
0.00013648 4.88 0.16
0.00013652 4.8 0.16
0.00013656 4.64 0.16
0.0001366 4.64 0.14
0.00013664 4.56 0.16
0.00013668 4.48 0.18
0.00013672 4.4 0.16
0.00013676 4.24 0.16
0.0001368 4.24 0.16
0.00013684 4.16 0.16
0.00013688 4 0.18
0.00013692 3.92 0.16
0.00013696 3.84 0.16
0.000137 3.84 0.16
0.00013704 3.68 0.2
0.00013708 3.68 0.18
0.00013712 3.52 0.18
0.00013716 3.44 0.18
0.0001372 3.36 0.16
0.00013724 3.28 0.18
0.00013728 3.12 0.18
0.00013732 3.04 0.18
0.00013736 2.88 0.18
0.0001374 2.8 0.18
0.00013744 2.72 0.2
0.00013748 2.56 0.18
0.00013752 2.48 0.18
0.00013756 2.4 0.18
0.0001376 2.24 0.2
0.00013764 2.24 0.18
0.00013768 2.08 0.18
0.00013772 1.92 0.18
0.00013776 1.84 0.18
0.0001378 1.76 0.18
0.00013784 1.6 0.18
0.00013788 1.44 0.18
0.00013792 1.36 0.18
0.00013796 1.28 0.18
0.000138 1.12 0.18
0.00013804 1.12 0.16
0.00013808 0.96 0.18
0.00013812 0.8 0.18
0.00013816 0.72 0.18
0.0001382 0.64 0.18
0.00013824 0.48 0.16
0.00013828 0.32 0.18
0.00013832 0.24 0.16
0.00013836 0.16 0.18
0.0001384 0 0.16
0.00013844 -0.16 0.14
0.00013848 -0.32 0.18
0.00013852 -0.4 0.16
0.00013856 -0.56 0.16
0.0001386 -0.64 0.16
0.00013864 -0.72 0.16
0.00013868 -0.96 0.18
0.00013872 -1.04 0.16
0.00013876 -1.12 0.16
0.0001388 -1.28 0.14
0.00013884 -1.36 0.16
0.00013888 -1.52 0.16
0.00013892 -1.6 0.14
0.00013896 -1.68 0.12
0.000139 -1.84 0.14
0.00013904 -1.92 0.14
0.00013908 -2 0.12
0.00013912 -2.16 0.12
0.00013916 -2.24 0.12
0.0001392 -2.32 0.12
0.00013924 -2.48 0.12
0.00013928 -2.56 0.1
0.00013932 -2.64 0.1
0.00013936 -2.8 0.1
0.0001394 -2.88 0.1
0.00013944 -2.96 0.1
0.00013948 -3.12 0.08
0.00013952 -3.2 0.1
0.00013956 -3.28 0.08
0.0001396 -3.44 0.1
0.00013964 -3.52 0.08
0.00013968 -3.6 0.08
0.00013972 -3.6 0.1
0.00013976 -3.76 0.08
0.0001398 -3.84 0.06
0.00013984 -3.92 0.06
0.00013988 -4.08 0.08
0.00013992 -4.16 0.08
0.00013996 -4.24 0.04
0.00014 -4.24 0.06
0.00014004 -4.4 0.04
0.00014008 -4.48 0.06
0.00014012 -4.48 0.02
0.00014016 -4.64 0.04
0.0001402 -4.64 0.04
0.00014024 -4.8 0.02
0.00014028 -4.88 0.02
0.00014032 -4.88 0.02
0.00014036 -4.96 0.02
0.0001404 -5.04 0.02
0.00014044 -5.12 0.02
0.00014048 -5.2 0
0.00014052 -5.2 0
0.00014056 -5.36 0
0.0001406 -5.36 0
0.00014064 -5.44 0
0.00014068 -5.44 -0.06
0.00014072 -5.52 -0.04
0.00014076 -5.52 -0.04
0.0001408 -5.6 0
0.00014084 -5.68 -0.06
0.00014088 -5.68 -0.06
0.00014092 -5.76 -0.06
0.00014096 -5.76 -0.06
0.000141 -5.76 -0.06
0.00014104 -5.84 -0.08
0.00014108 -5.84 -0.08
0.00014112 -5.84 -0.08
0.00014116 -6 -0.08
0.0001412 -6 -0.08
0.00014124 -6 -0.1
0.00014128 -6 -0.1
0.00014132 -6 -0.1
0.00014136 -6.08 -0.1
0.0001414 -6.08 -0.12
0.00014144 -6 -0.12
0.00014148 -6.08 -0.12
0.00014152 -6.08 -0.12
0.00014156 -6.16 -0.14
0.0001416 -6.08 -0.14
0.00014164 -6.16 -0.14
0.00014168 -6.08 -0.12
0.00014172 -6.08 -0.14
0.00014176 -6.08 -0.16
0.0001418 -6.08 -0.16
0.00014184 -6.16 -0.14
0.00014188 -6.08 -0.14
0.00014192 -6.08 -0.18
0.00014196 -6 -0.18
0.000142 -6.08 -0.18
0.00014204 -6.08 -0.16
0.00014208 -6 -0.16
0.00014212 -6 -0.18
0.00014216 -6 -0.18
0.0001422 -5.84 -0.18
0.00014224 -5.84 -0.18
0.00014228 -5.76 -0.18
0.00014232 -5.76 -0.2
0.00014236 -5.84 -0.2
0.0001424 -5.68 -0.2
0.00014244 -5.68 -0.22
0.00014248 -5.6 -0.22
0.00014252 -5.52 -0.22
0.00014256 -5.52 -0.22
0.0001426 -5.52 -0.22
0.00014264 -5.44 -0.22
0.00014268 -5.36 -0.24
0.00014272 -5.36 -0.22
0.00014276 -5.2 -0.22
0.0001428 -5.2 -0.24
0.00014284 -5.12 -0.24
0.00014288 -5.12 -0.24
0.00014292 -5.04 -0.24
0.00014296 -4.88 -0.24
0.000143 -4.88 -0.24
0.00014304 -4.8 -0.24
0.00014308 -4.72 -0.26
0.00014312 -4.64 -0.26
0.00014316 -4.56 -0.26
0.0001432 -4.48 -0.26
0.00014324 -4.4 -0.26
0.00014328 -4.32 -0.26
0.00014332 -4.24 -0.24
0.00014336 -4.16 -0.26
0.0001434 -4.08 -0.26
0.00014344 -3.92 -0.26
0.00014348 -3.92 -0.26
0.00014352 -3.84 -0.26
0.00014356 -3.76 -0.26
0.0001436 -3.6 -0.26
0.00014364 -3.52 -0.26
0.00014368 -3.52 -0.26
0.00014372 -3.28 -0.26
0.00014376 -3.28 -0.28
0.0001438 -3.12 -0.26
0.00014384 -2.96 -0.26
0.00014388 -2.96 -0.28
0.00014392 -2.88 -0.28
0.00014396 -2.8 -0.26
0.000144 -2.64 -0.28
0.00014404 -2.48 -0.26
0.00014408 -2.48 -0.28
0.00014412 -2.32 -0.26
0.00014416 -2.24 -0.28
0.0001442 -2.08 -0.28
0.00014424 -2 -0.28
0.00014428 -1.84 -0.26
0.00014432 -1.76 -0.26
0.00014436 -1.6 -0.28
0.0001444 -1.52 -0.26
0.00014444 -1.36 -0.26
0.00014448 -1.28 -0.28
0.00014452 -1.2 -0.24
0.00014456 -1.04 -0.26
0.0001446 -1.04 -0.28
0.00014464 -0.88 -0.26
0.00014468 -0.72 -0.26
0.00014472 -0.64 -0.26
0.00014476 -0.4 -0.28
0.0001448 -0.4 -0.26
0.00014484 -0.24 -0.26
0.00014488 0 -0.26
0.00014492 0 -0.26
0.00014496 0.16 -0.26
0.000145 0.32 -0.24
0.00014504 0.4 -0.24
0.00014508 0.48 -0.26
0.00014512 0.64 -0.26
0.00014516 0.72 -0.26
0.0001452 0.88 -0.24
0.00014524 1.04 -0.26
0.00014528 1.12 -0.24
0.00014532 1.28 -0.24
0.00014536 1.36 -0.24
0.0001454 1.44 -0.24
0.00014544 1.6 -0.24
0.00014548 1.68 -0.24
0.00014552 1.76 -0.24
0.00014556 1.92 -0.22
0.0001456 2 -0.22
0.00014564 2.08 -0.22
0.00014568 2.24 -0.22
0.00014572 2.32 -0.22
0.00014576 2.4 -0.22
0.0001458 2.56 -0.22
0.00014584 2.64 -0.2
0.00014588 2.72 -0.2
0.00014592 2.88 -0.2
0.00014596 2.96 -0.2
0.000146 3.04 -0.2
0.00014604 3.2 -0.18
0.00014608 3.28 -0.18
0.00014612 3.36 -0.16
0.00014616 3.44 -0.18
0.0001462 3.6 -0.18
0.00014624 3.68 -0.16
0.00014628 3.84 -0.16
0.00014632 3.84 -0.16
0.00014636 3.92 -0.16
0.0001464 3.92 -0.18
0.00014644 4 -0.14
0.00014648 4.16 -0.16
0.00014652 4.24 -0.14
0.00014656 4.32 -0.14
0.0001466 4.4 -0.14
0.00014664 4.56 -0.12
0.00014668 4.64 -0.12
0.00014672 4.64 -0.12
0.00014676 4.8 -0.12
0.0001468 4.8 -0.1
0.00014684 4.88 -0.12
0.00014688 4.96 -0.1
0.00014692 4.96 -0.1
0.00014696 5.04 -0.1
0.000147 5.12 -0.1
0.00014704 5.2 -0.1
0.00014708 5.28 -0.08
0.00014712 5.28 -0.08
0.00014716 5.36 -0.08
0.0001472 5.44 -0.08
0.00014724 5.44 -0.08
0.00014728 5.52 -0.08
0.00014732 5.52 -0.06
0.00014736 5.6 -0.06
0.0001474 5.6 -0.06
0.00014744 5.68 -0.06
0.00014748 5.76 -0.04
0.00014752 5.76 -0.04
0.00014756 5.76 -0.06
0.0001476 5.84 0
0.00014764 5.84 -0.04
0.00014768 5.92 0
0.00014772 5.84 0
0.00014776 5.92 0
0.0001478 5.92 0.02
0.00014784 5.92 0.02
0.00014788 5.92 0.02
0.00014792 5.92 0.02
0.00014796 6.08 0.02
0.000148 6.08 0.02
0.00014804 6.08 0.04
0.00014808 6.08 0.04
0.00014812 6.08 0.04
0.00014816 6.08 0.06
0.0001482 6.08 0.04
0.00014824 6 0.06
0.00014828 6.08 0.04
0.00014832 6 0.04
0.00014836 5.92 0.08
0.0001484 5.92 0.08
0.00014844 5.92 0.08
0.00014848 5.92 0.08
0.00014852 5.92 0.1
0.00014856 5.92 0.08
0.0001486 5.92 0.1
0.00014864 5.84 0.08
0.00014868 5.84 0.08
0.00014872 5.76 0.1
0.00014876 5.76 0.1
0.0001488 5.76 0.1
0.00014884 5.68 0.1
0.00014888 5.6 0.1
0.00014892 5.6 0.12
0.00014896 5.6 0.12
0.000149 5.44 0.1
0.00014904 5.52 0.12
0.00014908 5.44 0.12
0.00014912 5.36 0.12
0.00014916 5.28 0.12
0.0001492 5.2 0.12
0.00014924 5.2 0.12
0.00014928 5.12 0.16
0.00014932 5.12 0.12
0.00014936 4.96 0.14
0.0001494 4.96 0.16
0.00014944 4.88 0.14
0.00014948 4.8 0.14
0.00014952 4.72 0.16
0.00014956 4.64 0.16
0.0001496 4.56 0.16
0.00014964 4.48 0.16
0.00014968 4.48 0.16
0.00014972 4.4 0.18
0.00014976 4.24 0.18
0.0001498 4.16 0.16
0.00014984 4.08 0.16
0.00014988 4 0.16
0.00014992 3.92 0.16
0.00014996 3.84 0.18
0.00015 3.84 0.18
0.00015004 3.68 0.18
0.00015008 3.6 0.18
0.00015012 3.52 0.16
0.00015016 3.36 0.18
0.0001502 3.28 0.18
0.00015024 3.2 0.18
0.00015028 3.04 0.16
0.00015032 2.96 0.2
0.00015036 2.88 0.18
0.0001504 2.72 0.18
0.00015044 2.72 0.18
0.00015048 2.56 0.18
0.00015052 2.4 0.18
0.00015056 2.32 0.16
0.0001506 2.24 0.18
0.00015064 2.16 0.2
0.00015068 2 0.18
0.00015072 1.92 0.18
0.00015076 1.76 0.16
0.0001508 1.68 0.18
0.00015084 1.6 0.18
0.00015088 1.52 0.2
0.00015092 1.36 0.18
0.00015096 1.28 0.18
0.000151 1.12 0.18
0.00015104 1.04 0.18
0.00015108 0.96 0.18
0.00015112 0.72 0.16
0.00015116 0.72 0.18
0.0001512 0.48 0.18
0.00015124 0.48 0.18
0.00015128 0.32 0.18
0.00015132 0.16 0.18
0.00015136 0.08 0.16
0.0001514 0 0.18
0.00015144 -0.16 0.16
0.00015148 -0.32 0.16
0.00015152 -0.4 0.16
0.00015156 -0.56 0.18
0.0001516 -0.64 0.16
0.00015164 -0.8 0.16
0.00015168 -0.96 0.16
0.00015172 -1.04 0.16
0.00015176 -1.2 0.16
0.0001518 -1.28 0.12
0.00015184 -1.36 0.14
0.00015188 -1.52 0.14
0.00015192 -1.6 0.16
0.00015196 -1.68 0.16
0.000152 -1.84 0.12
0.00015204 -1.92 0.12
0.00015208 -2.08 0.12
0.00015212 -2.16 0.12
0.00015216 -2.24 0.12
0.0001522 -2.32 0.12
0.00015224 -2.48 0.12
0.00015228 -2.56 0.12
0.00015232 -2.64 0.12
0.00015236 -2.88 0.1
0.0001524 -2.96 0.1
0.00015244 -3.04 0.12
0.00015248 -3.2 0.1
0.00015252 -3.2 0.1
0.00015256 -3.28 0.1
0.0001526 -3.44 0.08
0.00015264 -3.52 0.1
0.00015268 -3.6 0.08
0.00015272 -3.76 0.08
0.00015276 -3.76 0.08
0.0001528 -3.84 0.08
0.00015284 -3.92 0.06
0.00015288 -4.08 0.06
0.00015292 -4.16 0.06
0.00015296 -4.24 0.06
0.000153 -4.4 0.06
0.00015304 -4.4 0.04
0.00015308 -4.48 0.04
0.00015312 -4.56 0.04
0.00015316 -4.56 0.04
0.0001532 -4.72 0.04
0.00015324 -4.8 0.02
0.00015328 -4.88 0.02
0.00015332 -4.88 0.02
0.00015336 -5.04 0.02
0.0001534 -5.12 0
0.00015344 -5.12 0
0.00015348 -5.2 0
0.00015352 -5.2 0
0.00015356 -5.36 0
0.0001536 -5.36 -0.04
0.00015364 -5.44 0
0.00015368 -5.52 0
0.00015372 -5.52 -0.04
0.00015376 -5.52 -0.04
0.0001538 -5.52 -0.06
0.00015384 -5.68 -0.04
0.00015388 -5.68 -0.06
0.00015392 -5.68 -0.06
0.00015396 -5.76 -0.06
0.000154 -5.84 -0.08
0.00015404 -5.84 -0.08
0.00015408 -5.84 -0.08
0.00015412 -5.92 -0.08
0.00015416 -5.92 -0.08
0.0001542 -6 -0.08
0.00015424 -6 -0.1
0.00015428 -6.08 -0.1
0.00015432 -6 -0.1
0.00015436 -6.08 -0.12
0.0001544 -6.08 -0.1
0.00015444 -6.08 -0.12
0.00015448 -6.08 -0.12
0.00015452 -6.16 -0.14
0.00015456 -6.16 -0.14
0.0001546 -6.16 -0.12
0.00015464 -6.08 -0.14
0.00015468 -6.08 -0.14
0.00015472 -6.08 -0.16
0.00015476 -6.08 -0.14
0.0001548 -6.08 -0.16
0.00015484 -6.08 -0.16
0.00015488 -6.08 -0.16
0.00015492 -6.08 -0.16
0.00015496 -6 -0.16
0.000155 -6 -0.16
0.00015504 -6 -0.18
0.00015508 -6 -0.16
0.00015512 -6 -0.18
0.00015516 -5.92 -0.18
0.0001552 -5.84 -0.2
0.00015524 -5.84 -0.18
0.00015528 -5.76 -0.2
0.00015532 -5.76 -0.2
0.00015536 -5.76 -0.2
0.0001554 -5.68 -0.22
0.00015544 -5.68 -0.2
0.00015548 -5.52 -0.22
0.00015552 -5.52 -0.22
0.00015556 -5.52 -0.22
0.0001556 -5.52 -0.22
0.00015564 -5.44 -0.22
0.00015568 -5.36 -0.24
0.00015572 -5.28 -0.24
0.00015576 -5.2 -0.24
0.0001558 -5.2 -0.24
0.00015584 -5.12 -0.22
0.00015588 -5.04 -0.24
0.00015592 -5.04 -0.24
0.00015596 -4.88 -0.24
0.000156 -4.88 -0.24
0.00015604 -4.8 -0.26
0.00015608 -4.72 -0.26
0.00015612 -4.56 -0.24
0.00015616 -4.56 -0.24
0.0001562 -4.48 -0.24
0.00015624 -4.4 -0.26
0.00015628 -4.32 -0.28
0.00015632 -4.24 -0.26
0.00015636 -4.16 -0.26
0.0001564 -4.08 -0.26
0.00015644 -4 -0.28
0.00015648 -3.92 -0.26
0.00015652 -3.84 -0.26
0.00015656 -3.68 -0.26
0.0001566 -3.6 -0.28
0.00015664 -3.52 -0.26
0.00015668 -3.44 -0.26
0.00015672 -3.36 -0.26
0.00015676 -3.2 -0.28
0.0001568 -3.12 -0.26
0.00015684 -2.96 -0.28
0.00015688 -2.88 -0.28
0.00015692 -2.8 -0.28
0.00015696 -2.64 -0.28
0.000157 -2.56 -0.28
0.00015704 -2.48 -0.28
0.00015708 -2.32 -0.26
0.00015712 -2.32 -0.28
0.00015716 -2.16 -0.26
0.0001572 -2.08 -0.28
0.00015724 -1.92 -0.26
0.00015728 -1.84 -0.26
0.00015732 -1.68 -0.28
0.00015736 -1.6 -0.26
0.0001574 -1.52 -0.26
0.00015744 -1.36 -0.26
0.00015748 -1.28 -0.28
0.00015752 -1.04 -0.26
0.00015756 -1.04 -0.28
0.0001576 -0.96 -0.26
0.00015764 -0.8 -0.26
0.00015768 -0.72 -0.28
0.00015772 -0.56 -0.26
0.00015776 -0.4 -0.26
0.0001578 -0.4 -0.26
0.00015784 -0.16 -0.26
0.00015788 0 -0.28
0.00015792 0.16 -0.26
0.00015796 0.16 -0.26
0.000158 0.32 -0.26
0.00015804 0.4 -0.26
0.00015808 0.56 -0.26
0.00015812 0.72 -0.26
0.00015816 0.8 -0.26
0.0001582 0.96 -0.26
0.00015824 0.96 -0.24
0.00015828 1.12 -0.24
0.00015832 1.28 -0.24
0.00015836 1.36 -0.24
0.0001584 1.52 -0.24
0.00015844 1.6 -0.24
0.00015848 1.68 -0.24
0.00015852 1.76 -0.24
0.00015856 1.92 -0.24
0.0001586 2 -0.22
0.00015864 2.16 -0.22
0.00015868 2.24 -0.22
0.00015872 2.4 -0.22
0.00015876 2.56 -0.22
0.0001588 2.56 -0.2
0.00015884 2.64 -0.2
0.00015888 2.88 -0.18
0.00015892 2.88 -0.2
0.00015896 2.96 -0.2
0.000159 3.04 -0.18
0.00015904 3.2 -0.18
0.00015908 3.28 -0.2
0.00015912 3.36 -0.18
0.00015916 3.52 -0.18
0.0001592 3.52 -0.16
0.00015924 3.68 -0.16
0.00015928 3.76 -0.18
0.00015932 3.84 -0.16
0.00015936 3.92 -0.16
0.0001594 4 -0.16
0.00015944 4.16 -0.14
0.00015948 4.16 -0.14
0.00015952 4.24 -0.14
0.00015956 4.32 -0.14
0.0001596 4.48 -0.14
0.00015964 4.56 -0.14
0.00015968 4.64 -0.12
0.00015972 4.8 -0.12
0.00015976 4.8 -0.12
0.0001598 4.8 -0.1
0.00015984 4.88 -0.1
0.00015988 4.96 -0.1
0.00015992 5.04 -0.1
0.00015996 5.12 -0.1
