0 -6.08 -0.1
4e-08 -6.08 -0.1
8e-08 5.84 0.06
1.2e-07 5.76 0.06
1.6e-07 5.76 0.04
2e-07 5.76 0.04
2.4e-07 5.6 0.06
2.8e-07 5.6 0.06
3.2e-07 5.6 0.06
3.6e-07 5.52 0.06
4e-07 5.44 0.06
4.4e-07 5.44 0.08
4.8e-07 5.36 0.08
5.2e-07 5.28 0.06
5.6e-07 5.2 0.08
6e-07 5.2 0.08
6.4e-07 5.12 0.08
6.8e-07 5.12 0.08
7.2e-07 4.96 0.08
7.6e-07 4.96 0.08
8e-07 4.88 0.08
8.4e-07 4.8 0.08
8.8e-07 4.64 0.08
9.2e-07 4.64 0.08
9.6e-07 4.56 0.08
1e-06 4.48 0.1
1.04e-06 4.32 0.08
1.08e-06 4.24 0.08
1.12e-06 4.16 0.1
1.16e-06 4.16 0.1
1.2e-06 4 0.1
1.24e-06 3.92 0.1
1.28e-06 3.84 0.1
1.32e-06 3.68 0.1
1.36e-06 3.6 0.1
1.4e-06 3.52 0.08
1.44e-06 3.36 0.1
1.48e-06 3.28 0.1
1.52e-06 3.2 0.1
1.56e-06 3.12 0.1
1.6e-06 2.96 0.1
1.64e-06 2.88 0.1
1.68e-06 2.72 0.12
1.72e-06 2.64 0.1
1.76e-06 2.56 0.1
1.8e-06 2.4 0.1
1.84e-06 2.24 0.1
1.88e-06 2.16 0.12
1.92e-06 2 0.1
1.96e-06 1.92 0.1
2e-06 1.76 0.1
2.04e-06 1.68 0.1
2.08e-06 1.6 0.1
2.12e-06 1.36 0.08
2.16e-06 1.28 0.12
2.2e-06 1.28 0.12
2.24e-06 1.04 0.12
2.28e-06 0.96 0.1
2.32e-06 0.8 0.1
2.36e-06 0.64 0.1
2.4e-06 0.48 0.1
2.44e-06 0.4 0.1
2.48e-06 0.32 0.1
2.52e-06 0.16 0.1
2.56e-06 0.08 0.1
2.6e-06 -0.16 0.1
2.64e-06 -0.24 0.08
2.68e-06 -0.4 0.08
2.72e-06 -0.56 0.1
2.76e-06 -0.72 0.08
2.8e-06 -0.8 0.08
2.84e-06 -0.96 0.1
2.88e-06 -1.04 0.08
2.92e-06 -1.2 0.08
2.96e-06 -1.28 0.08
3e-06 -1.44 0.08
3.04e-06 -1.52 0.08
3.08e-06 -1.68 0.1
3.12e-06 -1.84 0.08
3.16e-06 -1.92 0.08
3.2e-06 -2 0.08
3.24e-06 -2.24 0.08
3.28e-06 -2.32 0.08
3.32e-06 -2.48 0.08
3.36e-06 -2.48 0.06
3.4e-06 -2.64 0.06
3.44e-06 -2.72 0.06
3.48e-06 -2.88 0.08
3.52e-06 -2.96 0.06
3.56e-06 -3.12 0.06
3.6e-06 -3.2 0.04
3.64e-06 -3.36 0.06
3.68e-06 -3.44 0.04
3.72e-06 -3.52 0.04
3.76e-06 -3.6 0.04
3.8e-06 -3.76 0.04
3.84e-06 -3.84 0.04
3.88e-06 -3.92 0.04
3.92e-06 -4.08 0.02
3.96e-06 -4.16 0.02
4e-06 -4.24 0.04
4.04e-06 -4.24 0.02
4.08e-06 -4.4 0.02
4.12e-06 -4.48 0.02
4.16e-06 -4.56 0.02
4.2e-06 -4.56 0
4.24e-06 -4.72 0
4.28e-06 -4.8 0
4.32e-06 -4.88 0
4.36e-06 -4.96 0
4.4e-06 -5.12 0
4.44e-06 -5.12 -0.04
4.48e-06 -5.2 -0.04
4.52e-06 -5.2 0
4.56e-06 -5.36 -0.04
4.6e-06 -5.36 0
4.64e-06 -5.44 -0.06
4.68e-06 -5.44 0
4.72e-06 -5.52 -0.04
4.76e-06 -5.68 -0.04
4.8e-06 -5.6 -0.06
4.84e-06 -5.68 -0.06
4.88e-06 -5.76 -0.06
4.92e-06 -5.76 -0.08
4.96e-06 -5.84 -0.06
5e-06 -5.84 -0.06
5.04e-06 -5.84 -0.06
5.08e-06 -5.92 -0.08
5.12e-06 -6 -0.08
5.16e-06 -6 -0.08
5.2e-06 -6 -0.08
5.24e-06 -6 -0.08
5.28e-06 -6.08 -0.08
5.32e-06 -6.08 -0.1
5.36e-06 -6.08 -0.1
5.4e-06 -6.08 -0.08
5.44e-06 -6.16 -0.1
5.48e-06 -6.08 -0.1
5.52e-06 -6.08 -0.1
5.56e-06 -6.16 -0.1
5.6e-06 -6.08 -0.12
5.64e-06 -6.16 -0.12
5.68e-06 -6.16 -0.12
5.72e-06 -6.16 -0.12
5.76e-06 -6.08 -0.1
5.8e-06 -6.08 -0.12
5.84e-06 -6 -0.12
5.88e-06 -6 -0.12
5.92e-06 -6 -0.12
5.96e-06 -6 -0.14
6e-06 -6 -0.14
6.04e-06 -5.84 -0.16
6.08e-06 -5.84 -0.14
6.12e-06 -5.84 -0.14
6.16e-06 -5.84 -0.16
6.2e-06 -5.76 -0.16
6.24e-06 -5.68 -0.16
6.28e-06 -5.68 -0.14
6.32e-06 -5.6 -0.16
6.36e-06 -5.52 -0.16
6.4e-06 -5.52 -0.16
6.44e-06 -5.44 -0.16
6.48e-06 -5.44 -0.16
6.52e-06 -5.36 -0.16
6.56e-06 -5.28 -0.18
6.6e-06 -5.2 -0.18
6.64e-06 -5.12 -0.18
6.68e-06 -5.12 -0.18
6.72e-06 -5.04 -0.18
6.76e-06 -4.88 -0.18
6.8e-06 -4.8 -0.18
6.84e-06 -4.88 -0.18
6.88e-06 -4.72 -0.18
6.92e-06 -4.56 -0.2
6.96e-06 -4.48 -0.18
7e-06 -4.48 -0.2
7.04e-06 -4.24 -0.18
7.08e-06 -4.24 -0.18
7.12e-06 -4.16 -0.22
7.16e-06 -4.08 -0.2
7.2e-06 -3.92 -0.2
7.24e-06 -3.92 -0.2
7.28e-06 -3.84 -0.2
7.32e-06 -3.76 -0.22
7.36e-06 -3.6 -0.2
7.4e-06 -3.52 -0.2
7.44e-06 -3.28 -0.22
7.48e-06 -3.28 -0.2
7.52e-06 -3.12 -0.18
7.56e-06 -2.96 -0.2
7.6e-06 -2.88 -0.2
7.64e-06 -2.8 -0.2
7.68e-06 -2.64 -0.2
7.72e-06 -2.56 -0.2
7.76e-06 -2.48 -0.22
7.8e-06 -2.32 -0.22
7.84e-06 -2.24 -0.2
7.88e-06 -2.16 -0.2
7.92e-06 -2 -0.2
7.96e-06 -1.84 -0.22
8e-06 -1.68 -0.2
8.04e-06 -1.68 -0.22
8.08e-06 -1.52 -0.18
8.12e-06 -1.36 -0.2
8.16e-06 -1.28 -0.2
8.2e-06 -1.04 -0.2
8.24e-06 -1.04 -0.2
8.28e-06 -0.88 -0.2
8.32e-06 -0.72 -0.2
8.36e-06 -0.56 -0.2
8.4e-06 -0.48 -0.18
8.44e-06 -0.4 -0.2
8.48e-06 -0.24 -0.2
8.52e-06 0 -0.2
8.56e-06 0.16 -0.18
8.6e-06 0.16 -0.18
8.64e-06 0.32 -0.2
8.68e-06 0.48 -0.2
8.72e-06 0.64 -0.2
8.76e-06 0.72 -0.16
8.8e-06 0.88 -0.18
8.84e-06 0.96 -0.2
8.88e-06 1.12 -0.18
8.92e-06 1.28 -0.18
8.96e-06 1.36 -0.16
9e-06 1.44 -0.18
9.04e-06 1.6 -0.18
9.08e-06 1.76 -0.18
9.12e-06 1.92 -0.16
9.16e-06 2 -0.16
9.2e-06 2.08 -0.16
9.24e-06 2.24 -0.16
9.28e-06 2.32 -0.16
9.32e-06 2.4 -0.16
9.36e-06 2.56 -0.16
9.4e-06 2.64 -0.16
9.44e-06 2.88 -0.14
9.48e-06 2.96 -0.14
9.52e-06 2.96 -0.14
9.56e-06 3.12 -0.16
9.6e-06 3.28 -0.14
9.64e-06 3.36 -0.14
9.68e-06 3.52 -0.14
9.72e-06 3.52 -0.12
9.76e-06 3.6 -0.14
9.8e-06 3.76 -0.12
9.84e-06 3.84 -0.12
9.88e-06 3.92 -0.12
9.92e-06 4 -0.12
9.96e-06 4.16 -0.14
1e-05 4.16 -0.1
1.004e-05 4.32 -0.12
1.008e-05 4.48 -0.12
1.012e-05 4.48 -0.1
1.016e-05 4.56 -0.1
1.02e-05 4.64 -0.1
1.024e-05 4.8 -0.1
1.028e-05 4.8 -0.1
1.032e-05 4.88 -0.08
1.036e-05 4.96 -0.08
1.04e-05 5.04 -0.1
1.044e-05 5.12 -0.08
1.048e-05 5.2 -0.08
1.052e-05 5.28 -0.08
1.056e-05 5.36 -0.08
1.06e-05 5.28 -0.08
1.064e-05 5.44 -0.08
1.068e-05 5.44 -0.06
1.072e-05 5.52 -0.06
1.076e-05 5.6 -0.06
1.08e-05 5.6 -0.06
1.084e-05 5.6 -0.06
1.088e-05 5.68 -0.06
1.092e-05 5.76 -0.06
1.096e-05 5.84 -0.04
1.1e-05 5.84 -0.04
1.104e-05 5.84 -0.04
1.108e-05 5.92 -0.04
1.112e-05 5.84 -0.04
1.116e-05 5.92 0
1.12e-05 5.92 0
1.124e-05 5.92 0
1.128e-05 6 0
1.132e-05 5.92 0
1.136e-05 6.08 0
1.14e-05 6.08 0
1.144e-05 5.92 0
1.148e-05 6.08 0
1.152e-05 6.08 0.02
1.156e-05 6.08 0.02
1.16e-05 6.08 0.02
1.164e-05 6 0.02
1.168e-05 6 0.02
1.172e-05 6 0.02
1.176e-05 6 0.04
1.18e-05 5.92 0.04
1.184e-05 5.92 0.04
1.188e-05 5.92 0.02
1.192e-05 5.92 0.02
1.196e-05 5.84 0.04
1.2e-05 5.76 0.04
1.204e-05 5.76 0.04
1.208e-05 5.76 0.06
1.212e-05 5.76 0.08
1.216e-05 5.6 0.04
1.22e-05 5.6 0.06
1.224e-05 5.52 0.04
1.228e-05 5.52 0.08
1.232e-05 5.44 0.06
1.236e-05 5.44 0.06
1.24e-05 5.36 0.08
1.244e-05 5.28 0.08
1.248e-05 5.28 0.08
1.252e-05 5.12 0.08
1.256e-05 5.12 0.08
1.26e-05 5.04 0.08
1.264e-05 4.96 0.08
1.268e-05 4.96 0.1
1.272e-05 4.8 0.1
1.276e-05 4.72 0.08
1.28e-05 4.64 0.08
1.284e-05 4.56 0.1
1.288e-05 4.56 0.08
1.292e-05 4.48 0.08
1.296e-05 4.32 0.08
1.3e-05 4.24 0.1
1.304e-05 4.16 0.08
1.308e-05 4 0.1
1.312e-05 4 0.1
1.316e-05 3.84 0.1
1.32e-05 3.84 0.12
1.324e-05 3.68 0.1
1.328e-05 3.52 0.1
1.332e-05 3.52 0.12
1.336e-05 3.36 0.12
1.34e-05 3.28 0.1
1.344e-05 3.04 0.1
1.348e-05 3.04 0.1
1.352e-05 2.88 0.1
1.356e-05 2.88 0.1
1.36e-05 2.72 0.1
1.364e-05 2.56 0.1
1.368e-05 2.48 0.1
1.372e-05 2.4 0.1
1.376e-05 2.24 0.1
1.38e-05 2.08 0.1
1.384e-05 2 0.1
1.388e-05 1.92 0.12
1.392e-05 1.76 0.1
1.396e-05 1.6 0.1
1.4e-05 1.44 0.1
1.404e-05 1.36 0.1
1.408e-05 1.28 0.1
1.412e-05 1.12 0.1
1.416e-05 0.96 0.1
1.42e-05 0.88 0.1
1.424e-05 0.72 0.1
1.428e-05 0.64 0.1
1.432e-05 0.48 0.08
1.436e-05 0.4 0.1
1.44e-05 0.24 0.1
1.444e-05 0.08 0.1
1.448e-05 0 0.1
1.452e-05 -0.24 0.1
1.456e-05 -0.32 0.1
1.46e-05 -0.4 0.1
1.464e-05 -0.64 0.08
1.468e-05 -0.72 0.08
1.472e-05 -0.88 0.08
1.476e-05 -1.04 0.08
1.48e-05 -1.12 0.1
1.484e-05 -1.28 0.1
1.488e-05 -1.36 0.08
1.492e-05 -1.44 0.08
1.496e-05 -1.6 0.1
1.5e-05 -1.68 0.08
1.504e-05 -1.84 0.08
1.508e-05 -2 0.08
1.512e-05 -2 0.08
1.516e-05 -2.24 0.08
1.52e-05 -2.32 0.06
1.524e-05 -2.48 0.06
1.528e-05 -2.56 0.06
1.532e-05 -2.64 0.08
1.536e-05 -2.8 0.06
1.54e-05 -2.88 0.06
1.544e-05 -2.96 0.04
1.548e-05 -3.12 0.08
1.552e-05 -3.28 0.04
1.556e-05 -3.36 0.06
1.56e-05 -3.44 0.04
1.564e-05 -3.6 0.04
1.568e-05 -3.6 0.06
1.572e-05 -3.76 0.04
1.576e-05 -3.92 0.04
1.58e-05 -3.92 0.04
1.584e-05 -4.08 0.02
1.588e-05 -4.16 0.02
1.592e-05 -4.24 0
1.596e-05 -4.4 0.02
1.6e-05 -4.4 0.02
1.604e-05 -4.48 0.02
1.608e-05 -4.64 0
1.612e-05 -4.72 0
1.616e-05 -4.8 0.02
1.62e-05 -4.8 0.02
1.624e-05 -4.88 0
1.628e-05 -5.04 0
1.632e-05 -5.12 0
1.636e-05 -5.12 0
1.64e-05 -5.2 0
1.644e-05 -5.2 0
1.648e-05 -5.36 -0.04
1.652e-05 -5.36 0
1.656e-05 -5.44 0
1.66e-05 -5.52 -0.04
1.664e-05 -5.52 -0.04
1.668e-05 -5.6 -0.04
1.672e-05 -5.68 -0.04
1.676e-05 -5.68 -0.06
1.68e-05 -5.76 -0.04
1.684e-05 -5.76 -0.06
1.688e-05 -5.84 -0.06
1.692e-05 -5.84 -0.06
1.696e-05 -5.84 -0.08
1.7e-05 -6 -0.08
1.704e-05 -6 -0.08
1.708e-05 -6 -0.08
1.712e-05 -6 -0.08
1.716e-05 -6 -0.1
1.72e-05 -6.08 -0.08
1.724e-05 -6.08 -0.08
1.728e-05 -6.16 -0.08
1.732e-05 -6.08 -0.1
1.736e-05 -6.16 -0.1
1.74e-05 -6.16 -0.1
1.744e-05 -6.16 -0.1
1.748e-05 -6.16 -0.1
1.752e-05 -6.16 -0.12
1.756e-05 -6.16 -0.1
1.76e-05 -6.08 -0.12
1.764e-05 -6.08 -0.12
1.768e-05 -6.08 -0.12
1.772e-05 -6 -0.12
1.776e-05 -6 -0.12
1.78e-05 -6 -0.12
1.784e-05 -6 -0.14
1.788e-05 -5.92 -0.14
1.792e-05 -6 -0.14
1.796e-05 -5.84 -0.14
1.8e-05 -5.84 -0.14
1.804e-05 -5.76 -0.16
1.808e-05 -5.76 -0.16
1.812e-05 -5.68 -0.16
1.816e-05 -5.68 -0.14
1.82e-05 -5.68 -0.16
1.824e-05 -5.6 -0.16
1.828e-05 -5.52 -0.16
1.832e-05 -5.52 -0.16
1.836e-05 -5.36 -0.16
1.84e-05 -5.36 -0.16
1.844e-05 -5.36 -0.18
1.848e-05 -5.2 -0.18
1.852e-05 -5.2 -0.16
1.856e-05 -5.12 -0.18
1.86e-05 -5.04 -0.18
1.864e-05 -4.96 -0.18
1.868e-05 -4.88 -0.18
1.872e-05 -4.8 -0.18
1.876e-05 -4.72 -0.18
1.88e-05 -4.72 -0.18
1.884e-05 -4.56 -0.18
1.888e-05 -4.56 -0.18
1.892e-05 -4.4 -0.18
1.896e-05 -4.24 -0.18
1.9e-05 -4.24 -0.16
1.904e-05 -4.08 -0.18
1.908e-05 -4.08 -0.22
1.912e-05 -3.92 -0.18
1.916e-05 -3.84 -0.2
1.92e-05 -3.76 -0.18
1.924e-05 -3.6 -0.2
1.928e-05 -3.52 -0.2
1.932e-05 -3.44 -0.22
1.936e-05 -3.28 -0.2
1.94e-05 -3.2 -0.2
1.944e-05 -3.12 -0.22
1.948e-05 -2.96 -0.2
1.952e-05 -2.88 -0.2
1.956e-05 -2.8 -0.2
1.96e-05 -2.64 -0.2
1.964e-05 -2.56 -0.22
1.968e-05 -2.32 -0.22
1.972e-05 -2.32 -0.2
1.976e-05 -2.16 -0.2
1.98e-05 -2.08 -0.22
1.984e-05 -1.92 -0.22
1.988e-05 -1.84 -0.22
1.992e-05 -1.68 -0.22
1.996e-05 -1.6 -0.2
2e-05 -1.44 -0.2
2.004e-05 -1.36 -0.2
2.008e-05 -1.28 -0.2
2.012e-05 -1.04 -0.22
2.016e-05 -0.96 -0.2
2.02e-05 -0.88 -0.2
2.024e-05 -0.72 -0.2
2.028e-05 -0.48 -0.2
2.032e-05 -0.48 -0.22
2.036e-05 -0.32 -0.2
2.04e-05 0 -0.2
2.044e-05 0 -0.2
2.048e-05 0.16 -0.22
2.052e-05 0.32 -0.18
2.056e-05 0.4 -0.2
2.06e-05 0.56 -0.2
2.064e-05 0.64 -0.18
2.068e-05 0.8 -0.2
2.072e-05 0.96 -0.18
2.076e-05 1.04 -0.18
2.08e-05 1.2 -0.18
2.084e-05 1.28 -0.18
2.088e-05 1.44 -0.18
2.092e-05 1.6 -0.18
2.096e-05 1.6 -0.16
2.1e-05 1.76 -0.16
2.104e-05 1.92 -0.18
2.108e-05 2 -0.18
2.112e-05 2.08 -0.16
2.116e-05 2.24 -0.16
2.12e-05 2.32 -0.16
2.124e-05 2.56 -0.16
2.128e-05 2.56 -0.16
2.132e-05 2.72 -0.16
2.136e-05 2.88 -0.16
2.14e-05 2.96 -0.16
2.144e-05 3.04 -0.16
2.148e-05 3.2 -0.14
2.152e-05 3.28 -0.14
2.156e-05 3.36 -0.14
2.16e-05 3.52 -0.14
2.164e-05 3.6 -0.14
2.168e-05 3.68 -0.12
2.172e-05 3.76 -0.14
2.176e-05 3.92 -0.14
2.18e-05 4 -0.12
2.184e-05 4.16 -0.1
2.188e-05 4.16 -0.1
2.192e-05 4.24 -0.12
2.196e-05 4.32 -0.1
2.2e-05 4.48 -0.12
2.204e-05 4.56 -0.1
2.208e-05 4.56 -0.12
2.212e-05 4.64 -0.1
2.216e-05 4.8 -0.1
2.22e-05 4.88 -0.1
2.224e-05 4.96 -0.1
2.228e-05 4.96 -0.1
2.232e-05 5.04 -0.08
2.236e-05 5.12 -0.08
2.24e-05 5.2 -0.08
2.244e-05 5.2 -0.08
2.248e-05 5.28 -0.08
2.252e-05 5.44 -0.06
2.256e-05 5.44 -0.06
2.26e-05 5.52 -0.06
2.264e-05 5.52 -0.06
2.268e-05 5.52 -0.06
2.272e-05 5.6 -0.06
2.276e-05 5.6 -0.06
2.28e-05 5.76 -0.04
2.284e-05 5.76 -0.06
2.288e-05 5.76 -0.04
2.292e-05 5.84 0
2.296e-05 5.84 -0.04
2.3e-05 5.84 -0.04
2.304e-05 5.92 0
2.308e-05 5.92 0
2.312e-05 5.92 0
2.316e-05 5.92 0
2.32e-05 6.08 0
2.324e-05 6.08 0
2.328e-05 6 0
2.332e-05 6 0
2.336e-05 6 0
2.34e-05 6 0.02
2.344e-05 6.08 0.02
2.348e-05 6.08 0.02
2.352e-05 5.92 0.02
2.356e-05 6.08 0.02
2.36e-05 6 0.02
2.364e-05 5.92 0.04
2.368e-05 5.92 0.04
2.372e-05 5.92 0.02
2.376e-05 5.92 0.04
2.38e-05 5.92 0.04
2.384e-05 5.84 0.04
2.388e-05 5.84 0.04
2.392e-05 5.84 0.06
2.396e-05 5.76 0.04
2.4e-05 5.76 0.06
2.404e-05 5.68 0.06
2.408e-05 5.6 0.04
2.412e-05 5.6 0.06
2.416e-05 5.52 0.08
2.42e-05 5.52 0.06
2.424e-05 5.44 0.06
2.428e-05 5.44 0.06
2.432e-05 5.36 0.08
2.436e-05 5.28 0.08
2.44e-05 5.2 0.08
2.444e-05 5.2 0.08
2.448e-05 5.12 0.08
2.452e-05 5.04 0.1
2.456e-05 4.96 0.08
2.46e-05 4.88 0.08
2.464e-05 4.8 0.08
2.468e-05 4.72 0.1
2.472e-05 4.64 0.1
2.476e-05 4.48 0.08
2.48e-05 4.48 0.08
2.484e-05 4.4 0.1
2.488e-05 4.24 0.1
2.492e-05 4.16 0.08
2.496e-05 4.16 0.08
2.5e-05 4 0.1
2.504e-05 3.92 0.1
2.508e-05 3.84 0.1
2.512e-05 3.76 0.1
2.516e-05 3.6 0.08
2.52e-05 3.52 0.1
2.524e-05 3.44 0.1
2.528e-05 3.36 0.1
2.532e-05 3.2 0.1
2.536e-05 3.04 0.12
2.54e-05 2.96 0.12
2.544e-05 2.88 0.1
2.548e-05 2.72 0.1
2.552e-05 2.64 0.1
2.556e-05 2.56 0.12
2.56e-05 2.4 0.1
2.564e-05 2.24 0.1
2.568e-05 2.24 0.12
2.572e-05 2.08 0.1
2.576e-05 1.92 0.12
2.58e-05 1.76 0.1
2.584e-05 1.68 0.1
2.588e-05 1.6 0.1
2.592e-05 1.44 0.12
2.596e-05 1.28 0.1
2.6e-05 1.2 0.1
2.604e-05 1.12 0.12
2.608e-05 0.96 0.1
2.612e-05 0.8 0.12
2.616e-05 0.72 0.1
2.62e-05 0.56 0.1
2.624e-05 0.4 0.12
2.628e-05 0.32 0.1
2.632e-05 0.16 0.1
2.636e-05 0.08 0.1
2.64e-05 0 0.1
2.644e-05 -0.24 0.1
2.648e-05 -0.4 0.1
2.652e-05 -0.56 0.1
2.656e-05 -0.64 0.08
2.66e-05 -0.72 0.1
2.664e-05 -0.88 0.1
2.668e-05 -1.04 0.08
2.672e-05 -1.2 0.08
2.676e-05 -1.36 0.08
2.68e-05 -1.36 0.08
2.684e-05 -1.52 0.08
2.688e-05 -1.6 0.08
2.692e-05 -1.76 0.1
2.696e-05 -1.92 0.08
2.7e-05 -2 0.08
2.704e-05 -2.16 0.06
2.708e-05 -2.24 0.08
2.712e-05 -2.32 0.08
2.716e-05 -2.48 0.08
2.72e-05 -2.56 0.06
2.724e-05 -2.64 0.06
2.728e-05 -2.88 0.08
2.732e-05 -2.96 0.06
2.736e-05 -3.04 0.06
2.74e-05 -3.2 0.04
2.744e-05 -3.28 0.04
2.748e-05 -3.44 0.04
2.752e-05 -3.52 0.04
2.756e-05 -3.6 0.04
2.76e-05 -3.68 0.04
2.764e-05 -3.84 0.04
2.768e-05 -3.92 0.04
2.772e-05 -4 0.04
2.776e-05 -4.08 0.02
2.78e-05 -4.16 0.04
2.784e-05 -4.24 0.04
2.788e-05 -4.24 0.02
2.792e-05 -4.48 0
2.796e-05 -4.56 0
2.8e-05 -4.64 0.02
2.804e-05 -4.72 0.02
2.808e-05 -4.8 0.02
2.812e-05 -4.88 0
2.816e-05 -4.88 0
2.82e-05 -5.04 0
2.824e-05 -5.12 0
2.828e-05 -5.2 0
2.832e-05 -5.2 0
2.836e-05 -5.36 -0.04
2.84e-05 -5.36 0
2.844e-05 -5.44 -0.06
2.848e-05 -5.44 0
2.852e-05 -5.52 -0.04
2.856e-05 -5.6 -0.04
2.86e-05 -5.6 -0.04
2.864e-05 -5.68 -0.06
2.868e-05 -5.68 -0.04
2.872e-05 -5.76 -0.06
2.876e-05 -5.76 -0.04
2.88e-05 -5.84 -0.08
2.884e-05 -5.84 -0.08
2.888e-05 -5.92 -0.06
2.892e-05 -5.84 -0.06
2.896e-05 -6 -0.08
2.9e-05 -6 -0.1
2.904e-05 -6 -0.08
2.908e-05 -6 -0.08
2.912e-05 -6.08 -0.08
2.916e-05 -6.08 -0.08
2.92e-05 -6.16 -0.1
2.924e-05 -6.08 -0.1
2.928e-05 -6.08 -0.1
2.932e-05 -6.16 -0.1
2.936e-05 -6.08 -0.1
2.94e-05 -6.16 -0.1
2.944e-05 -6.08 -0.1
2.948e-05 -6.08 -0.1
2.952e-05 -6.08 -0.12
2.956e-05 -6.08 -0.14
2.96e-05 -6.08 -0.14
2.964e-05 -6.08 -0.12
2.968e-05 -6.08 -0.14
2.972e-05 -6 -0.14
2.976e-05 -6 -0.14
2.98e-05 -6 -0.12
2.984e-05 -5.92 -0.14
2.988e-05 -5.84 -0.16
2.992e-05 -5.84 -0.14
2.996e-05 -5.84 -0.14
3e-05 -5.76 -0.14
3.004e-05 -5.68 -0.16
3.008e-05 -5.68 -0.16
3.012e-05 -5.68 -0.16
3.016e-05 -5.68 -0.16
3.02e-05 -5.52 -0.16
3.024e-05 -5.44 -0.18
3.028e-05 -5.44 -0.16
3.032e-05 -5.36 -0.18
3.036e-05 -5.2 -0.16
3.04e-05 -5.2 -0.16
3.044e-05 -5.2 -0.16
3.048e-05 -5.04 -0.16
3.052e-05 -5.04 -0.16
3.056e-05 -4.88 -0.18
3.06e-05 -4.88 -0.18
3.064e-05 -4.8 -0.18
3.068e-05 -4.72 -0.16
3.072e-05 -4.56 -0.18
3.076e-05 -4.56 -0.2
3.08e-05 -4.48 -0.2
3.084e-05 -4.4 -0.18
3.088e-05 -4.24 -0.18
3.092e-05 -4.24 -0.2
3.096e-05 -4.08 -0.22
3.1e-05 -4 -0.18
3.104e-05 -3.92 -0.18
3.108e-05 -3.84 -0.2
3.112e-05 -3.68 -0.2
3.116e-05 -3.6 -0.2
3.12e-05 -3.44 -0.2
3.124e-05 -3.44 -0.2
3.128e-05 -3.28 -0.2
3.132e-05 -3.2 -0.2
3.136e-05 -3.04 -0.2
3.14e-05 -2.96 -0.22
3.144e-05 -2.88 -0.2
3.148e-05 -2.72 -0.22
3.152e-05 -2.56 -0.2
3.156e-05 -2.48 -0.18
3.16e-05 -2.32 -0.2
3.164e-05 -2.24 -0.22
3.168e-05 -2.16 -0.2
3.172e-05 -2 -0.18
3.176e-05 -1.92 -0.18
3.18e-05 -1.76 -0.2
3.184e-05 -1.68 -0.22
3.188e-05 -1.52 -0.2
3.192e-05 -1.36 -0.2
3.196e-05 -1.28 -0.22
3.2e-05 -1.2 -0.2
3.204e-05 -1.04 -0.22
3.208e-05 -0.96 -0.2
3.212e-05 -0.72 -0.18
3.216e-05 -0.64 -0.2
3.22e-05 -0.48 -0.18
3.224e-05 -0.4 -0.2
3.228e-05 -0.24 -0.18
3.232e-05 -0.16 -0.18
3.236e-05 0 -0.2
3.24e-05 0.16 -0.2
3.244e-05 0.32 -0.18
3.248e-05 0.4 -0.2
3.252e-05 0.64 -0.2
3.256e-05 0.72 -0.18
3.26e-05 0.8 -0.18
3.264e-05 0.96 -0.18
3.268e-05 1.04 -0.18
3.272e-05 1.2 -0.2
3.276e-05 1.28 -0.18
3.28e-05 1.44 -0.16
3.284e-05 1.6 -0.16
3.288e-05 1.68 -0.16
3.292e-05 1.84 -0.16
3.296e-05 2 -0.16
3.3e-05 2.08 -0.16
3.304e-05 2.24 -0.18
3.308e-05 2.24 -0.16
3.312e-05 2.4 -0.16
3.316e-05 2.56 -0.16
3.32e-05 2.64 -0.16
3.324e-05 2.72 -0.16
3.328e-05 2.88 -0.16
3.332e-05 3.04 -0.16
3.336e-05 3.12 -0.14
3.34e-05 3.2 -0.16
3.344e-05 3.28 -0.16
3.348e-05 3.52 -0.14
3.352e-05 3.52 -0.14
3.356e-05 3.68 -0.14
3.36e-05 3.68 -0.12
3.364e-05 3.84 -0.14
3.368e-05 3.92 -0.12
3.372e-05 4 -0.12
3.376e-05 4.08 -0.14
3.38e-05 4.24 -0.12
3.384e-05 4.32 -0.12
3.388e-05 4.4 -0.1
3.392e-05 4.48 -0.12
3.396e-05 4.56 -0.1
3.4e-05 4.64 -0.1
3.404e-05 4.64 -0.1
3.408e-05 4.8 -0.1
3.412e-05 4.88 -0.1
3.416e-05 4.96 -0.1
3.42e-05 5.12 -0.08
3.424e-05 5.12 -0.08
3.428e-05 5.2 -0.08
3.432e-05 5.2 -0.08
3.436e-05 5.28 -0.08
3.44e-05 5.28 -0.08
3.444e-05 5.36 -0.08
3.448e-05 5.44 -0.08
3.452e-05 5.44 -0.06
3.456e-05 5.52 -0.06
3.46e-05 5.6 -0.06
3.464e-05 5.6 -0.06
3.468e-05 5.76 -0.06
3.472e-05 5.76 -0.04
3.476e-05 5.76 -0.04
3.48e-05 5.76 -0.04
3.484e-05 5.84 -0.04
3.488e-05 5.84 0
3.492e-05 5.84 -0.04
3.496e-05 5.92 -0.04
3.5e-05 5.92 0
3.504e-05 5.92 -0.04
3.508e-05 5.92 0
3.512e-05 6 0
3.516e-05 6 0
3.52e-05 5.92 0
3.524e-05 6 0.02
3.528e-05 6.08 0.02
3.532e-05 5.92 0.02
3.536e-05 6 0
3.54e-05 6 0
3.544e-05 5.92 0.02
3.548e-05 6.08 0.02
3.552e-05 6 0.04
3.556e-05 5.92 0.02
3.56e-05 5.92 0.02
3.564e-05 5.92 0.04
3.568e-05 5.92 0.04
3.572e-05 5.84 0.04
3.576e-05 5.84 0.04
3.58e-05 5.84 0.06
3.584e-05 5.84 0.06
3.588e-05 5.76 0.04
3.592e-05 5.76 0.04
3.596e-05 5.68 0.06
3.6e-05 5.6 0.06
3.604e-05 5.52 0.04
3.608e-05 5.52 0.06
3.612e-05 5.44 0.04
3.616e-05 5.44 0.08
3.62e-05 5.44 0.06
3.624e-05 5.28 0.08
3.628e-05 5.28 0.08
3.632e-05 5.2 0.06
3.636e-05 5.12 0.08
3.64e-05 5.12 0.08
3.644e-05 4.96 0.08
3.648e-05 4.96 0.08
3.652e-05 4.88 0.08
3.656e-05 4.8 0.08
3.66e-05 4.72 0.08
3.664e-05 4.56 0.08
3.668e-05 4.48 0.08
3.672e-05 4.48 0.1
3.676e-05 4.32 0.1
3.68e-05 4.24 0.1
3.684e-05 4.16 0.1
3.688e-05 4.16 0.1
3.692e-05 4 0.1
3.696e-05 3.84 0.1
3.7e-05 3.84 0.1
3.704e-05 3.68 0.1
3.708e-05 3.6 0.1
3.712e-05 3.52 0.1
3.716e-05 3.36 0.1
3.72e-05 3.28 0.12
3.724e-05 3.2 0.1
3.728e-05 3.04 0.1
3.732e-05 2.88 0.1
3.736e-05 2.88 0.1
3.74e-05 2.72 0.12
3.744e-05 2.56 0.1
3.748e-05 2.48 0.1
3.752e-05 2.4 0.1
3.756e-05 2.32 0.1
3.76e-05 2.08 0.1
3.764e-05 2 0.1
3.768e-05 1.92 0.1
3.772e-05 1.76 0.1
3.776e-05 1.6 0.1
3.78e-05 1.52 0.12
3.784e-05 1.44 0.1
3.788e-05 1.28 0.12
3.792e-05 1.12 0.12
3.796e-05 1.04 0.12
3.8e-05 0.96 0.08
3.804e-05 0.8 0.1
3.808e-05 0.64 0.1
3.812e-05 0.48 0.1
3.816e-05 0.4 0.08
3.82e-05 0.24 0.1
3.824e-05 0.16 0.1
3.828e-05 0 0.1
3.832e-05 0 0.1
3.836e-05 -0.32 0.08
3.84e-05 -0.4 0.1
3.844e-05 -0.56 0.1
3.848e-05 -0.72 0.1
3.852e-05 -0.88 0.08
3.856e-05 -0.96 0.08
3.86e-05 -1.12 0.08
3.864e-05 -1.2 0.1
3.868e-05 -1.36 0.08
3.872e-05 -1.52 0.08
3.876e-05 -1.6 0.1
3.88e-05 -1.68 0.08
3.884e-05 -1.84 0.08
3.888e-05 -1.92 0.08
3.892e-05 -2.08 0.08
3.896e-05 -2.24 0.08
3.9e-05 -2.32 0.08
3.904e-05 -2.48 0.08
3.908e-05 -2.48 0.06
3.912e-05 -2.64 0.08
3.916e-05 -2.72 0.06
3.92e-05 -2.88 0.08
3.924e-05 -2.96 0.06
3.928e-05 -3.04 0.06
3.932e-05 -3.2 0.04
3.936e-05 -3.28 0.06
3.94e-05 -3.44 0.06
3.944e-05 -3.6 0.04
3.948e-05 -3.6 0.04
3.952e-05 -3.76 0.04
3.956e-05 -3.84 0.02
3.96e-05 -3.92 0.02
3.964e-05 -4.08 0.02
3.968e-05 -4.16 0.04
3.972e-05 -4.24 0.04
3.976e-05 -4.24 0.02
3.98e-05 -4.4 0.02
3.984e-05 -4.56 0.02
3.988e-05 -4.56 0.02
3.992e-05 -4.64 0
3.996e-05 -4.8 0
4e-05 -4.8 0
4.004e-05 -4.88 0
4.008e-05 -4.96 0.02
4.012e-05 -5.04 0
4.016e-05 -5.2 0
4.02e-05 -5.2 0
4.024e-05 -5.2 0
4.028e-05 -5.36 0
4.032e-05 -5.36 -0.04
4.036e-05 -5.44 -0.04
4.04e-05 -5.52 -0.06
4.044e-05 -5.52 -0.04
4.048e-05 -5.6 -0.04
4.052e-05 -5.6 -0.06
4.056e-05 -5.68 -0.06
4.06e-05 -5.68 -0.06
4.064e-05 -5.76 -0.06
4.068e-05 -5.76 -0.08
4.072e-05 -5.84 -0.06
4.076e-05 -5.84 -0.06
4.08e-05 -5.92 -0.06
4.084e-05 -6 -0.08
4.088e-05 -6 -0.08
4.092e-05 -6 -0.08
4.096e-05 -6 -0.08
4.1e-05 -6.08 -0.08
4.104e-05 -6.08 -0.1
4.108e-05 -6.08 -0.1
4.112e-05 -6.08 -0.1
4.116e-05 -6.08 -0.1
4.12e-05 -6.16 -0.1
4.124e-05 -6.08 -0.1
4.128e-05 -6.16 -0.1
4.132e-05 -6.16 -0.1
4.136e-05 -6.08 -0.1
4.14e-05 -6.08 -0.12
4.144e-05 -6.08 -0.12
4.148e-05 -6 -0.1
4.152e-05 -6.08 -0.14
4.156e-05 -6.08 -0.14
4.16e-05 -6.08 -0.14
4.164e-05 -6 -0.14
4.168e-05 -6 -0.14
4.172e-05 -5.84 -0.16
4.176e-05 -5.84 -0.16
4.18e-05 -5.84 -0.14
4.184e-05 -5.76 -0.14
4.188e-05 -5.76 -0.14
4.192e-05 -5.76 -0.16
4.196e-05 -5.68 -0.16
4.2e-05 -5.6 -0.14
4.204e-05 -5.6 -0.16
4.208e-05 -5.52 -0.16
4.212e-05 -5.52 -0.18
4.216e-05 -5.44 -0.16
4.22e-05 -5.36 -0.16
4.224e-05 -5.36 -0.16
4.228e-05 -5.2 -0.18
4.232e-05 -5.2 -0.18
4.236e-05 -5.12 -0.16
4.24e-05 -5.12 -0.2
4.244e-05 -5.04 -0.18
4.248e-05 -4.88 -0.18
4.252e-05 -4.88 -0.18
4.256e-05 -4.8 -0.16
4.26e-05 -4.72 -0.18
4.264e-05 -4.64 -0.18
4.268e-05 -4.48 -0.2
4.272e-05 -4.4 -0.18
4.276e-05 -4.32 -0.18
4.28e-05 -4.24 -0.2
4.284e-05 -4.16 -0.2
4.288e-05 -4.08 -0.2
4.292e-05 -4 -0.18
4.296e-05 -3.92 -0.2
4.3e-05 -3.76 -0.2
4.304e-05 -3.68 -0.2
4.308e-05 -3.6 -0.2
4.312e-05 -3.52 -0.2
4.316e-05 -3.36 -0.2
4.32e-05 -3.2 -0.2
4.324e-05 -3.12 -0.2
4.328e-05 -3.04 -0.2
4.332e-05 -2.88 -0.2
4.336e-05 -2.8 -0.22
4.34e-05 -2.64 -0.2
4.344e-05 -2.56 -0.2
4.348e-05 -2.48 -0.2
4.352e-05 -2.32 -0.22
4.356e-05 -2.24 -0.22
4.36e-05 -2.16 -0.2
4.364e-05 -2 -0.2
4.368e-05 -1.84 -0.2
4.372e-05 -1.76 -0.2
4.376e-05 -1.6 -0.2
4.38e-05 -1.52 -0.18
4.384e-05 -1.36 -0.22
4.388e-05 -1.2 -0.22
4.392e-05 -1.04 -0.22
4.396e-05 -1.04 -0.2
4.4e-05 -0.88 -0.2
4.404e-05 -0.72 -0.22
4.408e-05 -0.56 -0.2
4.412e-05 -0.4 -0.2
4.416e-05 -0.32 -0.2
4.42e-05 -0.24 -0.2
4.424e-05 0 -0.18
4.428e-05 0.16 -0.2
4.432e-05 0.32 -0.18
4.436e-05 0.4 -0.2
4.44e-05 0.56 -0.2
4.444e-05 0.64 -0.18
4.448e-05 0.72 -0.18
4.452e-05 0.96 -0.18
4.456e-05 1.04 -0.18
4.46e-05 1.12 -0.2
4.464e-05 1.28 -0.16
4.468e-05 1.36 -0.18
4.472e-05 1.44 -0.18
4.476e-05 1.6 -0.18
4.48e-05 1.76 -0.16
4.484e-05 1.92 -0.16
4.488e-05 2 -0.16
4.492e-05 2.08 -0.18
4.496e-05 2.24 -0.16
4.5e-05 2.32 -0.16
4.504e-05 2.4 -0.16
4.508e-05 2.56 -0.16
4.512e-05 2.72 -0.16
4.516e-05 2.88 -0.14
4.52e-05 2.88 -0.16
4.524e-05 2.96 -0.14
4.528e-05 3.12 -0.16
4.532e-05 3.28 -0.14
4.536e-05 3.36 -0.12
4.54e-05 3.44 -0.12
4.544e-05 3.6 -0.14
4.548e-05 3.68 -0.14
4.552e-05 3.68 -0.12
4.556e-05 3.84 -0.12
4.56e-05 3.92 -0.12
4.564e-05 4 -0.14
4.568e-05 4.16 -0.12
4.572e-05 4.24 -0.12
4.576e-05 4.24 -0.1
4.58e-05 4.4 -0.12
4.584e-05 4.48 -0.1
4.588e-05 4.56 -0.1
4.592e-05 4.64 -0.1
4.596e-05 4.8 -0.1
4.6e-05 4.8 -0.1
4.604e-05 4.88 -0.1
4.608e-05 4.96 -0.1
4.612e-05 5.12 -0.1
4.616e-05 5.12 -0.08
4.62e-05 5.2 -0.08
4.624e-05 5.2 -0.08
4.628e-05 5.28 -0.08
4.632e-05 5.36 -0.08
4.636e-05 5.44 -0.08
4.64e-05 5.44 -0.06
4.644e-05 5.52 -0.06
4.648e-05 5.6 -0.06
4.652e-05 5.6 -0.06
4.656e-05 5.6 -0.06
4.66e-05 5.76 -0.04
4.664e-05 5.76 -0.04
4.668e-05 5.76 -0.06
4.672e-05 5.76 -0.04
4.676e-05 5.92 -0.04
4.68e-05 5.84 0
4.684e-05 5.84 -0.04
4.688e-05 5.92 -0.04
4.692e-05 5.92 0
4.696e-05 5.92 0
4.7e-05 6 0
4.704e-05 6 0
4.708e-05 6 0
4.712e-05 6.08 0
4.716e-05 6.08 0.02
4.72e-05 6.08 0
4.724e-05 6.08 0
4.728e-05 6 0.02
4.732e-05 6.08 0.02
4.736e-05 6.08 0.02
4.74e-05 5.92 0.02
4.744e-05 6 0.02
4.748e-05 5.92 0.04
4.752e-05 5.92 0.02
4.756e-05 5.92 0.04
4.76e-05 5.92 0.04
4.764e-05 5.84 0.04
4.768e-05 5.84 0.04
4.772e-05 5.76 0.06
4.776e-05 5.76 0.06
4.78e-05 5.76 0.04
4.784e-05 5.76 0.06
4.788e-05 5.6 0.04
4.792e-05 5.6 0.06
4.796e-05 5.52 0.04
4.8e-05 5.52 0.06
4.804e-05 5.44 0.08
4.808e-05 5.44 0.06
4.812e-05 5.28 0.08
4.816e-05 5.28 0.08
4.82e-05 5.2 0.08
4.824e-05 5.12 0.08
4.828e-05 5.12 0.08
4.832e-05 5.04 0.08
4.836e-05 4.96 0.08
4.84e-05 4.88 0.1
4.844e-05 4.8 0.08
4.848e-05 4.8 0.08
4.852e-05 4.64 0.08
4.856e-05 4.56 0.1
4.86e-05 4.48 0.1
4.864e-05 4.32 0.08
4.868e-05 4.32 0.08
4.872e-05 4.24 0.1
4.876e-05 4.16 0.1
4.88e-05 4 0.1
4.884e-05 3.92 0.08
4.888e-05 3.84 0.1
4.892e-05 3.76 0.1
4.896e-05 3.6 0.1
4.9e-05 3.52 0.12
4.904e-05 3.52 0.1
4.908e-05 3.36 0.12
4.912e-05 3.28 0.1
4.916e-05 3.2 0.1
4.92e-05 3.04 0.1
4.924e-05 2.88 0.1
4.928e-05 2.88 0.12
4.932e-05 2.64 0.1
4.936e-05 2.56 0.1
4.94e-05 2.4 0.1
4.944e-05 2.32 0.12
4.948e-05 2.24 0.12
4.952e-05 2.08 0.12
4.956e-05 2 0.1
4.96e-05 1.84 0.12
4.964e-05 1.76 0.1
4.968e-05 1.6 0.1
4.972e-05 1.52 0.1
4.976e-05 1.36 0.1
4.98e-05 1.28 0.12
4.984e-05 1.12 0.1
4.988e-05 1.04 0.08
4.992e-05 0.88 0.1
4.996e-05 0.72 0.1
5e-05 0.56 0.1
5.004e-05 0.48 0.1
5.008e-05 0.32 0.1
5.012e-05 0.24 0.12
5.016e-05 0.16 0.12
5.02e-05 0 0.1
5.024e-05 -0.24 0.1
5.028e-05 -0.4 0.08
5.032e-05 -0.56 0.1
5.036e-05 -0.64 0.1
5.04e-05 -0.72 0.08
5.044e-05 -0.88 0.08
5.048e-05 -1.04 0.1
5.052e-05 -1.04 0.1
5.056e-05 -1.28 0.08
5.06e-05 -1.36 0.08
5.064e-05 -1.52 0.08
5.068e-05 -1.6 0.1
5.072e-05 -1.76 0.08
5.076e-05 -1.84 0.1
5.08e-05 -2 0.08
5.084e-05 -2.16 0.08
5.088e-05 -2.24 0.08
5.092e-05 -2.32 0.06
5.096e-05 -2.48 0.06
5.1e-05 -2.56 0.08
5.104e-05 -2.64 0.06
5.108e-05 -2.8 0.08
5.112e-05 -2.96 0.04
5.116e-05 -2.96 0.08
5.12e-05 -3.12 0.04
5.124e-05 -3.28 0.06
5.128e-05 -3.36 0.04
5.132e-05 -3.44 0.04
5.136e-05 -3.52 0.04
5.14e-05 -3.68 0.04
5.144e-05 -3.76 0.04
5.148e-05 -3.84 0.02
5.152e-05 -4 0.04
5.156e-05 -4.08 0.04
5.16e-05 -4.16 0.02
5.164e-05 -4.24 0.02
5.168e-05 -4.32 0.02
5.172e-05 -4.4 0.04
5.176e-05 -4.48 0.02
5.18e-05 -4.56 0
5.184e-05 -4.72 0
5.188e-05 -4.8 0
5.192e-05 -4.8 0
5.196e-05 -4.96 0
5.2e-05 -4.96 0
5.204e-05 -5.04 0
5.208e-05 -5.12 0
5.212e-05 -5.2 0
5.216e-05 -5.36 -0.04
5.22e-05 -5.36 -0.04
5.224e-05 -5.36 -0.04
5.228e-05 -5.44 -0.04
5.232e-05 -5.52 0
5.236e-05 -5.52 -0.04
5.24e-05 -5.6 -0.06
5.244e-05 -5.68 -0.06
5.248e-05 -5.76 -0.06
5.252e-05 -5.76 -0.06
5.256e-05 -5.76 -0.06
5.26e-05 -5.84 -0.06
5.264e-05 -5.84 -0.06
5.268e-05 -5.84 -0.06
5.272e-05 -6 -0.08
5.276e-05 -6 -0.08
5.28e-05 -6 -0.08
5.284e-05 -6 -0.08
5.288e-05 -6.08 -0.1
5.292e-05 -6.08 -0.08
5.296e-05 -6.08 -0.08
5.3e-05 -6.08 -0.08
5.304e-05 -6.08 -0.1
5.308e-05 -6.16 -0.1
5.312e-05 -6.16 -0.1
5.316e-05 -6.16 -0.12
5.32e-05 -6.08 -0.1
5.324e-05 -6.08 -0.1
5.328e-05 -6.08 -0.1
5.332e-05 -6.08 -0.12
5.336e-05 -6.08 -0.12
5.34e-05 -6.08 -0.14
5.344e-05 -6.08 -0.12
5.348e-05 -6 -0.14
5.352e-05 -6 -0.14
5.356e-05 -6 -0.14
5.36e-05 -5.92 -0.14
5.364e-05 -6 -0.14
5.368e-05 -5.84 -0.14
5.372e-05 -5.84 -0.14
5.376e-05 -5.84 -0.16
5.38e-05 -5.76 -0.16
5.384e-05 -5.76 -0.14
5.388e-05 -5.68 -0.16
5.392e-05 -5.68 -0.16
5.396e-05 -5.52 -0.18
5.4e-05 -5.52 -0.16
5.404e-05 -5.52 -0.16
5.408e-05 -5.44 -0.16
5.412e-05 -5.36 -0.18
5.416e-05 -5.36 -0.18
5.42e-05 -5.2 -0.16
5.424e-05 -5.2 -0.18
5.428e-05 -5.12 -0.18
5.432e-05 -5.04 -0.18
5.436e-05 -5.04 -0.18
5.44e-05 -4.88 -0.18
5.444e-05 -4.8 -0.18
5.448e-05 -4.72 -0.18
5.452e-05 -4.72 -0.18
5.456e-05 -4.56 -0.18
5.46e-05 -4.48 -0.18
5.464e-05 -4.4 -0.2
5.468e-05 -4.24 -0.2
5.472e-05 -4.24 -0.18
5.476e-05 -4.08 -0.18
5.48e-05 -4 -0.2
5.484e-05 -3.92 -0.2
5.488e-05 -3.84 -0.18
5.492e-05 -3.76 -0.2
5.496e-05 -3.6 -0.2
5.5e-05 -3.52 -0.22
5.504e-05 -3.44 -0.2
5.508e-05 -3.28 -0.2
5.512e-05 -3.2 -0.2
5.516e-05 -3.12 -0.2
5.52e-05 -2.96 -0.2
5.524e-05 -2.88 -0.18
5.528e-05 -2.72 -0.2
5.532e-05 -2.64 -0.22
5.536e-05 -2.48 -0.22
5.54e-05 -2.4 -0.22
5.544e-05 -2.32 -0.2
5.548e-05 -2.16 -0.2
5.552e-05 -2 -0.2
5.556e-05 -1.92 -0.22
5.56e-05 -1.84 -0.2
5.564e-05 -1.68 -0.18
5.568e-05 -1.52 -0.22
5.572e-05 -1.52 -0.2
5.576e-05 -1.36 -0.2
5.58e-05 -1.2 -0.2
5.584e-05 -1.04 -0.2
5.588e-05 -0.96 -0.22
5.592e-05 -0.8 -0.2
5.596e-05 -0.64 -0.22
5.6e-05 -0.56 -0.2
5.604e-05 -0.4 -0.2
5.608e-05 -0.32 -0.22
5.612e-05 -0.16 -0.2
5.616e-05 0 -0.2
5.62e-05 0.16 -0.2
5.624e-05 0.32 -0.22
5.628e-05 0.4 -0.2
5.632e-05 0.48 -0.18
5.636e-05 0.72 -0.18
5.64e-05 0.8 -0.2
5.644e-05 0.96 -0.18
5.648e-05 0.96 -0.18
5.652e-05 1.2 -0.16
5.656e-05 1.28 -0.18
5.66e-05 1.44 -0.18
5.664e-05 1.6 -0.18
5.668e-05 1.68 -0.16
5.672e-05 1.76 -0.18
5.676e-05 1.92 -0.18
5.68e-05 2.08 -0.18
5.684e-05 2.24 -0.16
5.688e-05 2.32 -0.16
5.692e-05 2.4 -0.16
5.696e-05 2.48 -0.16
5.7e-05 2.64 -0.16
5.704e-05 2.72 -0.14
5.708e-05 2.88 -0.14
5.712e-05 2.96 -0.16
5.716e-05 3.04 -0.14
5.72e-05 3.2 -0.14
5.724e-05 3.28 -0.14
5.728e-05 3.36 -0.14
5.732e-05 3.52 -0.14
5.736e-05 3.6 -0.14
5.74e-05 3.68 -0.12
5.744e-05 3.84 -0.12
5.748e-05 3.92 -0.14
5.752e-05 4 -0.12
5.756e-05 4.16 -0.12
5.76e-05 4.16 -0.1
5.764e-05 4.24 -0.12
5.768e-05 4.32 -0.14
5.772e-05 4.48 -0.1
5.776e-05 4.56 -0.1
5.78e-05 4.64 -0.1
5.784e-05 4.64 -0.1
5.788e-05 4.8 -0.1
5.792e-05 4.88 -0.08
5.796e-05 4.96 -0.1
5.8e-05 5.12 -0.08
5.804e-05 5.12 -0.08
5.808e-05 5.12 -0.08
5.812e-05 5.2 -0.08
5.816e-05 5.28 -0.08
5.82e-05 5.28 -0.08
5.824e-05 5.44 -0.08
5.828e-05 5.44 -0.06
5.832e-05 5.44 -0.08
5.836e-05 5.52 -0.06
5.84e-05 5.6 -0.06
5.844e-05 5.6 -0.06
5.848e-05 5.68 -0.04
5.852e-05 5.76 -0.06
5.856e-05 5.76 -0.06
5.86e-05 5.84 -0.04
5.864e-05 5.84 0
5.868e-05 5.84 0
5.872e-05 5.92 -0.04
5.876e-05 5.92 0
5.88e-05 5.92 0
5.884e-05 5.92 0
5.888e-05 5.92 0
5.892e-05 6 0
5.896e-05 6.08 0
5.9e-05 6 0
5.904e-05 6 0
5.908e-05 6 0
5.912e-05 6 0
5.916e-05 6.08 0
5.92e-05 6 0.02
5.924e-05 6.08 0.02
5.928e-05 6 0.02
5.932e-05 6.08 0.04
5.936e-05 6 0.04
5.94e-05 5.92 0.04
5.944e-05 5.92 0.02
5.948e-05 5.92 0.02
5.952e-05 5.84 0.04
5.956e-05 5.84 0.04
5.96e-05 5.84 0.04
5.964e-05 5.84 0.06
5.968e-05 5.76 0.04
5.972e-05 5.76 0.06
5.976e-05 5.6 0.04
5.98e-05 5.6 0.04
5.984e-05 5.6 0.08
5.988e-05 5.52 0.08
5.992e-05 5.52 0.08
5.996e-05 5.44 0.06
6e-05 5.44 0.08
6.004e-05 5.28 0.08
6.008e-05 5.28 0.08
6.012e-05 5.2 0.08
6.016e-05 5.12 0.08
6.02e-05 5.12 0.08
6.024e-05 5.04 0.08
6.028e-05 4.96 0.08
6.032e-05 4.88 0.08
6.036e-05 4.8 0.08
6.04e-05 4.8 0.08
6.044e-05 4.64 0.08
6.048e-05 4.56 0.1
6.052e-05 4.48 0.1
6.056e-05 4.32 0.1
6.06e-05 4.24 0.08
6.064e-05 4.16 0.08
6.068e-05 4.16 0.08
6.072e-05 4 0.1
6.076e-05 3.92 0.1
6.08e-05 3.84 0.1
6.084e-05 3.68 0.1
6.088e-05 3.6 0.1
6.092e-05 3.52 0.1
6.096e-05 3.36 0.1
6.1e-05 3.28 0.1
6.104e-05 3.2 0.1
6.108e-05 3.12 0.1
6.112e-05 2.96 0.1
6.116e-05 2.88 0.1
6.12e-05 2.8 0.1
6.124e-05 2.64 0.1
6.128e-05 2.56 0.1
6.132e-05 2.4 0.1
6.136e-05 2.24 0.1
6.14e-05 2.24 0.1
6.144e-05 2 0.1
6.148e-05 1.92 0.12
6.152e-05 1.76 0.1
6.156e-05 1.68 0.1
6.16e-05 1.6 0.1
6.164e-05 1.44 0.1
6.168e-05 1.36 0.1
6.172e-05 1.12 0.1
6.176e-05 1.12 0.1
6.18e-05 0.96 0.12
6.184e-05 0.8 0.1
6.188e-05 0.64 0.1
6.192e-05 0.64 0.1
6.196e-05 0.4 0.1
6.2e-05 0.32 0.1
6.204e-05 0.16 0.08
6.208e-05 0.08 0.1
6.212e-05 -0.16 0.08
6.216e-05 -0.24 0.12
6.22e-05 -0.4 0.1
6.224e-05 -0.56 0.08
6.228e-05 -0.64 0.1
6.232e-05 -0.8 0.1
6.236e-05 -0.88 0.1
6.24e-05 -1.04 0.08
6.244e-05 -1.2 0.08
6.248e-05 -1.28 0.08
6.252e-05 -1.44 0.08
6.256e-05 -1.52 0.08
6.26e-05 -1.68 0.08
6.264e-05 -1.84 0.08
6.268e-05 -1.92 0.08
6.272e-05 -2 0.08
6.276e-05 -2.16 0.06
6.28e-05 -2.32 0.08
6.284e-05 -2.4 0.08
6.288e-05 -2.48 0.08
6.292e-05 -2.64 0.06
6.296e-05 -2.72 0.06
6.3e-05 -2.88 0.04
6.304e-05 -2.96 0.06
6.308e-05 -3.12 0.04
6.312e-05 -3.2 0.04
6.316e-05 -3.28 0.04
6.32e-05 -3.44 0.04
6.324e-05 -3.52 0.04
6.328e-05 -3.6 0.04
6.332e-05 -3.76 0.04
6.336e-05 -3.84 0.04
6.34e-05 -3.92 0.04
6.344e-05 -4.08 0.04
6.348e-05 -4.08 0.04
6.352e-05 -4.24 0.02
6.356e-05 -4.24 0.02
6.36e-05 -4.4 0.02
6.364e-05 -4.48 0.02
6.368e-05 -4.56 0.02
6.372e-05 -4.56 0.02
6.376e-05 -4.72 0.02
6.38e-05 -4.8 0
6.384e-05 -4.88 -0.04
6.388e-05 -4.88 0
6.392e-05 -5.04 0
6.396e-05 -5.12 0.02
6.4e-05 -5.2 -0.04
6.404e-05 -5.2 -0.04
6.408e-05 -5.36 0
6.412e-05 -5.36 0
6.416e-05 -5.44 -0.04
6.42e-05 -5.44 -0.06
6.424e-05 -5.52 -0.06
6.428e-05 -5.52 -0.04
6.432e-05 -5.6 -0.04
6.436e-05 -5.68 -0.04
6.44e-05 -5.76 -0.06
6.444e-05 -5.76 -0.04
6.448e-05 -5.84 -0.06
6.452e-05 -5.84 -0.08
6.456e-05 -5.84 -0.06
6.46e-05 -5.92 -0.08
6.464e-05 -6 -0.06
6.468e-05 -6 -0.08
6.472e-05 -6.08 -0.08
6.476e-05 -6.08 -0.1
6.48e-05 -6.08 -0.08
6.484e-05 -6.08 -0.08
6.488e-05 -6.08 -0.1
6.492e-05 -6.08 -0.1
6.496e-05 -6.08 -0.1
6.5e-05 -6.16 -0.1
6.504e-05 -6.16 -0.1
6.508e-05 -6.08 -0.12
6.512e-05 -6.16 -0.1
6.516e-05 -6.16 -0.12
6.52e-05 -6.08 -0.12
6.524e-05 -6.16 -0.12
6.528e-05 -6.08 -0.14
6.532e-05 -6.08 -0.14
6.536e-05 -6.08 -0.14
6.54e-05 -6 -0.14
6.544e-05 -6 -0.14
6.548e-05 -5.92 -0.14
6.552e-05 -6 -0.16
6.556e-05 -5.92 -0.14
6.56e-05 -5.92 -0.14
6.564e-05 -5.84 -0.14
6.568e-05 -5.76 -0.14
6.572e-05 -5.76 -0.16
6.576e-05 -5.68 -0.16
6.58e-05 -5.68 -0.16
6.584e-05 -5.68 -0.16
6.588e-05 -5.6 -0.16
6.592e-05 -5.44 -0.16
6.596e-05 -5.36 -0.16
6.6e-05 -5.36 -0.18
6.604e-05 -5.36 -0.16
6.608e-05 -5.2 -0.16
6.612e-05 -5.2 -0.18
6.616e-05 -5.12 -0.18
6.62e-05 -5.04 -0.18
6.624e-05 -4.96 -0.16
6.628e-05 -4.88 -0.18
6.632e-05 -4.88 -0.18
6.636e-05 -4.72 -0.2
6.64e-05 -4.72 -0.2
6.644e-05 -4.64 -0.18
6.648e-05 -4.48 -0.2
6.652e-05 -4.4 -0.18
6.656e-05 -4.4 -0.2
6.66e-05 -4.24 -0.2
6.664e-05 -4.16 -0.18
6.668e-05 -4.16 -0.22
6.672e-05 -4 -0.2
6.676e-05 -3.92 -0.2
6.68e-05 -3.84 -0.2
6.684e-05 -3.68 -0.22
6.688e-05 -3.6 -0.2
6.692e-05 -3.52 -0.2
6.696e-05 -3.36 -0.18
6.7e-05 -3.28 -0.22
6.704e-05 -3.12 -0.2
6.708e-05 -3.04 -0.2
6.712e-05 -2.88 -0.2
6.716e-05 -2.8 -0.22
6.72e-05 -2.64 -0.2
6.724e-05 -2.64 -0.2
6.728e-05 -2.48 -0.18
6.732e-05 -2.32 -0.2
6.736e-05 -2.24 -0.22
6.74e-05 -2.16 -0.2
6.744e-05 -2 -0.22
6.748e-05 -1.84 -0.2
6.752e-05 -1.76 -0.2
6.756e-05 -1.6 -0.2
6.76e-05 -1.52 -0.22
6.764e-05 -1.36 -0.2
6.768e-05 -1.28 -0.18
6.772e-05 -1.12 -0.22
6.776e-05 -1.04 -0.22
6.78e-05 -0.88 -0.2
6.784e-05 -0.72 -0.2
6.788e-05 -0.64 -0.2
6.792e-05 -0.4 -0.22
6.796e-05 -0.4 -0.2
6.8e-05 -0.24 -0.2
6.804e-05 0 -0.2
6.808e-05 0.08 -0.2
6.812e-05 0.16 -0.2
6.816e-05 0.32 -0.18
6.82e-05 0.48 -0.2
6.824e-05 0.64 -0.18
6.828e-05 0.72 -0.2
6.832e-05 0.88 -0.18
6.836e-05 1.04 -0.18
6.84e-05 1.12 -0.2
6.844e-05 1.2 -0.18
6.848e-05 1.28 -0.18
6.852e-05 1.44 -0.16
6.856e-05 1.6 -0.16
6.86e-05 1.68 -0.18
6.864e-05 1.84 -0.16
6.868e-05 2 -0.18
6.872e-05 2.08 -0.16
6.876e-05 2.24 -0.18
6.88e-05 2.32 -0.16
6.884e-05 2.4 -0.16
6.888e-05 2.56 -0.16
6.892e-05 2.72 -0.16
6.896e-05 2.8 -0.16
6.9e-05 2.88 -0.14
6.904e-05 2.96 -0.16
6.908e-05 3.12 -0.14
6.912e-05 3.2 -0.14
6.916e-05 3.36 -0.14
6.92e-05 3.52 -0.12
6.924e-05 3.52 -0.14
6.928e-05 3.6 -0.14
6.932e-05 3.68 -0.14
6.936e-05 3.84 -0.14
6.94e-05 3.92 -0.12
6.944e-05 4 -0.12
6.948e-05 4.08 -0.1
6.952e-05 4.24 -0.12
6.956e-05 4.24 -0.12
6.96e-05 4.4 -0.1
6.964e-05 4.48 -0.1
6.968e-05 4.64 -0.1
6.972e-05 4.64 -0.12
6.976e-05 4.72 -0.1
6.98e-05 4.8 -0.1
6.984e-05 4.88 -0.12
6.988e-05 4.96 -0.1
6.992e-05 4.96 -0.1
6.996e-05 5.12 -0.08
7e-05 5.2 -0.1
7.004e-05 5.2 -0.08
7.008e-05 5.28 -0.08
7.012e-05 5.36 -0.08
7.016e-05 5.44 -0.06
7.02e-05 5.44 -0.08
7.024e-05 5.52 -0.06
7.028e-05 5.52 -0.06
7.032e-05 5.6 -0.04
7.036e-05 5.68 -0.04
7.04e-05 5.76 -0.06
7.044e-05 5.76 -0.06
7.048e-05 5.76 -0.04
7.052e-05 5.84 -0.04
7.056e-05 5.84 -0.04
7.06e-05 5.92 -0.04
7.064e-05 5.84 0
7.068e-05 5.92 0
7.072e-05 5.92 0
7.076e-05 5.92 0
7.08e-05 5.92 0
7.084e-05 6.08 0
7.088e-05 5.92 -0.04
7.092e-05 6.08 0
7.096e-05 6.08 0
7.1e-05 6.08 0.02
7.104e-05 6 0
7.108e-05 6 0.02
7.112e-05 6.08 0
7.116e-05 6 0.02
7.12e-05 6 0.02
7.124e-05 5.92 0.02
7.128e-05 5.92 0.04
7.132e-05 5.92 0.04
7.136e-05 5.92 0.04
7.14e-05 5.92 0.04
7.144e-05 5.92 0.04
7.148e-05 5.84 0.04
7.152e-05 5.76 0.04
7.156e-05 5.84 0.06
7.16e-05 5.76 0.04
7.164e-05 5.76 0.04
7.168e-05 5.6 0.06
7.172e-05 5.6 0.04
7.176e-05 5.6 0.06
7.18e-05 5.52 0.06
7.184e-05 5.44 0.08
7.188e-05 5.44 0.06
7.192e-05 5.36 0.08
7.196e-05 5.28 0.08
7.2e-05 5.2 0.08
7.204e-05 5.12 0.08
7.208e-05 5.12 0.08
7.212e-05 5.12 0.08
7.216e-05 5.04 0.08
7.22e-05 4.88 0.08
7.224e-05 4.8 0.1
7.228e-05 4.8 0.1
7.232e-05 4.64 0.08
7.236e-05 4.56 0.08
7.24e-05 4.48 0.08
7.244e-05 4.4 0.1
7.248e-05 4.32 0.1
7.252e-05 4.24 0.1
7.256e-05 4.16 0.1
7.26e-05 4.16 0.1
7.264e-05 4 0.1
7.268e-05 3.84 0.1
7.272e-05 3.68 0.08
7.276e-05 3.68 0.1
7.28e-05 3.6 0.1
7.284e-05 3.52 0.1
7.288e-05 3.36 0.1
7.292e-05 3.2 0.1
7.296e-05 3.2 0.1
7.3e-05 3.04 0.1
7.304e-05 2.88 0.1
7.308e-05 2.8 0.1
7.312e-05 2.72 0.1
7.316e-05 2.56 0.12
7.32e-05 2.48 0.1
7.324e-05 2.32 0.1
7.328e-05 2.24 0.1
7.332e-05 2.08 0.1
7.336e-05 2 0.1
7.34e-05 1.92 0.1
7.344e-05 1.76 0.1
7.348e-05 1.6 0.1
7.352e-05 1.44 0.1
7.356e-05 1.36 0.1
7.36e-05 1.28 0.1
7.364e-05 1.12 0.1
7.368e-05 1.04 0.1
7.372e-05 0.96 0.1
7.376e-05 0.72 0.1
7.38e-05 0.64 0.1
7.384e-05 0.48 0.1
7.388e-05 0.4 0.1
7.392e-05 0.32 0.1
7.396e-05 0.16 0.1
7.4e-05 0 0.1
7.404e-05 -0.16 0.1
7.408e-05 -0.32 0.08
7.412e-05 -0.4 0.1
7.416e-05 -0.56 0.1
7.42e-05 -0.72 0.1
7.424e-05 -0.88 0.1
7.428e-05 -1.04 0.08
7.432e-05 -1.04 0.08
7.436e-05 -1.28 0.08
7.44e-05 -1.36 0.08
7.444e-05 -1.52 0.08
7.448e-05 -1.6 0.08
7.452e-05 -1.68 0.08
7.456e-05 -1.84 0.08
7.46e-05 -1.92 0.08
7.464e-05 -2.08 0.06
7.468e-05 -2.24 0.08
7.472e-05 -2.32 0.06
7.476e-05 -2.4 0.06
7.48e-05 -2.56 0.06
7.484e-05 -2.64 0.04
7.488e-05 -2.8 0.08
7.492e-05 -2.88 0.06
7.496e-05 -3.04 0.04
7.5e-05 -3.2 0.04
7.504e-05 -3.2 0.04
7.508e-05 -3.28 0.04
7.512e-05 -3.52 0.04
7.516e-05 -3.6 0.04
7.52e-05 -3.6 0.04
7.524e-05 -3.76 0.04
7.528e-05 -3.84 0.04
7.532e-05 -3.92 0.02
7.536e-05 -4.08 0.02
7.54e-05 -4.16 0.02
7.544e-05 -4.24 0.04
7.548e-05 -4.32 0.02
7.552e-05 -4.4 0.02
7.556e-05 -4.48 0.02
7.56e-05 -4.56 0.02
7.564e-05 -4.72 0
7.568e-05 -4.72 0
7.572e-05 -4.88 0
7.576e-05 -4.88 0
7.58e-05 -4.96 0
7.584e-05 -5.12 0
7.588e-05 -5.12 0
7.592e-05 -5.2 -0.04
7.596e-05 -5.28 -0.04
7.6e-05 -5.28 0
7.604e-05 -5.44 0
7.608e-05 -5.44 -0.06
7.612e-05 -5.52 0
7.616e-05 -5.52 -0.04
7.62e-05 -5.68 -0.06
7.624e-05 -5.68 -0.06
7.628e-05 -5.76 -0.06
7.632e-05 -5.76 -0.06
7.636e-05 -5.76 -0.08
7.64e-05 -5.84 -0.06
7.644e-05 -5.84 -0.06
7.648e-05 -5.84 -0.08
7.652e-05 -6 -0.06
7.656e-05 -6 -0.08
7.66e-05 -6 -0.08
7.664e-05 -6 -0.1
7.668e-05 -6.08 -0.08
7.672e-05 -6.08 -0.08
7.676e-05 -6.08 -0.1
7.68e-05 -6.08 -0.1
7.684e-05 -6.08 -0.1
7.688e-05 -6.08 -0.1
7.692e-05 -6.08 -0.12
7.696e-05 -6.16 -0.1
7.7e-05 -6.16 -0.1
7.704e-05 -6.16 -0.1
7.708e-05 -6.08 -0.1
7.712e-05 -6.16 -0.12
7.716e-05 -6.08 -0.12
7.72e-05 -6.08 -0.12
7.724e-05 -6.08 -0.14
7.728e-05 -6.08 -0.12
7.732e-05 -6 -0.14
7.736e-05 -6 -0.14
7.74e-05 -6 -0.14
7.744e-05 -5.84 -0.14
7.748e-05 -5.84 -0.16
7.752e-05 -5.84 -0.14
7.756e-05 -5.84 -0.14
7.76e-05 -5.84 -0.16
7.764e-05 -5.76 -0.16
7.768e-05 -5.68 -0.16
7.772e-05 -5.68 -0.14
7.776e-05 -5.52 -0.14
7.78e-05 -5.52 -0.16
7.784e-05 -5.52 -0.16
7.788e-05 -5.44 -0.16
7.792e-05 -5.36 -0.16
7.796e-05 -5.28 -0.18
7.8e-05 -5.2 -0.16
7.804e-05 -5.2 -0.18
7.808e-05 -5.12 -0.16
7.812e-05 -5.04 -0.18
7.816e-05 -4.96 -0.18
7.82e-05 -4.88 -0.18
7.824e-05 -4.8 -0.18
7.828e-05 -4.72 -0.18
7.832e-05 -4.72 -0.18
7.836e-05 -4.56 -0.18
7.84e-05 -4.48 -0.18
7.844e-05 -4.48 -0.18
7.848e-05 -4.32 -0.2
7.852e-05 -4.16 -0.22
7.856e-05 -4.16 -0.2
7.86e-05 -4.08 -0.18
7.864e-05 -3.92 -0.2
7.868e-05 -3.92 -0.18
7.872e-05 -3.76 -0.2
7.876e-05 -3.6 -0.22
7.88e-05 -3.52 -0.2
7.884e-05 -3.44 -0.22
7.888e-05 -3.28 -0.2
7.892e-05 -3.2 -0.22
7.896e-05 -3.12 -0.18
7.9e-05 -2.96 -0.2
7.904e-05 -2.88 -0.2
7.908e-05 -2.72 -0.22
7.912e-05 -2.64 -0.2
7.916e-05 -2.56 -0.2
7.92e-05 -2.48 -0.22
7.924e-05 -2.32 -0.22
7.928e-05 -2.16 -0.2
7.932e-05 -2 -0.2
7.936e-05 -2 -0.2
7.94e-05 -1.84 -0.22
7.944e-05 -1.68 -0.2
7.948e-05 -1.6 -0.2
7.952e-05 -1.44 -0.2
7.956e-05 -1.28 -0.22
7.96e-05 -1.2 -0.22
7.964e-05 -1.04 -0.2
7.968e-05 -1.04 -0.2
7.972e-05 -0.88 -0.2
7.976e-05 -0.72 -0.22
7.98e-05 -0.56 -0.2
7.984e-05 -0.4 -0.2
7.988e-05 -0.32 -0.18
7.992e-05 -0.24 -0.2
7.996e-05 0 -0.2
8e-05 0.08 -0.18
8.004e-05 0.32 -0.18
8.008e-05 0.4 -0.2
8.012e-05 0.48 -0.18
8.016e-05 0.64 -0.2
8.02e-05 0.72 -0.18
8.024e-05 0.96 -0.18
8.028e-05 1.04 -0.18
8.032e-05 1.12 -0.18
8.036e-05 1.28 -0.18
8.04e-05 1.44 -0.16
8.044e-05 1.52 -0.18
8.048e-05 1.6 -0.18
8.052e-05 1.76 -0.16
8.056e-05 1.92 -0.16
8.06e-05 2 -0.16
8.064e-05 2.08 -0.16
8.068e-05 2.24 -0.16
8.072e-05 2.32 -0.16
8.076e-05 2.48 -0.16
8.08e-05 2.56 -0.16
8.084e-05 2.72 -0.16
8.088e-05 2.88 -0.14
8.092e-05 2.96 -0.16
8.096e-05 3.04 -0.16
8.1e-05 3.2 -0.16
8.104e-05 3.28 -0.14
8.108e-05 3.36 -0.12
8.112e-05 3.52 -0.14
8.116e-05 3.52 -0.14
8.12e-05 3.68 -0.14
8.124e-05 3.84 -0.12
8.128e-05 3.84 -0.12
8.132e-05 4 -0.12
8.136e-05 4.16 -0.14
8.14e-05 4.16 -0.14
8.144e-05 4.32 -0.1
8.148e-05 4.32 -0.1
8.152e-05 4.4 -0.12
8.156e-05 4.56 -0.1
8.16e-05 4.64 -0.1
8.164e-05 4.72 -0.1
8.168e-05 4.8 -0.1
8.172e-05 4.88 -0.1
8.176e-05 4.88 -0.1
8.18e-05 4.96 -0.08
8.184e-05 5.04 -0.1
8.188e-05 5.12 -0.08
8.192e-05 5.2 -0.08
8.196e-05 5.2 -0.08
8.2e-05 5.28 -0.06
8.204e-05 5.36 -0.08
8.208e-05 5.44 -0.08
8.212e-05 5.52 -0.06
8.216e-05 5.52 -0.06
8.22e-05 5.6 -0.04
8.224e-05 5.6 -0.06
8.228e-05 5.68 -0.06
8.232e-05 5.76 -0.04
8.236e-05 5.76 0
8.24e-05 5.84 -0.04
8.244e-05 5.84 -0.06
8.248e-05 5.84 -0.04
8.252e-05 5.84 0
8.256e-05 5.92 0
8.26e-05 5.92 -0.04
8.264e-05 5.92 0
8.268e-05 5.92 0
8.272e-05 6 0
8.276e-05 5.92 0
8.28e-05 6.08 0
8.284e-05 6.08 0.02
8.288e-05 6.08 0
8.292e-05 6 0.02
8.296e-05 6.08 0.02
8.3e-05 6 0
8.304e-05 6.08 0.02
8.308e-05 6 0.02
8.312e-05 6.08 0.02
8.316e-05 5.92 0.02
8.32e-05 5.92 0.02
8.324e-05 5.92 0.04
8.328e-05 5.92 0.02
8.332e-05 5.84 0.04
8.336e-05 5.92 0.04
8.34e-05 5.76 0.04
8.344e-05 5.84 0.06
8.348e-05 5.76 0.04
8.352e-05 5.76 0.06
8.356e-05 5.68 0.04
8.36e-05 5.6 0.06
8.364e-05 5.6 0.04
8.368e-05 5.52 0.04
8.372e-05 5.52 0.06
8.376e-05 5.44 0.06
8.38e-05 5.44 0.08
8.384e-05 5.28 0.06
8.388e-05 5.28 0.08
8.392e-05 5.2 0.08
8.396e-05 5.12 0.08
8.4e-05 5.12 0.08
8.404e-05 5.12 0.08
8.408e-05 4.96 0.1
8.412e-05 4.88 0.08
8.416e-05 4.8 0.08
8.42e-05 4.72 0.08
8.424e-05 4.64 0.08
8.428e-05 4.56 0.1
8.432e-05 4.48 0.1
8.436e-05 4.4 0.08
8.44e-05 4.24 0.1
8.444e-05 4.16 0.1
8.448e-05 4.08 0.1
8.452e-05 4.08 0.1
8.456e-05 3.92 0.1
8.46e-05 3.84 0.1
8.464e-05 3.68 0.1
8.468e-05 3.68 0.1
8.472e-05 3.52 0.1
8.476e-05 3.44 0.1
8.48e-05 3.36 0.1
8.484e-05 3.2 0.1
8.488e-05 3.2 0.1
8.492e-05 2.96 0.1
8.496e-05 2.88 0.1
8.5e-05 2.72 0.1
8.504e-05 2.64 0.12
8.508e-05 2.56 0.1
8.512e-05 2.4 0.1
8.516e-05 2.32 0.1
8.52e-05 2.24 0.1
8.524e-05 2.08 0.1
8.528e-05 1.92 0.1
8.532e-05 1.76 0.12
8.536e-05 1.68 0.12
8.54e-05 1.6 0.1
8.544e-05 1.44 0.1
8.548e-05 1.36 0.1
8.552e-05 1.28 0.1
8.556e-05 1.12 0.1
8.56e-05 0.96 0.1
8.564e-05 0.96 0.1
8.568e-05 0.72 0.1
8.572e-05 0.64 0.1
8.576e-05 0.48 0.08
8.58e-05 0.32 0.1
8.584e-05 0.24 0.1
8.588e-05 0.08 0.1
8.592e-05 0 0.1
8.596e-05 -0.24 0.1
8.6e-05 -0.4 0.1
8.604e-05 -0.48 0.1
8.608e-05 -0.64 0.1
8.612e-05 -0.72 0.08
8.616e-05 -0.88 0.1
8.62e-05 -1.04 0.08
8.624e-05 -1.04 0.08
8.628e-05 -1.28 0.1
8.632e-05 -1.36 0.08
8.636e-05 -1.52 0.1
8.64e-05 -1.6 0.08
8.644e-05 -1.84 0.08
8.648e-05 -1.84 0.08
8.652e-05 -2 0.08
8.656e-05 -2.16 0.08
8.66e-05 -2.24 0.08
8.664e-05 -2.32 0.08
8.668e-05 -2.48 0.06
8.672e-05 -2.64 0.04
8.676e-05 -2.64 0.08
8.68e-05 -2.88 0.06
8.684e-05 -2.96 0.04
8.688e-05 -3.12 0.04
8.692e-05 -3.2 0.06
8.696e-05 -3.28 0.06
8.7e-05 -3.36 0.04
8.704e-05 -3.52 0.06
8.708e-05 -3.6 0.04
8.712e-05 -3.68 0.06
8.716e-05 -3.84 0.04
8.72e-05 -3.92 0.02
8.724e-05 -3.92 0.02
8.728e-05 -4.08 0.04
8.732e-05 -4.16 0.02
8.736e-05 -4.24 0.02
8.74e-05 -4.4 0.02
8.744e-05 -4.4 0.02
8.748e-05 -4.56 0.02
8.752e-05 -4.64 0.02
8.756e-05 -4.72 0
8.76e-05 -4.8 0.02
8.764e-05 -4.88 0
8.768e-05 -4.88 0
8.772e-05 -5.04 0
8.776e-05 -5.04 0
8.78e-05 -5.2 0
8.784e-05 -5.2 0
8.788e-05 -5.28 0
8.792e-05 -5.36 -0.06
8.796e-05 -5.36 0
8.8e-05 -5.44 -0.04
8.804e-05 -5.52 -0.06
8.808e-05 -5.6 -0.04
8.812e-05 -5.68 -0.06
8.816e-05 -5.6 -0.04
8.82e-05 -5.76 -0.06
8.824e-05 -5.76 -0.06
8.828e-05 -5.76 -0.08
8.832e-05 -5.84 -0.06
8.836e-05 -5.92 -0.08
8.84e-05 -5.92 -0.08
8.844e-05 -6 -0.08
8.848e-05 -6 -0.08
8.852e-05 -6 -0.08
8.856e-05 -6 -0.08
8.86e-05 -6.08 -0.1
8.864e-05 -6.08 -0.08
8.868e-05 -6.08 -0.1
8.872e-05 -6.08 -0.08
8.876e-05 -6.16 -0.1
8.88e-05 -6.08 -0.1
8.884e-05 -6.08 -0.1
8.888e-05 -6.08 -0.1
8.892e-05 -6.08 -0.1
8.896e-05 -6.16 -0.12
8.9e-05 -6.08 -0.12
8.904e-05 -6.08 -0.12
8.908e-05 -6.08 -0.12
8.912e-05 -6.08 -0.12
8.916e-05 -6.08 -0.14
8.92e-05 -6.08 -0.14
8.924e-05 -6 -0.1
8.928e-05 -6 -0.14
8.932e-05 -6 -0.14
8.936e-05 -5.92 -0.14
8.94e-05 -5.84 -0.14
8.944e-05 -5.84 -0.14
8.948e-05 -5.84 -0.14
8.952e-05 -5.76 -0.16
8.956e-05 -5.68 -0.14
8.96e-05 -5.68 -0.16
8.964e-05 -5.68 -0.16
8.968e-05 -5.52 -0.16
8.972e-05 -5.52 -0.16
8.976e-05 -5.52 -0.16
8.98e-05 -5.44 -0.16
8.984e-05 -5.36 -0.16
8.988e-05 -5.28 -0.16
8.992e-05 -5.2 -0.18
8.996e-05 -5.2 -0.16
9e-05 -5.12 -0.18
9.004e-05 -5.04 -0.18
9.008e-05 -4.88 -0.18
9.012e-05 -4.88 -0.18
9.016e-05 -4.8 -0.18
9.02e-05 -4.8 -0.18
9.024e-05 -4.64 -0.18
9.028e-05 -4.56 -0.18
9.032e-05 -4.48 -0.2
9.036e-05 -4.4 -0.18
9.04e-05 -4.32 -0.2
9.044e-05 -4.16 -0.18
9.048e-05 -4.16 -0.2
9.052e-05 -3.92 -0.18
9.056e-05 -3.92 -0.2
9.06e-05 -3.84 -0.2
9.064e-05 -3.76 -0.2
9.068e-05 -3.6 -0.2
9.072e-05 -3.52 -0.2
9.076e-05 -3.44 -0.2
9.08e-05 -3.28 -0.2
9.084e-05 -3.2 -0.2
9.088e-05 -3.12 -0.2
9.092e-05 -2.96 -0.18
9.096e-05 -2.88 -0.2
9.1e-05 -2.8 -0.2
9.104e-05 -2.64 -0.22
9.108e-05 -2.48 -0.2
9.112e-05 -2.32 -0.2
9.116e-05 -2.32 -0.2
9.12e-05 -2.16 -0.18
9.124e-05 -2 -0.22
9.128e-05 -1.92 -0.22
9.132e-05 -1.84 -0.18
9.136e-05 -1.68 -0.22
9.14e-05 -1.52 -0.2
9.144e-05 -1.36 -0.22
9.148e-05 -1.28 -0.2
9.152e-05 -1.2 -0.2
9.156e-05 -1.04 -0.2
9.16e-05 -0.96 -0.2
9.164e-05 -0.8 -0.2
9.168e-05 -0.64 -0.22
9.172e-05 -0.56 -0.2
9.176e-05 -0.4 -0.18
9.18e-05 -0.24 -0.2
9.184e-05 0 -0.2
9.188e-05 0 -0.2
9.192e-05 0.16 -0.18
9.196e-05 0.32 -0.2
9.2e-05 0.4 -0.18
9.204e-05 0.56 -0.18
9.208e-05 0.64 -0.18
9.212e-05 0.8 -0.2
9.216e-05 0.96 -0.18
9.22e-05 1.04 -0.18
9.224e-05 1.2 -0.18
9.228e-05 1.28 -0.16
9.232e-05 1.44 -0.18
9.236e-05 1.6 -0.18
9.24e-05 1.68 -0.18
9.244e-05 1.76 -0.16
9.248e-05 1.92 -0.18
9.252e-05 2.08 -0.18
9.256e-05 2.24 -0.16
9.26e-05 2.32 -0.16
9.264e-05 2.4 -0.14
9.268e-05 2.56 -0.16
9.272e-05 2.64 -0.16
9.276e-05 2.8 -0.16
9.28e-05 2.88 -0.14
9.284e-05 2.96 -0.16
9.288e-05 3.04 -0.16
9.292e-05 3.2 -0.14
9.296e-05 3.28 -0.14
9.3e-05 3.36 -0.14
9.304e-05 3.52 -0.14
9.308e-05 3.6 -0.14
9.312e-05 3.68 -0.12
9.316e-05 3.84 -0.12
9.32e-05 3.92 -0.14
9.324e-05 4 -0.12
9.328e-05 4.16 -0.1
9.332e-05 4.16 -0.1
9.336e-05 4.24 -0.12
9.34e-05 4.32 -0.1
9.344e-05 4.48 -0.12
9.348e-05 4.56 -0.1
9.352e-05 4.64 -0.12
9.356e-05 4.72 -0.1
9.36e-05 4.8 -0.1
9.364e-05 4.88 -0.1
9.368e-05 4.96 -0.1
9.372e-05 4.96 -0.1
9.376e-05 5.12 -0.08
9.38e-05 5.12 -0.08
9.384e-05 5.2 -0.06
9.388e-05 5.28 -0.08
9.392e-05 5.28 -0.08
9.396e-05 5.36 -0.06
9.4e-05 5.44 -0.06
9.404e-05 5.52 -0.06
9.408e-05 5.52 -0.08
9.412e-05 5.6 -0.06
9.416e-05 5.6 -0.04
9.42e-05 5.6 -0.06
9.424e-05 5.76 -0.04
9.428e-05 5.76 -0.04
9.432e-05 5.76 -0.04
9.436e-05 5.84 0
9.44e-05 5.84 0
9.444e-05 5.92 0
9.448e-05 5.92 0
9.452e-05 5.92 0
9.456e-05 5.92 0
9.46e-05 5.92 0
9.464e-05 6.08 0
9.468e-05 6.08 0
9.472e-05 6.08 0
9.476e-05 6.08 0
9.48e-05 6.08 0
9.484e-05 6.08 0
9.488e-05 6.08 0.02
9.492e-05 6 0.02
9.496e-05 6.08 0
9.5e-05 5.92 0.02
9.504e-05 5.92 0.02
9.508e-05 5.92 0.04
9.512e-05 5.92 0.04
9.516e-05 5.92 0.02
9.52e-05 5.84 0.02
9.524e-05 5.84 0.04
9.528e-05 5.92 0.04
9.532e-05 5.84 0.02
9.536e-05 5.76 0.04
9.54e-05 5.76 0.04
9.544e-05 5.76 0.04
9.548e-05 5.68 0.06
9.552e-05 5.6 0.06
9.556e-05 5.6 0.08
9.56e-05 5.52 0.06
9.564e-05 5.44 0.06
9.568e-05 5.44 0.08
9.572e-05 5.44 0.06
9.576e-05 5.36 0.08
9.58e-05 5.28 0.08
9.584e-05 5.12 0.08
9.588e-05 5.12 0.06
9.592e-05 5.12 0.08
9.596e-05 4.96 0.08
9.6e-05 4.96 0.08
9.604e-05 4.88 0.08
9.608e-05 4.8 0.08
9.612e-05 4.72 0.1
9.616e-05 4.56 0.1
9.62e-05 4.48 0.08
9.624e-05 4.48 0.08
9.628e-05 4.32 0.08
9.632e-05 4.24 0.1
9.636e-05 4.16 0.08
9.64e-05 4.16 0.08
9.644e-05 4 0.1
9.648e-05 3.92 0.08
9.652e-05 3.84 0.12
9.656e-05 3.68 0.08
9.66e-05 3.6 0.1
9.664e-05 3.52 0.1
9.668e-05 3.52 0.1
9.672e-05 3.36 0.1
9.676e-05 3.2 0.1
9.68e-05 3.04 0.12
9.684e-05 2.96 0.1
9.688e-05 2.88 0.1
9.692e-05 2.72 0.1
9.696e-05 2.64 0.1
9.7e-05 2.48 0.1
9.704e-05 2.4 0.1
9.708e-05 2.24 0.12
9.712e-05 2.16 0.1
9.716e-05 2.08 0.1
9.72e-05 1.92 0.1
9.724e-05 1.76 0.1
9.728e-05 1.68 0.1
9.732e-05 1.6 0.1
9.736e-05 1.44 0.1
9.74e-05 1.28 0.1
9.744e-05 1.12 0.1
9.748e-05 1.04 0.1
9.752e-05 0.96 0.1
9.756e-05 0.8 0.1
9.76e-05 0.64 0.1
9.764e-05 0.56 0.1
9.768e-05 0.32 0.1
9.772e-05 0.32 0.1
9.776e-05 0.16 0.1
9.78e-05 0 0.08
9.784e-05 -0.16 0.1
9.788e-05 -0.32 0.1
9.792e-05 -0.4 0.1
9.796e-05 -0.56 0.08
9.8e-05 -0.64 0.08
9.804e-05 -0.8 0.1
9.808e-05 -0.96 0.08
9.812e-05 -1.04 0.1
9.816e-05 -1.2 0.08
9.82e-05 -1.28 0.08
9.824e-05 -1.36 0.08
9.828e-05 -1.52 0.08
9.832e-05 -1.68 0.08
9.836e-05 -1.84 0.08
9.84e-05 -1.92 0.08
9.844e-05 -2 0.08
9.848e-05 -2.16 0.08
9.852e-05 -2.32 0.08
9.856e-05 -2.32 0.06
9.86e-05 -2.48 0.08
9.864e-05 -2.64 0.08
9.868e-05 -2.72 0.08
9.872e-05 -2.88 0.06
9.876e-05 -2.96 0.06
9.88e-05 -3.12 0.08
9.884e-05 -3.2 0.06
9.888e-05 -3.28 0.04
9.892e-05 -3.44 0.04
9.896e-05 -3.52 0.06
9.9e-05 -3.6 0.06
9.904e-05 -3.76 0.04
9.908e-05 -3.84 0.06
9.912e-05 -3.92 0.02
9.916e-05 -4.08 0.04
9.92e-05 -4.16 0.02
9.924e-05 -4.16 0.02
9.928e-05 -4.24 0.02
9.932e-05 -4.4 0.02
9.936e-05 -4.48 0.02
9.94e-05 -4.56 0
9.944e-05 -4.64 0
9.948e-05 -4.72 0.02
9.952e-05 -4.8 0
9.956e-05 -4.88 0
9.96e-05 -4.96 0
9.964e-05 -5.04 0
9.968e-05 -5.12 0
9.972e-05 -5.2 0
9.976e-05 -5.2 0
9.98e-05 -5.36 -0.06
9.984e-05 -5.36 -0.04
9.988e-05 -5.44 -0.04
9.992e-05 -5.52 -0.04
9.996e-05 -5.52 -0.04
0.0001 -5.6 -0.04
0.00010004 -5.68 -0.04
0.00010008 -5.68 -0.06
0.00010012 -5.76 -0.06
0.00010016 -5.76 -0.06
0.0001002 -5.76 -0.06
0.00010024 -5.84 -0.06
0.00010028 -5.84 -0.08
0.00010032 -6 -0.06
0.00010036 -5.92 -0.08
0.0001004 -6 -0.08
0.00010044 -6 -0.1
0.00010048 -6 -0.1
0.00010052 -6.08 -0.08
0.00010056 -6.08 -0.1
0.0001006 -6.08 -0.08
0.00010064 -6.08 -0.1
0.00010068 -6.08 -0.1
0.00010072 -6.08 -0.1
0.00010076 -6.16 -0.1
0.0001008 -6.08 -0.1
0.00010084 -6.16 -0.12
0.00010088 -6.08 -0.1
0.00010092 -6.08 -0.12
0.00010096 -6.16 -0.12
0.000101 -6.08 -0.12
0.00010104 -6.08 -0.12
0.00010108 -6 -0.14
0.00010112 -6.08 -0.14
0.00010116 -6 -0.14
0.0001012 -6 -0.14
0.00010124 -6 -0.14
0.00010128 -5.84 -0.14
0.00010132 -5.84 -0.14
0.00010136 -5.84 -0.16
0.0001014 -5.76 -0.14
0.00010144 -5.76 -0.14
0.00010148 -5.68 -0.14
0.00010152 -5.68 -0.16
0.00010156 -5.52 -0.16
0.0001016 -5.52 -0.16
0.00010164 -5.52 -0.16
0.00010168 -5.44 -0.18
0.00010172 -5.36 -0.18
0.00010176 -5.36 -0.18
0.0001018 -5.2 -0.16
0.00010184 -5.2 -0.16
0.00010188 -5.12 -0.18
0.00010192 -5.12 -0.18
0.00010196 -5.04 -0.18
0.000102 -4.88 -0.18
0.00010204 -4.88 -0.18
0.00010208 -4.8 -0.2
0.00010212 -4.72 -0.18
0.00010216 -4.64 -0.18
0.0001022 -4.48 -0.2
0.00010224 -4.4 -0.2
0.00010228 -4.4 -0.18
0.00010232 -4.24 -0.2
0.00010236 -4.16 -0.18
0.0001024 -4.08 -0.18
0.00010244 -3.92 -0.18
0.00010248 -3.92 -0.2
0.00010252 -3.76 -0.18
0.00010256 -3.76 -0.2
0.0001026 -3.6 -0.2
0.00010264 -3.44 -0.22
0.00010268 -3.28 -0.2
0.00010272 -3.28 -0.2
0.00010276 -3.12 -0.2
0.0001028 -2.96 -0.22
0.00010284 -2.96 -0.2
0.00010288 -2.8 -0.22
0.00010292 -2.64 -0.22
0.00010296 -2.56 -0.2
0.000103 -2.4 -0.2
0.00010304 -2.32 -0.2
0.00010308 -2.24 -0.22
0.00010312 -2.16 -0.22
0.00010316 -2 -0.2
0.0001032 -1.84 -0.2
0.00010324 -1.68 -0.2
0.00010328 -1.6 -0.22
0.00010332 -1.52 -0.2
0.00010336 -1.36 -0.2
0.0001034 -1.28 -0.22
0.00010344 -1.12 -0.18
0.00010348 -0.96 -0.2
0.00010352 -0.88 -0.18
0.00010356 -0.72 -0.2
0.0001036 -0.64 -0.2
0.00010364 -0.48 -0.18
0.00010368 -0.32 -0.2
0.00010372 -0.24 -0.2
0.00010376 0 -0.18
0.0001038 0.08 -0.18
0.00010384 0.32 -0.18
0.00010388 0.32 -0.2
0.00010392 0.48 -0.18
0.00010396 0.64 -0.2
0.000104 0.72 -0.2
0.00010404 0.8 -0.18
0.00010408 0.96 -0.18
0.00010412 1.12 -0.18
0.00010416 1.28 -0.18
0.0001042 1.36 -0.18
0.00010424 1.52 -0.18
0.00010428 1.6 -0.16
0.00010432 1.68 -0.18
0.00010436 1.84 -0.18
0.0001044 2 -0.18
0.00010444 2.08 -0.16
0.00010448 2.24 -0.16
0.00010452 2.32 -0.18
0.00010456 2.4 -0.16
0.0001046 2.56 -0.16
0.00010464 2.72 -0.16
0.00010468 2.8 -0.16
0.00010472 2.88 -0.14
0.00010476 3.04 -0.14
0.0001048 3.12 -0.14
0.00010484 3.2 -0.16
0.00010488 3.36 -0.14
0.00010492 3.52 -0.14
0.00010496 3.6 -0.12
0.000105 3.68 -0.14
0.00010504 3.76 -0.14
0.00010508 3.84 -0.14
0.00010512 3.92 -0.14
0.00010516 4 -0.12
0.0001052 4.16 -0.12
0.00010524 4.16 -0.12
0.00010528 4.32 -0.12
0.00010532 4.32 -0.1
0.00010536 4.48 -0.08
0.0001054 4.56 -0.1
0.00010544 4.72 -0.1
0.00010548 4.8 -0.1
0.00010552 4.8 -0.1
0.00010556 4.88 -0.1
0.0001056 4.96 -0.1
0.00010564 5.12 -0.08
0.00010568 5.12 -0.08
0.00010572 5.12 -0.08
0.00010576 5.2 -0.08
0.0001058 5.28 -0.08
0.00010584 5.44 -0.08
0.00010588 5.44 -0.08
0.00010592 5.44 -0.06
0.00010596 5.52 -0.08
0.000106 5.6 -0.04
0.00010604 5.6 -0.06
0.00010608 5.68 -0.06
0.00010612 5.76 -0.06
0.00010616 5.76 -0.06
0.0001062 5.76 -0.04
0.00010624 5.84 -0.04
0.00010628 5.76 -0.04
0.00010632 5.84 -0.04
0.00010636 5.92 0
0.0001064 5.92 0
0.00010644 5.92 0
0.00010648 5.92 0
0.00010652 5.92 -0.04
0.00010656 5.92 0
0.0001066 6 0
0.00010664 5.92 0
0.00010668 6.08 0
0.00010672 6.08 0
0.00010676 6.08 0
0.0001068 6.08 0
0.00010684 6 0.02
0.00010688 5.92 0.02
0.00010692 5.92 0.02
0.00010696 5.92 0.04
0.000107 5.92 0.02
0.00010704 5.92 0.04
0.00010708 5.92 0.04
0.00010712 5.92 0.04
0.00010716 5.84 0.04
0.0001072 5.84 0.04
0.00010724 5.84 0.04
0.00010728 5.76 0.04
0.00010732 5.76 0.06
0.00010736 5.68 0.04
0.0001074 5.6 0.04
0.00010744 5.6 0.04
0.00010748 5.6 0.06
0.00010752 5.52 0.06
0.00010756 5.44 0.06
0.0001076 5.44 0.08
0.00010764 5.28 0.08
0.00010768 5.28 0.08
0.00010772 5.2 0.08
0.00010776 5.12 0.06
0.0001078 5.12 0.1
0.00010784 4.96 0.08
0.00010788 4.96 0.08
0.00010792 4.88 0.08
0.00010796 4.8 0.08
0.000108 4.8 0.08
0.00010804 4.64 0.08
0.00010808 4.56 0.1
0.00010812 4.48 0.1
0.00010816 4.4 0.1
0.0001082 4.32 0.1
0.00010824 4.24 0.1
0.00010828 4.16 0.08
0.00010832 4 0.1
0.00010836 3.92 0.1
0.0001084 3.84 0.1
0.00010844 3.76 0.08
0.00010848 3.68 0.1
0.00010852 3.52 0.1
0.00010856 3.52 0.1
0.0001086 3.36 0.1
0.00010864 3.28 0.1
0.00010868 3.04 0.1
0.00010872 3.04 0.1
0.00010876 2.88 0.1
0.0001088 2.88 0.12
0.00010884 2.64 0.1
0.00010888 2.56 0.1
0.00010892 2.4 0.1
0.00010896 2.32 0.1
0.000109 2.24 0.1
0.00010904 2.08 0.12
0.00010908 1.92 0.1
0.00010912 1.92 0.1
0.00010916 1.76 0.1
0.0001092 1.6 0.1
0.00010924 1.6 0.12
0.00010928 1.36 0.12
0.00010932 1.28 0.1
0.00010936 1.12 0.1
0.0001094 0.96 0.1
0.00010944 0.88 0.1
0.00010948 0.8 0.1
0.00010952 0.64 0.1
0.00010956 0.48 0.1
0.0001096 0.32 0.1
0.00010964 0.32 0.08
0.00010968 0.08 0.1
0.00010972 0 0.1
0.00010976 -0.24 0.08
0.0001098 -0.32 0.08
0.00010984 -0.4 0.08
0.00010988 -0.64 0.1
0.00010992 -0.72 0.1
0.00010996 -0.88 0.1
0.00011 -1.04 0.08
0.00011004 -1.12 0.08
0.00011008 -1.2 0.1
0.00011012 -1.36 0.08
0.00011016 -1.52 0.08
0.0001102 -1.6 0.08
0.00011024 -1.68 0.08
0.00011028 -1.84 0.08
0.00011032 -2 0.08
0.00011036 -2.16 0.08
0.0001104 -2.16 0.08
0.00011044 -2.32 0.08
0.00011048 -2.48 0.08
0.00011052 -2.56 0.08
0.00011056 -2.64 0.06
0.0001106 -2.8 0.06
0.00011064 -2.88 0.08
0.00011068 -3.04 0.06
0.00011072 -3.12 0.04
0.00011076 -3.28 0.04
0.0001108 -3.36 0.04
0.00011084 -3.52 0.04
0.00011088 -3.6 0.04
0.00011092 -3.6 0.04
0.00011096 -3.76 0.02
0.000111 -3.84 0.06
0.00011104 -3.92 0.04
0.00011108 -4.08 0.04
0.00011112 -4.16 0.02
0.00011116 -4.24 0.04
0.0001112 -4.4 0.02
0.00011124 -4.48 0.02
0.00011128 -4.56 0
0.00011132 -4.64 0.02
0.00011136 -4.72 0.02
0.0001114 -4.8 0
0.00011144 -4.88 0
0.00011148 -4.88 0
0.00011152 -4.96 0.02
0.00011156 -5.12 0
0.0001116 -5.12 0
0.00011164 -5.2 0
0.00011168 -5.2 0
0.00011172 -5.28 0
0.00011176 -5.44 -0.04
0.0001118 -5.44 -0.04
0.00011184 -5.52 0
0.00011188 -5.52 -0.04
0.00011192 -5.68 -0.04
0.00011196 -5.68 -0.04
0.000112 -5.68 -0.06
0.00011204 -5.76 -0.06
0.00011208 -5.76 -0.06
0.00011212 -5.84 -0.08
0.00011216 -5.84 -0.06
0.0001122 -5.92 -0.06
0.00011224 -5.84 -0.06
0.00011228 -6 -0.08
0.00011232 -6 -0.1
0.00011236 -6 -0.08
0.0001124 -6.08 -0.08
0.00011244 -6 -0.08
0.00011248 -6.08 -0.1
0.00011252 -6.08 -0.1
0.00011256 -6.16 -0.1
0.0001126 -6.08 -0.1
0.00011264 -6.08 -0.1
0.00011268 -6.08 -0.1
0.00011272 -6.08 -0.1
0.00011276 -6.16 -0.1
0.0001128 -6.16 -0.1
0.00011284 -6.08 -0.1
0.00011288 -6.08 -0.12
0.00011292 -6.08 -0.12
0.00011296 -6.08 -0.12
0.000113 -6 -0.12
0.00011304 -6.08 -0.14
0.00011308 -6.08 -0.14
0.00011312 -6 -0.14
0.00011316 -6 -0.16
0.0001132 -5.84 -0.16
0.00011324 -5.84 -0.16
0.00011328 -5.84 -0.14
0.00011332 -5.76 -0.14
0.00011336 -5.76 -0.16
0.0001134 -5.68 -0.16
0.00011344 -5.68 -0.16
0.00011348 -5.52 -0.14
0.00011352 -5.52 -0.16
0.00011356 -5.52 -0.18
0.0001136 -5.44 -0.16
0.00011364 -5.36 -0.18
0.00011368 -5.36 -0.16
0.00011372 -5.2 -0.18
0.00011376 -5.12 -0.18
0.0001138 -5.12 -0.18
0.00011384 -5.12 -0.18
0.00011388 -4.96 -0.18
0.00011392 -4.88 -0.18
0.00011396 -4.88 -0.18
0.000114 -4.8 -0.18
0.00011404 -4.72 -0.18
0.00011408 -4.56 -0.18
0.00011412 -4.56 -0.2
0.00011416 -4.4 -0.18
0.0001142 -4.24 -0.2
0.00011424 -4.24 -0.18
0.00011428 -4.16 -0.18
0.00011432 -4.08 -0.2
0.00011436 -3.92 -0.2
0.0001144 -3.84 -0.2
0.00011444 -3.76 -0.2
0.00011448 -3.6 -0.22
0.00011452 -3.52 -0.18
0.00011456 -3.44 -0.2
0.0001146 -3.28 -0.22
0.00011464 -3.2 -0.22
0.00011468 -3.12 -0.2
0.00011472 -2.96 -0.2
0.00011476 -2.88 -0.2
0.0001148 -2.8 -0.22
0.00011484 -2.64 -0.2
0.00011488 -2.56 -0.22
0.00011492 -2.4 -0.2
0.00011496 -2.32 -0.22
0.000115 -2.16 -0.2
0.00011504 -2.08 -0.2
0.00011508 -1.92 -0.2
0.00011512 -1.84 -0.2
0.00011516 -1.68 -0.22
0.0001152 -1.52 -0.22
0.00011524 -1.36 -0.2
0.00011528 -1.36 -0.2
0.00011532 -1.28 -0.2
0.00011536 -1.04 -0.22
0.0001154 -0.96 -0.2
0.00011544 -0.8 -0.2
0.00011548 -0.64 -0.2
0.00011552 -0.56 -0.22
0.00011556 -0.4 -0.2
0.0001156 -0.32 -0.18
0.00011564 -0.24 -0.2
0.00011568 0 -0.18
0.00011572 0.16 -0.2
0.00011576 0.32 -0.18
0.0001158 0.4 -0.2
0.00011584 0.56 -0.18
0.00011588 0.72 -0.2
0.00011592 0.8 -0.2
0.00011596 0.96 -0.18
0.000116 1.04 -0.18
0.00011604 1.12 -0.2
0.00011608 1.28 -0.18
0.00011612 1.44 -0.18
0.00011616 1.6 -0.18
0.0001162 1.6 -0.18
0.00011624 1.76 -0.18
0.00011628 1.84 -0.18
0.00011632 2 -0.16
0.00011636 2.08 -0.16
0.0001164 2.24 -0.16
0.00011644 2.4 -0.16
0.00011648 2.56 -0.16
0.00011652 2.56 -0.16
0.00011656 2.72 -0.18
0.0001166 2.88 -0.16
0.00011664 2.96 -0.14
0.00011668 3.04 -0.16
0.00011672 3.2 -0.14
0.00011676 3.28 -0.14
0.0001168 3.36 -0.16
0.00011684 3.52 -0.16
0.00011688 3.6 -0.14
0.00011692 3.68 -0.14
0.00011696 3.76 -0.14
0.000117 3.92 -0.12
0.00011704 4 -0.12
0.00011708 4.16 -0.12
0.00011712 4.16 -0.12
0.00011716 4.16 -0.12
0.0001172 4.4 -0.1
0.00011724 4.48 -0.12
0.00011728 4.56 -0.1
0.00011732 4.56 -0.1
0.00011736 4.64 -0.1
0.0001174 4.8 -0.08
0.00011744 4.8 -0.1
0.00011748 4.88 -0.1
0.00011752 4.96 -0.1
0.00011756 5.12 -0.08
0.0001176 5.12 -0.08
0.00011764 5.2 -0.1
0.00011768 5.28 -0.08
0.00011772 5.28 -0.08
0.00011776 5.28 -0.08
0.0001178 5.44 -0.08
0.00011784 5.44 -0.06
0.00011788 5.52 -0.06
0.00011792 5.6 -0.06
0.00011796 5.6 -0.08
0.000118 5.6 -0.06
0.00011804 5.76 -0.04
0.00011808 5.76 -0.04
0.00011812 5.76 -0.04
0.00011816 5.76 -0.06
0.0001182 5.84 -0.04
0.00011824 5.84 -0.04
0.00011828 5.84 0
0.00011832 5.92 0
0.00011836 5.92 0
0.0001184 6 0
0.00011844 5.92 0
0.00011848 6 0
0.00011852 6 0
0.00011856 6.08 0
0.0001186 6.08 0
0.00011864 6 0.02
0.00011868 6 0
0.00011872 6 0.02
0.00011876 6.08 0.02
0.0001188 6.08 0.02
0.00011884 5.92 0
0.00011888 5.92 0.02
0.00011892 5.92 0.02
0.00011896 5.92 0.02
0.000119 5.92 0.04
0.00011904 5.92 0.02
0.00011908 5.92 0.04
0.00011912 5.84 0.04
0.00011916 5.76 0.04
0.0001192 5.76 0.04
0.00011924 5.76 0.06
0.00011928 5.68 0.06
0.00011932 5.6 0.06
0.00011936 5.6 0.06
0.0001194 5.52 0.04
0.00011944 5.52 0.08
0.00011948 5.44 0.08
0.00011952 5.44 0.08
0.00011956 5.28 0.06
0.0001196 5.28 0.06
0.00011964 5.2 0.08
0.00011968 5.12 0.08
0.00011972 5.12 0.08
0.00011976 5.04 0.08
0.0001198 4.96 0.08
0.00011984 4.88 0.1
0.00011988 4.8 0.08
0.00011992 4.72 0.08
0.00011996 4.64 0.08
0.00012 4.64 0.08
0.00012004 4.48 0.08
0.00012008 4.32 0.08
0.00012012 4.24 0.08
0.00012016 4.16 0.1
0.0001202 4.16 0.08
0.00012024 4 0.1
0.00012028 3.92 0.1
0.00012032 3.84 0.12
0.00012036 3.68 0.1
0.0001204 3.6 0.1
0.00012044 3.52 0.1
0.00012048 3.36 0.1
0.00012052 3.36 0.1
0.00012056 3.2 0.1
0.0001206 3.04 0.1
0.00012064 2.96 0.08
0.00012068 2.88 0.1
0.00012072 2.72 0.12
0.00012076 2.64 0.12
0.0001208 2.56 0.1
0.00012084 2.4 0.1
0.00012088 2.32 0.12
0.00012092 2.16 0.12
0.00012096 2.08 0.1
0.000121 1.92 0.1
0.00012104 1.84 0.1
0.00012108 1.68 0.12
0.00012112 1.6 0.1
0.00012116 1.44 0.1
0.0001212 1.36 0.1
0.00012124 1.28 0.1
0.00012128 1.04 0.1
0.00012132 0.96 0.08
0.00012136 0.8 0.1
0.0001214 0.64 0.1
0.00012144 0.64 0.1
0.00012148 0.48 0.1
0.00012152 0.32 0.1
0.00012156 0.16 0.1
0.0001216 0.08 0.1
0.00012164 0 0.1
0.00012168 -0.24 0.08
0.00012172 -0.4 0.08
0.00012176 -0.56 0.1
0.0001218 -0.64 0.1
0.00012184 -0.72 0.1
0.00012188 -0.88 0.08
0.00012192 -1.04 0.08
0.00012196 -1.12 0.08
0.000122 -1.28 0.1
0.00012204 -1.36 0.08
0.00012208 -1.52 0.08
0.00012212 -1.6 0.08
0.00012216 -1.84 0.08
0.0001222 -1.92 0.08
0.00012224 -2 0.06
0.00012228 -2.16 0.08
0.00012232 -2.24 0.08
0.00012236 -2.32 0.06
0.0001224 -2.48 0.08
0.00012244 -2.64 0.08
0.00012248 -2.64 0.08
0.00012252 -2.88 0.08
0.00012256 -2.96 0.04
0.0001226 -3.04 0.08
0.00012264 -3.2 0.06
0.00012268 -3.28 0.06
0.00012272 -3.44 0.04
0.00012276 -3.52 0.04
0.0001228 -3.6 0.04
0.00012284 -3.76 0.04
0.00012288 -3.84 0.04
0.00012292 -3.92 0.04
0.00012296 -4 0.02
0.000123 -4.08 0.02
0.00012304 -4.24 0.02
0.00012308 -4.24 0.02
0.00012312 -4.4 0.02
0.00012316 -4.48 0.02
0.0001232 -4.56 0.02
0.00012324 -4.64 0
0.00012328 -4.72 0
0.00012332 -4.8 0
0.00012336 -4.88 0
0.0001234 -4.88 0
0.00012344 -5.04 0
0.00012348 -5.12 0
0.00012352 -5.2 0
0.00012356 -5.2 0
0.0001236 -5.28 -0.04
0.00012364 -5.36 -0.04
0.00012368 -5.44 -0.04
0.00012372 -5.44 0
0.00012376 -5.52 -0.04
0.0001238 -5.52 -0.04
0.00012384 -5.52 -0.04
0.00012388 -5.6 -0.06
0.00012392 -5.68 -0.06
0.00012396 -5.76 -0.08
0.000124 -5.84 -0.06
0.00012404 -5.76 -0.08
0.00012408 -5.84 -0.08
0.00012412 -5.84 -0.06
0.00012416 -6 -0.08
0.0001242 -6 -0.08
0.00012424 -6 -0.08
0.00012428 -6 -0.08
0.00012432 -6.08 -0.08
0.00012436 -6.08 -0.08
0.0001244 -6.08 -0.1
0.00012444 -6.08 -0.08
0.00012448 -6.08 -0.1
0.00012452 -6.08 -0.1
0.00012456 -6.08 -0.12
0.0001246 -6.08 -0.1
0.00012464 -6.08 -0.1
0.00012468 -6.08 -0.12
0.00012472 -6.08 -0.12
0.00012476 -6.08 -0.1
0.0001248 -6.08 -0.12
0.00012484 -6.08 -0.12
0.00012488 -6.08 -0.12
0.00012492 -6 -0.14
0.00012496 -6 -0.12
0.000125 -6 -0.12
0.00012504 -5.92 -0.14
0.00012508 -5.84 -0.14
0.00012512 -5.84 -0.16
0.00012516 -5.84 -0.16
0.0001252 -5.84 -0.14
0.00012524 -5.76 -0.16
0.00012528 -5.76 -0.16
0.00012532 -5.68 -0.16
0.00012536 -5.68 -0.16
0.0001254 -5.52 -0.18
0.00012544 -5.52 -0.16
0.00012548 -5.44 -0.16
0.00012552 -5.44 -0.18
0.00012556 -5.36 -0.18
0.0001256 -5.28 -0.16
0.00012564 -5.2 -0.18
0.00012568 -5.2 -0.16
0.00012572 -5.04 -0.18
0.00012576 -5.04 -0.2
0.0001258 -4.96 -0.18
0.00012584 -4.88 -0.18
0.00012588 -4.8 -0.18
0.00012592 -4.72 -0.18
0.00012596 -4.72 -0.2
0.000126 -4.48 -0.18
0.00012604 -4.48 -0.18
0.00012608 -4.4 -0.2
0.00012612 -4.24 -0.2
0.00012616 -4.24 -0.2
0.0001262 -4.08 -0.18
0.00012624 -4 -0.2
0.00012628 -3.92 -0.2
0.00012632 -3.84 -0.2
0.00012636 -3.68 -0.2
0.0001264 -3.6 -0.18
0.00012644 -3.52 -0.22
0.00012648 -3.44 -0.22
0.00012652 -3.28 -0.22
0.00012656 -3.2 -0.2
0.0001266 -3.12 -0.18
0.00012664 -2.96 -0.2
0.00012668 -2.8 -0.2
0.00012672 -2.72 -0.2
0.00012676 -2.56 -0.2
0.0001268 -2.48 -0.2
0.00012684 -2.32 -0.22
0.00012688 -2.24 -0.2
0.00012692 -2.08 -0.2
0.00012696 -2 -0.2
0.000127 -1.92 -0.22
0.00012704 -1.84 -0.22
0.00012708 -1.6 -0.2
0.00012712 -1.52 -0.2
0.00012716 -1.36 -0.2
0.0001272 -1.28 -0.2
0.00012724 -1.2 -0.2
0.00012728 -1.04 -0.2
0.00012732 -0.88 -0.2
0.00012736 -0.72 -0.22
0.0001274 -0.72 -0.2
0.00012744 -0.56 -0.2
0.00012748 -0.4 -0.22
0.00012752 -0.32 -0.2
0.00012756 0 -0.2
0.0001276 0 -0.22
0.00012764 0.24 -0.18
0.00012768 0.32 -0.18
0.00012772 0.4 -0.18
0.00012776 0.56 -0.2
0.0001278 0.72 -0.18
0.00012784 0.88 -0.18
0.00012788 0.96 -0.18
0.00012792 1.12 -0.18
0.00012796 1.12 -0.16
0.000128 1.36 -0.18
0.00012804 1.44 -0.18
0.00012808 1.6 -0.18
0.00012812 1.68 -0.16
0.00012816 1.84 -0.18
0.0001282 1.92 -0.18
0.00012824 2.08 -0.18
0.00012828 2.24 -0.16
0.00012832 2.32 -0.16
0.00012836 2.4 -0.16
0.0001284 2.56 -0.16
0.00012844 2.64 -0.16
0.00012848 2.8 -0.16
0.00012852 2.88 -0.14
0.00012856 2.96 -0.16
0.0001286 3.04 -0.14
0.00012864 3.2 -0.14
0.00012868 3.36 -0.14
0.00012872 3.52 -0.14
0.00012876 3.52 -0.14
0.0001288 3.6 -0.14
0.00012884 3.68 -0.14
0.00012888 3.84 -0.12
0.00012892 3.92 -0.14
0.00012896 4 -0.12
0.000129 4.16 -0.12
0.00012904 4.24 -0.1
0.00012908 4.32 -0.12
0.00012912 4.32 -0.14
0.00012916 4.48 -0.1
0.0001292 4.56 -0.1
0.00012924 4.56 -0.1
0.00012928 4.8 -0.12
0.00012932 4.88 -0.1
0.00012936 4.88 -0.1
0.0001294 4.96 -0.1
0.00012944 5.04 -0.1
0.00012948 5.12 -0.08
0.00012952 5.12 -0.08
0.00012956 5.12 -0.08
0.0001296 5.28 -0.08
0.00012964 5.28 -0.08
0.00012968 5.44 -0.08
0.00012972 5.52 -0.06
0.00012976 5.52 -0.06
0.0001298 5.52 -0.06
0.00012984 5.6 -0.06
0.00012988 5.6 -0.06
0.00012992 5.68 -0.04
0.00012996 5.76 -0.06
0.00013 5.76 -0.04
0.00013004 5.76 -0.06
0.00013008 5.84 0
0.00013012 5.84 0
0.00013016 5.84 -0.04
0.0001302 5.92 0
0.00013024 5.92 0
0.00013028 5.92 0
0.00013032 6 0
0.00013036 6 0
0.0001304 5.92 0
0.00013044 6 0
0.00013048 6 0
0.00013052 6.08 0
0.00013056 6.08 0.02
0.0001306 6 0.02
0.00013064 6.08 0.02
0.00013068 6.08 0.02
0.00013072 6.08 0.02
0.00013076 5.92 0.04
0.0001308 5.92 0.04
0.00013084 5.92 0.04
0.00013088 5.92 0.02
0.00013092 5.92 0.02
0.00013096 5.92 0.04
0.000131 5.84 0.04
0.00013104 5.76 0.04
0.00013108 5.76 0.04
0.00013112 5.84 0.04
0.00013116 5.76 0.04
0.0001312 5.68 0.06
0.00013124 5.6 0.04
0.00013128 5.6 0.04
0.00013132 5.52 0.08
0.00013136 5.44 0.08
0.0001314 5.44 0.08
0.00013144 5.36 0.06
0.00013148 5.28 0.08
0.00013152 5.28 0.08
0.00013156 5.2 0.08
0.0001316 5.12 0.06
0.00013164 5.04 0.08
0.00013168 4.96 0.08
0.00013172 4.96 0.08
0.00013176 4.88 0.08
0.0001318 4.8 0.08
0.00013184 4.72 0.08
0.00013188 4.64 0.1
0.00013192 4.48 0.08
0.00013196 4.48 0.1
0.000132 4.32 0.08
0.00013204 4.24 0.1
0.00013208 4.16 0.1
0.00013212 4 0.08
0.00013216 4 0.1
0.0001322 3.92 0.1
0.00013224 3.84 0.1
0.00013228 3.68 0.1
0.00013232 3.52 0.1
0.00013236 3.52 0.1
0.0001324 3.36 0.1
0.00013244 3.28 0.1
0.00013248 3.2 0.1
0.00013252 3.04 0.1
0.00013256 2.96 0.12
0.0001326 2.88 0.1
0.00013264 2.72 0.1
0.00013268 2.56 0.1
0.00013272 2.56 0.1
0.00013276 2.4 0.12
0.0001328 2.24 0.1
0.00013284 2.16 0.1
0.00013288 2 0.12
0.00013292 1.92 0.12
0.00013296 1.76 0.12
0.000133 1.6 0.1
0.00013304 1.6 0.1
0.00013308 1.36 0.1
0.00013312 1.28 0.1
0.00013316 1.28 0.1
0.0001332 1.04 0.1
0.00013324 0.96 0.1
0.00013328 0.72 0.1
0.00013332 0.64 0.1
0.00013336 0.48 0.08
0.0001334 0.32 0.1
0.00013344 0.32 0.1
0.00013348 0.16 0.1
0.00013352 0.08 0.1
0.00013356 -0.16 0.1
0.0001336 -0.32 0.1
0.00013364 -0.48 0.1
0.00013368 -0.56 0.08
0.00013372 -0.64 0.08
0.00013376 -0.88 0.08
0.0001338 -0.96 0.08
0.00013384 -1.04 0.1
0.00013388 -1.2 0.1
0.00013392 -1.36 0.08
0.00013396 -1.52 0.08
0.000134 -1.6 0.08
0.00013404 -1.68 0.08
0.00013408 -1.84 0.08
0.00013412 -1.92 0.08
0.00013416 -2 0.08
0.0001342 -2.16 0.08
0.00013424 -2.32 0.08
0.00013428 -2.48 0.06
0.00013432 -2.56 0.08
0.00013436 -2.64 0.06
0.0001344 -2.8 0.04
0.00013444 -2.88 0.04
0.00013448 -2.96 0.06
0.00013452 -3.12 0.06
0.00013456 -3.2 0.04
0.0001346 -3.28 0.02
0.00013464 -3.52 0.06
0.00013468 -3.52 0.04
0.00013472 -3.6 0.04
0.00013476 -3.76 0.04
0.0001348 -3.84 0.02
0.00013484 -3.92 0.02
0.00013488 -4 0.04
0.00013492 -4.16 0.02
0.00013496 -4.24 0.02
0.000135 -4.32 0.02
0.00013504 -4.4 0.02
0.00013508 -4.48 0.02
0.00013512 -4.56 0
0.00013516 -4.72 0.02
0.0001352 -4.8 0
0.00013524 -4.8 0
0.00013528 -4.88 0
0.00013532 -4.88 0
0.00013536 -5.04 -0.04
0.0001354 -5.12 0
0.00013544 -5.2 0
0.00013548 -5.2 0
0.00013552 -5.36 0
0.00013556 -5.36 -0.04
0.0001356 -5.44 0
0.00013564 -5.52 -0.06
0.00013568 -5.52 -0.06
0.00013572 -5.52 -0.04
0.00013576 -5.6 -0.04
0.0001358 -5.68 -0.04
0.00013584 -5.68 -0.04
0.00013588 -5.68 -0.04
0.00013592 -5.84 -0.06
0.00013596 -5.84 -0.06
0.000136 -5.92 -0.08
0.00013604 -5.92 -0.08
0.00013608 -6 -0.06
0.00013612 -6 -0.08
0.00013616 -6 -0.08
0.0001362 -6.08 -0.08
0.00013624 -6.08 -0.08
0.00013628 -6.08 -0.1
0.00013632 -6.08 -0.1
0.00013636 -6.08 -0.1
0.0001364 -6.08 -0.1
0.00013644 -6.16 -0.1
0.00013648 -6.08 -0.08
0.00013652 -6.16 -0.1
0.00013656 -6.16 -0.1
0.0001366 -6.08 -0.12
0.00013664 -6.08 -0.1
0.00013668 -6.08 -0.12
0.00013672 -6.16 -0.12
0.00013676 -6.08 -0.14
0.0001368 -6.08 -0.12
0.00013684 -6 -0.12
0.00013688 -6 -0.14
0.00013692 -6 -0.14
0.00013696 -5.84 -0.14
0.000137 -5.84 -0.12
0.00013704 -5.84 -0.16
0.00013708 -5.84 -0.16
0.00013712 -5.76 -0.16
0.00013716 -5.68 -0.16
0.0001372 -5.68 -0.16
0.00013724 -5.68 -0.16
0.00013728 -5.68 -0.16
0.00013732 -5.52 -0.16
0.00013736 -5.52 -0.16
0.0001374 -5.44 -0.16
0.00013744 -5.36 -0.18
0.00013748 -5.36 -0.16
0.00013752 -5.2 -0.16
0.00013756 -5.2 -0.16
0.0001376 -5.12 -0.18
0.00013764 -5.04 -0.18
0.00013768 -4.96 -0.18
0.00013772 -4.88 -0.18
0.00013776 -4.8 -0.18
0.0001378 -4.72 -0.18
0.00013784 -4.72 -0.18
0.00013788 -4.56 -0.18
0.00013792 -4.48 -0.2
0.00013796 -4.4 -0.18
0.000138 -4.32 -0.18
0.00013804 -4.24 -0.18
0.00013808 -4.16 -0.18
0.00013812 -4.08 -0.2
0.00013816 -3.92 -0.18
0.0001382 -3.84 -0.22
0.00013824 -3.68 -0.18
0.00013828 -3.6 -0.22
0.00013832 -3.52 -0.22
0.00013836 -3.44 -0.2
0.0001384 -3.28 -0.2
0.00013844 -3.2 -0.2
0.00013848 -3.12 -0.22
0.00013852 -2.96 -0.22
0.00013856 -2.96 -0.22
0.0001386 -2.8 -0.2
0.00013864 -2.64 -0.22
0.00013868 -2.56 -0.22
0.00013872 -2.48 -0.2
0.00013876 -2.32 -0.22
0.0001388 -2.24 -0.22
0.00013884 -2.08 -0.2
0.00013888 -2 -0.22
0.00013892 -1.84 -0.2
0.00013896 -1.68 -0.22
0.000139 -1.6 -0.22
0.00013904 -1.52 -0.2
0.00013908 -1.36 -0.2
0.00013912 -1.2 -0.2
0.00013916 -1.04 -0.22
0.0001392 -0.96 -0.2
0.00013924 -0.88 -0.22
0.00013928 -0.72 -0.2
0.00013932 -0.64 -0.18
0.00013936 -0.48 -0.22
0.0001394 -0.4 -0.18
0.00013944 -0.24 -0.2
0.00013948 0 -0.18
0.00013952 0.08 -0.2
0.00013956 0.24 -0.18
0.0001396 0.4 -0.18
0.00013964 0.48 -0.22
0.00013968 0.64 -0.18
0.00013972 0.8 -0.2
0.00013976 0.96 -0.18
0.0001398 1.04 -0.18
0.00013984 1.2 -0.18
0.00013988 1.28 -0.18
0.00013992 1.36 -0.18
0.00013996 1.52 -0.18
0.00014 1.6 -0.16
0.00014004 1.68 -0.18
0.00014008 1.92 -0.18
0.00014012 2 -0.18
0.00014016 2.08 -0.16
0.0001402 2.24 -0.16
0.00014024 2.32 -0.16
0.00014028 2.48 -0.18
0.00014032 2.56 -0.14
0.00014036 2.72 -0.16
0.0001404 2.88 -0.16
0.00014044 2.88 -0.14
0.00014048 3.04 -0.16
0.00014052 3.2 -0.14
0.00014056 3.28 -0.14
0.0001406 3.36 -0.14
0.00014064 3.44 -0.14
0.00014068 3.6 -0.14
0.00014072 3.68 -0.14
0.00014076 3.76 -0.14
0.0001408 3.84 -0.14
0.00014084 4 -0.12
0.00014088 4.08 -0.12
0.00014092 4.16 -0.12
0.00014096 4.24 -0.14
0.000141 4.32 -0.12
0.00014104 4.4 -0.12
0.00014108 4.56 -0.1
0.00014112 4.64 -0.1
0.00014116 4.64 -0.12
0.0001412 4.8 -0.1
0.00014124 4.8 -0.08
0.00014128 4.88 -0.08
0.00014132 4.96 -0.1
0.00014136 5.04 -0.08
0.0001414 5.12 -0.1
0.00014144 5.2 -0.08
0.00014148 5.28 -0.08
0.00014152 5.28 -0.08
0.00014156 5.36 -0.06
0.0001416 5.44 -0.06
0.00014164 5.44 -0.06
0.00014168 5.52 -0.08
0.00014172 5.52 -0.08
0.00014176 5.6 -0.04
0.0001418 5.68 -0.06
0.00014184 5.76 -0.06
0.00014188 5.76 -0.06
0.00014192 5.76 -0.04
0.00014196 5.84 -0.04
0.000142 5.84 -0.06
0.00014204 5.92 -0.04
0.00014208 5.92 0
0.00014212 5.92 0
0.00014216 5.92 0
0.0001422 5.92 0
0.00014224 5.92 0
0.00014228 5.92 -0.04
0.00014232 5.92 0
0.00014236 6 0
0.0001424 6 0.02
0.00014244 6 0.02
0.00014248 6.08 0.02
0.00014252 6 0.02
0.00014256 6 0
0.0001426 5.92 0.02
0.00014264 6 0.02
0.00014268 6 0.04
0.00014272 5.92 0.02
0.00014276 5.92 0.02
0.0001428 5.92 0.04
0.00014284 5.92 0.04
0.00014288 5.92 0.04
0.00014292 5.84 0.02
0.00014296 5.84 0.04
0.000143 5.76 0.06
0.00014304 5.76 0.04
0.00014308 5.68 0.06
0.00014312 5.6 0.06
0.00014316 5.6 0.06
0.0001432 5.52 0.06
0.00014324 5.52 0.06
0.00014328 5.44 0.08
0.00014332 5.44 0.08
0.00014336 5.44 0.08
0.0001434 5.28 0.08
0.00014344 5.28 0.08
0.00014348 5.2 0.08
0.00014352 5.12 0.08
0.00014356 5.04 0.08
0.0001436 4.96 0.06
0.00014364 4.88 0.08
0.00014368 4.8 0.1
0.00014372 4.8 0.08
0.00014376 4.64 0.1
0.0001438 4.56 0.08
0.00014384 4.48 0.1
0.00014388 4.4 0.1
0.00014392 4.32 0.1
0.00014396 4.16 0.08
0.000144 4.16 0.08
0.00014404 4 0.1
0.00014408 4 0.1
0.00014412 3.84 0.1
0.00014416 3.84 0.1
0.0001442 3.6 0.1
0.00014424 3.52 0.1
0.00014428 3.44 0.08
0.00014432 3.36 0.1
0.00014436 3.2 0.1
0.0001444 3.12 0.1
0.00014444 2.96 0.1
0.00014448 2.88 0.1
0.00014452 2.88 0.1
0.00014456 2.64 0.1
0.0001446 2.56 0.12
0.00014464 2.4 0.12
0.00014468 2.32 0.1
0.00014472 2.24 0.1
0.00014476 2.08 0.1
0.0001448 1.92 0.1
0.00014484 1.84 0.08
0.00014488 1.76 0.1
0.00014492 1.6 0.1
0.00014496 1.44 0.1
0.000145 1.36 0.1
0.00014504 1.28 0.1
0.00014508 1.12 0.1
0.00014512 0.96 0.1
0.00014516 0.8 0.12
0.0001452 0.72 0.1
0.00014524 0.64 0.1
0.00014528 0.48 0.1
0.00014532 0.32 0.1
0.00014536 0.24 0.1
0.0001454 0.16 0.1
0.00014544 0 0.1
0.00014548 -0.24 0.1
0.00014552 -0.4 0.1
0.00014556 -0.48 0.08
0.0001456 -0.64 0.1
0.00014564 -0.8 0.1
0.00014568 -0.88 0.1
0.00014572 -1.04 0.08
0.00014576 -1.2 0.08
0.0001458 -1.28 0.08
0.00014584 -1.36 0.1
0.00014588 -1.52 0.08
0.00014592 -1.68 0.08
0.00014596 -1.68 0.08
0.000146 -1.84 0.08
0.00014604 -2 0.08
0.00014608 -2.16 0.08
0.00014612 -2.24 0.08
0.00014616 -2.32 0.08
0.0001462 -2.48 0.08
0.00014624 -2.64 0.08
0.00014628 -2.64 0.06
0.00014632 -2.8 0.08
0.00014636 -2.96 0.06
0.0001464 -2.96 0.06
0.00014644 -3.12 0.04
0.00014648 -3.28 0.04
0.00014652 -3.44 0.04
0.00014656 -3.52 0.04
0.0001466 -3.6 0.04
0.00014664 -3.68 0.02
0.00014668 -3.84 0.04
0.00014672 -3.92 0.04
0.00014676 -3.92 0.02
0.0001468 -4.08 0.02
0.00014684 -4.16 0
0.00014688 -4.24 0.02
0.00014692 -4.32 0.02
0.00014696 -4.48 0
0.000147 -4.48 0.02
0.00014704 -4.56 0
0.00014708 -4.72 0
0.00014712 -4.8 0
0.00014716 -4.88 0
0.0001472 -4.88 0
0.00014724 -5.04 0
0.00014728 -5.04 0.02
0.00014732 -5.2 -0.04
0.00014736 -5.2 0
0.0001474 -5.2 0
0.00014744 -5.36 0
0.00014748 -5.44 -0.04
0.00014752 -5.52 -0.06
0.00014756 -5.52 0
0.0001476 -5.52 0
0.00014764 -5.6 -0.04
0.00014768 -5.68 -0.06
0.00014772 -5.76 -0.06
0.00014776 -5.68 -0.06
0.0001478 -5.76 -0.06
0.00014784 -5.76 -0.06
0.00014788 -5.84 -0.06
0.00014792 -5.84 -0.06
0.00014796 -5.92 -0.06
0.000148 -6 -0.08
0.00014804 -6.08 -0.08
0.00014808 -6.08 -0.08
0.00014812 -6.08 -0.08
0.00014816 -6.08 -0.08
0.0001482 -6.08 -0.08
0.00014824 -6.08 -0.1
0.00014828 -6.08 -0.08
0.00014832 -6.08 -0.1
0.00014836 -6.16 -0.1
0.0001484 -6.08 -0.12
0.00014844 -6.16 -0.1
0.00014848 -6.16 -0.1
0.00014852 -6.16 -0.1
0.00014856 -6.08 -0.12
0.0001486 -6.08 -0.12
0.00014864 -6.08 -0.14
0.00014868 -6.08 -0.12
0.00014872 -6 -0.14
0.00014876 -6 -0.14
0.0001488 -6 -0.12
0.00014884 -6 -0.14
0.00014888 -5.92 -0.14
0.00014892 -5.84 -0.16
0.00014896 -5.84 -0.16
0.000149 -5.84 -0.14
0.00014904 -5.76 -0.14
0.00014908 -5.68 -0.16
0.00014912 -5.68 -0.16
0.00014916 -5.68 -0.14
0.0001492 -5.52 -0.16
0.00014924 -5.52 -0.16
0.00014928 -5.44 -0.18
0.00014932 -5.44 -0.16
0.00014936 -5.36 -0.16
0.0001494 -5.28 -0.16
0.00014944 -5.2 -0.18
0.00014948 -5.2 -0.18
0.00014952 -5.12 -0.18
0.00014956 -5.04 -0.18
0.0001496 -4.88 -0.18
0.00014964 -4.88 -0.18
0.00014968 -4.88 -0.18
0.00014972 -4.72 -0.18
0.00014976 -4.64 -0.18
0.0001498 -4.56 -0.2
0.00014984 -4.48 -0.18
0.00014988 -4.4 -0.18
0.00014992 -4.32 -0.2
0.00014996 -4.24 -0.2
0.00015 -4.16 -0.22
0.00015004 -4 -0.18
0.00015008 -3.92 -0.2
0.00015012 -3.84 -0.18
0.00015016 -3.76 -0.2
0.0001502 -3.6 -0.2
0.00015024 -3.6 -0.2
0.00015028 -3.44 -0.18
0.00015032 -3.28 -0.2
0.00015036 -3.2 -0.2
0.0001504 -3.12 -0.18
0.00015044 -2.96 -0.2
0.00015048 -2.88 -0.2
0.00015052 -2.72 -0.22
0.00015056 -2.64 -0.22
0.0001506 -2.48 -0.2
0.00015064 -2.4 -0.2
0.00015068 -2.24 -0.2
0.00015072 -2.16 -0.22
0.00015076 -2 -0.2
0.0001508 -1.92 -0.18
0.00015084 -1.84 -0.2
0.00015088 -1.68 -0.2
0.00015092 -1.6 -0.2
0.00015096 -1.36 -0.2
0.000151 -1.36 -0.2
0.00015104 -1.2 -0.22
0.00015108 -1.04 -0.2
0.00015112 -0.96 -0.2
0.00015116 -0.72 -0.18
0.0001512 -0.64 -0.22
0.00015124 -0.56 -0.22
0.00015128 -0.4 -0.2
0.00015132 -0.32 -0.2
0.00015136 -0.24 -0.2
0.0001514 0 -0.2
0.00015144 0.16 -0.2
0.00015148 0.32 -0.18
0.00015152 0.4 -0.2
0.00015156 0.64 -0.2
0.0001516 0.72 -0.18
0.00015164 0.8 -0.2
0.00015168 0.96 -0.18
0.00015172 1.04 -0.18
0.00015176 1.28 -0.2
0.0001518 1.28 -0.18
0.00015184 1.52 -0.18
0.00015188 1.6 -0.18
0.00015192 1.68 -0.16
0.00015196 1.76 -0.16
0.000152 1.92 -0.16
0.00015204 2 -0.14
0.00015208 2.16 -0.18
0.00015212 2.24 -0.18
0.00015216 2.4 -0.18
0.0001522 2.56 -0.16
0.00015224 2.64 -0.16
0.00015228 2.72 -0.14
0.00015232 2.88 -0.14
0.00015236 2.96 -0.16
0.0001524 3.04 -0.14
0.00015244 3.2 -0.14
0.00015248 3.28 -0.16
0.00015252 3.44 -0.14
0.00015256 3.52 -0.12
0.0001526 3.52 -0.14
0.00015264 3.68 -0.12
0.00015268 3.84 -0.12
0.00015272 3.84 -0.12
0.00015276 4 -0.12
0.0001528 4.08 -0.14
0.00015284 4.24 -0.12
0.00015288 4.24 -0.1
0.00015292 4.32 -0.1
0.00015296 4.48 -0.12
0.000153 4.56 -0.12
0.00015304 4.56 -0.1
0.00015308 4.64 -0.1
0.00015312 4.8 -0.1
0.00015316 4.88 -0.1
0.0001532 4.88 -0.1
0.00015324 4.96 -0.08
0.00015328 5.12 -0.08
0.00015332 5.12 -0.08
0.00015336 5.28 -0.08
0.0001534 5.2 -0.08
0.00015344 5.28 -0.08
0.00015348 5.28 -0.08
0.00015352 5.44 -0.08
0.00015356 5.44 -0.08
0.0001536 5.52 -0.06
0.00015364 5.6 -0.06
0.00015368 5.6 -0.06
0.00015372 5.6 -0.04
0.00015376 5.76 -0.06
0.0001538 5.76 0
0.00015384 5.84 -0.04
0.00015388 5.84 -0.04
0.00015392 5.84 -0.04
0.00015396 5.84 -0.04
0.000154 5.92 0
0.00015404 5.92 0
0.00015408 5.92 -0.04
0.00015412 6 0
0.00015416 5.92 0
0.0001542 6.08 0
0.00015424 6.08 0
0.00015428 6 0
0.00015432 6.08 0.02
0.00015436 6.08 0.02
0.0001544 6.08 0
0.00015444 6.08 0.02
0.00015448 6 0.02
0.00015452 6 0.02
0.00015456 6 0.02
0.0001546 5.92 0.02
0.00015464 5.92 0.02
0.00015468 5.92 0.04
0.00015472 5.92 0.04
0.00015476 5.92 0.04
0.0001548 5.92 0.04
0.00015484 5.84 0.04
0.00015488 5.84 0.06
0.00015492 5.76 0.04
0.00015496 5.76 0.04
0.000155 5.6 0.06
0.00015504 5.68 0.04
0.00015508 5.6 0.06
0.00015512 5.52 0.04
0.00015516 5.52 0.06
0.0001552 5.44 0.08
0.00015524 5.44 0.08
0.00015528 5.36 0.08
0.00015532 5.2 0.06
0.00015536 5.2 0.08
0.0001554 5.12 0.08
0.00015544 5.12 0.08
0.00015548 4.96 0.08
0.00015552 4.96 0.1
0.00015556 4.8 0.08
0.0001556 4.8 0.1
0.00015564 4.8 0.08
0.00015568 4.64 0.08
0.00015572 4.56 0.1
0.00015576 4.48 0.08
0.0001558 4.4 0.08
0.00015584 4.32 0.08
0.00015588 4.16 0.08
0.00015592 4.08 0.1
0.00015596 4 0.1
0.000156 3.92 0.1
0.00015604 3.84 0.1
0.00015608 3.76 0.12
0.00015612 3.68 0.1
0.00015616 3.52 0.1
0.0001562 3.36 0.1
0.00015624 3.28 0.1
0.00015628 3.2 0.1
0.00015632 3.04 0.1
0.00015636 3.04 0.1
0.0001564 2.88 0.1
0.00015644 2.72 0.12
0.00015648 2.64 0.12
0.00015652 2.56 0.1
0.00015656 2.4 0.12
0.0001566 2.32 0.1
0.00015664 2.16 0.1
0.00015668 2 0.1
0.00015672 1.92 0.1
0.00015676 1.76 0.1
0.0001568 1.68 0.1
0.00015684 1.6 0.1
0.00015688 1.44 0.1
0.00015692 1.36 0.1
0.00015696 1.2 0.1
0.000157 1.12 0.1
0.00015704 0.96 0.1
0.00015708 0.8 0.1
0.00015712 0.64 0.1
0.00015716 0.56 0.1
0.0001572 0.4 0.1
0.00015724 0.32 0.1
0.00015728 0.16 0.1
0.00015732 0.08 0.1
0.00015736 0 0.1
0.0001574 -0.24 0.08
0.00015744 -0.4 0.08
0.00015748 -0.56 0.1
0.00015752 -0.64 0.1
0.00015756 -0.8 0.08
0.0001576 -0.88 0.08
0.00015764 -1.04 0.08
0.00015768 -1.2 0.1
0.00015772 -1.28 0.08
0.00015776 -1.52 0.08
0.0001578 -1.52 0.1
0.00015784 -1.68 0.08
0.00015788 -1.84 0.08
0.00015792 -1.84 0.06
0.00015796 -2 0.08
0.000158 -2.16 0.08
0.00015804 -2.32 0.06
0.00015808 -2.32 0.08
0.00015812 -2.48 0.06
0.00015816 -2.64 0.04
0.0001582 -2.64 0.08
0.00015824 -2.88 0.04
0.00015828 -2.96 0.06
0.00015832 -2.96 0.04
0.00015836 -3.2 0.06
0.0001584 -3.28 0.04
0.00015844 -3.44 0.04
0.00015848 -3.52 0.04
0.00015852 -3.6 0.04
0.00015856 -3.6 0.04
0.0001586 -3.84 0.04
0.00015864 -3.92 0.04
0.00015868 -4 0.04
0.00015872 -4.08 0.02
0.00015876 -4.24 0.04
0.0001588 -4.24 0.02
0.00015884 -4.4 0.02
0.00015888 -4.48 0.02
0.00015892 -4.56 0.02
0.00015896 -4.64 0
0.000159 -4.72 0
0.00015904 -4.8 0.02
0.00015908 -4.88 0
0.00015912 -4.88 0.02
0.00015916 -5.04 -0.04
0.0001592 -5.12 -0.04
0.00015924 -5.2 -0.04
0.00015928 -5.2 0
0.00015932 -5.36 0
0.00015936 -5.36 -0.04
0.0001594 -5.44 -0.04
0.00015944 -5.44 0
0.00015948 -5.52 0
0.00015952 -5.52 -0.04
0.00015956 -5.6 -0.06
0.0001596 -5.68 -0.06
0.00015964 -5.68 -0.06
0.00015968 -5.76 -0.06
0.00015972 -5.84 -0.08
0.00015976 -5.84 -0.08
0.0001598 -5.84 -0.08
0.00015984 -6 -0.08
0.00015988 -6 -0.08
0.00015992 -6 -0.08
0.00015996 -6.08 -0.08
