0 -4.72 -1.16
4e-08 -4.72 -1.16
8e-08 4.32 0.42
1.2e-07 4.24 0.42
1.6e-07 4.16 0.4
2e-07 4.16 0.4
2.4e-07 4.08 0.36
2.8e-07 4 0.34
3.2e-07 3.92 0.34
3.6e-07 3.92 0.32
4e-07 3.92 0.32
4.4e-07 3.84 0.3
4.8e-07 3.68 0.28
5.2e-07 3.68 0.26
5.6e-07 3.6 0.24
6e-07 3.52 0.22
6.4e-07 3.44 0.2
6.8e-07 3.36 0.2
7.2e-07 3.28 0.18
7.6e-07 3.28 0.16
8e-07 3.2 0.14
8.4e-07 3.04 0.12
8.8e-07 3.04 0.12
9.2e-07 2.96 0.1
9.6e-07 2.88 0.08
1e-06 2.88 0.08
1.04e-06 2.72 0.06
1.08e-06 2.64 0.04
1.12e-06 2.56 0
1.16e-06 2.56 0
1.2e-06 2.4 -0.04
1.24e-06 2.32 -0.04
1.28e-06 2.24 -0.06
1.32e-06 2.24 -0.1
1.36e-06 2.24 -0.1
1.4e-06 2 -0.1
1.44e-06 1.92 -0.12
1.48e-06 1.92 -0.16
1.52e-06 1.84 -0.16
1.56e-06 1.68 -0.18
1.6e-06 1.6 -0.2
1.64e-06 1.6 -0.22
1.68e-06 1.44 -0.22
1.72e-06 1.36 -0.24
1.76e-06 1.28 -0.24
1.8e-06 1.28 -0.28
1.84e-06 1.12 -0.3
1.88e-06 1.04 -0.34
1.92e-06 0.96 -0.32
1.96e-06 0.96 -0.34
2e-06 0.8 -0.36
2.04e-06 0.72 -0.4
2.08e-06 0.64 -0.38
2.12e-06 0.48 -0.38
2.16e-06 0.4 -0.44
2.2e-06 0.4 -0.44
2.24e-06 0.32 -0.48
2.28e-06 0.24 -0.46
2.32e-06 0.16 -0.48
2.36e-06 0 -0.5
2.4e-06 0 -0.5
2.44e-06 -0.16 -0.52
2.48e-06 -0.32 -0.56
2.52e-06 -0.4 -0.58
2.56e-06 -0.4 -0.58
2.6e-06 -0.56 -0.58
2.64e-06 -0.64 -0.62
2.68e-06 -0.64 -0.64
2.72e-06 -0.88 -0.66
2.76e-06 -0.88 -0.66
2.8e-06 -1.04 -0.68
2.84e-06 -1.04 -0.68
2.88e-06 -1.12 -0.7
2.92e-06 -1.2 -0.72
2.96e-06 -1.36 -0.72
3e-06 -1.36 -0.74
3.04e-06 -1.52 -0.76
3.08e-06 -1.52 -0.78
3.12e-06 -1.6 -0.78
3.16e-06 -1.68 -0.8
3.2e-06 -1.84 -0.8
3.24e-06 -1.92 -0.82
3.28e-06 -2 -0.86
3.32e-06 -2 -0.84
3.36e-06 -2.16 -0.84
3.4e-06 -2.24 -0.88
3.44e-06 -2.32 -0.88
3.48e-06 -2.32 -0.9
3.52e-06 -2.48 -0.9
3.56e-06 -2.48 -0.9
3.6e-06 -2.64 -0.92
3.64e-06 -2.64 -0.94
3.68e-06 -2.8 -0.94
3.72e-06 -2.8 -0.96
3.76e-06 -2.88 -0.98
3.8e-06 -2.96 -0.98
3.84e-06 -3.04 -0.98
3.88e-06 -3.12 -0.98
3.92e-06 -3.28 -1
3.96e-06 -3.28 -1.02
4e-06 -3.44 -1.02
4.04e-06 -3.44 -1.02
4.08e-06 -3.44 -1.04
4.12e-06 -3.6 -1.04
4.16e-06 -3.6 -1.06
4.2e-06 -3.76 -1.06
4.24e-06 -3.76 -1.08
4.28e-06 -3.84 -1.08
4.32e-06 -3.92 -1.1
4.36e-06 -3.92 -1.08
4.4e-06 -4 -1.1
4.44e-06 -4.08 -1.1
4.48e-06 -4.16 -1.12
4.52e-06 -4.16 -1.12
4.56e-06 -4.24 -1.12
4.6e-06 -4.32 -1.12
4.64e-06 -4.4 -1.14
4.68e-06 -4.48 -1.16
4.72e-06 -4.48 -1.16
4.76e-06 -4.56 -1.16
4.8e-06 -4.64 -1.16
4.84e-06 -4.64 -1.16
4.88e-06 -4.72 -1.16
4.92e-06 -4.8 -1.18
4.96e-06 -4.88 -1.16
5e-06 -4.88 -1.2
5.04e-06 -4.88 -1.18
5.08e-06 -4.88 -1.18
5.12e-06 -5.04 -1.18
5.16e-06 -5.04 -1.2
5.2e-06 -5.12 -1.2
5.24e-06 -5.12 -1.2
5.28e-06 -5.2 -1.2
5.32e-06 -5.2 -1.2
5.36e-06 -5.2 -1.22
5.4e-06 -5.28 -1.22
5.44e-06 -5.36 -1.2
5.48e-06 -5.36 -1.2
5.52e-06 -5.44 -1.2
5.56e-06 -5.44 -1.22
5.6e-06 -5.52 -1.22
5.64e-06 -5.52 -1.2
5.68e-06 -5.52 -1.2
5.72e-06 -5.52 -1.22
5.76e-06 -5.6 -1.22
5.8e-06 -5.52 -1.2
5.84e-06 -5.68 -1.2
5.88e-06 -5.68 -1.2
5.92e-06 -5.68 -1.2
5.96e-06 -5.76 -1.2
6e-06 -5.76 -1.2
6.04e-06 -5.76 -1.2
6.08e-06 -5.76 -1.2
6.12e-06 -5.84 -1.18
6.16e-06 -5.84 -1.18
6.2e-06 -5.84 -1.18
6.24e-06 -5.84 -1.18
6.28e-06 -5.84 -1.18
6.32e-06 -5.84 -1.16
6.36e-06 -5.84 -1.14
6.4e-06 -5.92 -1.14
6.44e-06 -5.92 -1.16
6.48e-06 -6 -1.14
6.52e-06 -5.92 -1.12
6.56e-06 -5.92 -1.12
6.6e-06 -6 -1.14
6.64e-06 -5.84 -1.12
6.68e-06 -5.84 -1.12
6.72e-06 -5.84 -1.1
6.76e-06 -6 -1.1
6.8e-06 -5.92 -1.1
6.84e-06 -6 -1.08
6.88e-06 -6 -1.06
6.92e-06 -5.92 -1.06
6.96e-06 -5.84 -1.06
7e-06 -5.92 -1.06
7.04e-06 -5.84 -1.04
7.08e-06 -5.84 -1.04
7.12e-06 -5.84 -1.02
7.16e-06 -5.84 -1.02
7.2e-06 -5.76 -1
7.24e-06 -5.84 -0.98
7.28e-06 -5.84 -1
7.32e-06 -5.76 -0.98
7.36e-06 -5.76 -0.96
7.4e-06 -5.76 -0.96
7.44e-06 -5.68 -0.94
7.48e-06 -5.68 -0.94
7.52e-06 -5.6 -0.94
7.56e-06 -5.68 -0.94
7.6e-06 -5.68 -0.9
7.64e-06 -5.52 -0.9
7.68e-06 -5.52 -0.9
7.72e-06 -5.52 -0.88
7.76e-06 -5.52 -0.86
7.8e-06 -5.44 -0.84
7.84e-06 -5.44 -0.84
7.88e-06 -5.36 -0.84
7.92e-06 -5.36 -0.82
7.96e-06 -5.36 -0.78
8e-06 -5.2 -0.78
8.04e-06 -5.2 -0.78
8.08e-06 -5.2 -0.76
8.12e-06 -5.12 -0.74
8.16e-06 -5.12 -0.74
8.2e-06 -5.12 -0.72
8.24e-06 -5.04 -0.72
8.28e-06 -4.96 -0.7
8.32e-06 -4.88 -0.66
8.36e-06 -4.88 -0.66
8.4e-06 -4.88 -0.66
8.44e-06 -4.8 -0.62
8.48e-06 -4.72 -0.62
8.52e-06 -4.72 -0.62
8.56e-06 -4.64 -0.58
8.6e-06 -4.56 -0.58
8.64e-06 -4.48 -0.56
8.68e-06 -4.48 -0.54
8.72e-06 -4.4 -0.52
8.76e-06 -4.4 -0.5
8.8e-06 -4.24 -0.5
8.84e-06 -4.24 -0.48
8.88e-06 -4.24 -0.48
8.92e-06 -4.16 -0.46
8.96e-06 -4.08 -0.44
9e-06 -4 -0.4
9.04e-06 -3.92 -0.4
9.08e-06 -3.84 -0.4
9.12e-06 -3.84 -0.38
9.16e-06 -3.76 -0.34
9.2e-06 -3.6 -0.32
9.24e-06 -3.6 -0.32
9.28e-06 -3.52 -0.32
9.32e-06 -3.44 -0.3
9.36e-06 -3.44 -0.26
9.4e-06 -3.28 -0.26
9.44e-06 -3.2 -0.24
9.48e-06 -3.12 -0.22
9.52e-06 -3.12 -0.22
9.56e-06 -3.04 -0.2
9.6e-06 -2.96 -0.18
9.64e-06 -2.96 -0.16
9.68e-06 -2.8 -0.14
9.72e-06 -2.8 -0.12
9.76e-06 -2.64 -0.12
9.8e-06 -2.56 -0.08
9.84e-06 -2.48 -0.08
9.88e-06 -2.48 -0.06
9.92e-06 -2.32 -0.04
9.96e-06 -2.24 0
1e-05 -2.16 0
1.004e-05 -2.16 0.02
1.008e-05 -2 0.04
1.012e-05 -1.92 0.04
1.016e-05 -1.92 0.06
1.02e-05 -1.84 0.08
1.024e-05 -1.68 0.12
1.028e-05 -1.6 0.12
1.032e-05 -1.6 0.14
1.036e-05 -1.52 0.16
1.04e-05 -1.36 0.18
1.044e-05 -1.28 0.18
1.048e-05 -1.2 0.2
1.052e-05 -1.04 0.22
1.056e-05 -1.04 0.24
1.06e-05 -0.88 0.24
1.064e-05 -0.88 0.28
1.068e-05 -0.72 0.26
1.072e-05 -0.64 0.32
1.076e-05 -0.56 0.32
1.08e-05 -0.56 0.34
1.084e-05 -0.4 0.34
1.088e-05 -0.32 0.36
1.092e-05 -0.24 0.38
1.096e-05 -0.24 0.4
1.1e-05 0 0.4
1.104e-05 0 0.42
1.108e-05 0.16 0.44
1.112e-05 0.32 0.46
1.116e-05 0.32 0.46
1.12e-05 0.4 0.48
1.124e-05 0.48 0.5
1.128e-05 0.64 0.52
1.132e-05 0.72 0.54
1.136e-05 0.72 0.54
1.14e-05 0.8 0.56
1.144e-05 0.96 0.56
1.148e-05 1.04 0.6
1.152e-05 1.12 0.6
1.156e-05 1.12 0.62
1.16e-05 1.28 0.64
1.164e-05 1.28 0.64
1.168e-05 1.44 0.66
1.172e-05 1.52 0.66
1.176e-05 1.6 0.66
1.18e-05 1.6 0.68
1.184e-05 1.68 0.7
1.188e-05 1.84 0.72
1.192e-05 1.92 0.72
1.196e-05 2 0.74
1.2e-05 2.08 0.76
1.204e-05 2.16 0.76
1.208e-05 2.24 0.76
1.212e-05 2.32 0.78
1.216e-05 2.32 0.82
1.22e-05 2.4 0.82
1.224e-05 2.56 0.82
1.228e-05 2.64 0.82
1.232e-05 2.64 0.84
1.236e-05 2.72 0.84
1.24e-05 2.88 0.88
1.244e-05 2.88 0.86
1.248e-05 2.96 0.88
1.252e-05 3.04 0.9
1.256e-05 3.2 0.92
1.26e-05 3.28 0.92
1.264e-05 3.28 0.94
1.268e-05 3.36 0.92
1.272e-05 3.36 0.96
1.276e-05 3.52 0.96
1.28e-05 3.52 0.96
1.284e-05 3.6 0.96
1.288e-05 3.68 0.98
1.292e-05 3.84 0.98
1.296e-05 3.84 0.98
1.3e-05 3.92 0.98
1.304e-05 3.92 1
1.308e-05 4 1
1.312e-05 4 1.02
1.316e-05 4.16 1.04
1.32e-05 4.16 1.04
1.324e-05 4.24 1.04
1.328e-05 4.32 1.04
1.332e-05 4.32 1.04
1.336e-05 4.48 1.06
1.34e-05 4.48 1.06
1.344e-05 4.48 1.06
1.348e-05 4.56 1.06
1.352e-05 4.64 1.06
1.356e-05 4.64 1.06
1.36e-05 4.8 1.08
1.364e-05 4.8 1.08
1.368e-05 4.88 1.08
1.372e-05 4.88 1.08
1.376e-05 4.88 1.12
1.38e-05 4.96 1.1
1.384e-05 5.12 1.08
1.388e-05 5.12 1.1
1.392e-05 5.12 1.08
1.396e-05 5.12 1.1
1.4e-05 5.2 1.08
1.404e-05 5.2 1.12
1.408e-05 5.28 1.1
1.412e-05 5.28 1.1
1.416e-05 5.36 1.12
1.42e-05 5.44 1.1
1.424e-05 5.44 1.1
1.428e-05 5.44 1.1
1.432e-05 5.44 1.1
1.436e-05 5.52 1.1
1.44e-05 5.52 1.1
1.444e-05 5.52 1.1
1.448e-05 5.6 1.1
1.452e-05 5.6 1.1
1.456e-05 5.6 1.08
1.46e-05 5.6 1.08
1.464e-05 5.68 1.08
1.468e-05 5.68 1.1
1.472e-05 5.76 1.08
1.476e-05 5.76 1.08
1.48e-05 5.76 1.08
1.484e-05 5.76 1.08
1.488e-05 5.76 1.06
1.492e-05 5.76 1.06
1.496e-05 5.76 1.06
1.5e-05 5.76 1.04
1.504e-05 5.84 1.06
1.508e-05 5.76 1.04
1.512e-05 5.84 1.04
1.516e-05 5.84 1.04
1.52e-05 5.84 1.04
1.524e-05 5.84 1.04
1.528e-05 5.84 1.02
1.532e-05 5.84 1.02
1.536e-05 5.84 1.02
1.54e-05 5.92 1
1.544e-05 5.84 0.98
1.548e-05 5.84 0.98
1.552e-05 5.84 0.98
1.556e-05 5.84 0.98
1.56e-05 5.84 0.96
1.564e-05 5.76 0.94
1.568e-05 5.76 0.94
1.572e-05 5.76 0.96
1.576e-05 5.76 0.94
1.58e-05 5.76 0.9
1.584e-05 5.76 0.9
1.588e-05 5.76 0.9
1.592e-05 5.76 0.88
1.596e-05 5.76 0.88
1.6e-05 5.6 0.88
1.604e-05 5.6 0.88
1.608e-05 5.6 0.86
1.612e-05 5.52 0.82
1.616e-05 5.52 0.82
1.62e-05 5.52 0.8
1.624e-05 5.52 0.82
1.628e-05 5.44 0.78
1.632e-05 5.44 0.78
1.636e-05 5.44 0.76
1.64e-05 5.44 0.76
1.644e-05 5.36 0.74
1.648e-05 5.36 0.72
1.652e-05 5.44 0.7
1.656e-05 5.2 0.7
1.66e-05 5.2 0.72
1.664e-05 5.2 0.68
1.668e-05 5.12 0.66
1.672e-05 5.12 0.66
1.676e-05 5.12 0.64
1.68e-05 4.96 0.64
1.684e-05 4.96 0.6
1.688e-05 4.88 0.6
1.692e-05 4.88 0.58
1.696e-05 4.88 0.58
1.7e-05 4.8 0.56
1.704e-05 4.72 0.54
1.708e-05 4.64 0.54
1.712e-05 4.64 0.5
1.716e-05 4.56 0.5
1.72e-05 4.48 0.48
1.724e-05 4.48 0.46
1.728e-05 4.48 0.44
1.732e-05 4.32 0.44
1.736e-05 4.32 0.42
1.74e-05 4.16 0.4
1.744e-05 4.16 0.38
1.748e-05 4.16 0.38
1.752e-05 4 0.36
1.756e-05 4 0.34
1.76e-05 3.92 0.32
1.764e-05 3.84 0.32
1.768e-05 3.84 0.32
1.772e-05 3.76 0.28
1.776e-05 3.68 0.26
1.78e-05 3.52 0.24
1.784e-05 3.52 0.24
1.788e-05 3.52 0.22
1.792e-05 3.36 0.2
1.796e-05 3.36 0.2
1.8e-05 3.2 0.16
1.804e-05 3.2 0.16
1.808e-05 3.12 0.12
1.812e-05 3.04 0.1
1.816e-05 2.96 0.1
1.82e-05 2.88 0.1
1.824e-05 2.88 0.08
1.828e-05 2.88 0.04
1.832e-05 2.72 0.04
1.836e-05 2.56 0.02
1.84e-05 2.56 0
1.844e-05 2.4 0
1.848e-05 2.32 -0.06
1.852e-05 2.32 -0.06
1.856e-05 2.24 -0.08
1.86e-05 2.08 -0.1
1.864e-05 2 -0.12
1.868e-05 1.92 -0.14
1.872e-05 1.84 -0.14
1.876e-05 1.92 -0.16
1.88e-05 1.76 -0.2
1.884e-05 1.6 -0.18
1.888e-05 1.6 -0.22
1.892e-05 1.52 -0.24
1.896e-05 1.36 -0.24
1.9e-05 1.28 -0.26
1.904e-05 1.28 -0.28
1.908e-05 1.12 -0.3
1.912e-05 1.12 -0.32
1.916e-05 0.96 -0.34
1.92e-05 0.96 -0.34
1.924e-05 0.8 -0.36
1.928e-05 0.72 -0.38
1.932e-05 0.64 -0.4
1.936e-05 0.48 -0.42
1.94e-05 0.48 -0.42
1.944e-05 0.4 -0.42
1.948e-05 0.32 -0.44
1.952e-05 0.16 -0.48
1.956e-05 0.16 -0.48
1.96e-05 0.08 -0.5
1.964e-05 0 -0.52
1.968e-05 -0.24 -0.54
1.972e-05 -0.32 -0.56
1.976e-05 -0.4 -0.56
1.98e-05 -0.4 -0.58
1.984e-05 -0.56 -0.58
1.988e-05 -0.64 -0.62
1.992e-05 -0.72 -0.62
1.996e-05 -0.88 -0.64
2e-05 -0.88 -0.64
2.004e-05 -0.96 -0.68
2.008e-05 -1.04 -0.7
2.012e-05 -1.12 -0.68
2.016e-05 -1.2 -0.72
2.02e-05 -1.28 -0.74
2.024e-05 -1.36 -0.74
2.028e-05 -1.52 -0.76
2.032e-05 -1.52 -0.76
2.036e-05 -1.6 -0.78
2.04e-05 -1.68 -0.8
2.044e-05 -1.84 -0.8
2.048e-05 -1.92 -0.84
2.052e-05 -2 -0.82
2.056e-05 -2.08 -0.84
2.06e-05 -2.16 -0.84
2.064e-05 -2.24 -0.86
2.068e-05 -2.32 -0.88
2.072e-05 -2.48 -0.9
2.076e-05 -2.4 -0.9
2.08e-05 -2.48 -0.9
2.084e-05 -2.64 -0.92
2.088e-05 -2.64 -0.94
2.092e-05 -2.8 -0.96
2.096e-05 -2.88 -0.96
2.1e-05 -2.88 -0.96
2.104e-05 -2.96 -0.98
2.108e-05 -3.04 -0.98
2.112e-05 -3.12 -1.02
2.116e-05 -3.2 -1.02
2.12e-05 -3.28 -1.02
2.124e-05 -3.28 -1.02
2.128e-05 -3.44 -1.02
2.132e-05 -3.52 -1.06
2.136e-05 -3.52 -1.04
2.14e-05 -3.6 -1.06
2.144e-05 -3.6 -1.06
2.148e-05 -3.76 -1.08
2.152e-05 -3.76 -1.1
2.156e-05 -3.92 -1.08
2.16e-05 -3.92 -1.1
2.164e-05 -4 -1.1
2.168e-05 -4.08 -1.1
2.172e-05 -4.16 -1.12
2.176e-05 -4.24 -1.12
2.18e-05 -4.24 -1.12
2.184e-05 -4.24 -1.14
2.188e-05 -4.4 -1.14
2.192e-05 -4.48 -1.14
2.196e-05 -4.56 -1.16
2.2e-05 -4.56 -1.16
2.204e-05 -4.56 -1.18
2.208e-05 -4.72 -1.16
2.212e-05 -4.72 -1.18
2.216e-05 -4.8 -1.18
2.22e-05 -4.88 -1.2
2.224e-05 -4.88 -1.18
2.228e-05 -4.88 -1.18
2.232e-05 -4.96 -1.2
2.236e-05 -5.04 -1.2
2.24e-05 -5.04 -1.2
2.244e-05 -5.04 -1.2
2.248e-05 -5.12 -1.2
2.252e-05 -5.2 -1.2
2.256e-05 -5.2 -1.2
2.26e-05 -5.2 -1.2
2.264e-05 -5.2 -1.2
2.268e-05 -5.28 -1.22
2.272e-05 -5.36 -1.22
2.276e-05 -5.36 -1.2
2.28e-05 -5.44 -1.2
2.284e-05 -5.52 -1.2
2.288e-05 -5.52 -1.2
2.292e-05 -5.52 -1.22
2.296e-05 -5.52 -1.2
2.3e-05 -5.52 -1.2
2.304e-05 -5.68 -1.22
2.308e-05 -5.6 -1.2
2.312e-05 -5.68 -1.2
2.316e-05 -5.68 -1.2
2.32e-05 -5.68 -1.2
2.324e-05 -5.68 -1.2
2.328e-05 -5.76 -1.2
2.332e-05 -5.84 -1.2
2.336e-05 -5.84 -1.18
2.34e-05 -5.84 -1.18
2.344e-05 -5.84 -1.18
2.348e-05 -5.84 -1.18
2.352e-05 -5.84 -1.14
2.356e-05 -5.84 -1.16
2.36e-05 -5.84 -1.16
2.364e-05 -5.84 -1.14
2.368e-05 -5.92 -1.14
2.372e-05 -5.84 -1.14
2.376e-05 -5.92 -1.14
2.38e-05 -6 -1.14
2.384e-05 -6 -1.12
2.388e-05 -5.84 -1.12
2.392e-05 -5.92 -1.12
2.396e-05 -5.92 -1.12
2.4e-05 -5.84 -1.1
2.404e-05 -6 -1.1
2.408e-05 -5.92 -1.08
2.412e-05 -5.92 -1.08
2.416e-05 -5.92 -1.08
2.42e-05 -5.84 -1.06
2.424e-05 -5.84 -1.04
2.428e-05 -5.84 -1.04
2.432e-05 -5.84 -1.04
2.436e-05 -5.84 -1.04
2.44e-05 -5.84 -1.02
2.444e-05 -5.84 -1.02
2.448e-05 -5.84 -1
2.452e-05 -5.84 -0.98
2.456e-05 -5.76 -0.98
2.46e-05 -5.76 -0.96
2.464e-05 -5.68 -0.98
2.468e-05 -5.76 -0.96
2.472e-05 -5.68 -0.94
2.476e-05 -5.68 -0.94
2.48e-05 -5.6 -0.94
2.484e-05 -5.52 -0.92
2.488e-05 -5.6 -0.9
2.492e-05 -5.52 -0.9
2.496e-05 -5.52 -0.88
2.5e-05 -5.44 -0.88
2.504e-05 -5.44 -0.86
2.508e-05 -5.44 -0.84
2.512e-05 -5.44 -0.82
2.516e-05 -5.36 -0.82
2.52e-05 -5.36 -0.8
2.524e-05 -5.28 -0.78
2.528e-05 -5.2 -0.76
2.532e-05 -5.2 -0.76
2.536e-05 -5.2 -0.74
2.54e-05 -5.12 -0.74
2.544e-05 -5.04 -0.72
2.548e-05 -5.04 -0.72
2.552e-05 -4.96 -0.7
2.556e-05 -4.88 -0.68
2.56e-05 -4.88 -0.66
2.564e-05 -4.88 -0.64
2.568e-05 -4.8 -0.64
2.572e-05 -4.72 -0.64
2.576e-05 -4.64 -0.6
2.58e-05 -4.64 -0.58
2.584e-05 -4.56 -0.56
2.588e-05 -4.56 -0.56
2.592e-05 -4.48 -0.54
2.596e-05 -4.4 -0.54
2.6e-05 -4.32 -0.5
2.604e-05 -4.24 -0.5
2.608e-05 -4.24 -0.5
2.612e-05 -4.16 -0.46
2.616e-05 -4.16 -0.46
2.62e-05 -4.08 -0.42
2.624e-05 -4 -0.42
2.628e-05 -3.84 -0.4
2.632e-05 -3.84 -0.4
2.636e-05 -3.76 -0.36
2.64e-05 -3.76 -0.36
2.644e-05 -3.6 -0.34
2.648e-05 -3.6 -0.32
2.652e-05 -3.52 -0.3
2.656e-05 -3.44 -0.28
2.66e-05 -3.36 -0.3
2.664e-05 -3.28 -0.26
2.668e-05 -3.2 -0.24
2.672e-05 -3.12 -0.22
2.676e-05 -3.12 -0.22
2.68e-05 -3.04 -0.2
2.684e-05 -2.96 -0.18
2.688e-05 -2.88 -0.16
2.692e-05 -2.8 -0.14
2.696e-05 -2.72 -0.14
2.7e-05 -2.56 -0.12
2.704e-05 -2.56 -0.08
2.708e-05 -2.48 -0.08
2.712e-05 -2.48 -0.06
2.716e-05 -2.32 -0.06
2.72e-05 -2.24 -0.04
2.724e-05 -2.24 0
2.728e-05 -2.16 0.02
2.732e-05 -2 0.02
2.736e-05 -1.92 0.04
2.74e-05 -1.92 0.08
2.744e-05 -1.68 0.1
2.748e-05 -1.68 0.08
2.752e-05 -1.6 0.1
2.756e-05 -1.52 0.14
2.76e-05 -1.44 0.16
2.764e-05 -1.36 0.18
2.768e-05 -1.28 0.18
2.772e-05 -1.28 0.2
2.776e-05 -1.04 0.22
2.78e-05 -1.04 0.24
2.784e-05 -0.96 0.24
2.788e-05 -0.88 0.26
2.792e-05 -0.8 0.28
2.796e-05 -0.72 0.3
2.8e-05 -0.64 0.32
2.804e-05 -0.56 0.32
2.808e-05 -0.4 0.36
2.812e-05 -0.4 0.36
2.816e-05 -0.32 0.38
2.82e-05 -0.16 0.38
2.824e-05 0 0.4
2.828e-05 0.08 0.44
2.832e-05 0.16 0.42
2.836e-05 0.32 0.46
2.84e-05 0.32 0.48
2.844e-05 0.4 0.5
2.848e-05 0.48 0.52
2.852e-05 0.64 0.5
2.856e-05 0.64 0.52
2.86e-05 0.72 0.56
2.864e-05 0.88 0.56
2.868e-05 0.96 0.58
2.872e-05 1.04 0.6
2.876e-05 1.12 0.6
2.88e-05 1.2 0.62
2.884e-05 1.28 0.64
2.888e-05 1.28 0.64
2.892e-05 1.44 0.64
2.896e-05 1.6 0.66
2.9e-05 1.6 0.68
2.904e-05 1.68 0.7
2.908e-05 1.76 0.72
2.912e-05 1.84 0.72
2.916e-05 1.92 0.72
2.92e-05 2 0.74
2.924e-05 2.08 0.76
2.928e-05 2.08 0.76
2.932e-05 2.24 0.8
2.936e-05 2.24 0.8
2.94e-05 2.4 0.82
2.944e-05 2.4 0.8
2.948e-05 2.56 0.82
2.952e-05 2.56 0.84
2.956e-05 2.72 0.84
2.96e-05 2.72 0.84
2.964e-05 2.88 0.86
2.968e-05 2.88 0.88
2.972e-05 2.96 0.88
2.976e-05 3.04 0.88
2.98e-05 3.2 0.92
2.984e-05 3.28 0.92
2.988e-05 3.28 0.92
2.992e-05 3.36 0.94
2.996e-05 3.36 0.94
3e-05 3.52 0.96
3.004e-05 3.6 0.96
3.008e-05 3.6 0.98
3.012e-05 3.68 0.96
3.016e-05 3.76 0.96
3.02e-05 3.84 1
3.024e-05 3.84 0.98
3.028e-05 4 1
3.032e-05 4 1
3.036e-05 4.08 1.02
3.04e-05 4.16 1.04
3.044e-05 4.16 1.04
3.048e-05 4.24 1.04
3.052e-05 4.32 1.04
3.056e-05 4.4 1.04
3.06e-05 4.48 1.04
3.064e-05 4.48 1.04
3.068e-05 4.48 1.04
3.072e-05 4.64 1.06
3.076e-05 4.64 1.06
3.08e-05 4.64 1.08
3.084e-05 4.8 1.06
3.088e-05 4.8 1.08
3.092e-05 4.8 1.08
3.096e-05 4.88 1.1
3.1e-05 4.96 1.08
3.104e-05 5.04 1.08
3.108e-05 5.04 1.08
3.112e-05 5.12 1.1
3.116e-05 5.12 1.1
3.12e-05 5.12 1.1
3.124e-05 5.12 1.08
3.128e-05 5.2 1.1
3.132e-05 5.28 1.1
3.136e-05 5.28 1.1
3.14e-05 5.28 1.1
3.144e-05 5.36 1.1
3.148e-05 5.44 1.1
3.152e-05 5.44 1.12
3.156e-05 5.44 1.1
3.16e-05 5.44 1.12
3.164e-05 5.44 1.1
3.168e-05 5.52 1.08
3.172e-05 5.52 1.1
3.176e-05 5.6 1.08
3.18e-05 5.6 1.1
3.184e-05 5.6 1.08
3.188e-05 5.6 1.08
3.192e-05 5.6 1.06
3.196e-05 5.68 1.08
3.2e-05 5.76 1.08
3.204e-05 5.76 1.08
3.208e-05 5.76 1.06
3.212e-05 5.76 1.06
3.216e-05 5.76 1.06
3.22e-05 5.76 1.06
3.224e-05 5.76 1.06
3.228e-05 5.76 1.06
3.232e-05 5.76 1.04
3.236e-05 5.84 1.04
3.24e-05 5.84 1.02
3.244e-05 5.84 1.04
3.248e-05 5.84 1.04
3.252e-05 5.84 1.02
3.256e-05 5.84 1.02
3.26e-05 5.84 0.98
3.264e-05 5.84 1
3.268e-05 5.84 0.98
3.272e-05 5.84 1
3.276e-05 5.84 0.96
3.28e-05 5.76 0.96
3.284e-05 5.84 0.96
3.288e-05 5.76 0.96
3.292e-05 5.76 0.94
3.296e-05 5.76 0.94
3.3e-05 5.76 0.92
3.304e-05 5.76 0.9
3.308e-05 5.76 0.9
3.312e-05 5.76 0.9
3.316e-05 5.76 0.88
3.32e-05 5.68 0.88
3.324e-05 5.68 0.88
3.328e-05 5.68 0.86
3.332e-05 5.6 0.84
3.336e-05 5.6 0.84
3.34e-05 5.52 0.84
3.344e-05 5.52 0.82
3.348e-05 5.44 0.8
3.352e-05 5.44 0.8
3.356e-05 5.44 0.78
3.36e-05 5.44 0.76
3.364e-05 5.44 0.76
3.368e-05 5.44 0.74
3.372e-05 5.36 0.74
3.376e-05 5.28 0.72
3.38e-05 5.2 0.72
3.384e-05 5.2 0.68
3.388e-05 5.2 0.7
3.392e-05 5.12 0.68
3.396e-05 5.12 0.66
3.4e-05 5.04 0.64
3.404e-05 5.12 0.62
3.408e-05 4.96 0.62
3.412e-05 4.96 0.6
3.416e-05 4.88 0.6
3.42e-05 4.8 0.58
3.424e-05 4.8 0.56
3.428e-05 4.72 0.56
3.432e-05 4.64 0.52
3.436e-05 4.64 0.52
3.44e-05 4.56 0.5
3.444e-05 4.48 0.5
3.448e-05 4.48 0.48
3.452e-05 4.4 0.44
3.456e-05 4.32 0.44
3.46e-05 4.24 0.42
3.464e-05 4.24 0.4
3.468e-05 4.16 0.4
3.472e-05 4.16 0.36
3.476e-05 4 0.34
3.48e-05 4 0.36
3.484e-05 3.92 0.32
3.488e-05 3.84 0.32
3.492e-05 3.84 0.28
3.496e-05 3.68 0.28
3.5e-05 3.68 0.28
3.504e-05 3.6 0.26
3.508e-05 3.52 0.24
3.512e-05 3.52 0.22
3.516e-05 3.36 0.18
3.52e-05 3.36 0.2
3.524e-05 3.28 0.16
3.528e-05 3.2 0.14
3.532e-05 3.2 0.16
3.536e-05 3.04 0.12
3.54e-05 2.96 0.1
3.544e-05 2.88 0.08
3.548e-05 2.88 0.08
3.552e-05 2.72 0.04
3.556e-05 2.56 0.04
3.56e-05 2.56 0.02
3.564e-05 2.56 0
3.568e-05 2.4 0
3.572e-05 2.4 -0.04
3.576e-05 2.32 -0.06
3.58e-05 2.24 -0.08
3.584e-05 2.08 -0.1
3.588e-05 2 -0.1
3.592e-05 1.92 -0.12
3.596e-05 1.92 -0.14
3.6e-05 1.76 -0.16
3.604e-05 1.68 -0.2
3.608e-05 1.6 -0.18
3.612e-05 1.6 -0.24
3.616e-05 1.44 -0.22
3.62e-05 1.36 -0.26
3.624e-05 1.28 -0.26
3.628e-05 1.28 -0.28
3.632e-05 1.12 -0.3
3.636e-05 1.04 -0.32
3.64e-05 0.96 -0.32
3.644e-05 0.96 -0.34
3.648e-05 0.8 -0.38
3.652e-05 0.72 -0.4
3.656e-05 0.64 -0.4
3.66e-05 0.48 -0.4
3.664e-05 0.48 -0.44
3.668e-05 0.4 -0.46
3.672e-05 0.32 -0.44
3.676e-05 0.16 -0.48
3.68e-05 0.08 -0.48
3.684e-05 0.08 -0.5
3.688e-05 0 -0.54
3.692e-05 -0.24 -0.54
3.696e-05 -0.32 -0.56
3.7e-05 -0.4 -0.56
3.704e-05 -0.4 -0.58
3.708e-05 -0.56 -0.58
3.712e-05 -0.64 -0.6
3.716e-05 -0.64 -0.64
3.72e-05 -0.8 -0.64
3.724e-05 -0.88 -0.66
3.728e-05 -0.96 -0.66
3.732e-05 -1.04 -0.68
3.736e-05 -1.12 -0.7
3.74e-05 -1.2 -0.7
3.744e-05 -1.28 -0.72
3.748e-05 -1.36 -0.72
3.752e-05 -1.52 -0.74
3.756e-05 -1.52 -0.78
3.76e-05 -1.68 -0.78
3.764e-05 -1.68 -0.78
3.768e-05 -1.76 -0.8
3.772e-05 -1.92 -0.8
3.776e-05 -2 -0.84
3.78e-05 -2 -0.86
3.784e-05 -2.16 -0.84
3.788e-05 -2.24 -0.86
3.792e-05 -2.32 -0.88
3.796e-05 -2.32 -0.88
3.8e-05 -2.48 -0.9
3.804e-05 -2.56 -0.9
3.808e-05 -2.64 -0.92
3.812e-05 -2.64 -0.94
3.816e-05 -2.8 -0.96
3.82e-05 -2.8 -0.96
3.824e-05 -2.96 -0.96
3.828e-05 -2.96 -0.98
3.832e-05 -3.12 -0.98
3.836e-05 -3.12 -1
3.84e-05 -3.2 -1
3.844e-05 -3.28 -1
3.848e-05 -3.28 -1.02
3.852e-05 -3.44 -1.02
3.856e-05 -3.52 -1.02
3.86e-05 -3.6 -1.04
3.864e-05 -3.6 -1.06
3.868e-05 -3.68 -1.06
3.872e-05 -3.76 -1.06
3.876e-05 -3.76 -1.08
3.88e-05 -3.92 -1.08
3.884e-05 -3.92 -1.08
3.888e-05 -4 -1.1
3.892e-05 -4.08 -1.1
3.896e-05 -4.16 -1.12
3.9e-05 -4.24 -1.12
3.904e-05 -4.24 -1.14
3.908e-05 -4.4 -1.12
3.912e-05 -4.4 -1.14
3.916e-05 -4.4 -1.14
3.92e-05 -4.48 -1.14
3.924e-05 -4.56 -1.14
3.928e-05 -4.56 -1.16
3.932e-05 -4.72 -1.18
3.936e-05 -4.72 -1.18
3.94e-05 -4.8 -1.18
3.944e-05 -4.8 -1.18
3.948e-05 -4.88 -1.18
3.952e-05 -4.96 -1.2
3.956e-05 -4.88 -1.2
3.96e-05 -5.04 -1.18
3.964e-05 -5.04 -1.18
3.968e-05 -5.12 -1.2
3.972e-05 -5.12 -1.22
3.976e-05 -5.2 -1.2
3.98e-05 -5.2 -1.2
3.984e-05 -5.28 -1.2
3.988e-05 -5.28 -1.2
3.992e-05 -5.36 -1.2
3.996e-05 -5.36 -1.2
4e-05 -5.44 -1.22
4.004e-05 -5.44 -1.22
4.008e-05 -5.52 -1.2
4.012e-05 -5.52 -1.2
4.016e-05 -5.52 -1.2
4.02e-05 -5.6 -1.2
4.024e-05 -5.68 -1.2
4.028e-05 -5.6 -1.2
4.032e-05 -5.6 -1.2
4.036e-05 -5.68 -1.2
4.04e-05 -5.76 -1.2
4.044e-05 -5.68 -1.2
4.048e-05 -5.68 -1.2
4.052e-05 -5.76 -1.18
4.056e-05 -5.76 -1.2
4.06e-05 -5.76 -1.2
4.064e-05 -5.84 -1.18
4.068e-05 -5.84 -1.18
4.072e-05 -5.84 -1.18
4.076e-05 -5.84 -1.18
4.08e-05 -5.84 -1.16
4.084e-05 -5.84 -1.14
4.088e-05 -5.92 -1.16
4.092e-05 -5.92 -1.14
4.096e-05 -5.92 -1.14
4.1e-05 -5.84 -1.12
4.104e-05 -5.92 -1.12
4.108e-05 -5.92 -1.12
4.112e-05 -6 -1.12
4.116e-05 -6 -1.12
4.12e-05 -6 -1.1
4.124e-05 -5.92 -1.1
4.128e-05 -6 -1.1
4.132e-05 -5.84 -1.08
4.136e-05 -5.84 -1.06
4.14e-05 -5.92 -1.06
4.144e-05 -5.92 -1.06
4.148e-05 -5.84 -1.06
4.152e-05 -5.84 -1.06
4.156e-05 -5.84 -1.04
4.16e-05 -5.84 -1.04
4.164e-05 -5.84 -1.02
4.168e-05 -5.84 -1.02
4.172e-05 -5.84 -1
4.176e-05 -5.76 -0.98
4.18e-05 -5.76 -1
4.184e-05 -5.68 -0.96
4.188e-05 -5.76 -0.96
4.192e-05 -5.76 -0.96
4.196e-05 -5.68 -0.94
4.2e-05 -5.68 -0.94
4.204e-05 -5.6 -0.92
4.208e-05 -5.68 -0.9
4.212e-05 -5.52 -0.9
4.216e-05 -5.52 -0.9
4.22e-05 -5.52 -0.9
4.224e-05 -5.52 -0.86
4.228e-05 -5.44 -0.86
4.232e-05 -5.44 -0.84
4.236e-05 -5.44 -0.84
4.24e-05 -5.36 -0.8
4.244e-05 -5.36 -0.8
4.248e-05 -5.28 -0.8
4.252e-05 -5.2 -0.78
4.256e-05 -5.2 -0.78
4.26e-05 -5.2 -0.74
4.264e-05 -5.12 -0.74
4.268e-05 -5.12 -0.72
4.272e-05 -5.04 -0.72
4.276e-05 -5.04 -0.7
4.28e-05 -4.88 -0.68
4.284e-05 -4.88 -0.68
4.288e-05 -4.8 -0.66
4.292e-05 -4.8 -0.64
4.296e-05 -4.72 -0.62
4.3e-05 -4.72 -0.58
4.304e-05 -4.72 -0.6
4.308e-05 -4.56 -0.58
4.312e-05 -4.56 -0.56
4.316e-05 -4.48 -0.54
4.32e-05 -4.4 -0.54
4.324e-05 -4.4 -0.52
4.328e-05 -4.32 -0.5
4.332e-05 -4.24 -0.48
4.336e-05 -4.16 -0.46
4.34e-05 -4.16 -0.46
4.344e-05 -4.08 -0.44
4.348e-05 -4 -0.42
4.352e-05 -3.92 -0.4
4.356e-05 -3.92 -0.38
4.36e-05 -3.84 -0.36
4.364e-05 -3.76 -0.38
4.368e-05 -3.6 -0.32
4.372e-05 -3.6 -0.32
4.376e-05 -3.52 -0.3
4.38e-05 -3.44 -0.3
4.384e-05 -3.44 -0.26
4.388e-05 -3.28 -0.26
4.392e-05 -3.28 -0.24
4.396e-05 -3.2 -0.24
4.4e-05 -3.12 -0.22
4.404e-05 -3.04 -0.2
4.408e-05 -2.96 -0.2
4.412e-05 -2.96 -0.16
4.416e-05 -2.8 -0.16
4.42e-05 -2.72 -0.12
4.424e-05 -2.64 -0.1
4.428e-05 -2.56 -0.1
4.432e-05 -2.56 -0.08
4.436e-05 -2.48 -0.06
4.44e-05 -2.32 -0.04
4.444e-05 -2.32 0
4.448e-05 -2.24 0
4.452e-05 -2.16 0.02
4.456e-05 -2.08 0.04
4.46e-05 -1.92 0.04
4.464e-05 -1.84 0.06
4.468e-05 -1.76 0.08
4.472e-05 -1.68 0.1
4.476e-05 -1.68 0.12
4.48e-05 -1.6 0.12
4.484e-05 -1.52 0.16
4.488e-05 -1.36 0.18
4.492e-05 -1.36 0.2
4.496e-05 -1.2 0.2
4.5e-05 -1.12 0.22
4.504e-05 -1.04 0.24
4.508e-05 -0.96 0.26
4.512e-05 -0.96 0.26
4.516e-05 -0.72 0.28
4.52e-05 -0.72 0.28
4.524e-05 -0.64 0.32
4.528e-05 -0.56 0.32
4.532e-05 -0.4 0.34
4.536e-05 -0.4 0.36
4.54e-05 -0.24 0.36
4.544e-05 -0.16 0.4
4.548e-05 0 0.4
4.552e-05 0 0.4
4.556e-05 0.16 0.44
4.56e-05 0.24 0.44
4.564e-05 0.32 0.46
4.568e-05 0.4 0.48
4.572e-05 0.48 0.5
4.576e-05 0.48 0.52
4.58e-05 0.64 0.52
4.584e-05 0.72 0.56
4.588e-05 0.8 0.56
4.592e-05 0.88 0.58
4.596e-05 1.04 0.6
4.6e-05 1.12 0.6
4.604e-05 1.2 0.62
4.608e-05 1.28 0.64
4.612e-05 1.28 0.66
4.616e-05 1.44 0.64
4.62e-05 1.44 0.68
4.624e-05 1.6 0.66
4.628e-05 1.6 0.68
4.632e-05 1.68 0.72
4.636e-05 1.76 0.72
4.64e-05 1.92 0.72
4.644e-05 2 0.76
4.648e-05 2 0.76
4.652e-05 2.08 0.76
4.656e-05 2.24 0.76
4.66e-05 2.32 0.8
4.664e-05 2.4 0.8
4.668e-05 2.4 0.82
4.672e-05 2.56 0.82
4.676e-05 2.64 0.84
4.68e-05 2.72 0.84
4.684e-05 2.8 0.84
4.688e-05 2.88 0.88
4.692e-05 2.88 0.86
4.696e-05 2.96 0.88
4.7e-05 3.04 0.9
4.704e-05 3.12 0.9
4.708e-05 3.2 0.92
4.712e-05 3.28 0.92
4.716e-05 3.36 0.94
4.72e-05 3.44 0.94
4.724e-05 3.52 0.96
4.728e-05 3.52 0.96
4.732e-05 3.68 0.96
4.736e-05 3.68 0.98
4.74e-05 3.76 0.98
4.744e-05 3.84 0.98
4.748e-05 3.84 0.98
4.752e-05 3.92 0.98
4.756e-05 4 1.02
4.76e-05 4.08 1.02
4.764e-05 4.16 1.04
4.768e-05 4.16 1.04
4.772e-05 4.24 1.04
4.776e-05 4.24 1.04
4.78e-05 4.32 1.04
4.784e-05 4.48 1.06
4.788e-05 4.48 1.04
4.792e-05 4.56 1.08
4.796e-05 4.56 1.06
4.8e-05 4.64 1.06
4.804e-05 4.72 1.06
4.808e-05 4.8 1.06
4.812e-05 4.8 1.08
4.816e-05 4.88 1.08
4.82e-05 4.88 1.08
4.824e-05 4.88 1.08
4.828e-05 4.96 1.1
4.832e-05 4.96 1.08
4.836e-05 5.12 1.08
4.84e-05 5.12 1.1
4.844e-05 5.12 1.1
4.848e-05 5.2 1.1
4.852e-05 5.2 1.08
4.856e-05 5.2 1.08
4.86e-05 5.28 1.1
4.864e-05 5.36 1.1
4.868e-05 5.44 1.12
4.872e-05 5.36 1.08
4.876e-05 5.44 1.1
4.88e-05 5.44 1.1
4.884e-05 5.52 1.1
4.888e-05 5.52 1.1
4.892e-05 5.52 1.08
4.896e-05 5.6 1.1
4.9e-05 5.6 1.1
4.904e-05 5.6 1.1
4.908e-05 5.6 1.08
4.912e-05 5.6 1.08
4.916e-05 5.68 1.08
4.92e-05 5.6 1.08
4.924e-05 5.76 1.08
4.928e-05 5.76 1.08
4.932e-05 5.76 1.08
4.936e-05 5.76 1.08
4.94e-05 5.76 1.06
4.944e-05 5.76 1.06
4.948e-05 5.84 1.06
4.952e-05 5.84 1.06
4.956e-05 5.84 1.04
4.96e-05 5.84 1.04
4.964e-05 5.84 1.04
4.968e-05 5.84 1.04
4.972e-05 5.84 1.02
4.976e-05 5.84 1.02
4.98e-05 5.84 1
4.984e-05 5.84 1
4.988e-05 5.84 1
4.992e-05 5.84 1
4.996e-05 5.84 0.98
5e-05 5.84 0.98
5.004e-05 5.84 0.96
5.008e-05 5.84 0.96
5.012e-05 5.84 0.94
5.016e-05 5.76 0.94
5.02e-05 5.76 0.96
5.024e-05 5.76 0.92
5.028e-05 5.76 0.9
5.032e-05 5.76 0.9
5.036e-05 5.76 0.9
5.04e-05 5.76 0.9
5.044e-05 5.68 0.88
5.048e-05 5.6 0.84
5.052e-05 5.6 0.86
5.056e-05 5.6 0.86
5.06e-05 5.6 0.84
5.064e-05 5.52 0.82
5.068e-05 5.52 0.82
5.072e-05 5.52 0.8
5.076e-05 5.44 0.8
5.08e-05 5.44 0.78
5.084e-05 5.44 0.76
5.088e-05 5.44 0.76
5.092e-05 5.44 0.74
5.096e-05 5.28 0.74
5.1e-05 5.28 0.72
5.104e-05 5.28 0.72
5.108e-05 5.2 0.7
5.112e-05 5.12 0.68
5.116e-05 5.12 0.66
5.12e-05 5.12 0.64
5.124e-05 4.96 0.66
5.128e-05 4.96 0.64
5.132e-05 4.96 0.62
5.136e-05 4.88 0.6
5.14e-05 4.88 0.58
5.144e-05 4.8 0.58
5.148e-05 4.8 0.56
5.152e-05 4.8 0.56
5.156e-05 4.72 0.5
5.16e-05 4.64 0.5
5.164e-05 4.56 0.5
5.168e-05 4.48 0.48
5.172e-05 4.48 0.46
5.176e-05 4.4 0.44
5.18e-05 4.32 0.46
5.184e-05 4.32 0.42
5.188e-05 4.24 0.4
5.192e-05 4.24 0.4
5.196e-05 4.16 0.36
5.2e-05 4 0.36
5.204e-05 4 0.34
5.208e-05 3.92 0.32
5.212e-05 3.84 0.32
5.216e-05 3.84 0.3
5.22e-05 3.76 0.28
5.224e-05 3.68 0.26
5.228e-05 3.6 0.26
5.232e-05 3.52 0.24
5.236e-05 3.52 0.24
5.24e-05 3.36 0.2
5.244e-05 3.28 0.18
5.248e-05 3.28 0.16
5.252e-05 3.2 0.16
5.256e-05 3.04 0.14
5.26e-05 3.04 0.1
5.264e-05 2.96 0.1
5.268e-05 2.88 0.08
5.272e-05 2.72 0.08
5.276e-05 2.72 0.04
5.28e-05 2.72 0.04
5.284e-05 2.56 0.02
5.288e-05 2.56 0
5.292e-05 2.4 0
5.296e-05 2.32 -0.04
5.3e-05 2.24 -0.06
5.304e-05 2.24 -0.06
5.308e-05 2.08 -0.1
5.312e-05 2.08 -0.1
5.316e-05 2 -0.14
5.32e-05 1.92 -0.14
5.324e-05 1.84 -0.16
5.328e-05 1.68 -0.2
5.332e-05 1.6 -0.22
5.336e-05 1.6 -0.22
5.34e-05 1.44 -0.22
5.344e-05 1.44 -0.24
5.348e-05 1.36 -0.26
5.352e-05 1.28 -0.26
5.356e-05 1.12 -0.3
5.36e-05 1.04 -0.3
5.364e-05 0.96 -0.32
5.368e-05 0.96 -0.34
5.372e-05 0.8 -0.36
5.376e-05 0.72 -0.38
5.38e-05 0.64 -0.38
5.384e-05 0.48 -0.42
5.388e-05 0.48 -0.42
5.392e-05 0.4 -0.44
5.396e-05 0.32 -0.46
5.4e-05 0.32 -0.48
5.404e-05 0.16 -0.48
5.408e-05 0.08 -0.5
5.412e-05 0 -0.5
5.416e-05 -0.24 -0.54
5.42e-05 -0.24 -0.54
5.424e-05 -0.4 -0.58
5.428e-05 -0.4 -0.56
5.432e-05 -0.56 -0.58
5.436e-05 -0.64 -0.62
5.44e-05 -0.72 -0.62
5.444e-05 -0.72 -0.62
5.448e-05 -0.88 -0.64
5.452e-05 -0.96 -0.66
5.456e-05 -1.04 -0.68
5.46e-05 -1.12 -0.7
5.464e-05 -1.2 -0.7
5.468e-05 -1.36 -0.72
5.472e-05 -1.36 -0.74
5.476e-05 -1.52 -0.74
5.48e-05 -1.6 -0.78
5.484e-05 -1.68 -0.78
5.488e-05 -1.68 -0.8
5.492e-05 -1.84 -0.8
5.496e-05 -1.84 -0.82
5.5e-05 -1.92 -0.82
5.504e-05 -2 -0.84
5.508e-05 -2.16 -0.86
5.512e-05 -2.24 -0.86
5.516e-05 -2.24 -0.88
5.52e-05 -2.32 -0.88
5.524e-05 -2.4 -0.9
5.528e-05 -2.48 -0.92
5.532e-05 -2.56 -0.92
5.536e-05 -2.64 -0.92
5.54e-05 -2.8 -0.94
5.544e-05 -2.88 -0.96
5.548e-05 -2.88 -0.96
5.552e-05 -2.96 -0.96
5.556e-05 -3.12 -1
5.56e-05 -3.12 -1
5.564e-05 -3.28 -1
5.568e-05 -3.28 -1
5.572e-05 -3.28 -1.02
5.576e-05 -3.44 -1.04
5.58e-05 -3.52 -1.04
5.584e-05 -3.52 -1.06
5.588e-05 -3.6 -1.06
5.592e-05 -3.6 -1.06
5.596e-05 -3.76 -1.06
5.6e-05 -3.84 -1.1
5.604e-05 -3.84 -1.1
5.608e-05 -3.92 -1.1
5.612e-05 -3.92 -1.12
5.616e-05 -4.08 -1.12
5.62e-05 -4.16 -1.1
5.624e-05 -4.16 -1.1
5.628e-05 -4.24 -1.12
5.632e-05 -4.32 -1.12
5.636e-05 -4.4 -1.14
5.64e-05 -4.4 -1.14
5.644e-05 -4.48 -1.14
5.648e-05 -4.56 -1.14
5.652e-05 -4.56 -1.16
5.656e-05 -4.64 -1.14
5.66e-05 -4.72 -1.16
5.664e-05 -4.72 -1.18
5.668e-05 -4.88 -1.18
5.672e-05 -4.88 -1.18
5.676e-05 -4.88 -1.18
5.68e-05 -4.96 -1.18
5.684e-05 -4.96 -1.2
5.688e-05 -5.04 -1.18
5.692e-05 -5.12 -1.18
5.696e-05 -5.12 -1.2
5.7e-05 -5.2 -1.2
5.704e-05 -5.2 -1.2
5.708e-05 -5.2 -1.22
5.712e-05 -5.28 -1.2
5.716e-05 -5.36 -1.2
5.72e-05 -5.36 -1.22
5.724e-05 -5.36 -1.22
5.728e-05 -5.44 -1.22
5.732e-05 -5.52 -1.2
5.736e-05 -5.52 -1.22
5.74e-05 -5.52 -1.2
5.744e-05 -5.52 -1.2
5.748e-05 -5.52 -1.2
5.752e-05 -5.68 -1.2
5.756e-05 -5.68 -1.2
5.76e-05 -5.68 -1.18
5.764e-05 -5.68 -1.18
5.768e-05 -5.76 -1.2
5.772e-05 -5.76 -1.2
5.776e-05 -5.68 -1.2
5.78e-05 -5.84 -1.18
5.784e-05 -5.84 -1.18
5.788e-05 -5.84 -1.18
5.792e-05 -5.84 -1.2
5.796e-05 -5.84 -1.18
5.8e-05 -5.84 -1.18
5.804e-05 -5.84 -1.16
5.808e-05 -5.84 -1.14
5.812e-05 -5.84 -1.16
5.816e-05 -5.92 -1.14
5.82e-05 -5.84 -1.14
5.824e-05 -5.84 -1.14
5.828e-05 -5.92 -1.14
5.832e-05 -5.92 -1.14
5.836e-05 -6 -1.12
5.84e-05 -6 -1.12
5.844e-05 -6 -1.12
5.848e-05 -6 -1.1
5.852e-05 -6 -1.1
5.856e-05 -6 -1.08
5.86e-05 -5.92 -1.08
5.864e-05 -5.92 -1.06
5.868e-05 -5.84 -1.06
5.872e-05 -5.84 -1.04
5.876e-05 -5.84 -1.06
5.88e-05 -5.84 -1.04
5.884e-05 -5.84 -1.02
5.888e-05 -5.84 -1.02
5.892e-05 -5.84 -1
5.896e-05 -5.84 -1
5.9e-05 -5.76 -1
5.904e-05 -5.76 -0.98
5.908e-05 -5.76 -0.96
5.912e-05 -5.76 -0.96
5.916e-05 -5.68 -0.96
5.92e-05 -5.68 -0.94
5.924e-05 -5.68 -0.92
5.928e-05 -5.68 -0.92
5.932e-05 -5.6 -0.9
5.936e-05 -5.52 -0.9
5.94e-05 -5.52 -0.88
5.944e-05 -5.52 -0.88
5.948e-05 -5.52 -0.88
5.952e-05 -5.44 -0.86
5.956e-05 -5.44 -0.84
5.96e-05 -5.36 -0.82
5.964e-05 -5.36 -0.82
5.968e-05 -5.36 -0.8
5.972e-05 -5.2 -0.8
5.976e-05 -5.2 -0.78
5.98e-05 -5.2 -0.76
5.984e-05 -5.2 -0.74
5.988e-05 -5.2 -0.72
5.992e-05 -5.12 -0.72
5.996e-05 -5.04 -0.7
6e-05 -4.88 -0.7
6.004e-05 -4.88 -0.68
6.008e-05 -4.88 -0.66
6.012e-05 -4.88 -0.66
6.016e-05 -4.8 -0.64
6.02e-05 -4.72 -0.64
6.024e-05 -4.72 -0.6
6.028e-05 -4.72 -0.58
6.032e-05 -4.56 -0.58
6.036e-05 -4.56 -0.56
6.04e-05 -4.48 -0.56
6.044e-05 -4.4 -0.5
6.048e-05 -4.4 -0.5
6.052e-05 -4.24 -0.5
6.056e-05 -4.24 -0.5
6.06e-05 -4.16 -0.46
6.064e-05 -4.08 -0.46
6.068e-05 -4.08 -0.44
6.072e-05 -3.92 -0.42
6.076e-05 -3.92 -0.42
6.08e-05 -3.84 -0.4
6.084e-05 -3.84 -0.38
6.088e-05 -3.76 -0.36
6.092e-05 -3.6 -0.34
6.096e-05 -3.6 -0.34
6.1e-05 -3.52 -0.3
6.104e-05 -3.44 -0.28
6.108e-05 -3.44 -0.28
6.112e-05 -3.36 -0.26
6.116e-05 -3.28 -0.24
6.12e-05 -3.2 -0.22
6.124e-05 -3.12 -0.22
6.128e-05 -3.04 -0.2
6.132e-05 -2.96 -0.18
6.136e-05 -2.88 -0.16
6.14e-05 -2.8 -0.14
6.144e-05 -2.72 -0.14
6.148e-05 -2.64 -0.1
6.152e-05 -2.56 -0.08
6.156e-05 -2.56 -0.06
6.16e-05 -2.48 -0.08
6.164e-05 -2.32 -0.04
6.168e-05 -2.24 0
6.172e-05 -2.24 0
6.176e-05 -2.16 0.02
6.18e-05 -2 0.04
6.184e-05 -1.92 0.06
6.188e-05 -1.84 0.08
6.192e-05 -1.76 0.08
6.196e-05 -1.68 0.1
6.2e-05 -1.6 0.12
6.204e-05 -1.6 0.16
6.208e-05 -1.44 0.16
6.212e-05 -1.36 0.16
6.216e-05 -1.28 0.2
6.22e-05 -1.2 0.2
6.224e-05 -1.12 0.24
6.228e-05 -1.04 0.24
6.232e-05 -0.96 0.24
6.236e-05 -0.88 0.26
6.24e-05 -0.72 0.28
6.244e-05 -0.72 0.32
6.248e-05 -0.64 0.32
6.252e-05 -0.48 0.32
6.256e-05 -0.4 0.34
6.26e-05 -0.32 0.36
6.264e-05 -0.32 0.38
6.268e-05 -0.24 0.4
6.272e-05 0 0.4
6.276e-05 0.08 0.42
6.28e-05 0.16 0.42
6.284e-05 0.24 0.44
6.288e-05 0.32 0.46
6.292e-05 0.4 0.48
6.296e-05 0.48 0.5
6.3e-05 0.64 0.5
6.304e-05 0.64 0.54
6.308e-05 0.72 0.54
6.312e-05 0.8 0.56
6.316e-05 0.96 0.58
6.32e-05 0.96 0.58
6.324e-05 1.04 0.6
6.328e-05 1.12 0.62
6.332e-05 1.28 0.64
6.336e-05 1.28 0.64
6.34e-05 1.44 0.66
6.344e-05 1.44 0.66
6.348e-05 1.6 0.68
6.352e-05 1.6 0.68
6.356e-05 1.76 0.7
6.36e-05 1.84 0.72
6.364e-05 1.92 0.74
6.368e-05 1.92 0.74
6.372e-05 2.08 0.76
6.376e-05 2.16 0.76
6.38e-05 2.24 0.78
6.384e-05 2.32 0.8
6.388e-05 2.4 0.8
6.392e-05 2.56 0.8
6.396e-05 2.56 0.82
6.4e-05 2.64 0.84
6.404e-05 2.64 0.84
6.408e-05 2.8 0.84
6.412e-05 2.88 0.86
6.416e-05 2.88 0.88
6.42e-05 2.96 0.9
6.424e-05 3.04 0.9
6.428e-05 3.12 0.9
6.432e-05 3.2 0.92
6.436e-05 3.28 0.94
6.44e-05 3.36 0.94
6.444e-05 3.44 0.94
6.448e-05 3.52 0.94
6.452e-05 3.52 0.98
6.456e-05 3.68 0.98
6.46e-05 3.68 0.96
6.464e-05 3.76 0.96
6.468e-05 3.84 0.98
6.472e-05 3.92 1
6.476e-05 3.92 1
6.48e-05 4 1
6.484e-05 4.08 1.02
6.488e-05 4.16 1.04
6.492e-05 4.24 1.04
6.496e-05 4.16 1.02
6.5e-05 4.24 1.04
6.504e-05 4.32 1.04
6.508e-05 4.48 1.06
6.512e-05 4.48 1.06
6.516e-05 4.56 1.06
6.52e-05 4.56 1.06
6.524e-05 4.56 1.08
6.528e-05 4.72 1.08
6.532e-05 4.8 1.06
6.536e-05 4.8 1.08
6.54e-05 4.88 1.08
6.544e-05 4.88 1.1
6.548e-05 4.96 1.1
6.552e-05 4.96 1.1
6.556e-05 4.96 1.08
6.56e-05 5.12 1.1
6.564e-05 5.12 1.1
6.568e-05 5.12 1.1
6.572e-05 5.12 1.1
6.576e-05 5.2 1.12
6.58e-05 5.28 1.1
6.584e-05 5.28 1.12
6.588e-05 5.28 1.1
6.592e-05 5.44 1.1
6.596e-05 5.44 1.1
6.6e-05 5.44 1.1
6.604e-05 5.44 1.12
6.608e-05 5.52 1.08
6.612e-05 5.52 1.12
6.616e-05 5.52 1.1
6.62e-05 5.52 1.1
6.624e-05 5.6 1.1
6.628e-05 5.6 1.1
6.632e-05 5.6 1.1
6.636e-05 5.68 1.08
6.64e-05 5.76 1.1
6.644e-05 5.76 1.08
6.648e-05 5.76 1.08
6.652e-05 5.76 1.06
6.656e-05 5.76 1.06
6.66e-05 5.76 1.06
6.664e-05 5.76 1.06
6.668e-05 5.76 1.06
6.672e-05 5.84 1.06
6.676e-05 5.84 1.06
6.68e-05 5.84 1.06
6.684e-05 5.76 1.04
6.688e-05 5.76 1.04
6.692e-05 5.84 1
6.696e-05 5.76 1.02
6.7e-05 5.84 1.04
6.704e-05 5.84 1.02
6.708e-05 5.84 1
6.712e-05 5.84 0.98
6.716e-05 5.84 1
6.72e-05 5.84 1
6.724e-05 5.84 0.98
6.728e-05 5.76 0.96
6.732e-05 5.84 0.96
6.736e-05 5.76 0.96
6.74e-05 5.84 0.94
6.744e-05 5.84 0.92
6.748e-05 5.76 0.92
6.752e-05 5.76 0.92
6.756e-05 5.76 0.9
6.76e-05 5.76 0.9
6.764e-05 5.76 0.88
6.768e-05 5.76 0.88
6.772e-05 5.6 0.88
6.776e-05 5.6 0.88
6.78e-05 5.6 0.84
6.784e-05 5.6 0.84
6.788e-05 5.52 0.82
6.792e-05 5.52 0.82
6.796e-05 5.52 0.8
6.8e-05 5.44 0.76
6.804e-05 5.44 0.78
6.808e-05 5.44 0.78
6.812e-05 5.44 0.76
6.816e-05 5.28 0.72
6.82e-05 5.28 0.72
6.824e-05 5.28 0.74
6.828e-05 5.28 0.72
6.832e-05 5.2 0.7
6.836e-05 5.12 0.68
6.84e-05 5.12 0.68
6.844e-05 5.12 0.68
6.848e-05 5.12 0.64
6.852e-05 4.96 0.62
6.856e-05 4.96 0.6
6.86e-05 4.88 0.62
6.864e-05 4.88 0.6
6.868e-05 4.8 0.58
6.872e-05 4.8 0.56
6.876e-05 4.8 0.56
6.88e-05 4.72 0.52
6.884e-05 4.64 0.52
6.888e-05 4.56 0.5
6.892e-05 4.56 0.48
6.896e-05 4.48 0.48
6.9e-05 4.4 0.46
6.904e-05 4.32 0.42
6.908e-05 4.24 0.42
6.912e-05 4.24 0.4
6.916e-05 4.24 0.4
6.92e-05 4.16 0.38
6.924e-05 4 0.36
6.928e-05 3.92 0.34
6.932e-05 3.92 0.32
6.936e-05 3.84 0.32
6.94e-05 3.84 0.28
6.944e-05 3.76 0.26
6.948e-05 3.68 0.28
6.952e-05 3.6 0.26
6.956e-05 3.52 0.24
6.96e-05 3.52 0.22
6.964e-05 3.36 0.2
6.968e-05 3.28 0.2
6.972e-05 3.28 0.18
6.976e-05 3.2 0.16
6.98e-05 3.12 0.12
6.984e-05 3.04 0.12
6.988e-05 2.96 0.1
6.992e-05 2.88 0.08
6.996e-05 2.8 0.08
7e-05 2.72 0.06
7.004e-05 2.64 0.04
7.008e-05 2.56 0.02
7.012e-05 2.56 0
7.016e-05 2.4 0
7.02e-05 2.32 -0.04
7.024e-05 2.32 -0.08
7.028e-05 2.24 -0.08
7.032e-05 2.16 -0.1
7.036e-05 2.08 -0.1
7.04e-05 2 -0.12
7.044e-05 1.92 -0.16
7.048e-05 1.84 -0.18
7.052e-05 1.76 -0.16
7.056e-05 1.68 -0.18
7.06e-05 1.6 -0.2
7.064e-05 1.44 -0.24
7.068e-05 1.44 -0.24
7.072e-05 1.36 -0.26
7.076e-05 1.28 -0.26
7.08e-05 1.12 -0.3
7.084e-05 1.12 -0.3
7.088e-05 0.96 -0.32
7.092e-05 0.96 -0.34
7.096e-05 0.8 -0.36
7.1e-05 0.72 -0.38
7.104e-05 0.64 -0.4
7.108e-05 0.56 -0.4
7.112e-05 0.48 -0.42
7.116e-05 0.4 -0.44
7.12e-05 0.32 -0.48
7.124e-05 0.24 -0.46
7.128e-05 0.16 -0.48
7.132e-05 0.08 -0.5
7.136e-05 0 -0.52
7.14e-05 -0.16 -0.52
7.144e-05 -0.32 -0.54
7.148e-05 -0.32 -0.56
7.152e-05 -0.4 -0.58
7.156e-05 -0.48 -0.58
7.16e-05 -0.56 -0.58
7.164e-05 -0.72 -0.6
7.168e-05 -0.8 -0.64
7.172e-05 -0.88 -0.66
7.176e-05 -1.04 -0.66
7.18e-05 -1.04 -0.66
7.184e-05 -1.12 -0.7
7.188e-05 -1.28 -0.7
7.192e-05 -1.28 -0.72
7.196e-05 -1.36 -0.72
7.2e-05 -1.36 -0.74
7.204e-05 -1.52 -0.76
7.208e-05 -1.68 -0.78
7.212e-05 -1.68 -0.78
7.216e-05 -1.76 -0.8
7.22e-05 -1.84 -0.8
7.224e-05 -2 -0.84
7.228e-05 -2.08 -0.84
7.232e-05 -2.16 -0.84
7.236e-05 -2.16 -0.84
7.24e-05 -2.24 -0.88
7.244e-05 -2.32 -0.88
7.248e-05 -2.48 -0.88
7.252e-05 -2.48 -0.9
7.256e-05 -2.56 -0.92
7.26e-05 -2.64 -0.92
7.264e-05 -2.64 -0.96
7.268e-05 -2.88 -0.94
7.272e-05 -2.88 -0.96
7.276e-05 -2.96 -0.98
7.28e-05 -2.96 -0.98
7.284e-05 -3.2 -1
7.288e-05 -3.2 -0.98
7.292e-05 -3.28 -1.02
7.296e-05 -3.28 -1.02
7.3e-05 -3.44 -1.02
7.304e-05 -3.52 -1.04
7.308e-05 -3.52 -1.04
7.312e-05 -3.6 -1.06
7.316e-05 -3.6 -1.06
7.32e-05 -3.76 -1.06
7.324e-05 -3.84 -1.06
7.328e-05 -3.92 -1.08
7.332e-05 -3.92 -1.12
7.336e-05 -3.92 -1.1
7.34e-05 -4.08 -1.12
7.344e-05 -4.16 -1.12
7.348e-05 -4.24 -1.12
7.352e-05 -4.24 -1.14
7.356e-05 -4.32 -1.12
7.36e-05 -4.4 -1.14
7.364e-05 -4.4 -1.14
7.368e-05 -4.48 -1.16
7.372e-05 -4.56 -1.14
7.376e-05 -4.56 -1.16
7.38e-05 -4.56 -1.18
7.384e-05 -4.72 -1.18
7.388e-05 -4.8 -1.18
7.392e-05 -4.88 -1.18
7.396e-05 -4.88 -1.18
7.4e-05 -4.88 -1.2
7.404e-05 -4.88 -1.18
7.408e-05 -4.96 -1.18
7.412e-05 -5.04 -1.18
7.416e-05 -5.04 -1.2
7.42e-05 -5.12 -1.2
7.424e-05 -5.2 -1.2
7.428e-05 -5.2 -1.2
7.432e-05 -5.2 -1.2
7.436e-05 -5.28 -1.2
7.44e-05 -5.28 -1.2
7.444e-05 -5.36 -1.22
7.448e-05 -5.44 -1.2
7.452e-05 -5.44 -1.22
7.456e-05 -5.44 -1.2
7.46e-05 -5.52 -1.2
7.464e-05 -5.52 -1.2
7.468e-05 -5.52 -1.2
7.472e-05 -5.6 -1.2
7.476e-05 -5.6 -1.2
7.48e-05 -5.68 -1.2
7.484e-05 -5.68 -1.2
7.488e-05 -5.68 -1.2
7.492e-05 -5.76 -1.2
7.496e-05 -5.76 -1.2
7.5e-05 -5.76 -1.18
7.504e-05 -5.76 -1.18
7.508e-05 -5.84 -1.2
7.512e-05 -5.84 -1.18
7.516e-05 -5.84 -1.18
7.52e-05 -5.84 -1.18
7.524e-05 -5.84 -1.18
7.528e-05 -5.84 -1.18
7.532e-05 -5.84 -1.14
7.536e-05 -5.92 -1.14
7.54e-05 -5.84 -1.14
7.544e-05 -6 -1.14
7.548e-05 -5.92 -1.14
7.552e-05 -5.92 -1.14
7.556e-05 -5.92 -1.12
7.56e-05 -6 -1.12
7.564e-05 -5.92 -1.12
7.568e-05 -6 -1.1
7.572e-05 -5.84 -1.1
7.576e-05 -6 -1.12
7.58e-05 -5.92 -1.1
7.584e-05 -5.92 -1.08
7.588e-05 -5.92 -1.06
7.592e-05 -5.84 -1.06
7.596e-05 -5.84 -1.06
7.6e-05 -5.84 -1.04
7.604e-05 -5.84 -1.04
7.608e-05 -5.84 -1.02
7.612e-05 -5.84 -1.04
7.616e-05 -5.84 -1.02
7.62e-05 -5.84 -1
7.624e-05 -5.76 -0.98
7.628e-05 -5.76 -0.98
7.632e-05 -5.76 -0.98
7.636e-05 -5.68 -0.96
7.64e-05 -5.68 -0.96
7.644e-05 -5.68 -0.94
7.648e-05 -5.68 -0.94
7.652e-05 -5.68 -0.94
7.656e-05 -5.52 -0.9
7.66e-05 -5.52 -0.9
7.664e-05 -5.52 -0.9
7.668e-05 -5.52 -0.88
7.672e-05 -5.44 -0.86
7.676e-05 -5.52 -0.86
7.68e-05 -5.44 -0.86
7.684e-05 -5.36 -0.82
7.688e-05 -5.36 -0.8
7.692e-05 -5.36 -0.8
7.696e-05 -5.28 -0.78
7.7e-05 -5.2 -0.78
7.704e-05 -5.2 -0.76
7.708e-05 -5.2 -0.74
7.712e-05 -5.12 -0.72
7.716e-05 -5.12 -0.74
7.72e-05 -5.04 -0.72
7.724e-05 -5.04 -0.7
7.728e-05 -4.96 -0.68
7.732e-05 -4.88 -0.66
7.736e-05 -4.88 -0.66
7.74e-05 -4.8 -0.64
7.744e-05 -4.8 -0.62
7.748e-05 -4.72 -0.6
7.752e-05 -4.72 -0.58
7.756e-05 -4.56 -0.58
7.76e-05 -4.56 -0.54
7.764e-05 -4.48 -0.54
7.768e-05 -4.48 -0.54
7.772e-05 -4.4 -0.52
7.776e-05 -4.24 -0.5
7.78e-05 -4.24 -0.48
7.784e-05 -4.16 -0.48
7.788e-05 -4.16 -0.46
7.792e-05 -4.08 -0.46
7.796e-05 -4 -0.42
7.8e-05 -3.92 -0.4
7.804e-05 -3.84 -0.4
7.808e-05 -3.76 -0.38
7.812e-05 -3.76 -0.34
7.816e-05 -3.6 -0.34
7.82e-05 -3.6 -0.32
7.824e-05 -3.6 -0.3
7.828e-05 -3.44 -0.3
7.832e-05 -3.36 -0.3
7.836e-05 -3.28 -0.26
7.84e-05 -3.28 -0.24
7.844e-05 -3.2 -0.22
7.848e-05 -3.12 -0.22
7.852e-05 -2.96 -0.18
7.856e-05 -2.96 -0.18
7.86e-05 -2.88 -0.18
7.864e-05 -2.8 -0.14
7.868e-05 -2.64 -0.14
7.872e-05 -2.64 -0.1
7.876e-05 -2.56 -0.1
7.88e-05 -2.48 -0.08
7.884e-05 -2.32 -0.06
7.888e-05 -2.32 0
7.892e-05 -2.32 -0.04
7.896e-05 -2.24 0
7.9e-05 -2.16 0
7.904e-05 -2 0.04
7.908e-05 -2 0.04
7.912e-05 -1.84 0.06
7.916e-05 -1.84 0.08
7.92e-05 -1.68 0.08
7.924e-05 -1.68 0.12
7.928e-05 -1.52 0.12
7.932e-05 -1.44 0.16
7.936e-05 -1.36 0.16
7.94e-05 -1.28 0.18
7.944e-05 -1.2 0.2
7.948e-05 -1.04 0.2
7.952e-05 -1.04 0.22
7.956e-05 -0.96 0.26
7.96e-05 -0.88 0.28
7.964e-05 -0.8 0.26
7.968e-05 -0.72 0.28
7.972e-05 -0.64 0.3
7.976e-05 -0.56 0.32
7.98e-05 -0.4 0.36
7.984e-05 -0.32 0.34
7.988e-05 -0.32 0.36
7.992e-05 -0.24 0.4
7.996e-05 0 0.42
8e-05 0 0.42
8.004e-05 0.08 0.42
8.008e-05 0.24 0.44
8.012e-05 0.32 0.46
8.016e-05 0.32 0.48
8.02e-05 0.48 0.48
8.024e-05 0.56 0.5
8.028e-05 0.64 0.52
8.032e-05 0.72 0.54
8.036e-05 0.8 0.56
8.04e-05 0.88 0.58
8.044e-05 1.04 0.58
8.048e-05 1.04 0.6
8.052e-05 1.12 0.62
8.056e-05 1.28 0.62
8.06e-05 1.28 0.64
8.064e-05 1.44 0.66
8.068e-05 1.52 0.66
8.072e-05 1.6 0.68
8.076e-05 1.68 0.68
8.08e-05 1.76 0.7
8.084e-05 1.76 0.74
8.088e-05 1.92 0.72
8.092e-05 2 0.74
8.096e-05 2.08 0.74
8.1e-05 2.08 0.78
8.104e-05 2.24 0.8
8.108e-05 2.32 0.8
8.112e-05 2.32 0.8
8.116e-05 2.4 0.8
8.12e-05 2.56 0.82
8.124e-05 2.64 0.82
8.128e-05 2.72 0.84
8.132e-05 2.88 0.86
8.136e-05 2.88 0.88
8.14e-05 2.88 0.88
8.144e-05 2.96 0.88
8.148e-05 3.04 0.9
8.152e-05 3.12 0.9
8.156e-05 3.28 0.92
8.16e-05 3.2 0.92
8.164e-05 3.28 0.92
8.168e-05 3.36 0.96
8.172e-05 3.52 0.96
8.176e-05 3.6 0.96
8.18e-05 3.52 0.96
8.184e-05 3.68 0.96
8.188e-05 3.68 0.98
8.192e-05 3.84 0.98
8.196e-05 3.84 0.98
8.2e-05 3.92 1.02
8.204e-05 4 1
8.208e-05 4.08 1.02
8.212e-05 4.16 1.02
8.216e-05 4.16 1.02
8.22e-05 4.24 1.04
8.224e-05 4.32 1.06
8.228e-05 4.32 1.04
8.232e-05 4.48 1.06
8.236e-05 4.48 1.06
8.24e-05 4.48 1.06
8.244e-05 4.56 1.06
8.248e-05 4.56 1.06
8.252e-05 4.64 1.06
8.256e-05 4.72 1.08
8.26e-05 4.8 1.08
8.264e-05 4.8 1.08
8.268e-05 4.88 1.08
8.272e-05 4.88 1.08
8.276e-05 4.96 1.08
8.28e-05 5.12 1.1
8.284e-05 5.12 1.08
8.288e-05 5.12 1.08
8.292e-05 5.12 1.1
8.296e-05 5.2 1.12
8.3e-05 5.2 1.12
8.304e-05 5.28 1.1
8.308e-05 5.2 1.12
8.312e-05 5.36 1.12
8.316e-05 5.44 1.12
8.32e-05 5.44 1.1
8.324e-05 5.44 1.1
8.328e-05 5.44 1.12
8.332e-05 5.44 1.1
8.336e-05 5.52 1.1
8.34e-05 5.52 1.1
8.344e-05 5.52 1.1
8.348e-05 5.52 1.1
8.352e-05 5.6 1.08
8.356e-05 5.6 1.08
8.36e-05 5.6 1.08
8.364e-05 5.76 1.08
8.368e-05 5.68 1.08
8.372e-05 5.76 1.06
8.376e-05 5.76 1.06
8.38e-05 5.76 1.06
8.384e-05 5.76 1.06
8.388e-05 5.76 1.06
8.392e-05 5.84 1.06
8.396e-05 5.76 1.06
8.4e-05 5.84 1.06
8.404e-05 5.84 1.04
8.408e-05 5.76 1.06
8.412e-05 5.84 1.04
8.416e-05 5.84 1.04
8.42e-05 5.84 1.02
8.424e-05 5.84 1.02
8.428e-05 5.84 1.02
8.432e-05 5.84 1
8.436e-05 5.84 1
8.44e-05 5.84 0.98
8.444e-05 5.84 0.98
8.448e-05 5.84 0.96
8.452e-05 5.76 0.98
8.456e-05 5.84 0.96
8.46e-05 5.76 0.96
8.464e-05 5.76 0.94
8.468e-05 5.76 0.94
8.472e-05 5.76 0.92
8.476e-05 5.76 0.92
8.48e-05 5.68 0.9
8.484e-05 5.68 0.9
8.488e-05 5.68 0.88
8.492e-05 5.68 0.88
8.496e-05 5.6 0.86
8.5e-05 5.6 0.86
8.504e-05 5.6 0.86
8.508e-05 5.6 0.84
8.512e-05 5.6 0.82
8.516e-05 5.52 0.82
8.52e-05 5.52 0.82
8.524e-05 5.44 0.8
8.528e-05 5.44 0.78
8.532e-05 5.44 0.76
8.536e-05 5.44 0.74
8.54e-05 5.28 0.74
8.544e-05 5.28 0.74
8.548e-05 5.28 0.74
8.552e-05 5.2 0.7
8.556e-05 5.2 0.7
8.56e-05 5.2 0.68
8.564e-05 5.12 0.68
8.568e-05 5.12 0.66
8.572e-05 5.12 0.64
8.576e-05 5.04 0.64
8.58e-05 4.96 0.62
8.584e-05 4.88 0.58
8.588e-05 4.88 0.58
8.592e-05 4.8 0.58
8.596e-05 4.8 0.56
8.6e-05 4.72 0.54
8.604e-05 4.72 0.52
8.608e-05 4.64 0.52
8.612e-05 4.64 0.52
8.616e-05 4.56 0.48
8.62e-05 4.48 0.46
8.624e-05 4.4 0.46
8.628e-05 4.32 0.44
8.632e-05 4.32 0.44
8.636e-05 4.24 0.4
8.64e-05 4.16 0.4
8.644e-05 4.16 0.38
8.648e-05 4 0.36
8.652e-05 4 0.34
8.656e-05 4 0.32
8.66e-05 3.84 0.32
8.664e-05 3.84 0.3
8.668e-05 3.84 0.28
8.672e-05 3.68 0.28
8.676e-05 3.6 0.26
8.68e-05 3.52 0.24
8.684e-05 3.52 0.22
8.688e-05 3.36 0.2
8.692e-05 3.36 0.2
8.696e-05 3.28 0.16
8.7e-05 3.2 0.16
8.704e-05 3.2 0.14
8.708e-05 3.04 0.12
8.712e-05 2.96 0.1
8.716e-05 2.88 0.08
8.72e-05 2.88 0.08
8.724e-05 2.72 0.04
8.728e-05 2.72 0.02
8.732e-05 2.56 0
8.736e-05 2.56 0
8.74e-05 2.4 0
8.744e-05 2.4 -0.04
8.748e-05 2.24 -0.08
8.752e-05 2.24 -0.08
8.756e-05 2.24 -0.1
8.76e-05 2.08 -0.12
8.764e-05 2 -0.14
8.768e-05 1.92 -0.14
8.772e-05 1.76 -0.16
8.776e-05 1.68 -0.18
8.78e-05 1.68 -0.2
8.784e-05 1.6 -0.22
8.788e-05 1.44 -0.24
8.792e-05 1.44 -0.22
8.796e-05 1.28 -0.26
8.8e-05 1.28 -0.28
8.804e-05 1.12 -0.28
8.808e-05 1.04 -0.3
8.812e-05 0.96 -0.34
8.816e-05 0.96 -0.34
8.82e-05 0.8 -0.38
8.824e-05 0.8 -0.36
8.828e-05 0.64 -0.4
8.832e-05 0.56 -0.4
8.836e-05 0.48 -0.42
8.84e-05 0.4 -0.42
8.844e-05 0.32 -0.46
8.848e-05 0.16 -0.46
8.852e-05 0.16 -0.48
8.856e-05 0.08 -0.5
8.86e-05 0 -0.5
8.864e-05 -0.16 -0.5
8.868e-05 -0.32 -0.56
8.872e-05 -0.4 -0.56
8.876e-05 -0.4 -0.56
8.88e-05 -0.56 -0.58
8.884e-05 -0.56 -0.62
8.888e-05 -0.72 -0.62
8.892e-05 -0.8 -0.64
8.896e-05 -0.8 -0.64
8.9e-05 -0.96 -0.66
8.904e-05 -1.04 -0.68
8.908e-05 -1.12 -0.7
8.912e-05 -1.2 -0.72
8.916e-05 -1.28 -0.72
8.92e-05 -1.36 -0.74
8.924e-05 -1.44 -0.76
8.928e-05 -1.52 -0.76
8.932e-05 -1.6 -0.78
8.936e-05 -1.68 -0.78
8.94e-05 -1.76 -0.8
8.944e-05 -1.84 -0.82
8.948e-05 -2 -0.82
8.952e-05 -2 -0.84
8.956e-05 -2 -0.86
8.96e-05 -2.24 -0.86
8.964e-05 -2.24 -0.86
8.968e-05 -2.32 -0.88
8.972e-05 -2.48 -0.9
8.976e-05 -2.48 -0.9
8.98e-05 -2.64 -0.92
8.984e-05 -2.64 -0.92
8.988e-05 -2.8 -0.96
8.992e-05 -2.8 -0.96
8.996e-05 -2.88 -0.96
9e-05 -2.96 -0.98
9.004e-05 -2.96 -0.98
9.008e-05 -3.12 -1
9.012e-05 -3.2 -1
9.016e-05 -3.28 -1.02
9.02e-05 -3.36 -1.02
9.024e-05 -3.44 -1.02
9.028e-05 -3.44 -1.06
9.032e-05 -3.6 -1.04
9.036e-05 -3.6 -1.04
9.04e-05 -3.68 -1.06
9.044e-05 -3.76 -1.06
9.048e-05 -3.84 -1.08
9.052e-05 -3.92 -1.08
9.056e-05 -3.92 -1.1
9.06e-05 -3.92 -1.1
9.064e-05 -4.08 -1.12
9.068e-05 -4.16 -1.12
9.072e-05 -4.16 -1.12
9.076e-05 -4.24 -1.12
9.08e-05 -4.32 -1.12
9.084e-05 -4.32 -1.14
9.088e-05 -4.4 -1.14
9.092e-05 -4.48 -1.14
9.096e-05 -4.56 -1.16
9.1e-05 -4.56 -1.16
9.104e-05 -4.72 -1.18
9.108e-05 -4.72 -1.16
9.112e-05 -4.72 -1.18
9.116e-05 -4.88 -1.18
9.12e-05 -4.88 -1.18
9.124e-05 -4.88 -1.18
9.128e-05 -4.96 -1.18
9.132e-05 -5.04 -1.2
9.136e-05 -5.04 -1.2
9.14e-05 -5.12 -1.2
9.144e-05 -5.2 -1.18
9.148e-05 -5.2 -1.2
9.152e-05 -5.2 -1.2
9.156e-05 -5.2 -1.2
9.16e-05 -5.28 -1.2
9.164e-05 -5.36 -1.2
9.168e-05 -5.36 -1.2
9.172e-05 -5.36 -1.22
9.176e-05 -5.44 -1.2
9.18e-05 -5.44 -1.2
9.184e-05 -5.44 -1.22
9.188e-05 -5.52 -1.22
9.192e-05 -5.52 -1.22
9.196e-05 -5.52 -1.2
9.2e-05 -5.68 -1.2
9.204e-05 -5.68 -1.2
9.208e-05 -5.68 -1.22
9.212e-05 -5.68 -1.2
9.216e-05 -5.68 -1.2
9.22e-05 -5.76 -1.2
9.224e-05 -5.76 -1.2
9.228e-05 -5.76 -1.18
9.232e-05 -5.76 -1.18
9.236e-05 -5.84 -1.2
9.24e-05 -5.84 -1.18
9.244e-05 -5.84 -1.16
9.248e-05 -5.84 -1.16
9.252e-05 -5.84 -1.14
9.256e-05 -5.84 -1.16
9.26e-05 -5.84 -1.16
9.264e-05 -5.92 -1.16
9.268e-05 -5.84 -1.14
9.272e-05 -5.92 -1.14
9.276e-05 -6 -1.14
9.28e-05 -5.84 -1.12
9.284e-05 -6 -1.12
9.288e-05 -6 -1.1
9.292e-05 -5.92 -1.12
9.296e-05 -5.92 -1.1
9.3e-05 -5.92 -1.1
9.304e-05 -6 -1.08
9.308e-05 -5.92 -1.08
9.312e-05 -5.92 -1.06
9.316e-05 -5.84 -1.06
9.32e-05 -5.84 -1.04
9.324e-05 -5.84 -1.04
9.328e-05 -5.84 -1.04
9.332e-05 -5.84 -1.04
9.336e-05 -5.76 -1.02
9.34e-05 -5.84 -1.02
9.344e-05 -5.84 -1
9.348e-05 -5.76 -1
9.352e-05 -5.76 -0.98
9.356e-05 -5.76 -0.96
9.36e-05 -5.76 -0.98
9.364e-05 -5.68 -0.96
9.368e-05 -5.68 -0.94
9.372e-05 -5.68 -0.92
9.376e-05 -5.68 -0.9
9.38e-05 -5.68 -0.9
9.384e-05 -5.6 -0.9
9.388e-05 -5.52 -0.9
9.392e-05 -5.52 -0.88
9.396e-05 -5.52 -0.86
9.4e-05 -5.44 -0.86
9.404e-05 -5.44 -0.84
9.408e-05 -5.44 -0.82
9.412e-05 -5.36 -0.82
9.416e-05 -5.36 -0.8
9.42e-05 -5.2 -0.78
9.424e-05 -5.2 -0.78
9.428e-05 -5.2 -0.76
9.432e-05 -5.2 -0.76
9.436e-05 -5.12 -0.74
9.44e-05 -5.04 -0.72
9.444e-05 -5.04 -0.7
9.448e-05 -5.04 -0.7
9.452e-05 -4.88 -0.68
9.456e-05 -4.88 -0.68
9.46e-05 -4.8 -0.66
9.464e-05 -4.8 -0.64
9.468e-05 -4.8 -0.62
9.472e-05 -4.72 -0.62
9.476e-05 -4.72 -0.58
9.48e-05 -4.48 -0.56
9.484e-05 -4.56 -0.56
9.488e-05 -4.48 -0.56
9.492e-05 -4.4 -0.54
9.496e-05 -4.4 -0.5
9.5e-05 -4.32 -0.5
9.504e-05 -4.24 -0.48
9.508e-05 -4.16 -0.48
9.512e-05 -4.16 -0.44
9.516e-05 -4.16 -0.44
9.52e-05 -4 -0.44
9.524e-05 -3.92 -0.4
9.528e-05 -3.92 -0.4
9.532e-05 -3.84 -0.38
9.536e-05 -3.76 -0.34
9.54e-05 -3.68 -0.34
9.544e-05 -3.6 -0.32
9.548e-05 -3.52 -0.32
9.552e-05 -3.44 -0.28
9.556e-05 -3.44 -0.26
9.56e-05 -3.36 -0.26
9.564e-05 -3.28 -0.24
9.568e-05 -3.2 -0.22
9.572e-05 -3.12 -0.2
9.576e-05 -3.04 -0.2
9.58e-05 -2.96 -0.18
9.584e-05 -2.88 -0.16
9.588e-05 -2.8 -0.14
9.592e-05 -2.64 -0.12
9.596e-05 -2.64 -0.12
9.6e-05 -2.56 -0.08
9.604e-05 -2.48 -0.08
9.608e-05 -2.48 -0.06
9.612e-05 -2.32 -0.06
9.616e-05 -2.24 -0.04
9.62e-05 -2.24 0.02
9.624e-05 -2.16 0.02
9.628e-05 -2 0.02
9.632e-05 -2 0.04
9.636e-05 -1.92 0.08
9.64e-05 -1.76 0.1
9.644e-05 -1.68 0.1
9.648e-05 -1.68 0.12
9.652e-05 -1.52 0.12
9.656e-05 -1.52 0.16
9.66e-05 -1.36 0.18
9.664e-05 -1.36 0.18
9.668e-05 -1.2 0.2
9.672e-05 -1.12 0.2
9.676e-05 -1.04 0.24
9.68e-05 -0.96 0.24
9.684e-05 -0.88 0.26
9.688e-05 -0.8 0.28
9.692e-05 -0.72 0.3
9.696e-05 -0.56 0.32
9.7e-05 -0.56 0.32
9.704e-05 -0.4 0.34
9.708e-05 -0.4 0.36
9.712e-05 -0.32 0.38
9.716e-05 -0.24 0.4
9.72e-05 0 0.4
9.724e-05 0 0.44
9.728e-05 0.16 0.44
9.732e-05 0.16 0.44
9.736e-05 0.32 0.46
9.74e-05 0.4 0.48
9.744e-05 0.4 0.5
9.748e-05 0.56 0.52
9.752e-05 0.64 0.52
9.756e-05 0.72 0.54
9.76e-05 0.8 0.56
9.764e-05 0.88 0.58
9.768e-05 0.96 0.6
9.772e-05 1.04 0.6
9.776e-05 1.12 0.6
9.78e-05 1.28 0.64
9.784e-05 1.36 0.64
9.788e-05 1.44 0.64
9.792e-05 1.44 0.66
9.796e-05 1.6 0.68
9.8e-05 1.6 0.7
9.804e-05 1.68 0.68
9.808e-05 1.76 0.72
9.812e-05 1.92 0.74
9.816e-05 2 0.74
9.82e-05 2 0.76
9.824e-05 2.16 0.76
9.828e-05 2.24 0.78
9.832e-05 2.32 0.8
9.836e-05 2.4 0.82
9.84e-05 2.4 0.82
9.844e-05 2.56 0.82
9.848e-05 2.56 0.84
9.852e-05 2.72 0.84
9.856e-05 2.72 0.86
9.86e-05 2.88 0.88
9.864e-05 2.96 0.88
9.868e-05 2.96 0.88
9.872e-05 3.04 0.9
9.876e-05 3.2 0.9
9.88e-05 3.2 0.92
9.884e-05 3.28 0.94
9.888e-05 3.36 0.94
9.892e-05 3.36 0.94
9.896e-05 3.52 0.96
9.9e-05 3.52 0.96
9.904e-05 3.6 0.98
9.908e-05 3.68 0.96
9.912e-05 3.68 0.98
9.916e-05 3.84 0.98
9.92e-05 3.84 1
9.924e-05 3.92 1
9.928e-05 4 1
9.932e-05 4 1
9.936e-05 4.16 1.04
9.94e-05 4.16 1.04
9.944e-05 4.24 1.04
9.948e-05 4.32 1.04
9.952e-05 4.32 1.06
9.956e-05 4.4 1.04
9.96e-05 4.48 1.06
9.964e-05 4.56 1.06
9.968e-05 4.56 1.06
9.972e-05 4.64 1.06
9.976e-05 4.72 1.08
9.98e-05 4.64 1.08
9.984e-05 4.8 1.08
9.988e-05 4.8 1.08
9.992e-05 4.88 1.08
9.996e-05 4.96 1.08
0.0001 4.96 1.08
0.00010004 4.96 1.08
0.00010008 5.04 1.12
0.00010012 5.12 1.12
0.00010016 5.12 1.08
0.0001002 5.2 1.1
0.00010024 5.2 1.1
0.00010028 5.28 1.1
0.00010032 5.28 1.1
0.00010036 5.28 1.12
0.0001004 5.36 1.1
0.00010044 5.44 1.1
0.00010048 5.44 1.1
0.00010052 5.44 1.1
0.00010056 5.44 1.1
0.0001006 5.52 1.12
0.00010064 5.52 1.1
0.00010068 5.6 1.1
0.00010072 5.6 1.1
0.00010076 5.6 1.08
0.0001008 5.6 1.08
0.00010084 5.6 1.08
0.00010088 5.76 1.08
0.00010092 5.68 1.08
0.00010096 5.76 1.08
0.000101 5.76 1.08
0.00010104 5.76 1.06
0.00010108 5.76 1.06
0.00010112 5.84 1.06
0.00010116 5.76 1.06
0.0001012 5.76 1.06
0.00010124 5.76 1.06
0.00010128 5.84 1.04
0.00010132 5.84 1.04
0.00010136 5.84 1.04
0.0001014 5.84 1.04
0.00010144 5.84 1.02
0.00010148 5.84 1.02
0.00010152 5.84 1.02
0.00010156 5.84 1
0.0001016 5.84 1
0.00010164 5.84 0.98
0.00010168 5.84 1
0.00010172 5.84 0.98
0.00010176 5.84 0.96
0.0001018 5.84 0.96
0.00010184 5.84 0.96
0.00010188 5.76 0.96
0.00010192 5.76 0.94
0.00010196 5.76 0.92
0.000102 5.76 0.92
0.00010204 5.76 0.92
0.00010208 5.76 0.9
0.00010212 5.68 0.88
0.00010216 5.68 0.88
0.0001022 5.68 0.88
0.00010224 5.68 0.86
0.00010228 5.6 0.84
0.00010232 5.6 0.84
0.00010236 5.52 0.84
0.0001024 5.6 0.82
0.00010244 5.44 0.8
0.00010248 5.44 0.78
0.00010252 5.44 0.76
0.00010256 5.44 0.76
0.0001026 5.44 0.74
0.00010264 5.44 0.74
0.00010268 5.28 0.72
0.00010272 5.28 0.72
0.00010276 5.28 0.72
0.0001028 5.2 0.68
0.00010284 5.2 0.68
0.00010288 5.12 0.66
0.00010292 5.12 0.66
0.00010296 5.04 0.64
0.000103 5.04 0.64
0.00010304 4.96 0.64
0.00010308 4.96 0.6
0.00010312 4.88 0.58
0.00010316 4.88 0.58
0.0001032 4.8 0.56
0.00010324 4.8 0.54
0.00010328 4.64 0.52
0.00010332 4.64 0.52
0.00010336 4.56 0.5
0.0001034 4.48 0.48
0.00010344 4.48 0.48
0.00010348 4.4 0.46
0.00010352 4.4 0.44
0.00010356 4.24 0.42
0.0001036 4.24 0.42
0.00010364 4.16 0.4
0.00010368 4.16 0.38
0.00010372 4.08 0.36
0.00010376 3.92 0.34
0.0001038 3.92 0.32
0.00010384 3.84 0.3
0.00010388 3.84 0.3
0.00010392 3.84 0.28
0.00010396 3.68 0.26
0.000104 3.6 0.26
0.00010404 3.52 0.24
0.00010408 3.52 0.22
0.00010412 3.36 0.2
0.00010416 3.36 0.18
0.0001042 3.28 0.18
0.00010424 3.2 0.14
0.00010428 3.12 0.12
0.00010432 3.04 0.12
0.00010436 2.96 0.1
0.0001044 2.88 0.08
0.00010444 2.88 0.06
0.00010448 2.72 0.04
0.00010452 2.72 0.04
0.00010456 2.56 0.02
0.0001046 2.56 0
0.00010464 2.4 0
0.00010468 2.32 -0.04
0.00010472 2.32 -0.06
0.00010476 2.24 -0.08
0.0001048 2.08 -0.1
0.00010484 2.08 -0.1
0.00010488 1.92 -0.12
0.00010492 1.84 -0.14
0.00010496 1.76 -0.16
0.000105 1.76 -0.18
0.00010504 1.68 -0.18
0.00010508 1.6 -0.22
0.00010512 1.44 -0.22
0.00010516 1.44 -0.24
0.0001052 1.36 -0.24
0.00010524 1.28 -0.26
0.00010528 1.2 -0.3
0.00010532 1.04 -0.32
0.00010536 1.04 -0.32
0.0001054 0.96 -0.32
0.00010544 0.8 -0.34
0.00010548 0.72 -0.38
0.00010552 0.72 -0.4
0.00010556 0.64 -0.4
0.0001056 0.48 -0.42
0.00010564 0.4 -0.42
0.00010568 0.32 -0.46
0.00010572 0.24 -0.46
0.00010576 0.16 -0.48
0.0001058 0.08 -0.48
0.00010584 0 -0.5
0.00010588 0 -0.54
0.00010592 -0.32 -0.54
0.00010596 -0.4 -0.56
0.000106 -0.4 -0.58
0.00010604 -0.56 -0.58
0.00010608 -0.64 -0.58
0.00010612 -0.72 -0.62
0.00010616 -0.8 -0.64
0.0001062 -0.88 -0.68
0.00010624 -0.96 -0.66
0.00010628 -1.04 -0.68
0.00010632 -1.12 -0.68
0.00010636 -1.2 -0.72
0.0001064 -1.28 -0.72
0.00010644 -1.36 -0.72
0.00010648 -1.44 -0.74
0.00010652 -1.52 -0.78
0.00010656 -1.6 -0.78
0.0001066 -1.6 -0.8
0.00010664 -1.68 -0.8
0.00010668 -1.84 -0.82
0.00010672 -2 -0.82
0.00010676 -2 -0.84
0.0001068 -2.08 -0.86
0.00010684 -2.24 -0.86
0.00010688 -2.24 -0.88
0.00010692 -2.32 -0.88
0.00010696 -2.4 -0.9
0.000107 -2.48 -0.9
0.00010704 -2.56 -0.92
0.00010708 -2.64 -0.94
0.00010712 -2.72 -0.94
0.00010716 -2.8 -0.96
0.0001072 -2.88 -0.96
0.00010724 -2.96 -0.98
0.00010728 -3.04 -0.98
0.00010732 -3.12 -1
0.00010736 -3.12 -1
0.0001074 -3.28 -1
0.00010744 -3.28 -1.04
0.00010748 -3.44 -1.04
0.00010752 -3.44 -1.04
0.00010756 -3.6 -1.02
0.0001076 -3.6 -1.04
0.00010764 -3.68 -1.06
0.00010768 -3.76 -1.06
0.00010772 -3.84 -1.08
0.00010776 -3.92 -1.1
0.0001078 -3.92 -1.1
0.00010784 -4 -1.1
0.00010788 -4.08 -1.12
0.00010792 -4.08 -1.12
0.00010796 -4.16 -1.12
0.000108 -4.24 -1.12
0.00010804 -4.32 -1.12
0.00010808 -4.4 -1.12
0.00010812 -4.4 -1.14
0.00010816 -4.48 -1.14
0.0001082 -4.56 -1.16
0.00010824 -4.56 -1.14
0.00010828 -4.72 -1.16
0.00010832 -4.72 -1.18
0.00010836 -4.72 -1.18
0.0001084 -4.8 -1.18
0.00010844 -4.88 -1.18
0.00010848 -4.88 -1.2
0.00010852 -4.88 -1.18
0.00010856 -5.04 -1.18
0.0001086 -5.04 -1.18
0.00010864 -5.04 -1.18
0.00010868 -5.12 -1.2
0.00010872 -5.2 -1.2
0.00010876 -5.2 -1.2
0.0001088 -5.2 -1.18
0.00010884 -5.2 -1.2
0.00010888 -5.36 -1.22
0.00010892 -5.36 -1.2
0.00010896 -5.44 -1.2
0.000109 -5.44 -1.22
0.00010904 -5.52 -1.22
0.00010908 -5.52 -1.2
0.00010912 -5.52 -1.2
0.00010916 -5.52 -1.2
0.0001092 -5.52 -1.22
0.00010924 -5.52 -1.2
0.00010928 -5.6 -1.2
0.00010932 -5.68 -1.18
0.00010936 -5.76 -1.2
0.0001094 -5.76 -1.2
0.00010944 -5.68 -1.2
0.00010948 -5.76 -1.2
0.00010952 -5.76 -1.2
0.00010956 -5.76 -1.18
0.0001096 -5.76 -1.18
0.00010964 -5.84 -1.18
0.00010968 -5.84 -1.18
0.00010972 -5.84 -1.18
0.00010976 -5.84 -1.18
0.0001098 -5.84 -1.16
0.00010984 -5.92 -1.14
0.00010988 -5.84 -1.16
0.00010992 -5.92 -1.14
0.00010996 -5.84 -1.14
0.00011 -5.84 -1.12
0.00011004 -5.92 -1.12
0.00011008 -6 -1.14
0.00011012 -5.84 -1.12
0.00011016 -6 -1.12
0.0001102 -5.92 -1.1
0.00011024 -5.92 -1.08
0.00011028 -5.84 -1.1
0.00011032 -5.84 -1.06
0.00011036 -5.84 -1.08
0.0001104 -5.92 -1.08
0.00011044 -5.84 -1.06
0.00011048 -5.84 -1.06
0.00011052 -5.84 -1.04
0.00011056 -5.84 -1.04
0.0001106 -5.84 -1.02
0.00011064 -5.84 -1.02
0.00011068 -5.84 -1.02
0.00011072 -5.84 -1
0.00011076 -5.76 -0.98
0.0001108 -5.76 -0.98
0.00011084 -5.76 -0.96
0.00011088 -5.76 -0.96
0.00011092 -5.68 -0.96
0.00011096 -5.68 -0.96
0.000111 -5.68 -0.9
0.00011104 -5.6 -0.9
0.00011108 -5.6 -0.9
0.00011112 -5.52 -0.9
0.00011116 -5.52 -0.88
0.0001112 -5.52 -0.86
0.00011124 -5.52 -0.86
0.00011128 -5.44 -0.84
0.00011132 -5.44 -0.84
0.00011136 -5.36 -0.82
0.0001114 -5.36 -0.8
0.00011144 -5.28 -0.78
0.00011148 -5.2 -0.78
0.00011152 -5.2 -0.76
0.00011156 -5.2 -0.74
0.0001116 -5.12 -0.74
0.00011164 -5.04 -0.72
0.00011168 -5.04 -0.72
0.00011172 -5.04 -0.7
0.00011176 -4.88 -0.66
0.0001118 -4.88 -0.68
0.00011184 -4.88 -0.66
0.00011188 -4.8 -0.64
0.00011192 -4.72 -0.62
0.00011196 -4.72 -0.6
0.000112 -4.72 -0.58
0.00011204 -4.56 -0.58
0.00011208 -4.48 -0.56
0.00011212 -4.48 -0.54
0.00011216 -4.4 -0.52
0.0001122 -4.32 -0.5
0.00011224 -4.24 -0.5
0.00011228 -4.24 -0.5
0.00011232 -4.24 -0.46
0.00011236 -4.16 -0.46
0.0001124 -4.08 -0.46
0.00011244 -4.08 -0.42
0.00011248 -3.92 -0.4
0.00011252 -3.84 -0.38
0.00011256 -3.76 -0.38
0.0001126 -3.76 -0.34
0.00011264 -3.6 -0.34
0.00011268 -3.6 -0.32
0.00011272 -3.6 -0.32
0.00011276 -3.44 -0.3
0.0001128 -3.44 -0.28
0.00011284 -3.36 -0.26
0.00011288 -3.2 -0.26
0.00011292 -3.2 -0.24
0.00011296 -3.12 -0.22
0.000113 -3.04 -0.2
0.00011304 -2.96 -0.18
0.00011308 -2.88 -0.16
0.00011312 -2.8 -0.14
0.00011316 -2.72 -0.12
0.0001132 -2.64 -0.1
0.00011324 -2.56 -0.1
0.00011328 -2.48 -0.08
0.00011332 -2.4 -0.06
0.00011336 -2.32 -0.06
0.0001134 -2.24 0
0.00011344 -2.24 0
0.00011348 -2.16 0.02
0.00011352 -2.08 0.04
0.00011356 -1.92 0.06
0.0001136 -1.84 0.06
0.00011364 -1.84 0.08
0.00011368 -1.68 0.1
0.00011372 -1.68 0.12
0.00011376 -1.6 0.14
0.0001138 -1.52 0.14
0.00011384 -1.36 0.16
0.00011388 -1.36 0.18
0.00011392 -1.2 0.2
0.00011396 -1.2 0.22
0.000114 -1.04 0.24
0.00011404 -1.04 0.24
0.00011408 -0.96 0.26
0.00011412 -0.8 0.28
0.00011416 -0.72 0.28
0.0001142 -0.64 0.3
0.00011424 -0.56 0.34
0.00011428 -0.48 0.34
0.00011432 -0.4 0.36
0.00011436 -0.32 0.38
0.0001144 -0.24 0.4
0.00011444 0 0.42
0.00011448 0.08 0.4
0.00011452 0.16 0.44
0.00011456 0.16 0.44
0.0001146 0.32 0.48
0.00011464 0.4 0.48
0.00011468 0.4 0.48
0.00011472 0.56 0.5
0.00011476 0.64 0.54
0.0001148 0.72 0.56
0.00011484 0.8 0.56
0.00011488 0.96 0.58
0.00011492 0.96 0.58
0.00011496 1.04 0.6
0.000115 1.12 0.62
0.00011504 1.28 0.62
0.00011508 1.28 0.64
0.00011512 1.36 0.64
0.00011516 1.44 0.66
0.0001152 1.6 0.68
0.00011524 1.68 0.7
0.00011528 1.68 0.72
0.00011532 1.76 0.72
0.00011536 1.92 0.74
0.0001154 1.92 0.72
0.00011544 2.08 0.76
0.00011548 2.16 0.78
0.00011552 2.24 0.78
0.00011556 2.24 0.8
0.0001156 2.4 0.82
0.00011564 2.48 0.82
0.00011568 2.56 0.84
0.00011572 2.56 0.82
0.00011576 2.72 0.86
0.0001158 2.8 0.84
0.00011584 2.88 0.88
0.00011588 2.88 0.88
0.00011592 3.04 0.88
0.00011596 3.04 0.9
0.000116 3.12 0.9
0.00011604 3.2 0.92
0.00011608 3.2 0.92
0.00011612 3.36 0.94
0.00011616 3.44 0.94
0.0001162 3.52 0.96
0.00011624 3.52 0.96
0.00011628 3.6 0.96
0.00011632 3.68 0.98
0.00011636 3.68 0.98
0.0001164 3.84 0.98
0.00011644 3.84 0.98
0.00011648 3.92 1
0.00011652 4 1.02
0.00011656 4 1.02
0.0001166 4.16 1.02
0.00011664 4.16 1
0.00011668 4.24 1.04
0.00011672 4.32 1.04
0.00011676 4.32 1.04
0.0001168 4.48 1.04
0.00011684 4.48 1.04
0.00011688 4.48 1.06
0.00011692 4.56 1.06
0.00011696 4.64 1.06
0.000117 4.64 1.06
0.00011704 4.8 1.06
0.00011708 4.8 1.08
0.00011712 4.8 1.08
0.00011716 4.88 1.08
0.0001172 4.96 1.1
0.00011724 4.96 1.12
0.00011728 4.96 1.08
0.00011732 5.12 1.08
0.00011736 5.12 1.1
0.0001174 5.12 1.08
0.00011744 5.2 1.12
0.00011748 5.2 1.1
0.00011752 5.2 1.1
0.00011756 5.28 1.1
0.0001176 5.36 1.12
0.00011764 5.44 1.12
0.00011768 5.44 1.1
0.00011772 5.44 1.12
0.00011776 5.44 1.08
0.0001178 5.44 1.1
0.00011784 5.52 1.1
0.00011788 5.52 1.1
0.00011792 5.52 1.08
0.00011796 5.6 1.1
0.000118 5.6 1.08
0.00011804 5.6 1.08
0.00011808 5.6 1.08
0.00011812 5.68 1.08
0.00011816 5.68 1.08
0.0001182 5.68 1.08
0.00011824 5.76 1.06
0.00011828 5.76 1.06
0.00011832 5.76 1.08
0.00011836 5.76 1.08
0.0001184 5.84 1.06
0.00011844 5.84 1.06
0.00011848 5.84 1.06
0.00011852 5.76 1.06
0.00011856 5.84 1.04
0.0001186 5.76 1.04
0.00011864 5.84 1.04
0.00011868 5.84 1.04
0.00011872 5.84 1
0.00011876 5.84 1
0.0001188 5.84 1
0.00011884 5.84 1
0.00011888 5.84 0.98
0.00011892 5.84 0.98
0.00011896 5.84 0.96
0.000119 5.84 0.96
0.00011904 5.84 0.96
0.00011908 5.84 0.96
0.00011912 5.76 0.94
0.00011916 5.84 0.92
0.0001192 5.76 0.94
0.00011924 5.76 0.9
0.00011928 5.76 0.9
0.00011932 5.76 0.9
0.00011936 5.6 0.9
0.0001194 5.68 0.88
0.00011944 5.6 0.88
0.00011948 5.6 0.84
0.00011952 5.6 0.86
0.00011956 5.6 0.82
0.0001196 5.6 0.84
0.00011964 5.52 0.82
0.00011968 5.52 0.8
0.00011972 5.44 0.8
0.00011976 5.44 0.76
0.0001198 5.44 0.76
0.00011984 5.44 0.76
0.00011988 5.44 0.74
0.00011992 5.28 0.72
0.00011996 5.28 0.72
0.00012 5.2 0.72
0.00012004 5.2 0.72
0.00012008 5.2 0.68
0.00012012 5.12 0.66
0.00012016 5.12 0.64
0.0001202 5.12 0.64
0.00012024 5.12 0.64
0.00012028 4.96 0.64
0.00012032 4.88 0.6
0.00012036 4.88 0.58
0.0001204 4.8 0.58
0.00012044 4.8 0.56
0.00012048 4.64 0.54
0.00012052 4.64 0.52
0.00012056 4.64 0.5
0.0001206 4.56 0.5
0.00012064 4.56 0.48
0.00012068 4.48 0.48
0.00012072 4.4 0.44
0.00012076 4.4 0.44
0.0001208 4.24 0.42
0.00012084 4.24 0.42
0.00012088 4.16 0.4
0.00012092 4.16 0.36
0.00012096 4.08 0.36
0.000121 4 0.34
0.00012104 3.92 0.34
0.00012108 3.92 0.3
0.00012112 3.84 0.3
0.00012116 3.68 0.3
0.0001212 3.68 0.26
0.00012124 3.6 0.24
0.00012128 3.6 0.24
0.00012132 3.52 0.24
0.00012136 3.36 0.2
0.0001214 3.36 0.18
0.00012144 3.28 0.18
0.00012148 3.2 0.14
0.00012152 3.2 0.14
0.00012156 3.04 0.12
0.0001216 2.96 0.1
0.00012164 2.88 0.08
0.00012168 2.88 0.08
0.00012172 2.72 0.06
0.00012176 2.72 0.02
0.0001218 2.56 0.04
0.00012184 2.56 0.02
0.00012188 2.4 0
0.00012192 2.4 -0.06
0.00012196 2.32 -0.06
0.000122 2.24 -0.08
0.00012204 2.16 -0.08
0.00012208 2.08 -0.1
0.00012212 2 -0.12
0.00012216 1.92 -0.16
0.0001222 1.84 -0.16
0.00012224 1.76 -0.18
0.00012228 1.68 -0.18
0.00012232 1.6 -0.22
0.00012236 1.52 -0.24
0.0001224 1.44 -0.24
0.00012244 1.36 -0.26
0.00012248 1.28 -0.26
0.00012252 1.2 -0.3
0.00012256 1.04 -0.3
0.0001226 1.04 -0.32
0.00012264 0.96 -0.34
0.00012268 0.88 -0.36
0.00012272 0.72 -0.38
0.00012276 0.64 -0.38
0.0001228 0.64 -0.4
0.00012284 0.48 -0.42
0.00012288 0.4 -0.44
0.00012292 0.32 -0.46
0.00012296 0.32 -0.46
0.000123 0.16 -0.5
0.00012304 0 -0.48
0.00012308 0 -0.52
0.00012312 -0.16 -0.5
0.00012316 -0.24 -0.54
0.0001232 -0.32 -0.56
0.00012324 -0.4 -0.58
0.00012328 -0.56 -0.58
0.00012332 -0.64 -0.62
0.00012336 -0.64 -0.64
0.0001234 -0.72 -0.64
0.00012344 -0.88 -0.66
0.00012348 -0.96 -0.66
0.00012352 -1.04 -0.66
0.00012356 -1.04 -0.7
0.0001236 -1.2 -0.7
0.00012364 -1.28 -0.72
0.00012368 -1.36 -0.74
0.00012372 -1.44 -0.74
0.00012376 -1.52 -0.78
0.0001238 -1.6 -0.76
0.00012384 -1.68 -0.78
0.00012388 -1.76 -0.8
0.00012392 -1.84 -0.82
0.00012396 -1.92 -0.82
0.000124 -2 -0.82
0.00012404 -2.16 -0.86
0.00012408 -2.16 -0.86
0.00012412 -2.24 -0.88
0.00012416 -2.32 -0.88
0.0001242 -2.48 -0.88
0.00012424 -2.56 -0.9
0.00012428 -2.56 -0.92
0.00012432 -2.64 -0.94
0.00012436 -2.8 -0.94
0.0001244 -2.8 -0.96
0.00012444 -2.88 -0.98
0.00012448 -2.96 -0.96
0.00012452 -2.96 -0.98
0.00012456 -3.12 -0.98
0.0001246 -3.2 -1.02
0.00012464 -3.28 -1
0.00012468 -3.28 -1.02
0.00012472 -3.44 -1.02
0.00012476 -3.44 -1.04
0.0001248 -3.52 -1.04
0.00012484 -3.6 -1.04
0.00012488 -3.6 -1.06
0.00012492 -3.76 -1.06
0.00012496 -3.84 -1.08
0.000125 -3.84 -1.08
0.00012504 -3.92 -1.08
0.00012508 -3.92 -1.1
0.00012512 -4.08 -1.1
0.00012516 -4.08 -1.12
0.0001252 -4.24 -1.12
0.00012524 -4.24 -1.12
0.00012528 -4.32 -1.14
0.00012532 -4.32 -1.12
0.00012536 -4.4 -1.16
0.0001254 -4.48 -1.14
0.00012544 -4.56 -1.14
0.00012548 -4.56 -1.16
0.00012552 -4.72 -1.16
0.00012556 -4.72 -1.16
0.0001256 -4.72 -1.18
0.00012564 -4.8 -1.18
0.00012568 -4.8 -1.18
0.00012572 -4.88 -1.18
0.00012576 -4.88 -1.2
0.0001258 -4.96 -1.18
0.00012584 -5.04 -1.22
0.00012588 -5.12 -1.18
0.00012592 -5.12 -1.2
0.00012596 -5.12 -1.18
0.000126 -5.2 -1.2
0.00012604 -5.2 -1.2
0.00012608 -5.28 -1.2
0.00012612 -5.28 -1.2
0.00012616 -5.36 -1.2
0.0001262 -5.44 -1.2
0.00012624 -5.44 -1.2
0.00012628 -5.44 -1.22
0.00012632 -5.44 -1.22
0.00012636 -5.44 -1.2
0.0001264 -5.52 -1.22
0.00012644 -5.52 -1.2
0.00012648 -5.6 -1.2
0.00012652 -5.68 -1.2
0.00012656 -5.68 -1.2
0.0001266 -5.68 -1.2
0.00012664 -5.68 -1.2
0.00012668 -5.76 -1.2
0.00012672 -5.76 -1.2
0.00012676 -5.84 -1.2
0.0001268 -5.84 -1.18
0.00012684 -5.84 -1.18
0.00012688 -5.84 -1.18
0.00012692 -5.84 -1.18
0.00012696 -5.84 -1.18
0.000127 -5.84 -1.16
0.00012704 -5.84 -1.14
0.00012708 -5.84 -1.16
0.00012712 -5.92 -1.14
0.00012716 -5.92 -1.14
0.0001272 -5.92 -1.14
0.00012724 -5.92 -1.14
0.00012728 -5.84 -1.12
0.00012732 -6 -1.12
0.00012736 -5.92 -1.12
0.0001274 -6 -1.1
0.00012744 -5.92 -1.1
0.00012748 -5.92 -1.1
0.00012752 -5.92 -1.08
0.00012756 -5.84 -1.1
0.0001276 -5.84 -1.06
0.00012764 -5.84 -1.06
0.00012768 -5.92 -1.04
0.00012772 -5.84 -1.04
0.00012776 -5.84 -1.04
0.0001278 -5.84 -1.04
0.00012784 -5.92 -1.04
0.00012788 -5.84 -1
0.00012792 -5.76 -1.02
0.00012796 -5.84 -0.98
0.000128 -5.76 -0.98
0.00012804 -5.76 -0.98
0.00012808 -5.68 -0.98
0.00012812 -5.68 -0.96
0.00012816 -5.68 -0.94
0.0001282 -5.68 -0.94
0.00012824 -5.68 -0.92
0.00012828 -5.6 -0.9
0.00012832 -5.6 -0.9
0.00012836 -5.52 -0.9
0.0001284 -5.52 -0.88
0.00012844 -5.44 -0.86
0.00012848 -5.44 -0.86
0.00012852 -5.44 -0.84
0.00012856 -5.36 -0.82
0.0001286 -5.36 -0.82
0.00012864 -5.28 -0.8
0.00012868 -5.28 -0.8
0.00012872 -5.28 -0.78
0.00012876 -5.2 -0.76
0.0001288 -5.2 -0.74
0.00012884 -5.12 -0.74
0.00012888 -5.12 -0.72
0.00012892 -5.04 -0.7
0.00012896 -5.04 -0.7
0.000129 -4.96 -0.68
0.00012904 -4.88 -0.68
0.00012908 -4.88 -0.64
0.00012912 -4.88 -0.64
0.00012916 -4.8 -0.62
0.0001292 -4.72 -0.6
0.00012924 -4.56 -0.58
0.00012928 -4.56 -0.56
0.00012932 -4.56 -0.56
0.00012936 -4.56 -0.56
0.0001294 -4.4 -0.54
0.00012944 -4.4 -0.54
0.00012948 -4.24 -0.48
0.00012952 -4.24 -0.48
0.00012956 -4.16 -0.48
0.0001296 -4.16 -0.44
0.00012964 -4.08 -0.44
0.00012968 -3.92 -0.42
0.00012972 -3.92 -0.42
0.00012976 -3.92 -0.4
0.0001298 -3.84 -0.38
0.00012984 -3.76 -0.36
0.00012988 -3.68 -0.34
0.00012992 -3.6 -0.34
0.00012996 -3.6 -0.32
0.00013 -3.44 -0.28
0.00013004 -3.44 -0.26
0.00013008 -3.28 -0.26
0.00013012 -3.28 -0.24
0.00013016 -3.2 -0.24
0.0001302 -3.12 -0.22
0.00013024 -3.04 -0.2
0.00013028 -2.96 -0.18
0.00013032 -2.88 -0.16
0.00013036 -2.8 -0.14
0.0001304 -2.72 -0.14
0.00013044 -2.64 -0.14
0.00013048 -2.56 -0.08
0.00013052 -2.56 -0.08
0.00013056 -2.48 -0.06
0.0001306 -2.32 -0.04
0.00013064 -2.32 0
0.00013068 -2.24 0
0.00013072 -2.16 0.02
0.00013076 -2 0.04
0.0001308 -2 0.04
0.00013084 -1.92 0.08
0.00013088 -1.84 0.08
0.00013092 -1.68 0.1
0.00013096 -1.6 0.1
0.000131 -1.6 0.16
0.00013104 -1.44 0.16
0.00013108 -1.36 0.18
0.00013112 -1.36 0.18
0.00013116 -1.28 0.2
0.0001312 -1.2 0.22
0.00013124 -1.04 0.24
0.00013128 -1.04 0.24
0.00013132 -0.88 0.26
0.00013136 -0.8 0.28
0.0001314 -0.72 0.3
0.00013144 -0.64 0.3
0.00013148 -0.56 0.32
0.00013152 -0.4 0.34
0.00013156 -0.4 0.36
0.0001316 -0.32 0.38
0.00013164 -0.24 0.38
0.00013168 0 0.4
0.00013172 0 0.4
0.00013176 0.08 0.44
0.0001318 0.24 0.44
0.00013184 0.32 0.46
0.00013188 0.4 0.48
0.00013192 0.48 0.5
0.00013196 0.48 0.52
0.000132 0.64 0.52
0.00013204 0.72 0.56
0.00013208 0.8 0.56
0.00013212 0.96 0.58
0.00013216 0.96 0.58
0.0001322 1.04 0.58
0.00013224 1.12 0.62
0.00013228 1.28 0.62
0.00013232 1.28 0.66
0.00013236 1.36 0.66
0.0001324 1.52 0.66
0.00013244 1.6 0.68
0.00013248 1.68 0.7
0.00013252 1.68 0.72
0.00013256 1.76 0.72
0.0001326 1.92 0.72
0.00013264 2 0.74
0.00013268 2.08 0.74
0.00013272 2.16 0.76
0.00013276 2.24 0.76
0.0001328 2.24 0.8
0.00013284 2.4 0.8
0.00013288 2.4 0.82
0.00013292 2.56 0.82
0.00013296 2.56 0.82
0.000133 2.64 0.86
0.00013304 2.72 0.86
0.00013308 2.88 0.86
0.00013312 2.88 0.88
0.00013316 2.96 0.9
0.0001332 3.04 0.9
0.00013324 3.04 0.9
0.00013328 3.2 0.9
0.00013332 3.2 0.92
0.00013336 3.36 0.94
0.0001334 3.36 0.94
0.00013344 3.52 0.96
0.00013348 3.52 0.98
0.00013352 3.6 0.96
0.00013356 3.68 0.98
0.0001336 3.76 0.96
0.00013364 3.84 0.98
0.00013368 3.84 1
0.00013372 3.92 1
0.00013376 4 1
0.0001338 4 1
0.00013384 4.16 1.02
0.00013388 4.24 1.04
0.00013392 4.24 1.04
0.00013396 4.32 1.04
0.000134 4.32 1.04
0.00013404 4.4 1.06
0.00013408 4.48 1.06
0.00013412 4.48 1.06
0.00013416 4.56 1.06
0.0001342 4.64 1.06
0.00013424 4.64 1.08
0.00013428 4.72 1.06
0.00013432 4.8 1.08
0.00013436 4.8 1.08
0.0001344 4.88 1.08
0.00013444 4.88 1.08
0.00013448 4.96 1.08
0.00013452 4.96 1.08
0.00013456 5.12 1.1
0.0001346 5.12 1.12
0.00013464 5.12 1.1
0.00013468 5.2 1.12
0.00013472 5.2 1.12
0.00013476 5.28 1.12
0.0001348 5.28 1.1
0.00013484 5.28 1.1
0.00013488 5.44 1.1
0.00013492 5.44 1.1
0.00013496 5.44 1.1
0.000135 5.44 1.12
0.00013504 5.44 1.1
0.00013508 5.52 1.1
0.00013512 5.52 1.1
0.00013516 5.6 1.12
0.0001352 5.6 1.1
0.00013524 5.6 1.08
0.00013528 5.68 1.1
0.00013532 5.6 1.1
0.00013536 5.68 1.08
0.0001354 5.76 1.08
0.00013544 5.68 1.08
0.00013548 5.76 1.08
0.00013552 5.68 1.06
0.00013556 5.76 1.04
0.0001356 5.76 1.06
0.00013564 5.84 1.06
0.00013568 5.76 1.06
0.00013572 5.84 1.04
0.00013576 5.84 1.06
0.0001358 5.84 1.04
0.00013584 5.84 1.04
0.00013588 5.84 1.04
0.00013592 5.84 1.04
0.00013596 5.84 1.02
0.000136 5.84 1.02
0.00013604 5.84 1.02
0.00013608 5.84 0.98
0.00013612 5.84 0.98
0.00013616 5.84 0.98
0.0001362 5.84 0.98
0.00013624 5.76 0.96
0.00013628 5.76 0.96
0.00013632 5.84 0.96
0.00013636 5.84 0.96
0.0001364 5.76 0.94
0.00013644 5.76 0.92
0.00013648 5.76 0.9
0.00013652 5.76 0.9
0.00013656 5.76 0.9
0.0001366 5.68 0.88
0.00013664 5.6 0.88
0.00013668 5.6 0.88
0.00013672 5.6 0.88
0.00013676 5.6 0.84
0.0001368 5.6 0.84
0.00013684 5.52 0.84
0.00013688 5.52 0.82
0.00013692 5.52 0.82
0.00013696 5.52 0.8
0.000137 5.44 0.78
0.00013704 5.44 0.76
0.00013708 5.44 0.76
0.00013712 5.44 0.74
0.00013716 5.28 0.74
0.0001372 5.28 0.72
0.00013724 5.28 0.72
0.00013728 5.2 0.68
0.00013732 5.12 0.66
0.00013736 5.12 0.68
0.0001374 5.12 0.66
0.00013744 5.12 0.64
0.00013748 5.04 0.64
0.00013752 4.96 0.6
0.00013756 4.96 0.62
0.0001376 4.88 0.6
0.00013764 4.88 0.56
0.00013768 4.8 0.56
0.00013772 4.8 0.56
0.00013776 4.64 0.54
0.0001378 4.64 0.5
0.00013784 4.56 0.5
0.00013788 4.56 0.48
0.00013792 4.48 0.46
0.00013796 4.48 0.46
0.000138 4.32 0.44
0.00013804 4.24 0.42
0.00013808 4.24 0.4
0.00013812 4.16 0.4
0.00013816 4.16 0.36
0.0001382 4 0.36
0.00013824 4 0.34
0.00013828 4 0.32
0.00013832 3.92 0.32
0.00013836 3.84 0.28
0.0001384 3.76 0.28
0.00013844 3.68 0.28
0.00013848 3.6 0.26
0.00013852 3.52 0.24
0.00013856 3.44 0.2
0.0001386 3.52 0.2
0.00013864 3.36 0.2
0.00013868 3.28 0.18
0.00013872 3.2 0.16
0.00013876 3.2 0.14
0.0001388 3.04 0.12
0.00013884 2.96 0.12
0.00013888 2.88 0.1
0.00013892 2.88 0.06
0.00013896 2.72 0.04
0.000139 2.64 0.02
0.00013904 2.64 0.02
0.00013908 2.56 0
0.00013912 2.48 0
0.00013916 2.4 -0.04
0.0001392 2.32 -0.06
0.00013924 2.24 -0.08
0.00013928 2.08 -0.08
0.00013932 2.08 -0.12
0.00013936 2 -0.1
0.0001394 1.92 -0.14
0.00013944 1.92 -0.16
0.00013948 1.76 -0.2
0.00013952 1.6 -0.18
0.00013956 1.6 -0.2
0.0001396 1.52 -0.22
0.00013964 1.44 -0.24
0.00013968 1.28 -0.26
0.00013972 1.28 -0.26
0.00013976 1.28 -0.3
0.0001398 1.12 -0.3
0.00013984 1.04 -0.32
0.00013988 0.96 -0.34
0.00013992 0.8 -0.34
0.00013996 0.72 -0.36
0.00014 0.64 -0.4
0.00014004 0.56 -0.42
0.00014008 0.48 -0.42
0.00014012 0.32 -0.42
0.00014016 0.32 -0.46
0.0001402 0.24 -0.46
0.00014024 0.16 -0.48
0.00014028 0.08 -0.48
0.00014032 0 -0.5
0.00014036 -0.16 -0.54
0.0001404 -0.24 -0.52
0.00014044 -0.4 -0.56
0.00014048 -0.4 -0.56
0.00014052 -0.56 -0.58
0.00014056 -0.64 -0.6
0.0001406 -0.72 -0.62
0.00014064 -0.8 -0.64
0.00014068 -0.88 -0.64
0.00014072 -0.96 -0.66
0.00014076 -1.04 -0.68
0.0001408 -1.04 -0.7
0.00014084 -1.2 -0.7
0.00014088 -1.28 -0.72
0.00014092 -1.36 -0.72
0.00014096 -1.44 -0.74
0.000141 -1.6 -0.74
0.00014104 -1.6 -0.78
0.00014108 -1.68 -0.78
0.00014112 -1.76 -0.8
0.00014116 -1.84 -0.82
0.0001412 -1.92 -0.84
0.00014124 -2 -0.86
0.00014128 -2.16 -0.84
0.00014132 -2.16 -0.86
0.00014136 -2.32 -0.88
0.0001414 -2.32 -0.9
0.00014144 -2.4 -0.9
0.00014148 -2.56 -0.9
0.00014152 -2.64 -0.92
0.00014156 -2.64 -0.94
0.0001416 -2.8 -0.96
0.00014164 -2.8 -0.94
0.00014168 -2.88 -0.96
0.00014172 -2.96 -0.98
0.00014176 -3.04 -1
0.0001418 -3.12 -1
0.00014184 -3.2 -1
0.00014188 -3.28 -1.02
0.00014192 -3.28 -1.02
0.00014196 -3.44 -1.02
0.000142 -3.52 -1.04
0.00014204 -3.52 -1.04
0.00014208 -3.6 -1.06
0.00014212 -3.68 -1.06
0.00014216 -3.76 -1.08
0.0001422 -3.76 -1.06
0.00014224 -3.92 -1.08
0.00014228 -3.92 -1.1
0.00014232 -3.92 -1.1
0.00014236 -4.08 -1.1
0.0001424 -4.16 -1.12
0.00014244 -4.16 -1.12
0.00014248 -4.24 -1.12
0.00014252 -4.24 -1.12
0.00014256 -4.32 -1.14
0.0001426 -4.4 -1.14
0.00014264 -4.48 -1.14
0.00014268 -4.56 -1.16
0.00014272 -4.56 -1.18
0.00014276 -4.72 -1.16
0.0001428 -4.64 -1.18
0.00014284 -4.8 -1.18
0.00014288 -4.8 -1.18
0.00014292 -4.8 -1.18
0.00014296 -4.88 -1.18
0.000143 -4.88 -1.2
0.00014304 -5.04 -1.18
0.00014308 -5.04 -1.2
0.00014312 -5.12 -1.2
0.00014316 -5.12 -1.2
0.0001432 -5.2 -1.2
0.00014324 -5.2 -1.2
0.00014328 -5.2 -1.2
0.00014332 -5.2 -1.2
0.00014336 -5.36 -1.22
0.0001434 -5.36 -1.2
0.00014344 -5.44 -1.2
0.00014348 -5.44 -1.2
0.00014352 -5.44 -1.2
0.00014356 -5.44 -1.2
0.0001436 -5.52 -1.22
0.00014364 -5.52 -1.2
0.00014368 -5.6 -1.22
0.00014372 -5.68 -1.2
0.00014376 -5.68 -1.2
0.0001438 -5.68 -1.2
0.00014384 -5.68 -1.2
0.00014388 -5.68 -1.2
0.00014392 -5.76 -1.18
0.00014396 -5.76 -1.2
0.000144 -5.76 -1.18
0.00014404 -5.76 -1.2
0.00014408 -5.76 -1.18
0.00014412 -5.84 -1.18
0.00014416 -5.76 -1.18
0.0001442 -5.84 -1.16
0.00014424 -5.84 -1.16
0.00014428 -5.84 -1.14
0.00014432 -5.92 -1.14
0.00014436 -5.84 -1.14
0.0001444 -5.84 -1.14
0.00014444 -5.84 -1.14
0.00014448 -5.92 -1.12
0.00014452 -5.92 -1.14
0.00014456 -6 -1.12
0.0001446 -5.84 -1.12
0.00014464 -5.92 -1.12
0.00014468 -6 -1.1
0.00014472 -5.84 -1.1
0.00014476 -6 -1.08
0.0001448 -5.92 -1.08
0.00014484 -5.84 -1.08
0.00014488 -5.92 -1.06
0.00014492 -5.84 -1.06
0.00014496 -5.92 -1.04
0.000145 -5.84 -1.04
0.00014504 -5.84 -1.02
0.00014508 -5.84 -1.02
0.00014512 -5.84 -1.02
0.00014516 -5.84 -1
0.0001452 -5.84 -0.98
0.00014524 -5.76 -0.98
0.00014528 -5.76 -0.98
0.00014532 -5.68 -0.96
0.00014536 -5.76 -0.96
0.0001454 -5.68 -0.94
0.00014544 -5.68 -0.94
0.00014548 -5.68 -0.92
0.00014552 -5.68 -0.9
0.00014556 -5.52 -0.9
0.0001456 -5.52 -0.9
0.00014564 -5.52 -0.88
0.00014568 -5.52 -0.86
0.00014572 -5.44 -0.84
0.00014576 -5.44 -0.84
0.0001458 -5.36 -0.82
0.00014584 -5.36 -0.82
0.00014588 -5.36 -0.8
0.00014592 -5.28 -0.78
0.00014596 -5.2 -0.78
0.000146 -5.2 -0.76
0.00014604 -5.2 -0.74
0.00014608 -5.12 -0.74
0.00014612 -5.12 -0.72
0.00014616 -5.04 -0.72
0.0001462 -4.96 -0.7
0.00014624 -4.88 -0.7
0.00014628 -4.88 -0.66
0.00014632 -4.8 -0.66
0.00014636 -4.8 -0.64
0.0001464 -4.8 -0.62
0.00014644 -4.72 -0.6
0.00014648 -4.64 -0.6
0.00014652 -4.56 -0.58
0.00014656 -4.56 -0.56
0.0001466 -4.48 -0.54
0.00014664 -4.4 -0.52
0.00014668 -4.4 -0.52
0.00014672 -4.24 -0.5
0.00014676 -4.24 -0.5
0.0001468 -4.16 -0.46
0.00014684 -4.16 -0.46
0.00014688 -4.08 -0.44
0.00014692 -4 -0.44
0.00014696 -3.92 -0.4
0.000147 -3.92 -0.4
0.00014704 -3.84 -0.38
0.00014708 -3.76 -0.38
0.00014712 -3.76 -0.34
0.00014716 -3.6 -0.32
0.0001472 -3.52 -0.3
0.00014724 -3.52 -0.28
0.00014728 -3.44 -0.3
0.00014732 -3.28 -0.26
0.00014736 -3.28 -0.24
0.0001474 -3.2 -0.24
0.00014744 -3.12 -0.22
0.00014748 -3.04 -0.22
0.00014752 -2.96 -0.18
0.00014756 -2.96 -0.16
0.0001476 -2.8 -0.16
0.00014764 -2.72 -0.14
0.00014768 -2.64 -0.1
0.00014772 -2.56 -0.08
0.00014776 -2.56 -0.08
0.0001478 -2.4 -0.06
0.00014784 -2.32 -0.06
0.00014788 -2.32 0
0.00014792 -2.24 0
0.00014796 -2.16 0
0.000148 -2 0.02
0.00014804 -1.92 0.06
0.00014808 -1.92 0.08
0.00014812 -1.84 0.08
0.00014816 -1.68 0.1
0.0001482 -1.68 0.1
0.00014824 -1.6 0.12
0.00014828 -1.44 0.16
0.00014832 -1.36 0.18
0.00014836 -1.36 0.18
0.0001484 -1.28 0.2
0.00014844 -1.2 0.2
0.00014848 -1.04 0.22
0.00014852 -0.96 0.24
0.00014856 -0.88 0.26
0.0001486 -0.8 0.28
0.00014864 -0.72 0.3
0.00014868 -0.64 0.3
0.00014872 -0.56 0.32
0.00014876 -0.48 0.34
0.0001488 -0.4 0.34
0.00014884 -0.24 0.36
0.00014888 -0.24 0.38
0.00014892 0 0.42
0.00014896 0.08 0.42
0.000149 0.16 0.42
0.00014904 0.24 0.44
0.00014908 0.32 0.46
0.00014912 0.32 0.48
0.00014916 0.48 0.5
0.0001492 0.48 0.52
0.00014924 0.64 0.52
0.00014928 0.72 0.54
0.00014932 0.8 0.56
0.00014936 0.96 0.56
0.0001494 0.96 0.58
0.00014944 1.12 0.6
0.00014948 1.12 0.62
0.00014952 1.2 0.62
0.00014956 1.28 0.64
0.0001496 1.44 0.66
0.00014964 1.44 0.68
0.00014968 1.6 0.68
0.00014972 1.6 0.68
0.00014976 1.68 0.7
0.0001498 1.76 0.72
0.00014984 1.92 0.72
0.00014988 1.92 0.74
0.00014992 2.08 0.74
0.00014996 2.08 0.78
0.00015 2.24 0.8
0.00015004 2.24 0.8
0.00015008 2.32 0.8
0.00015012 2.4 0.8
0.00015016 2.56 0.84
0.0001502 2.56 0.84
0.00015024 2.64 0.84
0.00015028 2.72 0.86
0.00015032 2.88 0.88
0.00015036 2.88 0.88
0.0001504 2.96 0.88
0.00015044 3.04 0.9
0.00015048 3.04 0.9
0.00015052 3.2 0.9
0.00015056 3.28 0.94
0.0001506 3.36 0.92
0.00015064 3.36 0.96
0.00015068 3.52 0.96
0.00015072 3.52 0.96
0.00015076 3.6 0.96
0.0001508 3.68 0.96
0.00015084 3.68 0.98
0.00015088 3.84 1
0.00015092 3.84 1
0.00015096 3.92 1
0.000151 4 1
0.00015104 4 1.02
0.00015108 4.16 1.02
0.00015112 4.16 1.02
0.00015116 4.24 1.04
0.0001512 4.24 1.04
0.00015124 4.32 1.04
0.00015128 4.48 1.04
0.00015132 4.48 1.06
0.00015136 4.48 1.06
0.0001514 4.64 1.06
0.00015144 4.64 1.06
0.00015148 4.64 1.06
0.00015152 4.8 1.08
0.00015156 4.8 1.08
0.0001516 4.8 1.08
0.00015164 4.88 1.08
0.00015168 4.96 1.08
0.00015172 4.96 1.08
0.00015176 4.96 1.1
0.0001518 5.12 1.1
0.00015184 5.12 1.1
0.00015188 5.12 1.1
0.00015192 5.12 1.1
0.00015196 5.2 1.08
0.000152 5.28 1.1
0.00015204 5.28 1.08
0.00015208 5.28 1.12
0.00015212 5.44 1.1
0.00015216 5.44 1.1
0.0001522 5.44 1.08
0.00015224 5.44 1.1
0.00015228 5.52 1.1
0.00015232 5.52 1.1
0.00015236 5.52 1.1
0.0001524 5.52 1.1
0.00015244 5.52 1.12
0.00015248 5.6 1.08
0.00015252 5.6 1.08
0.00015256 5.6 1.08
0.0001526 5.6 1.08
0.00015264 5.68 1.08
0.00015268 5.76 1.08
0.00015272 5.76 1.06
0.00015276 5.76 1.08
0.0001528 5.84 1.06
0.00015284 5.76 1.06
0.00015288 5.76 1.06
0.00015292 5.76 1.06
0.00015296 5.84 1.06
0.000153 5.84 1.06
0.00015304 5.84 1.04
0.00015308 5.84 1.04
0.00015312 5.84 1.04
0.00015316 5.92 1.04
0.0001532 5.84 1.02
0.00015324 5.84 1
0.00015328 5.84 1
0.00015332 5.84 1
0.00015336 5.76 0.98
0.0001534 5.84 0.98
0.00015344 5.84 0.96
0.00015348 5.84 0.98
0.00015352 5.76 0.96
0.00015356 5.76 0.96
0.0001536 5.84 0.94
0.00015364 5.76 0.92
0.00015368 5.76 0.92
0.00015372 5.76 0.92
0.00015376 5.76 0.9
0.0001538 5.76 0.9
0.00015384 5.76 0.88
0.00015388 5.76 0.9
0.00015392 5.6 0.88
0.00015396 5.6 0.86
0.000154 5.6 0.84
0.00015404 5.6 0.86
0.00015408 5.52 0.84
0.00015412 5.52 0.82
0.00015416 5.52 0.82
0.0001542 5.44 0.8
0.00015424 5.44 0.8
0.00015428 5.44 0.76
0.00015432 5.44 0.74
0.00015436 5.44 0.74
0.0001544 5.36 0.74
0.00015444 5.28 0.72
0.00015448 5.28 0.7
0.00015452 5.2 0.72
0.00015456 5.12 0.68
0.0001546 5.12 0.68
0.00015464 5.12 0.66
0.00015468 5.12 0.64
0.00015472 5.04 0.64
0.00015476 4.96 0.62
0.0001548 4.96 0.6
0.00015484 4.88 0.58
0.00015488 4.88 0.56
0.00015492 4.8 0.56
0.00015496 4.8 0.56
0.000155 4.72 0.54
0.00015504 4.64 0.52
0.00015508 4.56 0.5
0.00015512 4.48 0.5
0.00015516 4.48 0.48
0.0001552 4.4 0.46
0.00015524 4.32 0.42
0.00015528 4.24 0.42
0.00015532 4.24 0.4
0.00015536 4.16 0.4
0.0001554 4.16 0.36
0.00015544 4.16 0.36
0.00015548 3.92 0.34
0.00015552 3.92 0.32
0.00015556 3.92 0.32
0.0001556 3.84 0.3
0.00015564 3.76 0.28
0.00015568 3.68 0.28
0.00015572 3.68 0.24
0.00015576 3.52 0.24
0.0001558 3.52 0.24
0.00015584 3.36 0.22
0.00015588 3.36 0.2
0.00015592 3.28 0.16
0.00015596 3.28 0.16
0.000156 3.2 0.14
0.00015604 3.04 0.12
0.00015608 2.96 0.1
0.00015612 2.96 0.08
0.00015616 2.88 0.08
0.0001562 2.72 0.06
0.00015624 2.64 0.02
0.00015628 2.64 0.02
0.00015632 2.56 0
0.00015636 2.4 0
0.0001564 2.32 -0.06
0.00015644 2.32 -0.06
0.00015648 2.24 -0.08
0.00015652 2.24 -0.08
0.00015656 2.08 -0.1
0.0001566 2.08 -0.12
0.00015664 1.92 -0.14
0.00015668 1.84 -0.16
0.00015672 1.76 -0.16
0.00015676 1.6 -0.18
0.0001568 1.6 -0.22
0.00015684 1.52 -0.22
0.00015688 1.44 -0.24
0.00015692 1.28 -0.26
0.00015696 1.28 -0.28
0.000157 1.12 -0.3
0.00015704 1.12 -0.3
0.00015708 1.04 -0.32
0.00015712 0.96 -0.34
0.00015716 0.8 -0.36
0.0001572 0.8 -0.38
0.00015724 0.64 -0.38
0.00015728 0.64 -0.4
0.00015732 0.48 -0.42
0.00015736 0.4 -0.44
0.0001574 0.32 -0.44
0.00015744 0.32 -0.46
0.00015748 0.16 -0.48
0.00015752 0.08 -0.5
0.00015756 0 -0.5
0.0001576 -0.16 -0.52
0.00015764 -0.32 -0.54
0.00015768 -0.32 -0.56
0.00015772 -0.4 -0.58
0.00015776 -0.56 -0.58
0.0001578 -0.64 -0.6
0.00015784 -0.72 -0.62
0.00015788 -0.72 -0.64
0.00015792 -0.88 -0.64
0.00015796 -0.96 -0.66
0.000158 -1.04 -0.7
0.00015804 -1.04 -0.68
0.00015808 -1.2 -0.7
0.00015812 -1.28 -0.72
0.00015816 -1.36 -0.72
0.0001582 -1.44 -0.74
0.00015824 -1.52 -0.74
0.00015828 -1.6 -0.76
0.00015832 -1.68 -0.78
0.00015836 -1.76 -0.8
0.0001584 -1.84 -0.82
0.00015844 -1.92 -0.8
0.00015848 -2 -0.82
0.00015852 -2.16 -0.86
0.00015856 -2.16 -0.86
0.0001586 -2.24 -0.88
0.00015864 -2.32 -0.9
0.00015868 -2.4 -0.9
0.00015872 -2.48 -0.9
0.00015876 -2.56 -0.92
0.0001588 -2.64 -0.92
0.00015884 -2.72 -0.94
0.00015888 -2.8 -0.96
0.00015892 -2.88 -0.96
0.00015896 -2.96 -0.98
0.000159 -2.96 -0.98
0.00015904 -3.04 -1
0.00015908 -3.2 -1
0.00015912 -3.28 -1.02
0.00015916 -3.28 -1.02
0.0001592 -3.36 -1.02
0.00015924 -3.52 -1.04
0.00015928 -3.52 -1.04
0.00015932 -3.6 -1.06
0.00015936 -3.76 -1.04
0.0001594 -3.76 -1.06
0.00015944 -3.76 -1.08
0.00015948 -3.92 -1.08
0.00015952 -3.92 -1.08
0.00015956 -4.08 -1.1
0.0001596 -4.08 -1.1
0.00015964 -4.08 -1.12
0.00015968 -4.24 -1.12
0.00015972 -4.24 -1.12
0.00015976 -4.24 -1.14
0.0001598 -4.24 -1.14
0.00015984 -4.4 -1.12
0.00015988 -4.48 -1.14
0.00015992 -4.56 -1.14
0.00015996 -4.56 -1.16
