0 -5.52 -1.24
4e-08 -5.52 -1.24
8e-08 5.28 0.86
1.2e-07 5.28 0.86
1.6e-07 5.2 0.86
2e-07 5.12 0.84
2.4e-07 5.12 0.82
2.8e-07 5.12 0.82
3.2e-07 5.04 0.82
3.6e-07 4.96 0.8
4e-07 4.96 0.76
4.4e-07 4.88 0.76
4.8e-07 4.88 0.74
5.2e-07 4.8 0.74
5.6e-07 4.8 0.72
6e-07 4.72 0.72
6.4e-07 4.64 0.7
6.8e-07 4.56 0.68
7.2e-07 4.56 0.68
7.6e-07 4.48 0.64
8e-07 4.48 0.64
8.4e-07 4.32 0.64
8.8e-07 4.24 0.64
9.2e-07 4.24 0.6
9.6e-07 4.16 0.58
1e-06 4.16 0.58
1.04e-06 4.16 0.56
1.08e-06 4 0.52
1.12e-06 3.92 0.5
1.16e-06 3.84 0.5
1.2e-06 3.84 0.5
1.24e-06 3.76 0.48
1.28e-06 3.68 0.46
1.32e-06 3.68 0.44
1.36e-06 3.52 0.42
1.4e-06 3.52 0.42
1.44e-06 3.44 0.4
1.48e-06 3.36 0.38
1.52e-06 3.28 0.36
1.56e-06 3.2 0.36
1.6e-06 3.2 0.32
1.64e-06 3.04 0.32
1.68e-06 3.04 0.28
1.72e-06 2.88 0.28
1.76e-06 2.88 0.26
1.8e-06 2.72 0.24
1.84e-06 2.72 0.24
1.88e-06 2.64 0.22
1.92e-06 2.56 0.2
1.96e-06 2.48 0.18
2e-06 2.4 0.16
2.04e-06 2.32 0.12
2.08e-06 2.24 0.12
2.12e-06 2.16 0.12
2.16e-06 2.08 0.08
2.2e-06 2 0.08
2.24e-06 1.92 0.06
2.28e-06 1.84 0.04
2.32e-06 1.68 0.02
2.36e-06 1.6 0
2.4e-06 1.6 -0.04
2.44e-06 1.44 -0.06
2.48e-06 1.44 -0.06
2.52e-06 1.36 -0.08
2.56e-06 1.28 -0.1
2.6e-06 1.2 -0.1
2.64e-06 1.04 -0.12
2.68e-06 0.96 -0.14
2.72e-06 0.96 -0.16
2.76e-06 0.8 -0.18
2.8e-06 0.8 -0.18
2.84e-06 0.64 -0.22
2.88e-06 0.64 -0.24
2.92e-06 0.48 -0.28
2.96e-06 0.4 -0.28
3e-06 0.32 -0.28
3.04e-06 0.24 -0.3
3.08e-06 0.16 -0.32
3.12e-06 0.08 -0.34
3.16e-06 0 -0.34
3.2e-06 -0.24 -0.34
3.24e-06 -0.24 -0.4
3.28e-06 -0.4 -0.4
3.32e-06 -0.48 -0.42
3.36e-06 -0.56 -0.42
3.4e-06 -0.64 -0.44
3.44e-06 -0.72 -0.46
3.48e-06 -0.8 -0.5
3.52e-06 -0.88 -0.5
3.56e-06 -0.96 -0.5
3.6e-06 -1.04 -0.54
3.64e-06 -1.2 -0.56
3.68e-06 -1.2 -0.56
3.72e-06 -1.28 -0.56
3.76e-06 -1.36 -0.6
3.8e-06 -1.52 -0.62
3.84e-06 -1.52 -0.62
3.88e-06 -1.68 -0.64
3.92e-06 -1.68 -0.66
3.96e-06 -1.84 -0.68
4e-06 -1.92 -0.7
4.04e-06 -1.92 -0.72
4.08e-06 -2 -0.72
4.12e-06 -2.16 -0.74
4.16e-06 -2.24 -0.74
4.2e-06 -2.32 -0.78
4.24e-06 -2.32 -0.78
4.28e-06 -2.4 -0.78
4.32e-06 -2.56 -0.8
4.36e-06 -2.56 -0.82
4.4e-06 -2.64 -0.84
4.44e-06 -2.8 -0.82
4.48e-06 -2.88 -0.86
4.52e-06 -2.96 -0.9
4.56e-06 -2.96 -0.88
4.6e-06 -3.12 -0.9
4.64e-06 -3.12 -0.92
4.68e-06 -3.2 -0.9
4.72e-06 -3.28 -0.92
4.76e-06 -3.28 -0.94
4.8e-06 -3.44 -0.94
4.84e-06 -3.52 -0.96
4.88e-06 -3.52 -0.98
4.92e-06 -3.6 -0.98
4.96e-06 -3.6 -1
5e-06 -3.76 -1.02
5.04e-06 -3.92 -1.02
5.08e-06 -3.92 -1.04
5.12e-06 -3.92 -1.04
5.16e-06 -4 -1.04
5.2e-06 -4.08 -1.06
5.24e-06 -4.16 -1.06
5.28e-06 -4.24 -1.08
5.32e-06 -4.24 -1.08
5.36e-06 -4.24 -1.1
5.4e-06 -4.4 -1.1
5.44e-06 -4.4 -1.12
5.48e-06 -4.56 -1.12
5.52e-06 -4.56 -1.12
5.56e-06 -4.56 -1.14
5.6e-06 -4.72 -1.14
5.64e-06 -4.72 -1.12
5.68e-06 -4.8 -1.16
5.72e-06 -4.88 -1.16
5.76e-06 -4.88 -1.16
5.8e-06 -4.88 -1.18
5.84e-06 -4.96 -1.18
5.88e-06 -5.04 -1.2
5.92e-06 -5.12 -1.18
5.96e-06 -5.12 -1.2
6e-06 -5.12 -1.18
6.04e-06 -5.2 -1.2
6.08e-06 -5.2 -1.22
6.12e-06 -5.2 -1.2
6.16e-06 -5.36 -1.22
6.2e-06 -5.36 -1.22
6.24e-06 -5.36 -1.22
6.28e-06 -5.44 -1.22
6.32e-06 -5.44 -1.22
6.36e-06 -5.52 -1.22
6.4e-06 -5.52 -1.22
6.44e-06 -5.52 -1.24
6.48e-06 -5.52 -1.22
6.52e-06 -5.6 -1.22
6.56e-06 -5.6 -1.22
6.6e-06 -5.68 -1.22
6.64e-06 -5.68 -1.22
6.68e-06 -5.68 -1.22
6.72e-06 -5.76 -1.24
6.76e-06 -5.76 -1.22
6.8e-06 -5.76 -1.26
6.84e-06 -5.76 -1.24
6.88e-06 -5.76 -1.22
6.92e-06 -5.84 -1.22
6.96e-06 -5.76 -1.22
7e-06 -5.84 -1.24
7.04e-06 -5.84 -1.22
7.08e-06 -5.84 -1.22
7.12e-06 -5.84 -1.22
7.16e-06 -5.84 -1.22
7.2e-06 -5.84 -1.22
7.24e-06 -5.92 -1.2
7.28e-06 -5.84 -1.2
7.32e-06 -5.92 -1.2
7.36e-06 -5.84 -1.2
7.4e-06 -5.92 -1.2
7.44e-06 -5.92 -1.2
7.48e-06 -5.92 -1.22
7.52e-06 -5.92 -1.2
7.56e-06 -5.84 -1.18
7.6e-06 -5.84 -1.18
7.64e-06 -5.84 -1.16
7.68e-06 -5.84 -1.18
7.72e-06 -5.92 -1.18
7.76e-06 -5.84 -1.16
7.8e-06 -5.84 -1.14
7.84e-06 -5.84 -1.14
7.88e-06 -5.84 -1.14
7.92e-06 -5.84 -1.12
7.96e-06 -5.84 -1.12
8e-06 -5.76 -1.12
8.04e-06 -5.76 -1.1
8.08e-06 -5.76 -1.1
8.12e-06 -5.76 -1.1
8.16e-06 -5.68 -1.08
8.2e-06 -5.68 -1.06
8.24e-06 -5.68 -1.06
8.28e-06 -5.68 -1.06
8.32e-06 -5.52 -1.04
8.36e-06 -5.6 -1.04
8.4e-06 -5.52 -1.02
8.44e-06 -5.52 -1.02
8.48e-06 -5.44 -1
8.52e-06 -5.44 -0.98
8.56e-06 -5.44 -0.98
8.6e-06 -5.36 -0.98
8.64e-06 -5.36 -0.96
8.68e-06 -5.36 -0.94
8.72e-06 -5.2 -0.96
8.76e-06 -5.2 -0.94
8.8e-06 -5.12 -0.92
8.84e-06 -5.2 -0.9
8.88e-06 -5.12 -0.88
8.92e-06 -5.04 -0.88
8.96e-06 -5.04 -0.86
9e-06 -4.88 -0.86
9.04e-06 -4.88 -0.84
9.08e-06 -4.88 -0.84
9.12e-06 -4.8 -0.82
9.16e-06 -4.8 -0.8
9.2e-06 -4.72 -0.78
9.24e-06 -4.72 -0.78
9.28e-06 -4.64 -0.78
9.32e-06 -4.56 -0.74
9.36e-06 -4.48 -0.72
9.4e-06 -4.4 -0.72
9.44e-06 -4.4 -0.7
9.48e-06 -4.24 -0.68
9.52e-06 -4.24 -0.66
9.56e-06 -4.16 -0.66
9.6e-06 -4.16 -0.64
9.64e-06 -4.08 -0.64
9.68e-06 -4 -0.62
9.72e-06 -3.92 -0.58
9.76e-06 -3.84 -0.58
9.8e-06 -3.84 -0.56
9.84e-06 -3.76 -0.56
9.88e-06 -3.68 -0.52
9.92e-06 -3.6 -0.52
9.96e-06 -3.6 -0.52
1e-05 -3.52 -0.48
1.004e-05 -3.44 -0.46
1.008e-05 -3.28 -0.44
1.012e-05 -3.28 -0.44
1.016e-05 -3.2 -0.42
1.02e-05 -3.12 -0.38
1.024e-05 -2.96 -0.38
1.028e-05 -2.96 -0.36
1.032e-05 -2.88 -0.36
1.036e-05 -2.8 -0.34
1.04e-05 -2.72 -0.32
1.044e-05 -2.64 -0.3
1.048e-05 -2.64 -0.26
1.052e-05 -2.48 -0.26
1.056e-05 -2.48 -0.24
1.06e-05 -2.32 -0.22
1.064e-05 -2.32 -0.22
1.068e-05 -2.24 -0.2
1.072e-05 -2.16 -0.16
1.076e-05 -2 -0.16
1.08e-05 -2 -0.14
1.084e-05 -1.92 -0.12
1.088e-05 -1.84 -0.12
1.092e-05 -1.68 -0.1
1.096e-05 -1.6 -0.08
1.1e-05 -1.52 -0.06
1.104e-05 -1.52 -0.04
1.108e-05 -1.36 -0.04
1.112e-05 -1.28 0.02
1.116e-05 -1.2 0.04
1.12e-05 -1.2 0.04
1.124e-05 -1.04 0.08
1.128e-05 -0.96 0.08
1.132e-05 -0.96 0.12
1.136e-05 -0.8 0.1
1.14e-05 -0.72 0.12
1.144e-05 -0.64 0.14
1.148e-05 -0.56 0.18
1.152e-05 -0.4 0.18
1.156e-05 -0.4 0.18
1.16e-05 -0.24 0.2
1.164e-05 -0.24 0.24
1.168e-05 0 0.26
1.172e-05 0.08 0.26
1.176e-05 0.16 0.28
1.18e-05 0.16 0.3
1.184e-05 0.32 0.32
1.188e-05 0.4 0.34
1.192e-05 0.48 0.34
1.196e-05 0.64 0.36
1.2e-05 0.64 0.4
1.204e-05 0.8 0.4
1.208e-05 0.8 0.42
1.212e-05 0.96 0.42
1.216e-05 1.04 0.44
1.22e-05 1.12 0.48
1.224e-05 1.2 0.46
1.228e-05 1.28 0.5
1.232e-05 1.36 0.52
1.236e-05 1.44 0.54
1.24e-05 1.6 0.56
1.244e-05 1.6 0.56
1.248e-05 1.68 0.58
1.252e-05 1.68 0.58
1.256e-05 1.84 0.6
1.26e-05 1.92 0.62
1.264e-05 2 0.62
1.268e-05 2.08 0.66
1.272e-05 2.16 0.66
1.276e-05 2.24 0.66
1.28e-05 2.32 0.68
1.284e-05 2.4 0.7
1.288e-05 2.4 0.72
1.292e-05 2.56 0.74
1.296e-05 2.64 0.74
1.3e-05 2.72 0.74
1.304e-05 2.72 0.76
1.308e-05 2.88 0.8
1.312e-05 2.96 0.8
1.316e-05 2.96 0.8
1.32e-05 3.12 0.8
1.324e-05 3.2 0.84
1.328e-05 3.28 0.84
1.332e-05 3.28 0.86
1.336e-05 3.36 0.86
1.34e-05 3.52 0.88
1.344e-05 3.52 0.9
1.348e-05 3.6 0.9
1.352e-05 3.6 0.9
1.356e-05 3.68 0.92
1.36e-05 3.76 0.92
1.364e-05 3.84 0.94
1.368e-05 3.84 0.94
1.372e-05 3.92 0.96
1.376e-05 4 0.96
1.38e-05 4.08 0.98
1.384e-05 4.16 0.98
1.388e-05 4.24 1
1.392e-05 4.32 1
1.396e-05 4.32 1.02
1.4e-05 4.32 1
1.404e-05 4.48 1
1.408e-05 4.48 1.04
1.412e-05 4.56 1.04
1.416e-05 4.64 1.06
1.42e-05 4.64 1.06
1.424e-05 4.72 1.04
1.428e-05 4.8 1.06
1.432e-05 4.88 1.08
1.436e-05 4.88 1.06
1.44e-05 4.88 1.08
1.444e-05 4.96 1.08
1.448e-05 4.96 1.1
1.452e-05 5.04 1.08
1.456e-05 5.12 1.12
1.46e-05 5.12 1.12
1.464e-05 5.2 1.12
1.468e-05 5.2 1.12
1.472e-05 5.2 1.1
1.476e-05 5.2 1.12
1.48e-05 5.28 1.1
1.484e-05 5.44 1.14
1.488e-05 5.44 1.14
1.492e-05 5.44 1.14
1.496e-05 5.44 1.12
1.5e-05 5.52 1.14
1.504e-05 5.52 1.14
1.508e-05 5.52 1.14
1.512e-05 5.52 1.14
1.516e-05 5.6 1.14
1.52e-05 5.6 1.16
1.524e-05 5.6 1.14
1.528e-05 5.6 1.14
1.532e-05 5.6 1.14
1.536e-05 5.68 1.14
1.54e-05 5.76 1.14
1.544e-05 5.68 1.14
1.548e-05 5.76 1.14
1.552e-05 5.76 1.14
1.556e-05 5.76 1.14
1.56e-05 5.84 1.14
1.564e-05 5.84 1.12
1.568e-05 5.84 1.12
1.572e-05 5.84 1.14
1.576e-05 5.84 1.12
1.58e-05 5.76 1.12
1.584e-05 5.76 1.12
1.588e-05 5.84 1.12
1.592e-05 5.84 1.12
1.596e-05 5.92 1.1
1.6e-05 5.84 1.08
1.604e-05 5.84 1.08
1.608e-05 5.84 1.08
1.612e-05 5.84 1.08
1.616e-05 5.76 1.08
1.62e-05 5.76 1.06
1.624e-05 5.76 1.06
1.628e-05 5.76 1.06
1.632e-05 5.76 1.04
1.636e-05 5.76 1.04
1.64e-05 5.76 1.04
1.644e-05 5.76 1.04
1.648e-05 5.76 1.04
1.652e-05 5.68 1.02
1.656e-05 5.6 1
1.66e-05 5.6 1
1.664e-05 5.6 1
1.668e-05 5.6 0.98
1.672e-05 5.6 0.98
1.676e-05 5.52 0.98
1.68e-05 5.52 0.96
1.684e-05 5.52 0.96
1.688e-05 5.52 0.92
1.692e-05 5.44 0.94
1.696e-05 5.44 0.92
1.7e-05 5.44 0.92
1.704e-05 5.44 0.9
1.708e-05 5.28 0.9
1.712e-05 5.28 0.88
1.716e-05 5.2 0.88
1.72e-05 5.2 0.86
1.724e-05 5.12 0.84
1.728e-05 5.12 0.82
1.732e-05 5.12 0.82
1.736e-05 5.04 0.8
1.74e-05 4.96 0.8
1.744e-05 4.96 0.8
1.748e-05 4.88 0.8
1.752e-05 4.88 0.76
1.756e-05 4.8 0.72
1.76e-05 4.8 0.72
1.764e-05 4.8 0.72
1.768e-05 4.64 0.72
1.772e-05 4.64 0.68
1.776e-05 4.56 0.68
1.78e-05 4.48 0.66
1.784e-05 4.48 0.66
1.788e-05 4.4 0.66
1.792e-05 4.32 0.62
1.796e-05 4.32 0.6
1.8e-05 4.24 0.6
1.804e-05 4.16 0.58
1.808e-05 4.16 0.58
1.812e-05 4 0.56
1.816e-05 4 0.54
1.82e-05 3.92 0.52
1.824e-05 3.84 0.5
1.828e-05 3.84 0.48
1.832e-05 3.76 0.46
1.836e-05 3.6 0.46
1.84e-05 3.6 0.42
1.844e-05 3.52 0.44
1.848e-05 3.52 0.38
1.852e-05 3.36 0.4
1.856e-05 3.28 0.36
1.86e-05 3.28 0.36
1.864e-05 3.2 0.34
1.868e-05 3.12 0.32
1.872e-05 3.04 0.32
1.876e-05 2.96 0.32
1.88e-05 2.88 0.26
1.884e-05 2.88 0.26
1.888e-05 2.72 0.24
1.892e-05 2.64 0.24
1.896e-05 2.56 0.2
1.9e-05 2.56 0.18
1.904e-05 2.4 0.16
1.908e-05 2.32 0.16
1.912e-05 2.24 0.14
1.916e-05 2.24 0.1
1.92e-05 2.08 0.1
1.924e-05 2 0.08
1.928e-05 1.92 0.1
1.932e-05 1.92 0.06
1.936e-05 1.76 0.04
1.94e-05 1.68 0.02
1.944e-05 1.6 0
1.948e-05 1.6 -0.04
1.952e-05 1.44 -0.08
1.956e-05 1.36 -0.08
1.96e-05 1.28 -0.08
1.964e-05 1.28 -0.1
1.968e-05 1.12 -0.12
1.972e-05 1.04 -0.14
1.976e-05 0.96 -0.16
1.98e-05 0.88 -0.16
1.984e-05 0.8 -0.18
1.988e-05 0.72 -0.22
1.992e-05 0.64 -0.24
1.996e-05 0.56 -0.22
2e-05 0.48 -0.26
2.004e-05 0.32 -0.28
2.008e-05 0.32 -0.3
2.012e-05 0.16 -0.32
2.016e-05 0.08 -0.32
2.02e-05 0 -0.34
2.024e-05 -0.16 -0.36
2.028e-05 -0.24 -0.36
2.032e-05 -0.32 -0.4
2.036e-05 -0.32 -0.4
2.04e-05 -0.56 -0.42
2.044e-05 -0.56 -0.44
2.048e-05 -0.64 -0.46
2.052e-05 -0.72 -0.46
2.056e-05 -0.8 -0.48
2.06e-05 -0.96 -0.5
2.064e-05 -1.04 -0.52
2.068e-05 -1.04 -0.54
2.072e-05 -1.2 -0.56
2.076e-05 -1.28 -0.58
2.08e-05 -1.36 -0.6
2.084e-05 -1.36 -0.6
2.088e-05 -1.52 -0.6
2.092e-05 -1.6 -0.62
2.096e-05 -1.68 -0.66
2.1e-05 -1.76 -0.66
2.104e-05 -1.84 -0.68
2.108e-05 -1.92 -0.7
2.112e-05 -2 -0.7
2.116e-05 -2.08 -0.72
2.12e-05 -2.16 -0.74
2.124e-05 -2.24 -0.74
2.128e-05 -2.32 -0.76
2.132e-05 -2.4 -0.8
2.136e-05 -2.48 -0.78
2.14e-05 -2.56 -0.8
2.144e-05 -2.64 -0.82
2.148e-05 -2.72 -0.84
2.152e-05 -2.8 -0.86
2.156e-05 -2.88 -0.84
2.16e-05 -2.96 -0.86
2.164e-05 -2.96 -0.88
2.168e-05 -3.12 -0.9
2.172e-05 -3.2 -0.92
2.176e-05 -3.28 -0.92
2.18e-05 -3.28 -0.94
2.184e-05 -3.44 -0.96
2.188e-05 -3.44 -0.96
2.192e-05 -3.6 -0.96
2.196e-05 -3.6 -0.98
2.2e-05 -3.6 -1
2.204e-05 -3.76 -1
2.208e-05 -3.84 -1.02
2.212e-05 -3.84 -1.02
2.216e-05 -3.92 -1.04
2.22e-05 -4 -1.04
2.224e-05 -4.08 -1.04
2.228e-05 -4.08 -1.06
2.232e-05 -4.08 -1.08
2.236e-05 -4.24 -1.08
2.24e-05 -4.24 -1.1
2.244e-05 -4.4 -1.08
2.248e-05 -4.4 -1.1
2.252e-05 -4.48 -1.1
2.256e-05 -4.56 -1.12
2.26e-05 -4.56 -1.12
2.264e-05 -4.64 -1.12
2.268e-05 -4.72 -1.14
2.272e-05 -4.72 -1.14
2.276e-05 -4.8 -1.16
2.28e-05 -4.8 -1.14
2.284e-05 -4.88 -1.14
2.288e-05 -4.88 -1.18
2.292e-05 -5.04 -1.18
2.296e-05 -5.04 -1.18
2.3e-05 -5.04 -1.2
2.304e-05 -5.12 -1.2
2.308e-05 -5.2 -1.2
2.312e-05 -5.2 -1.2
2.316e-05 -5.2 -1.2
2.32e-05 -5.28 -1.2
2.324e-05 -5.36 -1.22
2.328e-05 -5.36 -1.22
2.332e-05 -5.36 -1.22
2.336e-05 -5.44 -1.2
2.34e-05 -5.44 -1.22
2.344e-05 -5.44 -1.22
2.348e-05 -5.52 -1.22
2.352e-05 -5.52 -1.22
2.356e-05 -5.52 -1.22
2.36e-05 -5.6 -1.24
2.364e-05 -5.6 -1.24
2.368e-05 -5.68 -1.22
2.372e-05 -5.68 -1.22
2.376e-05 -5.68 -1.24
2.38e-05 -5.76 -1.22
2.384e-05 -5.76 -1.22
2.388e-05 -5.76 -1.22
2.392e-05 -5.84 -1.24
2.396e-05 -5.84 -1.22
2.4e-05 -5.84 -1.22
2.404e-05 -5.84 -1.22
2.408e-05 -5.84 -1.22
2.412e-05 -5.84 -1.22
2.416e-05 -5.84 -1.22
2.42e-05 -5.84 -1.24
2.424e-05 -5.84 -1.22
2.428e-05 -6 -1.22
2.432e-05 -5.84 -1.22
2.436e-05 -5.84 -1.2
2.44e-05 -5.84 -1.2
2.444e-05 -5.92 -1.2
2.448e-05 -5.84 -1.2
2.452e-05 -5.92 -1.2
2.456e-05 -5.84 -1.2
2.46e-05 -5.84 -1.18
2.464e-05 -6 -1.2
2.468e-05 -6 -1.18
2.472e-05 -5.84 -1.18
2.476e-05 -5.84 -1.18
2.48e-05 -5.84 -1.14
2.484e-05 -5.84 -1.16
2.488e-05 -5.84 -1.14
2.492e-05 -5.76 -1.14
2.496e-05 -5.76 -1.12
2.5e-05 -5.84 -1.12
2.504e-05 -5.76 -1.12
2.508e-05 -5.76 -1.1
2.512e-05 -5.76 -1.1
2.516e-05 -5.76 -1.1
2.52e-05 -5.68 -1.1
2.524e-05 -5.68 -1.08
2.528e-05 -5.68 -1.08
2.532e-05 -5.68 -1.06
2.536e-05 -5.68 -1.04
2.54e-05 -5.6 -1.04
2.544e-05 -5.52 -1.04
2.548e-05 -5.52 -1
2.552e-05 -5.44 -1.02
2.556e-05 -5.44 -0.98
2.56e-05 -5.44 -0.98
2.564e-05 -5.36 -0.98
2.568e-05 -5.36 -0.96
2.572e-05 -5.36 -0.96
2.576e-05 -5.2 -0.94
2.58e-05 -5.2 -0.94
2.584e-05 -5.2 -0.94
2.588e-05 -5.2 -0.9
2.592e-05 -5.2 -0.92
2.596e-05 -5.12 -0.88
2.6e-05 -5.04 -0.88
2.604e-05 -4.96 -0.84
2.608e-05 -4.88 -0.84
2.612e-05 -4.88 -0.84
2.616e-05 -4.88 -0.82
2.62e-05 -4.8 -0.8
2.624e-05 -4.72 -0.8
2.628e-05 -4.72 -0.78
2.632e-05 -4.64 -0.74
2.636e-05 -4.56 -0.74
2.64e-05 -4.56 -0.74
2.644e-05 -4.4 -0.72
2.648e-05 -4.4 -0.7
2.652e-05 -4.32 -0.7
2.656e-05 -4.24 -0.68
2.66e-05 -4.24 -0.66
2.664e-05 -4.16 -0.64
2.668e-05 -4.08 -0.64
2.672e-05 -4.08 -0.62
2.676e-05 -3.92 -0.6
2.68e-05 -3.92 -0.58
2.684e-05 -3.84 -0.58
2.688e-05 -3.84 -0.54
2.692e-05 -3.76 -0.54
2.696e-05 -3.6 -0.54
2.7e-05 -3.6 -0.5
2.704e-05 -3.52 -0.48
2.708e-05 -3.44 -0.48
2.712e-05 -3.36 -0.48
2.716e-05 -3.28 -0.44
2.72e-05 -3.2 -0.42
2.724e-05 -3.2 -0.4
2.728e-05 -3.12 -0.38
2.732e-05 -2.96 -0.38
2.736e-05 -2.96 -0.34
2.74e-05 -2.88 -0.34
2.744e-05 -2.8 -0.32
2.748e-05 -2.64 -0.32
2.752e-05 -2.64 -0.28
2.756e-05 -2.56 -0.26
2.76e-05 -2.56 -0.26
2.764e-05 -2.4 -0.24
2.768e-05 -2.32 -0.24
2.772e-05 -2.24 -0.2
2.776e-05 -2.16 -0.18
2.78e-05 -2.16 -0.18
2.784e-05 -2 -0.16
2.788e-05 -1.92 -0.12
2.792e-05 -1.84 -0.1
2.796e-05 -1.68 -0.1
2.8e-05 -1.6 -0.08
2.804e-05 -1.6 -0.06
2.808e-05 -1.52 -0.06
2.812e-05 -1.36 0
2.816e-05 -1.36 0
2.82e-05 -1.28 0.02
2.824e-05 -1.2 0.02
2.828e-05 -1.12 0.04
2.832e-05 -0.96 0.08
2.836e-05 -0.96 0.08
2.84e-05 -0.88 0.1
2.844e-05 -0.72 0.1
2.848e-05 -0.64 0.14
2.852e-05 -0.56 0.16
2.856e-05 -0.56 0.16
2.86e-05 -0.4 0.18
2.864e-05 -0.32 0.2
2.868e-05 -0.24 0.22
2.872e-05 -0.24 0.24
2.876e-05 0 0.26
2.88e-05 0.08 0.28
2.884e-05 0.16 0.28
2.888e-05 0.32 0.32
2.892e-05 0.4 0.32
2.896e-05 0.48 0.34
2.9e-05 0.48 0.36
2.904e-05 0.64 0.4
2.908e-05 0.72 0.4
2.912e-05 0.8 0.4
2.916e-05 0.88 0.42
2.92e-05 0.96 0.44
2.924e-05 1.04 0.44
2.928e-05 1.12 0.46
2.932e-05 1.2 0.5
2.936e-05 1.28 0.48
2.94e-05 1.36 0.5
2.944e-05 1.44 0.52
2.948e-05 1.6 0.54
2.952e-05 1.6 0.56
2.956e-05 1.68 0.6
2.96e-05 1.76 0.58
2.964e-05 1.84 0.62
2.968e-05 1.92 0.62
2.972e-05 2 0.64
2.976e-05 2.08 0.64
2.98e-05 2.24 0.66
2.984e-05 2.32 0.66
2.988e-05 2.32 0.7
2.992e-05 2.4 0.7
2.996e-05 2.48 0.7
3e-05 2.56 0.72
3.004e-05 2.64 0.74
3.008e-05 2.72 0.76
3.012e-05 2.8 0.76
3.016e-05 2.88 0.8
3.02e-05 2.96 0.8
3.024e-05 2.96 0.82
3.028e-05 3.04 0.82
3.032e-05 3.2 0.82
3.036e-05 3.2 0.82
3.04e-05 3.36 0.86
3.044e-05 3.36 0.86
3.048e-05 3.52 0.88
3.052e-05 3.6 0.88
3.056e-05 3.6 0.9
3.06e-05 3.68 0.9
3.064e-05 3.68 0.92
3.068e-05 3.84 0.92
3.072e-05 3.84 0.96
3.076e-05 3.92 0.96
3.08e-05 4 0.98
3.084e-05 4 0.96
3.088e-05 4.16 0.98
3.092e-05 4.16 0.98
3.096e-05 4.24 1
3.1e-05 4.24 1
3.104e-05 4.32 1
3.108e-05 4.32 1.02
3.112e-05 4.48 1.02
3.116e-05 4.48 1.04
3.12e-05 4.56 1.04
3.124e-05 4.64 1.04
3.128e-05 4.64 1.04
3.132e-05 4.8 1.06
3.136e-05 4.8 1.06
3.14e-05 4.88 1.08
3.144e-05 4.88 1.08
3.148e-05 4.96 1.08
3.152e-05 4.88 1.08
3.156e-05 5.04 1.08
3.16e-05 5.04 1.08
3.164e-05 5.12 1.1
3.168e-05 5.12 1.1
3.172e-05 5.2 1.12
3.176e-05 5.2 1.1
3.18e-05 5.2 1.12
3.184e-05 5.28 1.12
3.188e-05 5.28 1.14
3.192e-05 5.28 1.12
3.196e-05 5.44 1.12
3.2e-05 5.44 1.14
3.204e-05 5.44 1.14
3.208e-05 5.44 1.14
3.212e-05 5.52 1.14
3.216e-05 5.52 1.14
3.22e-05 5.52 1.14
3.224e-05 5.52 1.14
3.228e-05 5.52 1.14
3.232e-05 5.6 1.14
3.236e-05 5.6 1.16
3.24e-05 5.76 1.16
3.244e-05 5.68 1.14
3.248e-05 5.76 1.14
3.252e-05 5.76 1.14
3.256e-05 5.76 1.14
3.26e-05 5.76 1.14
3.264e-05 5.76 1.12
3.268e-05 5.76 1.12
3.272e-05 5.76 1.14
3.276e-05 5.76 1.14
3.28e-05 5.76 1.12
3.284e-05 5.84 1.12
3.288e-05 5.84 1.12
3.292e-05 5.84 1.1
3.296e-05 5.84 1.1
3.3e-05 5.84 1.1
3.304e-05 5.84 1.12
3.308e-05 5.84 1.1
3.312e-05 5.84 1.08
3.316e-05 5.84 1.08
3.32e-05 5.84 1.08
3.324e-05 5.76 1.08
3.328e-05 5.76 1.06
3.332e-05 5.84 1.06
3.336e-05 5.76 1.06
3.34e-05 5.76 1.06
3.344e-05 5.76 1.04
3.348e-05 5.76 1.04
3.352e-05 5.76 1.02
3.356e-05 5.6 1.04
3.36e-05 5.68 1.02
3.364e-05 5.6 1
3.368e-05 5.6 1
3.372e-05 5.6 1
3.376e-05 5.6 0.98
3.38e-05 5.6 0.96
3.384e-05 5.52 0.96
3.388e-05 5.52 0.96
3.392e-05 5.44 0.96
3.396e-05 5.44 0.94
3.4e-05 5.44 0.94
3.404e-05 5.44 0.9
3.408e-05 5.44 0.9
3.412e-05 5.28 0.9
3.416e-05 5.28 0.9
3.42e-05 5.28 0.88
3.424e-05 5.28 0.86
3.428e-05 5.2 0.86
3.432e-05 5.12 0.86
3.436e-05 5.12 0.82
3.44e-05 5.12 0.82
3.444e-05 5.12 0.8
3.448e-05 5.04 0.8
3.452e-05 4.96 0.78
3.456e-05 4.88 0.76
3.46e-05 4.88 0.74
3.464e-05 4.8 0.74
3.468e-05 4.8 0.74
3.472e-05 4.72 0.72
3.476e-05 4.64 0.7
3.48e-05 4.64 0.68
3.484e-05 4.56 0.68
3.488e-05 4.48 0.66
3.492e-05 4.48 0.64
3.496e-05 4.32 0.64
3.5e-05 4.32 0.62
3.504e-05 4.32 0.6
3.508e-05 4.16 0.58
3.512e-05 4.16 0.58
3.516e-05 4.08 0.56
3.52e-05 4.08 0.56
3.524e-05 3.92 0.52
3.528e-05 3.92 0.5
3.532e-05 3.84 0.5
3.536e-05 3.84 0.48
3.54e-05 3.68 0.48
3.544e-05 3.68 0.44
3.548e-05 3.6 0.42
3.552e-05 3.52 0.42
3.556e-05 3.44 0.4
3.56e-05 3.36 0.38
3.564e-05 3.36 0.36
3.568e-05 3.2 0.34
3.572e-05 3.2 0.34
3.576e-05 3.04 0.32
3.58e-05 2.96 0.3
3.584e-05 2.96 0.28
3.588e-05 2.88 0.28
3.592e-05 2.8 0.26
3.596e-05 2.72 0.24
3.6e-05 2.64 0.22
3.604e-05 2.56 0.2
3.608e-05 2.48 0.2
3.612e-05 2.4 0.18
3.616e-05 2.32 0.14
3.62e-05 2.32 0.12
3.624e-05 2.24 0.12
3.628e-05 2.08 0.1
3.632e-05 2 0.08
3.636e-05 1.92 0.06
3.64e-05 1.92 0.04
3.644e-05 1.76 0.04
3.648e-05 1.6 0.02
3.652e-05 1.6 0
3.656e-05 1.44 -0.04
3.66e-05 1.44 -0.06
3.664e-05 1.36 -0.06
3.668e-05 1.28 -0.08
3.672e-05 1.28 -0.1
3.676e-05 1.12 -0.12
3.68e-05 1.04 -0.14
3.684e-05 0.96 -0.16
3.688e-05 0.8 -0.18
3.692e-05 0.72 -0.2
3.696e-05 0.72 -0.22
3.7e-05 0.56 -0.22
3.704e-05 0.48 -0.26
3.708e-05 0.4 -0.26
3.712e-05 0.32 -0.26
3.716e-05 0.32 -0.28
3.72e-05 0.16 -0.32
3.724e-05 0.08 -0.32
3.728e-05 0 -0.34
3.732e-05 0 -0.36
3.736e-05 -0.32 -0.38
3.74e-05 -0.4 -0.4
3.744e-05 -0.4 -0.42
3.748e-05 -0.56 -0.44
3.752e-05 -0.64 -0.44
3.756e-05 -0.72 -0.48
3.76e-05 -0.72 -0.48
3.764e-05 -0.88 -0.48
3.768e-05 -0.96 -0.48
3.772e-05 -1.04 -0.54
3.776e-05 -1.04 -0.56
3.78e-05 -1.2 -0.56
3.784e-05 -1.28 -0.56
3.788e-05 -1.36 -0.58
3.792e-05 -1.44 -0.62
3.796e-05 -1.52 -0.64
3.8e-05 -1.68 -0.64
3.804e-05 -1.68 -0.64
3.808e-05 -1.84 -0.66
3.812e-05 -1.92 -0.7
3.816e-05 -1.92 -0.7
3.82e-05 -2 -0.7
3.824e-05 -2.16 -0.72
3.828e-05 -2.16 -0.74
3.832e-05 -2.32 -0.76
3.836e-05 -2.32 -0.78
3.84e-05 -2.48 -0.78
3.844e-05 -2.56 -0.8
3.848e-05 -2.56 -0.8
3.852e-05 -2.64 -0.82
3.856e-05 -2.8 -0.84
3.86e-05 -2.8 -0.86
3.864e-05 -2.88 -0.86
3.868e-05 -2.96 -0.88
3.872e-05 -3.04 -0.88
3.876e-05 -3.12 -0.9
3.88e-05 -3.2 -0.92
3.884e-05 -3.28 -0.9
3.888e-05 -3.28 -0.94
3.892e-05 -3.44 -0.94
3.896e-05 -3.52 -0.96
3.9e-05 -3.52 -0.98
3.904e-05 -3.6 -0.98
3.908e-05 -3.76 -0.98
3.912e-05 -3.76 -1
3.916e-05 -3.84 -1.04
3.92e-05 -3.84 -1.04
3.924e-05 -3.92 -1.04
3.928e-05 -3.92 -1.04
3.932e-05 -4.08 -1.06
3.936e-05 -4.16 -1.06
3.94e-05 -4.16 -1.06
3.944e-05 -4.24 -1.08
3.948e-05 -4.32 -1.08
3.952e-05 -4.4 -1.1
3.956e-05 -4.4 -1.12
3.96e-05 -4.48 -1.12
3.964e-05 -4.48 -1.12
3.968e-05 -4.56 -1.12
3.972e-05 -4.64 -1.14
3.976e-05 -4.72 -1.14
3.98e-05 -4.8 -1.14
3.984e-05 -4.8 -1.16
3.988e-05 -4.88 -1.18
3.992e-05 -4.88 -1.16
3.996e-05 -5.04 -1.18
4e-05 -5.04 -1.18
4.004e-05 -5.04 -1.18
4.008e-05 -5.12 -1.18
4.012e-05 -5.12 -1.2
4.016e-05 -5.2 -1.2
4.02e-05 -5.2 -1.22
4.024e-05 -5.2 -1.2
4.028e-05 -5.36 -1.22
4.032e-05 -5.36 -1.22
4.036e-05 -5.36 -1.22
4.04e-05 -5.44 -1.24
4.044e-05 -5.44 -1.22
4.048e-05 -5.44 -1.22
4.052e-05 -5.52 -1.22
4.056e-05 -5.52 -1.22
4.06e-05 -5.52 -1.24
4.064e-05 -5.52 -1.24
4.068e-05 -5.68 -1.24
4.072e-05 -5.68 -1.26
4.076e-05 -5.68 -1.26
4.08e-05 -5.68 -1.26
4.084e-05 -5.76 -1.22
4.088e-05 -5.76 -1.24
4.092e-05 -5.76 -1.26
4.096e-05 -5.76 -1.24
4.1e-05 -5.84 -1.24
4.104e-05 -5.84 -1.22
4.108e-05 -5.84 -1.24
4.112e-05 -5.84 -1.24
4.116e-05 -5.84 -1.22
4.12e-05 -5.84 -1.2
4.124e-05 -5.84 -1.22
4.128e-05 -5.92 -1.22
4.132e-05 -5.84 -1.22
4.136e-05 -5.84 -1.22
4.14e-05 -5.84 -1.22
4.144e-05 -5.92 -1.22
4.148e-05 -5.92 -1.2
4.152e-05 -5.92 -1.2
4.156e-05 -5.84 -1.2
4.16e-05 -5.92 -1.2
4.164e-05 -5.84 -1.2
4.168e-05 -5.84 -1.18
4.172e-05 -5.92 -1.2
4.176e-05 -5.84 -1.16
4.18e-05 -5.84 -1.16
4.184e-05 -5.84 -1.18
4.188e-05 -5.84 -1.14
4.192e-05 -5.84 -1.14
4.196e-05 -5.84 -1.14
4.2e-05 -5.84 -1.14
4.204e-05 -5.76 -1.14
4.208e-05 -5.76 -1.12
4.212e-05 -5.76 -1.12
4.216e-05 -5.76 -1.12
4.22e-05 -5.76 -1.12
4.224e-05 -5.76 -1.08
4.228e-05 -5.68 -1.08
4.232e-05 -5.68 -1.06
4.236e-05 -5.68 -1.06
4.24e-05 -5.68 -1.06
4.244e-05 -5.68 -1.04
4.248e-05 -5.52 -1.04
4.252e-05 -5.52 -1.04
4.256e-05 -5.52 -1.02
4.26e-05 -5.44 -1.02
4.264e-05 -5.44 -1
4.268e-05 -5.44 -0.98
4.272e-05 -5.36 -0.98
4.276e-05 -5.36 -0.96
4.28e-05 -5.28 -0.94
4.284e-05 -5.28 -0.94
4.288e-05 -5.2 -0.94
4.292e-05 -5.2 -0.92
4.296e-05 -5.12 -0.9
4.3e-05 -5.12 -0.88
4.304e-05 -5.12 -0.88
4.308e-05 -5.04 -0.88
4.312e-05 -4.96 -0.86
4.316e-05 -4.88 -0.86
4.32e-05 -4.88 -0.82
4.324e-05 -4.8 -0.84
4.328e-05 -4.8 -0.8
4.332e-05 -4.72 -0.78
4.336e-05 -4.64 -0.78
4.34e-05 -4.56 -0.78
4.344e-05 -4.56 -0.76
4.348e-05 -4.48 -0.74
4.352e-05 -4.4 -0.72
4.356e-05 -4.4 -0.7
4.36e-05 -4.4 -0.7
4.364e-05 -4.24 -0.68
4.368e-05 -4.16 -0.66
4.372e-05 -4.16 -0.66
4.376e-05 -4.08 -0.64
4.38e-05 -4.08 -0.62
4.384e-05 -3.92 -0.58
4.388e-05 -3.92 -0.56
4.392e-05 -3.84 -0.58
4.396e-05 -3.76 -0.54
4.4e-05 -3.76 -0.54
4.404e-05 -3.6 -0.5
4.408e-05 -3.52 -0.5
4.412e-05 -3.52 -0.5
4.416e-05 -3.44 -0.46
4.42e-05 -3.36 -0.44
4.424e-05 -3.28 -0.42
4.428e-05 -3.12 -0.42
4.432e-05 -3.12 -0.4
4.436e-05 -3.04 -0.4
4.44e-05 -2.96 -0.38
4.444e-05 -2.88 -0.34
4.448e-05 -2.88 -0.34
4.452e-05 -2.8 -0.32
4.456e-05 -2.64 -0.3
4.46e-05 -2.64 -0.28
4.464e-05 -2.48 -0.26
4.468e-05 -2.48 -0.26
4.472e-05 -2.32 -0.24
4.476e-05 -2.32 -0.22
4.48e-05 -2.24 -0.2
4.484e-05 -2.08 -0.18
4.488e-05 -2 -0.16
4.492e-05 -2 -0.16
4.496e-05 -1.84 -0.14
4.5e-05 -1.84 -0.12
4.504e-05 -1.68 -0.1
4.508e-05 -1.6 -0.08
4.512e-05 -1.6 -0.06
4.516e-05 -1.52 -0.06
4.52e-05 -1.36 0
4.524e-05 -1.28 0
4.528e-05 -1.28 0.02
4.532e-05 -1.12 0.04
4.536e-05 -1.04 0.04
4.54e-05 -1.04 0.08
4.544e-05 -0.88 0.08
4.548e-05 -0.72 0.1
4.552e-05 -0.72 0.12
4.556e-05 -0.64 0.14
4.56e-05 -0.56 0.16
4.564e-05 -0.4 0.18
4.568e-05 -0.4 0.18
4.572e-05 -0.32 0.2
4.576e-05 -0.24 0.24
4.58e-05 0 0.24
4.584e-05 0 0.26
4.588e-05 0.16 0.28
4.592e-05 0.24 0.28
4.596e-05 0.32 0.32
4.6e-05 0.4 0.32
4.604e-05 0.48 0.34
4.608e-05 0.64 0.34
4.612e-05 0.64 0.36
4.616e-05 0.72 0.4
4.62e-05 0.8 0.4
4.624e-05 0.96 0.42
4.628e-05 1.04 0.44
4.632e-05 1.04 0.48
4.636e-05 1.12 0.48
4.64e-05 1.28 0.48
4.644e-05 1.28 0.5
4.648e-05 1.44 0.52
4.652e-05 1.44 0.54
4.656e-05 1.6 0.56
4.66e-05 1.6 0.58
4.664e-05 1.76 0.6
4.668e-05 1.84 0.6
4.672e-05 1.92 0.62
4.676e-05 2 0.64
4.68e-05 2 0.66
4.684e-05 2.08 0.66
4.688e-05 2.24 0.68
4.692e-05 2.32 0.66
4.696e-05 2.4 0.68
4.7e-05 2.48 0.72
4.704e-05 2.56 0.72
4.708e-05 2.64 0.72
4.712e-05 2.72 0.74
4.716e-05 2.72 0.76
4.72e-05 2.88 0.8
4.724e-05 2.88 0.78
4.728e-05 2.96 0.8
4.732e-05 3.04 0.8
4.736e-05 3.2 0.82
4.74e-05 3.28 0.82
4.744e-05 3.28 0.84
4.748e-05 3.36 0.84
4.752e-05 3.52 0.86
4.756e-05 3.52 0.88
4.76e-05 3.52 0.88
4.764e-05 3.6 0.9
4.768e-05 3.68 0.9
4.772e-05 3.84 0.9
4.776e-05 3.84 0.94
4.78e-05 3.84 0.94
4.784e-05 3.92 0.94
4.788e-05 4 0.96
4.792e-05 4 0.96
4.796e-05 4.16 0.98
4.8e-05 4.16 0.98
4.804e-05 4.24 0.98
4.808e-05 4.32 1
4.812e-05 4.32 1.02
4.816e-05 4.48 1
4.82e-05 4.48 1.02
4.824e-05 4.56 1.02
4.828e-05 4.64 1.04
4.832e-05 4.8 1.04
4.836e-05 4.64 1.04
4.84e-05 4.8 1.04
4.844e-05 4.8 1.06
4.848e-05 4.8 1.08
4.852e-05 4.88 1.08
4.856e-05 4.96 1.08
4.86e-05 4.96 1.1
4.864e-05 4.96 1.08
4.868e-05 5.12 1.1
4.872e-05 5.12 1.08
4.876e-05 5.12 1.1
4.88e-05 5.2 1.12
4.884e-05 5.2 1.12
4.888e-05 5.2 1.12
4.892e-05 5.28 1.12
4.896e-05 5.28 1.14
4.9e-05 5.36 1.14
4.904e-05 5.44 1.12
4.908e-05 5.44 1.12
4.912e-05 5.44 1.12
4.916e-05 5.52 1.14
4.92e-05 5.52 1.14
4.924e-05 5.52 1.14
4.928e-05 5.52 1.14
4.932e-05 5.6 1.14
4.936e-05 5.6 1.14
4.94e-05 5.6 1.14
4.944e-05 5.6 1.14
4.948e-05 5.76 1.14
4.952e-05 5.68 1.14
4.956e-05 5.76 1.14
4.96e-05 5.76 1.14
4.964e-05 5.76 1.14
4.968e-05 5.76 1.14
4.972e-05 5.76 1.14
4.976e-05 5.76 1.12
4.98e-05 5.76 1.12
4.984e-05 5.84 1.14
4.988e-05 5.76 1.14
4.992e-05 5.76 1.12
4.996e-05 5.84 1.1
5e-05 5.76 1.1
5.004e-05 5.84 1.1
5.008e-05 5.76 1.1
5.012e-05 5.84 1.12
5.016e-05 5.76 1.08
5.02e-05 5.76 1.08
5.024e-05 5.84 1.1
5.028e-05 5.84 1.08
5.032e-05 5.76 1.06
5.036e-05 5.76 1.06
5.04e-05 5.84 1.08
5.044e-05 5.76 1.06
5.048e-05 5.76 1.04
5.052e-05 5.76 1.04
5.056e-05 5.76 1.02
5.06e-05 5.76 1.04
5.064e-05 5.68 1
5.068e-05 5.68 1.02
5.072e-05 5.68 1
5.076e-05 5.6 1
5.08e-05 5.6 0.98
5.084e-05 5.6 0.96
5.088e-05 5.6 0.96
5.092e-05 5.52 0.96
5.096e-05 5.52 0.96
5.1e-05 5.44 0.94
5.104e-05 5.44 0.92
5.108e-05 5.44 0.92
5.112e-05 5.44 0.9
5.116e-05 5.36 0.9
5.12e-05 5.36 0.9
5.124e-05 5.28 0.88
5.128e-05 5.28 0.88
5.132e-05 5.2 0.86
5.136e-05 5.12 0.84
5.14e-05 5.2 0.84
5.144e-05 5.12 0.84
5.148e-05 5.12 0.82
5.152e-05 5.12 0.8
5.156e-05 4.96 0.8
5.16e-05 4.96 0.76
5.164e-05 4.88 0.76
5.168e-05 4.88 0.74
5.172e-05 4.8 0.72
5.176e-05 4.8 0.7
5.18e-05 4.8 0.72
5.184e-05 4.64 0.72
5.188e-05 4.56 0.68
5.192e-05 4.56 0.66
5.196e-05 4.48 0.64
5.2e-05 4.4 0.64
5.204e-05 4.32 0.64
5.208e-05 4.32 0.6
5.212e-05 4.24 0.6
5.216e-05 4.16 0.58
5.22e-05 4.16 0.58
5.224e-05 4.16 0.56
5.228e-05 4 0.52
5.232e-05 3.92 0.52
5.236e-05 3.84 0.52
5.24e-05 3.84 0.5
5.244e-05 3.68 0.46
5.248e-05 3.68 0.46
5.252e-05 3.6 0.42
5.256e-05 3.52 0.42
5.26e-05 3.52 0.4
5.264e-05 3.44 0.4
5.268e-05 3.28 0.4
5.272e-05 3.28 0.36
5.276e-05 3.2 0.34
5.28e-05 3.12 0.32
5.284e-05 3.04 0.3
5.288e-05 2.96 0.3
5.292e-05 2.96 0.26
5.296e-05 2.88 0.26
5.3e-05 2.8 0.24
5.304e-05 2.64 0.22
5.308e-05 2.64 0.22
5.312e-05 2.56 0.18
5.316e-05 2.4 0.18
5.32e-05 2.4 0.14
5.324e-05 2.24 0.16
5.328e-05 2.24 0.12
5.332e-05 2.16 0.1
5.336e-05 2 0.08
5.34e-05 2 0.08
5.344e-05 1.92 0.04
5.348e-05 1.76 0.02
5.352e-05 1.76 0.02
5.356e-05 1.6 0
5.36e-05 1.6 -0.04
5.364e-05 1.44 -0.06
5.368e-05 1.44 -0.06
5.372e-05 1.36 -0.08
5.376e-05 1.28 -0.08
5.38e-05 1.2 -0.1
5.384e-05 1.12 -0.14
5.388e-05 0.96 -0.16
5.392e-05 0.96 -0.16
5.396e-05 0.8 -0.18
5.4e-05 0.72 -0.2
5.404e-05 0.64 -0.24
5.408e-05 0.64 -0.24
5.412e-05 0.48 -0.26
5.416e-05 0.4 -0.26
5.42e-05 0.32 -0.3
5.424e-05 0.24 -0.3
5.428e-05 0.16 -0.32
5.432e-05 0.08 -0.34
5.436e-05 0 -0.36
5.44e-05 -0.24 -0.36
5.444e-05 -0.24 -0.4
5.448e-05 -0.4 -0.4
5.452e-05 -0.4 -0.42
5.456e-05 -0.56 -0.44
5.46e-05 -0.64 -0.48
5.464e-05 -0.72 -0.48
5.468e-05 -0.8 -0.48
5.472e-05 -0.96 -0.5
5.476e-05 -0.96 -0.54
5.48e-05 -1.04 -0.54
5.484e-05 -1.2 -0.54
5.488e-05 -1.2 -0.58
5.492e-05 -1.36 -0.58
5.496e-05 -1.36 -0.6
5.5e-05 -1.52 -0.62
5.504e-05 -1.6 -0.64
5.508e-05 -1.6 -0.64
5.512e-05 -1.68 -0.68
5.516e-05 -1.84 -0.66
5.52e-05 -1.84 -0.68
5.524e-05 -2 -0.7
5.528e-05 -2.16 -0.72
5.532e-05 -2.08 -0.74
5.536e-05 -2.24 -0.74
5.54e-05 -2.32 -0.76
5.544e-05 -2.32 -0.78
5.548e-05 -2.48 -0.78
5.552e-05 -2.56 -0.8
5.556e-05 -2.64 -0.8
5.56e-05 -2.64 -0.82
5.564e-05 -2.8 -0.84
5.568e-05 -2.88 -0.86
5.572e-05 -2.88 -0.86
5.576e-05 -2.96 -0.9
5.58e-05 -3.12 -0.88
5.584e-05 -3.12 -0.9
5.588e-05 -3.2 -0.9
5.592e-05 -3.28 -0.92
5.596e-05 -3.44 -0.94
5.6e-05 -3.44 -0.96
5.604e-05 -3.52 -0.98
5.608e-05 -3.6 -0.96
5.612e-05 -3.6 -0.98
5.616e-05 -3.68 -1
5.62e-05 -3.76 -1
5.624e-05 -3.84 -1.02
5.628e-05 -3.92 -1.02
5.632e-05 -3.92 -1.04
5.636e-05 -4.08 -1.06
5.64e-05 -4.08 -1.04
5.644e-05 -4.16 -1.06
5.648e-05 -4.24 -1.06
5.652e-05 -4.24 -1.1
5.656e-05 -4.32 -1.1
5.66e-05 -4.4 -1.1
5.664e-05 -4.48 -1.1
5.668e-05 -4.48 -1.12
5.672e-05 -4.56 -1.14
5.676e-05 -4.56 -1.12
5.68e-05 -4.72 -1.14
5.684e-05 -4.72 -1.14
5.688e-05 -4.8 -1.14
5.692e-05 -4.8 -1.18
5.696e-05 -4.88 -1.18
5.7e-05 -4.96 -1.18
5.704e-05 -4.88 -1.18
5.708e-05 -5.04 -1.18
5.712e-05 -5.12 -1.18
5.716e-05 -5.12 -1.18
5.72e-05 -5.12 -1.2
5.724e-05 -5.2 -1.18
5.728e-05 -5.2 -1.2
5.732e-05 -5.2 -1.2
5.736e-05 -5.36 -1.2
5.74e-05 -5.36 -1.22
5.744e-05 -5.36 -1.22
5.748e-05 -5.44 -1.22
5.752e-05 -5.44 -1.22
5.756e-05 -5.52 -1.22
5.76e-05 -5.52 -1.22
5.764e-05 -5.52 -1.22
5.768e-05 -5.52 -1.22
5.772e-05 -5.6 -1.22
5.776e-05 -5.52 -1.24
5.78e-05 -5.6 -1.22
5.784e-05 -5.68 -1.24
5.788e-05 -5.68 -1.24
5.792e-05 -5.76 -1.24
5.796e-05 -5.76 -1.24
5.8e-05 -5.76 -1.22
5.804e-05 -5.76 -1.24
5.808e-05 -5.84 -1.22
5.812e-05 -5.84 -1.26
5.816e-05 -5.84 -1.24
5.82e-05 -5.84 -1.22
5.824e-05 -5.84 -1.22
5.828e-05 -5.84 -1.24
5.832e-05 -5.84 -1.24
5.836e-05 -5.84 -1.22
5.84e-05 -5.84 -1.22
5.844e-05 -5.84 -1.22
5.848e-05 -5.92 -1.2
5.852e-05 -5.92 -1.22
5.856e-05 -5.84 -1.2
5.86e-05 -5.84 -1.2
5.864e-05 -5.92 -1.2
5.868e-05 -5.84 -1.2
5.872e-05 -5.92 -1.2
5.876e-05 -5.84 -1.18
5.88e-05 -5.84 -1.2
5.884e-05 -5.84 -1.18
5.888e-05 -5.84 -1.18
5.892e-05 -5.84 -1.14
5.896e-05 -5.92 -1.14
5.9e-05 -5.84 -1.14
5.904e-05 -5.84 -1.14
5.908e-05 -5.84 -1.14
5.912e-05 -5.76 -1.12
5.916e-05 -5.76 -1.14
5.92e-05 -5.76 -1.12
5.924e-05 -5.76 -1.1
5.928e-05 -5.76 -1.1
5.932e-05 -5.68 -1.1
5.936e-05 -5.68 -1.1
5.94e-05 -5.68 -1.06
5.944e-05 -5.68 -1.06
5.948e-05 -5.6 -1.04
5.952e-05 -5.6 -1.04
5.956e-05 -5.52 -1.04
5.96e-05 -5.52 -1.02
5.964e-05 -5.52 -1
5.968e-05 -5.52 -1
5.972e-05 -5.44 -0.98
5.976e-05 -5.36 -0.98
5.98e-05 -5.36 -0.98
5.984e-05 -5.36 -0.96
5.988e-05 -5.28 -0.96
5.992e-05 -5.2 -0.94
5.996e-05 -5.2 -0.92
6e-05 -5.12 -0.9
6.004e-05 -5.12 -0.9
6.008e-05 -5.12 -0.9
6.012e-05 -5.04 -0.88
6.016e-05 -4.96 -0.84
6.02e-05 -5.04 -0.84
6.024e-05 -4.88 -0.84
6.028e-05 -4.88 -0.82
6.032e-05 -4.88 -0.8
6.036e-05 -4.72 -0.8
6.04e-05 -4.72 -0.78
6.044e-05 -4.64 -0.78
6.048e-05 -4.56 -0.74
6.052e-05 -4.56 -0.74
6.056e-05 -4.48 -0.74
6.06e-05 -4.4 -0.72
6.064e-05 -4.4 -0.7
6.068e-05 -4.24 -0.68
6.072e-05 -4.24 -0.68
6.076e-05 -4.16 -0.66
6.08e-05 -4.08 -0.64
6.084e-05 -4.08 -0.62
6.088e-05 -3.92 -0.6
6.092e-05 -3.92 -0.58
6.096e-05 -3.84 -0.58
6.1e-05 -3.76 -0.56
6.104e-05 -3.76 -0.54
6.108e-05 -3.6 -0.54
6.112e-05 -3.6 -0.5
6.116e-05 -3.52 -0.48
6.12e-05 -3.52 -0.48
6.124e-05 -3.44 -0.46
6.128e-05 -3.28 -0.44
6.132e-05 -3.28 -0.42
6.136e-05 -3.2 -0.42
6.14e-05 -3.12 -0.4
6.144e-05 -3.12 -0.36
6.148e-05 -2.96 -0.36
6.152e-05 -2.88 -0.34
6.156e-05 -2.8 -0.34
6.16e-05 -2.72 -0.3
6.164e-05 -2.64 -0.3
6.168e-05 -2.56 -0.26
6.172e-05 -2.48 -0.26
6.176e-05 -2.48 -0.24
6.18e-05 -2.32 -0.22
6.184e-05 -2.24 -0.22
6.188e-05 -2.24 -0.18
6.192e-05 -2.16 -0.16
6.196e-05 -2 -0.16
6.2e-05 -2 -0.14
6.204e-05 -1.84 -0.14
6.208e-05 -1.76 -0.1
6.212e-05 -1.68 -0.08
6.216e-05 -1.68 -0.08
6.22e-05 -1.52 -0.06
6.224e-05 -1.44 -0.04
6.228e-05 -1.36 0.02
6.232e-05 -1.28 0
6.236e-05 -1.2 0.02
6.24e-05 -1.04 0.04
6.244e-05 -1.04 0.08
6.248e-05 -0.96 0.1
6.252e-05 -0.88 0.1
6.256e-05 -0.72 0.12
6.26e-05 -0.72 0.14
6.264e-05 -0.56 0.14
6.268e-05 -0.56 0.16
6.272e-05 -0.4 0.18
6.276e-05 -0.32 0.2
6.28e-05 -0.24 0.24
6.284e-05 -0.24 0.24
6.288e-05 0 0.24
6.292e-05 0.08 0.26
6.296e-05 0.16 0.28
6.3e-05 0.32 0.32
6.304e-05 0.32 0.32
6.308e-05 0.4 0.34
6.312e-05 0.48 0.36
6.316e-05 0.56 0.36
6.32e-05 0.64 0.38
6.324e-05 0.72 0.4
6.328e-05 0.88 0.42
6.332e-05 0.96 0.42
6.336e-05 1.04 0.44
6.34e-05 1.12 0.46
6.344e-05 1.28 0.48
6.348e-05 1.28 0.52
6.352e-05 1.36 0.52
6.356e-05 1.44 0.52
6.36e-05 1.6 0.54
6.364e-05 1.6 0.56
6.368e-05 1.68 0.58
6.372e-05 1.76 0.58
6.376e-05 1.92 0.6
6.38e-05 1.92 0.6
6.384e-05 2 0.64
6.388e-05 2.08 0.64
6.392e-05 2.16 0.64
6.396e-05 2.24 0.66
6.4e-05 2.32 0.68
6.404e-05 2.4 0.7
6.408e-05 2.56 0.72
6.412e-05 2.56 0.72
6.416e-05 2.64 0.74
6.42e-05 2.72 0.74
6.424e-05 2.8 0.78
6.428e-05 2.88 0.78
6.432e-05 2.88 0.8
6.436e-05 3.04 0.82
6.44e-05 3.2 0.82
6.444e-05 3.2 0.84
6.448e-05 3.28 0.84
6.452e-05 3.28 0.84
6.456e-05 3.36 0.86
6.46e-05 3.52 0.88
6.464e-05 3.52 0.88
6.468e-05 3.6 0.9
6.472e-05 3.68 0.9
6.476e-05 3.68 0.92
6.48e-05 3.76 0.92
6.484e-05 3.84 0.94
6.488e-05 3.84 0.92
6.492e-05 4 0.98
6.496e-05 4 0.96
6.5e-05 4.08 0.98
6.504e-05 4.16 0.98
6.508e-05 4.16 0.98
6.512e-05 4.24 1
6.516e-05 4.32 1
6.52e-05 4.32 1.02
6.524e-05 4.48 1.04
6.528e-05 4.56 1.04
6.532e-05 4.56 1.04
6.536e-05 4.64 1.06
6.54e-05 4.64 1.06
6.544e-05 4.72 1.08
6.548e-05 4.8 1.06
6.552e-05 4.8 1.06
6.556e-05 4.88 1.06
6.56e-05 4.96 1.08
6.564e-05 4.96 1.08
6.568e-05 4.96 1.08
6.572e-05 5.12 1.08
6.576e-05 5.12 1.1
6.58e-05 5.12 1.12
6.584e-05 5.12 1.1
6.588e-05 5.2 1.12
6.592e-05 5.2 1.12
6.596e-05 5.28 1.12
6.6e-05 5.28 1.14
6.604e-05 5.36 1.12
6.608e-05 5.44 1.14
6.612e-05 5.44 1.12
6.616e-05 5.44 1.14
6.62e-05 5.44 1.12
6.624e-05 5.52 1.12
6.628e-05 5.52 1.14
6.632e-05 5.52 1.16
6.636e-05 5.52 1.14
6.64e-05 5.52 1.12
6.644e-05 5.6 1.14
6.648e-05 5.68 1.14
6.652e-05 5.6 1.16
6.656e-05 5.68 1.14
6.66e-05 5.68 1.14
6.664e-05 5.76 1.14
6.668e-05 5.76 1.14
6.672e-05 5.76 1.14
6.676e-05 5.76 1.12
6.68e-05 5.76 1.14
6.684e-05 5.76 1.14
6.688e-05 5.76 1.14
6.692e-05 5.76 1.14
6.696e-05 5.76 1.1
6.7e-05 5.84 1.14
6.704e-05 5.76 1.12
6.708e-05 5.84 1.12
6.712e-05 5.84 1.1
6.716e-05 5.76 1.08
6.72e-05 5.84 1.1
6.724e-05 5.84 1.08
6.728e-05 5.84 1.08
6.732e-05 5.76 1.08
6.736e-05 5.76 1.08
6.74e-05 5.76 1.08
6.744e-05 5.76 1.06
6.748e-05 5.76 1.04
6.752e-05 5.76 1.04
6.756e-05 5.76 1.04
6.76e-05 5.76 1.06
6.764e-05 5.76 1.02
6.768e-05 5.68 1.02
6.772e-05 5.68 1.02
6.776e-05 5.68 1.02
6.78e-05 5.6 1
6.784e-05 5.6 0.98
6.788e-05 5.6 0.98
6.792e-05 5.6 0.96
6.796e-05 5.52 0.98
6.8e-05 5.6 0.94
6.804e-05 5.44 0.94
6.808e-05 5.44 0.96
6.812e-05 5.44 0.96
6.816e-05 5.44 0.92
6.82e-05 5.44 0.9
6.824e-05 5.36 0.9
6.828e-05 5.28 0.9
6.832e-05 5.28 0.86
6.836e-05 5.2 0.86
6.84e-05 5.2 0.84
6.844e-05 5.2 0.86
6.848e-05 5.12 0.84
6.852e-05 5.12 0.82
6.856e-05 5.12 0.8
6.86e-05 5.04 0.8
6.864e-05 4.88 0.8
6.868e-05 4.88 0.76
6.872e-05 4.88 0.76
6.876e-05 4.8 0.74
6.88e-05 4.8 0.72
6.884e-05 4.72 0.72
6.888e-05 4.64 0.72
6.892e-05 4.64 0.68
6.896e-05 4.56 0.68
6.9e-05 4.48 0.66
6.904e-05 4.48 0.64
6.908e-05 4.4 0.64
6.912e-05 4.32 0.62
6.916e-05 4.32 0.62
6.92e-05 4.16 0.6
6.924e-05 4.16 0.58
6.928e-05 4.16 0.56
6.932e-05 4 0.56
6.936e-05 4 0.54
6.94e-05 3.84 0.5
6.944e-05 3.84 0.5
6.948e-05 3.84 0.5
6.952e-05 3.68 0.48
6.956e-05 3.68 0.44
6.96e-05 3.6 0.42
6.964e-05 3.52 0.42
6.968e-05 3.52 0.4
6.972e-05 3.36 0.4
6.976e-05 3.28 0.36
6.98e-05 3.28 0.34
6.984e-05 3.2 0.34
6.988e-05 3.12 0.32
6.992e-05 3.04 0.3
6.996e-05 2.96 0.3
7e-05 2.88 0.28
7.004e-05 2.88 0.26
7.008e-05 2.72 0.24
7.012e-05 2.64 0.22
7.016e-05 2.56 0.2
7.02e-05 2.48 0.18
7.024e-05 2.4 0.18
7.028e-05 2.32 0.14
7.032e-05 2.32 0.14
7.036e-05 2.24 0.12
7.04e-05 2.08 0.1
7.044e-05 2 0.1
7.048e-05 1.92 0.08
7.052e-05 1.92 0.04
7.056e-05 1.76 0.02
7.06e-05 1.68 0.02
7.064e-05 1.6 0
7.068e-05 1.6 -0.04
7.072e-05 1.44 -0.04
7.076e-05 1.36 -0.06
7.08e-05 1.28 -0.08
7.084e-05 1.28 -0.12
7.088e-05 1.12 -0.12
7.092e-05 1.04 -0.14
7.096e-05 0.96 -0.14
7.1e-05 0.96 -0.18
7.104e-05 0.8 -0.2
7.108e-05 0.72 -0.2
7.112e-05 0.64 -0.22
7.116e-05 0.56 -0.26
7.12e-05 0.4 -0.26
7.124e-05 0.32 -0.28
7.128e-05 0.24 -0.3
7.132e-05 0.16 -0.3
7.136e-05 0.08 -0.32
7.14e-05 0 -0.34
7.144e-05 0 -0.34
7.148e-05 -0.24 -0.38
7.152e-05 -0.32 -0.4
7.156e-05 -0.4 -0.4
7.16e-05 -0.56 -0.44
7.164e-05 -0.64 -0.44
7.168e-05 -0.64 -0.46
7.172e-05 -0.72 -0.48
7.176e-05 -0.72 -0.5
7.18e-05 -0.88 -0.5
7.184e-05 -1.04 -0.52
7.188e-05 -1.04 -0.56
7.192e-05 -1.2 -0.56
7.196e-05 -1.28 -0.56
7.2e-05 -1.36 -0.58
7.204e-05 -1.36 -0.6
7.208e-05 -1.52 -0.64
7.212e-05 -1.6 -0.64
7.216e-05 -1.68 -0.64
7.22e-05 -1.76 -0.66
7.224e-05 -1.84 -0.7
7.228e-05 -1.92 -0.7
7.232e-05 -2 -0.72
7.236e-05 -2.08 -0.74
7.24e-05 -2.16 -0.74
7.244e-05 -2.24 -0.76
7.248e-05 -2.32 -0.76
7.252e-05 -2.32 -0.78
7.256e-05 -2.48 -0.8
7.26e-05 -2.56 -0.8
7.264e-05 -2.64 -0.8
7.268e-05 -2.8 -0.82
7.272e-05 -2.8 -0.84
7.276e-05 -2.88 -0.88
7.28e-05 -2.96 -0.88
7.284e-05 -3.12 -0.88
7.288e-05 -3.12 -0.9
7.292e-05 -3.2 -0.9
7.296e-05 -3.2 -0.92
7.3e-05 -3.28 -0.94
7.304e-05 -3.44 -0.96
7.308e-05 -3.44 -0.94
7.312e-05 -3.52 -0.98
7.316e-05 -3.6 -0.98
7.32e-05 -3.6 -1
7.324e-05 -3.76 -1
7.328e-05 -3.76 -1.02
7.332e-05 -3.84 -1
7.336e-05 -3.92 -1.04
7.34e-05 -3.92 -1.04
7.344e-05 -4.08 -1.06
7.348e-05 -4.16 -1.06
7.352e-05 -4.16 -1.08
7.356e-05 -4.24 -1.08
7.36e-05 -4.24 -1.1
7.364e-05 -4.32 -1.1
7.368e-05 -4.4 -1.12
7.372e-05 -4.48 -1.12
7.376e-05 -4.48 -1.1
7.38e-05 -4.56 -1.12
7.384e-05 -4.64 -1.12
7.388e-05 -4.72 -1.14
7.392e-05 -4.8 -1.14
7.396e-05 -4.8 -1.14
7.4e-05 -4.88 -1.16
7.404e-05 -4.88 -1.18
7.408e-05 -4.96 -1.18
7.412e-05 -5.04 -1.18
7.416e-05 -5.12 -1.2
7.42e-05 -5.12 -1.2
7.424e-05 -5.12 -1.2
7.428e-05 -5.2 -1.2
7.432e-05 -5.2 -1.2
7.436e-05 -5.28 -1.2
7.44e-05 -5.28 -1.22
7.444e-05 -5.2 -1.2
7.448e-05 -5.36 -1.2
7.452e-05 -5.44 -1.22
7.456e-05 -5.44 -1.22
7.46e-05 -5.44 -1.22
7.464e-05 -5.44 -1.22
7.468e-05 -5.52 -1.22
7.472e-05 -5.52 -1.26
7.476e-05 -5.52 -1.26
7.48e-05 -5.6 -1.24
7.484e-05 -5.68 -1.22
7.488e-05 -5.68 -1.24
7.492e-05 -5.68 -1.26
7.496e-05 -5.68 -1.22
7.5e-05 -5.76 -1.22
7.504e-05 -5.76 -1.24
7.508e-05 -5.76 -1.22
7.512e-05 -5.84 -1.26
7.516e-05 -5.84 -1.22
7.52e-05 -5.84 -1.22
7.524e-05 -5.84 -1.22
7.528e-05 -5.84 -1.24
7.532e-05 -5.84 -1.22
7.536e-05 -5.84 -1.22
7.54e-05 -5.84 -1.22
7.544e-05 -5.84 -1.22
7.548e-05 -5.84 -1.22
7.552e-05 -5.92 -1.22
7.556e-05 -5.84 -1.2
7.56e-05 -5.84 -1.22
7.564e-05 -6 -1.2
7.568e-05 -5.92 -1.2
7.572e-05 -5.84 -1.18
7.576e-05 -5.92 -1.2
7.58e-05 -5.92 -1.18
7.584e-05 -6 -1.18
7.588e-05 -5.84 -1.18
7.592e-05 -5.92 -1.18
7.596e-05 -5.84 -1.18
7.6e-05 -5.84 -1.16
7.604e-05 -5.84 -1.16
7.608e-05 -5.84 -1.14
7.612e-05 -5.84 -1.14
7.616e-05 -5.84 -1.12
7.62e-05 -5.84 -1.12
7.624e-05 -5.76 -1.12
7.628e-05 -5.76 -1.12
7.632e-05 -5.76 -1.1
7.636e-05 -5.68 -1.1
7.64e-05 -5.68 -1.08
7.644e-05 -5.68 -1.08
7.648e-05 -5.68 -1.06
7.652e-05 -5.68 -1.06
7.656e-05 -5.68 -1.04
7.66e-05 -5.6 -1.04
7.664e-05 -5.52 -1.04
7.668e-05 -5.52 -1.02
7.672e-05 -5.52 -1.02
7.676e-05 -5.44 -0.98
7.68e-05 -5.44 -0.98
7.684e-05 -5.36 -0.98
7.688e-05 -5.36 -0.98
7.692e-05 -5.36 -0.96
7.696e-05 -5.2 -0.94
7.7e-05 -5.2 -0.94
7.704e-05 -5.2 -0.92
7.708e-05 -5.2 -0.9
7.712e-05 -5.12 -0.88
7.716e-05 -5.04 -0.88
7.72e-05 -5.04 -0.88
7.724e-05 -5.04 -0.88
7.728e-05 -4.88 -0.84
7.732e-05 -4.88 -0.82
7.736e-05 -4.8 -0.82
7.74e-05 -4.72 -0.82
7.744e-05 -4.72 -0.78
7.748e-05 -4.72 -0.78
7.752e-05 -4.56 -0.76
7.756e-05 -4.56 -0.76
7.76e-05 -4.56 -0.74
7.764e-05 -4.48 -0.72
7.768e-05 -4.4 -0.72
7.772e-05 -4.32 -0.68
7.776e-05 -4.24 -0.7
7.78e-05 -4.24 -0.66
7.784e-05 -4.16 -0.64
7.788e-05 -4.08 -0.64
7.792e-05 -3.92 -0.62
7.796e-05 -3.92 -0.62
7.8e-05 -3.92 -0.58
7.804e-05 -3.92 -0.58
7.808e-05 -3.84 -0.56
7.812e-05 -3.6 -0.54
7.816e-05 -3.6 -0.52
7.82e-05 -3.6 -0.5
7.824e-05 -3.52 -0.5
7.828e-05 -3.44 -0.48
7.832e-05 -3.44 -0.46
7.836e-05 -3.28 -0.44
7.84e-05 -3.2 -0.42
7.844e-05 -3.2 -0.42
7.848e-05 -3.12 -0.4
7.852e-05 -2.96 -0.38
7.856e-05 -2.88 -0.34
7.86e-05 -2.88 -0.34
7.864e-05 -2.8 -0.34
7.868e-05 -2.64 -0.3
7.872e-05 -2.64 -0.28
7.876e-05 -2.56 -0.26
7.88e-05 -2.48 -0.26
7.884e-05 -2.4 -0.24
7.888e-05 -2.32 -0.22
7.892e-05 -2.24 -0.22
7.896e-05 -2.16 -0.2
7.9e-05 -2.08 -0.18
7.904e-05 -2 -0.14
7.908e-05 -1.92 -0.12
7.912e-05 -1.84 -0.12
7.916e-05 -1.68 -0.1
7.92e-05 -1.68 -0.08
7.924e-05 -1.6 -0.06
7.928e-05 -1.52 -0.06
7.932e-05 -1.36 -0.04
7.936e-05 -1.36 0
7.94e-05 -1.28 0.02
7.944e-05 -1.2 0.04
7.948e-05 -1.04 0.04
7.952e-05 -1.04 0.06
7.956e-05 -0.96 0.08
7.96e-05 -0.8 0.1
7.964e-05 -0.72 0.12
7.968e-05 -0.64 0.12
7.972e-05 -0.56 0.16
7.976e-05 -0.4 0.18
7.98e-05 -0.4 0.2
7.984e-05 -0.32 0.2
7.988e-05 -0.32 0.22
7.992e-05 -0.16 0.24
7.996e-05 0 0.26
8e-05 0.08 0.28
8.004e-05 0.16 0.28
8.008e-05 0.24 0.3
8.012e-05 0.32 0.32
8.016e-05 0.4 0.34
8.02e-05 0.48 0.34
8.024e-05 0.64 0.36
8.028e-05 0.64 0.4
8.032e-05 0.8 0.4
8.036e-05 0.88 0.42
8.04e-05 0.96 0.42
8.044e-05 1.12 0.44
8.048e-05 1.12 0.46
8.052e-05 1.2 0.48
8.056e-05 1.28 0.5
8.06e-05 1.36 0.52
8.064e-05 1.44 0.54
8.068e-05 1.6 0.56
8.072e-05 1.6 0.56
8.076e-05 1.76 0.58
8.08e-05 1.76 0.6
8.084e-05 1.92 0.6
8.088e-05 1.92 0.62
8.092e-05 2 0.64
8.096e-05 2.08 0.66
8.1e-05 2.24 0.68
8.104e-05 2.32 0.68
8.108e-05 2.32 0.68
8.112e-05 2.48 0.7
8.116e-05 2.56 0.72
8.12e-05 2.56 0.74
8.124e-05 2.64 0.76
8.128e-05 2.72 0.74
8.132e-05 2.88 0.76
8.136e-05 2.88 0.78
8.14e-05 2.96 0.8
8.144e-05 3.04 0.8
8.148e-05 3.12 0.82
8.152e-05 3.2 0.84
8.156e-05 3.2 0.84
8.16e-05 3.36 0.86
8.164e-05 3.36 0.86
8.168e-05 3.52 0.88
8.172e-05 3.52 0.88
8.176e-05 3.6 0.9
8.18e-05 3.68 0.9
8.184e-05 3.68 0.94
8.188e-05 3.84 0.94
8.192e-05 3.84 0.94
8.196e-05 3.92 0.94
8.2e-05 4 0.96
8.204e-05 4 0.96
8.208e-05 4.16 0.98
8.212e-05 4.16 0.98
8.216e-05 4.24 0.98
8.22e-05 4.32 1
8.224e-05 4.32 1
8.228e-05 4.4 1.02
8.232e-05 4.48 1
8.236e-05 4.48 1.02
8.24e-05 4.56 1.04
8.244e-05 4.64 1.06
8.248e-05 4.64 1.06
8.252e-05 4.8 1.06
8.256e-05 4.8 1.08
8.26e-05 4.88 1.06
8.264e-05 4.88 1.08
8.268e-05 4.96 1.06
8.272e-05 4.96 1.08
8.276e-05 5.04 1.08
8.28e-05 5.12 1.1
8.284e-05 5.12 1.1
8.288e-05 5.12 1.1
8.292e-05 5.2 1.1
8.296e-05 5.28 1.12
8.3e-05 5.2 1.12
8.304e-05 5.28 1.12
8.308e-05 5.36 1.12
8.312e-05 5.36 1.12
8.316e-05 5.36 1.14
8.32e-05 5.44 1.12
8.324e-05 5.44 1.14
8.328e-05 5.44 1.14
8.332e-05 5.52 1.14
8.336e-05 5.52 1.14
8.34e-05 5.52 1.14
8.344e-05 5.6 1.14
8.348e-05 5.6 1.14
8.352e-05 5.6 1.14
8.356e-05 5.6 1.12
8.36e-05 5.68 1.14
8.364e-05 5.76 1.14
8.368e-05 5.76 1.14
8.372e-05 5.76 1.14
8.376e-05 5.76 1.14
8.38e-05 5.76 1.14
8.384e-05 5.76 1.14
8.388e-05 5.76 1.12
8.392e-05 5.76 1.12
8.396e-05 5.76 1.12
8.4e-05 5.84 1.12
8.404e-05 5.84 1.12
8.408e-05 5.84 1.12
8.412e-05 5.84 1.12
8.416e-05 5.76 1.1
8.42e-05 5.84 1.1
8.424e-05 5.84 1.1
8.428e-05 5.84 1.1
8.432e-05 5.84 1.08
8.436e-05 5.76 1.08
8.44e-05 5.76 1.08
8.444e-05 5.76 1.06
8.448e-05 5.76 1.06
8.452e-05 5.76 1.06
8.456e-05 5.76 1.06
8.46e-05 5.76 1.04
8.464e-05 5.76 1.04
8.468e-05 5.76 1.04
8.472e-05 5.76 1.02
8.476e-05 5.76 1.02
8.48e-05 5.6 0.98
8.484e-05 5.68 1
8.488e-05 5.6 1
8.492e-05 5.6 1
8.496e-05 5.6 0.98
8.5e-05 5.6 0.96
8.504e-05 5.52 0.96
8.508e-05 5.52 0.96
8.512e-05 5.52 0.96
8.516e-05 5.44 0.92
8.52e-05 5.44 0.92
8.524e-05 5.44 0.92
8.528e-05 5.44 0.9
8.532e-05 5.36 0.88
8.536e-05 5.28 0.88
8.54e-05 5.28 0.88
8.544e-05 5.2 0.86
8.548e-05 5.2 0.84
8.552e-05 5.2 0.84
8.556e-05 5.12 0.82
8.56e-05 5.12 0.82
8.564e-05 5.12 0.8
8.568e-05 4.96 0.78
8.572e-05 4.96 0.78
8.576e-05 4.88 0.76
8.58e-05 4.88 0.74
8.584e-05 4.8 0.74
8.588e-05 4.8 0.72
8.592e-05 4.8 0.7
8.596e-05 4.64 0.72
8.6e-05 4.56 0.7
8.604e-05 4.56 0.66
8.608e-05 4.48 0.66
8.612e-05 4.48 0.62
8.616e-05 4.32 0.64
8.62e-05 4.32 0.62
8.624e-05 4.24 0.6
8.628e-05 4.16 0.58
8.632e-05 4.16 0.56
8.636e-05 4.16 0.56
8.64e-05 4 0.52
8.644e-05 3.92 0.52
8.648e-05 3.92 0.52
8.652e-05 3.84 0.5
8.656e-05 3.76 0.48
8.66e-05 3.68 0.46
8.664e-05 3.68 0.44
8.668e-05 3.6 0.44
8.672e-05 3.52 0.4
8.676e-05 3.52 0.4
8.68e-05 3.36 0.36
8.684e-05 3.28 0.36
8.688e-05 3.2 0.34
8.692e-05 3.2 0.32
8.696e-05 3.04 0.3
8.7e-05 2.96 0.3
8.704e-05 2.88 0.28
8.708e-05 2.88 0.26
8.712e-05 2.8 0.24
8.716e-05 2.72 0.24
8.72e-05 2.64 0.24
8.724e-05 2.56 0.2
8.728e-05 2.48 0.18
8.732e-05 2.4 0.16
8.736e-05 2.32 0.16
8.74e-05 2.24 0.14
8.744e-05 2.08 0.1
8.748e-05 2 0.08
8.752e-05 2 0.08
8.756e-05 1.92 0.08
8.76e-05 1.84 0.04
8.764e-05 1.76 0.02
8.768e-05 1.6 0
8.772e-05 1.6 0
8.776e-05 1.52 -0.04
8.78e-05 1.44 -0.06
8.784e-05 1.28 -0.08
8.788e-05 1.28 -0.08
8.792e-05 1.12 -0.1
8.796e-05 1.12 -0.12
8.8e-05 1.04 -0.16
8.804e-05 0.96 -0.16
8.808e-05 0.8 -0.18
8.812e-05 0.72 -0.2
8.816e-05 0.64 -0.22
8.82e-05 0.56 -0.24
8.824e-05 0.56 -0.24
8.828e-05 0.4 -0.26
8.832e-05 0.32 -0.3
8.836e-05 0.32 -0.32
8.84e-05 0.16 -0.34
8.844e-05 0.08 -0.32
8.848e-05 0 -0.36
8.852e-05 -0.16 -0.38
8.856e-05 -0.32 -0.4
8.86e-05 -0.32 -0.4
8.864e-05 -0.4 -0.42
8.868e-05 -0.56 -0.44
8.872e-05 -0.64 -0.46
8.876e-05 -0.72 -0.46
8.88e-05 -0.72 -0.48
8.884e-05 -0.88 -0.5
8.888e-05 -0.96 -0.52
8.892e-05 -1.04 -0.54
8.896e-05 -1.04 -0.54
8.9e-05 -1.2 -0.56
8.904e-05 -1.36 -0.58
8.908e-05 -1.36 -0.62
8.912e-05 -1.52 -0.62
8.916e-05 -1.6 -0.64
8.92e-05 -1.6 -0.64
8.924e-05 -1.68 -0.66
8.928e-05 -1.84 -0.66
8.932e-05 -1.84 -0.68
8.936e-05 -1.92 -0.7
8.94e-05 -2 -0.72
8.944e-05 -2.08 -0.74
8.948e-05 -2.16 -0.74
8.952e-05 -2.24 -0.76
8.956e-05 -2.32 -0.76
8.96e-05 -2.4 -0.8
8.964e-05 -2.48 -0.8
8.968e-05 -2.56 -0.8
8.972e-05 -2.72 -0.84
8.976e-05 -2.8 -0.84
8.98e-05 -2.8 -0.86
8.984e-05 -2.96 -0.86
8.988e-05 -2.96 -0.88
8.992e-05 -3.04 -0.9
8.996e-05 -3.12 -0.9
9e-05 -3.2 -0.9
9.004e-05 -3.2 -0.9
9.008e-05 -3.28 -0.94
9.012e-05 -3.44 -0.96
9.016e-05 -3.52 -0.96
9.02e-05 -3.52 -0.96
9.024e-05 -3.6 -0.98
9.028e-05 -3.68 -1
9.032e-05 -3.76 -1.02
9.036e-05 -3.84 -1.02
9.04e-05 -3.92 -1.04
9.044e-05 -3.92 -1.02
9.048e-05 -4 -1.04
9.052e-05 -4.08 -1.04
9.056e-05 -4.08 -1.06
9.06e-05 -4.24 -1.06
9.064e-05 -4.24 -1.08
9.068e-05 -4.32 -1.1
9.072e-05 -4.4 -1.1
9.076e-05 -4.48 -1.1
9.08e-05 -4.48 -1.1
9.084e-05 -4.56 -1.12
9.088e-05 -4.56 -1.14
9.092e-05 -4.72 -1.14
9.096e-05 -4.72 -1.14
9.1e-05 -4.8 -1.14
9.104e-05 -4.8 -1.16
9.108e-05 -4.88 -1.14
9.112e-05 -4.88 -1.16
9.116e-05 -4.88 -1.2
9.12e-05 -5.04 -1.2
9.124e-05 -5.04 -1.2
9.128e-05 -5.12 -1.18
9.132e-05 -5.12 -1.2
9.136e-05 -5.2 -1.2
9.14e-05 -5.2 -1.2
9.144e-05 -5.2 -1.22
9.148e-05 -5.2 -1.22
9.152e-05 -5.36 -1.22
9.156e-05 -5.36 -1.22
9.16e-05 -5.44 -1.22
9.164e-05 -5.44 -1.22
9.168e-05 -5.52 -1.22
9.172e-05 -5.52 -1.22
9.176e-05 -5.52 -1.22
9.18e-05 -5.52 -1.22
9.184e-05 -5.52 -1.24
9.188e-05 -5.68 -1.24
9.192e-05 -5.68 -1.26
9.196e-05 -5.68 -1.22
9.2e-05 -5.76 -1.22
9.204e-05 -5.76 -1.22
9.208e-05 -5.76 -1.26
9.212e-05 -5.76 -1.24
9.216e-05 -5.84 -1.24
9.22e-05 -5.76 -1.22
9.224e-05 -5.76 -1.24
9.228e-05 -5.84 -1.22
9.232e-05 -5.76 -1.22
9.236e-05 -5.84 -1.22
9.24e-05 -5.84 -1.22
9.244e-05 -5.84 -1.22
9.248e-05 -5.84 -1.24
9.252e-05 -5.84 -1.22
9.256e-05 -5.84 -1.22
9.26e-05 -5.92 -1.22
9.264e-05 -5.84 -1.2
9.268e-05 -5.92 -1.2
9.272e-05 -6 -1.2
9.276e-05 -5.92 -1.22
9.28e-05 -5.84 -1.2
9.284e-05 -6 -1.2
9.288e-05 -5.92 -1.18
9.292e-05 -5.92 -1.2
9.296e-05 -5.84 -1.18
9.3e-05 -5.92 -1.16
9.304e-05 -5.84 -1.16
9.308e-05 -5.84 -1.16
9.312e-05 -5.84 -1.14
9.316e-05 -5.84 -1.14
9.32e-05 -5.84 -1.12
9.324e-05 -5.76 -1.14
9.328e-05 -5.76 -1.12
9.332e-05 -5.76 -1.12
9.336e-05 -5.76 -1.12
9.34e-05 -5.76 -1.08
9.344e-05 -5.76 -1.08
9.348e-05 -5.68 -1.08
9.352e-05 -5.68 -1.08
9.356e-05 -5.68 -1.06
9.36e-05 -5.68 -1.06
9.364e-05 -5.52 -1.04
9.368e-05 -5.52 -1.04
9.372e-05 -5.52 -1.02
9.376e-05 -5.52 -1.02
9.38e-05 -5.44 -1
9.384e-05 -5.44 -1
9.388e-05 -5.44 -0.98
9.392e-05 -5.36 -0.98
9.396e-05 -5.36 -0.96
9.4e-05 -5.28 -0.96
9.404e-05 -5.2 -0.96
9.408e-05 -5.2 -0.94
9.412e-05 -5.2 -0.9
9.416e-05 -5.12 -0.9
9.42e-05 -5.12 -0.9
9.424e-05 -5.04 -0.88
9.428e-05 -5.04 -0.86
9.432e-05 -4.88 -0.84
9.436e-05 -4.88 -0.86
9.44e-05 -4.88 -0.84
9.444e-05 -4.8 -0.82
9.448e-05 -4.8 -0.8
9.452e-05 -4.8 -0.8
9.456e-05 -4.64 -0.78
9.46e-05 -4.56 -0.76
9.464e-05 -4.56 -0.74
9.468e-05 -4.48 -0.74
9.472e-05 -4.4 -0.72
9.476e-05 -4.4 -0.7
9.48e-05 -4.4 -0.68
9.484e-05 -4.24 -0.68
9.488e-05 -4.24 -0.68
9.492e-05 -4.16 -0.64
9.496e-05 -4.08 -0.62
9.5e-05 -3.92 -0.62
9.504e-05 -3.92 -0.6
9.508e-05 -3.84 -0.58
9.512e-05 -3.84 -0.56
9.516e-05 -3.84 -0.54
9.52e-05 -3.76 -0.54
9.524e-05 -3.6 -0.52
9.528e-05 -3.6 -0.5
9.532e-05 -3.52 -0.48
9.536e-05 -3.44 -0.46
9.54e-05 -3.28 -0.46
9.544e-05 -3.2 -0.44
9.548e-05 -3.2 -0.42
9.552e-05 -3.12 -0.4
9.556e-05 -2.96 -0.38
9.56e-05 -2.96 -0.38
9.564e-05 -2.88 -0.34
9.568e-05 -2.8 -0.34
9.572e-05 -2.8 -0.32
9.576e-05 -2.64 -0.3
9.58e-05 -2.56 -0.3
9.584e-05 -2.48 -0.26
9.588e-05 -2.4 -0.24
9.592e-05 -2.32 -0.24
9.596e-05 -2.24 -0.24
9.6e-05 -2.16 -0.2
9.604e-05 -2.08 -0.18
9.608e-05 -2 -0.16
9.612e-05 -1.92 -0.14
9.616e-05 -1.92 -0.14
9.62e-05 -1.84 -0.1
9.624e-05 -1.68 -0.08
9.628e-05 -1.68 -0.08
9.632e-05 -1.6 -0.06
9.636e-05 -1.44 -0.04
9.64e-05 -1.36 0
9.644e-05 -1.28 0.02
9.648e-05 -1.28 0.02
9.652e-05 -1.2 0.04
9.656e-05 -1.04 0.06
9.66e-05 -1.04 0.08
9.664e-05 -0.88 0.08
9.668e-05 -0.8 0.1
9.672e-05 -0.72 0.14
9.676e-05 -0.64 0.16
9.68e-05 -0.56 0.18
9.684e-05 -0.4 0.18
9.688e-05 -0.4 0.2
9.692e-05 -0.24 0.2
9.696e-05 -0.24 0.24
9.7e-05 0 0.24
9.704e-05 0 0.26
9.708e-05 0.08 0.28
9.712e-05 0.24 0.32
9.716e-05 0.32 0.32
9.72e-05 0.4 0.34
9.724e-05 0.48 0.34
9.728e-05 0.56 0.36
9.732e-05 0.64 0.38
9.736e-05 0.72 0.38
9.74e-05 0.8 0.42
9.744e-05 0.96 0.44
9.748e-05 1.04 0.44
9.752e-05 1.12 0.46
9.756e-05 1.28 0.48
9.76e-05 1.28 0.48
9.764e-05 1.28 0.52
9.768e-05 1.44 0.52
9.772e-05 1.52 0.54
9.776e-05 1.6 0.56
9.78e-05 1.68 0.58
9.784e-05 1.76 0.58
9.788e-05 1.76 0.6
9.792e-05 1.92 0.6
9.796e-05 2 0.64
9.8e-05 2.08 0.64
9.804e-05 2.08 0.66
9.808e-05 2.24 0.66
9.812e-05 2.32 0.68
9.816e-05 2.4 0.68
9.82e-05 2.56 0.72
9.824e-05 2.56 0.72
9.828e-05 2.56 0.72
9.832e-05 2.64 0.74
9.836e-05 2.72 0.76
9.84e-05 2.88 0.78
9.844e-05 2.88 0.78
9.848e-05 2.96 0.8
9.852e-05 3.04 0.82
9.856e-05 3.2 0.82
9.86e-05 3.2 0.82
9.864e-05 3.28 0.84
9.868e-05 3.36 0.88
9.872e-05 3.52 0.88
9.876e-05 3.52 0.88
9.88e-05 3.6 0.88
9.884e-05 3.6 0.9
9.888e-05 3.68 0.92
9.892e-05 3.76 0.92
9.896e-05 3.84 0.92
9.9e-05 3.92 0.94
9.904e-05 3.92 0.96
9.908e-05 4 0.96
9.912e-05 4.16 0.96
9.916e-05 4.16 0.98
9.92e-05 4.16 0.98
9.924e-05 4.24 1
9.928e-05 4.32 1
9.932e-05 4.4 1
9.936e-05 4.48 1.02
9.94e-05 4.48 1.04
9.944e-05 4.56 1.04
9.948e-05 4.64 1.04
9.952e-05 4.64 1.04
9.956e-05 4.72 1.06
9.96e-05 4.72 1.04
9.964e-05 4.8 1.08
9.968e-05 4.8 1.06
9.972e-05 4.88 1.08
9.976e-05 4.96 1.08
9.98e-05 4.96 1.1
9.984e-05 5.04 1.1
9.988e-05 5.12 1.1
9.992e-05 5.12 1.12
9.996e-05 5.12 1.12
0.0001 5.2 1.12
0.00010004 5.2 1.12
0.00010008 5.2 1.12
0.00010012 5.36 1.12
0.00010016 5.28 1.12
0.0001002 5.44 1.12
0.00010024 5.44 1.12
0.00010028 5.44 1.14
0.00010032 5.44 1.14
0.00010036 5.44 1.14
0.0001004 5.52 1.14
0.00010044 5.6 1.14
0.00010048 5.52 1.16
0.00010052 5.6 1.14
0.00010056 5.6 1.14
0.0001006 5.6 1.14
0.00010064 5.6 1.14
0.00010068 5.6 1.14
0.00010072 5.76 1.12
0.00010076 5.76 1.12
0.0001008 5.76 1.14
0.00010084 5.76 1.14
0.00010088 5.76 1.14
0.00010092 5.76 1.14
0.00010096 5.76 1.14
0.000101 5.84 1.12
0.00010104 5.76 1.12
0.00010108 5.84 1.12
0.00010112 5.84 1.12
0.00010116 5.76 1.12
0.0001012 5.84 1.1
0.00010124 5.84 1.12
0.00010128 5.84 1.08
0.00010132 5.76 1.1
0.00010136 5.84 1.1
0.0001014 5.76 1.08
0.00010144 5.76 1.06
0.00010148 5.76 1.08
0.00010152 5.76 1.08
0.00010156 5.76 1.08
0.0001016 5.76 1.06
0.00010164 5.76 1.04
0.00010168 5.76 1.04
0.00010172 5.76 1.04
0.00010176 5.76 1.02
0.0001018 5.76 1.02
0.00010184 5.76 1.02
0.00010188 5.68 1
0.00010192 5.6 1.02
0.00010196 5.6 0.98
0.000102 5.6 0.98
0.00010204 5.6 0.98
0.00010208 5.52 0.96
0.00010212 5.52 0.96
0.00010216 5.52 0.96
0.0001022 5.44 0.96
0.00010224 5.44 0.92
0.00010228 5.44 0.92
0.00010232 5.36 0.9
0.00010236 5.44 0.88
0.0001024 5.28 0.88
0.00010244 5.28 0.88
0.00010248 5.2 0.86
0.00010252 5.2 0.84
0.00010256 5.12 0.84
0.0001026 5.12 0.84
0.00010264 5.12 0.82
0.00010268 5.12 0.8
0.00010272 4.96 0.8
0.00010276 4.96 0.8
0.0001028 4.96 0.78
0.00010284 4.88 0.74
0.00010288 4.8 0.74
0.00010292 4.8 0.72
0.00010296 4.8 0.72
0.000103 4.64 0.72
0.00010304 4.64 0.68
0.00010308 4.56 0.68
0.00010312 4.48 0.66
0.00010316 4.48 0.66
0.0001032 4.4 0.64
0.00010324 4.32 0.64
0.00010328 4.32 0.6
0.00010332 4.24 0.62
0.00010336 4.16 0.58
0.0001034 4.16 0.56
0.00010344 4.16 0.54
0.00010348 4 0.54
0.00010352 3.92 0.52
0.00010356 3.84 0.5
0.0001036 3.84 0.48
0.00010364 3.68 0.46
0.00010368 3.68 0.46
0.00010372 3.6 0.44
0.00010376 3.6 0.42
0.0001038 3.52 0.42
0.00010384 3.36 0.4
0.00010388 3.36 0.38
0.00010392 3.28 0.36
0.00010396 3.2 0.34
0.000104 3.2 0.32
0.00010404 3.04 0.32
0.00010408 2.96 0.28
0.00010412 2.88 0.26
0.00010416 2.88 0.26
0.0001042 2.72 0.26
0.00010424 2.64 0.22
0.00010428 2.56 0.2
0.00010432 2.56 0.18
0.00010436 2.4 0.18
0.0001044 2.4 0.18
0.00010444 2.24 0.12
0.00010448 2.24 0.12
0.00010452 2.08 0.1
0.00010456 2.08 0.08
0.0001046 1.92 0.06
0.00010464 1.76 0.06
0.00010468 1.76 0.04
0.00010472 1.68 0.02
0.00010476 1.6 0
0.0001048 1.6 -0.04
0.00010484 1.44 -0.04
0.00010488 1.44 -0.06
0.00010492 1.28 -0.08
0.00010496 1.28 -0.1
0.000105 1.12 -0.12
0.00010504 1.04 -0.12
0.00010508 1.04 -0.14
0.00010512 0.96 -0.18
0.00010516 0.8 -0.2
0.0001052 0.72 -0.22
0.00010524 0.64 -0.22
0.00010528 0.56 -0.24
0.00010532 0.48 -0.26
0.00010536 0.32 -0.28
0.0001054 0.32 -0.3
0.00010544 0.24 -0.3
0.00010548 0.16 -0.34
0.00010552 0.08 -0.34
0.00010556 0 -0.36
0.0001056 -0.24 -0.36
0.00010564 -0.32 -0.38
0.00010568 -0.4 -0.4
0.00010572 -0.4 -0.42
0.00010576 -0.56 -0.44
0.0001058 -0.64 -0.48
0.00010584 -0.72 -0.48
0.00010588 -0.8 -0.5
0.00010592 -0.88 -0.52
0.00010596 -1.04 -0.52
0.000106 -1.04 -0.54
0.00010604 -1.12 -0.56
0.00010608 -1.2 -0.56
0.00010612 -1.36 -0.58
0.00010616 -1.36 -0.58
0.0001062 -1.52 -0.6
0.00010624 -1.6 -0.64
0.00010628 -1.68 -0.66
0.00010632 -1.68 -0.66
0.00010636 -1.76 -0.68
0.0001064 -1.92 -0.72
0.00010644 -2 -0.72
0.00010648 -2.08 -0.72
0.00010652 -2.16 -0.74
0.00010656 -2.32 -0.74
0.0001066 -2.32 -0.76
0.00010664 -2.32 -0.78
0.00010668 -2.48 -0.78
0.00010672 -2.56 -0.8
0.00010676 -2.56 -0.82
0.0001068 -2.64 -0.84
0.00010684 -2.72 -0.84
0.00010688 -2.88 -0.86
0.00010692 -2.96 -0.86
0.00010696 -2.96 -0.9
0.000107 -3.12 -0.9
0.00010704 -3.12 -0.9
0.00010708 -3.2 -0.92
0.00010712 -3.28 -0.94
0.00010716 -3.36 -0.94
0.0001072 -3.44 -0.94
0.00010724 -3.52 -0.96
0.00010728 -3.6 -0.98
0.00010732 -3.6 -0.98
0.00010736 -3.76 -0.98
0.0001074 -3.76 -1
0.00010744 -3.84 -1.02
0.00010748 -3.92 -1.04
0.00010752 -3.92 -1.02
0.00010756 -4 -1.04
0.0001076 -4.16 -1.06
0.00010764 -4.16 -1.08
0.00010768 -4.16 -1.1
0.00010772 -4.24 -1.08
0.00010776 -4.32 -1.1
0.0001078 -4.4 -1.1
0.00010784 -4.48 -1.1
0.00010788 -4.56 -1.1
0.00010792 -4.48 -1.12
0.00010796 -4.56 -1.14
0.000108 -4.72 -1.14
0.00010804 -4.72 -1.16
0.00010808 -4.72 -1.14
0.00010812 -4.88 -1.16
0.00010816 -4.88 -1.16
0.0001082 -4.88 -1.18
0.00010824 -5.04 -1.2
0.00010828 -5.12 -1.18
0.00010832 -5.04 -1.2
0.00010836 -5.12 -1.2
0.0001084 -5.12 -1.2
0.00010844 -5.2 -1.2
0.00010848 -5.2 -1.2
0.00010852 -5.2 -1.22
0.00010856 -5.28 -1.22
0.0001086 -5.36 -1.22
0.00010864 -5.36 -1.22
0.00010868 -5.44 -1.22
0.00010872 -5.44 -1.22
0.00010876 -5.52 -1.22
0.0001088 -5.52 -1.22
0.00010884 -5.52 -1.22
0.00010888 -5.6 -1.24
0.00010892 -5.6 -1.22
0.00010896 -5.68 -1.24
0.000109 -5.68 -1.24
0.00010904 -5.68 -1.22
0.00010908 -5.76 -1.26
0.00010912 -5.76 -1.24
0.00010916 -5.76 -1.24
0.0001092 -5.76 -1.24
0.00010924 -5.76 -1.24
0.00010928 -5.76 -1.24
0.00010932 -5.76 -1.24
0.00010936 -5.84 -1.22
0.0001094 -5.84 -1.22
0.00010944 -5.84 -1.22
0.00010948 -5.84 -1.22
0.00010952 -5.84 -1.22
0.00010956 -5.84 -1.22
0.0001096 -5.84 -1.22
0.00010964 -5.84 -1.22
0.00010968 -5.84 -1.2
0.00010972 -5.84 -1.22
0.00010976 -6 -1.2
0.0001098 -5.92 -1.2
0.00010984 -5.84 -1.2
0.00010988 -5.84 -1.2
0.00010992 -5.92 -1.2
0.00010996 -5.84 -1.18
0.00011 -5.84 -1.2
0.00011004 -5.84 -1.18
0.00011008 -5.92 -1.16
0.00011012 -5.84 -1.14
0.00011016 -5.84 -1.14
0.0001102 -5.84 -1.14
0.00011024 -5.84 -1.14
0.00011028 -5.84 -1.14
0.00011032 -5.76 -1.12
0.00011036 -5.84 -1.12
0.0001104 -5.76 -1.1
0.00011044 -5.76 -1.1
0.00011048 -5.76 -1.1
0.00011052 -5.76 -1.1
0.00011056 -5.68 -1.08
0.0001106 -5.68 -1.06
0.00011064 -5.68 -1.06
0.00011068 -5.52 -1.06
0.00011072 -5.52 -1.04
0.00011076 -5.52 -1.02
0.0001108 -5.52 -1.02
0.00011084 -5.52 -1.02
0.00011088 -5.52 -1
0.00011092 -5.44 -1
0.00011096 -5.36 -0.98
0.000111 -5.36 -0.96
0.00011104 -5.28 -0.96
0.00011108 -5.28 -0.96
0.00011112 -5.28 -0.94
0.00011116 -5.2 -0.94
0.0001112 -5.2 -0.92
0.00011124 -5.2 -0.9
0.00011128 -5.12 -0.88
0.00011132 -5.04 -0.88
0.00011136 -5.04 -0.88
0.0001114 -4.96 -0.84
0.00011144 -4.88 -0.84
0.00011148 -4.8 -0.8
0.00011152 -4.8 -0.82
0.00011156 -4.8 -0.8
0.0001116 -4.64 -0.78
0.00011164 -4.56 -0.78
0.00011168 -4.56 -0.76
0.00011172 -4.56 -0.74
0.00011176 -4.48 -0.72
0.0001118 -4.32 -0.7
0.00011184 -4.4 -0.7
0.00011188 -4.24 -0.68
0.00011192 -4.24 -0.66
0.00011196 -4.16 -0.66
0.000112 -4.08 -0.64
0.00011204 -4.08 -0.62
0.00011208 -3.92 -0.6
0.00011212 -3.92 -0.58
0.00011216 -3.92 -0.58
0.0001122 -3.84 -0.56
0.00011224 -3.76 -0.54
0.00011228 -3.6 -0.52
0.00011232 -3.6 -0.5
0.00011236 -3.52 -0.48
0.0001124 -3.44 -0.48
0.00011244 -3.44 -0.48
0.00011248 -3.28 -0.46
0.00011252 -3.2 -0.42
0.00011256 -3.12 -0.4
0.0001126 -3.12 -0.4
0.00011264 -3.04 -0.38
0.00011268 -2.96 -0.36
0.00011272 -2.88 -0.34
0.00011276 -2.88 -0.34
0.0001128 -2.72 -0.32
0.00011284 -2.64 -0.3
0.00011288 -2.56 -0.26
0.00011292 -2.48 -0.26
0.00011296 -2.48 -0.24
0.000113 -2.32 -0.22
0.00011304 -2.24 -0.22
0.00011308 -2.24 -0.2
0.00011312 -2.08 -0.18
0.00011316 -2 -0.16
0.0001132 -2 -0.14
0.00011324 -1.84 -0.14
0.00011328 -1.84 -0.1
0.00011332 -1.68 -0.1
0.00011336 -1.6 -0.08
0.0001134 -1.52 -0.06
0.00011344 -1.36 -0.04
0.00011348 -1.36 0
0.00011352 -1.28 0
0.00011356 -1.2 0.04
0.0001136 -1.04 0.04
0.00011364 -1.04 0.06
0.00011368 -0.96 0.1
0.00011372 -0.88 0.1
0.00011376 -0.72 0.12
0.0001138 -0.64 0.12
0.00011384 -0.56 0.16
0.00011388 -0.48 0.16
0.00011392 -0.4 0.18
0.00011396 -0.32 0.2
0.000114 -0.24 0.22
0.00011404 0 0.24
0.00011408 0 0.26
0.00011412 0.08 0.28
0.00011416 0.16 0.28
0.0001142 0.32 0.3
0.00011424 0.4 0.32
0.00011428 0.4 0.34
0.00011432 0.48 0.34
0.00011436 0.64 0.36
0.0001144 0.64 0.36
0.00011444 0.8 0.4
0.00011448 0.8 0.42
0.00011452 0.96 0.42
0.00011456 1.04 0.44
0.0001146 1.12 0.46
0.00011464 1.2 0.48
0.00011468 1.28 0.5
0.00011472 1.36 0.5
0.00011476 1.44 0.52
0.0001148 1.6 0.56
0.00011484 1.6 0.58
0.00011488 1.68 0.58
0.00011492 1.76 0.6
0.00011496 1.84 0.6
0.000115 1.92 0.62
0.00011504 2 0.62
0.00011508 2.08 0.64
0.00011512 2.24 0.66
0.00011516 2.24 0.66
0.0001152 2.32 0.7
0.00011524 2.4 0.7
0.00011528 2.48 0.72
0.00011532 2.64 0.74
0.00011536 2.72 0.74
0.0001154 2.72 0.76
0.00011544 2.88 0.76
0.00011548 2.88 0.78
0.00011552 2.96 0.78
0.00011556 3.04 0.82
0.0001156 3.04 0.82
0.00011564 3.2 0.82
0.00011568 3.2 0.84
0.00011572 3.28 0.84
0.00011576 3.36 0.86
0.0001158 3.52 0.88
0.00011584 3.52 0.88
0.00011588 3.6 0.9
0.00011592 3.6 0.9
0.00011596 3.68 0.92
0.000116 3.84 0.92
0.00011604 3.84 0.96
0.00011608 3.92 0.94
0.00011612 3.92 0.96
0.00011616 4 0.96
0.0001162 4.16 0.98
0.00011624 4.16 0.98
0.00011628 4.16 0.98
0.00011632 4.24 1
0.00011636 4.32 1
0.0001164 4.4 1.04
0.00011644 4.48 1.04
0.00011648 4.48 1.04
0.00011652 4.56 1.04
0.00011656 4.56 1.04
0.0001166 4.64 1.04
0.00011664 4.72 1.06
0.00011668 4.8 1.04
0.00011672 4.8 1.08
0.00011676 4.88 1.08
0.0001168 4.96 1.08
0.00011684 4.96 1.08
0.00011688 4.96 1.1
0.00011692 5.04 1.1
0.00011696 5.12 1.1
0.000117 5.12 1.1
0.00011704 5.2 1.12
0.00011708 5.2 1.14
0.00011712 5.2 1.14
0.00011716 5.2 1.12
0.0001172 5.36 1.12
0.00011724 5.44 1.12
0.00011728 5.44 1.12
0.00011732 5.44 1.12
0.00011736 5.44 1.12
0.0001174 5.44 1.14
0.00011744 5.52 1.14
0.00011748 5.52 1.14
0.00011752 5.52 1.14
0.00011756 5.6 1.14
0.0001176 5.6 1.14
0.00011764 5.6 1.14
0.00011768 5.6 1.14
0.00011772 5.6 1.14
0.00011776 5.68 1.14
0.0001178 5.68 1.14
0.00011784 5.76 1.14
0.00011788 5.76 1.14
0.00011792 5.76 1.12
0.00011796 5.76 1.14
0.000118 5.76 1.14
0.00011804 5.76 1.14
0.00011808 5.84 1.1
0.00011812 5.84 1.14
0.00011816 5.76 1.12
0.0001182 5.84 1.12
0.00011824 5.84 1.1
0.00011828 5.76 1.1
0.00011832 5.76 1.1
0.00011836 5.84 1.1
0.0001184 5.76 1.08
0.00011844 5.76 1.08
0.00011848 5.84 1.08
0.00011852 5.76 1.08
0.00011856 5.84 1.08
0.0001186 5.84 1.06
0.00011864 5.76 1.06
0.00011868 5.76 1.06
0.00011872 5.76 1.06
0.00011876 5.76 1.04
0.0001188 5.76 1.04
0.00011884 5.76 1.04
0.00011888 5.68 1.02
0.00011892 5.6 1
0.00011896 5.6 1
0.000119 5.6 1
0.00011904 5.6 0.98
0.00011908 5.6 1
0.00011912 5.52 0.96
0.00011916 5.52 0.96
0.0001192 5.52 0.96
0.00011924 5.44 0.96
0.00011928 5.44 0.94
0.00011932 5.44 0.9
0.00011936 5.44 0.92
0.0001194 5.44 0.9
0.00011944 5.28 0.9
0.00011948 5.28 0.88
0.00011952 5.28 0.86
0.00011956 5.2 0.88
0.0001196 5.2 0.86
0.00011964 5.2 0.84
0.00011968 5.12 0.82
0.00011972 5.12 0.82
0.00011976 5.12 0.8
0.0001198 4.96 0.8
0.00011984 4.96 0.78
0.00011988 4.88 0.76
0.00011992 4.88 0.74
0.00011996 4.8 0.74
0.00012 4.8 0.72
0.00012004 4.64 0.72
0.00012008 4.64 0.68
0.00012012 4.64 0.68
0.00012016 4.56 0.66
0.0001202 4.48 0.66
0.00012024 4.48 0.64
0.00012028 4.32 0.64
0.00012032 4.32 0.62
0.00012036 4.32 0.6
0.0001204 4.24 0.58
0.00012044 4.16 0.58
0.00012048 4.16 0.56
0.00012052 4 0.52
0.00012056 4 0.52
0.0001206 3.92 0.52
0.00012064 3.84 0.5
0.00012068 3.84 0.48
0.00012072 3.68 0.46
0.00012076 3.6 0.44
0.0001208 3.6 0.44
0.00012084 3.52 0.4
0.00012088 3.44 0.4
0.00012092 3.36 0.36
0.00012096 3.28 0.36
0.000121 3.28 0.36
0.00012104 3.2 0.34
0.00012108 3.04 0.3
0.00012112 2.96 0.3
0.00012116 2.96 0.3
0.0001212 2.88 0.28
0.00012124 2.72 0.24
0.00012128 2.72 0.24
0.00012132 2.64 0.24
0.00012136 2.56 0.2
0.0001214 2.56 0.18
0.00012144 2.4 0.16
0.00012148 2.32 0.16
0.00012152 2.24 0.14
0.00012156 2.24 0.12
0.0001216 2.08 0.1
0.00012164 2 0.08
0.00012168 1.92 0.06
0.00012172 1.92 0.06
0.00012176 1.76 0.02
0.0001218 1.68 0
0.00012184 1.6 0
0.00012188 1.6 0
0.00012192 1.44 -0.06
0.00012196 1.36 -0.08
0.000122 1.28 -0.1
0.00012204 1.12 -0.1
0.00012208 1.12 -0.12
0.00012212 1.04 -0.14
0.00012216 0.96 -0.16
0.0001222 0.96 -0.16
0.00012224 0.8 -0.18
0.00012228 0.72 -0.2
0.00012232 0.64 -0.24
0.00012236 0.56 -0.26
0.0001224 0.4 -0.24
0.00012244 0.32 -0.28
0.00012248 0.32 -0.28
0.00012252 0.16 -0.32
0.00012256 0.08 -0.34
0.0001226 0 -0.34
0.00012264 0 -0.38
0.00012268 -0.24 -0.38
0.00012272 -0.32 -0.4
0.00012276 -0.4 -0.4
0.0001228 -0.56 -0.42
0.00012284 -0.64 -0.44
0.00012288 -0.72 -0.46
0.00012292 -0.72 -0.5
0.00012296 -0.88 -0.5
0.000123 -0.88 -0.5
0.00012304 -0.96 -0.52
0.00012308 -1.04 -0.54
0.00012312 -1.2 -0.56
0.00012316 -1.28 -0.56
0.0001232 -1.36 -0.6
0.00012324 -1.44 -0.6
0.00012328 -1.52 -0.62
0.00012332 -1.6 -0.64
0.00012336 -1.68 -0.66
0.0001234 -1.68 -0.68
0.00012344 -1.84 -0.68
0.00012348 -1.92 -0.7
0.00012352 -2 -0.7
0.00012356 -2.08 -0.74
0.0001236 -2.16 -0.74
0.00012364 -2.32 -0.74
0.00012368 -2.32 -0.76
0.00012372 -2.48 -0.78
0.00012376 -2.48 -0.8
0.0001238 -2.56 -0.8
0.00012384 -2.64 -0.82
0.00012388 -2.72 -0.82
0.00012392 -2.8 -0.86
0.00012396 -2.88 -0.86
0.000124 -2.96 -0.86
0.00012404 -3.04 -0.88
0.00012408 -3.12 -0.9
0.00012412 -3.12 -0.92
0.00012416 -3.28 -0.94
0.0001242 -3.28 -0.94
0.00012424 -3.44 -0.96
0.00012428 -3.44 -0.98
0.00012432 -3.52 -0.98
0.00012436 -3.6 -0.98
0.0001244 -3.76 -0.98
0.00012444 -3.76 -1.02
0.00012448 -3.84 -1.02
0.00012452 -3.92 -1.02
0.00012456 -3.92 -1.02
0.0001246 -3.92 -1.04
0.00012464 -4.08 -1.06
0.00012468 -4.08 -1.06
0.00012472 -4.24 -1.06
0.00012476 -4.24 -1.08
0.0001248 -4.24 -1.1
0.00012484 -4.4 -1.1
0.00012488 -4.4 -1.1
0.00012492 -4.56 -1.1
0.00012496 -4.48 -1.12
0.000125 -4.56 -1.12
0.00012504 -4.72 -1.12
0.00012508 -4.72 -1.14
0.00012512 -4.72 -1.16
0.00012516 -4.8 -1.16
0.0001252 -4.88 -1.16
0.00012524 -4.88 -1.16
0.00012528 -4.88 -1.16
0.00012532 -5.04 -1.18
0.00012536 -5.12 -1.2
0.0001254 -5.12 -1.18
0.00012544 -5.12 -1.2
0.00012548 -5.12 -1.22
0.00012552 -5.2 -1.2
0.00012556 -5.2 -1.22
0.0001256 -5.28 -1.2
0.00012564 -5.36 -1.22
0.00012568 -5.36 -1.22
0.00012572 -5.44 -1.22
0.00012576 -5.44 -1.22
0.0001258 -5.44 -1.22
0.00012584 -5.52 -1.22
0.00012588 -5.52 -1.22
0.00012592 -5.52 -1.24
0.00012596 -5.52 -1.22
0.000126 -5.52 -1.22
0.00012604 -5.68 -1.24
0.00012608 -5.68 -1.24
0.00012612 -5.68 -1.22
0.00012616 -5.68 -1.24
0.0001262 -5.76 -1.22
0.00012624 -5.76 -1.24
0.00012628 -5.76 -1.22
0.00012632 -5.76 -1.22
0.00012636 -5.84 -1.24
0.0001264 -5.84 -1.24
0.00012644 -5.84 -1.26
0.00012648 -5.84 -1.22
0.00012652 -5.84 -1.24
0.00012656 -5.84 -1.22
0.0001266 -5.92 -1.22
0.00012664 -5.84 -1.22
0.00012668 -5.84 -1.22
0.00012672 -6 -1.22
0.00012676 -5.92 -1.22
0.0001268 -6 -1.22
0.00012684 -5.84 -1.2
0.00012688 -5.92 -1.2
0.00012692 -5.92 -1.2
0.00012696 -5.84 -1.2
0.000127 -5.92 -1.18
0.00012704 -5.84 -1.18
0.00012708 -5.84 -1.2
0.00012712 -5.84 -1.18
0.00012716 -5.84 -1.16
0.0001272 -5.92 -1.16
0.00012724 -5.84 -1.14
0.00012728 -5.84 -1.16
0.00012732 -5.84 -1.14
0.00012736 -5.84 -1.12
0.0001274 -5.76 -1.12
0.00012744 -5.76 -1.12
0.00012748 -5.76 -1.12
0.00012752 -5.76 -1.1
0.00012756 -5.76 -1.1
0.0001276 -5.76 -1.06
0.00012764 -5.68 -1.08
0.00012768 -5.68 -1.06
0.00012772 -5.68 -1.06
0.00012776 -5.6 -1.06
0.0001278 -5.52 -1.04
0.00012784 -5.52 -1.02
0.00012788 -5.52 -1.02
0.00012792 -5.44 -1
0.00012796 -5.44 -1
0.000128 -5.44 -0.98
0.00012804 -5.36 -0.98
0.00012808 -5.36 -0.96
0.00012812 -5.36 -0.96
0.00012816 -5.28 -0.94
0.0001282 -5.2 -0.94
0.00012824 -5.2 -0.9
0.00012828 -5.12 -0.9
0.00012832 -5.12 -0.9
0.00012836 -5.04 -0.9
0.0001284 -5.04 -0.86
0.00012844 -4.96 -0.86
0.00012848 -4.88 -0.84
0.00012852 -4.88 -0.84
0.00012856 -4.88 -0.82
0.0001286 -4.8 -0.8
0.00012864 -4.72 -0.8
0.00012868 -4.72 -0.78
0.00012872 -4.56 -0.78
0.00012876 -4.56 -0.74
0.0001288 -4.48 -0.74
0.00012884 -4.48 -0.74
0.00012888 -4.4 -0.72
0.00012892 -4.32 -0.7
0.00012896 -4.24 -0.66
0.000129 -4.16 -0.66
0.00012904 -4.16 -0.64
0.00012908 -4.08 -0.64
0.00012912 -4 -0.6
0.00012916 -3.92 -0.58
0.0001292 -3.92 -0.6
0.00012924 -3.84 -0.58
0.00012928 -3.84 -0.56
0.00012932 -3.76 -0.54
0.00012936 -3.6 -0.54
0.0001294 -3.6 -0.5
0.00012944 -3.52 -0.5
0.00012948 -3.44 -0.48
0.00012952 -3.44 -0.44
0.00012956 -3.28 -0.46
0.0001296 -3.2 -0.44
0.00012964 -3.12 -0.4
0.00012968 -3.12 -0.38
0.00012972 -2.96 -0.36
0.00012976 -2.96 -0.36
0.0001298 -2.88 -0.32
0.00012984 -2.8 -0.32
0.00012988 -2.64 -0.3
0.00012992 -2.64 -0.3
0.00012996 -2.56 -0.28
0.00013 -2.48 -0.24
0.00013004 -2.32 -0.24
0.00013008 -2.32 -0.2
0.00013012 -2.16 -0.22
0.00013016 -2.16 -0.18
0.0001302 -2.08 -0.16
0.00013024 -1.92 -0.14
0.00013028 -1.92 -0.12
0.00013032 -1.84 -0.12
0.00013036 -1.68 -0.1
0.0001304 -1.6 -0.08
0.00013044 -1.6 -0.06
0.00013048 -1.52 -0.06
0.00013052 -1.36 0
0.00013056 -1.36 0
0.0001306 -1.28 0.02
0.00013064 -1.2 0.04
0.00013068 -1.04 0.06
0.00013072 -0.96 0.08
0.00013076 -0.88 0.1
0.0001308 -0.88 0.1
0.00013084 -0.72 0.14
0.00013088 -0.64 0.14
0.00013092 -0.56 0.16
0.00013096 -0.48 0.18
0.000131 -0.4 0.18
0.00013104 -0.32 0.2
0.00013108 -0.24 0.24
0.00013112 -0.16 0.24
0.00013116 0 0.24
0.0001312 0.16 0.26
0.00013124 0.24 0.3
0.00013128 0.32 0.32
0.00013132 0.4 0.34
0.00013136 0.48 0.34
0.0001314 0.48 0.36
0.00013144 0.64 0.36
0.00013148 0.72 0.38
0.00013152 0.8 0.4
0.00013156 0.96 0.4
0.0001316 0.96 0.44
0.00013164 1.12 0.44
0.00013168 1.04 0.46
0.00013172 1.12 0.48
0.00013176 1.28 0.5
0.0001318 1.28 0.54
0.00013184 1.44 0.52
0.00013188 1.6 0.56
0.00013192 1.6 0.56
0.00013196 1.68 0.58
0.000132 1.76 0.6
0.00013204 1.92 0.6
0.00013208 2 0.62
0.00013212 2.08 0.64
0.00013216 2.08 0.64
0.0001322 2.24 0.66
0.00013224 2.32 0.66
0.00013228 2.4 0.7
0.00013232 2.48 0.7
0.00013236 2.56 0.72
0.0001324 2.56 0.74
0.00013244 2.64 0.74
0.00013248 2.72 0.76
0.00013252 2.88 0.78
0.00013256 2.88 0.78
0.0001326 2.96 0.8
0.00013264 3.04 0.82
0.00013268 3.12 0.82
0.00013272 3.28 0.84
0.00013276 3.28 0.84
0.0001328 3.36 0.86
0.00013284 3.36 0.88
0.00013288 3.52 0.88
0.00013292 3.52 0.9
0.00013296 3.6 0.9
0.000133 3.68 0.92
0.00013304 3.84 0.92
0.00013308 3.76 0.92
0.00013312 3.84 0.96
0.00013316 4 0.96
0.0001332 4 0.96
0.00013324 4.08 0.98
0.00013328 4.16 0.98
0.00013332 4.16 1
0.00013336 4.24 1
0.0001334 4.24 1
0.00013344 4.32 0.98
0.00013348 4.48 1.02
0.00013352 4.48 1.04
0.00013356 4.56 1.04
0.0001336 4.56 1.04
0.00013364 4.64 1.04
0.00013368 4.72 1.06
0.00013372 4.8 1.06
0.00013376 4.8 1.06
0.0001338 4.8 1.08
0.00013384 4.88 1.06
0.00013388 4.96 1.1
0.00013392 4.96 1.08
0.00013396 5.04 1.1
0.000134 5.12 1.08
0.00013404 5.12 1.1
0.00013408 5.12 1.1
0.00013412 5.2 1.12
0.00013416 5.2 1.12
0.0001342 5.28 1.12
0.00013424 5.28 1.12
0.00013428 5.36 1.14
0.00013432 5.44 1.12
0.00013436 5.44 1.14
0.0001344 5.44 1.12
0.00013444 5.44 1.14
0.00013448 5.44 1.14
0.00013452 5.44 1.12
0.00013456 5.52 1.14
0.0001346 5.6 1.12
0.00013464 5.6 1.14
0.00013468 5.6 1.14
0.00013472 5.6 1.12
0.00013476 5.76 1.14
0.0001348 5.6 1.14
0.00013484 5.68 1.14
0.00013488 5.76 1.14
0.00013492 5.68 1.14
0.00013496 5.76 1.14
0.000135 5.76 1.14
0.00013504 5.76 1.14
0.00013508 5.76 1.14
0.00013512 5.76 1.12
0.00013516 5.76 1.14
0.0001352 5.84 1.12
0.00013524 5.84 1.1
0.00013528 5.84 1.12
0.00013532 5.84 1.12
0.00013536 5.76 1.1
0.0001354 5.84 1.1
0.00013544 5.84 1.08
0.00013548 5.84 1.1
0.00013552 5.84 1.1
0.00013556 5.84 1.08
0.0001356 5.84 1.08
0.00013564 5.76 1.06
0.00013568 5.76 1.06
0.00013572 5.76 1.06
0.00013576 5.76 1.06
0.0001358 5.76 1.06
0.00013584 5.76 1.04
0.00013588 5.76 1.04
0.00013592 5.76 1.04
0.00013596 5.76 1.02
0.000136 5.6 1
0.00013604 5.68 1.02
0.00013608 5.6 0.98
0.00013612 5.6 0.98
0.00013616 5.6 0.98
0.0001362 5.6 0.96
0.00013624 5.52 0.96
0.00013628 5.52 0.96
0.00013632 5.52 0.94
0.00013636 5.44 0.94
0.0001364 5.44 0.92
0.00013644 5.44 0.92
0.00013648 5.44 0.9
0.00013652 5.28 0.88
0.00013656 5.28 0.9
0.0001366 5.2 0.88
0.00013664 5.2 0.86
0.00013668 5.2 0.84
0.00013672 5.2 0.84
0.00013676 5.12 0.84
0.0001368 5.12 0.8
0.00013684 4.96 0.8
0.00013688 4.96 0.8
0.00013692 4.96 0.78
0.00013696 4.88 0.76
0.000137 4.88 0.74
0.00013704 4.8 0.74
0.00013708 4.8 0.72
0.00013712 4.64 0.72
0.00013716 4.64 0.68
0.0001372 4.64 0.68
0.00013724 4.56 0.66
0.00013728 4.48 0.66
0.00013732 4.4 0.64
0.00013736 4.4 0.62
0.0001374 4.32 0.62
0.00013744 4.24 0.6
0.00013748 4.16 0.58
0.00013752 4.16 0.56
0.00013756 4.08 0.54
0.0001376 4 0.54
0.00013764 3.92 0.52
0.00013768 3.84 0.5
0.00013772 3.84 0.5
0.00013776 3.76 0.48
0.0001378 3.68 0.44
0.00013784 3.6 0.44
0.00013788 3.6 0.42
0.00013792 3.44 0.4
0.00013796 3.44 0.4
0.000138 3.36 0.36
0.00013804 3.28 0.36
0.00013808 3.2 0.32
0.00013812 3.2 0.34
0.00013816 3.04 0.32
0.0001382 2.96 0.28
0.00013824 2.88 0.26
0.00013828 2.88 0.26
0.00013832 2.72 0.26
0.00013836 2.64 0.24
0.0001384 2.56 0.22
0.00013844 2.56 0.2
0.00013848 2.4 0.18
0.00013852 2.4 0.16
0.00013856 2.24 0.14
0.0001386 2.24 0.12
0.00013864 2.24 0.1
0.00013868 2.08 0.1
0.00013872 2 0.08
0.00013876 1.84 0.06
0.0001388 1.84 0.04
0.00013884 1.68 0.04
0.00013888 1.68 0.02
0.00013892 1.6 -0.04
0.00013896 1.44 -0.04
0.000139 1.36 -0.04
0.00013904 1.28 -0.08
0.00013908 1.28 -0.1
0.00013912 1.12 -0.12
0.00013916 1.12 -0.14
0.0001392 1.04 -0.14
0.00013924 0.96 -0.16
0.00013928 0.88 -0.18
0.00013932 0.72 -0.2
0.00013936 0.64 -0.22
0.0001394 0.48 -0.24
0.00013944 0.48 -0.24
0.00013948 0.4 -0.26
0.00013952 0.32 -0.3
0.00013956 0.24 -0.3
0.0001396 0.08 -0.32
0.00013964 0 -0.34
0.00013968 0 -0.34
0.00013972 -0.16 -0.38
0.00013976 -0.32 -0.4
0.0001398 -0.4 -0.42
0.00013984 -0.4 -0.42
0.00013988 -0.56 -0.42
0.00013992 -0.64 -0.46
0.00013996 -0.72 -0.46
0.00014 -0.72 -0.5
0.00014004 -0.88 -0.5
0.00014008 -1.04 -0.5
0.00014012 -1.04 -0.52
0.00014016 -1.2 -0.54
0.0001402 -1.2 -0.56
0.00014024 -1.36 -0.58
0.00014028 -1.36 -0.58
0.00014032 -1.44 -0.62
0.00014036 -1.6 -0.64
0.0001404 -1.6 -0.64
0.00014044 -1.68 -0.66
0.00014048 -1.76 -0.66
0.00014052 -1.84 -0.68
0.00014056 -2 -0.7
0.0001406 -2 -0.72
0.00014064 -2.16 -0.72
0.00014068 -2.16 -0.74
0.00014072 -2.32 -0.76
0.00014076 -2.4 -0.78
0.0001408 -2.4 -0.8
0.00014084 -2.48 -0.8
0.00014088 -2.64 -0.82
0.00014092 -2.64 -0.84
0.00014096 -2.8 -0.84
0.000141 -2.88 -0.84
0.00014104 -2.88 -0.88
0.00014108 -2.96 -0.88
0.00014112 -3.04 -0.9
0.00014116 -3.12 -0.9
0.0001412 -3.2 -0.9
0.00014124 -3.28 -0.94
0.00014128 -3.28 -0.94
0.00014132 -3.44 -0.98
0.00014136 -3.52 -0.96
0.0001414 -3.6 -0.98
0.00014144 -3.6 -0.98
0.00014148 -3.68 -0.98
0.00014152 -3.76 -1
0.00014156 -3.84 -1
0.0001416 -3.84 -1.02
0.00014164 -3.92 -1.04
0.00014168 -4.08 -1.04
0.00014172 -4.08 -1.06
0.00014176 -4.16 -1.06
0.0001418 -4.24 -1.06
0.00014184 -4.24 -1.06
0.00014188 -4.4 -1.08
0.00014192 -4.4 -1.1
0.00014196 -4.4 -1.12
0.000142 -4.48 -1.12
0.00014204 -4.56 -1.12
0.00014208 -4.64 -1.14
0.00014212 -4.64 -1.16
0.00014216 -4.72 -1.14
0.0001422 -4.72 -1.16
0.00014224 -4.8 -1.14
0.00014228 -4.88 -1.18
0.00014232 -4.88 -1.16
0.00014236 -5.04 -1.18
0.0001424 -5.04 -1.18
0.00014244 -5.04 -1.2
0.00014248 -5.12 -1.2
0.00014252 -5.12 -1.2
0.00014256 -5.12 -1.2
0.0001426 -5.2 -1.2
0.00014264 -5.2 -1.22
0.00014268 -5.36 -1.22
0.00014272 -5.36 -1.22
0.00014276 -5.36 -1.22
0.0001428 -5.36 -1.22
0.00014284 -5.44 -1.22
0.00014288 -5.52 -1.22
0.00014292 -5.52 -1.22
0.00014296 -5.52 -1.22
0.000143 -5.52 -1.24
0.00014304 -5.6 -1.24
0.00014308 -5.52 -1.24
0.00014312 -5.68 -1.22
0.00014316 -5.68 -1.24
0.0001432 -5.68 -1.26
0.00014324 -5.68 -1.22
0.00014328 -5.76 -1.22
0.00014332 -5.76 -1.22
0.00014336 -5.76 -1.24
0.0001434 -5.76 -1.24
0.00014344 -5.84 -1.22
0.00014348 -5.84 -1.22
0.00014352 -5.84 -1.24
0.00014356 -5.84 -1.24
0.0001436 -5.84 -1.24
0.00014364 -5.84 -1.2
0.00014368 -5.84 -1.22
0.00014372 -5.84 -1.22
0.00014376 -5.92 -1.22
0.0001438 -5.84 -1.22
0.00014384 -5.92 -1.2
0.00014388 -6 -1.22
0.00014392 -5.84 -1.22
0.00014396 -5.92 -1.2
0.000144 -5.92 -1.18
0.00014404 -5.84 -1.18
0.00014408 -6 -1.18
0.00014412 -5.84 -1.18
0.00014416 -5.84 -1.18
0.0001442 -5.84 -1.18
0.00014424 -5.84 -1.18
0.00014428 -5.84 -1.18
0.00014432 -5.84 -1.14
0.00014436 -5.84 -1.14
0.0001444 -5.84 -1.14
0.00014444 -5.84 -1.14
0.00014448 -5.76 -1.12
0.00014452 -5.76 -1.12
0.00014456 -5.76 -1.1
0.0001446 -5.68 -1.1
0.00014464 -5.68 -1.1
0.00014468 -5.68 -1.08
0.00014472 -5.68 -1.06
0.00014476 -5.68 -1.06
0.0001448 -5.52 -1.06
0.00014484 -5.68 -1.06
0.00014488 -5.52 -1.04
0.00014492 -5.52 -1.02
0.00014496 -5.52 -1.02
0.000145 -5.52 -1.02
0.00014504 -5.44 -0.98
0.00014508 -5.44 -0.98
0.00014512 -5.36 -0.98
0.00014516 -5.36 -0.98
0.0001452 -5.36 -0.96
0.00014524 -5.2 -0.94
0.00014528 -5.2 -0.92
0.00014532 -5.2 -0.92
0.00014536 -5.12 -0.9
0.0001454 -5.04 -0.88
0.00014544 -5.04 -0.88
0.00014548 -4.96 -0.88
0.00014552 -4.96 -0.86
0.00014556 -4.88 -0.84
0.0001456 -4.88 -0.82
0.00014564 -4.8 -0.8
0.00014568 -4.72 -0.8
0.00014572 -4.72 -0.78
0.00014576 -4.72 -0.76
0.0001458 -4.64 -0.76
0.00014584 -4.56 -0.74
0.00014588 -4.56 -0.74
0.00014592 -4.4 -0.72
0.00014596 -4.4 -0.7
0.000146 -4.24 -0.7
0.00014604 -4.24 -0.68
0.00014608 -4.16 -0.64
0.00014612 -4.16 -0.64
0.00014616 -4.08 -0.64
0.0001462 -3.92 -0.6
0.00014624 -3.92 -0.58
0.00014628 -3.92 -0.58
0.00014632 -3.84 -0.56
0.00014636 -3.76 -0.56
0.0001464 -3.68 -0.54
0.00014644 -3.6 -0.5
0.00014648 -3.6 -0.5
0.00014652 -3.52 -0.48
0.00014656 -3.44 -0.48
0.0001466 -3.28 -0.44
0.00014664 -3.28 -0.42
0.00014668 -3.2 -0.4
0.00014672 -3.12 -0.4
0.00014676 -3.04 -0.4
0.0001468 -2.96 -0.38
0.00014684 -2.88 -0.34
0.00014688 -2.88 -0.32
0.00014692 -2.72 -0.32
0.00014696 -2.64 -0.3
0.000147 -2.56 -0.28
0.00014704 -2.48 -0.26
0.00014708 -2.32 -0.24
0.00014712 -2.32 -0.24
0.00014716 -2.24 -0.2
0.0001472 -2.16 -0.18
0.00014724 -2.16 -0.16
0.00014728 -2 -0.18
0.00014732 -2 -0.14
0.00014736 -1.84 -0.12
0.0001474 -1.84 -0.1
0.00014744 -1.68 -0.1
0.00014748 -1.6 -0.08
0.00014752 -1.52 -0.06
0.00014756 -1.44 -0.04
0.0001476 -1.36 0
0.00014764 -1.36 0.02
0.00014768 -1.2 0.02
0.00014772 -1.12 0.04
0.00014776 -1.04 0.06
0.0001478 -0.96 0.06
0.00014784 -0.88 0.1
0.00014788 -0.88 0.1
0.00014792 -0.64 0.14
0.00014796 -0.64 0.14
0.000148 -0.56 0.16
0.00014804 -0.4 0.18
0.00014808 -0.32 0.2
0.00014812 -0.32 0.22
0.00014816 -0.16 0.22
0.0001482 0 0.26
0.00014824 0 0.26
0.00014828 0.16 0.28
0.00014832 0.32 0.3
0.00014836 0.32 0.32
0.0001484 0.4 0.34
0.00014844 0.48 0.34
0.00014848 0.56 0.36
0.00014852 0.64 0.36
0.00014856 0.72 0.4
0.0001486 0.8 0.42
0.00014864 0.96 0.42
0.00014868 1.04 0.44
0.00014872 1.04 0.46
0.00014876 1.2 0.48
0.0001488 1.28 0.5
0.00014884 1.28 0.52
0.00014888 1.44 0.52
0.00014892 1.52 0.54
0.00014896 1.6 0.56
0.000149 1.68 0.56
0.00014904 1.76 0.58
0.00014908 1.84 0.62
0.00014912 1.92 0.64
0.00014916 2 0.64
0.0001492 2.08 0.64
0.00014924 2.24 0.66
0.00014928 2.24 0.66
0.00014932 2.32 0.7
0.00014936 2.4 0.68
0.0001494 2.48 0.7
0.00014944 2.56 0.72
0.00014948 2.56 0.74
0.00014952 2.72 0.76
0.00014956 2.88 0.74
0.0001496 2.88 0.78
0.00014964 2.88 0.78
0.00014968 3.04 0.8
0.00014972 3.04 0.82
0.00014976 3.2 0.82
0.0001498 3.2 0.84
0.00014984 3.28 0.86
0.00014988 3.36 0.86
0.00014992 3.52 0.86
0.00014996 3.52 0.88
0.00015 3.6 0.9
0.00015004 3.68 0.9
0.00015008 3.68 0.92
0.00015012 3.84 0.92
0.00015016 3.84 0.94
0.0001502 3.84 0.96
0.00015024 3.92 0.94
0.00015028 4 0.96
0.00015032 4.08 0.96
0.00015036 4.16 0.98
0.0001504 4.24 0.98
0.00015044 4.32 1
0.00015048 4.32 1
0.00015052 4.32 1
0.00015056 4.48 1.02
0.0001506 4.48 1.02
0.00015064 4.56 1.04
0.00015068 4.64 1.06
0.00015072 4.64 1.06
0.00015076 4.8 1.06
0.0001508 4.8 1.06
0.00015084 4.8 1.06
0.00015088 4.88 1.06
0.00015092 4.88 1.08
0.00015096 4.96 1.08
0.000151 4.96 1.1
0.00015104 4.96 1.1
0.00015108 5.12 1.12
0.00015112 5.12 1.1
0.00015116 5.12 1.1
0.0001512 5.2 1.1
0.00015124 5.2 1.12
0.00015128 5.28 1.12
0.00015132 5.28 1.12
0.00015136 5.28 1.12
0.0001514 5.36 1.14
0.00015144 5.44 1.14
0.00015148 5.44 1.14
0.00015152 5.44 1.12
0.00015156 5.44 1.14
0.0001516 5.52 1.14
0.00015164 5.52 1.14
0.00015168 5.6 1.14
0.00015172 5.6 1.14
0.00015176 5.6 1.14
0.0001518 5.6 1.14
0.00015184 5.76 1.14
0.00015188 5.6 1.14
0.00015192 5.76 1.14
0.00015196 5.76 1.14
0.000152 5.76 1.14
0.00015204 5.76 1.12
0.00015208 5.84 1.14
0.00015212 5.76 1.14
0.00015216 5.84 1.12
0.0001522 5.76 1.12
0.00015224 5.76 1.12
0.00015228 5.76 1.14
0.00015232 5.84 1.12
0.00015236 5.84 1.12
0.0001524 5.84 1.1
0.00015244 5.84 1.1
0.00015248 5.84 1.1
0.00015252 5.84 1.08
0.00015256 5.84 1.1
0.0001526 5.76 1.08
0.00015264 5.84 1.08
0.00015268 5.76 1.08
0.00015272 5.76 1.06
0.00015276 5.76 1.06
0.0001528 5.76 1.06
0.00015284 5.76 1.06
0.00015288 5.68 1.04
0.00015292 5.76 1.04
0.00015296 5.76 1.04
0.000153 5.68 1.02
0.00015304 5.68 1.02
0.00015308 5.6 0.98
0.00015312 5.68 1
0.00015316 5.6 0.98
0.0001532 5.6 0.98
0.00015324 5.6 0.98
0.00015328 5.52 0.96
0.00015332 5.52 0.98
0.00015336 5.52 0.94
0.0001534 5.44 0.94
0.00015344 5.44 0.92
0.00015348 5.44 0.92
0.00015352 5.36 0.9
0.00015356 5.44 0.9
0.0001536 5.28 0.88
0.00015364 5.28 0.88
0.00015368 5.2 0.88
0.00015372 5.2 0.86
0.00015376 5.12 0.84
0.0001538 5.12 0.82
0.00015384 5.12 0.82
0.00015388 5.12 0.8
0.00015392 5.04 0.8
0.00015396 4.96 0.78
0.000154 4.96 0.76
0.00015404 4.88 0.74
0.00015408 4.8 0.74
0.00015412 4.8 0.72
0.00015416 4.8 0.72
0.0001542 4.64 0.72
0.00015424 4.56 0.68
0.00015428 4.56 0.68
0.00015432 4.56 0.64
0.00015436 4.48 0.66
0.0001544 4.48 0.64
0.00015444 4.32 0.64
0.00015448 4.32 0.62
0.00015452 4.24 0.58
0.00015456 4.16 0.58
0.0001546 4.16 0.56
0.00015464 4.08 0.54
0.00015468 4 0.52
0.00015472 3.92 0.52
0.00015476 3.84 0.5
0.0001548 3.84 0.48
0.00015484 3.76 0.46
0.00015488 3.68 0.44
0.00015492 3.6 0.44
0.00015496 3.52 0.42
0.000155 3.52 0.4
0.00015504 3.52 0.4
0.00015508 3.36 0.36
0.00015512 3.28 0.36
0.00015516 3.2 0.34
0.0001552 3.04 0.32
0.00015524 3.04 0.3
0.00015528 2.96 0.28
0.00015532 2.88 0.28
0.00015536 2.8 0.26
0.0001554 2.72 0.24
0.00015544 2.64 0.22
0.00015548 2.56 0.2
0.00015552 2.48 0.2
0.00015556 2.4 0.18
0.0001556 2.4 0.16
0.00015564 2.32 0.14
0.00015568 2.24 0.14
0.00015572 2.08 0.1
0.00015576 2.08 0.08
0.0001558 1.92 0.06
0.00015584 1.84 0.04
0.00015588 1.76 0.02
0.00015592 1.68 0
0.00015596 1.6 0
0.000156 1.52 -0.04
0.00015604 1.44 -0.06
0.00015608 1.36 -0.08
0.00015612 1.28 -0.08
0.00015616 1.28 -0.1
0.0001562 1.12 -0.1
0.00015624 1.04 -0.14
0.00015628 0.96 -0.14
0.00015632 0.88 -0.18
0.00015636 0.8 -0.18
0.0001564 0.72 -0.2
0.00015644 0.64 -0.22
0.00015648 0.48 -0.26
0.00015652 0.4 -0.26
0.00015656 0.4 -0.26
0.0001566 0.32 -0.3
0.00015664 0.24 -0.32
0.00015668 0.08 -0.34
0.00015672 0 -0.34
0.00015676 0 -0.34
0.0001568 -0.16 -0.38
0.00015684 -0.32 -0.4
0.00015688 -0.4 -0.4
0.00015692 -0.4 -0.42
0.00015696 -0.56 -0.44
0.000157 -0.64 -0.46
0.00015704 -0.72 -0.46
0.00015708 -0.88 -0.5
0.00015712 -0.96 -0.5
0.00015716 -1.04 -0.54
0.0001572 -1.04 -0.54
0.00015724 -1.2 -0.54
0.00015728 -1.28 -0.56
0.00015732 -1.36 -0.58
0.00015736 -1.36 -0.6
0.0001574 -1.44 -0.6
0.00015744 -1.6 -0.62
0.00015748 -1.68 -0.66
0.00015752 -1.68 -0.68
0.00015756 -1.84 -0.68
0.0001576 -1.92 -0.7
0.00015764 -2 -0.7
0.00015768 -2.08 -0.72
0.00015772 -2.16 -0.74
0.00015776 -2.24 -0.76
0.0001578 -2.32 -0.76
0.00015784 -2.32 -0.78
0.00015788 -2.48 -0.8
0.00015792 -2.56 -0.8
0.00015796 -2.64 -0.8
0.000158 -2.64 -0.84
0.00015804 -2.8 -0.86
0.00015808 -2.88 -0.88
0.00015812 -2.96 -0.86
0.00015816 -3.04 -0.9
0.0001582 -3.12 -0.92
0.00015824 -3.2 -0.92
0.00015828 -3.2 -0.9
0.00015832 -3.36 -0.94
0.00015836 -3.44 -0.94
0.0001584 -3.52 -0.96
0.00015844 -3.52 -0.96
0.00015848 -3.6 -0.96
0.00015852 -3.68 -0.98
0.00015856 -3.76 -0.98
0.0001586 -3.76 -1.02
0.00015864 -3.92 -1.02
0.00015868 -3.84 -1.02
0.00015872 -3.92 -1.04
0.00015876 -4.08 -1.06
0.0001588 -4.08 -1.06
0.00015884 -4.16 -1.06
0.00015888 -4.16 -1.06
0.00015892 -4.24 -1.08
0.00015896 -4.4 -1.08
0.000159 -4.48 -1.1
0.00015904 -4.48 -1.1
0.00015908 -4.56 -1.12
0.00015912 -4.56 -1.12
0.00015916 -4.56 -1.14
0.0001592 -4.72 -1.14
0.00015924 -4.8 -1.14
0.00015928 -4.88 -1.16
0.00015932 -4.88 -1.16
0.00015936 -4.88 -1.16
0.0001594 -4.88 -1.14
0.00015944 -4.88 -1.18
0.00015948 -5.04 -1.2
0.00015952 -5.04 -1.2
0.00015956 -5.12 -1.18
0.0001596 -5.12 -1.2
0.00015964 -5.2 -1.22
0.00015968 -5.2 -1.2
0.00015972 -5.28 -1.22
0.00015976 -5.36 -1.22
0.0001598 -5.36 -1.22
0.00015984 -5.36 -1.22
0.00015988 -5.44 -1.22
0.00015992 -5.44 -1.22
0.00015996 -5.52 -1.22
