0 0.16 -0.28
4e-08 0.16 -0.28
8e-08 0.4 -0.28
1.2e-07 0.4 -0.28
1.6e-07 0.64 -0.26
2e-07 0.72 -0.26
2.4e-07 0.8 -0.28
2.8e-07 0.96 -0.26
3.2e-07 0.96 -0.28
3.6e-07 1.12 -0.26
4e-07 1.28 -0.26
4.4e-07 1.36 -0.26
4.8e-07 1.44 -0.26
5.2e-07 1.6 -0.26
5.6e-07 1.68 -0.24
6e-07 1.76 -0.26
6.4e-07 1.92 -0.26
6.8e-07 2 -0.24
7.2e-07 2.08 -0.24
7.6e-07 2.24 -0.24
8e-07 2.32 -0.24
8.4e-07 2.4 -0.24
8.8e-07 2.56 -0.22
9.2e-07 2.64 -0.2
9.6e-07 2.72 -0.22
1e-06 2.88 -0.22
1.04e-06 2.96 -0.2
1.08e-06 3.04 -0.2
1.12e-06 3.12 -0.2
1.16e-06 3.28 -0.22
1.2e-06 3.36 -0.2
1.24e-06 3.44 -0.18
1.28e-06 3.52 -0.18
1.32e-06 3.6 -0.18
1.36e-06 3.68 -0.18
1.4e-06 3.76 -0.18
1.44e-06 3.84 -0.16
1.48e-06 3.92 -0.16
1.52e-06 4 -0.16
1.56e-06 4.16 -0.16
1.6e-06 4.24 -0.14
1.64e-06 4.32 -0.14
1.68e-06 4.32 -0.14
1.72e-06 4.4 -0.14
1.76e-06 4.56 -0.14
1.8e-06 4.64 -0.12
1.84e-06 4.64 -0.14
1.88e-06 4.8 -0.14
1.92e-06 4.8 -0.1
1.96e-06 4.88 -0.1
2e-06 4.96 -0.1
2.04e-06 5.12 -0.1
2.08e-06 5.12 -0.1
2.12e-06 5.12 -0.1
2.16e-06 5.2 -0.08
2.2e-06 5.28 -0.08
2.24e-06 5.28 -0.1
2.28e-06 5.44 -0.08
2.32e-06 5.44 -0.08
2.36e-06 5.44 -0.06
2.4e-06 5.44 -0.08
2.44e-06 5.52 -0.06
2.48e-06 5.6 -0.06
2.52e-06 5.6 -0.04
2.56e-06 5.6 -0.06
2.6e-06 5.76 -0.04
2.64e-06 5.76 0
2.68e-06 5.76 0
2.72e-06 5.76 0
2.76e-06 5.76 0
2.8e-06 5.84 0
2.84e-06 5.92 0.02
2.88e-06 5.84 0.02
2.92e-06 5.92 0.02
2.96e-06 5.92 0.02
3e-06 5.92 0.02
3.04e-06 5.92 0.04
3.08e-06 6 0.02
3.12e-06 5.92 0.04
3.16e-06 6 0.04
3.2e-06 6.08 0.06
3.24e-06 6 0.04
3.28e-06 6.08 0.06
3.32e-06 6.08 0.06
3.36e-06 6.08 0.08
3.4e-06 6.08 0.08
3.44e-06 6.08 0.06
3.48e-06 6.08 0.08
3.52e-06 6.08 0.08
3.56e-06 5.92 0.08
3.6e-06 5.92 0.1
3.64e-06 5.92 0.08
3.68e-06 5.92 0.1
3.72e-06 5.92 0.1
3.76e-06 5.84 0.12
3.8e-06 5.92 0.12
3.84e-06 5.84 0.12
3.88e-06 5.76 0.12
3.92e-06 5.76 0.12
3.96e-06 5.76 0.12
4e-06 5.76 0.12
4.04e-06 5.68 0.12
4.08e-06 5.6 0.14
4.12e-06 5.52 0.12
4.16e-06 5.52 0.16
4.2e-06 5.44 0.14
4.24e-06 5.44 0.16
4.28e-06 5.36 0.16
4.32e-06 5.36 0.14
4.36e-06 5.28 0.16
4.4e-06 5.2 0.16
4.44e-06 5.12 0.18
4.48e-06 5.12 0.16
4.52e-06 5.12 0.16
4.56e-06 4.96 0.18
4.6e-06 4.88 0.18
4.64e-06 4.88 0.18
4.68e-06 4.8 0.18
4.72e-06 4.72 0.18
4.76e-06 4.64 0.18
4.8e-06 4.56 0.18
4.84e-06 4.48 0.2
4.88e-06 4.48 0.2
4.92e-06 4.32 0.22
4.96e-06 4.24 0.2
5e-06 4.16 0.2
5.04e-06 4.08 0.2
5.08e-06 4 0.2
5.12e-06 3.92 0.2
5.16e-06 3.84 0.2
5.2e-06 3.84 0.18
5.24e-06 3.68 0.18
5.28e-06 3.6 0.2
5.32e-06 3.52 0.22
5.36e-06 3.36 0.2
5.4e-06 3.28 0.2
5.44e-06 3.2 0.22
5.48e-06 3.04 0.22
5.52e-06 3.04 0.22
5.56e-06 2.88 0.22
5.6e-06 2.88 0.22
5.64e-06 2.72 0.22
5.68e-06 2.56 0.2
5.72e-06 2.48 0.2
5.76e-06 2.4 0.2
5.8e-06 2.24 0.22
5.84e-06 2.24 0.22
5.88e-06 2.08 0.2
5.92e-06 1.92 0.2
5.96e-06 1.92 0.22
6e-06 1.76 0.2
6.04e-06 1.6 0.22
6.08e-06 1.6 0.2
6.12e-06 1.44 0.22
6.16e-06 1.28 0.22
6.2e-06 1.2 0.22
6.24e-06 1.12 0.2
6.28e-06 0.96 0.2
6.32e-06 0.88 0.2
6.36e-06 0.72 0.22
6.4e-06 0.64 0.18
6.44e-06 0.48 0.22
6.48e-06 0.4 0.2
6.52e-06 0.32 0.2
6.56e-06 0.16 0.2
6.6e-06 0.08 0.2
6.64e-06 0 0.2
6.68e-06 -0.24 0.18
6.72e-06 -0.4 0.2
6.76e-06 -0.48 0.18
6.8e-06 -0.56 0.18
6.84e-06 -0.64 0.18
6.88e-06 -0.88 0.18
6.92e-06 -0.88 0.18
6.96e-06 -1.04 0.16
7e-06 -1.2 0.16
7.04e-06 -1.28 0.18
7.08e-06 -1.36 0.16
7.12e-06 -1.52 0.16
7.16e-06 -1.6 0.16
7.2e-06 -1.68 0.18
7.24e-06 -1.84 0.16
7.28e-06 -1.92 0.16
7.32e-06 -2 0.16
7.36e-06 -2.16 0.16
7.4e-06 -2.24 0.16
7.44e-06 -2.32 0.14
7.48e-06 -2.48 0.14
7.52e-06 -2.56 0.14
7.56e-06 -2.64 0.12
7.6e-06 -2.8 0.12
7.64e-06 -2.88 0.12
7.68e-06 -2.96 0.12
7.72e-06 -3.12 0.12
7.76e-06 -3.2 0.12
7.8e-06 -3.28 0.12
7.84e-06 -3.28 0.1
7.88e-06 -3.44 0.1
7.92e-06 -3.6 0.1
7.96e-06 -3.6 0.1
8e-06 -3.76 0.08
8.04e-06 -3.84 0.08
8.08e-06 -3.92 0.06
8.12e-06 -4 0.08
8.16e-06 -4.08 0.08
8.2e-06 -4.16 0.08
8.24e-06 -4.24 0.06
8.28e-06 -4.24 0.08
8.32e-06 -4.4 0.08
8.36e-06 -4.48 0.04
8.4e-06 -4.56 0.06
8.44e-06 -4.64 0.04
8.48e-06 -4.72 0.04
8.52e-06 -4.8 0.04
8.56e-06 -4.88 0.02
8.6e-06 -4.88 0.02
8.64e-06 -5.04 0.02
8.68e-06 -5.04 0
8.72e-06 -5.12 0.02
8.76e-06 -5.2 0
8.8e-06 -5.2 0
8.84e-06 -5.28 0
8.88e-06 -5.36 0
8.92e-06 -5.36 0
8.96e-06 -5.52 -0.04
9e-06 -5.52 0
9.04e-06 -5.52 -0.04
9.08e-06 -5.6 -0.06
9.12e-06 -5.68 -0.08
9.16e-06 -5.68 -0.08
9.2e-06 -5.68 -0.06
9.24e-06 -5.68 -0.08
9.28e-06 -5.76 -0.06
9.32e-06 -5.84 -0.08
9.36e-06 -5.84 -0.08
9.4e-06 -5.84 -0.08
9.44e-06 -5.92 -0.1
9.48e-06 -6 -0.08
9.52e-06 -6 -0.1
9.56e-06 -6 -0.1
9.6e-06 -6 -0.1
9.64e-06 -6.08 -0.12
9.68e-06 -6.08 -0.1
9.72e-06 -6.08 -0.12
9.76e-06 -6.08 -0.12
9.8e-06 -6.08 -0.16
9.84e-06 -6.08 -0.14
9.88e-06 -6.08 -0.12
9.92e-06 -6.08 -0.14
9.96e-06 -6.16 -0.14
1e-05 -6.08 -0.16
1.004e-05 -6.08 -0.16
1.008e-05 -6.08 -0.16
1.012e-05 -6.08 -0.16
1.016e-05 -6.08 -0.16
1.02e-05 -6.08 -0.18
1.024e-05 -6.08 -0.18
1.028e-05 -6.08 -0.18
1.032e-05 -6.08 -0.18
1.036e-05 -6 -0.2
1.04e-05 -6 -0.2
1.044e-05 -6 -0.2
1.048e-05 -6 -0.22
1.052e-05 -5.92 -0.22
1.056e-05 -5.84 -0.2
1.06e-05 -5.84 -0.22
1.064e-05 -5.76 -0.22
1.068e-05 -5.76 -0.24
1.072e-05 -5.68 -0.24
1.076e-05 -5.68 -0.24
1.08e-05 -5.6 -0.22
1.084e-05 -5.6 -0.24
1.088e-05 -5.52 -0.24
1.092e-05 -5.52 -0.26
1.096e-05 -5.44 -0.26
1.1e-05 -5.44 -0.22
1.104e-05 -5.36 -0.26
1.108e-05 -5.28 -0.26
1.112e-05 -5.2 -0.26
1.116e-05 -5.12 -0.26
1.12e-05 -5.12 -0.26
1.124e-05 -5.04 -0.26
1.128e-05 -4.96 -0.26
1.132e-05 -4.88 -0.28
1.136e-05 -4.88 -0.26
1.14e-05 -4.72 -0.26
1.144e-05 -4.72 -0.28
1.148e-05 -4.56 -0.28
1.152e-05 -4.56 -0.3
1.156e-05 -4.48 -0.28
1.16e-05 -4.4 -0.28
1.164e-05 -4.24 -0.3
1.168e-05 -4.24 -0.26
1.172e-05 -4.16 -0.28
1.176e-05 -4.08 -0.3
1.18e-05 -3.92 -0.3
1.184e-05 -3.92 -0.28
1.188e-05 -3.84 -0.3
1.192e-05 -3.68 -0.3
1.196e-05 -3.6 -0.3
1.2e-05 -3.6 -0.32
1.204e-05 -3.44 -0.3
1.208e-05 -3.36 -0.3
1.212e-05 -3.2 -0.3
1.216e-05 -3.2 -0.32
1.22e-05 -3.04 -0.3
1.224e-05 -2.96 -0.3
1.228e-05 -2.88 -0.32
1.232e-05 -2.72 -0.3
1.236e-05 -2.64 -0.3
1.24e-05 -2.56 -0.3
1.244e-05 -2.4 -0.32
1.248e-05 -2.32 -0.3
1.252e-05 -2.24 -0.3
1.256e-05 -2.16 -0.3
1.26e-05 -2 -0.32
1.264e-05 -1.92 -0.32
1.268e-05 -1.84 -0.32
1.272e-05 -1.68 -0.32
1.276e-05 -1.6 -0.32
1.28e-05 -1.44 -0.3
1.284e-05 -1.36 -0.32
1.288e-05 -1.28 -0.3
1.292e-05 -1.04 -0.28
1.296e-05 -1.04 -0.3
1.3e-05 -0.88 -0.32
1.304e-05 -0.72 -0.3
1.308e-05 -0.72 -0.3
1.312e-05 -0.56 -0.3
1.316e-05 -0.4 -0.3
1.32e-05 -0.32 -0.28
1.324e-05 -0.24 -0.3
1.328e-05 0 -0.3
1.332e-05 0.08 -0.3
1.336e-05 0.24 -0.28
1.34e-05 0.32 -0.28
1.344e-05 0.4 -0.26
1.348e-05 0.56 -0.26
1.352e-05 0.64 -0.28
1.356e-05 0.8 -0.26
1.36e-05 0.8 -0.28
1.364e-05 0.96 -0.24
1.368e-05 1.12 -0.26
1.372e-05 1.12 -0.28
1.376e-05 1.28 -0.26
1.38e-05 1.36 -0.26
1.384e-05 1.6 -0.26
1.388e-05 1.68 -0.26
1.392e-05 1.76 -0.26
1.396e-05 1.92 -0.24
1.4e-05 2 -0.24
1.404e-05 2.08 -0.24
1.408e-05 2.24 -0.24
1.412e-05 2.24 -0.24
1.416e-05 2.4 -0.22
1.42e-05 2.56 -0.22
1.424e-05 2.64 -0.22
1.428e-05 2.64 -0.24
1.432e-05 2.88 -0.22
1.436e-05 2.88 -0.22
1.44e-05 2.96 -0.22
1.444e-05 3.12 -0.22
1.448e-05 3.2 -0.2
1.452e-05 3.28 -0.18
1.456e-05 3.44 -0.2
1.46e-05 3.52 -0.18
1.464e-05 3.52 -0.18
1.468e-05 3.68 -0.16
1.472e-05 3.84 -0.16
1.476e-05 3.84 -0.18
1.48e-05 3.92 -0.16
1.484e-05 4 -0.16
1.488e-05 4.16 -0.16
1.492e-05 4.16 -0.16
1.496e-05 4.24 -0.16
1.5e-05 4.32 -0.14
1.504e-05 4.32 -0.16
1.508e-05 4.48 -0.14
1.512e-05 4.56 -0.14
1.516e-05 4.64 -0.12
1.52e-05 4.72 -0.14
1.524e-05 4.8 -0.1
1.528e-05 4.88 -0.12
1.532e-05 4.96 -0.1
1.536e-05 4.96 -0.1
1.54e-05 5.12 -0.08
1.544e-05 5.12 -0.1
1.548e-05 5.12 -0.1
1.552e-05 5.2 -0.1
1.556e-05 5.28 -0.08
1.56e-05 5.28 -0.08
1.564e-05 5.44 -0.06
1.568e-05 5.44 -0.08
1.572e-05 5.44 -0.06
1.576e-05 5.52 -0.06
1.58e-05 5.6 -0.06
1.584e-05 5.6 -0.04
1.588e-05 5.6 -0.04
1.592e-05 5.76 -0.04
1.596e-05 5.76 -0.04
1.6e-05 5.76 -0.04
1.604e-05 5.84 0
1.608e-05 5.84 0
1.612e-05 5.84 0
1.616e-05 5.84 0
1.62e-05 5.84 0
1.624e-05 5.92 0.02
1.628e-05 5.92 0.02
1.632e-05 5.92 0.04
1.636e-05 5.92 0.02
1.64e-05 5.92 0.02
1.644e-05 6 0.04
1.648e-05 6.08 0.06
1.652e-05 6 0.04
1.656e-05 6.08 0.04
1.66e-05 6.08 0.04
1.664e-05 6.08 0.06
1.668e-05 6.08 0.06
1.672e-05 6.08 0.08
1.676e-05 6 0.08
1.68e-05 6 0.08
1.684e-05 6 0.08
1.688e-05 6 0.08
1.692e-05 6 0.1
1.696e-05 5.92 0.1
1.7e-05 5.92 0.1
1.704e-05 5.84 0.1
1.708e-05 5.92 0.1
1.712e-05 5.84 0.1
1.716e-05 5.84 0.12
1.72e-05 5.84 0.12
1.724e-05 5.76 0.12
1.728e-05 5.76 0.12
1.732e-05 5.68 0.12
1.736e-05 5.76 0.14
1.74e-05 5.6 0.14
1.744e-05 5.6 0.12
1.748e-05 5.52 0.14
1.752e-05 5.44 0.16
1.756e-05 5.44 0.16
1.76e-05 5.44 0.14
1.764e-05 5.44 0.18
1.768e-05 5.28 0.14
1.772e-05 5.28 0.16
1.776e-05 5.2 0.16
1.78e-05 5.12 0.16
1.784e-05 5.12 0.18
1.788e-05 4.96 0.18
1.792e-05 4.96 0.16
1.796e-05 4.88 0.18
1.8e-05 4.8 0.18
1.804e-05 4.8 0.18
1.808e-05 4.64 0.18
1.812e-05 4.56 0.2
1.816e-05 4.48 0.2
1.82e-05 4.48 0.2
1.824e-05 4.4 0.2
1.828e-05 4.24 0.18
1.832e-05 4.24 0.2
1.836e-05 4.16 0.18
1.84e-05 4.08 0.2
1.844e-05 3.92 0.2
1.848e-05 3.84 0.2
1.852e-05 3.84 0.2
1.856e-05 3.68 0.2
1.86e-05 3.6 0.22
1.864e-05 3.52 0.2
1.868e-05 3.44 0.22
1.872e-05 3.36 0.22
1.876e-05 3.2 0.22
1.88e-05 3.12 0.2
1.884e-05 3.04 0.2
1.888e-05 2.96 0.22
1.892e-05 2.88 0.22
1.896e-05 2.72 0.22
1.9e-05 2.64 0.2
1.904e-05 2.56 0.2
1.908e-05 2.4 0.22
1.912e-05 2.32 0.22
1.916e-05 2.24 0.22
1.92e-05 2.08 0.22
1.924e-05 2 0.22
1.928e-05 1.92 0.22
1.932e-05 1.76 0.22
1.936e-05 1.68 0.2
1.94e-05 1.6 0.22
1.944e-05 1.44 0.22
1.948e-05 1.36 0.22
1.952e-05 1.2 0.22
1.956e-05 1.12 0.2
1.96e-05 0.96 0.2
1.964e-05 0.96 0.2
1.968e-05 0.8 0.2
1.972e-05 0.64 0.18
1.976e-05 0.48 0.2
1.98e-05 0.4 0.22
1.984e-05 0.4 0.2
1.988e-05 0.16 0.18
1.992e-05 0.08 0.18
1.996e-05 0 0.2
2e-05 -0.16 0.2
2.004e-05 -0.32 0.18
2.008e-05 -0.4 0.18
2.012e-05 -0.56 0.18
2.016e-05 -0.64 0.18
2.02e-05 -0.8 0.18
2.024e-05 -0.88 0.18
2.028e-05 -0.96 0.18
2.032e-05 -1.04 0.16
2.036e-05 -1.2 0.18
2.04e-05 -1.28 0.18
2.044e-05 -1.52 0.18
2.048e-05 -1.52 0.18
2.052e-05 -1.68 0.16
2.056e-05 -1.84 0.16
2.06e-05 -1.84 0.14
2.064e-05 -2 0.16
2.068e-05 -2.16 0.16
2.072e-05 -2.24 0.16
2.076e-05 -2.32 0.16
2.08e-05 -2.48 0.12
2.084e-05 -2.56 0.14
2.088e-05 -2.56 0.14
2.092e-05 -2.72 0.12
2.096e-05 -2.88 0.12
2.1e-05 -2.96 0.12
2.104e-05 -2.96 0.12
2.108e-05 -3.12 0.12
2.112e-05 -3.2 0.1
2.116e-05 -3.36 0.1
2.12e-05 -3.44 0.08
2.124e-05 -3.52 0.1
2.128e-05 -3.6 0.08
2.132e-05 -3.6 0.08
2.136e-05 -3.84 0.1
2.14e-05 -3.92 0.08
2.144e-05 -4 0.08
2.148e-05 -4.08 0.06
2.152e-05 -4.16 0.08
2.156e-05 -4.24 0.08
2.16e-05 -4.32 0.06
2.164e-05 -4.4 0.06
2.168e-05 -4.4 0.04
2.172e-05 -4.56 0.04
2.176e-05 -4.56 0.04
2.18e-05 -4.72 0.04
2.184e-05 -4.72 0.02
2.188e-05 -4.8 0.02
2.192e-05 -4.88 0.02
2.196e-05 -4.88 0.02
2.2e-05 -5.04 0.02
2.204e-05 -5.12 0
2.208e-05 -5.12 0.02
2.212e-05 -5.2 0
2.216e-05 -5.28 0
2.22e-05 -5.36 0
2.224e-05 -5.36 -0.04
2.228e-05 -5.44 0
2.232e-05 -5.44 -0.04
2.236e-05 -5.52 -0.04
2.24e-05 -5.52 -0.06
2.244e-05 -5.52 -0.06
2.248e-05 -5.68 -0.04
2.252e-05 -5.68 -0.06
2.256e-05 -5.76 -0.06
2.26e-05 -5.84 -0.08
2.264e-05 -5.84 -0.06
2.268e-05 -5.84 -0.08
2.272e-05 -5.84 -0.1
2.276e-05 -5.92 -0.08
2.28e-05 -5.92 -0.1
2.284e-05 -6 -0.1
2.288e-05 -6 -0.1
2.292e-05 -6 -0.1
2.296e-05 -6 -0.12
2.3e-05 -6.08 -0.12
2.304e-05 -6.08 -0.12
2.308e-05 -6.08 -0.12
2.312e-05 -6.08 -0.14
2.316e-05 -6.16 -0.14
2.32e-05 -6.08 -0.14
2.324e-05 -6.08 -0.14
2.328e-05 -6.08 -0.16
2.332e-05 -6.08 -0.14
2.336e-05 -6.08 -0.16
2.34e-05 -6.08 -0.16
2.344e-05 -6.08 -0.16
2.348e-05 -6.08 -0.16
2.352e-05 -6.08 -0.18
2.356e-05 -6.08 -0.18
2.36e-05 -6.08 -0.2
2.364e-05 -6.08 -0.18
2.368e-05 -6 -0.2
2.372e-05 -6 -0.18
2.376e-05 -6 -0.2
2.38e-05 -5.92 -0.2
2.384e-05 -5.84 -0.22
2.388e-05 -5.84 -0.18
2.392e-05 -5.84 -0.2
2.396e-05 -5.76 -0.24
2.4e-05 -5.84 -0.22
2.404e-05 -5.68 -0.24
2.408e-05 -5.68 -0.22
2.412e-05 -5.68 -0.24
2.416e-05 -5.52 -0.26
2.42e-05 -5.52 -0.24
2.424e-05 -5.44 -0.24
2.428e-05 -5.44 -0.24
2.432e-05 -5.44 -0.26
2.436e-05 -5.36 -0.24
2.44e-05 -5.36 -0.26
2.444e-05 -5.2 -0.26
2.448e-05 -5.2 -0.26
2.452e-05 -5.12 -0.26
2.456e-05 -5.04 -0.26
2.46e-05 -5.04 -0.26
2.464e-05 -4.88 -0.26
2.468e-05 -4.88 -0.28
2.472e-05 -4.8 -0.28
2.476e-05 -4.72 -0.26
2.48e-05 -4.64 -0.28
2.484e-05 -4.56 -0.28
2.488e-05 -4.48 -0.28
2.492e-05 -4.4 -0.28
2.496e-05 -4.4 -0.28
2.5e-05 -4.24 -0.3
2.504e-05 -4.16 -0.28
2.508e-05 -4.08 -0.3
2.512e-05 -3.92 -0.28
2.516e-05 -3.92 -0.3
2.52e-05 -3.84 -0.3
2.524e-05 -3.76 -0.3
2.528e-05 -3.68 -0.3
2.532e-05 -3.6 -0.3
2.536e-05 -3.52 -0.3
2.54e-05 -3.44 -0.3
2.544e-05 -3.28 -0.3
2.548e-05 -3.2 -0.3
2.552e-05 -3.12 -0.3
2.556e-05 -2.96 -0.32
2.56e-05 -2.88 -0.3
2.564e-05 -2.8 -0.32
2.568e-05 -2.64 -0.3
2.572e-05 -2.56 -0.3
2.576e-05 -2.48 -0.32
2.58e-05 -2.32 -0.32
2.584e-05 -2.24 -0.3
2.588e-05 -2.16 -0.3
2.592e-05 -2 -0.32
2.596e-05 -1.92 -0.32
2.6e-05 -1.84 -0.32
2.604e-05 -1.68 -0.32
2.608e-05 -1.6 -0.3
2.612e-05 -1.52 -0.3
2.616e-05 -1.36 -0.3
2.62e-05 -1.36 -0.3
2.624e-05 -1.2 -0.3
2.628e-05 -1.04 -0.3
2.632e-05 -0.96 -0.3
2.636e-05 -0.88 -0.28
2.64e-05 -0.72 -0.3
2.644e-05 -0.56 -0.3
2.648e-05 -0.48 -0.28
2.652e-05 -0.4 -0.3
2.656e-05 -0.32 -0.28
2.66e-05 -0.16 -0.28
2.664e-05 0 -0.3
2.668e-05 0.16 -0.28
2.672e-05 0.32 -0.26
2.676e-05 0.4 -0.28
2.68e-05 0.48 -0.28
2.684e-05 0.64 -0.28
2.688e-05 0.72 -0.26
2.692e-05 0.8 -0.28
2.696e-05 0.96 -0.26
2.7e-05 1.04 -0.26
2.704e-05 1.12 -0.26
2.708e-05 1.28 -0.26
2.712e-05 1.36 -0.26
2.716e-05 1.44 -0.26
2.72e-05 1.6 -0.24
2.724e-05 1.68 -0.24
2.728e-05 1.76 -0.24
2.732e-05 1.92 -0.24
2.736e-05 2 -0.24
2.74e-05 2.16 -0.24
2.744e-05 2.24 -0.24
2.748e-05 2.4 -0.24
2.752e-05 2.48 -0.22
2.756e-05 2.56 -0.22
2.76e-05 2.64 -0.22
2.764e-05 2.72 -0.22
2.768e-05 2.88 -0.22
2.772e-05 2.96 -0.2
2.776e-05 3.04 -0.2
2.78e-05 3.2 -0.18
2.784e-05 3.28 -0.18
2.788e-05 3.36 -0.18
2.792e-05 3.44 -0.2
2.796e-05 3.52 -0.18
2.8e-05 3.68 -0.18
2.804e-05 3.76 -0.18
2.808e-05 3.84 -0.16
2.812e-05 3.92 -0.16
2.816e-05 3.92 -0.16
2.82e-05 4 -0.16
2.824e-05 4.16 -0.16
2.828e-05 4.24 -0.16
2.832e-05 4.32 -0.16
2.836e-05 4.4 -0.14
2.84e-05 4.48 -0.16
2.844e-05 4.56 -0.14
2.848e-05 4.64 -0.12
2.852e-05 4.72 -0.12
2.856e-05 4.8 -0.1
2.86e-05 4.88 -0.12
2.864e-05 4.88 -0.1
2.868e-05 4.96 -0.1
2.872e-05 4.96 -0.1
2.876e-05 5.12 -0.1
2.88e-05 5.12 -0.08
2.884e-05 5.2 -0.08
2.888e-05 5.2 -0.08
2.892e-05 5.28 -0.1
2.896e-05 5.44 -0.08
2.9e-05 5.44 -0.06
2.904e-05 5.44 -0.04
2.908e-05 5.52 -0.06
2.912e-05 5.52 -0.04
2.916e-05 5.6 -0.04
2.92e-05 5.6 -0.04
2.924e-05 5.76 -0.06
2.928e-05 5.68 -0.04
2.932e-05 5.76 0
2.936e-05 5.84 0
2.94e-05 5.76 0
2.944e-05 5.84 0
2.948e-05 5.84 0
2.952e-05 5.84 0
2.956e-05 5.84 0.02
2.96e-05 5.92 0.02
2.964e-05 6 0.02
2.968e-05 6 0.04
2.972e-05 6 0.04
2.976e-05 5.92 0.04
2.98e-05 6.08 0.02
2.984e-05 6 0.04
2.988e-05 6.08 0.06
2.992e-05 6 0.04
2.996e-05 6.08 0.06
3e-05 6 0.06
3.004e-05 6 0.08
3.008e-05 6 0.08
3.012e-05 6.08 0.08
3.016e-05 6.08 0.08
3.02e-05 6 0.08
3.024e-05 5.92 0.1
3.028e-05 5.92 0.1
3.032e-05 5.92 0.1
3.036e-05 5.92 0.1
3.04e-05 5.84 0.1
3.044e-05 5.84 0.1
3.048e-05 5.84 0.12
3.052e-05 5.84 0.1
3.056e-05 5.76 0.1
3.06e-05 5.76 0.12
3.064e-05 5.76 0.14
3.068e-05 5.76 0.12
3.072e-05 5.68 0.14
3.076e-05 5.6 0.14
3.08e-05 5.52 0.16
3.084e-05 5.52 0.14
3.088e-05 5.44 0.16
3.092e-05 5.44 0.16
3.096e-05 5.28 0.16
3.1e-05 5.28 0.16
3.104e-05 5.28 0.14
3.108e-05 5.2 0.16
3.112e-05 5.12 0.16
3.116e-05 5.12 0.18
3.12e-05 4.96 0.16
3.124e-05 4.96 0.16
3.128e-05 4.88 0.2
3.132e-05 4.8 0.18
3.136e-05 4.8 0.18
3.14e-05 4.8 0.2
3.144e-05 4.64 0.18
3.148e-05 4.56 0.2
3.152e-05 4.48 0.2
3.156e-05 4.32 0.18
3.16e-05 4.32 0.2
3.164e-05 4.24 0.2
3.168e-05 4.16 0.2
3.172e-05 4 0.18
3.176e-05 4 0.18
3.18e-05 3.92 0.2
3.184e-05 3.84 0.2
3.188e-05 3.68 0.22
3.192e-05 3.6 0.18
3.196e-05 3.6 0.2
3.2e-05 3.52 0.2
3.204e-05 3.36 0.22
3.208e-05 3.28 0.2
3.212e-05 3.2 0.22
3.216e-05 3.04 0.2
3.22e-05 2.96 0.22
3.224e-05 2.88 0.22
3.228e-05 2.88 0.2
3.232e-05 2.64 0.2
3.236e-05 2.56 0.22
3.24e-05 2.56 0.2
3.244e-05 2.32 0.22
3.248e-05 2.24 0.2
3.252e-05 2.24 0.24
3.256e-05 2 0.22
3.26e-05 1.92 0.22
3.264e-05 1.84 0.22
3.268e-05 1.68 0.2
3.272e-05 1.6 0.22
3.276e-05 1.44 0.2
3.28e-05 1.36 0.22
3.284e-05 1.28 0.2
3.288e-05 1.2 0.22
3.292e-05 1.04 0.22
3.296e-05 0.96 0.2
3.3e-05 0.8 0.2
3.304e-05 0.72 0.2
3.308e-05 0.64 0.22
3.312e-05 0.48 0.2
3.316e-05 0.4 0.18
3.32e-05 0.32 0.2
3.324e-05 0.16 0.2
3.328e-05 0.08 0.2
3.332e-05 -0.16 0.18
3.336e-05 -0.24 0.2
3.34e-05 -0.4 0.2
3.344e-05 -0.48 0.18
3.348e-05 -0.56 0.2
3.352e-05 -0.72 0.18
3.356e-05 -0.8 0.18
3.36e-05 -0.96 0.18
3.364e-05 -1.04 0.2
3.368e-05 -1.2 0.16
3.372e-05 -1.28 0.16
3.376e-05 -1.36 0.18
3.38e-05 -1.52 0.18
3.384e-05 -1.6 0.16
3.388e-05 -1.68 0.16
3.392e-05 -1.84 0.14
3.396e-05 -1.92 0.16
3.4e-05 -2 0.16
3.404e-05 -2.16 0.14
3.408e-05 -2.24 0.14
3.412e-05 -2.4 0.14
3.416e-05 -2.48 0.16
3.42e-05 -2.56 0.12
3.424e-05 -2.64 0.12
3.428e-05 -2.8 0.12
3.432e-05 -2.88 0.12
3.436e-05 -2.96 0.12
3.44e-05 -3.12 0.12
3.444e-05 -3.2 0.1
3.448e-05 -3.2 0.12
3.452e-05 -3.44 0.1
3.456e-05 -3.44 0.1
3.46e-05 -3.6 0.08
3.464e-05 -3.6 0.1
3.468e-05 -3.76 0.1
3.472e-05 -3.84 0.08
3.476e-05 -3.92 0.08
3.48e-05 -4 0.08
3.484e-05 -4.08 0.06
3.488e-05 -4.16 0.08
3.492e-05 -4.24 0.06
3.496e-05 -4.4 0.06
3.5e-05 -4.4 0.06
3.504e-05 -4.48 0.04
3.508e-05 -4.56 0.04
3.512e-05 -4.64 0.04
3.516e-05 -4.8 0.04
3.52e-05 -4.8 0.02
3.524e-05 -4.88 0.02
3.528e-05 -4.88 0.02
3.532e-05 -5.04 0.02
3.536e-05 -5.12 0.02
3.54e-05 -5.12 0
3.544e-05 -5.2 0
3.548e-05 -5.2 0
3.552e-05 -5.36 0
3.556e-05 -5.36 0
3.56e-05 -5.44 -0.04
3.564e-05 -5.52 -0.04
3.568e-05 -5.52 -0.04
3.572e-05 -5.52 -0.04
3.576e-05 -5.52 0
3.58e-05 -5.68 -0.06
3.584e-05 -5.68 -0.06
3.588e-05 -5.76 -0.06
3.592e-05 -5.76 -0.06
3.596e-05 -5.76 -0.06
3.6e-05 -5.76 -0.08
3.604e-05 -5.84 -0.08
3.608e-05 -5.84 -0.1
3.612e-05 -6 -0.1
3.616e-05 -6 -0.1
3.62e-05 -6 -0.1
3.624e-05 -6 -0.1
3.628e-05 -6 -0.12
3.632e-05 -6.08 -0.12
3.636e-05 -6.08 -0.14
3.64e-05 -6.08 -0.12
3.644e-05 -6.16 -0.14
3.648e-05 -6.08 -0.14
3.652e-05 -6.16 -0.14
3.656e-05 -6.08 -0.16
3.66e-05 -6.08 -0.14
3.664e-05 -6.08 -0.14
3.668e-05 -6.08 -0.16
3.672e-05 -6.08 -0.16
3.676e-05 -6.08 -0.16
3.68e-05 -6.08 -0.16
3.684e-05 -6.08 -0.16
3.688e-05 -6.08 -0.18
3.692e-05 -6.08 -0.16
3.696e-05 -6.08 -0.18
3.7e-05 -6.08 -0.2
3.704e-05 -6.08 -0.2
3.708e-05 -6 -0.18
3.712e-05 -6 -0.2
3.716e-05 -5.92 -0.18
3.72e-05 -5.92 -0.22
3.724e-05 -5.84 -0.22
3.728e-05 -5.84 -0.22
3.732e-05 -5.76 -0.22
3.736e-05 -5.76 -0.22
3.74e-05 -5.68 -0.24
3.744e-05 -5.6 -0.24
3.748e-05 -5.6 -0.24
3.752e-05 -5.52 -0.24
3.756e-05 -5.52 -0.24
3.76e-05 -5.52 -0.24
3.764e-05 -5.44 -0.26
3.768e-05 -5.36 -0.26
3.772e-05 -5.36 -0.24
3.776e-05 -5.2 -0.26
3.78e-05 -5.2 -0.26
3.784e-05 -5.2 -0.26
3.788e-05 -5.04 -0.24
3.792e-05 -5.04 -0.26
3.796e-05 -4.88 -0.26
3.8e-05 -4.88 -0.26
3.804e-05 -4.88 -0.26
3.808e-05 -4.72 -0.28
3.812e-05 -4.72 -0.28
3.816e-05 -4.56 -0.28
3.82e-05 -4.56 -0.28
3.824e-05 -4.4 -0.28
3.828e-05 -4.4 -0.3
3.832e-05 -4.32 -0.3
3.836e-05 -4.24 -0.3
3.84e-05 -4.16 -0.28
3.844e-05 -4.08 -0.3
3.848e-05 -3.92 -0.3
3.852e-05 -3.84 -0.3
3.856e-05 -3.76 -0.3
3.86e-05 -3.6 -0.3
3.864e-05 -3.6 -0.3
3.868e-05 -3.52 -0.3
3.872e-05 -3.44 -0.3
3.876e-05 -3.28 -0.3
3.88e-05 -3.2 -0.3
3.884e-05 -3.12 -0.32
3.888e-05 -2.96 -0.3
3.892e-05 -2.96 -0.3
3.896e-05 -2.88 -0.3
3.9e-05 -2.64 -0.3
3.904e-05 -2.64 -0.32
3.908e-05 -2.48 -0.3
3.912e-05 -2.48 -0.3
3.916e-05 -2.24 -0.32
3.92e-05 -2.24 -0.32
3.924e-05 -2.08 -0.32
3.928e-05 -2 -0.3
3.932e-05 -1.92 -0.3
3.936e-05 -1.76 -0.32
3.94e-05 -1.6 -0.3
3.944e-05 -1.52 -0.3
3.948e-05 -1.36 -0.3
3.952e-05 -1.28 -0.3
3.956e-05 -1.2 -0.3
3.96e-05 -1.04 -0.3
3.964e-05 -0.96 -0.3
3.968e-05 -0.88 -0.3
3.972e-05 -0.72 -0.3
3.976e-05 -0.64 -0.3
3.98e-05 -0.48 -0.3
3.984e-05 -0.4 -0.3
3.988e-05 -0.32 -0.3
3.992e-05 -0.24 -0.28
3.996e-05 0 -0.3
4e-05 0.08 -0.28
4.004e-05 0.32 -0.3
4.008e-05 0.32 -0.3
4.012e-05 0.48 -0.28
4.016e-05 0.64 -0.26
4.02e-05 0.72 -0.28
4.024e-05 0.8 -0.28
4.028e-05 0.88 -0.28
4.032e-05 1.04 -0.26
4.036e-05 1.12 -0.26
4.04e-05 1.28 -0.26
4.044e-05 1.36 -0.26
4.048e-05 1.44 -0.26
4.052e-05 1.6 -0.24
4.056e-05 1.68 -0.26
4.06e-05 1.76 -0.26
4.064e-05 1.92 -0.26
4.068e-05 2 -0.24
4.072e-05 2.08 -0.24
4.076e-05 2.24 -0.24
4.08e-05 2.32 -0.24
4.084e-05 2.4 -0.22
4.088e-05 2.56 -0.22
4.092e-05 2.64 -0.22
4.096e-05 2.72 -0.22
4.1e-05 2.88 -0.22
4.104e-05 2.96 -0.22
4.108e-05 3.04 -0.2
4.112e-05 3.12 -0.22
4.116e-05 3.2 -0.2
4.12e-05 3.28 -0.2
4.124e-05 3.52 -0.18
4.128e-05 3.52 -0.2
4.132e-05 3.6 -0.18
4.136e-05 3.68 -0.18
4.14e-05 3.84 -0.16
4.144e-05 3.84 -0.16
4.148e-05 3.92 -0.18
4.152e-05 4.08 -0.16
4.156e-05 4.16 -0.16
4.16e-05 4.24 -0.16
4.164e-05 4.32 -0.14
4.168e-05 4.4 -0.16
4.172e-05 4.48 -0.14
4.176e-05 4.56 -0.14
4.18e-05 4.56 -0.14
4.184e-05 4.64 -0.12
4.188e-05 4.72 -0.12
4.192e-05 4.8 -0.12
4.196e-05 4.88 -0.1
4.2e-05 4.96 -0.12
4.204e-05 4.96 -0.1
4.208e-05 5.12 -0.1
4.212e-05 5.12 -0.08
4.216e-05 5.2 -0.1
4.22e-05 5.28 -0.08
4.224e-05 5.28 -0.08
4.228e-05 5.36 -0.06
4.232e-05 5.44 -0.06
4.236e-05 5.44 -0.08
4.24e-05 5.52 -0.06
4.244e-05 5.52 -0.06
4.248e-05 5.6 -0.06
4.252e-05 5.6 -0.04
4.256e-05 5.68 -0.04
4.26e-05 5.68 -0.04
4.264e-05 5.76 -0.04
4.268e-05 5.76 0
4.272e-05 5.76 0
4.276e-05 5.76 0
4.28e-05 5.84 0
4.284e-05 5.84 0
4.288e-05 5.84 0
4.292e-05 5.92 0.02
4.296e-05 5.92 0.04
4.3e-05 5.92 0.04
4.304e-05 6 0.02
4.308e-05 5.92 0.02
4.312e-05 5.92 0.04
4.316e-05 6 0.04
4.32e-05 6.08 0.04
4.324e-05 6 0.04
4.328e-05 6.08 0.06
4.332e-05 5.92 0.04
4.336e-05 6 0.08
4.34e-05 6.08 0.08
4.344e-05 6 0.08
4.348e-05 6 0.08
4.352e-05 6 0.08
4.356e-05 6 0.1
4.36e-05 6 0.1
4.364e-05 5.92 0.1
4.368e-05 5.92 0.1
4.372e-05 5.92 0.1
4.376e-05 5.84 0.1
4.38e-05 5.84 0.1
4.384e-05 5.84 0.1
4.388e-05 5.76 0.12
4.392e-05 5.76 0.12
4.396e-05 5.76 0.12
4.4e-05 5.68 0.12
4.404e-05 5.68 0.14
4.408e-05 5.6 0.14
4.412e-05 5.52 0.14
4.416e-05 5.44 0.14
4.42e-05 5.44 0.14
4.424e-05 5.44 0.16
4.428e-05 5.44 0.16
4.432e-05 5.28 0.16
4.436e-05 5.28 0.16
4.44e-05 5.2 0.16
4.444e-05 5.12 0.18
4.448e-05 5.12 0.16
4.452e-05 5.12 0.18
4.456e-05 4.96 0.18
4.46e-05 4.88 0.18
4.464e-05 4.88 0.18
4.468e-05 4.72 0.18
4.472e-05 4.72 0.18
4.476e-05 4.64 0.2
4.48e-05 4.56 0.18
4.484e-05 4.48 0.18
4.488e-05 4.4 0.18
4.492e-05 4.4 0.2
4.496e-05 4.24 0.2
4.5e-05 4.16 0.18
4.504e-05 4.16 0.2
4.508e-05 4 0.2
4.512e-05 3.92 0.2
4.516e-05 3.84 0.2
4.52e-05 3.68 0.2
4.524e-05 3.68 0.22
4.528e-05 3.52 0.2
4.532e-05 3.52 0.2
4.536e-05 3.36 0.2
4.54e-05 3.28 0.2
4.544e-05 3.2 0.22
4.548e-05 3.04 0.22
4.552e-05 2.96 0.22
4.556e-05 2.88 0.22
4.56e-05 2.8 0.2
4.564e-05 2.72 0.22
4.568e-05 2.56 0.22
4.572e-05 2.56 0.22
4.576e-05 2.32 0.2
4.58e-05 2.24 0.24
4.584e-05 2.24 0.24
4.588e-05 2.08 0.22
4.592e-05 2 0.22
4.596e-05 1.76 0.22
4.6e-05 1.76 0.22
4.604e-05 1.6 0.22
4.608e-05 1.6 0.2
4.612e-05 1.44 0.22
4.616e-05 1.28 0.2
4.62e-05 1.28 0.22
4.624e-05 1.04 0.18
4.628e-05 0.96 0.22
4.632e-05 0.8 0.22
4.636e-05 0.72 0.2
4.64e-05 0.64 0.2
4.644e-05 0.48 0.2
4.648e-05 0.32 0.2
4.652e-05 0.32 0.2
4.656e-05 0.16 0.2
4.66e-05 0 0.18
4.664e-05 0 0.18
4.668e-05 -0.24 0.2
4.672e-05 -0.4 0.18
4.676e-05 -0.4 0.18
4.68e-05 -0.56 0.18
4.684e-05 -0.72 0.18
4.688e-05 -0.8 0.18
4.692e-05 -0.96 0.18
4.696e-05 -1.04 0.18
4.7e-05 -1.2 0.18
4.704e-05 -1.28 0.18
4.708e-05 -1.36 0.18
4.712e-05 -1.52 0.16
4.716e-05 -1.6 0.16
4.72e-05 -1.68 0.16
4.724e-05 -1.84 0.16
4.728e-05 -1.92 0.14
4.732e-05 -2 0.14
4.736e-05 -2.16 0.16
4.74e-05 -2.32 0.14
4.744e-05 -2.32 0.16
4.748e-05 -2.48 0.14
4.752e-05 -2.56 0.12
4.756e-05 -2.64 0.14
4.76e-05 -2.72 0.12
4.764e-05 -2.88 0.12
4.768e-05 -2.96 0.1
4.772e-05 -3.04 0.1
4.776e-05 -3.2 0.12
4.78e-05 -3.2 0.12
4.784e-05 -3.36 0.08
4.788e-05 -3.44 0.1
4.792e-05 -3.52 0.1
4.796e-05 -3.6 0.1
4.8e-05 -3.76 0.1
4.804e-05 -3.84 0.08
4.808e-05 -3.92 0.08
4.812e-05 -3.92 0.08
4.816e-05 -4.08 0.08
4.82e-05 -4.16 0.08
4.824e-05 -4.24 0.04
4.828e-05 -4.24 0.08
4.832e-05 -4.4 0.04
4.836e-05 -4.48 0.04
4.84e-05 -4.56 0.04
4.844e-05 -4.64 0.04
4.848e-05 -4.72 0.04
4.852e-05 -4.72 0.04
4.856e-05 -4.88 0.02
4.86e-05 -4.88 0.02
4.864e-05 -5.04 0.04
4.868e-05 -5.04 0.02
4.872e-05 -5.12 0
4.876e-05 -5.2 0
4.88e-05 -5.2 0
4.884e-05 -5.28 0
4.888e-05 -5.36 -0.04
4.892e-05 -5.36 -0.04
4.896e-05 -5.44 -0.04
4.9e-05 -5.52 -0.04
4.904e-05 -5.52 -0.04
4.908e-05 -5.52 -0.06
4.912e-05 -5.6 -0.06
4.916e-05 -5.68 -0.06
4.92e-05 -5.68 -0.06
4.924e-05 -5.76 -0.06
4.928e-05 -5.76 -0.08
4.932e-05 -5.84 -0.08
4.936e-05 -5.84 -0.08
4.94e-05 -5.92 -0.08
4.944e-05 -5.84 -0.1
4.948e-05 -6 -0.1
4.952e-05 -5.92 -0.1
4.956e-05 -6 -0.1
4.96e-05 -6 -0.1
4.964e-05 -6.08 -0.12
4.968e-05 -6.08 -0.1
4.972e-05 -6.08 -0.12
4.976e-05 -6.08 -0.14
4.98e-05 -6.08 -0.14
4.984e-05 -6.08 -0.14
4.988e-05 -6.08 -0.14
4.992e-05 -6.16 -0.14
4.996e-05 -6.08 -0.16
5e-05 -6.08 -0.16
5.004e-05 -6.16 -0.16
5.008e-05 -6.16 -0.16
5.012e-05 -6.16 -0.18
5.016e-05 -6.08 -0.18
5.02e-05 -6.08 -0.18
5.024e-05 -6.08 -0.18
5.028e-05 -6.08 -0.18
5.032e-05 -6 -0.2
5.036e-05 -6.08 -0.2
5.04e-05 -5.92 -0.2
5.044e-05 -6 -0.2
5.048e-05 -6 -0.22
5.052e-05 -5.92 -0.22
5.056e-05 -5.84 -0.22
5.06e-05 -5.84 -0.22
5.064e-05 -5.76 -0.22
5.068e-05 -5.68 -0.22
5.072e-05 -5.76 -0.24
5.076e-05 -5.68 -0.24
5.08e-05 -5.68 -0.24
5.084e-05 -5.52 -0.24
5.088e-05 -5.44 -0.26
5.092e-05 -5.52 -0.24
5.096e-05 -5.44 -0.24
5.1e-05 -5.36 -0.26
5.104e-05 -5.36 -0.24
5.108e-05 -5.2 -0.26
5.112e-05 -5.2 -0.24
5.116e-05 -5.2 -0.26
5.12e-05 -5.12 -0.26
5.124e-05 -5.04 -0.26
5.128e-05 -5.04 -0.26
5.132e-05 -4.88 -0.26
5.136e-05 -4.88 -0.28
5.14e-05 -4.8 -0.28
5.144e-05 -4.72 -0.28
5.148e-05 -4.56 -0.26
5.152e-05 -4.48 -0.28
5.156e-05 -4.48 -0.28
5.16e-05 -4.4 -0.28
5.164e-05 -4.24 -0.3
5.168e-05 -4.24 -0.28
5.172e-05 -4.16 -0.3
5.176e-05 -4.08 -0.3
5.18e-05 -3.92 -0.3
5.184e-05 -3.92 -0.3
5.188e-05 -3.76 -0.28
5.192e-05 -3.76 -0.32
5.196e-05 -3.6 -0.3
5.2e-05 -3.52 -0.3
5.204e-05 -3.44 -0.3
5.208e-05 -3.28 -0.32
5.212e-05 -3.28 -0.3
5.216e-05 -3.12 -0.3
5.22e-05 -3.04 -0.3
5.224e-05 -2.96 -0.32
5.228e-05 -2.88 -0.3
5.232e-05 -2.8 -0.32
5.236e-05 -2.64 -0.32
5.24e-05 -2.56 -0.32
5.244e-05 -2.48 -0.32
5.248e-05 -2.32 -0.32
5.252e-05 -2.24 -0.3
5.256e-05 -2.16 -0.3
5.26e-05 -2 -0.32
5.264e-05 -1.92 -0.32
5.268e-05 -1.84 -0.3
5.272e-05 -1.68 -0.3
5.276e-05 -1.6 -0.3
5.28e-05 -1.52 -0.3
5.284e-05 -1.36 -0.3
5.288e-05 -1.28 -0.3
5.292e-05 -1.12 -0.3
5.296e-05 -1.04 -0.3
5.3e-05 -0.88 -0.3
5.304e-05 -0.8 -0.3
5.308e-05 -0.72 -0.3
5.312e-05 -0.56 -0.3
5.316e-05 -0.4 -0.3
5.32e-05 -0.32 -0.28
5.324e-05 -0.24 -0.3
5.328e-05 0 -0.28
5.332e-05 0 -0.3
5.336e-05 0.16 -0.3
5.34e-05 0.32 -0.28
5.344e-05 0.4 -0.3
5.348e-05 0.56 -0.28
5.352e-05 0.64 -0.28
5.356e-05 0.72 -0.26
5.36e-05 0.96 -0.26
5.364e-05 1.04 -0.26
5.368e-05 1.04 -0.26
5.372e-05 1.2 -0.26
5.376e-05 1.36 -0.24
5.38e-05 1.36 -0.26
5.384e-05 1.6 -0.26
5.388e-05 1.68 -0.24
5.392e-05 1.76 -0.24
5.396e-05 1.92 -0.24
5.4e-05 2 -0.24
5.404e-05 2.08 -0.24
5.408e-05 2.24 -0.24
5.412e-05 2.32 -0.24
5.416e-05 2.4 -0.22
5.42e-05 2.48 -0.24
5.424e-05 2.56 -0.22
5.428e-05 2.64 -0.22
5.432e-05 2.8 -0.2
5.436e-05 2.96 -0.22
5.44e-05 3.04 -0.22
5.444e-05 3.04 -0.2
5.448e-05 3.2 -0.2
5.452e-05 3.28 -0.2
5.456e-05 3.36 -0.2
5.46e-05 3.52 -0.18
5.464e-05 3.6 -0.16
5.468e-05 3.68 -0.18
5.472e-05 3.76 -0.18
5.476e-05 3.84 -0.18
5.48e-05 3.92 -0.16
5.484e-05 4 -0.14
5.488e-05 4.16 -0.16
5.492e-05 4.16 -0.16
5.496e-05 4.24 -0.16
5.5e-05 4.32 -0.14
5.504e-05 4.48 -0.14
5.508e-05 4.48 -0.14
5.512e-05 4.56 -0.14
5.516e-05 4.64 -0.14
5.52e-05 4.8 -0.12
5.524e-05 4.8 -0.12
5.528e-05 4.88 -0.1
5.532e-05 4.96 -0.1
5.536e-05 4.96 -0.1
5.54e-05 5.12 -0.1
5.544e-05 5.12 -0.1
5.548e-05 5.2 -0.08
5.552e-05 5.2 -0.08
5.556e-05 5.2 -0.06
5.56e-05 5.36 -0.08
5.564e-05 5.44 -0.08
5.568e-05 5.44 -0.06
5.572e-05 5.52 -0.06
5.576e-05 5.52 -0.06
5.58e-05 5.6 -0.06
5.584e-05 5.6 -0.04
5.588e-05 5.68 -0.04
5.592e-05 5.76 -0.06
5.596e-05 5.68 -0.04
5.6e-05 5.76 -0.04
5.604e-05 5.76 -0.04
5.608e-05 5.84 0
5.612e-05 5.84 0
5.616e-05 5.84 0
5.62e-05 5.84 0
5.624e-05 5.92 0.02
5.628e-05 5.92 0.02
5.632e-05 5.92 0.02
5.636e-05 5.92 0.02
5.64e-05 5.92 0.02
5.644e-05 6.08 0.04
5.648e-05 5.92 0.02
5.652e-05 6.08 0.04
5.656e-05 6.08 0.06
5.66e-05 6.08 0.06
5.664e-05 6 0.06
5.668e-05 6 0.06
5.672e-05 6 0.08
5.676e-05 5.92 0.06
5.68e-05 6.08 0.1
5.684e-05 6.08 0.08
5.688e-05 5.92 0.08
5.692e-05 5.92 0.08
5.696e-05 5.92 0.1
5.7e-05 5.92 0.1
5.704e-05 5.92 0.1
5.708e-05 5.84 0.1
5.712e-05 5.84 0.1
5.716e-05 5.84 0.12
5.72e-05 5.84 0.1
5.724e-05 5.76 0.12
5.728e-05 5.76 0.14
5.732e-05 5.68 0.14
5.736e-05 5.68 0.12
5.74e-05 5.6 0.14
5.744e-05 5.6 0.14
5.748e-05 5.52 0.16
5.752e-05 5.44 0.16
5.756e-05 5.44 0.14
5.76e-05 5.44 0.14
5.764e-05 5.44 0.14
5.768e-05 5.28 0.16
5.772e-05 5.2 0.16
5.776e-05 5.12 0.16
5.78e-05 5.12 0.16
5.784e-05 5.04 0.18
5.788e-05 5.12 0.18
5.792e-05 4.96 0.18
5.796e-05 4.88 0.18
5.8e-05 4.8 0.2
5.804e-05 4.8 0.2
5.808e-05 4.64 0.18
5.812e-05 4.56 0.18
5.816e-05 4.48 0.18
5.82e-05 4.48 0.18
5.824e-05 4.32 0.2
5.828e-05 4.24 0.18
5.832e-05 4.16 0.2
5.836e-05 4.16 0.2
5.84e-05 4.08 0.2
5.844e-05 3.92 0.2
5.848e-05 3.92 0.2
5.852e-05 3.84 0.22
5.856e-05 3.68 0.22
5.86e-05 3.6 0.2
5.864e-05 3.52 0.2
5.868e-05 3.36 0.2
5.872e-05 3.36 0.22
5.876e-05 3.28 0.2
5.88e-05 3.12 0.22
5.884e-05 3.04 0.2
5.888e-05 2.88 0.22
5.892e-05 2.8 0.22
5.896e-05 2.72 0.22
5.9e-05 2.56 0.22
5.904e-05 2.56 0.2
5.908e-05 2.48 0.22
5.912e-05 2.32 0.2
5.916e-05 2.24 0.22
5.92e-05 2.08 0.2
5.924e-05 2 0.22
5.928e-05 1.92 0.22
5.932e-05 1.76 0.2
5.936e-05 1.68 0.2
5.94e-05 1.6 0.22
5.944e-05 1.52 0.22
5.948e-05 1.36 0.22
5.952e-05 1.28 0.2
5.956e-05 1.12 0.22
5.96e-05 1.04 0.2
5.964e-05 0.96 0.22
5.968e-05 0.8 0.2
5.972e-05 0.72 0.2
5.976e-05 0.56 0.2
5.98e-05 0.48 0.2
5.984e-05 0.32 0.2
5.988e-05 0.24 0.18
5.992e-05 0.08 0.2
5.996e-05 0 0.2
6e-05 -0.16 0.2
6.004e-05 -0.24 0.2
6.008e-05 -0.4 0.2
6.012e-05 -0.48 0.2
6.016e-05 -0.64 0.18
6.02e-05 -0.72 0.18
6.024e-05 -0.88 0.18
6.028e-05 -0.96 0.18
6.032e-05 -1.04 0.18
6.036e-05 -1.2 0.18
6.04e-05 -1.28 0.16
6.044e-05 -1.44 0.16
6.048e-05 -1.52 0.16
6.052e-05 -1.68 0.16
6.056e-05 -1.68 0.16
6.06e-05 -1.84 0.14
6.064e-05 -2 0.16
6.068e-05 -2.08 0.16
6.072e-05 -2.16 0.14
6.076e-05 -2.32 0.14
6.08e-05 -2.4 0.16
6.084e-05 -2.56 0.12
6.088e-05 -2.64 0.14
6.092e-05 -2.8 0.12
6.096e-05 -2.8 0.12
6.1e-05 -2.96 0.12
6.104e-05 -2.96 0.1
6.108e-05 -3.12 0.12
6.112e-05 -3.2 0.1
6.116e-05 -3.28 0.1
6.12e-05 -3.44 0.1
6.124e-05 -3.52 0.1
6.128e-05 -3.6 0.08
6.132e-05 -3.76 0.08
6.136e-05 -3.84 0.1
6.14e-05 -3.84 0.08
6.144e-05 -3.92 0.08
6.148e-05 -4.08 0.08
6.152e-05 -4.16 0.06
6.156e-05 -4.24 0.06
6.16e-05 -4.32 0.06
6.164e-05 -4.4 0.06
6.168e-05 -4.48 0.04
6.172e-05 -4.48 0.04
6.176e-05 -4.56 0.06
6.18e-05 -4.72 0.04
6.184e-05 -4.72 0.02
6.188e-05 -4.88 0.02
6.192e-05 -4.88 0.04
6.196e-05 -5.04 0.02
6.2e-05 -5.04 0
6.204e-05 -5.04 0.02
6.208e-05 -5.12 0
6.212e-05 -5.2 0
6.216e-05 -5.2 -0.04
6.22e-05 -5.36 0
6.224e-05 -5.36 0
6.228e-05 -5.44 -0.04
6.232e-05 -5.44 -0.04
6.236e-05 -5.52 -0.04
6.24e-05 -5.52 -0.04
6.244e-05 -5.6 -0.04
6.248e-05 -5.68 -0.06
6.252e-05 -5.68 -0.08
6.256e-05 -5.76 -0.06
6.26e-05 -5.76 -0.08
6.264e-05 -5.76 -0.08
6.268e-05 -5.84 -0.08
6.272e-05 -5.84 -0.08
6.276e-05 -5.84 -0.08
6.28e-05 -5.92 -0.1
6.284e-05 -6 -0.1
6.288e-05 -6 -0.1
6.292e-05 -6.08 -0.1
6.296e-05 -6 -0.1
6.3e-05 -6.08 -0.1
6.304e-05 -6.08 -0.14
6.308e-05 -6.08 -0.14
6.312e-05 -6.08 -0.12
6.316e-05 -6.08 -0.14
6.32e-05 -6.08 -0.14
6.324e-05 -6.08 -0.14
6.328e-05 -6.08 -0.16
6.332e-05 -6.08 -0.14
6.336e-05 -6.08 -0.16
6.34e-05 -6.08 -0.18
6.344e-05 -6.08 -0.16
6.348e-05 -6.08 -0.18
6.352e-05 -6.08 -0.18
6.356e-05 -6.08 -0.18
6.36e-05 -6.08 -0.18
6.364e-05 -6.08 -0.18
6.368e-05 -6.08 -0.18
6.372e-05 -6.08 -0.2
6.376e-05 -6 -0.2
6.38e-05 -5.92 -0.2
6.384e-05 -5.84 -0.2
6.388e-05 -5.84 -0.22
6.392e-05 -5.84 -0.22
6.396e-05 -5.84 -0.22
6.4e-05 -5.76 -0.22
6.404e-05 -5.68 -0.22
6.408e-05 -5.68 -0.24
6.412e-05 -5.68 -0.24
6.416e-05 -5.52 -0.22
6.42e-05 -5.52 -0.24
6.424e-05 -5.52 -0.24
6.428e-05 -5.44 -0.24
6.432e-05 -5.44 -0.24
6.436e-05 -5.28 -0.26
6.44e-05 -5.2 -0.26
6.444e-05 -5.2 -0.26
6.448e-05 -5.2 -0.26
6.452e-05 -5.12 -0.26
6.456e-05 -5.04 -0.26
6.46e-05 -5.04 -0.26
6.464e-05 -4.96 -0.28
6.468e-05 -4.88 -0.26
6.472e-05 -4.8 -0.26
6.476e-05 -4.72 -0.26
6.48e-05 -4.56 -0.28
6.484e-05 -4.56 -0.3
6.488e-05 -4.48 -0.28
6.492e-05 -4.48 -0.26
6.496e-05 -4.32 -0.3
6.5e-05 -4.24 -0.3
6.504e-05 -4.16 -0.3
6.508e-05 -4.08 -0.3
6.512e-05 -4.08 -0.3
6.516e-05 -3.92 -0.28
6.52e-05 -3.92 -0.32
6.524e-05 -3.76 -0.3
6.528e-05 -3.6 -0.3
6.532e-05 -3.6 -0.3
6.536e-05 -3.52 -0.3
6.54e-05 -3.44 -0.3
6.544e-05 -3.28 -0.3
6.548e-05 -3.12 -0.3
6.552e-05 -3.12 -0.32
6.556e-05 -2.96 -0.3
6.56e-05 -2.88 -0.32
6.564e-05 -2.8 -0.32
6.568e-05 -2.64 -0.32
6.572e-05 -2.56 -0.32
6.576e-05 -2.48 -0.3
6.58e-05 -2.32 -0.3
6.584e-05 -2.24 -0.3
6.588e-05 -2.16 -0.32
6.592e-05 -2.16 -0.32
6.596e-05 -2 -0.3
6.6e-05 -1.84 -0.3
6.604e-05 -1.68 -0.32
6.608e-05 -1.68 -0.3
6.612e-05 -1.52 -0.32
6.616e-05 -1.36 -0.3
6.62e-05 -1.28 -0.3
6.624e-05 -1.2 -0.32
6.628e-05 -1.04 -0.3
6.632e-05 -0.96 -0.3
6.636e-05 -0.88 -0.3
6.64e-05 -0.72 -0.3
6.644e-05 -0.64 -0.3
6.648e-05 -0.56 -0.3
6.652e-05 -0.4 -0.28
6.656e-05 -0.32 -0.28
6.66e-05 -0.16 -0.3
6.664e-05 0.08 -0.3
6.668e-05 0.16 -0.28
6.672e-05 0.32 -0.28
6.676e-05 0.32 -0.28
6.68e-05 0.48 -0.3
6.684e-05 0.64 -0.26
6.688e-05 0.72 -0.26
6.692e-05 0.8 -0.28
6.696e-05 0.96 -0.28
6.7e-05 1.12 -0.26
6.704e-05 1.12 -0.24
6.708e-05 1.28 -0.26
6.712e-05 1.36 -0.26
6.716e-05 1.44 -0.26
6.72e-05 1.6 -0.26
6.724e-05 1.76 -0.24
6.728e-05 1.76 -0.24
6.732e-05 1.92 -0.24
6.736e-05 2.08 -0.24
6.74e-05 2.08 -0.24
6.744e-05 2.24 -0.24
6.748e-05 2.32 -0.24
6.752e-05 2.4 -0.24
6.756e-05 2.56 -0.22
6.76e-05 2.72 -0.22
6.764e-05 2.8 -0.22
6.768e-05 2.88 -0.22
6.772e-05 2.96 -0.22
6.776e-05 3.04 -0.2
6.78e-05 3.2 -0.2
6.784e-05 3.28 -0.22
6.788e-05 3.36 -0.2
6.792e-05 3.52 -0.18
6.796e-05 3.6 -0.18
6.8e-05 3.6 -0.18
6.804e-05 3.68 -0.18
6.808e-05 3.84 -0.16
6.812e-05 3.92 -0.18
6.816e-05 3.92 -0.16
6.82e-05 4.08 -0.16
6.824e-05 4.16 -0.16
6.828e-05 4.24 -0.14
6.832e-05 4.32 -0.16
6.836e-05 4.32 -0.14
6.84e-05 4.48 -0.14
6.844e-05 4.56 -0.14
6.848e-05 4.64 -0.14
6.852e-05 4.64 -0.14
6.856e-05 4.8 -0.12
6.86e-05 4.8 -0.1
6.864e-05 4.88 -0.1
6.868e-05 4.96 -0.1
6.872e-05 5.04 -0.1
6.876e-05 5.12 -0.1
6.88e-05 5.2 -0.08
6.884e-05 5.2 -0.08
6.888e-05 5.2 -0.08
6.892e-05 5.36 -0.08
6.896e-05 5.44 -0.06
6.9e-05 5.44 -0.08
6.904e-05 5.44 -0.06
6.908e-05 5.52 -0.06
6.912e-05 5.6 -0.06
6.916e-05 5.6 -0.06
6.92e-05 5.6 -0.04
6.924e-05 5.6 -0.04
6.928e-05 5.68 0
6.932e-05 5.76 0
6.936e-05 5.76 0
6.94e-05 5.84 0
6.944e-05 5.84 0
6.948e-05 5.92 0
6.952e-05 5.92 0.02
6.956e-05 5.92 0.02
6.96e-05 5.92 0
6.964e-05 5.92 0.02
6.968e-05 5.92 0.02
6.972e-05 6.08 0.02
6.976e-05 6 0.02
6.98e-05 5.92 0.02
6.984e-05 6.08 0.04
6.988e-05 6 0.04
6.992e-05 6.08 0.08
6.996e-05 6 0.06
7e-05 6.08 0.08
7.004e-05 6.08 0.06
7.008e-05 6.08 0.08
7.012e-05 6 0.08
7.016e-05 6 0.08
7.02e-05 6 0.08
7.024e-05 5.92 0.08
7.028e-05 5.92 0.1
7.032e-05 5.92 0.08
7.036e-05 5.92 0.08
7.04e-05 5.92 0.1
7.044e-05 5.92 0.1
7.048e-05 5.84 0.12
7.052e-05 5.84 0.12
7.056e-05 5.76 0.12
7.06e-05 5.76 0.12
7.064e-05 5.76 0.12
7.068e-05 5.68 0.12
7.072e-05 5.6 0.12
7.076e-05 5.6 0.16
7.08e-05 5.52 0.14
7.084e-05 5.52 0.14
7.088e-05 5.44 0.16
7.092e-05 5.44 0.16
7.096e-05 5.44 0.16
7.1e-05 5.28 0.14
7.104e-05 5.28 0.16
7.108e-05 5.12 0.16
7.112e-05 5.12 0.18
7.116e-05 5.12 0.18
7.12e-05 5.12 0.16
7.124e-05 4.96 0.18
7.128e-05 4.88 0.18
7.132e-05 4.8 0.18
7.136e-05 4.8 0.16
7.14e-05 4.64 0.18
7.144e-05 4.56 0.18
7.148e-05 4.56 0.18
7.152e-05 4.48 0.2
7.156e-05 4.4 0.2
7.16e-05 4.32 0.2
7.164e-05 4.16 0.2
7.168e-05 4.16 0.2
7.172e-05 4 0.2
7.176e-05 4 0.18
7.18e-05 3.92 0.2
7.184e-05 3.84 0.2
7.188e-05 3.68 0.22
7.192e-05 3.6 0.2
7.196e-05 3.52 0.22
7.2e-05 3.52 0.2
7.204e-05 3.36 0.2
7.208e-05 3.28 0.2
7.212e-05 3.2 0.22
7.216e-05 3.04 0.22
7.22e-05 2.96 0.22
7.224e-05 2.88 0.22
7.228e-05 2.8 0.22
7.232e-05 2.64 0.22
7.236e-05 2.56 0.24
7.24e-05 2.4 0.22
7.244e-05 2.4 0.22
7.248e-05 2.24 0.22
7.252e-05 2.24 0.22
7.256e-05 2.08 0.22
7.26e-05 1.92 0.2
7.264e-05 1.76 0.2
7.268e-05 1.68 0.2
7.272e-05 1.6 0.22
7.276e-05 1.52 0.22
7.28e-05 1.36 0.2
7.284e-05 1.28 0.22
7.288e-05 1.2 0.22
7.292e-05 1.04 0.22
7.296e-05 0.96 0.2
7.3e-05 0.8 0.18
7.304e-05 0.72 0.22
7.308e-05 0.64 0.2
7.312e-05 0.48 0.2
7.316e-05 0.32 0.18
7.32e-05 0.32 0.2
7.324e-05 0.16 0.22
7.328e-05 0 0.18
7.332e-05 0 0.18
7.336e-05 -0.24 0.18
7.34e-05 -0.4 0.18
7.344e-05 -0.56 0.2
7.348e-05 -0.56 0.18
7.352e-05 -0.72 0.18
7.356e-05 -0.8 0.18
7.36e-05 -0.96 0.18
7.364e-05 -1.04 0.18
7.368e-05 -1.2 0.18
7.372e-05 -1.28 0.18
7.376e-05 -1.36 0.18
7.38e-05 -1.52 0.18
7.384e-05 -1.68 0.16
7.388e-05 -1.68 0.16
7.392e-05 -1.84 0.16
7.396e-05 -2 0.16
7.4e-05 -2 0.14
7.404e-05 -2.16 0.14
7.408e-05 -2.24 0.16
7.412e-05 -2.32 0.16
7.416e-05 -2.48 0.16
7.42e-05 -2.56 0.12
7.424e-05 -2.64 0.12
7.428e-05 -2.8 0.14
7.432e-05 -2.88 0.12
7.436e-05 -2.96 0.12
7.44e-05 -3.12 0.12
7.444e-05 -3.2 0.1
7.448e-05 -3.28 0.12
7.452e-05 -3.44 0.1
7.456e-05 -3.6 0.1
7.46e-05 -3.6 0.08
7.464e-05 -3.6 0.1
7.468e-05 -3.76 0.1
7.472e-05 -3.84 0.08
7.476e-05 -3.92 0.08
7.48e-05 -3.92 0.08
7.484e-05 -4.08 0.08
7.488e-05 -4.24 0.04
7.492e-05 -4.24 0.06
7.496e-05 -4.32 0.08
7.5e-05 -4.48 0.06
7.504e-05 -4.48 0.06
7.508e-05 -4.56 0.04
7.512e-05 -4.56 0.04
7.516e-05 -4.8 0.04
7.52e-05 -4.8 0.02
7.524e-05 -4.88 0.02
7.528e-05 -4.96 0.02
7.532e-05 -5.04 0.02
7.536e-05 -5.12 0.02
7.54e-05 -5.12 0
7.544e-05 -5.2 0
7.548e-05 -5.2 0.02
7.552e-05 -5.36 0
7.556e-05 -5.36 -0.04
7.56e-05 -5.44 -0.04
7.564e-05 -5.44 0
7.568e-05 -5.52 0
7.572e-05 -5.52 -0.04
7.576e-05 -5.52 -0.04
7.58e-05 -5.68 -0.06
7.584e-05 -5.68 -0.06
7.588e-05 -5.68 -0.06
7.592e-05 -5.76 -0.06
7.596e-05 -5.76 -0.08
7.6e-05 -5.84 -0.08
7.604e-05 -5.84 -0.1
7.608e-05 -5.92 -0.08
7.612e-05 -5.92 -0.1
7.616e-05 -6 -0.08
7.62e-05 -5.92 -0.1
7.624e-05 -6 -0.1
7.628e-05 -6.08 -0.1
7.632e-05 -6.08 -0.12
7.636e-05 -6.08 -0.1
7.64e-05 -6.08 -0.12
7.644e-05 -6.08 -0.12
7.648e-05 -6.08 -0.14
7.652e-05 -6.08 -0.12
7.656e-05 -6.16 -0.14
7.66e-05 -6.08 -0.16
7.664e-05 -6.08 -0.16
7.668e-05 -6.08 -0.16
7.672e-05 -6.16 -0.16
7.676e-05 -6.08 -0.16
7.68e-05 -6.08 -0.16
7.684e-05 -6.08 -0.18
7.688e-05 -6.08 -0.18
7.692e-05 -6.08 -0.18
7.696e-05 -6 -0.18
7.7e-05 -6 -0.2
7.704e-05 -6 -0.18
7.708e-05 -6 -0.22
7.712e-05 -5.84 -0.2
7.716e-05 -5.92 -0.2
7.72e-05 -5.92 -0.22
7.724e-05 -5.84 -0.22
7.728e-05 -5.84 -0.22
7.732e-05 -5.76 -0.22
7.736e-05 -5.68 -0.24
7.74e-05 -5.68 -0.24
7.744e-05 -5.68 -0.24
7.748e-05 -5.6 -0.22
7.752e-05 -5.52 -0.22
7.756e-05 -5.52 -0.24
7.76e-05 -5.52 -0.24
7.764e-05 -5.52 -0.26
7.768e-05 -5.36 -0.26
7.772e-05 -5.36 -0.26
7.776e-05 -5.2 -0.26
7.78e-05 -5.2 -0.26
7.784e-05 -5.2 -0.26
7.788e-05 -5.04 -0.26
7.792e-05 -5.04 -0.28
7.796e-05 -4.96 -0.26
7.8e-05 -4.88 -0.26
7.804e-05 -4.8 -0.26
7.808e-05 -4.8 -0.28
7.812e-05 -4.72 -0.28
7.816e-05 -4.56 -0.28
7.82e-05 -4.56 -0.28
7.824e-05 -4.48 -0.3
7.828e-05 -4.4 -0.28
7.832e-05 -4.24 -0.3
7.836e-05 -4.24 -0.3
7.84e-05 -4.08 -0.3
7.844e-05 -4.08 -0.3
7.848e-05 -3.92 -0.28
7.852e-05 -3.92 -0.3
7.856e-05 -3.76 -0.3
7.86e-05 -3.68 -0.3
7.864e-05 -3.6 -0.3
7.868e-05 -3.52 -0.3
7.872e-05 -3.44 -0.3
7.876e-05 -3.28 -0.3
7.88e-05 -3.2 -0.32
7.884e-05 -3.12 -0.32
7.888e-05 -2.96 -0.3
7.892e-05 -2.96 -0.3
7.896e-05 -2.8 -0.32
7.9e-05 -2.64 -0.3
7.904e-05 -2.64 -0.32
7.908e-05 -2.56 -0.3
7.912e-05 -2.32 -0.3
7.916e-05 -2.32 -0.3
7.92e-05 -2.24 -0.32
7.924e-05 -2.16 -0.3
7.928e-05 -2 -0.3
7.932e-05 -1.92 -0.32
7.936e-05 -1.76 -0.32
7.94e-05 -1.68 -0.3
7.944e-05 -1.6 -0.3
7.948e-05 -1.44 -0.3
7.952e-05 -1.36 -0.32
7.956e-05 -1.28 -0.3
7.96e-05 -1.04 -0.3
7.964e-05 -1.04 -0.3
7.968e-05 -0.96 -0.3
7.972e-05 -0.8 -0.3
7.976e-05 -0.64 -0.3
7.98e-05 -0.56 -0.28
7.984e-05 -0.4 -0.3
7.988e-05 -0.4 -0.3
7.992e-05 -0.24 -0.3
7.996e-05 0 -0.26
8e-05 0.08 -0.28
8.004e-05 0.24 -0.28
8.008e-05 0.32 -0.28
8.012e-05 0.48 -0.28
8.016e-05 0.56 -0.26
8.02e-05 0.64 -0.28
8.024e-05 0.8 -0.26
8.028e-05 0.96 -0.26
8.032e-05 1.04 -0.26
8.036e-05 1.12 -0.26
8.04e-05 1.28 -0.26
8.044e-05 1.36 -0.24
8.048e-05 1.44 -0.24
8.052e-05 1.6 -0.24
8.056e-05 1.68 -0.26
8.06e-05 1.76 -0.26
8.064e-05 1.92 -0.24
8.068e-05 2 -0.24
8.072e-05 2.08 -0.24
8.076e-05 2.24 -0.24
8.08e-05 2.32 -0.24
8.084e-05 2.4 -0.22
8.088e-05 2.56 -0.22
8.092e-05 2.64 -0.22
8.096e-05 2.72 -0.22
8.1e-05 2.88 -0.2
8.104e-05 2.96 -0.2
8.108e-05 3.04 -0.22
8.112e-05 3.2 -0.22
8.116e-05 3.2 -0.2
8.12e-05 3.28 -0.2
8.124e-05 3.44 -0.2
8.128e-05 3.52 -0.2
8.132e-05 3.6 -0.18
8.136e-05 3.68 -0.18
8.14e-05 3.84 -0.16
8.144e-05 3.84 -0.18
8.148e-05 3.92 -0.16
8.152e-05 4.08 -0.16
8.156e-05 4.16 -0.14
8.16e-05 4.16 -0.16
8.164e-05 4.32 -0.16
8.168e-05 4.32 -0.14
8.172e-05 4.48 -0.14
8.176e-05 4.48 -0.14
8.18e-05 4.56 -0.14
8.184e-05 4.64 -0.12
8.188e-05 4.8 -0.12
8.192e-05 4.8 -0.1
8.196e-05 4.88 -0.1
8.2e-05 4.96 -0.1
8.204e-05 4.96 -0.1
8.208e-05 5.12 -0.1
8.212e-05 5.12 -0.1
8.216e-05 5.2 -0.08
8.22e-05 5.2 -0.08
8.224e-05 5.28 -0.08
8.228e-05 5.36 -0.08
8.232e-05 5.44 -0.06
8.236e-05 5.44 -0.06
8.24e-05 5.44 -0.06
8.244e-05 5.52 -0.04
8.248e-05 5.52 -0.06
8.252e-05 5.6 -0.06
8.256e-05 5.68 -0.04
8.26e-05 5.76 0
8.264e-05 5.76 0
8.268e-05 5.76 -0.04
8.272e-05 5.76 0
8.276e-05 5.84 0
8.28e-05 5.84 0
8.284e-05 5.84 0
8.288e-05 5.92 0.02
8.292e-05 5.92 0.02
8.296e-05 5.92 0.02
8.3e-05 5.92 0.04
8.304e-05 5.92 0.02
8.308e-05 6.08 0.04
8.312e-05 6 0.04
8.316e-05 6 0.04
8.32e-05 6 0.04
8.324e-05 6 0.04
8.328e-05 6.08 0.08
8.332e-05 6.08 0.08
8.336e-05 6 0.08
8.34e-05 6 0.06
8.344e-05 6 0.08
8.348e-05 6 0.08
8.352e-05 6 0.08
8.356e-05 6 0.1
8.36e-05 6 0.1
8.364e-05 5.92 0.08
8.368e-05 5.92 0.1
8.372e-05 5.92 0.1
8.376e-05 5.84 0.12
8.38e-05 5.84 0.1
8.384e-05 5.84 0.12
8.388e-05 5.76 0.12
8.392e-05 5.76 0.1
8.396e-05 5.76 0.12
8.4e-05 5.68 0.12
8.404e-05 5.6 0.14
8.408e-05 5.6 0.12
8.412e-05 5.52 0.14
8.416e-05 5.44 0.14
8.42e-05 5.44 0.16
8.424e-05 5.44 0.16
8.428e-05 5.44 0.14
8.432e-05 5.36 0.16
8.436e-05 5.28 0.16
8.44e-05 5.2 0.16
8.444e-05 5.12 0.16
8.448e-05 5.12 0.16
8.452e-05 5.12 0.18
8.456e-05 4.96 0.16
8.46e-05 4.96 0.18
8.464e-05 4.8 0.18
8.468e-05 4.8 0.18
8.472e-05 4.64 0.18
8.476e-05 4.64 0.18
8.48e-05 4.56 0.18
8.484e-05 4.56 0.2
8.488e-05 4.4 0.2
8.492e-05 4.32 0.2
8.496e-05 4.24 0.18
8.5e-05 4.16 0.18
8.504e-05 4 0.2
8.508e-05 4 0.2
8.512e-05 3.92 0.2
8.516e-05 3.84 0.2
8.52e-05 3.76 0.2
8.524e-05 3.68 0.2
8.528e-05 3.52 0.22
8.532e-05 3.52 0.2
8.536e-05 3.36 0.2
8.54e-05 3.28 0.22
8.544e-05 3.2 0.22
8.548e-05 3.12 0.22
8.552e-05 2.96 0.22
8.556e-05 2.96 0.22
8.56e-05 2.88 0.22
8.564e-05 2.64 0.22
8.568e-05 2.56 0.22
8.572e-05 2.56 0.2
8.576e-05 2.4 0.22
8.58e-05 2.32 0.2
8.584e-05 2.24 0.22
8.588e-05 2.08 0.2
8.592e-05 2 0.2
8.596e-05 1.84 0.22
8.6e-05 1.76 0.22
8.604e-05 1.6 0.2
8.608e-05 1.6 0.22
8.612e-05 1.44 0.22
8.616e-05 1.36 0.2
8.62e-05 1.2 0.2
8.624e-05 1.04 0.2
8.628e-05 0.96 0.2
8.632e-05 0.88 0.2
8.636e-05 0.8 0.2
8.64e-05 0.72 0.2
8.644e-05 0.48 0.2
8.648e-05 0.4 0.18
8.652e-05 0.32 0.2
8.656e-05 0.16 0.2
8.66e-05 0.16 0.2
8.664e-05 0 0.2
8.668e-05 -0.24 0.2
8.672e-05 -0.4 0.18
8.676e-05 -0.4 0.2
8.68e-05 -0.56 0.18
8.684e-05 -0.64 0.2
8.688e-05 -0.8 0.2
8.692e-05 -0.88 0.16
8.696e-05 -1.04 0.16
8.7e-05 -1.12 0.18
8.704e-05 -1.28 0.18
8.708e-05 -1.36 0.18
8.712e-05 -1.52 0.16
8.716e-05 -1.6 0.16
8.72e-05 -1.68 0.18
8.724e-05 -1.68 0.16
8.728e-05 -1.84 0.16
8.732e-05 -2 0.14
8.736e-05 -2.16 0.16
8.74e-05 -2.24 0.16
8.744e-05 -2.32 0.12
8.748e-05 -2.48 0.12
8.752e-05 -2.56 0.14
8.756e-05 -2.64 0.12
8.76e-05 -2.8 0.12
8.764e-05 -2.88 0.12
8.768e-05 -2.96 0.14
8.772e-05 -2.96 0.14
8.776e-05 -3.2 0.12
8.78e-05 -3.2 0.1
8.784e-05 -3.28 0.1
8.788e-05 -3.44 0.08
8.792e-05 -3.6 0.1
8.796e-05 -3.6 0.1
8.8e-05 -3.76 0.08
8.804e-05 -3.76 0.08
8.808e-05 -3.84 0.08
8.812e-05 -3.92 0.08
8.816e-05 -4 0.06
8.82e-05 -4.16 0.08
8.824e-05 -4.24 0.06
8.828e-05 -4.24 0.08
8.832e-05 -4.4 0.04
8.836e-05 -4.4 0.04
8.84e-05 -4.56 0.04
8.844e-05 -4.64 0.04
8.848e-05 -4.72 0.04
8.852e-05 -4.72 0.02
8.856e-05 -4.88 0.02
8.86e-05 -4.88 0.02
8.864e-05 -5.04 0
8.868e-05 -5.04 0.02
8.872e-05 -5.12 0
8.876e-05 -5.12 0
8.88e-05 -5.2 0
8.884e-05 -5.2 0
8.888e-05 -5.36 0
8.892e-05 -5.36 0
8.896e-05 -5.44 0
8.9e-05 -5.52 -0.04
8.904e-05 -5.52 -0.06
8.908e-05 -5.52 -0.06
8.912e-05 -5.68 -0.08
8.916e-05 -5.68 -0.06
8.92e-05 -5.68 -0.08
8.924e-05 -5.76 -0.08
8.928e-05 -5.76 -0.08
8.932e-05 -5.84 -0.08
8.936e-05 -5.84 -0.08
8.94e-05 -5.84 -0.1
8.944e-05 -5.84 -0.1
8.948e-05 -6 -0.1
8.952e-05 -6 -0.1
8.956e-05 -6 -0.12
8.96e-05 -6 -0.12
8.964e-05 -6.08 -0.1
8.968e-05 -6 -0.1
8.972e-05 -6.08 -0.12
8.976e-05 -6.16 -0.14
8.98e-05 -6.16 -0.14
8.984e-05 -6.08 -0.12
8.988e-05 -6.08 -0.14
8.992e-05 -6.08 -0.16
8.996e-05 -6.08 -0.16
9e-05 -6.16 -0.14
9.004e-05 -6.08 -0.16
9.008e-05 -6.08 -0.16
9.012e-05 -6.08 -0.16
9.016e-05 -6.16 -0.18
9.02e-05 -6.08 -0.16
9.024e-05 -6.08 -0.18
9.028e-05 -6.08 -0.18
9.032e-05 -6 -0.2
9.036e-05 -6 -0.18
9.04e-05 -6 -0.2
9.044e-05 -5.92 -0.22
9.048e-05 -6 -0.22
9.052e-05 -5.84 -0.22
9.056e-05 -5.84 -0.22
9.06e-05 -5.84 -0.22
9.064e-05 -5.84 -0.24
9.068e-05 -5.76 -0.22
9.072e-05 -5.68 -0.22
9.076e-05 -5.68 -0.22
9.08e-05 -5.6 -0.24
9.084e-05 -5.52 -0.26
9.088e-05 -5.52 -0.24
9.092e-05 -5.52 -0.24
9.096e-05 -5.44 -0.24
9.1e-05 -5.44 -0.26
9.104e-05 -5.36 -0.26
9.108e-05 -5.28 -0.26
9.112e-05 -5.2 -0.26
9.116e-05 -5.12 -0.26
9.12e-05 -5.12 -0.26
9.124e-05 -5.04 -0.26
9.128e-05 -4.96 -0.26
9.132e-05 -4.88 -0.26
9.136e-05 -4.88 -0.28
9.14e-05 -4.8 -0.28
9.144e-05 -4.72 -0.26
9.148e-05 -4.64 -0.28
9.152e-05 -4.56 -0.26
9.156e-05 -4.48 -0.3
9.16e-05 -4.4 -0.28
9.164e-05 -4.32 -0.3
9.168e-05 -4.16 -0.3
9.172e-05 -4.08 -0.3
9.176e-05 -4.08 -0.3
9.18e-05 -3.92 -0.26
9.184e-05 -3.92 -0.3
9.188e-05 -3.84 -0.3
9.192e-05 -3.76 -0.3
9.196e-05 -3.6 -0.3
9.2e-05 -3.52 -0.3
9.204e-05 -3.44 -0.3
9.208e-05 -3.36 -0.3
9.212e-05 -3.28 -0.3
9.216e-05 -3.2 -0.32
9.22e-05 -3.12 -0.3
9.224e-05 -2.96 -0.32
9.228e-05 -2.88 -0.32
9.232e-05 -2.8 -0.3
9.236e-05 -2.64 -0.3
9.24e-05 -2.56 -0.3
9.244e-05 -2.48 -0.3
9.248e-05 -2.32 -0.3
9.252e-05 -2.24 -0.3
9.256e-05 -2.16 -0.3
9.26e-05 -2 -0.32
9.264e-05 -1.92 -0.32
9.268e-05 -1.84 -0.3
9.272e-05 -1.68 -0.32
9.276e-05 -1.6 -0.32
9.28e-05 -1.52 -0.3
9.284e-05 -1.36 -0.3
9.288e-05 -1.28 -0.3
9.292e-05 -1.2 -0.3
9.296e-05 -1.04 -0.3
9.3e-05 -0.96 -0.32
9.304e-05 -0.72 -0.3
9.308e-05 -0.64 -0.3
9.312e-05 -0.56 -0.3
9.316e-05 -0.4 -0.3
9.32e-05 -0.32 -0.28
9.324e-05 -0.24 -0.28
9.328e-05 0 -0.3
9.332e-05 0.08 -0.3
9.336e-05 0.16 -0.28
9.34e-05 0.32 -0.28
9.344e-05 0.4 -0.26
9.348e-05 0.56 -0.28
9.352e-05 0.64 -0.28
9.356e-05 0.72 -0.26
9.36e-05 0.96 -0.26
9.364e-05 0.96 -0.26
9.368e-05 1.12 -0.26
9.372e-05 1.2 -0.26
9.376e-05 1.28 -0.26
9.38e-05 1.36 -0.26
9.384e-05 1.52 -0.26
9.388e-05 1.6 -0.26
9.392e-05 1.68 -0.26
9.396e-05 1.92 -0.24
9.4e-05 1.92 -0.24
9.404e-05 2.08 -0.24
9.408e-05 2.24 -0.22
9.412e-05 2.32 -0.22
9.416e-05 2.4 -0.24
9.42e-05 2.56 -0.22
9.424e-05 2.56 -0.24
9.428e-05 2.64 -0.22
9.432e-05 2.88 -0.2
9.436e-05 2.96 -0.22
9.44e-05 2.96 -0.22
9.444e-05 3.12 -0.22
9.448e-05 3.2 -0.18
9.452e-05 3.28 -0.22
9.456e-05 3.36 -0.18
9.46e-05 3.52 -0.18
9.464e-05 3.6 -0.16
9.468e-05 3.68 -0.18
9.472e-05 3.68 -0.18
9.476e-05 3.84 -0.16
9.48e-05 3.84 -0.16
9.484e-05 4 -0.16
9.488e-05 4.16 -0.16
9.492e-05 4.16 -0.16
9.496e-05 4.24 -0.16
9.5e-05 4.32 -0.14
9.504e-05 4.48 -0.14
9.508e-05 4.48 -0.16
9.512e-05 4.64 -0.14
9.516e-05 4.64 -0.14
9.52e-05 4.8 -0.12
9.524e-05 4.8 -0.14
9.528e-05 4.88 -0.12
9.532e-05 4.96 -0.1
9.536e-05 4.96 -0.1
9.54e-05 5.12 -0.1
9.544e-05 5.12 -0.1
9.548e-05 5.2 -0.1
9.552e-05 5.28 -0.08
9.556e-05 5.28 -0.1
9.56e-05 5.28 -0.08
9.564e-05 5.44 -0.08
9.568e-05 5.44 -0.08
9.572e-05 5.44 -0.06
9.576e-05 5.52 -0.06
9.58e-05 5.52 -0.06
9.584e-05 5.6 -0.06
9.588e-05 5.68 -0.04
9.592e-05 5.68 -0.04
9.596e-05 5.76 -0.04
9.6e-05 5.84 0
9.604e-05 5.84 0
9.608e-05 5.84 0
9.612e-05 5.84 0
9.616e-05 5.84 0
9.62e-05 5.92 0
9.624e-05 5.92 0.02
9.628e-05 5.92 0.02
9.632e-05 6 0.02
9.636e-05 6.08 0.02
9.64e-05 6 0.04
9.644e-05 5.92 0.04
9.648e-05 6 0.04
9.652e-05 6 0.04
9.656e-05 6.08 0.06
9.66e-05 6 0.06
9.664e-05 6.08 0.06
9.668e-05 6.08 0.06
9.672e-05 6 0.08
9.676e-05 6 0.08
9.68e-05 6 0.08
9.684e-05 6 0.08
9.688e-05 5.92 0.08
9.692e-05 5.92 0.1
9.696e-05 5.92 0.1
9.7e-05 5.92 0.08
9.704e-05 5.84 0.1
9.708e-05 5.84 0.1
9.712e-05 5.84 0.1
9.716e-05 5.84 0.1
9.72e-05 5.76 0.1
9.724e-05 5.76 0.12
9.728e-05 5.76 0.12
9.732e-05 5.76 0.14
9.736e-05 5.6 0.12
9.74e-05 5.6 0.12
9.744e-05 5.6 0.14
9.748e-05 5.52 0.16
9.752e-05 5.52 0.16
9.756e-05 5.44 0.16
9.76e-05 5.44 0.16
9.764e-05 5.36 0.16
9.768e-05 5.28 0.16
9.772e-05 5.2 0.16
9.776e-05 5.12 0.16
9.78e-05 5.12 0.18
9.784e-05 5.12 0.18
9.788e-05 4.96 0.18
9.792e-05 4.88 0.16
9.796e-05 4.88 0.18
9.8e-05 4.8 0.2
9.804e-05 4.8 0.2
9.808e-05 4.64 0.18
9.812e-05 4.56 0.18
9.816e-05 4.48 0.2
9.82e-05 4.48 0.2
9.824e-05 4.32 0.18
9.828e-05 4.24 0.2
9.832e-05 4.24 0.2
9.836e-05 4.16 0.2
9.84e-05 4.08 0.2
9.844e-05 3.92 0.2
9.848e-05 3.84 0.22
9.852e-05 3.84 0.2
9.856e-05 3.68 0.2
9.86e-05 3.6 0.18
9.864e-05 3.52 0.2
9.868e-05 3.44 0.2
9.872e-05 3.36 0.22
9.876e-05 3.2 0.2
9.88e-05 3.12 0.2
9.884e-05 3.04 0.22
9.888e-05 2.88 0.22
9.892e-05 2.88 0.22
9.896e-05 2.72 0.22
9.9e-05 2.64 0.2
9.904e-05 2.56 0.22
9.908e-05 2.4 0.2
9.912e-05 2.32 0.22
9.916e-05 2.24 0.2
9.92e-05 2.08 0.2
9.924e-05 2 0.22
9.928e-05 1.92 0.22
9.932e-05 1.76 0.22
9.936e-05 1.68 0.2
9.94e-05 1.6 0.22
9.944e-05 1.44 0.2
9.948e-05 1.36 0.22
9.952e-05 1.28 0.22
9.956e-05 1.12 0.2
9.96e-05 1.04 0.2
9.964e-05 0.96 0.2
9.968e-05 0.8 0.2
9.972e-05 0.64 0.2
9.976e-05 0.64 0.2
9.98e-05 0.48 0.2
9.984e-05 0.32 0.18
9.988e-05 0.32 0.2
9.992e-05 0.08 0.2
9.996e-05 0 0.2
0.0001 -0.24 0.2
0.00010004 -0.32 0.18
0.00010008 -0.4 0.18
0.00010012 -0.56 0.18
0.00010016 -0.64 0.2
0.0001002 -0.8 0.16
0.00010024 -0.88 0.18
0.00010028 -0.96 0.16
0.00010032 -1.04 0.16
0.00010036 -1.2 0.18
0.0001004 -1.36 0.16
0.00010044 -1.44 0.16
0.00010048 -1.52 0.18
0.00010052 -1.68 0.16
0.00010056 -1.68 0.16
0.0001006 -1.84 0.16
0.00010064 -1.92 0.16
0.00010068 -2 0.14
0.00010072 -2.16 0.14
0.00010076 -2.24 0.14
0.0001008 -2.32 0.14
0.00010084 -2.56 0.14
0.00010088 -2.64 0.12
0.00010092 -2.72 0.12
0.00010096 -2.8 0.12
0.000101 -2.88 0.12
0.00010104 -2.96 0.14
0.00010108 -3.12 0.12
0.00010112 -3.28 0.1
0.00010116 -3.28 0.1
0.0001012 -3.44 0.1
0.00010124 -3.52 0.1
0.00010128 -3.6 0.08
0.00010132 -3.76 0.08
0.00010136 -3.76 0.08
0.0001014 -3.92 0.08
0.00010144 -3.92 0.06
0.00010148 -4 0.08
0.00010152 -4.08 0.06
0.00010156 -4.16 0.06
0.0001016 -4.24 0.06
0.00010164 -4.4 0.06
0.00010168 -4.48 0.04
0.00010172 -4.56 0.06
0.00010176 -4.56 0.04
0.0001018 -4.72 0.02
0.00010184 -4.72 0.04
0.00010188 -4.8 0.04
0.00010192 -4.88 0.02
0.00010196 -4.96 0.02
0.000102 -4.96 0.02
0.00010204 -5.12 0.02
0.00010208 -5.12 0.02
0.00010212 -5.2 0
0.00010216 -5.2 0
0.0001022 -5.28 -0.04
0.00010224 -5.36 0
0.00010228 -5.44 -0.04
0.00010232 -5.44 -0.04
0.00010236 -5.52 -0.04
0.0001024 -5.6 -0.06
0.00010244 -5.68 -0.04
0.00010248 -5.68 -0.06
0.00010252 -5.68 -0.08
0.00010256 -5.76 -0.06
0.0001026 -5.76 -0.06
0.00010264 -5.76 -0.08
0.00010268 -5.84 -0.08
0.00010272 -5.84 -0.08
0.00010276 -5.84 -0.08
0.0001028 -5.92 -0.08
0.00010284 -5.92 -0.1
0.00010288 -6 -0.1
0.00010292 -6 -0.1
0.00010296 -6.08 -0.12
0.000103 -6.08 -0.12
0.00010304 -6 -0.12
0.00010308 -6.08 -0.14
0.00010312 -6.08 -0.14
0.00010316 -6.08 -0.14
0.0001032 -6.08 -0.14
0.00010324 -6.08 -0.14
0.00010328 -6.08 -0.14
0.00010332 -6.08 -0.14
0.00010336 -6.08 -0.16
0.0001034 -6.08 -0.16
0.00010344 -6.08 -0.18
0.00010348 -6.08 -0.16
0.00010352 -6.08 -0.18
0.00010356 -6 -0.18
0.0001036 -6.08 -0.2
0.00010364 -6.08 -0.2
0.00010368 -6.08 -0.18
0.00010372 -6 -0.22
0.00010376 -6 -0.2
0.0001038 -6 -0.2
0.00010384 -5.92 -0.22
0.00010388 -5.84 -0.22
0.00010392 -5.84 -0.2
0.00010396 -5.84 -0.22
0.000104 -5.76 -0.22
0.00010404 -5.68 -0.22
0.00010408 -5.68 -0.24
0.00010412 -5.68 -0.24
0.00010416 -5.6 -0.24
0.0001042 -5.52 -0.24
0.00010424 -5.52 -0.24
0.00010428 -5.44 -0.26
0.00010432 -5.36 -0.24
0.00010436 -5.36 -0.24
0.0001044 -5.28 -0.24
0.00010444 -5.2 -0.26
0.00010448 -5.2 -0.26
0.00010452 -5.12 -0.26
0.00010456 -5.04 -0.24
0.0001046 -5.04 -0.28
0.00010464 -4.88 -0.26
0.00010468 -4.88 -0.28
0.00010472 -4.8 -0.28
0.00010476 -4.72 -0.26
0.0001048 -4.72 -0.28
0.00010484 -4.56 -0.28
0.00010488 -4.48 -0.3
0.00010492 -4.4 -0.28
0.00010496 -4.32 -0.3
0.000105 -4.24 -0.3
0.00010504 -4.16 -0.3
0.00010508 -4.08 -0.28
0.00010512 -4 -0.3
0.00010516 -3.92 -0.3
0.0001052 -3.84 -0.3
0.00010524 -3.76 -0.3
0.00010528 -3.6 -0.3
0.00010532 -3.6 -0.3
0.00010536 -3.52 -0.3
0.0001054 -3.44 -0.3
0.00010544 -3.2 -0.3
0.00010548 -3.2 -0.3
0.00010552 -3.12 -0.32
0.00010556 -2.96 -0.3
0.0001056 -2.88 -0.3
0.00010564 -2.8 -0.3
0.00010568 -2.64 -0.3
0.00010572 -2.56 -0.32
0.00010576 -2.48 -0.3
0.0001058 -2.32 -0.32
0.00010584 -2.32 -0.32
0.00010588 -2.16 -0.3
0.00010592 -2 -0.32
0.00010596 -1.92 -0.3
0.000106 -1.84 -0.32
0.00010604 -1.68 -0.3
0.00010608 -1.6 -0.3
0.00010612 -1.52 -0.3
0.00010616 -1.36 -0.3
0.0001062 -1.36 -0.32
0.00010624 -1.2 -0.3
0.00010628 -1.04 -0.3
0.00010632 -0.96 -0.3
0.00010636 -0.88 -0.3
0.0001064 -0.72 -0.3
0.00010644 -0.64 -0.3
0.00010648 -0.48 -0.3
0.00010652 -0.4 -0.3
0.00010656 -0.32 -0.3
0.0001066 0 -0.28
0.00010664 0.08 -0.28
0.00010668 0.16 -0.28
0.00010672 0.32 -0.3
0.00010676 0.32 -0.28
0.0001068 0.48 -0.26
0.00010684 0.64 -0.26
0.00010688 0.72 -0.28
0.00010692 0.8 -0.28
0.00010696 0.96 -0.28
0.000107 1.04 -0.26
0.00010704 1.12 -0.26
0.00010708 1.28 -0.26
0.00010712 1.36 -0.26
0.00010716 1.44 -0.26
0.0001072 1.6 -0.24
0.00010724 1.68 -0.26
0.00010728 1.76 -0.26
0.00010732 1.92 -0.24
0.00010736 2 -0.24
0.0001074 2.24 -0.24
0.00010744 2.24 -0.24
0.00010748 2.32 -0.24
0.00010752 2.4 -0.24
0.00010756 2.56 -0.22
0.0001076 2.64 -0.22
0.00010764 2.8 -0.22
0.00010768 2.88 -0.22
0.00010772 2.96 -0.22
0.00010776 3.04 -0.2
0.0001078 3.2 -0.2
0.00010784 3.28 -0.2
0.00010788 3.28 -0.2
0.00010792 3.52 -0.18
0.00010796 3.52 -0.18
0.000108 3.6 -0.18
0.00010804 3.76 -0.18
0.00010808 3.84 -0.16
0.00010812 3.92 -0.16
0.00010816 4 -0.18
0.0001082 4.08 -0.16
0.00010824 4.16 -0.14
0.00010828 4.16 -0.16
0.00010832 4.32 -0.14
0.00010836 4.32 -0.14
0.0001084 4.48 -0.14
0.00010844 4.56 -0.14
0.00010848 4.64 -0.14
0.00010852 4.72 -0.12
0.00010856 4.8 -0.12
0.0001086 4.88 -0.12
0.00010864 4.96 -0.1
0.00010868 4.96 -0.1
0.00010872 5.12 -0.1
0.00010876 5.12 -0.08
0.0001088 5.12 -0.1
0.00010884 5.2 -0.1
0.00010888 5.28 -0.08
0.00010892 5.44 -0.06
0.00010896 5.44 -0.08
0.000109 5.44 -0.06
0.00010904 5.44 -0.08
0.00010908 5.52 -0.06
0.00010912 5.6 -0.06
0.00010916 5.6 -0.04
0.0001092 5.6 -0.04
0.00010924 5.6 -0.06
0.00010928 5.68 0
0.00010932 5.76 0
0.00010936 5.84 0
0.0001094 5.76 -0.04
0.00010944 5.76 0
0.00010948 5.84 0.02
0.00010952 5.84 0
0.00010956 5.92 0.02
0.0001096 5.92 0.04
0.00010964 5.92 0.02
0.00010968 5.92 0.02
0.00010972 6 0.02
0.00010976 5.92 0.04
0.0001098 6 0.04
0.00010984 6.08 0.04
0.00010988 6.08 0.06
0.00010992 6 0.06
0.00010996 6 0.06
0.00011 6.08 0.06
0.00011004 6.08 0.08
0.00011008 6 0.06
0.00011012 6.08 0.08
0.00011016 6.08 0.08
0.0001102 6 0.08
0.00011024 6 0.1
0.00011028 5.92 0.1
0.00011032 5.92 0.1
0.00011036 5.92 0.1
0.0001104 5.84 0.1
0.00011044 5.84 0.1
0.00011048 5.84 0.1
0.00011052 5.76 0.12
0.00011056 5.84 0.12
0.0001106 5.76 0.12
0.00011064 5.68 0.12
0.00011068 5.6 0.12
0.00011072 5.6 0.14
0.00011076 5.6 0.14
0.0001108 5.6 0.14
0.00011084 5.52 0.16
0.00011088 5.44 0.16
0.00011092 5.44 0.16
0.00011096 5.28 0.16
0.000111 5.36 0.16
0.00011104 5.2 0.14
0.00011108 5.2 0.16
0.00011112 5.12 0.16
0.00011116 5.12 0.18
0.0001112 5.12 0.18
0.00011124 4.96 0.18
0.00011128 4.88 0.18
0.00011132 4.8 0.18
0.00011136 4.8 0.18
0.0001114 4.72 0.18
0.00011144 4.64 0.2
0.00011148 4.56 0.18
0.00011152 4.48 0.18
0.00011156 4.4 0.2
0.0001116 4.32 0.2
0.00011164 4.16 0.2
0.00011168 4.16 0.18
0.00011172 4.08 0.2
0.00011176 4 0.2
0.0001118 3.84 0.2
0.00011184 3.84 0.22
0.00011188 3.76 0.2
0.00011192 3.6 0.2
0.00011196 3.52 0.22
0.000112 3.52 0.2
0.00011204 3.36 0.2
0.00011208 3.28 0.2
0.00011212 3.2 0.2
0.00011216 3.04 0.22
0.0001122 2.96 0.24
0.00011224 2.88 0.2
0.00011228 2.88 0.2
0.00011232 2.72 0.22
0.00011236 2.56 0.2
0.0001124 2.48 0.22
0.00011244 2.32 0.2
0.00011248 2.24 0.22
0.00011252 2.08 0.2
0.00011256 2.08 0.22
0.0001126 1.92 0.22
0.00011264 1.84 0.2
0.00011268 1.68 0.24
0.00011272 1.6 0.2
0.00011276 1.52 0.2
0.0001128 1.44 0.22
0.00011284 1.28 0.2
0.00011288 1.2 0.22
0.00011292 1.04 0.2
0.00011296 0.96 0.2
0.000113 0.8 0.2
0.00011304 0.72 0.22
0.00011308 0.64 0.22
0.00011312 0.48 0.2
0.00011316 0.4 0.2
0.0001132 0.32 0.2
0.00011324 0.16 0.2
0.00011328 0 0.2
0.00011332 -0.16 0.2
0.00011336 -0.24 0.2
0.0001134 -0.32 0.18
0.00011344 -0.48 0.18
0.00011348 -0.56 0.18
0.00011352 -0.72 0.18
0.00011356 -0.72 0.18
0.0001136 -0.96 0.18
0.00011364 -1.04 0.16
0.00011368 -1.2 0.16
0.00011372 -1.28 0.18
0.00011376 -1.36 0.18
0.0001138 -1.52 0.16
0.00011384 -1.68 0.16
0.00011388 -1.68 0.16
0.00011392 -1.84 0.16
0.00011396 -1.92 0.16
0.000114 -2.08 0.14
0.00011404 -2.16 0.14
0.00011408 -2.32 0.14
0.00011412 -2.32 0.14
0.00011416 -2.48 0.12
0.0001142 -2.56 0.12
0.00011424 -2.64 0.14
0.00011428 -2.8 0.14
0.00011432 -2.88 0.12
0.00011436 -2.96 0.12
0.0001144 -3.12 0.1
0.00011444 -3.2 0.12
0.00011448 -3.28 0.12
0.00011452 -3.36 0.1
0.00011456 -3.52 0.1
0.0001146 -3.6 0.1
0.00011464 -3.6 0.1
0.00011468 -3.76 0.08
0.00011472 -3.84 0.08
0.00011476 -3.92 0.08
0.0001148 -3.92 0.1
0.00011484 -4.08 0.08
0.00011488 -4.24 0.08
0.00011492 -4.24 0.06
0.00011496 -4.24 0.06
0.000115 -4.48 0.04
0.00011504 -4.48 0.04
0.00011508 -4.56 0.04
0.00011512 -4.64 0.04
0.00011516 -4.72 0.02
0.0001152 -4.8 0.02
0.00011524 -4.88 0.02
0.00011528 -4.88 0.02
0.00011532 -5.04 0.02
0.00011536 -5.04 0.02
0.0001154 -5.12 0
0.00011544 -5.2 0.02
0.00011548 -5.2 0
0.00011552 -5.36 0
0.00011556 -5.36 0
0.0001156 -5.44 -0.04
0.00011564 -5.52 -0.06
0.00011568 -5.52 -0.04
0.00011572 -5.52 -0.04
0.00011576 -5.52 -0.06
0.0001158 -5.68 -0.06
0.00011584 -5.68 -0.06
0.00011588 -5.76 -0.06
0.00011592 -5.76 -0.08
0.00011596 -5.76 -0.08
0.000116 -5.84 -0.06
0.00011604 -5.84 -0.08
0.00011608 -5.84 -0.08
0.00011612 -5.92 -0.08
0.00011616 -5.92 -0.1
0.0001162 -6 -0.1
0.00011624 -6.08 -0.1
0.00011628 -6 -0.12
0.00011632 -6 -0.12
0.00011636 -6.08 -0.14
0.0001164 -6.08 -0.12
0.00011644 -6.08 -0.14
0.00011648 -6.08 -0.14
0.00011652 -6.08 -0.14
0.00011656 -6.08 -0.14
0.0001166 -6.08 -0.14
0.00011664 -6.16 -0.16
0.00011668 -6.16 -0.16
0.00011672 -6.08 -0.16
0.00011676 -6.08 -0.16
0.0001168 -6.08 -0.18
0.00011684 -6.16 -0.18
0.00011688 -6 -0.16
0.00011692 -6.08 -0.18
0.00011696 -6.08 -0.18
0.000117 -6 -0.2
0.00011704 -6 -0.18
0.00011708 -6 -0.18
0.00011712 -5.92 -0.18
0.00011716 -5.84 -0.22
0.0001172 -5.92 -0.22
0.00011724 -5.84 -0.2
0.00011728 -5.84 -0.2
0.00011732 -5.76 -0.22
0.00011736 -5.76 -0.22
0.0001174 -5.76 -0.24
0.00011744 -5.68 -0.22
0.00011748 -5.68 -0.22
0.00011752 -5.52 -0.24
0.00011756 -5.52 -0.26
0.0001176 -5.44 -0.24
0.00011764 -5.44 -0.24
0.00011768 -5.36 -0.26
0.00011772 -5.36 -0.24
0.00011776 -5.2 -0.26
0.0001178 -5.2 -0.24
0.00011784 -5.2 -0.26
0.00011788 -5.12 -0.26
0.00011792 -5.04 -0.26
0.00011796 -4.88 -0.26
0.000118 -4.88 -0.26
0.00011804 -4.8 -0.3
0.00011808 -4.8 -0.3
0.00011812 -4.72 -0.28
0.00011816 -4.56 -0.28
0.0001182 -4.48 -0.28
0.00011824 -4.48 -0.3
0.00011828 -4.4 -0.28
0.00011832 -4.24 -0.28
0.00011836 -4.24 -0.28
0.0001184 -4.16 -0.3
0.00011844 -4.08 -0.3
0.00011848 -3.92 -0.3
0.00011852 -3.92 -0.3
0.00011856 -3.76 -0.3
0.0001186 -3.6 -0.3
0.00011864 -3.6 -0.32
0.00011868 -3.52 -0.3
0.00011872 -3.44 -0.3
0.00011876 -3.28 -0.3
0.0001188 -3.28 -0.32
0.00011884 -3.12 -0.3
0.00011888 -3.12 -0.3
0.00011892 -2.96 -0.32
0.00011896 -2.8 -0.32
0.000119 -2.8 -0.32
0.00011904 -2.56 -0.32
0.00011908 -2.48 -0.32
0.00011912 -2.4 -0.32
0.00011916 -2.32 -0.32
0.0001192 -2.16 -0.3
0.00011924 -2.08 -0.3
0.00011928 -2 -0.32
0.00011932 -1.92 -0.32
0.00011936 -1.68 -0.3
0.0001194 -1.68 -0.3
0.00011944 -1.6 -0.32
0.00011948 -1.44 -0.3
0.00011952 -1.36 -0.3
0.00011956 -1.2 -0.3
0.0001196 -1.12 -0.3
0.00011964 -1.04 -0.3
0.00011968 -0.88 -0.3
0.00011972 -0.72 -0.3
0.00011976 -0.64 -0.3
0.0001198 -0.56 -0.3
0.00011984 -0.4 -0.3
0.00011988 -0.32 -0.28
0.00011992 -0.24 -0.28
0.00011996 0 -0.28
0.00012 0.16 -0.3
0.00012004 0.24 -0.28
0.00012008 0.32 -0.26
0.00012012 0.4 -0.26
0.00012016 0.56 -0.26
0.0001202 0.72 -0.28
0.00012024 0.8 -0.28
0.00012028 0.96 -0.26
0.00012032 0.96 -0.26
0.00012036 1.12 -0.26
0.0001204 1.28 -0.26
0.00012044 1.36 -0.26
0.00012048 1.52 -0.24
0.00012052 1.6 -0.26
0.00012056 1.68 -0.24
0.0001206 1.76 -0.24
0.00012064 1.92 -0.24
0.00012068 2.08 -0.24
0.00012072 2.08 -0.24
0.00012076 2.24 -0.24
0.0001208 2.32 -0.22
0.00012084 2.4 -0.24
0.00012088 2.56 -0.24
0.00012092 2.64 -0.24
0.00012096 2.72 -0.22
0.000121 2.88 -0.22
0.00012104 2.88 -0.2
0.00012108 3.04 -0.22
0.00012112 3.12 -0.2
0.00012116 3.2 -0.18
0.0001212 3.36 -0.18
0.00012124 3.44 -0.18
0.00012128 3.52 -0.2
0.00012132 3.6 -0.18
0.00012136 3.68 -0.16
0.0001214 3.84 -0.16
0.00012144 3.92 -0.18
0.00012148 4 -0.16
0.00012152 4 -0.16
0.00012156 4.16 -0.16
0.0001216 4.16 -0.16
0.00012164 4.32 -0.14
0.00012168 4.4 -0.14
0.00012172 4.48 -0.14
0.00012176 4.48 -0.14
0.0001218 4.56 -0.12
0.00012184 4.64 -0.14
0.00012188 4.8 -0.12
0.00012192 4.8 -0.1
0.00012196 4.88 -0.1
0.000122 4.96 -0.1
0.00012204 4.96 -0.1
0.00012208 5.12 -0.1
0.00012212 5.12 -0.1
0.00012216 5.2 -0.1
0.0001222 5.2 -0.08
0.00012224 5.28 -0.08
0.00012228 5.36 -0.06
0.00012232 5.44 -0.08
0.00012236 5.44 -0.04
0.0001224 5.44 -0.06
0.00012244 5.52 -0.06
0.00012248 5.6 -0.06
0.00012252 5.6 -0.06
0.00012256 5.68 -0.04
0.0001226 5.76 -0.04
0.00012264 5.76 -0.04
0.00012268 5.76 -0.04
0.00012272 5.76 0
0.00012276 5.84 0
0.0001228 5.84 0
0.00012284 5.92 0
0.00012288 5.92 0
0.00012292 5.92 0.02
0.00012296 6 0.02
0.000123 5.92 0
0.00012304 5.92 0.02
0.00012308 6.08 0.02
0.00012312 6.08 0.04
0.00012316 6.08 0.04
0.0001232 6.08 0.04
0.00012324 6.08 0.06
0.00012328 6.08 0.06
0.00012332 6.08 0.06
0.00012336 6 0.04
0.0001234 6.08 0.08
0.00012344 6 0.08
0.00012348 6.08 0.08
0.00012352 5.92 0.08
0.00012356 5.92 0.08
0.0001236 5.92 0.1
0.00012364 5.92 0.1
0.00012368 5.92 0.1
0.00012372 5.84 0.08
0.00012376 5.84 0.1
0.0001238 5.84 0.12
0.00012384 5.84 0.1
0.00012388 5.76 0.12
0.00012392 5.76 0.1
0.00012396 5.76 0.14
0.000124 5.68 0.16
0.00012404 5.6 0.14
0.00012408 5.6 0.14
0.00012412 5.52 0.16
0.00012416 5.52 0.14
0.0001242 5.44 0.14
0.00012424 5.44 0.14
0.00012428 5.44 0.14
0.00012432 5.28 0.16
0.00012436 5.28 0.16
0.0001244 5.2 0.16
0.00012444 5.2 0.18
0.00012448 5.12 0.16
0.00012452 5.04 0.18
0.00012456 4.96 0.16
0.0001246 4.88 0.16
0.00012464 4.88 0.18
0.00012468 4.8 0.18
0.00012472 4.8 0.18
0.00012476 4.64 0.18
0.0001248 4.56 0.18
0.00012484 4.48 0.18
0.00012488 4.4 0.2
0.00012492 4.32 0.2
0.00012496 4.24 0.18
0.000125 4.16 0.2
0.00012504 4.16 0.2
0.00012508 4 0.2
0.00012512 3.92 0.22
0.00012516 3.84 0.2
0.0001252 3.76 0.2
0.00012524 3.68 0.22
0.00012528 3.6 0.22
0.00012532 3.52 0.2
0.00012536 3.36 0.2
0.0001254 3.28 0.24
0.00012544 3.2 0.2
0.00012548 3.12 0.2
0.00012552 3.04 0.2
0.00012556 2.96 0.22
0.0001256 2.88 0.24
0.00012564 2.8 0.22
0.00012568 2.56 0.22
0.00012572 2.48 0.2
0.00012576 2.4 0.24
0.0001258 2.32 0.22
0.00012584 2.16 0.22
0.00012588 2.08 0.22
0.00012592 1.92 0.2
0.00012596 1.92 0.22
0.000126 1.76 0.2
0.00012604 1.68 0.2
0.00012608 1.6 0.22
0.00012612 1.44 0.22
0.00012616 1.28 0.2
0.0001262 1.28 0.2
0.00012624 1.12 0.2
0.00012628 0.96 0.2
0.00012632 0.88 0.2
0.00012636 0.72 0.2
0.0001264 0.64 0.2
0.00012644 0.56 0.22
0.00012648 0.4 0.2
0.00012652 0.32 0.2
0.00012656 0.24 0.2
0.0001266 0 0.18
0.00012664 0 0.2
0.00012668 -0.24 0.2
0.00012672 -0.4 0.18
0.00012676 -0.4 0.18
0.0001268 -0.56 0.18
0.00012684 -0.72 0.18
0.00012688 -0.8 0.18
0.00012692 -0.96 0.18
0.00012696 -1.04 0.18
0.000127 -1.12 0.18
0.00012704 -1.28 0.16
0.00012708 -1.36 0.18
0.00012712 -1.44 0.18
0.00012716 -1.52 0.18
0.0001272 -1.68 0.18
0.00012724 -1.84 0.14
0.00012728 -1.92 0.16
0.00012732 -2 0.16
0.00012736 -2.08 0.16
0.0001274 -2.24 0.16
0.00012744 -2.32 0.14
0.00012748 -2.48 0.16
0.00012752 -2.48 0.14
0.00012756 -2.64 0.16
0.0001276 -2.8 0.12
0.00012764 -2.88 0.1
0.00012768 -2.96 0.12
0.00012772 -3.12 0.12
0.00012776 -3.12 0.12
0.0001278 -3.28 0.1
0.00012784 -3.36 0.1
0.00012788 -3.44 0.1
0.00012792 -3.52 0.08
0.00012796 -3.6 0.08
0.000128 -3.76 0.08
0.00012804 -3.84 0.1
0.00012808 -3.92 0.08
0.00012812 -4 0.08
0.00012816 -4.08 0.08
0.0001282 -4.08 0.06
0.00012824 -4.24 0.06
0.00012828 -4.24 0.06
0.00012832 -4.4 0.06
0.00012836 -4.48 0.04
0.0001284 -4.56 0.04
0.00012844 -4.72 0.04
0.00012848 -4.72 0.02
0.00012852 -4.8 0.02
0.00012856 -4.88 0.02
0.0001286 -4.88 0.02
0.00012864 -4.96 0.02
0.00012868 -5.04 0
0.00012872 -5.12 0.02
0.00012876 -5.12 0
0.0001288 -5.2 0
0.00012884 -5.28 0
0.00012888 -5.44 -0.04
0.00012892 -5.44 0
0.00012896 -5.44 -0.04
0.000129 -5.44 0
0.00012904 -5.52 -0.06
0.00012908 -5.52 -0.04
0.00012912 -5.68 -0.06
0.00012916 -5.68 -0.06
0.0001292 -5.76 -0.08
0.00012924 -5.76 -0.08
0.00012928 -5.84 -0.06
0.00012932 -5.76 -0.08
0.00012936 -5.84 -0.1
0.0001294 -5.92 -0.08
0.00012944 -6 -0.1
0.00012948 -6 -0.1
0.00012952 -6 -0.1
0.00012956 -6 -0.1
0.0001296 -6 -0.1
0.00012964 -6 -0.1
0.00012968 -6.08 -0.1
0.00012972 -6.08 -0.12
0.00012976 -6.08 -0.12
0.0001298 -6.08 -0.14
0.00012984 -6.16 -0.14
0.00012988 -6.08 -0.14
0.00012992 -6.08 -0.16
0.00012996 -6.08 -0.14
0.00013 -6.08 -0.16
0.00013004 -6.08 -0.16
0.00013008 -6.08 -0.18
0.00013012 -6.16 -0.18
0.00013016 -6 -0.16
0.0001302 -6.08 -0.18
0.00013024 -6 -0.18
0.00013028 -6.08 -0.18
0.00013032 -6 -0.18
0.00013036 -6 -0.2
0.0001304 -6 -0.18
0.00013044 -6 -0.2
0.00013048 -5.84 -0.22
0.00013052 -5.92 -0.2
0.00013056 -5.84 -0.22
0.0001306 -5.84 -0.22
0.00013064 -5.76 -0.24
0.00013068 -5.76 -0.24
0.00013072 -5.76 -0.22
0.00013076 -5.68 -0.24
0.0001308 -5.68 -0.24
0.00013084 -5.52 -0.22
0.00013088 -5.52 -0.24
0.00013092 -5.44 -0.24
0.00013096 -5.44 -0.26
0.000131 -5.36 -0.24
0.00013104 -5.36 -0.26
0.00013108 -5.2 -0.24
0.00013112 -5.2 -0.26
0.00013116 -5.2 -0.26
0.0001312 -5.12 -0.26
0.00013124 -5.04 -0.26
0.00013128 -5.04 -0.26
0.00013132 -4.88 -0.28
0.00013136 -4.88 -0.28
0.0001314 -4.8 -0.28
0.00013144 -4.72 -0.26
0.00013148 -4.64 -0.26
0.00013152 -4.56 -0.28
0.00013156 -4.48 -0.28
0.0001316 -4.4 -0.3
0.00013164 -4.32 -0.28
0.00013168 -4.24 -0.3
0.00013172 -4.08 -0.3
0.00013176 -4.08 -0.28
0.0001318 -3.92 -0.3
0.00013184 -3.92 -0.3
0.00013188 -3.84 -0.3
0.00013192 -3.68 -0.32
0.00013196 -3.6 -0.3
0.000132 -3.52 -0.3
0.00013204 -3.44 -0.32
0.00013208 -3.36 -0.3
0.00013212 -3.28 -0.3
0.00013216 -3.12 -0.3
0.0001322 -3.04 -0.32
0.00013224 -2.96 -0.3
0.00013228 -2.8 -0.32
0.00013232 -2.8 -0.3
0.00013236 -2.64 -0.32
0.0001324 -2.56 -0.32
0.00013244 -2.4 -0.3
0.00013248 -2.32 -0.3
0.00013252 -2.24 -0.3
0.00013256 -2.16 -0.32
0.0001326 -2 -0.3
0.00013264 -1.92 -0.3
0.00013268 -1.84 -0.3
0.00013272 -1.68 -0.3
0.00013276 -1.6 -0.3
0.0001328 -1.52 -0.3
0.00013284 -1.36 -0.3
0.00013288 -1.28 -0.3
0.00013292 -1.2 -0.3
0.00013296 -1.04 -0.3
0.000133 -0.88 -0.28
0.00013304 -0.88 -0.3
0.00013308 -0.72 -0.3
0.00013312 -0.56 -0.3
0.00013316 -0.4 -0.3
0.0001332 -0.32 -0.28
0.00013324 -0.24 -0.28
0.00013328 0 -0.3
0.00013332 0.08 -0.28
0.00013336 0.16 -0.28
0.0001334 0.32 -0.28
0.00013344 0.4 -0.28
0.00013348 0.48 -0.28
0.00013352 0.64 -0.28
0.00013356 0.72 -0.28
0.0001336 0.88 -0.28
0.00013364 0.96 -0.26
0.00013368 1.04 -0.26
0.00013372 1.2 -0.26
0.00013376 1.28 -0.26
0.0001338 1.36 -0.28
0.00013384 1.6 -0.26
0.00013388 1.6 -0.24
0.00013392 1.76 -0.24
0.00013396 1.92 -0.26
0.000134 2 -0.26
0.00013404 2.08 -0.24
0.00013408 2.16 -0.22
0.00013412 2.32 -0.24
0.00013416 2.4 -0.24
0.0001342 2.48 -0.24
0.00013424 2.56 -0.22
0.00013428 2.72 -0.22
0.00013432 2.88 -0.22
0.00013436 2.88 -0.22
0.0001344 2.96 -0.18
0.00013444 3.04 -0.2
0.00013448 3.2 -0.2
0.00013452 3.36 -0.18
0.00013456 3.36 -0.18
0.0001346 3.52 -0.18
0.00013464 3.6 -0.2
0.00013468 3.68 -0.2
0.00013472 3.76 -0.18
0.00013476 3.84 -0.16
0.0001348 3.84 -0.16
0.00013484 4 -0.16
0.00013488 4.16 -0.16
0.00013492 4.16 -0.16
0.00013496 4.24 -0.14
0.000135 4.32 -0.14
0.00013504 4.48 -0.14
0.00013508 4.56 -0.14
0.00013512 4.56 -0.14
0.00013516 4.64 -0.14
0.0001352 4.8 -0.14
0.00013524 4.8 -0.12
0.00013528 4.8 -0.12
0.00013532 4.96 -0.1
0.00013536 4.96 -0.1
0.0001354 5.12 -0.1
0.00013544 5.12 -0.1
0.00013548 5.12 -0.1
0.00013552 5.2 -0.08
0.00013556 5.28 -0.08
0.0001356 5.28 -0.08
0.00013564 5.44 -0.06
0.00013568 5.44 -0.06
0.00013572 5.52 -0.06
0.00013576 5.52 -0.06
0.0001358 5.52 -0.06
0.00013584 5.6 -0.04
0.00013588 5.6 -0.06
0.00013592 5.6 -0.06
0.00013596 5.76 0
0.000136 5.76 -0.04
0.00013604 5.84 0
0.00013608 5.84 -0.04
0.00013612 5.84 0
0.00013616 5.84 0.02
0.0001362 5.84 0.02
0.00013624 5.84 0
0.00013628 5.92 0.02
0.00013632 6 0.02
0.00013636 6 0.02
0.0001364 5.92 0.02
0.00013644 6.08 0.02
0.00013648 6 0.02
0.00013652 5.92 0.04
0.00013656 6.08 0.04
0.0001366 6.08 0.06
0.00013664 6 0.04
0.00013668 6.08 0.08
0.00013672 6.08 0.06
0.00013676 5.92 0.08
0.0001368 6 0.08
0.00013684 6.08 0.08
0.00013688 5.92 0.08
0.00013692 5.92 0.1
0.00013696 6 0.08
0.000137 5.92 0.08
0.00013704 5.92 0.1
0.00013708 5.92 0.1
0.00013712 5.84 0.1
0.00013716 5.84 0.12
0.0001372 5.84 0.12
0.00013724 5.76 0.12
0.00013728 5.76 0.14
0.00013732 5.68 0.12
0.00013736 5.6 0.12
0.0001374 5.6 0.12
0.00013744 5.6 0.14
0.00013748 5.52 0.14
0.00013752 5.52 0.14
0.00013756 5.44 0.14
0.0001376 5.44 0.14
0.00013764 5.44 0.16
0.00013768 5.28 0.16
0.00013772 5.2 0.16
0.00013776 5.2 0.16
0.0001378 5.12 0.16
0.00013784 5.12 0.18
0.00013788 5.04 0.16
0.00013792 4.96 0.16
0.00013796 4.88 0.18
0.000138 4.8 0.18
0.00013804 4.8 0.18
0.00013808 4.64 0.18
0.00013812 4.64 0.2
0.00013816 4.56 0.18
0.0001382 4.48 0.2
0.00013824 4.32 0.18
0.00013828 4.32 0.2
0.00013832 4.16 0.2
0.00013836 4.16 0.2
0.0001384 4 0.2
0.00013844 4 0.2
0.00013848 3.84 0.22
0.00013852 3.84 0.2
0.00013856 3.76 0.22
0.0001386 3.6 0.22
0.00013864 3.52 0.2
0.00013868 3.36 0.22
0.00013872 3.36 0.2
0.00013876 3.28 0.22
0.0001388 3.12 0.2
0.00013884 3.04 0.22
0.00013888 2.96 0.22
0.00013892 2.88 0.2
0.00013896 2.72 0.2
0.000139 2.64 0.2
0.00013904 2.56 0.22
0.00013908 2.48 0.2
0.00013912 2.32 0.2
0.00013916 2.24 0.22
0.0001392 2.08 0.22
0.00013924 2 0.2
0.00013928 1.92 0.2
0.00013932 1.76 0.2
0.00013936 1.68 0.22
0.0001394 1.6 0.2
0.00013944 1.52 0.22
0.00013948 1.36 0.2
0.00013952 1.28 0.2
0.00013956 1.12 0.2
0.0001396 1.04 0.2
0.00013964 0.96 0.2
0.00013968 0.8 0.2
0.00013972 0.72 0.22
0.00013976 0.48 0.2
0.0001398 0.4 0.2
0.00013984 0.32 0.2
0.00013988 0.24 0.2
0.00013992 0.08 0.2
0.00013996 0 0.2
0.00014 -0.16 0.18
0.00014004 -0.32 0.2
0.00014008 -0.4 0.2
0.00014012 -0.56 0.2
0.00014016 -0.72 0.18
0.0001402 -0.72 0.18
0.00014024 -0.88 0.2
0.00014028 -1.04 0.18
0.00014032 -1.04 0.18
0.00014036 -1.2 0.16
0.0001404 -1.28 0.18
0.00014044 -1.44 0.16
0.00014048 -1.52 0.16
0.00014052 -1.68 0.16
0.00014056 -1.68 0.14
0.0001406 -1.84 0.16
0.00014064 -1.92 0.16
0.00014068 -2.16 0.16
0.00014072 -2.24 0.16
0.00014076 -2.32 0.16
0.0001408 -2.48 0.14
0.00014084 -2.56 0.12
0.00014088 -2.64 0.12
0.00014092 -2.72 0.12
0.00014096 -2.88 0.14
0.000141 -2.96 0.12
0.00014104 -2.96 0.12
0.00014108 -3.12 0.1
0.00014112 -3.2 0.1
0.00014116 -3.28 0.1
0.0001412 -3.44 0.1
0.00014124 -3.52 0.08
0.00014128 -3.52 0.1
0.00014132 -3.68 0.1
0.00014136 -3.76 0.1
0.0001414 -3.92 0.08
0.00014144 -3.92 0.08
0.00014148 -4.08 0.06
0.00014152 -4.16 0.08
0.00014156 -4.16 0.06
0.0001416 -4.24 0.04
0.00014164 -4.32 0.06
0.00014168 -4.48 0.04
0.00014172 -4.48 0.04
0.00014176 -4.56 0.02
0.0001418 -4.72 0.04
0.00014184 -4.8 0.04
0.00014188 -4.8 0.04
0.00014192 -4.88 0.02
0.00014196 -4.96 0
0.000142 -5.04 0.04
0.00014204 -5.12 0.02
0.00014208 -5.2 0
0.00014212 -5.2 0
0.00014216 -5.2 0
0.0001422 -5.36 0
0.00014224 -5.36 0
0.00014228 -5.44 0
0.00014232 -5.44 -0.04
0.00014236 -5.52 -0.04
0.0001424 -5.52 -0.04
0.00014244 -5.52 -0.06
0.00014248 -5.6 -0.06
0.00014252 -5.68 -0.06
0.00014256 -5.76 -0.06
0.0001426 -5.76 -0.08
0.00014264 -5.84 -0.08
0.00014268 -5.84 -0.08
0.00014272 -5.84 -0.08
0.00014276 -5.84 -0.08
0.0001428 -5.92 -0.1
0.00014284 -6 -0.1
0.00014288 -6 -0.1
0.00014292 -6 -0.1
0.00014296 -6.08 -0.1
0.000143 -6.08 -0.14
0.00014304 -6.08 -0.1
0.00014308 -6.08 -0.12
0.00014312 -6.08 -0.14
0.00014316 -6.16 -0.14
0.0001432 -6.08 -0.16
0.00014324 -6.08 -0.14
0.00014328 -6.16 -0.14
0.00014332 -6.16 -0.16
0.00014336 -6.08 -0.16
0.0001434 -6.16 -0.16
0.00014344 -6.16 -0.18
0.00014348 -6.08 -0.18
0.00014352 -6.08 -0.18
0.00014356 -6.16 -0.18
0.0001436 -6.08 -0.18
0.00014364 -6 -0.18
0.00014368 -6 -0.2
0.00014372 -5.92 -0.2
0.00014376 -6 -0.2
0.0001438 -6 -0.18
0.00014384 -5.92 -0.2
0.00014388 -5.84 -0.22
0.00014392 -5.84 -0.22
0.00014396 -5.84 -0.22
0.000144 -5.76 -0.22
0.00014404 -5.76 -0.22
0.00014408 -5.68 -0.24
0.00014412 -5.68 -0.24
0.00014416 -5.52 -0.24
0.0001442 -5.6 -0.24
0.00014424 -5.52 -0.24
0.00014428 -5.52 -0.24
0.00014432 -5.44 -0.26
0.00014436 -5.36 -0.24
0.0001444 -5.2 -0.26
0.00014444 -5.2 -0.26
0.00014448 -5.2 -0.26
0.00014452 -5.12 -0.26
0.00014456 -5.04 -0.26
0.0001446 -5.04 -0.28
0.00014464 -4.88 -0.26
0.00014468 -4.88 -0.26
0.00014472 -4.8 -0.26
0.00014476 -4.72 -0.28
0.0001448 -4.72 -0.26
0.00014484 -4.56 -0.28
0.00014488 -4.48 -0.26
0.00014492 -4.4 -0.28
0.00014496 -4.32 -0.3
0.000145 -4.24 -0.3
0.00014504 -4.16 -0.3
0.00014508 -4.08 -0.3
0.00014512 -3.92 -0.3
0.00014516 -3.92 -0.3
0.0001452 -3.84 -0.32
0.00014524 -3.76 -0.3
0.00014528 -3.68 -0.3
0.00014532 -3.6 -0.3
0.00014536 -3.44 -0.3
0.0001454 -3.44 -0.3
0.00014544 -3.28 -0.3
0.00014548 -3.2 -0.3
0.00014552 -3.12 -0.3
0.00014556 -2.96 -0.3
0.0001456 -2.88 -0.3
0.00014564 -2.8 -0.32
0.00014568 -2.64 -0.3
0.00014572 -2.64 -0.3
0.00014576 -2.48 -0.3
0.0001458 -2.32 -0.3
0.00014584 -2.24 -0.32
0.00014588 -2.16 -0.3
0.00014592 -2 -0.3
0.00014596 -1.92 -0.3
0.000146 -1.84 -0.3
0.00014604 -1.68 -0.3
0.00014608 -1.6 -0.3
0.00014612 -1.52 -0.3
0.00014616 -1.36 -0.3
0.0001462 -1.28 -0.3
0.00014624 -1.2 -0.3
0.00014628 -1.04 -0.3
0.00014632 -1.04 -0.3
0.00014636 -0.88 -0.3
0.0001464 -0.72 -0.3
0.00014644 -0.56 -0.3
0.00014648 -0.56 -0.3
0.00014652 -0.4 -0.3
0.00014656 -0.24 -0.28
0.0001466 0 -0.3
0.00014664 0 -0.26
0.00014668 0.16 -0.3
0.00014672 0.24 -0.3
0.00014676 0.4 -0.28
0.0001468 0.48 -0.26
0.00014684 0.64 -0.26
0.00014688 0.72 -0.3
0.00014692 0.8 -0.26
0.00014696 0.96 -0.28
0.000147 1.04 -0.26
0.00014704 1.2 -0.26
0.00014708 1.28 -0.26
0.00014712 1.44 -0.26
0.00014716 1.44 -0.26
0.0001472 1.6 -0.26
0.00014724 1.68 -0.26
0.00014728 1.84 -0.26
0.00014732 2 -0.24
0.00014736 2.08 -0.24
0.0001474 2.08 -0.24
0.00014744 2.24 -0.24
0.00014748 2.4 -0.22
0.00014752 2.48 -0.22
0.00014756 2.56 -0.24
0.0001476 2.64 -0.22
0.00014764 2.72 -0.22
0.00014768 2.88 -0.22
0.00014772 2.96 -0.2
0.00014776 3.04 -0.22
0.0001478 3.2 -0.22
0.00014784 3.28 -0.2
0.00014788 3.36 -0.18
0.00014792 3.52 -0.2
0.00014796 3.52 -0.18
0.000148 3.6 -0.18
0.00014804 3.68 -0.16
0.00014808 3.84 -0.16
0.00014812 3.84 -0.16
0.00014816 4 -0.16
0.0001482 4.16 -0.16
0.00014824 4.16 -0.14
0.00014828 4.16 -0.16
0.00014832 4.32 -0.16
0.00014836 4.4 -0.14
0.0001484 4.48 -0.12
0.00014844 4.48 -0.12
0.00014848 4.64 -0.14
0.00014852 4.72 -0.14
0.00014856 4.8 -0.1
0.0001486 4.8 -0.12
0.00014864 4.88 -0.1
0.00014868 4.96 -0.12
0.00014872 5.04 -0.1
0.00014876 5.12 -0.1
0.0001488 5.12 -0.1
0.00014884 5.12 -0.08
0.00014888 5.28 -0.08
0.00014892 5.36 -0.08
0.00014896 5.44 -0.08
0.000149 5.44 -0.06
0.00014904 5.44 -0.08
0.00014908 5.52 -0.06
0.00014912 5.52 -0.06
0.00014916 5.6 -0.06
0.0001492 5.6 -0.04
0.00014924 5.68 -0.04
0.00014928 5.76 0
0.00014932 5.76 0
0.00014936 5.76 -0.04
0.0001494 5.84 0
0.00014944 5.84 0
0.00014948 5.84 0.02
0.00014952 5.84 0
0.00014956 5.92 0
0.0001496 5.92 0.02
0.00014964 5.92 0.02
0.00014968 6 0.02
0.00014972 5.92 0.02
0.00014976 6 0.02
0.0001498 6 0.04
0.00014984 6.08 0.04
0.00014988 5.92 0.04
0.00014992 6 0.06
0.00014996 6.08 0.06
0.00015 6 0.06
0.00015004 6.08 0.06
0.00015008 6 0.08
0.00015012 6 0.08
0.00015016 6 0.1
0.0001502 6 0.08
0.00015024 6.08 0.08
0.00015028 5.92 0.08
0.00015032 5.92 0.1
0.00015036 5.92 0.1
0.0001504 5.84 0.1
0.00015044 5.84 0.1
0.00015048 5.84 0.12
0.00015052 5.84 0.12
0.00015056 5.76 0.14
0.0001506 5.76 0.12
0.00015064 5.76 0.12
0.00015068 5.68 0.12
0.00015072 5.6 0.12
0.00015076 5.6 0.12
0.0001508 5.52 0.14
0.00015084 5.52 0.16
0.00015088 5.44 0.16
0.00015092 5.44 0.16
0.00015096 5.36 0.14
0.000151 5.28 0.16
0.00015104 5.28 0.18
0.00015108 5.2 0.18
0.00015112 5.12 0.16
0.00015116 5.12 0.16
0.0001512 5.12 0.18
0.00015124 4.96 0.18
0.00015128 4.88 0.16
0.00015132 4.88 0.16
0.00015136 4.8 0.18
0.0001514 4.64 0.2
0.00015144 4.64 0.18
0.00015148 4.56 0.18
0.00015152 4.4 0.2
0.00015156 4.32 0.18
0.0001516 4.32 0.2
0.00015164 4.24 0.2
0.00015168 4.16 0.2
0.00015172 4 0.2
0.00015176 4 0.2
0.0001518 3.92 0.2
0.00015184 3.84 0.2
0.00015188 3.68 0.2
0.00015192 3.6 0.2
0.00015196 3.6 0.2
0.000152 3.52 0.2
0.00015204 3.36 0.2
0.00015208 3.28 0.2
0.00015212 3.2 0.22
0.00015216 3.12 0.2
0.0001522 2.96 0.2
0.00015224 2.88 0.22
0.00015228 2.72 0.22
0.00015232 2.64 0.22
0.00015236 2.56 0.2
0.0001524 2.48 0.2
0.00015244 2.32 0.22
0.00015248 2.24 0.22
0.00015252 2.16 0.2
0.00015256 2.08 0.2
0.0001526 1.92 0.22
0.00015264 1.76 0.22
0.00015268 1.68 0.2
0.00015272 1.6 0.2
0.00015276 1.6 0.22
0.0001528 1.36 0.22
0.00015284 1.28 0.2
0.00015288 1.12 0.2
0.00015292 1.12 0.22
0.00015296 0.96 0.2
0.000153 0.8 0.22
0.00015304 0.72 0.2
0.00015308 0.64 0.2
0.00015312 0.48 0.2
0.00015316 0.32 0.2
0.0001532 0.32 0.2
0.00015324 0.16 0.2
0.00015328 0.08 0.18
0.00015332 -0.16 0.18
0.00015336 -0.24 0.18
0.0001534 -0.4 0.18
0.00015344 -0.56 0.18
0.00015348 -0.64 0.2
0.00015352 -0.72 0.18
0.00015356 -0.88 0.2
0.0001536 -0.96 0.18
0.00015364 -1.04 0.16
0.00015368 -1.2 0.18
0.00015372 -1.28 0.16
0.00015376 -1.36 0.18
0.0001538 -1.52 0.16
0.00015384 -1.68 0.16
0.00015388 -1.68 0.16
0.00015392 -1.84 0.16
0.00015396 -2 0.16
0.000154 -2 0.16
0.00015404 -2.16 0.14
0.00015408 -2.32 0.16
0.00015412 -2.32 0.14
0.00015416 -2.48 0.14
0.0001542 -2.56 0.12
0.00015424 -2.64 0.12
0.00015428 -2.8 0.12
0.00015432 -2.96 0.12
0.00015436 -2.96 0.12
0.0001544 -3.12 0.12
0.00015444 -3.2 0.12
0.00015448 -3.28 0.1
0.00015452 -3.36 0.1
0.00015456 -3.52 0.1
0.0001546 -3.6 0.1
0.00015464 -3.6 0.08
0.00015468 -3.76 0.08
0.00015472 -3.84 0.08
0.00015476 -3.92 0.08
0.0001548 -4 0.08
0.00015484 -4.08 0.08
0.00015488 -4.16 0.06
0.00015492 -4.32 0.08
0.00015496 -4.4 0.08
0.000155 -4.4 0.08
0.00015504 -4.48 0.04
0.00015508 -4.56 0.04
0.00015512 -4.64 0.04
0.00015516 -4.72 0.04
0.0001552 -4.8 0.04
0.00015524 -4.88 0.02
0.00015528 -4.88 0.04
0.00015532 -5.04 0.02
0.00015536 -5.04 0
0.0001554 -5.12 0.02
0.00015544 -5.2 0
0.00015548 -5.2 0
0.00015552 -5.28 0
0.00015556 -5.36 0
0.0001556 -5.44 -0.04
0.00015564 -5.44 -0.04
0.00015568 -5.44 0
0.00015572 -5.52 -0.06
0.00015576 -5.6 -0.04
0.0001558 -5.6 -0.06
0.00015584 -5.68 -0.06
0.00015588 -5.76 -0.06
0.00015592 -5.76 -0.08
0.00015596 -5.84 -0.08
0.000156 -5.84 -0.08
0.00015604 -5.84 -0.08
0.00015608 -5.84 -0.1
0.00015612 -6 -0.1
0.00015616 -5.92 -0.1
0.0001562 -6 -0.1
0.00015624 -6 -0.1
0.00015628 -6 -0.1
0.00015632 -6.08 -0.12
0.00015636 -6.08 -0.1
0.0001564 -6.08 -0.14
0.00015644 -6.08 -0.12
0.00015648 -6.08 -0.14
0.00015652 -6.16 -0.14
0.00015656 -6.16 -0.14
0.0001566 -6.16 -0.14
0.00015664 -6.08 -0.16
0.00015668 -6.08 -0.16
0.00015672 -6.08 -0.16
0.00015676 -6.08 -0.18
0.0001568 -6.08 -0.18
0.00015684 -6.16 -0.18
0.00015688 -6.08 -0.16
0.00015692 -6.08 -0.18
0.00015696 -6.08 -0.2
0.000157 -6 -0.2
0.00015704 -6 -0.2
0.00015708 -5.92 -0.18
0.00015712 -6 -0.2
0.00015716 -5.92 -0.2
0.0001572 -5.84 -0.2
0.00015724 -5.84 -0.22
0.00015728 -5.84 -0.22
0.00015732 -5.76 -0.24
0.00015736 -5.76 -0.22
0.0001574 -5.68 -0.22
0.00015744 -5.68 -0.22
0.00015748 -5.6 -0.24
0.00015752 -5.52 -0.24
0.00015756 -5.52 -0.24
0.0001576 -5.44 -0.24
0.00015764 -5.44 -0.24
0.00015768 -5.44 -0.26
0.00015772 -5.36 -0.26
0.00015776 -5.2 -0.26
0.0001578 -5.2 -0.26
0.00015784 -5.12 -0.26
0.00015788 -5.12 -0.28
0.00015792 -5.04 -0.26
0.00015796 -4.96 -0.28
0.000158 -4.88 -0.26
0.00015804 -4.8 -0.26
0.00015808 -4.8 -0.28
0.00015812 -4.72 -0.28
0.00015816 -4.64 -0.28
0.0001582 -4.56 -0.26
0.00015824 -4.48 -0.3
0.00015828 -4.32 -0.26
0.00015832 -4.24 -0.3
0.00015836 -4.24 -0.3
0.0001584 -4.08 -0.3
0.00015844 -4.08 -0.3
0.00015848 -3.92 -0.3
0.00015852 -3.84 -0.3
0.00015856 -3.84 -0.3
0.0001586 -3.68 -0.3
0.00015864 -3.6 -0.3
0.00015868 -3.44 -0.3
0.00015872 -3.44 -0.3
0.00015876 -3.28 -0.32
0.0001588 -3.2 -0.3
0.00015884 -3.12 -0.3
0.00015888 -2.96 -0.3
0.00015892 -2.96 -0.32
0.00015896 -2.88 -0.32
0.000159 -2.72 -0.32
0.00015904 -2.64 -0.3
0.00015908 -2.48 -0.32
0.00015912 -2.32 -0.3
0.00015916 -2.32 -0.3
0.0001592 -2.24 -0.3
0.00015924 -2.08 -0.3
0.00015928 -1.92 -0.3
0.00015932 -1.92 -0.32
0.00015936 -1.84 -0.28
0.0001594 -1.68 -0.3
0.00015944 -1.52 -0.32
0.00015948 -1.44 -0.3
0.00015952 -1.36 -0.3
0.00015956 -1.2 -0.3
0.0001596 -1.12 -0.3
0.00015964 -1.04 -0.3
0.00015968 -0.88 -0.3
0.00015972 -0.72 -0.3
0.00015976 -0.64 -0.28
0.0001598 -0.48 -0.28
0.00015984 -0.4 -0.3
0.00015988 -0.32 -0.3
0.00015992 -0.24 -0.28
0.00015996 0 -0.28
