0 2.08 -0.28
4e-08 2.08 -0.28
8e-08 -2.56 -0.3
1.2e-07 -2.56 -0.3
1.6e-07 -2.64 -0.3
2e-07 -2.64 -0.3
2.4e-07 -2.72 -0.3
2.8e-07 -2.8 -0.3
3.2e-07 -2.88 -0.3
3.6e-07 -2.88 -0.28
4e-07 -2.96 -0.3
4.4e-07 -2.96 -0.28
4.8e-07 -3.12 -0.3
5.2e-07 -3.2 -0.3
5.6e-07 -3.2 -0.28
6e-07 -3.28 -0.28
6.4e-07 -3.28 -0.28
6.8e-07 -3.28 -0.3
7.2e-07 -3.44 -0.26
7.6e-07 -3.52 -0.26
8e-07 -3.52 -0.28
8.4e-07 -3.6 -0.28
8.8e-07 -3.6 -0.28
9.2e-07 -3.6 -0.26
9.6e-07 -3.76 -0.28
1e-06 -3.84 -0.26
1.04e-06 -3.84 -0.28
1.08e-06 -3.92 -0.3
1.12e-06 -3.92 -0.26
1.16e-06 -4 -0.26
1.2e-06 -4.08 -0.26
1.24e-06 -4.08 -0.26
1.28e-06 -4.08 -0.26
1.32e-06 -4.16 -0.26
1.36e-06 -4.24 -0.26
1.4e-06 -4.24 -0.24
1.44e-06 -4.32 -0.26
1.48e-06 -4.4 -0.26
1.52e-06 -4.4 -0.24
1.56e-06 -4.48 -0.26
1.6e-06 -4.56 -0.24
1.64e-06 -4.56 -0.26
1.68e-06 -4.56 -0.24
1.72e-06 -4.72 -0.26
1.76e-06 -4.64 -0.24
1.8e-06 -4.72 -0.24
1.84e-06 -4.8 -0.22
1.88e-06 -4.88 -0.24
1.92e-06 -4.88 -0.24
1.96e-06 -4.88 -0.24
2e-06 -4.88 -0.22
2.04e-06 -4.96 -0.22
2.08e-06 -5.04 -0.22
2.12e-06 -5.04 -0.22
2.16e-06 -5.12 -0.22
2.2e-06 -5.12 -0.22
2.24e-06 -5.2 -0.22
2.28e-06 -5.2 -0.2
2.32e-06 -5.2 -0.22
2.36e-06 -5.2 -0.2
2.4e-06 -5.36 -0.22
2.44e-06 -5.28 -0.2
2.48e-06 -5.36 -0.2
2.52e-06 -5.36 -0.22
2.56e-06 -5.44 -0.22
2.6e-06 -5.44 -0.2
2.64e-06 -5.44 -0.2
2.68e-06 -5.52 -0.18
2.72e-06 -5.52 -0.18
2.76e-06 -5.52 -0.2
2.8e-06 -5.52 -0.18
2.84e-06 -5.6 -0.18
2.88e-06 -5.68 -0.18
2.92e-06 -5.68 -0.18
2.96e-06 -5.68 -0.16
3e-06 -5.68 -0.18
3.04e-06 -5.76 -0.16
3.08e-06 -5.76 -0.18
3.12e-06 -5.76 -0.18
3.16e-06 -5.84 -0.18
3.2e-06 -5.84 -0.14
3.24e-06 -5.84 -0.16
3.28e-06 -5.84 -0.16
3.32e-06 -5.92 -0.16
3.36e-06 -5.84 -0.14
3.4e-06 -5.84 -0.14
3.44e-06 -6 -0.16
3.48e-06 -6 -0.16
3.52e-06 -6 -0.14
3.56e-06 -6.08 -0.14
3.6e-06 -6 -0.12
3.64e-06 -6.08 -0.14
3.68e-06 -6.08 -0.12
3.72e-06 -6.08 -0.14
3.76e-06 -6.08 -0.12
3.8e-06 -6.08 -0.12
3.84e-06 -6.08 -0.12
3.88e-06 -6.08 -0.14
3.92e-06 -6.16 -0.12
3.96e-06 -6.08 -0.1
4e-06 -6.16 -0.12
4.04e-06 -6.08 -0.1
4.08e-06 -6.16 -0.1
4.12e-06 -6.16 -0.1
4.16e-06 -6.16 -0.1
4.2e-06 -6.16 -0.1
4.24e-06 -6.16 -0.08
4.28e-06 -6.16 -0.08
4.32e-06 -6.16 -0.1
4.36e-06 -6.16 -0.1
4.4e-06 -6.16 -0.1
4.44e-06 -6.16 -0.08
4.48e-06 -6.16 -0.08
4.52e-06 -6.16 -0.08
4.56e-06 -6.16 -0.08
4.6e-06 -6.16 -0.08
4.64e-06 -6.16 -0.06
4.68e-06 -6.16 -0.08
4.72e-06 -6.16 -0.06
4.76e-06 -6.08 -0.06
4.8e-06 -6.08 -0.04
4.84e-06 -6.16 -0.06
4.88e-06 -6.08 -0.04
4.92e-06 -6 -0.04
4.96e-06 -6.08 -0.04
5e-06 -6.08 -0.04
5.04e-06 -6.08 -0.04
5.08e-06 -6.08 -0.04
5.12e-06 -6 0
5.16e-06 -6 0
5.2e-06 -6 0
5.24e-06 -6 -0.04
5.28e-06 -6 0
5.32e-06 -6 0
5.36e-06 -5.84 0
5.4e-06 -5.92 0
5.44e-06 -5.92 0
5.48e-06 -5.84 0
5.52e-06 -5.84 0.02
5.56e-06 -5.84 0
5.6e-06 -5.84 0
5.64e-06 -5.76 0.02
5.68e-06 -5.76 0.02
5.72e-06 -5.76 0.02
5.76e-06 -5.76 0.02
5.8e-06 -5.68 0.02
5.84e-06 -5.68 0.04
5.88e-06 -5.68 0.02
5.92e-06 -5.68 0.02
5.96e-06 -5.52 0.04
6e-06 -5.52 0.04
6.04e-06 -5.52 0.04
6.08e-06 -5.52 0.04
6.12e-06 -5.52 0.04
6.16e-06 -5.44 0.04
6.2e-06 -5.44 0.04
6.24e-06 -5.44 0.06
6.28e-06 -5.36 0.04
6.32e-06 -5.28 0.06
6.36e-06 -5.36 0.06
6.4e-06 -5.2 0.08
6.44e-06 -5.28 0.08
6.48e-06 -5.2 0.08
6.52e-06 -5.12 0.08
6.56e-06 -5.12 0.08
6.6e-06 -5.12 0.08
6.64e-06 -5.04 0.08
6.68e-06 -5.04 0.08
6.72e-06 -4.96 0.1
6.76e-06 -4.88 0.08
6.8e-06 -4.88 0.1
6.84e-06 -4.88 0.08
6.88e-06 -4.8 0.08
6.92e-06 -4.8 0.1
6.96e-06 -4.72 0.1
7e-06 -4.72 0.1
7.04e-06 -4.72 0.1
7.08e-06 -4.56 0.12
7.12e-06 -4.56 0.12
7.16e-06 -4.56 0.1
7.2e-06 -4.48 0.12
7.24e-06 -4.48 0.1
7.28e-06 -4.4 0.12
7.32e-06 -4.4 0.12
7.36e-06 -4.24 0.12
7.4e-06 -4.24 0.12
7.44e-06 -4.16 0.12
7.48e-06 -4.16 0.14
7.52e-06 -4.16 0.14
7.56e-06 -4.08 0.14
7.6e-06 -3.92 0.12
7.64e-06 -3.92 0.16
7.68e-06 -3.84 0.14
7.72e-06 -3.84 0.12
7.76e-06 -3.76 0.16
7.8e-06 -3.76 0.14
7.84e-06 -3.68 0.14
7.88e-06 -3.6 0.12
7.92e-06 -3.6 0.14
7.96e-06 -3.6 0.16
8e-06 -3.52 0.16
8.04e-06 -3.44 0.16
8.08e-06 -3.44 0.16
8.12e-06 -3.28 0.16
8.16e-06 -3.28 0.16
8.2e-06 -3.2 0.16
8.24e-06 -3.2 0.16
8.28e-06 -3.12 0.16
8.32e-06 -2.96 0.18
8.36e-06 -2.96 0.18
8.4e-06 -2.96 0.16
8.44e-06 -2.88 0.16
8.48e-06 -2.8 0.18
8.52e-06 -2.64 0.18
8.56e-06 -2.72 0.18
8.6e-06 -2.64 0.18
8.64e-06 -2.56 0.16
8.68e-06 -2.48 0.18
8.72e-06 -2.4 0.18
8.76e-06 -2.32 0.18
8.8e-06 -2.32 0.2
8.84e-06 -2.32 0.18
8.88e-06 -2.24 0.2
8.92e-06 -2.16 0.18
8.96e-06 -2.08 0.2
9e-06 -2 0.2
9.04e-06 -1.92 0.2
9.08e-06 -1.84 0.2
9.12e-06 -1.84 0.2
9.16e-06 -1.76 0.2
9.2e-06 -1.68 0.2
9.24e-06 -1.6 0.2
9.28e-06 -1.6 0.2
9.32e-06 -1.52 0.2
9.36e-06 -1.52 0.2
9.4e-06 -1.36 0.2
9.44e-06 -1.28 0.2
9.48e-06 -1.28 0.2
9.52e-06 -1.2 0.2
9.56e-06 -1.12 0.22
9.6e-06 -1.04 0.22
9.64e-06 -1.04 0.22
9.68e-06 -0.96 0.2
9.72e-06 -0.88 0.22
9.76e-06 -0.8 0.22
9.8e-06 -0.72 0.2
9.84e-06 -0.64 0.2
9.88e-06 -0.64 0.2
9.92e-06 -0.56 0.24
9.96e-06 -0.4 0.22
1e-05 -0.4 0.22
1.004e-05 -0.32 0.2
1.008e-05 -0.24 0.2
1.012e-05 -0.24 0.22
1.016e-05 0 0.22
1.02e-05 0 0.2
1.024e-05 0.08 0.22
1.028e-05 0.08 0.22
1.032e-05 0.16 0.22
1.036e-05 0.32 0.2
1.04e-05 0.4 0.22
1.044e-05 0.4 0.22
1.048e-05 0.48 0.22
1.052e-05 0.48 0.22
1.056e-05 0.64 0.22
1.06e-05 0.64 0.22
1.064e-05 0.72 0.22
1.068e-05 0.8 0.22
1.072e-05 0.88 0.22
1.076e-05 0.96 0.2
1.08e-05 0.96 0.22
1.084e-05 1.04 0.2
1.088e-05 1.12 0.22
1.092e-05 1.12 0.22
1.096e-05 1.28 0.22
1.1e-05 1.28 0.22
1.104e-05 1.36 0.22
1.108e-05 1.44 0.2
1.112e-05 1.44 0.2
1.116e-05 1.6 0.22
1.12e-05 1.6 0.22
1.124e-05 1.68 0.2
1.128e-05 1.68 0.22
1.132e-05 1.76 0.2
1.136e-05 1.92 0.2
1.14e-05 1.92 0.2
1.144e-05 2 0.2
1.148e-05 2.08 0.22
1.152e-05 2.16 0.22
1.156e-05 2.08 0.22
1.16e-05 2.24 0.2
1.164e-05 2.32 0.22
1.168e-05 2.4 0.22
1.172e-05 2.4 0.22
1.176e-05 2.48 0.22
1.18e-05 2.56 0.22
1.184e-05 2.56 0.2
1.188e-05 2.64 0.2
1.192e-05 2.72 0.2
1.196e-05 2.72 0.2
1.2e-05 2.88 0.18
1.204e-05 2.88 0.2
1.208e-05 2.88 0.2
1.212e-05 2.96 0.2
1.216e-05 3.04 0.2
1.22e-05 3.2 0.2
1.224e-05 3.2 0.2
1.228e-05 3.2 0.2
1.232e-05 3.28 0.2
1.236e-05 3.36 0.18
1.24e-05 3.36 0.2
1.244e-05 3.52 0.2
1.248e-05 3.52 0.18
1.252e-05 3.52 0.18
1.256e-05 3.6 0.2
1.26e-05 3.6 0.18
1.264e-05 3.76 0.18
1.268e-05 3.76 0.18
1.272e-05 3.84 0.18
1.276e-05 3.84 0.2
1.28e-05 3.92 0.18
1.284e-05 3.92 0.16
1.288e-05 4 0.18
1.292e-05 4.08 0.16
1.296e-05 4.16 0.16
1.3e-05 4.16 0.16
1.304e-05 4.24 0.16
1.308e-05 4.24 0.18
1.312e-05 4.24 0.16
1.316e-05 4.32 0.16
1.32e-05 4.32 0.16
1.324e-05 4.48 0.16
1.328e-05 4.48 0.16
1.332e-05 4.56 0.16
1.336e-05 4.56 0.14
1.34e-05 4.64 0.14
1.344e-05 4.64 0.16
1.348e-05 4.72 0.16
1.352e-05 4.72 0.16
1.356e-05 4.8 0.14
1.36e-05 4.8 0.12
1.364e-05 4.88 0.14
1.368e-05 4.88 0.14
1.372e-05 4.96 0.14
1.376e-05 4.96 0.14
1.38e-05 4.96 0.14
1.384e-05 4.96 0.14
1.388e-05 5.12 0.12
1.392e-05 5.12 0.12
1.396e-05 5.12 0.12
1.4e-05 5.2 0.12
1.404e-05 5.2 0.1
1.408e-05 5.28 0.12
1.412e-05 5.28 0.1
1.416e-05 5.28 0.12
1.42e-05 5.36 0.1
1.424e-05 5.36 0.1
1.428e-05 5.44 0.1
1.432e-05 5.44 0.1
1.436e-05 5.44 0.1
1.44e-05 5.44 0.1
1.444e-05 5.52 0.08
1.448e-05 5.52 0.08
1.452e-05 5.6 0.1
1.456e-05 5.6 0.08
1.46e-05 5.6 0.08
1.464e-05 5.6 0.08
1.468e-05 5.68 0.08
1.472e-05 5.76 0.08
1.476e-05 5.76 0.1
1.48e-05 5.76 0.08
1.484e-05 5.76 0.08
1.488e-05 5.84 0.06
1.492e-05 5.84 0.06
1.496e-05 5.76 0.06
1.5e-05 5.84 0.06
1.504e-05 5.84 0.06
1.508e-05 5.84 0.06
1.512e-05 5.92 0.04
1.516e-05 5.92 0.04
1.52e-05 5.92 0.06
1.524e-05 5.92 0.04
1.528e-05 5.92 0.04
1.532e-05 5.92 0.04
1.536e-05 5.92 0.04
1.54e-05 5.92 0.02
1.544e-05 6 0.04
1.548e-05 6.08 0.02
1.552e-05 6.08 0.02
1.556e-05 6.08 0.02
1.56e-05 6.08 0.02
1.564e-05 6.08 0.02
1.568e-05 6.08 0.02
1.572e-05 6.08 0.02
1.576e-05 6.08 0.02
1.58e-05 6 0
1.584e-05 6.08 0
1.588e-05 6.08 0
1.592e-05 6.08 0
1.596e-05 6.08 0
1.6e-05 6.08 0
1.604e-05 6.08 0
1.608e-05 6.08 0
1.612e-05 6.08 0
1.616e-05 6.08 -0.04
1.62e-05 6.08 -0.04
1.624e-05 6.08 -0.06
1.628e-05 6.08 0
1.632e-05 6.08 -0.04
1.636e-05 6.08 -0.06
1.64e-05 6.08 -0.06
1.644e-05 6.08 -0.06
1.648e-05 6.08 -0.04
1.652e-05 6.08 -0.06
1.656e-05 6 -0.06
1.66e-05 6 -0.06
1.664e-05 5.92 -0.06
1.668e-05 6 -0.06
1.672e-05 5.92 -0.06
1.676e-05 5.92 -0.08
1.68e-05 5.92 -0.08
1.684e-05 5.92 -0.08
1.688e-05 5.84 -0.08
1.692e-05 5.92 -0.1
1.696e-05 5.84 -0.08
1.7e-05 5.92 -0.08
1.704e-05 5.84 -0.08
1.708e-05 5.84 -0.1
1.712e-05 5.84 -0.1
1.716e-05 5.76 -0.08
1.72e-05 5.76 -0.1
1.724e-05 5.76 -0.1
1.728e-05 5.76 -0.1
1.732e-05 5.68 -0.12
1.736e-05 5.6 -0.12
1.74e-05 5.6 -0.12
1.744e-05 5.6 -0.12
1.748e-05 5.6 -0.12
1.752e-05 5.6 -0.12
1.756e-05 5.52 -0.12
1.76e-05 5.52 -0.14
1.764e-05 5.52 -0.14
1.768e-05 5.44 -0.12
1.772e-05 5.44 -0.14
1.776e-05 5.44 -0.16
1.78e-05 5.44 -0.16
1.784e-05 5.44 -0.14
1.788e-05 5.28 -0.16
1.792e-05 5.28 -0.16
1.796e-05 5.2 -0.16
1.8e-05 5.2 -0.16
1.804e-05 5.2 -0.16
1.808e-05 5.12 -0.14
1.812e-05 5.12 -0.16
1.816e-05 5.12 -0.16
1.82e-05 4.96 -0.18
1.824e-05 4.96 -0.18
1.828e-05 4.96 -0.18
1.832e-05 4.96 -0.18
1.836e-05 4.88 -0.18
1.84e-05 4.8 -0.18
1.844e-05 4.8 -0.18
1.848e-05 4.8 -0.18
1.852e-05 4.72 -0.18
1.856e-05 4.72 -0.18
1.86e-05 4.64 -0.2
1.864e-05 4.64 -0.2
1.868e-05 4.56 -0.2
1.872e-05 4.56 -0.22
1.876e-05 4.48 -0.2
1.88e-05 4.48 -0.22
1.884e-05 4.4 -0.2
1.888e-05 4.32 -0.22
1.892e-05 4.24 -0.2
1.896e-05 4.24 -0.2
1.9e-05 4.16 -0.22
1.904e-05 4.16 -0.22
1.908e-05 4.08 -0.22
1.912e-05 4 -0.2
1.916e-05 4 -0.22
1.92e-05 3.92 -0.24
1.924e-05 3.92 -0.22
1.928e-05 3.84 -0.24
1.932e-05 3.84 -0.24
1.936e-05 3.76 -0.24
1.94e-05 3.68 -0.24
1.944e-05 3.68 -0.24
1.948e-05 3.6 -0.26
1.952e-05 3.6 -0.24
1.956e-05 3.52 -0.24
1.96e-05 3.44 -0.26
1.964e-05 3.36 -0.24
1.968e-05 3.36 -0.26
1.972e-05 3.28 -0.24
1.976e-05 3.2 -0.26
1.98e-05 3.2 -0.26
1.984e-05 3.12 -0.24
1.988e-05 3.04 -0.26
1.992e-05 2.96 -0.26
1.996e-05 2.88 -0.26
2e-05 2.88 -0.26
2.004e-05 2.88 -0.26
2.008e-05 2.72 -0.26
2.012e-05 2.72 -0.28
2.016e-05 2.64 -0.26
2.02e-05 2.56 -0.26
2.024e-05 2.56 -0.28
2.028e-05 2.4 -0.26
2.032e-05 2.4 -0.26
2.036e-05 2.32 -0.26
2.04e-05 2.32 -0.28
2.044e-05 2.24 -0.28
2.048e-05 2.16 -0.28
2.052e-05 2.08 -0.28
2.056e-05 2.08 -0.3
2.06e-05 1.92 -0.3
2.064e-05 1.92 -0.28
2.068e-05 1.92 -0.3
2.072e-05 1.76 -0.3
2.076e-05 1.68 -0.28
2.08e-05 1.68 -0.3
2.084e-05 1.6 -0.3
2.088e-05 1.6 -0.28
2.092e-05 1.52 -0.28
2.096e-05 1.36 -0.3
2.1e-05 1.36 -0.3
2.104e-05 1.28 -0.3
2.108e-05 1.28 -0.3
2.112e-05 1.12 -0.3
2.116e-05 1.12 -0.3
2.12e-05 0.96 -0.32
2.124e-05 0.96 -0.32
2.128e-05 0.88 -0.32
2.132e-05 0.8 -0.3
2.136e-05 0.72 -0.3
2.14e-05 0.64 -0.3
2.144e-05 0.64 -0.3
2.148e-05 0.48 -0.32
2.152e-05 0.4 -0.32
2.156e-05 0.4 -0.3
2.16e-05 0.32 -0.3
2.164e-05 0.32 -0.32
2.168e-05 0.16 -0.32
2.172e-05 0.16 -0.32
2.176e-05 0.08 -0.32
2.18e-05 0.08 -0.3
2.184e-05 0 -0.32
2.188e-05 0 -0.32
2.192e-05 -0.24 -0.32
2.196e-05 -0.32 -0.32
2.2e-05 -0.32 -0.3
2.204e-05 -0.4 -0.32
2.208e-05 -0.56 -0.3
2.212e-05 -0.56 -0.32
2.216e-05 -0.64 -0.3
2.22e-05 -0.72 -0.32
2.224e-05 -0.72 -0.32
2.228e-05 -0.88 -0.3
2.232e-05 -0.88 -0.32
2.236e-05 -0.96 -0.32
2.24e-05 -1.04 -0.32
2.244e-05 -1.04 -0.3
2.248e-05 -1.2 -0.32
2.252e-05 -1.28 -0.32
2.256e-05 -1.28 -0.32
2.26e-05 -1.36 -0.32
2.264e-05 -1.36 -0.3
2.268e-05 -1.52 -0.3
2.272e-05 -1.52 -0.32
2.276e-05 -1.6 -0.3
2.28e-05 -1.68 -0.32
2.284e-05 -1.68 -0.3
2.288e-05 -1.76 -0.3
2.292e-05 -1.92 -0.3
2.296e-05 -1.92 -0.3
2.3e-05 -1.92 -0.3
2.304e-05 -2 -0.3
2.308e-05 -2.08 -0.32
2.312e-05 -2.16 -0.3
2.316e-05 -2.24 -0.3
2.32e-05 -2.32 -0.28
2.324e-05 -2.32 -0.3
2.328e-05 -2.4 -0.3
2.332e-05 -2.48 -0.3
2.336e-05 -2.56 -0.3
2.34e-05 -2.56 -0.3
2.344e-05 -2.64 -0.3
2.348e-05 -2.64 -0.32
2.352e-05 -2.8 -0.3
2.356e-05 -2.8 -0.3
2.36e-05 -2.88 -0.3
2.364e-05 -2.88 -0.32
2.368e-05 -3.04 -0.3
2.372e-05 -3.04 -0.3
2.376e-05 -3.12 -0.3
2.38e-05 -3.2 -0.3
2.384e-05 -3.2 -0.3
2.388e-05 -3.28 -0.28
2.392e-05 -3.28 -0.28
2.396e-05 -3.44 -0.28
2.4e-05 -3.52 -0.28
2.404e-05 -3.52 -0.28
2.408e-05 -3.6 -0.28
2.412e-05 -3.6 -0.28
2.416e-05 -3.68 -0.28
2.42e-05 -3.76 -0.28
2.424e-05 -3.76 -0.28
2.428e-05 -3.84 -0.26
2.432e-05 -3.84 -0.28
2.436e-05 -3.92 -0.26
2.44e-05 -3.92 -0.26
2.444e-05 -4.08 -0.26
2.448e-05 -4.08 -0.26
2.452e-05 -4.16 -0.26
2.456e-05 -4.16 -0.26
2.46e-05 -4.24 -0.26
2.464e-05 -4.24 -0.26
2.468e-05 -4.24 -0.26
2.472e-05 -4.32 -0.26
2.476e-05 -4.4 -0.26
2.48e-05 -4.48 -0.26
2.484e-05 -4.48 -0.26
2.488e-05 -4.56 -0.26
2.492e-05 -4.56 -0.24
2.496e-05 -4.64 -0.24
2.5e-05 -4.72 -0.26
2.504e-05 -4.72 -0.24
2.508e-05 -4.8 -0.24
2.512e-05 -4.8 -0.24
2.516e-05 -4.88 -0.24
2.52e-05 -4.88 -0.24
2.524e-05 -4.88 -0.24
2.528e-05 -4.96 -0.24
2.532e-05 -5.04 -0.22
2.536e-05 -5.04 -0.24
2.54e-05 -5.04 -0.22
2.544e-05 -5.12 -0.24
2.548e-05 -5.2 -0.22
2.552e-05 -5.12 -0.22
2.556e-05 -5.2 -0.22
2.56e-05 -5.2 -0.22
2.564e-05 -5.2 -0.22
2.568e-05 -5.28 -0.22
2.572e-05 -5.36 -0.2
2.576e-05 -5.36 -0.22
2.58e-05 -5.44 -0.18
2.584e-05 -5.44 -0.2
2.588e-05 -5.52 -0.18
2.592e-05 -5.52 -0.2
2.596e-05 -5.52 -0.2
2.6e-05 -5.52 -0.18
2.604e-05 -5.52 -0.16
2.608e-05 -5.6 -0.18
2.612e-05 -5.68 -0.2
2.616e-05 -5.68 -0.16
2.62e-05 -5.68 -0.16
2.624e-05 -5.68 -0.18
2.628e-05 -5.76 -0.18
2.632e-05 -5.76 -0.18
2.636e-05 -5.76 -0.16
2.64e-05 -5.76 -0.16
2.644e-05 -5.84 -0.16
2.648e-05 -5.84 -0.16
2.652e-05 -5.84 -0.16
2.656e-05 -5.84 -0.16
2.66e-05 -5.92 -0.16
2.664e-05 -5.92 -0.14
2.668e-05 -6 -0.14
2.672e-05 -6 -0.16
2.676e-05 -6 -0.14
2.68e-05 -6 -0.16
2.684e-05 -6 -0.14
2.688e-05 -6 -0.14
2.692e-05 -6 -0.12
2.696e-05 -6.08 -0.14
2.7e-05 -6.08 -0.14
2.704e-05 -6.08 -0.14
2.708e-05 -6.16 -0.12
2.712e-05 -6.08 -0.12
2.716e-05 -6.08 -0.12
2.72e-05 -6.16 -0.12
2.724e-05 -6.08 -0.12
2.728e-05 -6.16 -0.1
2.732e-05 -6.16 -0.1
2.736e-05 -6.16 -0.12
2.74e-05 -6.16 -0.08
2.744e-05 -6.16 -0.1
2.748e-05 -6.16 -0.08
2.752e-05 -6.16 -0.1
2.756e-05 -6.16 -0.08
2.76e-05 -6.16 -0.08
2.764e-05 -6.16 -0.08
2.768e-05 -6.16 -0.08
2.772e-05 -6.16 -0.08
2.776e-05 -6.16 -0.08
2.78e-05 -6.16 -0.08
2.784e-05 -6.16 -0.06
2.788e-05 -6.16 -0.08
2.792e-05 -6.16 -0.08
2.796e-05 -6.16 -0.06
2.8e-05 -6.16 -0.06
2.804e-05 -6.16 -0.06
2.808e-05 -6.16 -0.06
2.812e-05 -6.08 -0.06
2.816e-05 -6.08 0
2.82e-05 -6.16 -0.06
2.824e-05 -6 -0.04
2.828e-05 -6.08 -0.04
2.832e-05 -6 -0.04
2.836e-05 -6 0
2.84e-05 -6.08 -0.04
2.844e-05 -6 0
2.848e-05 -6 0
2.852e-05 -6 0
2.856e-05 -6 0
2.86e-05 -6 0
2.864e-05 -6 0
2.868e-05 -5.84 0
2.872e-05 -5.84 0.02
2.876e-05 -5.84 0
2.88e-05 -5.84 0.02
2.884e-05 -5.84 0.02
2.888e-05 -5.84 0.02
2.892e-05 -5.76 0
2.896e-05 -5.76 0.02
2.9e-05 -5.76 0.04
2.904e-05 -5.76 0.04
2.908e-05 -5.68 0.02
2.912e-05 -5.68 0.04
2.916e-05 -5.68 0.02
2.92e-05 -5.6 0.04
2.924e-05 -5.52 0.04
2.928e-05 -5.52 0.04
2.932e-05 -5.52 0.04
2.936e-05 -5.52 0.06
2.94e-05 -5.52 0.06
2.944e-05 -5.44 0.04
2.948e-05 -5.44 0.06
2.952e-05 -5.36 0.06
2.956e-05 -5.36 0.08
2.96e-05 -5.36 0.06
2.964e-05 -5.28 0.08
2.968e-05 -5.2 0.08
2.972e-05 -5.2 0.08
2.976e-05 -5.2 0.08
2.98e-05 -5.12 0.06
2.984e-05 -5.12 0.08
2.988e-05 -5.04 0.08
2.992e-05 -5.04 0.08
2.996e-05 -4.96 0.1
3e-05 -4.96 0.08
3.004e-05 -4.88 0.08
3.008e-05 -4.88 0.1
3.012e-05 -4.8 0.1
3.016e-05 -4.88 0.1
3.02e-05 -4.8 0.1
3.024e-05 -4.72 0.1
3.028e-05 -4.72 0.1
3.032e-05 -4.64 0.1
3.036e-05 -4.56 0.1
3.04e-05 -4.56 0.1
3.044e-05 -4.56 0.1
3.048e-05 -4.48 0.1
3.052e-05 -4.4 0.12
3.056e-05 -4.4 0.12
3.06e-05 -4.32 0.12
3.064e-05 -4.24 0.12
3.068e-05 -4.16 0.12
3.072e-05 -4.16 0.12
3.076e-05 -4.16 0.12
3.08e-05 -4.08 0.16
3.084e-05 -4 0.12
3.088e-05 -3.92 0.12
3.092e-05 -3.92 0.12
3.096e-05 -3.84 0.14
3.1e-05 -3.84 0.14
3.104e-05 -3.84 0.14
3.108e-05 -3.68 0.14
3.112e-05 -3.68 0.16
3.116e-05 -3.6 0.16
3.12e-05 -3.52 0.16
3.124e-05 -3.52 0.16
3.128e-05 -3.44 0.16
3.132e-05 -3.44 0.16
3.136e-05 -3.28 0.16
3.14e-05 -3.28 0.16
3.144e-05 -3.2 0.16
3.148e-05 -3.12 0.16
3.152e-05 -3.12 0.18
3.156e-05 -3.12 0.18
3.16e-05 -2.96 0.16
3.164e-05 -2.96 0.18
3.168e-05 -2.88 0.18
3.172e-05 -2.8 0.18
3.176e-05 -2.8 0.18
3.18e-05 -2.64 0.18
3.184e-05 -2.64 0.18
3.188e-05 -2.56 0.18
3.192e-05 -2.64 0.18
3.196e-05 -2.48 0.18
3.2e-05 -2.4 0.18
3.204e-05 -2.32 0.18
3.208e-05 -2.24 0.18
3.212e-05 -2.24 0.18
3.216e-05 -2.16 0.2
3.22e-05 -2.08 0.2
3.224e-05 -2 0.2
3.228e-05 -2 0.18
3.232e-05 -1.92 0.2
3.236e-05 -1.84 0.2
3.24e-05 -1.84 0.22
3.244e-05 -1.68 0.2
3.248e-05 -1.68 0.2
3.252e-05 -1.6 0.2
3.256e-05 -1.52 0.2
3.26e-05 -1.44 0.2
3.264e-05 -1.36 0.2
3.268e-05 -1.36 0.2
3.272e-05 -1.28 0.2
3.276e-05 -1.28 0.2
3.28e-05 -1.2 0.2
3.284e-05 -1.04 0.2
3.288e-05 -1.04 0.22
3.292e-05 -0.96 0.22
3.296e-05 -0.88 0.2
3.3e-05 -0.88 0.2
3.304e-05 -0.8 0.2
3.308e-05 -0.72 0.22
3.312e-05 -0.64 0.2
3.316e-05 -0.56 0.2
3.32e-05 -0.48 0.22
3.324e-05 -0.4 0.2
3.328e-05 -0.4 0.22
3.332e-05 -0.32 0.2
3.336e-05 -0.24 0.2
3.34e-05 0 0.22
3.344e-05 0 0.22
3.348e-05 0.08 0.22
3.352e-05 0.08 0.22
3.356e-05 0.16 0.22
3.36e-05 0.32 0.22
3.364e-05 0.32 0.22
3.368e-05 0.4 0.22
3.372e-05 0.4 0.22
3.376e-05 0.48 0.22
3.38e-05 0.48 0.22
3.384e-05 0.64 0.24
3.388e-05 0.72 0.2
3.392e-05 0.8 0.24
3.396e-05 0.8 0.22
3.4e-05 0.96 0.22
3.404e-05 0.96 0.22
3.408e-05 1.04 0.24
3.412e-05 1.12 0.24
3.416e-05 1.12 0.22
3.42e-05 1.28 0.22
3.424e-05 1.28 0.22
3.428e-05 1.36 0.22
3.432e-05 1.36 0.24
3.436e-05 1.44 0.22
3.44e-05 1.6 0.22
3.444e-05 1.6 0.2
3.448e-05 1.68 0.22
3.452e-05 1.76 0.22
3.456e-05 1.76 0.2
3.46e-05 1.84 0.2
3.464e-05 1.92 0.22
3.468e-05 1.92 0.22
3.472e-05 2 0.22
3.476e-05 2.08 0.2
3.48e-05 2.24 0.22
3.484e-05 2.24 0.22
3.488e-05 2.32 0.22
3.492e-05 2.32 0.2
3.496e-05 2.4 0.22
3.5e-05 2.48 0.2
3.504e-05 2.56 0.22
3.508e-05 2.56 0.2
3.512e-05 2.56 0.2
3.516e-05 2.64 0.22
3.52e-05 2.72 0.2
3.524e-05 2.88 0.2
3.528e-05 2.88 0.22
3.532e-05 2.96 0.2
3.536e-05 3.04 0.22
3.54e-05 3.04 0.2
3.544e-05 3.2 0.2
3.548e-05 3.2 0.2
3.552e-05 3.2 0.18
3.556e-05 3.28 0.2
3.56e-05 3.28 0.2
3.564e-05 3.36 0.2
3.568e-05 3.36 0.2
3.572e-05 3.52 0.2
3.576e-05 3.52 0.2
3.58e-05 3.6 0.18
3.584e-05 3.68 0.2
3.588e-05 3.68 0.18
3.592e-05 3.84 0.2
3.596e-05 3.84 0.18
3.6e-05 3.84 0.18
3.604e-05 3.92 0.18
3.608e-05 3.92 0.18
3.612e-05 4 0.18
3.616e-05 4 0.16
3.62e-05 4.08 0.16
3.624e-05 4.16 0.18
3.628e-05 4.16 0.16
3.632e-05 4.24 0.18
3.636e-05 4.32 0.16
3.64e-05 4.32 0.16
3.644e-05 4.4 0.16
3.648e-05 4.48 0.18
3.652e-05 4.48 0.16
3.656e-05 4.48 0.16
3.66e-05 4.56 0.16
3.664e-05 4.56 0.16
3.668e-05 4.64 0.14
3.672e-05 4.64 0.16
3.676e-05 4.8 0.16
3.68e-05 4.8 0.14
3.684e-05 4.8 0.14
3.688e-05 4.8 0.14
3.692e-05 4.88 0.14
3.696e-05 4.88 0.14
3.7e-05 4.96 0.14
3.704e-05 4.96 0.12
3.708e-05 5.04 0.12
3.712e-05 5.12 0.12
3.716e-05 5.12 0.12
3.72e-05 5.12 0.12
3.724e-05 5.12 0.12
3.728e-05 5.2 0.12
3.732e-05 5.2 0.1
3.736e-05 5.28 0.1
3.74e-05 5.28 0.1
3.744e-05 5.36 0.1
3.748e-05 5.36 0.1
3.752e-05 5.44 0.12
3.756e-05 5.44 0.1
3.76e-05 5.44 0.1
3.764e-05 5.44 0.1
3.768e-05 5.52 0.1
3.772e-05 5.52 0.1
3.776e-05 5.52 0.08
3.78e-05 5.6 0.08
3.784e-05 5.6 0.1
3.788e-05 5.6 0.08
3.792e-05 5.6 0.08
3.796e-05 5.68 0.06
3.8e-05 5.68 0.08
3.804e-05 5.76 0.08
3.808e-05 5.76 0.08
3.812e-05 5.76 0.06
3.816e-05 5.76 0.06
3.82e-05 5.84 0.08
3.824e-05 5.84 0.06
3.828e-05 5.84 0.06
3.832e-05 5.84 0.06
3.836e-05 5.92 0.04
3.84e-05 5.84 0.06
3.844e-05 5.92 0.04
3.848e-05 5.92 0.04
3.852e-05 5.92 0.04
3.856e-05 5.92 0.04
3.86e-05 5.92 0.04
3.864e-05 6 0.04
3.868e-05 6.08 0.04
3.872e-05 6.08 0.04
3.876e-05 6 0.02
3.88e-05 6.08 0.02
3.884e-05 6.08 0.02
3.888e-05 6.08 0.02
3.892e-05 6 0.02
3.896e-05 6.08 0.02
3.9e-05 6.08 0
3.904e-05 6.08 0
3.908e-05 6.08 0
3.912e-05 6.08 0
3.916e-05 6.08 0.02
3.92e-05 6.08 0
3.924e-05 6.08 0
3.928e-05 6 0
3.932e-05 6.08 0
3.936e-05 6.08 0
3.94e-05 6.08 -0.04
3.944e-05 6.08 0
3.948e-05 6.08 0
3.952e-05 6.08 -0.06
3.956e-05 6.08 -0.06
3.96e-05 6.08 -0.04
3.964e-05 6.08 -0.04
3.968e-05 6.08 -0.06
3.972e-05 6.08 -0.06
3.976e-05 6 -0.06
3.98e-05 6 -0.04
3.984e-05 6.08 -0.06
3.988e-05 6 -0.08
3.992e-05 6 -0.08
3.996e-05 5.92 -0.06
4e-05 5.92 -0.06
4.004e-05 5.92 -0.06
4.008e-05 5.92 -0.08
4.012e-05 5.92 -0.08
4.016e-05 5.92 -0.08
4.02e-05 5.84 -0.08
4.024e-05 5.84 -0.1
4.028e-05 5.76 -0.1
4.032e-05 5.84 -0.1
4.036e-05 5.84 -0.1
4.04e-05 5.76 -0.1
4.044e-05 5.76 -0.1
4.048e-05 5.76 -0.1
4.052e-05 5.76 -0.1
4.056e-05 5.76 -0.1
4.06e-05 5.68 -0.12
4.064e-05 5.6 -0.12
4.068e-05 5.6 -0.12
4.072e-05 5.6 -0.12
4.076e-05 5.6 -0.14
4.08e-05 5.6 -0.14
4.084e-05 5.52 -0.14
4.088e-05 5.44 -0.12
4.092e-05 5.44 -0.14
4.096e-05 5.44 -0.14
4.1e-05 5.44 -0.16
4.104e-05 5.44 -0.14
4.108e-05 5.36 -0.14
4.112e-05 5.28 -0.14
4.116e-05 5.28 -0.16
4.12e-05 5.28 -0.16
4.124e-05 5.2 -0.14
4.128e-05 5.2 -0.16
4.132e-05 5.12 -0.16
4.136e-05 5.12 -0.16
4.14e-05 5.12 -0.16
4.144e-05 5.04 -0.16
4.148e-05 4.96 -0.18
4.152e-05 4.96 -0.16
4.156e-05 4.88 -0.18
4.16e-05 4.88 -0.16
4.164e-05 4.88 -0.18
4.168e-05 4.8 -0.18
4.172e-05 4.8 -0.18
4.176e-05 4.8 -0.18
4.18e-05 4.64 -0.18
4.184e-05 4.64 -0.2
4.188e-05 4.64 -0.2
4.192e-05 4.56 -0.18
4.196e-05 4.48 -0.2
4.2e-05 4.48 -0.2
4.204e-05 4.48 -0.22
4.208e-05 4.32 -0.22
4.212e-05 4.32 -0.2
4.216e-05 4.32 -0.22
4.22e-05 4.24 -0.22
4.224e-05 4.16 -0.22
4.228e-05 4.16 -0.2
4.232e-05 4.16 -0.22
4.236e-05 4 -0.22
4.24e-05 4 -0.22
4.244e-05 3.92 -0.24
4.248e-05 3.92 -0.24
4.252e-05 3.84 -0.24
4.256e-05 3.84 -0.24
4.26e-05 3.76 -0.24
4.264e-05 3.76 -0.22
4.268e-05 3.68 -0.24
4.272e-05 3.6 -0.24
4.276e-05 3.52 -0.24
4.28e-05 3.52 -0.24
4.284e-05 3.44 -0.24
4.288e-05 3.36 -0.26
4.292e-05 3.36 -0.26
4.296e-05 3.28 -0.24
4.3e-05 3.28 -0.26
4.304e-05 3.2 -0.26
4.308e-05 3.04 -0.26
4.312e-05 3.04 -0.26
4.316e-05 3.04 -0.26
4.32e-05 2.96 -0.26
4.324e-05 2.88 -0.26
4.328e-05 2.88 -0.28
4.332e-05 2.88 -0.26
4.336e-05 2.72 -0.26
4.34e-05 2.64 -0.28
4.344e-05 2.56 -0.28
4.348e-05 2.56 -0.26
4.352e-05 2.56 -0.26
4.356e-05 2.4 -0.26
4.36e-05 2.32 -0.26
4.364e-05 2.24 -0.28
4.368e-05 2.24 -0.28
4.372e-05 2.24 -0.28
4.376e-05 2.08 -0.3
4.38e-05 2.08 -0.28
4.384e-05 2 -0.28
4.388e-05 1.92 -0.28
4.392e-05 1.92 -0.28
4.396e-05 1.76 -0.28
4.4e-05 1.76 -0.3
4.404e-05 1.68 -0.3
4.408e-05 1.6 -0.3
4.412e-05 1.6 -0.3
4.416e-05 1.44 -0.3
4.42e-05 1.36 -0.3
4.424e-05 1.36 -0.3
4.428e-05 1.28 -0.3
4.432e-05 1.28 -0.32
4.436e-05 1.28 -0.3
4.44e-05 1.12 -0.3
4.444e-05 1.04 -0.28
4.448e-05 0.96 -0.32
4.452e-05 0.96 -0.3
4.456e-05 0.8 -0.3
4.46e-05 0.72 -0.3
4.464e-05 0.72 -0.3
4.468e-05 0.64 -0.3
4.472e-05 0.56 -0.32
4.476e-05 0.56 -0.3
4.48e-05 0.4 -0.32
4.484e-05 0.4 -0.3
4.488e-05 0.32 -0.32
4.492e-05 0.32 -0.3
4.496e-05 0.16 -0.3
4.5e-05 0.08 -0.32
4.504e-05 0.08 -0.3
4.508e-05 0 -0.3
4.512e-05 -0.16 -0.3
4.516e-05 -0.24 -0.32
4.52e-05 -0.32 -0.32
4.524e-05 -0.4 -0.3
4.528e-05 -0.4 -0.32
4.532e-05 -0.48 -0.3
4.536e-05 -0.56 -0.32
4.54e-05 -0.64 -0.32
4.544e-05 -0.64 -0.32
4.548e-05 -0.72 -0.32
4.552e-05 -0.88 -0.3
4.556e-05 -0.88 -0.32
4.56e-05 -0.96 -0.3
4.564e-05 -1.04 -0.3
4.568e-05 -1.04 -0.3
4.572e-05 -1.04 -0.32
4.576e-05 -1.2 -0.32
4.58e-05 -1.36 -0.32
4.584e-05 -1.36 -0.32
4.588e-05 -1.36 -0.32
4.592e-05 -1.52 -0.32
4.596e-05 -1.52 -0.32
4.6e-05 -1.6 -0.3
4.604e-05 -1.68 -0.32
4.608e-05 -1.68 -0.3
4.612e-05 -1.76 -0.32
4.616e-05 -1.84 -0.3
4.62e-05 -1.84 -0.3
4.624e-05 -1.92 -0.32
4.628e-05 -2 -0.32
4.632e-05 -2 -0.3
4.636e-05 -2.16 -0.3
4.64e-05 -2.16 -0.3
4.644e-05 -2.24 -0.32
4.648e-05 -2.32 -0.32
4.652e-05 -2.32 -0.3
4.656e-05 -2.48 -0.3
4.66e-05 -2.56 -0.32
4.664e-05 -2.56 -0.3
4.668e-05 -2.64 -0.3
4.672e-05 -2.64 -0.3
4.676e-05 -2.72 -0.3
4.68e-05 -2.8 -0.3
4.684e-05 -2.88 -0.28
4.688e-05 -2.96 -0.3
4.692e-05 -2.96 -0.3
4.696e-05 -3.04 -0.3
4.7e-05 -3.12 -0.32
4.704e-05 -3.12 -0.28
4.708e-05 -3.2 -0.3
4.712e-05 -3.28 -0.28
4.716e-05 -3.36 -0.3
4.72e-05 -3.44 -0.28
4.724e-05 -3.44 -0.28
4.728e-05 -3.52 -0.3
4.732e-05 -3.6 -0.26
4.736e-05 -3.6 -0.28
4.74e-05 -3.68 -0.28
4.744e-05 -3.68 -0.26
4.748e-05 -3.76 -0.28
4.752e-05 -3.76 -0.26
4.756e-05 -3.84 -0.28
4.76e-05 -3.92 -0.26
4.764e-05 -3.92 -0.28
4.768e-05 -3.92 -0.26
4.772e-05 -4.08 -0.26
4.776e-05 -4.08 -0.26
4.78e-05 -4.16 -0.26
4.784e-05 -4.16 -0.26
4.788e-05 -4.24 -0.26
4.792e-05 -4.24 -0.26
4.796e-05 -4.4 -0.26
4.8e-05 -4.4 -0.26
4.804e-05 -4.4 -0.26
4.808e-05 -4.48 -0.24
4.812e-05 -4.48 -0.24
4.816e-05 -4.56 -0.24
4.82e-05 -4.64 -0.26
4.824e-05 -4.72 -0.24
4.828e-05 -4.72 -0.24
4.832e-05 -4.8 -0.24
4.836e-05 -4.8 -0.24
4.84e-05 -4.8 -0.24
4.844e-05 -4.88 -0.24
4.848e-05 -4.88 -0.22
4.852e-05 -4.96 -0.22
4.856e-05 -5.04 -0.22
4.86e-05 -5.04 -0.24
4.864e-05 -5.04 -0.22
4.868e-05 -5.12 -0.22
4.872e-05 -5.2 -0.22
4.876e-05 -5.12 -0.22
4.88e-05 -5.2 -0.24
4.884e-05 -5.28 -0.22
4.888e-05 -5.28 -0.22
4.892e-05 -5.2 -0.22
4.896e-05 -5.36 -0.22
4.9e-05 -5.36 -0.22
4.904e-05 -5.36 -0.2
4.908e-05 -5.44 -0.22
4.912e-05 -5.44 -0.22
4.916e-05 -5.52 -0.22
4.92e-05 -5.52 -0.18
4.924e-05 -5.52 -0.2
4.928e-05 -5.52 -0.18
4.932e-05 -5.6 -0.18
4.936e-05 -5.68 -0.18
4.94e-05 -5.68 -0.18
4.944e-05 -5.68 -0.18
4.948e-05 -5.76 -0.18
4.952e-05 -5.76 -0.18
4.956e-05 -5.76 -0.16
4.96e-05 -5.76 -0.16
4.964e-05 -5.76 -0.16
4.968e-05 -5.76 -0.16
4.972e-05 -5.84 -0.16
4.976e-05 -5.84 -0.16
4.98e-05 -5.84 -0.16
4.984e-05 -5.84 -0.16
4.988e-05 -5.92 -0.14
4.992e-05 -5.84 -0.16
4.996e-05 -5.92 -0.16
5e-05 -6 -0.14
5.004e-05 -6 -0.14
5.008e-05 -6.08 -0.14
5.012e-05 -6 -0.16
5.016e-05 -6 -0.14
5.02e-05 -6 -0.12
5.024e-05 -6.08 -0.1
5.028e-05 -6.08 -0.12
5.032e-05 -6.08 -0.12
5.036e-05 -6.08 -0.12
5.04e-05 -6.08 -0.12
5.044e-05 -6.08 -0.1
5.048e-05 -6.08 -0.12
5.052e-05 -6.08 -0.1
5.056e-05 -6.16 -0.1
5.06e-05 -6.08 -0.1
5.064e-05 -6.16 -0.08
5.068e-05 -6.16 -0.1
5.072e-05 -6.16 -0.1
5.076e-05 -6.16 -0.08
5.08e-05 -6.16 -0.08
5.084e-05 -6.16 -0.08
5.088e-05 -6.16 -0.08
5.092e-05 -6.16 -0.08
5.096e-05 -6.16 -0.08
5.1e-05 -6.16 -0.08
5.104e-05 -6.16 -0.08
5.108e-05 -6.16 -0.08
5.112e-05 -6.16 -0.08
5.116e-05 -6.16 -0.06
5.12e-05 -6.08 -0.06
5.124e-05 -6.08 -0.06
5.128e-05 -6.08 -0.06
5.132e-05 -6.16 -0.04
5.136e-05 -6.08 -0.06
5.14e-05 -6.08 -0.04
5.144e-05 -6.08 -0.04
5.148e-05 -6.08 -0.04
5.152e-05 -6.08 -0.04
5.156e-05 -6.08 -0.04
5.16e-05 -6.08 -0.04
5.164e-05 -6 0
5.168e-05 -6 -0.04
5.172e-05 -6 -0.06
5.176e-05 -6 -0.04
5.18e-05 -6 0
5.184e-05 -5.92 0
5.188e-05 -6 0
5.192e-05 -5.92 0
5.196e-05 -5.92 0
5.2e-05 -5.84 0.02
5.204e-05 -5.84 0.02
5.208e-05 -5.84 0.02
5.212e-05 -5.84 0
5.216e-05 -5.76 0.02
5.22e-05 -5.76 0.02
5.224e-05 -5.76 0.02
5.228e-05 -5.68 0.02
5.232e-05 -5.68 0.02
5.236e-05 -5.68 0.02
5.24e-05 -5.68 0.02
5.244e-05 -5.6 0.04
5.248e-05 -5.52 0.04
5.252e-05 -5.6 0.04
5.256e-05 -5.52 0.04
5.26e-05 -5.52 0.04
5.264e-05 -5.52 0.04
5.268e-05 -5.52 0.04
5.272e-05 -5.44 0.08
5.276e-05 -5.44 0.04
5.28e-05 -5.36 0.04
5.284e-05 -5.36 0.06
5.288e-05 -5.28 0.08
5.292e-05 -5.2 0.08
5.296e-05 -5.2 0.08
5.3e-05 -5.2 0.06
5.304e-05 -5.12 0.08
5.308e-05 -5.12 0.08
5.312e-05 -5.12 0.08
5.316e-05 -5.04 0.08
5.32e-05 -5.04 0.08
5.324e-05 -5.04 0.1
5.328e-05 -4.88 0.1
5.332e-05 -4.88 0.1
5.336e-05 -4.88 0.1
5.34e-05 -4.88 0.1
5.344e-05 -4.8 0.1
5.348e-05 -4.8 0.1
5.352e-05 -4.72 0.1
5.356e-05 -4.64 0.1
5.36e-05 -4.56 0.12
5.364e-05 -4.56 0.12
5.368e-05 -4.48 0.1
5.372e-05 -4.48 0.1
5.376e-05 -4.4 0.12
5.38e-05 -4.4 0.14
5.384e-05 -4.4 0.12
5.388e-05 -4.24 0.12
5.392e-05 -4.24 0.12
5.396e-05 -4.16 0.14
5.4e-05 -4.16 0.12
5.404e-05 -4.08 0.14
5.408e-05 -4.08 0.14
5.412e-05 -3.92 0.14
5.416e-05 -3.92 0.16
5.42e-05 -3.92 0.14
5.424e-05 -3.76 0.16
5.428e-05 -3.84 0.14
5.432e-05 -3.76 0.16
5.436e-05 -3.6 0.16
5.44e-05 -3.6 0.16
5.444e-05 -3.6 0.16
5.448e-05 -3.52 0.18
5.452e-05 -3.52 0.16
5.456e-05 -3.44 0.16
5.46e-05 -3.44 0.16
5.464e-05 -3.28 0.16
5.468e-05 -3.28 0.18
5.472e-05 -3.2 0.18
5.476e-05 -3.12 0.16
5.48e-05 -3.12 0.16
5.484e-05 -3.04 0.18
5.488e-05 -2.96 0.16
5.492e-05 -2.88 0.18
5.496e-05 -2.88 0.16
5.5e-05 -2.8 0.2
5.504e-05 -2.64 0.18
5.508e-05 -2.64 0.18
5.512e-05 -2.64 0.18
5.516e-05 -2.56 0.18
5.52e-05 -2.48 0.18
5.524e-05 -2.48 0.18
5.528e-05 -2.32 0.18
5.532e-05 -2.32 0.18
5.536e-05 -2.24 0.2
5.54e-05 -2.24 0.2
5.544e-05 -2.16 0.2
5.548e-05 -2 0.18
5.552e-05 -2 0.2
5.556e-05 -1.92 0.2
5.56e-05 -1.84 0.2
5.564e-05 -1.84 0.18
5.568e-05 -1.76 0.2
5.572e-05 -1.68 0.2
5.576e-05 -1.6 0.2
5.58e-05 -1.6 0.18
5.584e-05 -1.52 0.2
5.588e-05 -1.44 0.2
5.592e-05 -1.36 0.2
5.596e-05 -1.36 0.2
5.6e-05 -1.28 0.2
5.604e-05 -1.2 0.22
5.608e-05 -1.12 0.2
5.612e-05 -1.04 0.2
5.616e-05 -0.96 0.22
5.62e-05 -0.88 0.2
5.624e-05 -0.88 0.22
5.628e-05 -0.72 0.2
5.632e-05 -0.72 0.2
5.636e-05 -0.64 0.2
5.64e-05 -0.64 0.22
5.644e-05 -0.56 0.24
5.648e-05 -0.4 0.22
5.652e-05 -0.4 0.2
5.656e-05 -0.32 0.22
5.66e-05 -0.32 0.24
5.664e-05 -0.24 0.24
5.668e-05 -0.16 0.22
5.672e-05 0 0.24
5.676e-05 0.08 0.2
5.68e-05 0.16 0.24
5.684e-05 0.16 0.22
5.688e-05 0.32 0.22
5.692e-05 0.32 0.22
5.696e-05 0.4 0.24
5.7e-05 0.48 0.24
5.704e-05 0.56 0.2
5.708e-05 0.64 0.22
5.712e-05 0.64 0.22
5.716e-05 0.72 0.22
5.72e-05 0.8 0.22
5.724e-05 0.8 0.22
5.728e-05 0.96 0.24
5.732e-05 1.04 0.24
5.736e-05 1.04 0.22
5.74e-05 1.04 0.22
5.744e-05 1.2 0.22
5.748e-05 1.28 0.24
5.752e-05 1.28 0.22
5.756e-05 1.36 0.22
5.76e-05 1.44 0.22
5.764e-05 1.52 0.22
5.768e-05 1.6 0.22
5.772e-05 1.6 0.2
5.776e-05 1.68 0.22
5.78e-05 1.76 0.22
5.784e-05 1.76 0.22
5.788e-05 1.92 0.22
5.792e-05 1.92 0.2
5.796e-05 2 0.2
5.8e-05 2.08 0.2
5.804e-05 2.16 0.2
5.808e-05 2.24 0.2
5.812e-05 2.24 0.2
5.816e-05 2.24 0.22
5.82e-05 2.4 0.2
5.824e-05 2.48 0.22
5.828e-05 2.48 0.2
5.832e-05 2.56 0.2
5.836e-05 2.56 0.22
5.84e-05 2.64 0.22
5.844e-05 2.72 0.2
5.848e-05 2.88 0.2
5.852e-05 2.88 0.2
5.856e-05 2.88 0.2
5.86e-05 2.96 0.2
5.864e-05 3.04 0.2
5.868e-05 3.12 0.18
5.872e-05 3.2 0.2
5.876e-05 3.2 0.18
5.88e-05 3.28 0.2
5.884e-05 3.28 0.2
5.888e-05 3.36 0.2
5.892e-05 3.36 0.2
5.896e-05 3.52 0.18
5.9e-05 3.52 0.2
5.904e-05 3.52 0.18
5.908e-05 3.6 0.2
5.912e-05 3.68 0.18
5.916e-05 3.76 0.18
5.92e-05 3.84 0.18
5.924e-05 3.84 0.18
5.928e-05 3.84 0.18
5.932e-05 3.92 0.18
5.936e-05 3.92 0.16
5.94e-05 4 0.16
5.944e-05 4 0.18
5.948e-05 4.16 0.18
5.952e-05 4.16 0.18
5.956e-05 4.24 0.18
5.96e-05 4.24 0.16
5.964e-05 4.32 0.18
5.968e-05 4.32 0.16
5.972e-05 4.48 0.16
5.976e-05 4.48 0.16
5.98e-05 4.48 0.16
5.984e-05 4.56 0.16
5.988e-05 4.56 0.16
5.992e-05 4.64 0.14
5.996e-05 4.64 0.16
6e-05 4.8 0.16
6.004e-05 4.8 0.14
6.008e-05 4.8 0.14
6.012e-05 4.88 0.16
6.016e-05 4.88 0.16
6.02e-05 4.88 0.14
6.024e-05 4.96 0.12
6.028e-05 4.96 0.12
6.032e-05 4.96 0.14
6.036e-05 5.12 0.12
6.04e-05 5.12 0.12
6.044e-05 5.12 0.12
6.048e-05 5.2 0.12
6.052e-05 5.12 0.12
6.056e-05 5.2 0.12
6.06e-05 5.2 0.12
6.064e-05 5.28 0.12
6.068e-05 5.36 0.12
6.072e-05 5.36 0.1
6.076e-05 5.44 0.1
6.08e-05 5.44 0.1
6.084e-05 5.44 0.1
6.088e-05 5.44 0.1
6.092e-05 5.44 0.08
6.096e-05 5.52 0.08
6.1e-05 5.52 0.08
6.104e-05 5.52 0.08
6.108e-05 5.6 0.08
6.112e-05 5.6 0.08
6.116e-05 5.6 0.08
6.12e-05 5.68 0.08
6.124e-05 5.76 0.08
6.128e-05 5.76 0.08
6.132e-05 5.76 0.06
6.136e-05 5.76 0.08
6.14e-05 5.84 0.08
6.144e-05 5.76 0.06
6.148e-05 5.84 0.06
6.152e-05 5.92 0.06
6.156e-05 5.84 0.06
6.16e-05 5.84 0.04
6.164e-05 5.92 0.04
6.168e-05 5.84 0.06
6.172e-05 5.92 0.06
6.176e-05 5.92 0.04
6.18e-05 5.92 0.04
6.184e-05 5.92 0.04
6.188e-05 5.92 0.02
6.192e-05 6 0.04
6.196e-05 6 0.04
6.2e-05 6 0.04
6.204e-05 6 0.02
6.208e-05 6 0.02
6.212e-05 6.08 0.02
6.216e-05 6.08 0
6.22e-05 6.08 0.02
6.224e-05 6.08 0
6.228e-05 6.08 0.02
6.232e-05 6.08 0.02
6.236e-05 6.08 0
6.24e-05 6.08 0
6.244e-05 6.08 0
6.248e-05 6.08 0
6.252e-05 6.08 0
6.256e-05 6.08 0
6.26e-05 6.08 0
6.264e-05 6.08 -0.04
6.268e-05 6 -0.04
6.272e-05 6.08 -0.04
6.276e-05 6.08 -0.04
6.28e-05 6.08 -0.04
6.284e-05 6.08 -0.06
6.288e-05 6.08 -0.06
6.292e-05 6.08 -0.06
6.296e-05 6.08 -0.04
6.3e-05 6.08 -0.04
6.304e-05 6 -0.06
6.308e-05 6 -0.06
6.312e-05 6 -0.08
6.316e-05 6 -0.06
6.32e-05 5.92 -0.08
6.324e-05 5.92 -0.08
6.328e-05 5.92 -0.08
6.332e-05 5.92 -0.08
6.336e-05 5.92 -0.08
6.34e-05 5.92 -0.08
6.344e-05 5.92 -0.08
6.348e-05 5.84 -0.08
6.352e-05 5.84 -0.08
6.356e-05 5.84 -0.1
6.36e-05 5.84 -0.08
6.364e-05 5.76 -0.1
6.368e-05 5.76 -0.08
6.372e-05 5.76 -0.1
6.376e-05 5.76 -0.12
6.38e-05 5.76 -0.12
6.384e-05 5.6 -0.1
6.388e-05 5.6 -0.12
6.392e-05 5.6 -0.12
6.396e-05 5.6 -0.1
6.4e-05 5.6 -0.12
6.404e-05 5.52 -0.14
6.408e-05 5.52 -0.12
6.412e-05 5.44 -0.12
6.416e-05 5.52 -0.14
6.42e-05 5.44 -0.14
6.424e-05 5.44 -0.14
6.428e-05 5.44 -0.14
6.432e-05 5.36 -0.14
6.436e-05 5.28 -0.14
6.44e-05 5.28 -0.14
6.444e-05 5.28 -0.16
6.448e-05 5.28 -0.14
6.452e-05 5.2 -0.16
6.456e-05 5.12 -0.16
6.46e-05 5.12 -0.16
6.464e-05 5.12 -0.18
6.468e-05 5.12 -0.16
6.472e-05 4.96 -0.16
6.476e-05 5.04 -0.16
6.48e-05 4.96 -0.18
6.484e-05 4.88 -0.18
6.488e-05 4.88 -0.18
6.492e-05 4.88 -0.16
6.496e-05 4.8 -0.2
6.5e-05 4.8 -0.2
6.504e-05 4.64 -0.2
6.508e-05 4.64 -0.2
6.512e-05 4.64 -0.2
6.516e-05 4.56 -0.2
6.52e-05 4.48 -0.2
6.524e-05 4.48 -0.2
6.528e-05 4.48 -0.18
6.532e-05 4.48 -0.2
6.536e-05 4.32 -0.2
6.54e-05 4.32 -0.22
6.544e-05 4.24 -0.2
6.548e-05 4.24 -0.2
6.552e-05 4.16 -0.22
6.556e-05 4.16 -0.22
6.56e-05 4.08 -0.22
6.564e-05 4 -0.22
6.568e-05 3.92 -0.24
6.572e-05 3.92 -0.24
6.576e-05 3.92 -0.22
6.58e-05 3.84 -0.22
6.584e-05 3.84 -0.22
6.588e-05 3.76 -0.24
6.592e-05 3.68 -0.24
6.596e-05 3.6 -0.26
6.6e-05 3.6 -0.24
6.604e-05 3.52 -0.26
6.608e-05 3.52 -0.26
6.612e-05 3.44 -0.24
6.616e-05 3.36 -0.24
6.62e-05 3.28 -0.24
6.624e-05 3.2 -0.26
6.628e-05 3.2 -0.26
6.632e-05 3.12 -0.24
6.636e-05 3.12 -0.26
6.64e-05 3.04 -0.26
6.644e-05 2.96 -0.26
6.648e-05 2.88 -0.26
6.652e-05 2.88 -0.24
6.656e-05 2.88 -0.26
6.66e-05 2.72 -0.26
6.664e-05 2.72 -0.26
6.668e-05 2.56 -0.26
6.672e-05 2.56 -0.28
6.676e-05 2.56 -0.26
6.68e-05 2.4 -0.28
6.684e-05 2.4 -0.26
6.688e-05 2.32 -0.26
6.692e-05 2.24 -0.26
6.696e-05 2.24 -0.28
6.7e-05 2.16 -0.28
6.704e-05 2.08 -0.26
6.708e-05 2 -0.3
6.712e-05 1.92 -0.3
6.716e-05 1.92 -0.28
6.72e-05 1.76 -0.3
6.724e-05 1.76 -0.28
6.728e-05 1.68 -0.3
6.732e-05 1.6 -0.3
6.736e-05 1.6 -0.28
6.74e-05 1.6 -0.3
6.744e-05 1.44 -0.3
6.748e-05 1.44 -0.3
6.752e-05 1.28 -0.3
6.756e-05 1.28 -0.3
6.76e-05 1.2 -0.3
6.764e-05 1.12 -0.3
6.768e-05 1.04 -0.3
6.772e-05 0.96 -0.28
6.776e-05 0.96 -0.3
6.78e-05 0.88 -0.3
6.784e-05 0.8 -0.32
6.788e-05 0.72 -0.32
6.792e-05 0.72 -0.3
6.796e-05 0.56 -0.3
6.8e-05 0.56 -0.32
6.804e-05 0.48 -0.3
6.808e-05 0.4 -0.3
6.812e-05 0.32 -0.3
6.816e-05 0.32 -0.32
6.82e-05 0.32 -0.3
6.824e-05 0.16 -0.3
6.828e-05 0.08 -0.3
6.832e-05 0 -0.3
6.836e-05 0 -0.32
6.84e-05 -0.24 -0.32
6.844e-05 -0.24 -0.32
6.848e-05 -0.32 -0.32
6.852e-05 -0.4 -0.32
6.856e-05 -0.4 -0.32
6.86e-05 -0.56 -0.3
6.864e-05 -0.56 -0.32
6.868e-05 -0.64 -0.32
6.872e-05 -0.72 -0.32
6.876e-05 -0.72 -0.3
6.88e-05 -0.88 -0.3
6.884e-05 -0.96 -0.32
6.888e-05 -0.96 -0.3
6.892e-05 -1.04 -0.32
6.896e-05 -1.12 -0.3
6.9e-05 -1.2 -0.32
6.904e-05 -1.2 -0.3
6.908e-05 -1.28 -0.32
6.912e-05 -1.36 -0.3
6.916e-05 -1.36 -0.32
6.92e-05 -1.52 -0.3
6.924e-05 -1.52 -0.32
6.928e-05 -1.6 -0.32
6.932e-05 -1.68 -0.3
6.936e-05 -1.68 -0.3
6.94e-05 -1.84 -0.3
6.944e-05 -1.84 -0.32
6.948e-05 -1.92 -0.32
6.952e-05 -2 -0.3
6.956e-05 -2 -0.32
6.96e-05 -2.08 -0.3
6.964e-05 -2.24 -0.3
6.968e-05 -2.24 -0.3
6.972e-05 -2.32 -0.32
6.976e-05 -2.32 -0.32
6.98e-05 -2.4 -0.3
6.984e-05 -2.48 -0.32
6.988e-05 -2.56 -0.28
6.992e-05 -2.64 -0.3
6.996e-05 -2.64 -0.3
7e-05 -2.72 -0.28
7.004e-05 -2.8 -0.3
7.008e-05 -2.88 -0.3
7.012e-05 -2.88 -0.32
7.016e-05 -2.96 -0.3
7.02e-05 -2.96 -0.3
7.024e-05 -3.04 -0.3
7.028e-05 -3.12 -0.3
7.032e-05 -3.2 -0.3
7.036e-05 -3.28 -0.3
7.04e-05 -3.28 -0.28
7.044e-05 -3.36 -0.28
7.048e-05 -3.44 -0.28
7.052e-05 -3.44 -0.3
7.056e-05 -3.52 -0.28
7.06e-05 -3.6 -0.26
7.064e-05 -3.6 -0.28
7.068e-05 -3.76 -0.28
7.072e-05 -3.76 -0.28
7.076e-05 -3.76 -0.26
7.08e-05 -3.84 -0.28
7.084e-05 -3.92 -0.28
7.088e-05 -3.92 -0.28
7.092e-05 -3.92 -0.26
7.096e-05 -4 -0.26
7.1e-05 -4.08 -0.26
7.104e-05 -4.08 -0.26
7.108e-05 -4.16 -0.26
7.112e-05 -4.16 -0.26
7.116e-05 -4.24 -0.26
7.12e-05 -4.24 -0.26
7.124e-05 -4.4 -0.26
7.128e-05 -4.4 -0.26
7.132e-05 -4.48 -0.24
7.136e-05 -4.48 -0.26
7.14e-05 -4.56 -0.26
7.144e-05 -4.56 -0.24
7.148e-05 -4.56 -0.24
7.152e-05 -4.72 -0.24
7.156e-05 -4.72 -0.24
7.16e-05 -4.8 -0.24
7.164e-05 -4.8 -0.24
7.168e-05 -4.88 -0.24
7.172e-05 -4.88 -0.24
7.176e-05 -4.88 -0.24
7.18e-05 -4.96 -0.24
7.184e-05 -5.04 -0.24
7.188e-05 -5.12 -0.22
7.192e-05 -5.12 -0.24
7.196e-05 -5.2 -0.22
7.2e-05 -5.2 -0.22
7.204e-05 -5.2 -0.22
7.208e-05 -5.2 -0.24
7.212e-05 -5.2 -0.22
7.216e-05 -5.28 -0.22
7.22e-05 -5.36 -0.2
7.224e-05 -5.36 -0.22
7.228e-05 -5.36 -0.2
7.232e-05 -5.44 -0.2
7.236e-05 -5.44 -0.2
7.24e-05 -5.52 -0.2
7.244e-05 -5.52 -0.2
7.248e-05 -5.52 -0.2
7.252e-05 -5.52 -0.2
7.256e-05 -5.52 -0.2
7.26e-05 -5.6 -0.18
7.264e-05 -5.68 -0.18
7.268e-05 -5.68 -0.18
7.272e-05 -5.68 -0.16
7.276e-05 -5.68 -0.18
7.28e-05 -5.76 -0.18
7.284e-05 -5.76 -0.16
7.288e-05 -5.76 -0.16
7.292e-05 -5.76 -0.16
7.296e-05 -5.84 -0.16
7.3e-05 -5.84 -0.16
7.304e-05 -5.84 -0.16
7.308e-05 -5.84 -0.16
7.312e-05 -5.84 -0.16
7.316e-05 -5.92 -0.16
7.32e-05 -6 -0.16
7.324e-05 -5.92 -0.14
7.328e-05 -6 -0.14
7.332e-05 -6 -0.14
7.336e-05 -6 -0.14
7.34e-05 -6 -0.12
7.344e-05 -6 -0.14
7.348e-05 -6.08 -0.12
7.352e-05 -6.08 -0.14
7.356e-05 -6.08 -0.12
7.36e-05 -6.16 -0.14
7.364e-05 -6.08 -0.14
7.368e-05 -6.08 -0.12
7.372e-05 -6.08 -0.1
7.376e-05 -6.16 -0.1
7.38e-05 -6.16 -0.1
7.384e-05 -6.16 -0.1
7.388e-05 -6.16 -0.08
7.392e-05 -6.16 -0.1
7.396e-05 -6.16 -0.08
7.4e-05 -6.16 -0.1
7.404e-05 -6.16 -0.1
7.408e-05 -6.16 -0.08
7.412e-05 -6.16 -0.1
7.416e-05 -6.16 -0.08
7.42e-05 -6.16 -0.1
7.424e-05 -6.16 -0.08
7.428e-05 -6.08 -0.08
7.432e-05 -6.16 -0.08
7.436e-05 -6.16 -0.08
7.44e-05 -6.16 -0.06
7.444e-05 -6.16 -0.06
7.448e-05 -6.16 -0.06
7.452e-05 -6.08 -0.06
7.456e-05 -6.16 -0.06
7.46e-05 -6.16 -0.04
7.464e-05 -6.08 -0.04
7.468e-05 -6.08 0
7.472e-05 -6.08 -0.04
7.476e-05 -6.08 -0.04
7.48e-05 -6.08 0
7.484e-05 -6 0
7.488e-05 -6 0
7.492e-05 -6 -0.04
7.496e-05 -6 0
7.5e-05 -6 0
7.504e-05 -6 0
7.508e-05 -5.92 0
7.512e-05 -6 0
7.516e-05 -5.92 0
7.52e-05 -5.92 0.02
7.524e-05 -5.92 0
7.528e-05 -5.84 0
7.532e-05 -5.84 0.02
7.536e-05 -5.84 0.02
7.54e-05 -5.84 0.02
7.544e-05 -5.84 0
7.548e-05 -5.76 0.02
7.552e-05 -5.68 0.02
7.556e-05 -5.76 0.04
7.56e-05 -5.68 0.04
7.564e-05 -5.68 0.02
7.568e-05 -5.68 0.04
7.572e-05 -5.68 0.04
7.576e-05 -5.52 0.04
7.58e-05 -5.52 0.02
7.584e-05 -5.52 0.02
7.588e-05 -5.44 0.06
7.592e-05 -5.44 0.04
7.596e-05 -5.44 0.06
7.6e-05 -5.44 0.06
7.604e-05 -5.36 0.06
7.608e-05 -5.36 0.08
7.612e-05 -5.36 0.06
7.616e-05 -5.2 0.08
7.62e-05 -5.2 0.06
7.624e-05 -5.2 0.08
7.628e-05 -5.2 0.08
7.632e-05 -5.12 0.08
7.636e-05 -5.12 0.08
7.64e-05 -5.04 0.08
7.644e-05 -5.04 0.08
7.648e-05 -4.96 0.08
7.652e-05 -4.96 0.08
7.656e-05 -4.88 0.1
7.66e-05 -4.88 0.08
7.664e-05 -4.88 0.1
7.668e-05 -4.8 0.1
7.672e-05 -4.8 0.1
7.676e-05 -4.72 0.12
7.68e-05 -4.72 0.1
7.684e-05 -4.56 0.1
7.688e-05 -4.56 0.1
7.692e-05 -4.56 0.1
7.696e-05 -4.48 0.12
7.7e-05 -4.4 0.12
7.704e-05 -4.4 0.1
7.708e-05 -4.4 0.12
7.712e-05 -4.4 0.12
7.716e-05 -4.24 0.12
7.72e-05 -4.24 0.12
7.724e-05 -4.16 0.12
7.728e-05 -4.08 0.14
7.732e-05 -4.08 0.14
7.736e-05 -4 0.12
7.74e-05 -3.92 0.14
7.744e-05 -3.92 0.14
7.748e-05 -3.84 0.16
7.752e-05 -3.84 0.14
7.756e-05 -3.76 0.14
7.76e-05 -3.76 0.14
7.764e-05 -3.6 0.14
7.768e-05 -3.6 0.16
7.772e-05 -3.52 0.12
7.776e-05 -3.52 0.16
7.78e-05 -3.44 0.16
7.784e-05 -3.44 0.16
7.788e-05 -3.36 0.16
7.792e-05 -3.28 0.16
7.796e-05 -3.2 0.18
7.8e-05 -3.12 0.18
7.804e-05 -3.12 0.16
7.808e-05 -2.96 0.18
7.812e-05 -2.96 0.16
7.816e-05 -2.96 0.18
7.82e-05 -2.88 0.16
7.824e-05 -2.8 0.18
7.828e-05 -2.8 0.18
7.832e-05 -2.64 0.18
7.836e-05 -2.64 0.18
7.84e-05 -2.64 0.18
7.844e-05 -2.48 0.18
7.848e-05 -2.48 0.16
7.852e-05 -2.4 0.18
7.856e-05 -2.32 0.2
7.86e-05 -2.24 0.18
7.864e-05 -2.24 0.18
7.868e-05 -2.16 0.18
7.872e-05 -2 0.2
7.876e-05 -2 0.2
7.88e-05 -2 0.2
7.884e-05 -1.92 0.18
7.888e-05 -1.84 0.2
7.892e-05 -1.76 0.2
7.896e-05 -1.68 0.18
7.9e-05 -1.6 0.2
7.904e-05 -1.6 0.2
7.908e-05 -1.52 0.22
7.912e-05 -1.52 0.18
7.916e-05 -1.36 0.2
7.92e-05 -1.36 0.2
7.924e-05 -1.28 0.2
7.928e-05 -1.2 0.22
7.932e-05 -1.12 0.2
7.936e-05 -1.04 0.2
7.94e-05 -0.96 0.2
7.944e-05 -0.88 0.2
7.948e-05 -0.88 0.22
7.952e-05 -0.8 0.2
7.956e-05 -0.72 0.2
7.96e-05 -0.64 0.22
7.964e-05 -0.56 0.22
7.968e-05 -0.56 0.22
7.972e-05 -0.4 0.2
7.976e-05 -0.4 0.22
7.98e-05 -0.4 0.24
7.984e-05 -0.32 0.22
7.988e-05 -0.24 0.22
7.992e-05 -0.24 0.2
7.996e-05 0 0.22
8e-05 0 0.2
8.004e-05 0.08 0.2
8.008e-05 0.16 0.22
8.012e-05 0.32 0.22
8.016e-05 0.32 0.22
8.02e-05 0.32 0.2
8.024e-05 0.4 0.22
8.028e-05 0.48 0.22
8.032e-05 0.56 0.24
8.036e-05 0.64 0.22
8.04e-05 0.72 0.24
8.044e-05 0.72 0.2
8.048e-05 0.8 0.22
8.052e-05 0.96 0.22
8.056e-05 0.96 0.22
8.06e-05 1.04 0.22
8.064e-05 1.12 0.22
8.068e-05 1.12 0.2
8.072e-05 1.28 0.24
8.076e-05 1.28 0.22
8.08e-05 1.36 0.24
8.084e-05 1.44 0.22
8.088e-05 1.44 0.2
8.092e-05 1.6 0.2
8.096e-05 1.6 0.2
8.1e-05 1.68 0.22
8.104e-05 1.68 0.22
8.108e-05 1.76 0.22
8.112e-05 1.84 0.2
8.116e-05 1.92 0.22
8.12e-05 1.92 0.22
8.124e-05 2.08 0.2
8.128e-05 2.08 0.2
8.132e-05 2.16 0.22
8.136e-05 2.24 0.22
8.14e-05 2.32 0.22
8.144e-05 2.32 0.2
8.148e-05 2.4 0.2
8.152e-05 2.48 0.2
8.156e-05 2.56 0.2
8.16e-05 2.56 0.2
8.164e-05 2.64 0.2
8.168e-05 2.72 0.2
8.172e-05 2.72 0.2
8.176e-05 2.88 0.2
8.18e-05 2.88 0.2
8.184e-05 2.96 0.2
8.188e-05 2.96 0.2
8.192e-05 3.04 0.2
8.196e-05 3.12 0.2
8.2e-05 3.2 0.2
8.204e-05 3.2 0.2
8.208e-05 3.28 0.2
8.212e-05 3.28 0.2
8.216e-05 3.36 0.18
8.22e-05 3.44 0.18
8.224e-05 3.52 0.18
8.228e-05 3.52 0.18
8.232e-05 3.6 0.18
8.236e-05 3.68 0.18
8.24e-05 3.68 0.18
8.244e-05 3.76 0.18
8.248e-05 3.84 0.16
8.252e-05 3.84 0.18
8.256e-05 3.84 0.18
8.26e-05 4 0.18
8.264e-05 4 0.18
8.268e-05 4 0.16
8.272e-05 4.08 0.16
8.276e-05 4.16 0.16
8.28e-05 4.16 0.16
8.284e-05 4.24 0.16
8.288e-05 4.32 0.16
8.292e-05 4.32 0.16
8.296e-05 4.32 0.16
8.3e-05 4.48 0.16
8.304e-05 4.48 0.14
8.308e-05 4.56 0.16
8.312e-05 4.56 0.16
8.316e-05 4.64 0.16
8.32e-05 4.64 0.14
8.324e-05 4.72 0.14
8.328e-05 4.8 0.16
8.332e-05 4.8 0.14
8.336e-05 4.8 0.16
8.34e-05 4.8 0.12
8.344e-05 4.88 0.14
8.348e-05 4.96 0.12
8.352e-05 4.96 0.12
8.356e-05 5.04 0.12
8.36e-05 4.96 0.12
8.364e-05 5.04 0.12
8.368e-05 5.12 0.12
8.372e-05 5.12 0.12
8.376e-05 5.2 0.12
8.38e-05 5.2 0.1
8.384e-05 5.2 0.12
8.388e-05 5.28 0.12
8.392e-05 5.28 0.1
8.396e-05 5.28 0.1
8.4e-05 5.36 0.1
8.404e-05 5.44 0.1
8.408e-05 5.44 0.1
8.412e-05 5.44 0.08
8.416e-05 5.44 0.08
8.42e-05 5.52 0.1
8.424e-05 5.52 0.1
8.428e-05 5.52 0.08
8.432e-05 5.52 0.08
8.436e-05 5.6 0.08
8.44e-05 5.6 0.08
8.444e-05 5.68 0.08
8.448e-05 5.6 0.08
8.452e-05 5.68 0.08
8.456e-05 5.76 0.08
8.46e-05 5.76 0.08
8.464e-05 5.76 0.08
8.468e-05 5.84 0.06
8.472e-05 5.84 0.08
8.476e-05 5.84 0.04
8.48e-05 5.92 0.06
8.484e-05 5.84 0.04
8.488e-05 5.84 0.04
8.492e-05 5.84 0.06
8.496e-05 5.92 0.04
8.5e-05 5.92 0.04
8.504e-05 5.92 0.04
8.508e-05 5.92 0.04
8.512e-05 5.92 0.04
8.516e-05 6 0.04
8.52e-05 5.92 0.04
8.524e-05 6.08 0.02
8.528e-05 6 0.04
8.532e-05 6.08 0.02
8.536e-05 6.08 0.02
8.54e-05 5.92 0.02
8.544e-05 6 0.02
8.548e-05 6.08 0.02
8.552e-05 6.08 0
8.556e-05 6.08 0
8.56e-05 6.08 0
8.564e-05 6.08 0
8.568e-05 6.08 0
8.572e-05 6.08 -0.04
8.576e-05 6.08 0
8.58e-05 6.08 0
8.584e-05 6.08 0
8.588e-05 6.08 -0.04
8.592e-05 6.08 0
8.596e-05 6.08 -0.04
8.6e-05 6.08 -0.04
8.604e-05 6.08 -0.04
8.608e-05 6.08 -0.04
8.612e-05 6.08 -0.04
8.616e-05 6.08 -0.04
8.62e-05 6.08 -0.06
8.624e-05 6.08 -0.06
8.628e-05 6.08 -0.06
8.632e-05 6 -0.06
8.636e-05 6 -0.08
8.64e-05 6.08 -0.06
8.644e-05 5.92 -0.08
8.648e-05 5.92 -0.06
8.652e-05 6 -0.08
8.656e-05 5.92 -0.1
8.66e-05 5.92 -0.08
8.664e-05 5.92 -0.08
8.668e-05 5.92 -0.08
8.672e-05 5.92 -0.1
8.676e-05 5.84 -0.08
8.68e-05 5.84 -0.1
8.684e-05 5.84 -0.08
8.688e-05 5.84 -0.1
8.692e-05 5.84 -0.1
8.696e-05 5.76 -0.1
8.7e-05 5.76 -0.1
8.704e-05 5.68 -0.1
8.708e-05 5.68 -0.1
8.712e-05 5.68 -0.1
8.716e-05 5.6 -0.1
8.72e-05 5.6 -0.12
8.724e-05 5.52 -0.12
8.728e-05 5.52 -0.14
8.732e-05 5.52 -0.14
8.736e-05 5.52 -0.12
8.74e-05 5.44 -0.14
8.744e-05 5.44 -0.14
8.748e-05 5.44 -0.14
8.752e-05 5.44 -0.14
8.756e-05 5.36 -0.14
8.76e-05 5.36 -0.14
8.764e-05 5.28 -0.16
8.768e-05 5.28 -0.14
8.772e-05 5.2 -0.14
8.776e-05 5.2 -0.16
8.78e-05 5.2 -0.16
8.784e-05 5.12 -0.16
8.788e-05 5.12 -0.16
8.792e-05 5.12 -0.16
8.796e-05 5.04 -0.18
8.8e-05 5.04 -0.18
8.804e-05 5.04 -0.18
8.808e-05 4.88 -0.18
8.812e-05 4.88 -0.18
8.816e-05 4.88 -0.2
8.82e-05 4.88 -0.18
8.824e-05 4.8 -0.18
8.828e-05 4.64 -0.18
8.832e-05 4.72 -0.2
8.836e-05 4.64 -0.2
8.84e-05 4.56 -0.18
8.844e-05 4.64 -0.2
8.848e-05 4.48 -0.2
8.852e-05 4.48 -0.22
8.856e-05 4.48 -0.22
8.86e-05 4.4 -0.2
8.864e-05 4.32 -0.22
8.868e-05 4.24 -0.22
8.872e-05 4.24 -0.22
8.876e-05 4.16 -0.24
8.88e-05 4.16 -0.22
8.884e-05 4.16 -0.22
8.888e-05 4 -0.22
8.892e-05 4 -0.24
8.896e-05 3.92 -0.22
8.9e-05 3.92 -0.22
8.904e-05 3.84 -0.24
8.908e-05 3.84 -0.24
8.912e-05 3.84 -0.24
8.916e-05 3.76 -0.24
8.92e-05 3.68 -0.26
8.924e-05 3.6 -0.24
8.928e-05 3.52 -0.24
8.932e-05 3.52 -0.24
8.936e-05 3.52 -0.22
8.94e-05 3.36 -0.26
8.944e-05 3.36 -0.26
8.948e-05 3.28 -0.26
8.952e-05 3.2 -0.24
8.956e-05 3.2 -0.26
8.96e-05 3.12 -0.26
8.964e-05 3.04 -0.26
8.968e-05 2.96 -0.26
8.972e-05 2.96 -0.26
8.976e-05 2.88 -0.26
8.98e-05 2.88 -0.26
8.984e-05 2.72 -0.26
8.988e-05 2.72 -0.26
8.992e-05 2.64 -0.26
8.996e-05 2.56 -0.26
9e-05 2.56 -0.26
9.004e-05 2.48 -0.26
9.008e-05 2.4 -0.26
9.012e-05 2.32 -0.28
9.016e-05 2.24 -0.28
9.02e-05 2.24 -0.26
9.024e-05 2.24 -0.28
9.028e-05 2.08 -0.28
9.032e-05 2.08 -0.28
9.036e-05 1.92 -0.3
9.04e-05 1.92 -0.28
9.044e-05 1.84 -0.3
9.048e-05 1.76 -0.3
9.052e-05 1.68 -0.28
9.056e-05 1.68 -0.28
9.06e-05 1.68 -0.3
9.064e-05 1.6 -0.3
9.068e-05 1.52 -0.3
9.072e-05 1.36 -0.3
9.076e-05 1.36 -0.3
9.08e-05 1.28 -0.3
9.084e-05 1.28 -0.3
9.088e-05 1.12 -0.3
9.092e-05 1.04 -0.3
9.096e-05 1.04 -0.28
9.1e-05 0.96 -0.32
9.104e-05 0.96 -0.3
9.108e-05 0.8 -0.3
9.112e-05 0.72 -0.3
9.116e-05 0.72 -0.32
9.12e-05 0.64 -0.32
9.124e-05 0.64 -0.3
9.128e-05 0.48 -0.3
9.132e-05 0.4 -0.32
9.136e-05 0.32 -0.3
9.14e-05 0.32 -0.32
9.144e-05 0.32 -0.3
9.148e-05 0.16 -0.3
9.152e-05 0.16 -0.3
9.156e-05 0.08 -0.32
9.16e-05 0 -0.3
9.164e-05 0 -0.3
9.168e-05 -0.24 -0.32
9.172e-05 -0.24 -0.32
9.176e-05 -0.32 -0.32
9.18e-05 -0.4 -0.3
9.184e-05 -0.4 -0.32
9.188e-05 -0.56 -0.3
9.192e-05 -0.56 -0.3
9.196e-05 -0.72 -0.32
9.2e-05 -0.72 -0.3
9.204e-05 -0.8 -0.32
9.208e-05 -0.96 -0.34
9.212e-05 -0.96 -0.32
9.216e-05 -1.04 -0.32
9.22e-05 -1.04 -0.32
9.224e-05 -1.2 -0.3
9.228e-05 -1.2 -0.3
9.232e-05 -1.36 -0.32
9.236e-05 -1.28 -0.3
9.24e-05 -1.36 -0.32
9.244e-05 -1.52 -0.32
9.248e-05 -1.52 -0.3
9.252e-05 -1.6 -0.3
9.256e-05 -1.68 -0.3
9.26e-05 -1.68 -0.32
9.264e-05 -1.76 -0.32
9.268e-05 -1.84 -0.32
9.272e-05 -1.92 -0.32
9.276e-05 -1.92 -0.3
9.28e-05 -2 -0.32
9.284e-05 -2 -0.3
9.288e-05 -2.16 -0.3
9.292e-05 -2.16 -0.3
9.296e-05 -2.32 -0.3
9.3e-05 -2.32 -0.32
9.304e-05 -2.32 -0.28
9.308e-05 -2.48 -0.3
9.312e-05 -2.56 -0.3
9.316e-05 -2.64 -0.3
9.32e-05 -2.64 -0.3
9.324e-05 -2.64 -0.3
9.328e-05 -2.64 -0.3
9.332e-05 -2.8 -0.3
9.336e-05 -2.88 -0.3
9.34e-05 -2.96 -0.3
9.344e-05 -2.96 -0.3
9.348e-05 -2.96 -0.28
9.352e-05 -3.12 -0.28
9.356e-05 -3.12 -0.28
9.36e-05 -3.2 -0.28
9.364e-05 -3.28 -0.3
9.368e-05 -3.28 -0.3
9.372e-05 -3.36 -0.28
9.376e-05 -3.44 -0.28
9.38e-05 -3.52 -0.28
9.384e-05 -3.6 -0.28
9.388e-05 -3.6 -0.28
9.392e-05 -3.6 -0.26
9.396e-05 -3.6 -0.26
9.4e-05 -3.76 -0.28
9.404e-05 -3.84 -0.28
9.408e-05 -3.84 -0.26
9.412e-05 -3.92 -0.26
9.416e-05 -3.92 -0.26
9.42e-05 -4 -0.26
9.424e-05 -4.08 -0.28
9.428e-05 -4.08 -0.26
9.432e-05 -4.16 -0.26
9.436e-05 -4.16 -0.26
9.44e-05 -4.24 -0.26
9.444e-05 -4.24 -0.26
9.448e-05 -4.4 -0.26
9.452e-05 -4.4 -0.26
9.456e-05 -4.48 -0.24
9.46e-05 -4.48 -0.26
9.464e-05 -4.56 -0.24
9.468e-05 -4.56 -0.24
9.472e-05 -4.56 -0.24
9.476e-05 -4.64 -0.24
9.48e-05 -4.72 -0.24
9.484e-05 -4.8 -0.24
9.488e-05 -4.8 -0.24
9.492e-05 -4.88 -0.24
9.496e-05 -4.88 -0.24
9.5e-05 -4.88 -0.24
9.504e-05 -4.96 -0.22
9.508e-05 -5.04 -0.24
9.512e-05 -5.04 -0.24
9.516e-05 -5.04 -0.22
9.52e-05 -5.12 -0.22
9.524e-05 -5.12 -0.22
9.528e-05 -5.2 -0.22
9.532e-05 -5.12 -0.2
9.536e-05 -5.2 -0.22
9.54e-05 -5.2 -0.22
9.544e-05 -5.28 -0.22
9.548e-05 -5.36 -0.2
9.552e-05 -5.44 -0.2
9.556e-05 -5.36 -0.22
9.56e-05 -5.44 -0.22
9.564e-05 -5.44 -0.2
9.568e-05 -5.52 -0.18
9.572e-05 -5.52 -0.18
9.576e-05 -5.52 -0.22
9.58e-05 -5.52 -0.2
9.584e-05 -5.6 -0.18
9.588e-05 -5.6 -0.16
9.592e-05 -5.6 -0.18
9.596e-05 -5.68 -0.18
9.6e-05 -5.68 -0.18
9.604e-05 -5.68 -0.18
9.608e-05 -5.68 -0.16
9.612e-05 -5.76 -0.18
9.616e-05 -5.84 -0.16
9.62e-05 -5.84 -0.16
9.624e-05 -5.84 -0.16
9.628e-05 -5.84 -0.16
9.632e-05 -5.84 -0.16
9.636e-05 -5.92 -0.14
9.64e-05 -5.92 -0.14
9.644e-05 -5.92 -0.16
9.648e-05 -6 -0.14
9.652e-05 -6 -0.16
9.656e-05 -6 -0.14
9.66e-05 -6 -0.14
9.664e-05 -6 -0.16
9.668e-05 -6.08 -0.14
9.672e-05 -6.08 -0.12
9.676e-05 -6.08 -0.12
9.68e-05 -6.08 -0.14
9.684e-05 -6.08 -0.12
9.688e-05 -6.08 -0.12
9.692e-05 -6.16 -0.1
9.696e-05 -6.08 -0.1
9.7e-05 -6.16 -0.1
9.704e-05 -6.16 -0.1
9.708e-05 -6.16 -0.1
9.712e-05 -6.08 -0.1
9.716e-05 -6.16 -0.1
9.72e-05 -6.08 -0.1
9.724e-05 -6.16 -0.1
9.728e-05 -6.16 -0.1
9.732e-05 -6.16 -0.1
9.736e-05 -6.16 -0.08
9.74e-05 -6.16 -0.08
9.744e-05 -6.16 -0.08
9.748e-05 -6.16 -0.08
9.752e-05 -6.16 -0.08
9.756e-05 -6.16 -0.08
9.76e-05 -6.08 -0.06
9.764e-05 -6.16 -0.08
9.768e-05 -6.08 -0.06
9.772e-05 -6.08 -0.08
9.776e-05 -6.16 -0.06
9.78e-05 -6.08 -0.08
9.784e-05 -6.08 -0.06
9.788e-05 -6.08 -0.04
9.792e-05 -6.08 -0.04
9.796e-05 -6.08 -0.04
9.8e-05 -6.08 -0.04
9.804e-05 -6.08 -0.06
9.808e-05 -6 0
9.812e-05 -6 -0.06
9.816e-05 -6.08 0
9.82e-05 -6 -0.04
9.824e-05 -6 -0.04
9.828e-05 -6 0
9.832e-05 -6 0
9.836e-05 -6 0
9.84e-05 -6 0
9.844e-05 -6 0
9.848e-05 -5.92 0
9.852e-05 -5.84 0.02
9.856e-05 -5.84 0
9.86e-05 -5.84 0
9.864e-05 -5.76 0.02
9.868e-05 -5.84 0.04
9.872e-05 -5.76 0.02
9.876e-05 -5.76 0.02
9.88e-05 -5.68 0.02
9.884e-05 -5.68 0.02
9.888e-05 -5.68 0.04
9.892e-05 -5.68 0.04
9.896e-05 -5.68 0.02
9.9e-05 -5.52 0.04
9.904e-05 -5.52 0.04
9.908e-05 -5.52 0.04
9.912e-05 -5.52 0.04
9.916e-05 -5.52 0.06
9.92e-05 -5.44 0.08
9.924e-05 -5.44 0.06
9.928e-05 -5.44 0.04
9.932e-05 -5.36 0.04
9.936e-05 -5.36 0.06
9.94e-05 -5.28 0.08
9.944e-05 -5.2 0.08
9.948e-05 -5.2 0.06
9.952e-05 -5.2 0.08
9.956e-05 -5.2 0.08
9.96e-05 -5.12 0.08
9.964e-05 -5.04 0.08
9.968e-05 -5.04 0.08
9.972e-05 -4.96 0.08
9.976e-05 -4.96 0.1
9.98e-05 -4.88 0.1
9.984e-05 -4.88 0.08
9.988e-05 -4.88 0.1
9.992e-05 -4.8 0.1
9.996e-05 -4.8 0.1
0.0001 -4.72 0.08
0.00010004 -4.72 0.1
0.00010008 -4.56 0.12
0.00010012 -4.56 0.12
0.00010016 -4.56 0.1
0.0001002 -4.48 0.1
0.00010024 -4.48 0.1
0.00010028 -4.4 0.12
0.00010032 -4.4 0.12
0.00010036 -4.24 0.1
0.0001004 -4.24 0.14
0.00010044 -4.24 0.14
0.00010048 -4.24 0.14
0.00010052 -4.16 0.12
0.00010056 -4.08 0.14
0.0001006 -4.08 0.12
0.00010064 -3.92 0.12
0.00010068 -3.92 0.12
0.00010072 -3.92 0.14
0.00010076 -3.84 0.14
0.0001008 -3.76 0.16
0.00010084 -3.76 0.14
0.00010088 -3.6 0.14
0.00010092 -3.6 0.16
0.00010096 -3.6 0.16
0.000101 -3.52 0.16
0.00010104 -3.44 0.16
0.00010108 -3.44 0.16
0.00010112 -3.28 0.16
0.00010116 -3.36 0.16
0.0001012 -3.2 0.18
0.00010124 -3.2 0.16
0.00010128 -3.2 0.16
0.00010132 -3.12 0.16
0.00010136 -3.04 0.16
0.0001014 -2.96 0.18
0.00010144 -2.96 0.16
0.00010148 -2.88 0.18
0.00010152 -2.8 0.18
0.00010156 -2.72 0.18
0.0001016 -2.64 0.18
0.00010164 -2.56 0.18
0.00010168 -2.56 0.2
0.00010172 -2.48 0.18
0.00010176 -2.4 0.18
0.0001018 -2.32 0.2
0.00010184 -2.24 0.18
0.00010188 -2.24 0.18
0.00010192 -2.16 0.18
0.00010196 -2.16 0.18
0.000102 -2 0.2
0.00010204 -2 0.2
0.00010208 -1.92 0.2
0.00010212 -1.84 0.2
0.00010216 -1.84 0.18
0.0001022 -1.68 0.18
0.00010224 -1.68 0.2
0.00010228 -1.6 0.2
0.00010232 -1.52 0.2
0.00010236 -1.52 0.2
0.0001024 -1.36 0.2
0.00010244 -1.36 0.2
0.00010248 -1.36 0.2
0.00010252 -1.28 0.2
0.00010256 -1.2 0.2
0.0001026 -1.04 0.2
0.00010264 -1.04 0.22
0.00010268 -0.96 0.22
0.00010272 -0.88 0.22
0.00010276 -0.88 0.22
0.0001028 -0.72 0.2
0.00010284 -0.72 0.22
0.00010288 -0.64 0.22
0.00010292 -0.56 0.22
0.00010296 -0.48 0.22
0.000103 -0.4 0.2
0.00010304 -0.4 0.22
0.00010308 -0.32 0.22
0.00010312 -0.24 0.22
0.00010316 -0.24 0.2
0.0001032 0 0.2
0.00010324 0.08 0.22
0.00010328 0.08 0.22
0.00010332 0.16 0.22
0.00010336 0.24 0.22
0.0001034 0.32 0.22
0.00010344 0.32 0.22
0.00010348 0.48 0.22
0.00010352 0.48 0.22
0.00010356 0.56 0.22
0.0001036 0.64 0.24
0.00010364 0.64 0.22
0.00010368 0.72 0.22
0.00010372 0.8 0.2
0.00010376 0.88 0.22
0.0001038 0.96 0.24
0.00010384 1.04 0.22
0.00010388 1.04 0.22
0.00010392 1.12 0.22
0.00010396 1.28 0.24
0.000104 1.28 0.24
0.00010404 1.28 0.24
0.00010408 1.36 0.2
0.00010412 1.44 0.22
0.00010416 1.44 0.22
0.0001042 1.6 0.22
0.00010424 1.68 0.22
0.00010428 1.68 0.2
0.00010432 1.76 0.22
0.00010436 1.92 0.22
0.0001044 1.92 0.22
0.00010444 1.92 0.22
0.00010448 2 0.22
0.00010452 2.08 0.22
0.00010456 2.08 0.2
0.0001046 2.24 0.22
0.00010464 2.24 0.2
0.00010468 2.32 0.22
0.00010472 2.4 0.2
0.00010476 2.48 0.2
0.0001048 2.56 0.2
0.00010484 2.56 0.22
0.00010488 2.64 0.2
0.00010492 2.64 0.2
0.00010496 2.72 0.2
0.000105 2.88 0.2
0.00010504 2.88 0.2
0.00010508 2.88 0.2
0.00010512 2.96 0.2
0.00010516 3.04 0.2
0.0001052 3.12 0.2
0.00010524 3.2 0.2
0.00010528 3.2 0.2
0.00010532 3.28 0.18
0.00010536 3.36 0.18
0.0001054 3.36 0.18
0.00010544 3.36 0.18
0.00010548 3.52 0.18
0.00010552 3.52 0.2
0.00010556 3.52 0.2
0.0001056 3.6 0.18
0.00010564 3.68 0.18
0.00010568 3.76 0.18
0.00010572 3.84 0.18
0.00010576 3.84 0.18
0.0001058 3.84 0.18
0.00010584 3.92 0.18
0.00010588 3.92 0.16
0.00010592 4.08 0.18
0.00010596 4.08 0.18
0.000106 4.16 0.18
0.00010604 4.16 0.16
0.00010608 4.16 0.16
0.00010612 4.32 0.18
0.00010616 4.32 0.18
0.0001062 4.4 0.16
0.00010624 4.48 0.16
0.00010628 4.48 0.16
0.00010632 4.48 0.16
0.00010636 4.56 0.16
0.0001064 4.64 0.14
0.00010644 4.64 0.16
0.00010648 4.72 0.14
0.00010652 4.8 0.16
0.00010656 4.8 0.14
0.0001066 4.8 0.16
0.00010664 4.8 0.16
0.00010668 4.88 0.12
0.00010672 4.88 0.12
0.00010676 4.96 0.12
0.0001068 4.96 0.14
0.00010684 5.04 0.14
0.00010688 5.12 0.12
0.00010692 5.12 0.12
0.00010696 5.12 0.1
0.000107 5.12 0.12
0.00010704 5.2 0.12
0.00010708 5.2 0.12
0.00010712 5.28 0.1
0.00010716 5.28 0.1
0.0001072 5.36 0.12
0.00010724 5.36 0.1
0.00010728 5.44 0.1
0.00010732 5.44 0.1
0.00010736 5.44 0.1
0.0001074 5.44 0.1
0.00010744 5.44 0.08
0.00010748 5.52 0.1
0.00010752 5.6 0.1
0.00010756 5.6 0.08
0.0001076 5.6 0.08
0.00010764 5.6 0.08
0.00010768 5.68 0.08
0.00010772 5.76 0.08
0.00010776 5.68 0.08
0.0001078 5.68 0.06
0.00010784 5.76 0.08
0.00010788 5.76 0.08
0.00010792 5.84 0.08
0.00010796 5.84 0.08
0.000108 5.76 0.06
0.00010804 5.84 0.08
0.00010808 5.84 0.06
0.00010812 5.84 0.04
0.00010816 5.84 0.04
0.0001082 5.84 0.04
0.00010824 5.92 0.04
0.00010828 5.92 0.04
0.00010832 5.92 0.04
0.00010836 5.92 0.04
0.0001084 5.92 0.04
0.00010844 5.92 0.04
0.00010848 5.92 0.02
0.00010852 6.08 0.02
0.00010856 6 0.02
0.0001086 5.92 0.04
0.00010864 6 0.02
0.00010868 6.08 0.02
0.00010872 6 0
0.00010876 6.08 0.02
0.0001088 6.08 0.02
0.00010884 6.08 0
0.00010888 6.08 0
0.00010892 6.08 0
0.00010896 6.08 0.02
0.000109 6.08 0
0.00010904 6.08 0
0.00010908 6.08 0
0.00010912 6.08 0
0.00010916 6.08 0
0.0001092 6.08 -0.04
0.00010924 6.08 -0.04
0.00010928 6.08 0
0.00010932 6.08 -0.04
0.00010936 6.08 -0.04
0.0001094 6.08 -0.04
0.00010944 6.08 -0.04
0.00010948 6.08 -0.04
0.00010952 6.08 -0.06
0.00010956 6.08 -0.06
0.0001096 6.08 -0.06
0.00010964 6.08 -0.06
0.00010968 6 -0.06
0.00010972 5.92 -0.08
0.00010976 5.92 -0.08
0.0001098 5.92 -0.08
0.00010984 5.92 -0.08
0.00010988 5.92 -0.1
0.00010992 5.92 -0.08
0.00010996 5.84 -0.08
0.00011 5.84 -0.08
0.00011004 5.84 -0.08
0.00011008 5.76 -0.1
0.00011012 5.76 -0.1
0.00011016 5.76 -0.08
0.0001102 5.76 -0.1
0.00011024 5.76 -0.1
0.00011028 5.76 -0.1
0.00011032 5.76 -0.1
0.00011036 5.68 -0.1
0.0001104 5.6 -0.1
0.00011044 5.6 -0.12
0.00011048 5.6 -0.12
0.00011052 5.6 -0.12
0.00011056 5.6 -0.12
0.0001106 5.52 -0.14
0.00011064 5.52 -0.14
0.00011068 5.44 -0.14
0.00011072 5.44 -0.12
0.00011076 5.44 -0.14
0.0001108 5.44 -0.14
0.00011084 5.36 -0.14
0.00011088 5.44 -0.14
0.00011092 5.28 -0.14
0.00011096 5.2 -0.14
0.000111 5.2 -0.14
0.00011104 5.2 -0.16
0.00011108 5.12 -0.16
0.00011112 5.12 -0.16
0.00011116 5.12 -0.16
0.0001112 5.04 -0.16
0.00011124 5.04 -0.16
0.00011128 4.96 -0.16
0.00011132 4.96 -0.18
0.00011136 4.88 -0.16
0.0001114 4.88 -0.18
0.00011144 4.88 -0.18
0.00011148 4.8 -0.18
0.00011152 4.8 -0.18
0.00011156 4.64 -0.18
0.0001116 4.64 -0.18
0.00011164 4.64 -0.18
0.00011168 4.64 -0.22
0.00011172 4.56 -0.2
0.00011176 4.48 -0.2
0.0001118 4.48 -0.22
0.00011184 4.48 -0.2
0.00011188 4.32 -0.22
0.00011192 4.32 -0.2
0.00011196 4.32 -0.22
0.000112 4.16 -0.22
0.00011204 4.16 -0.22
0.00011208 4.08 -0.24
0.00011212 4.08 -0.22
0.00011216 4 -0.22
0.0001122 3.92 -0.22
0.00011224 3.92 -0.24
0.00011228 3.84 -0.22
0.00011232 3.84 -0.22
0.00011236 3.84 -0.24
0.0001124 3.76 -0.24
0.00011244 3.6 -0.24
0.00011248 3.6 -0.24
0.00011252 3.52 -0.22
0.00011256 3.52 -0.24
0.0001126 3.52 -0.24
0.00011264 3.36 -0.26
0.00011268 3.36 -0.26
0.00011272 3.36 -0.26
0.00011276 3.2 -0.26
0.0001128 3.2 -0.26
0.00011284 3.12 -0.26
0.00011288 3.04 -0.26
0.00011292 2.96 -0.26
0.00011296 2.96 -0.26
0.000113 2.88 -0.26
0.00011304 2.88 -0.26
0.00011308 2.88 -0.26
0.00011312 2.72 -0.26
0.00011316 2.64 -0.26
0.0001132 2.56 -0.26
0.00011324 2.56 -0.26
0.00011328 2.56 -0.28
0.00011332 2.4 -0.28
0.00011336 2.4 -0.26
0.0001134 2.32 -0.28
0.00011344 2.24 -0.26
0.00011348 2.24 -0.3
0.00011352 2.08 -0.28
0.00011356 2 -0.28
0.0001136 2 -0.28
0.00011364 1.92 -0.3
0.00011368 1.92 -0.3
0.00011372 1.76 -0.28
0.00011376 1.76 -0.28
0.0001138 1.68 -0.3
0.00011384 1.6 -0.3
0.00011388 1.6 -0.3
0.00011392 1.44 -0.28
0.00011396 1.44 -0.32
0.000114 1.36 -0.3
0.00011404 1.28 -0.3
0.00011408 1.28 -0.3
0.00011412 1.2 -0.3
0.00011416 1.12 -0.3
0.0001142 1.04 -0.3
0.00011424 0.96 -0.3
0.00011428 0.88 -0.3
0.00011432 0.96 -0.3
0.00011436 0.8 -0.32
0.0001144 0.72 -0.3
0.00011444 0.64 -0.32
0.00011448 0.64 -0.3
0.00011452 0.48 -0.32
0.00011456 0.48 -0.3
0.0001146 0.4 -0.3
0.00011464 0.32 -0.32
0.00011468 0.32 -0.32
0.00011472 0.16 -0.3
0.00011476 0.16 -0.3
0.0001148 0.08 -0.3
0.00011484 0 -0.32
0.00011488 0 -0.32
0.00011492 -0.24 -0.3
0.00011496 -0.24 -0.3
0.000115 -0.32 -0.32
0.00011504 -0.4 -0.3
0.00011508 -0.4 -0.32
0.00011512 -0.48 -0.3
0.00011516 -0.64 -0.3
0.0001152 -0.64 -0.32
0.00011524 -0.72 -0.32
0.00011528 -0.8 -0.32
0.00011532 -0.88 -0.32
0.00011536 -0.96 -0.32
0.0001154 -0.96 -0.32
0.00011544 -1.04 -0.3
0.00011548 -1.12 -0.3
0.00011552 -1.2 -0.3
0.00011556 -1.2 -0.3
0.0001156 -1.36 -0.32
0.00011564 -1.36 -0.3
0.00011568 -1.52 -0.3
0.00011572 -1.52 -0.32
0.00011576 -1.6 -0.32
0.0001158 -1.6 -0.3
0.00011584 -1.68 -0.3
0.00011588 -1.76 -0.3
0.00011592 -1.84 -0.32
0.00011596 -1.92 -0.3
0.000116 -1.92 -0.3
0.00011604 -2 -0.3
0.00011608 -2 -0.3
0.00011612 -2.16 -0.3
0.00011616 -2.24 -0.32
0.0001162 -2.24 -0.3
0.00011624 -2.32 -0.3
0.00011628 -2.32 -0.3
0.00011632 -2.4 -0.3
0.00011636 -2.48 -0.3
0.0001164 -2.56 -0.28
0.00011644 -2.64 -0.32
0.00011648 -2.64 -0.3
0.00011652 -2.64 -0.3
0.00011656 -2.8 -0.28
0.0001166 -2.88 -0.28
0.00011664 -2.88 -0.3
0.00011668 -2.96 -0.3
0.00011672 -2.96 -0.28
0.00011676 -3.12 -0.3
0.0001168 -3.2 -0.3
0.00011684 -3.12 -0.28
0.00011688 -3.28 -0.3
0.00011692 -3.28 -0.28
0.00011696 -3.28 -0.28
0.000117 -3.44 -0.28
0.00011704 -3.52 -0.3
0.00011708 -3.52 -0.26
0.00011712 -3.6 -0.26
0.00011716 -3.6 -0.28
0.0001172 -3.6 -0.26
0.00011724 -3.76 -0.26
0.00011728 -3.76 -0.26
0.00011732 -3.84 -0.28
0.00011736 -3.84 -0.28
0.0001174 -3.92 -0.26
0.00011744 -4 -0.26
0.00011748 -4.08 -0.26
0.00011752 -4.08 -0.26
0.00011756 -4.16 -0.26
0.0001176 -4.16 -0.24
0.00011764 -4.24 -0.26
0.00011768 -4.24 -0.26
0.00011772 -4.24 -0.26
0.00011776 -4.4 -0.26
0.0001178 -4.4 -0.24
0.00011784 -4.48 -0.26
0.00011788 -4.56 -0.26
0.00011792 -4.56 -0.24
0.00011796 -4.56 -0.24
0.000118 -4.72 -0.24
0.00011804 -4.72 -0.26
0.00011808 -4.72 -0.24
0.00011812 -4.8 -0.24
0.00011816 -4.88 -0.24
0.0001182 -4.88 -0.24
0.00011824 -4.88 -0.22
0.00011828 -4.88 -0.24
0.00011832 -4.96 -0.24
0.00011836 -5.04 -0.22
0.0001184 -5.04 -0.22
0.00011844 -5.12 -0.24
0.00011848 -5.12 -0.22
0.00011852 -5.2 -0.22
0.00011856 -5.2 -0.22
0.0001186 -5.2 -0.22
0.00011864 -5.2 -0.22
0.00011868 -5.2 -0.22
0.00011872 -5.36 -0.22
0.00011876 -5.36 -0.22
0.0001188 -5.36 -0.2
0.00011884 -5.44 -0.2
0.00011888 -5.44 -0.18
0.00011892 -5.52 -0.2
0.00011896 -5.44 -0.2
0.000119 -5.52 -0.2
0.00011904 -5.52 -0.2
0.00011908 -5.6 -0.18
0.00011912 -5.6 -0.18
0.00011916 -5.68 -0.18
0.0001192 -5.68 -0.18
0.00011924 -5.68 -0.16
0.00011928 -5.68 -0.2
0.00011932 -5.76 -0.16
0.00011936 -5.76 -0.16
0.0001194 -5.76 -0.18
0.00011944 -5.76 -0.16
0.00011948 -5.76 -0.16
0.00011952 -5.84 -0.14
0.00011956 -5.84 -0.16
0.0001196 -5.84 -0.16
0.00011964 -5.84 -0.16
0.00011968 -6 -0.16
0.00011972 -6 -0.14
0.00011976 -6 -0.14
0.0001198 -6 -0.14
0.00011984 -6 -0.14
0.00011988 -6 -0.14
0.00011992 -6 -0.12
0.00011996 -6.08 -0.14
0.00012 -6 -0.12
0.00012004 -6.08 -0.14
0.00012008 -6.08 -0.12
0.00012012 -6.08 -0.12
0.00012016 -6.08 -0.1
0.0001202 -6.08 -0.12
0.00012024 -6.16 -0.1
0.00012028 -6.08 -0.1
0.00012032 -6.08 -0.12
0.00012036 -6.16 -0.1
0.0001204 -6.16 -0.1
0.00012044 -6.16 -0.1
0.00012048 -6.16 -0.1
0.00012052 -6.16 -0.12
0.00012056 -6.16 -0.08
0.0001206 -6.16 -0.08
0.00012064 -6.16 -0.08
0.00012068 -6.16 -0.08
0.00012072 -6.16 -0.08
0.00012076 -6.16 -0.08
0.0001208 -6.08 -0.06
0.00012084 -6.08 -0.06
0.00012088 -6.16 -0.08
0.00012092 -6.08 -0.08
0.00012096 -6.16 -0.06
0.000121 -6.08 -0.06
0.00012104 -6.16 -0.06
0.00012108 -6.08 -0.06
0.00012112 -6.08 -0.04
0.00012116 -6.08 -0.04
0.0001212 -6.08 -0.06
0.00012124 -6.08 0
0.00012128 -6 -0.04
0.00012132 -6.08 0
0.00012136 -6 -0.04
0.0001214 -6.08 -0.04
0.00012144 -6.08 0
0.00012148 -6 0
0.00012152 -6 0
0.00012156 -6 -0.04
0.0001216 -6 -0.04
0.00012164 -5.92 0
0.00012168 -5.92 0
0.00012172 -5.92 0
0.00012176 -5.84 0
0.0001218 -5.84 0.02
0.00012184 -5.84 0.02
0.00012188 -5.84 0.02
0.00012192 -5.84 0.02
0.00012196 -5.76 0.02
0.000122 -5.76 0.02
0.00012204 -5.76 0.02
0.00012208 -5.68 0.02
0.00012212 -5.68 0.02
0.00012216 -5.68 0.04
0.0001222 -5.6 0.04
0.00012224 -5.6 0.04
0.00012228 -5.52 0.04
0.00012232 -5.52 0.04
0.00012236 -5.52 0.04
0.0001224 -5.44 0.06
0.00012244 -5.44 0.04
0.00012248 -5.44 0.06
0.00012252 -5.44 0.04
0.00012256 -5.36 0.06
0.0001226 -5.36 0.04
0.00012264 -5.2 0.06
0.00012268 -5.2 0.08
0.00012272 -5.2 0.06
0.00012276 -5.2 0.08
0.0001228 -5.2 0.08
0.00012284 -5.12 0.08
0.00012288 -5.04 0.08
0.00012292 -5.12 0.08
0.00012296 -5.04 0.1
0.000123 -5.04 0.08
0.00012304 -4.88 0.08
0.00012308 -4.88 0.1
0.00012312 -4.88 0.1
0.00012316 -4.8 0.1
0.0001232 -4.8 0.1
0.00012324 -4.72 0.1
0.00012328 -4.72 0.1
0.00012332 -4.64 0.1
0.00012336 -4.56 0.08
0.0001234 -4.56 0.1
0.00012344 -4.56 0.12
0.00012348 -4.48 0.14
0.00012352 -4.4 0.12
0.00012356 -4.4 0.1
0.0001236 -4.4 0.12
0.00012364 -4.24 0.12
0.00012368 -4.24 0.12
0.00012372 -4.16 0.12
0.00012376 -4.16 0.14
0.0001238 -4.08 0.12
0.00012384 -4.08 0.14
0.00012388 -3.92 0.12
0.00012392 -3.92 0.12
0.00012396 -3.92 0.16
0.000124 -3.84 0.16
0.00012404 -3.76 0.14
0.00012408 -3.76 0.14
0.00012412 -3.68 0.16
0.00012416 -3.68 0.16
0.0001242 -3.6 0.16
0.00012424 -3.52 0.16
0.00012428 -3.52 0.14
0.00012432 -3.44 0.16
0.00012436 -3.36 0.16
0.0001244 -3.28 0.16
0.00012444 -3.28 0.16
0.00012448 -3.2 0.16
0.00012452 -3.2 0.16
0.00012456 -3.12 0.16
0.0001246 -2.96 0.18
0.00012464 -2.96 0.18
0.00012468 -2.88 0.18
0.00012472 -2.88 0.18
0.00012476 -2.8 0.18
0.0001248 -2.72 0.18
0.00012484 -2.64 0.18
0.00012488 -2.64 0.18
0.00012492 -2.56 0.18
0.00012496 -2.56 0.18
0.000125 -2.48 0.18
0.00012504 -2.32 0.2
0.00012508 -2.32 0.2
0.00012512 -2.32 0.18
0.00012516 -2.24 0.18
0.0001252 -2.16 0.2
0.00012524 -2.16 0.18
0.00012528 -2 0.2
0.00012532 -2 0.2
0.00012536 -1.84 0.2
0.0001254 -1.84 0.2
0.00012544 -1.76 0.2
0.00012548 -1.68 0.18
0.00012552 -1.68 0.2
0.00012556 -1.6 0.2
0.0001256 -1.52 0.2
0.00012564 -1.52 0.2
0.00012568 -1.36 0.2
0.00012572 -1.36 0.2
0.00012576 -1.2 0.24
0.0001258 -1.2 0.2
0.00012584 -1.04 0.2
0.00012588 -1.04 0.22
0.00012592 -1.04 0.22
0.00012596 -0.96 0.22
0.000126 -0.88 0.2
0.00012604 -0.8 0.2
0.00012608 -0.72 0.22
0.00012612 -0.64 0.2
0.00012616 -0.64 0.22
0.0001262 -0.56 0.2
0.00012624 -0.4 0.22
0.00012628 -0.4 0.22
0.00012632 -0.4 0.2
0.00012636 -0.24 0.22
0.0001264 -0.16 0.2
0.00012644 0 0.22
0.00012648 0 0.22
0.00012652 0.08 0.22
0.00012656 0.16 0.2
0.0001266 0.24 0.22
0.00012664 0.32 0.22
0.00012668 0.32 0.22
0.00012672 0.4 0.2
0.00012676 0.48 0.24
0.0001268 0.48 0.22
0.00012684 0.56 0.24
0.00012688 0.64 0.2
0.00012692 0.72 0.22
0.00012696 0.8 0.22
0.000127 0.88 0.24
0.00012704 0.96 0.22
0.00012708 0.96 0.22
0.00012712 1.04 0.22
0.00012716 1.12 0.24
0.0001272 1.12 0.22
0.00012724 1.28 0.2
0.00012728 1.28 0.22
0.00012732 1.36 0.22
0.00012736 1.44 0.22
0.0001274 1.44 0.22
0.00012744 1.52 0.22
0.00012748 1.68 0.24
0.00012752 1.68 0.22
0.00012756 1.76 0.2
0.0001276 1.76 0.2
0.00012764 1.92 0.2
0.00012768 1.92 0.22
0.00012772 2 0.2
0.00012776 2.08 0.2
0.0001278 2.16 0.2
0.00012784 2.16 0.2
0.00012788 2.24 0.22
0.00012792 2.32 0.18
0.00012796 2.32 0.2
0.000128 2.4 0.2
0.00012804 2.48 0.22
0.00012808 2.56 0.2
0.00012812 2.64 0.2
0.00012816 2.64 0.2
0.0001282 2.72 0.2
0.00012824 2.72 0.2
0.00012828 2.88 0.2
0.00012832 2.88 0.2
0.00012836 2.96 0.22
0.0001284 2.96 0.2
0.00012844 3.04 0.2
0.00012848 3.12 0.2
0.00012852 3.2 0.18
0.00012856 3.2 0.2
0.0001286 3.28 0.2
0.00012864 3.36 0.18
0.00012868 3.36 0.18
0.00012872 3.52 0.2
0.00012876 3.52 0.2
0.0001288 3.6 0.18
0.00012884 3.68 0.18
0.00012888 3.68 0.18
0.00012892 3.68 0.2
0.00012896 3.76 0.18
0.000129 3.84 0.18
0.00012904 3.84 0.18
0.00012908 3.84 0.18
0.00012912 4 0.18
0.00012916 4 0.18
0.0001292 4 0.18
0.00012924 4.16 0.16
0.00012928 4.16 0.18
0.00012932 4.24 0.16
0.00012936 4.24 0.16
0.0001294 4.32 0.16
0.00012944 4.32 0.16
0.00012948 4.32 0.18
0.00012952 4.48 0.14
0.00012956 4.48 0.14
0.0001296 4.56 0.16
0.00012964 4.56 0.16
0.00012968 4.64 0.16
0.00012972 4.64 0.14
0.00012976 4.64 0.14
0.0001298 4.8 0.14
0.00012984 4.8 0.16
0.00012988 4.8 0.14
0.00012992 4.88 0.14
0.00012996 4.88 0.14
0.00013 4.96 0.12
0.00013004 4.96 0.12
0.00013008 4.96 0.12
0.00013012 5.12 0.14
0.00013016 5.12 0.1
0.0001302 5.12 0.12
0.00013024 5.12 0.12
0.00013028 5.2 0.1
0.00013032 5.2 0.12
0.00013036 5.28 0.12
0.0001304 5.2 0.12
0.00013044 5.28 0.1
0.00013048 5.28 0.1
0.00013052 5.36 0.12
0.00013056 5.44 0.1
0.0001306 5.44 0.08
0.00013064 5.44 0.1
0.00013068 5.44 0.1
0.00013072 5.52 0.08
0.00013076 5.52 0.08
0.0001308 5.6 0.1
0.00013084 5.6 0.08
0.00013088 5.6 0.08
0.00013092 5.6 0.08
0.00013096 5.68 0.08
0.000131 5.6 0.08
0.00013104 5.76 0.08
0.00013108 5.76 0.08
0.00013112 5.76 0.08
0.00013116 5.76 0.06
0.0001312 5.76 0.08
0.00013124 5.84 0.06
0.00013128 5.84 0.06
0.00013132 5.84 0.04
0.00013136 5.92 0.06
0.0001314 5.92 0.06
0.00013144 5.92 0.04
0.00013148 5.92 0.04
0.00013152 5.92 0.06
0.00013156 6 0.04
0.0001316 5.92 0.04
0.00013164 5.92 0.04
0.00013168 5.92 0.02
0.00013172 6 0.02
0.00013176 5.92 0.04
0.0001318 6 0.02
0.00013184 6 0.02
0.00013188 6.08 0.02
0.00013192 6 0.02
0.00013196 6.08 0.02
0.000132 6.08 0
0.00013204 6.08 0
0.00013208 6 0.02
0.00013212 6.08 0
0.00013216 6.08 0
0.0001322 6.08 0
0.00013224 6.08 0
0.00013228 6.08 0
0.00013232 6.08 -0.04
0.00013236 6.08 -0.04
0.0001324 6.08 -0.04
0.00013244 6.08 -0.04
0.00013248 6.08 -0.04
0.00013252 6.08 -0.04
0.00013256 6.08 -0.04
0.0001326 6 -0.04
0.00013264 6.08 -0.04
0.00013268 6.08 0
0.00013272 6 -0.04
0.00013276 6.08 -0.06
0.0001328 6 -0.04
0.00013284 6.08 -0.06
0.00013288 5.92 -0.06
0.00013292 6 -0.06
0.00013296 5.92 -0.06
0.000133 5.92 -0.06
0.00013304 5.92 -0.08
0.00013308 5.92 -0.08
0.00013312 5.92 -0.08
0.00013316 5.92 -0.08
0.0001332 5.92 -0.08
0.00013324 5.84 -0.1
0.00013328 5.84 -0.08
0.00013332 5.84 -0.1
0.00013336 5.84 -0.08
0.0001334 5.76 -0.1
0.00013344 5.76 -0.1
0.00013348 5.76 -0.12
0.00013352 5.76 -0.1
0.00013356 5.76 -0.08
0.0001336 5.68 -0.12
0.00013364 5.6 -0.12
0.00013368 5.6 -0.12
0.00013372 5.6 -0.12
0.00013376 5.6 -0.1
0.0001338 5.52 -0.12
0.00013384 5.52 -0.12
0.00013388 5.52 -0.14
0.00013392 5.44 -0.12
0.00013396 5.44 -0.14
0.000134 5.44 -0.14
0.00013404 5.44 -0.14
0.00013408 5.36 -0.14
0.00013412 5.36 -0.16
0.00013416 5.28 -0.16
0.0001342 5.28 -0.16
0.00013424 5.28 -0.16
0.00013428 5.2 -0.16
0.00013432 5.2 -0.16
0.00013436 5.12 -0.16
0.0001344 5.12 -0.16
0.00013444 5.04 -0.16
0.00013448 5.04 -0.18
0.00013452 4.96 -0.18
0.00013456 4.96 -0.18
0.0001346 4.88 -0.18
0.00013464 4.88 -0.18
0.00013468 4.8 -0.2
0.00013472 4.8 -0.18
0.00013476 4.8 -0.18
0.0001348 4.8 -0.18
0.00013484 4.64 -0.2
0.00013488 4.64 -0.18
0.00013492 4.64 -0.2
0.00013496 4.56 -0.18
0.000135 4.56 -0.22
0.00013504 4.48 -0.18
0.00013508 4.48 -0.2
0.00013512 4.32 -0.2
0.00013516 4.24 -0.22
0.0001352 4.32 -0.22
0.00013524 4.24 -0.24
0.00013528 4.16 -0.2
0.00013532 4.16 -0.24
0.00013536 4.16 -0.22
0.0001354 4 -0.24
0.00013544 4 -0.22
0.00013548 3.92 -0.24
0.00013552 3.92 -0.24
0.00013556 3.84 -0.24
0.0001356 3.84 -0.24
0.00013564 3.76 -0.22
0.00013568 3.68 -0.24
0.00013572 3.68 -0.24
0.00013576 3.6 -0.24
0.0001358 3.52 -0.24
0.00013584 3.52 -0.26
0.00013588 3.44 -0.26
0.00013592 3.36 -0.26
0.00013596 3.28 -0.24
0.000136 3.28 -0.24
0.00013604 3.2 -0.26
0.00013608 3.2 -0.26
0.00013612 3.12 -0.26
0.00013616 3.04 -0.26
0.0001362 2.96 -0.26
0.00013624 2.96 -0.26
0.00013628 2.88 -0.28
0.00013632 2.88 -0.26
0.00013636 2.88 -0.26
0.0001364 2.72 -0.28
0.00013644 2.64 -0.28
0.00013648 2.64 -0.26
0.00013652 2.56 -0.26
0.00013656 2.48 -0.28
0.0001366 2.4 -0.26
0.00013664 2.32 -0.26
0.00013668 2.24 -0.26
0.00013672 2.24 -0.26
0.00013676 2.08 -0.28
0.0001368 2.08 -0.28
0.00013684 2 -0.3
0.00013688 2 -0.26
0.00013692 1.92 -0.28
0.00013696 1.84 -0.3
0.000137 1.76 -0.3
0.00013704 1.68 -0.3
0.00013708 1.6 -0.28
0.00013712 1.6 -0.3
0.00013716 1.6 -0.3
0.0001372 1.52 -0.3
0.00013724 1.44 -0.28
0.00013728 1.36 -0.3
0.00013732 1.28 -0.3
0.00013736 1.28 -0.3
0.0001374 1.2 -0.3
0.00013744 1.12 -0.3
0.00013748 1.04 -0.3
0.00013752 0.96 -0.3
0.00013756 0.96 -0.3
0.0001376 0.8 -0.3
0.00013764 0.8 -0.3
0.00013768 0.72 -0.32
0.00013772 0.64 -0.3
0.00013776 0.48 -0.3
0.0001378 0.48 -0.32
0.00013784 0.4 -0.32
0.00013788 0.4 -0.32
0.00013792 0.32 -0.3
0.00013796 0.24 -0.28
0.000138 0.16 -0.3
0.00013804 0.08 -0.32
0.00013808 0.08 -0.32
0.00013812 0 -0.32
0.00013816 -0.16 -0.32
0.0001382 -0.24 -0.32
0.00013824 -0.32 -0.32
0.00013828 -0.32 -0.32
0.00013832 -0.4 -0.3
0.00013836 -0.48 -0.32
0.0001384 -0.56 -0.32
0.00013844 -0.64 -0.32
0.00013848 -0.72 -0.28
0.00013852 -0.8 -0.3
0.00013856 -0.88 -0.32
0.0001386 -0.88 -0.32
0.00013864 -1.04 -0.32
0.00013868 -1.04 -0.3
0.00013872 -1.04 -0.32
0.00013876 -1.2 -0.32
0.0001388 -1.2 -0.32
0.00013884 -1.28 -0.32
0.00013888 -1.36 -0.3
0.00013892 -1.36 -0.32
0.00013896 -1.44 -0.32
0.000139 -1.52 -0.3
0.00013904 -1.6 -0.3
0.00013908 -1.68 -0.3
0.00013912 -1.68 -0.32
0.00013916 -1.84 -0.32
0.0001392 -1.92 -0.32
0.00013924 -1.92 -0.32
0.00013928 -1.92 -0.32
0.00013932 -2 -0.3
0.00013936 -2.16 -0.3
0.0001394 -2.16 -0.32
0.00013944 -2.24 -0.32
0.00013948 -2.32 -0.3
0.00013952 -2.32 -0.3
0.00013956 -2.48 -0.3
0.0001396 -2.48 -0.3
0.00013964 -2.48 -0.3
0.00013968 -2.64 -0.3
0.00013972 -2.64 -0.28
0.00013976 -2.72 -0.3
0.0001398 -2.8 -0.3
0.00013984 -2.88 -0.3
0.00013988 -2.88 -0.3
0.00013992 -2.96 -0.28
0.00013996 -2.96 -0.3
0.00014 -3.04 -0.3
0.00014004 -3.12 -0.28
0.00014008 -3.2 -0.28
0.00014012 -3.2 -0.3
0.00014016 -3.28 -0.28
0.0001402 -3.28 -0.28
0.00014024 -3.44 -0.28
0.00014028 -3.52 -0.3
0.00014032 -3.52 -0.3
0.00014036 -3.6 -0.28
0.0001404 -3.6 -0.26
0.00014044 -3.6 -0.28
0.00014048 -3.76 -0.26
0.00014052 -3.76 -0.28
0.00014056 -3.84 -0.26
0.0001406 -3.84 -0.26
0.00014064 -3.92 -0.26
0.00014068 -3.92 -0.28
0.00014072 -4.08 -0.26
0.00014076 -4.08 -0.26
0.0001408 -4.16 -0.26
0.00014084 -4.16 -0.26
0.00014088 -4.24 -0.26
0.00014092 -4.24 -0.26
0.00014096 -4.24 -0.26
0.000141 -4.4 -0.26
0.00014104 -4.4 -0.26
0.00014108 -4.4 -0.26
0.00014112 -4.56 -0.26
0.00014116 -4.56 -0.24
0.0001412 -4.56 -0.26
0.00014124 -4.56 -0.24
0.00014128 -4.72 -0.24
0.00014132 -4.72 -0.24
0.00014136 -4.8 -0.24
0.0001414 -4.8 -0.24
0.00014144 -4.88 -0.24
0.00014148 -4.88 -0.22
0.00014152 -4.88 -0.22
0.00014156 -4.96 -0.24
0.0001416 -4.96 -0.24
0.00014164 -5.04 -0.24
0.00014168 -5.12 -0.22
0.00014172 -5.12 -0.22
0.00014176 -5.2 -0.22
0.0001418 -5.2 -0.24
0.00014184 -5.2 -0.22
0.00014188 -5.2 -0.22
0.00014192 -5.2 -0.22
0.00014196 -5.28 -0.22
0.000142 -5.36 -0.2
0.00014204 -5.36 -0.22
0.00014208 -5.44 -0.2
0.00014212 -5.44 -0.22
0.00014216 -5.52 -0.2
0.0001422 -5.52 -0.2
0.00014224 -5.52 -0.2
0.00014228 -5.52 -0.22
0.00014232 -5.52 -0.18
0.00014236 -5.6 -0.2
0.0001424 -5.52 -0.16
0.00014244 -5.68 -0.18
0.00014248 -5.68 -0.16
0.00014252 -5.76 -0.18
0.00014256 -5.76 -0.16
0.0001426 -5.76 -0.16
0.00014264 -5.76 -0.18
0.00014268 -5.84 -0.16
0.00014272 -5.84 -0.16
0.00014276 -5.84 -0.16
0.0001428 -5.84 -0.16
0.00014284 -5.84 -0.16
0.00014288 -5.84 -0.16
0.00014292 -5.92 -0.14
0.00014296 -6 -0.14
0.000143 -5.92 -0.16
0.00014304 -6 -0.14
0.00014308 -6 -0.14
0.00014312 -6 -0.16
0.00014316 -6 -0.14
0.0001432 -6.08 -0.14
0.00014324 -6.08 -0.12
0.00014328 -6 -0.12
0.00014332 -6.08 -0.12
0.00014336 -6.08 -0.14
0.0001434 -6.08 -0.12
0.00014344 -6.16 -0.12
0.00014348 -6.08 -0.12
0.00014352 -6.16 -0.12
0.00014356 -6.08 -0.1
0.0001436 -6.08 -0.1
0.00014364 -6.08 -0.1
0.00014368 -6.16 -0.1
0.00014372 -6.16 -0.08
0.00014376 -6.08 -0.1
0.0001438 -6.16 -0.08
0.00014384 -6.16 -0.08
0.00014388 -6.16 -0.1
0.00014392 -6.16 -0.08
0.00014396 -6.16 -0.08
0.000144 -6.16 -0.1
0.00014404 -6.16 -0.08
0.00014408 -6.16 -0.08
0.00014412 -6.16 -0.08
0.00014416 -6.16 -0.08
0.0001442 -6.08 -0.06
0.00014424 -6.16 -0.06
0.00014428 -6.16 -0.04
0.00014432 -6.16 -0.04
0.00014436 -6.08 -0.06
0.0001444 -6.08 -0.06
0.00014444 -6.08 -0.06
0.00014448 -6.08 -0.04
0.00014452 -6 -0.04
0.00014456 -6 -0.04
0.0001446 -6.08 -0.04
0.00014464 -6.08 -0.04
0.00014468 -6 0
0.00014472 -6 -0.04
0.00014476 -6 -0.04
0.0001448 -6 0
0.00014484 -6 0
0.00014488 -6 0
0.00014492 -6 0
0.00014496 -5.92 0
0.000145 -5.84 0
0.00014504 -5.84 0.02
0.00014508 -5.84 0
0.00014512 -5.84 0
0.00014516 -5.84 0.02
0.0001452 -5.76 0.02
0.00014524 -5.76 0.02
0.00014528 -5.76 0.02
0.00014532 -5.76 0.02
0.00014536 -5.76 0.02
0.0001454 -5.68 0.04
0.00014544 -5.68 0.02
0.00014548 -5.6 0.04
0.00014552 -5.52 0.04
0.00014556 -5.52 0.04
0.0001456 -5.52 0.04
0.00014564 -5.52 0.04
0.00014568 -5.44 0.06
0.00014572 -5.44 0.04
0.00014576 -5.44 0.06
0.0001458 -5.36 0.04
0.00014584 -5.36 0.04
0.00014588 -5.36 0.08
0.00014592 -5.36 0.08
0.00014596 -5.2 0.06
0.000146 -5.2 0.08
0.00014604 -5.2 0.08
0.00014608 -5.2 0.08
0.00014612 -5.12 0.08
0.00014616 -5.12 0.08
0.0001462 -5.04 0.08
0.00014624 -5.04 0.1
0.00014628 -4.96 0.1
0.00014632 -4.88 0.08
0.00014636 -4.88 0.08
0.0001464 -4.88 0.1
0.00014644 -4.8 0.1
0.00014648 -4.8 0.1
0.00014652 -4.72 0.1
0.00014656 -4.56 0.1
0.0001466 -4.56 0.1
0.00014664 -4.56 0.12
0.00014668 -4.56 0.1
0.00014672 -4.48 0.1
0.00014676 -4.48 0.12
0.0001468 -4.4 0.12
0.00014684 -4.24 0.12
0.00014688 -4.32 0.12
0.00014692 -4.24 0.12
0.00014696 -4.16 0.14
0.000147 -4.16 0.12
0.00014704 -4.08 0.12
0.00014708 -4.08 0.12
0.00014712 -4 0.16
0.00014716 -3.92 0.16
0.0001472 -3.92 0.14
0.00014724 -3.84 0.16
0.00014728 -3.76 0.16
0.00014732 -3.76 0.14
0.00014736 -3.76 0.16
0.0001474 -3.6 0.16
0.00014744 -3.6 0.16
0.00014748 -3.52 0.14
0.00014752 -3.52 0.16
0.00014756 -3.44 0.16
0.0001476 -3.44 0.16
0.00014764 -3.44 0.16
0.00014768 -3.28 0.18
0.00014772 -3.28 0.18
0.00014776 -3.2 0.18
0.0001478 -3.12 0.18
0.00014784 -3.12 0.18
0.00014788 -2.96 0.16
0.00014792 -2.96 0.16
0.00014796 -2.88 0.16
0.000148 -2.88 0.18
0.00014804 -2.8 0.18
0.00014808 -2.72 0.18
0.00014812 -2.64 0.18
0.00014816 -2.64 0.18
0.0001482 -2.56 0.2
0.00014824 -2.48 0.18
0.00014828 -2.48 0.18
0.00014832 -2.32 0.18
0.00014836 -2.32 0.2
0.0001484 -2.24 0.18
0.00014844 -2.16 0.18
0.00014848 -2.08 0.18
0.00014852 -2.08 0.18
0.00014856 -2 0.18
0.0001486 -1.92 0.2
0.00014864 -1.84 0.18
0.00014868 -1.84 0.2
0.00014872 -1.68 0.2
0.00014876 -1.68 0.2
0.0001488 -1.6 0.2
0.00014884 -1.52 0.2
0.00014888 -1.52 0.2
0.00014892 -1.36 0.2
0.00014896 -1.36 0.2
0.000149 -1.28 0.22
0.00014904 -1.28 0.2
0.00014908 -1.2 0.22
0.00014912 -1.04 0.2
0.00014916 -1.04 0.2
0.0001492 -0.96 0.2
0.00014924 -0.96 0.2
0.00014928 -0.8 0.2
0.00014932 -0.8 0.22
0.00014936 -0.72 0.2
0.0001494 -0.64 0.22
0.00014944 -0.56 0.22
0.00014948 -0.48 0.22
0.00014952 -0.4 0.2
0.00014956 -0.4 0.22
0.0001496 -0.32 0.24
0.00014964 -0.24 0.22
0.00014968 -0.16 0.2
0.00014972 0 0.2
0.00014976 0 0.2
0.0001498 0.16 0.22
0.00014984 0.16 0.2
0.00014988 0.24 0.2
0.00014992 0.32 0.22
0.00014996 0.32 0.24
0.00015 0.4 0.22
0.00015004 0.48 0.22
0.00015008 0.56 0.22
0.00015012 0.64 0.2
0.00015016 0.72 0.22
0.0001502 0.72 0.22
0.00015024 0.8 0.2
0.00015028 0.88 0.22
0.00015032 0.96 0.22
0.00015036 1.04 0.22
0.0001504 1.04 0.2
0.00015044 1.12 0.22
0.00015048 1.2 0.24
0.00015052 1.28 0.22
0.00015056 1.36 0.22
0.0001506 1.36 0.22
0.00015064 1.44 0.22
0.00015068 1.52 0.22
0.00015072 1.6 0.22
0.00015076 1.68 0.22
0.0001508 1.68 0.22
0.00015084 1.76 0.24
0.00015088 1.76 0.2
0.00015092 1.92 0.2
0.00015096 1.92 0.22
0.000151 2 0.22
0.00015104 2.08 0.2
0.00015108 2.16 0.2
0.00015112 2.24 0.22
0.00015116 2.24 0.2
0.0001512 2.32 0.22
0.00015124 2.4 0.2
0.00015128 2.4 0.2
0.00015132 2.56 0.2
0.00015136 2.56 0.2
0.0001514 2.64 0.2
0.00015144 2.72 0.2
0.00015148 2.72 0.2
0.00015152 2.88 0.22
0.00015156 2.88 0.2
0.0001516 2.96 0.2
0.00015164 2.96 0.18
0.00015168 3.04 0.2
0.00015172 3.12 0.2
0.00015176 3.2 0.2
0.0001518 3.2 0.2
0.00015184 3.28 0.18
0.00015188 3.36 0.2
0.00015192 3.36 0.2
0.00015196 3.36 0.18
0.000152 3.52 0.18
0.00015204 3.52 0.18
0.00015208 3.6 0.2
0.00015212 3.6 0.18
0.00015216 3.68 0.18
0.0001522 3.68 0.18
0.00015224 3.84 0.18
0.00015228 3.84 0.18
0.00015232 3.84 0.16
0.00015236 3.92 0.18
0.0001524 4 0.18
0.00015244 4.08 0.18
0.00015248 4 0.16
0.00015252 4.16 0.16
0.00015256 4.16 0.18
0.0001526 4.24 0.16
0.00015264 4.24 0.18
0.00015268 4.32 0.16
0.00015272 4.32 0.16
0.00015276 4.48 0.16
0.0001528 4.48 0.16
0.00015284 4.48 0.16
0.00015288 4.56 0.16
0.00015292 4.64 0.16
0.00015296 4.64 0.16
0.000153 4.72 0.16
0.00015304 4.8 0.14
0.00015308 4.8 0.14
0.00015312 4.8 0.16
0.00015316 4.88 0.14
0.0001532 4.88 0.14
0.00015324 4.88 0.14
0.00015328 4.96 0.14
0.00015332 4.96 0.14
0.00015336 5.12 0.14
0.0001534 5.12 0.12
0.00015344 5.12 0.12
0.00015348 5.12 0.12
0.00015352 5.12 0.14
0.00015356 5.2 0.12
0.0001536 5.2 0.12
0.00015364 5.28 0.1
0.00015368 5.28 0.1
0.00015372 5.28 0.1
0.00015376 5.44 0.12
0.0001538 5.44 0.1
0.00015384 5.44 0.1
0.00015388 5.44 0.1
0.00015392 5.44 0.08
0.00015396 5.52 0.1
0.000154 5.52 0.1
0.00015404 5.52 0.1
0.00015408 5.6 0.08
0.00015412 5.6 0.08
0.00015416 5.6 0.08
0.0001542 5.6 0.08
0.00015424 5.6 0.1
0.00015428 5.68 0.06
0.00015432 5.68 0.06
0.00015436 5.76 0.08
0.0001544 5.76 0.08
0.00015444 5.76 0.08
0.00015448 5.84 0.06
0.00015452 5.84 0.08
0.00015456 5.84 0.06
0.0001546 5.84 0.08
0.00015464 5.84 0.06
0.00015468 5.92 0.04
0.00015472 5.92 0.04
0.00015476 5.92 0.04
0.0001548 5.92 0.04
0.00015484 5.92 0.02
0.00015488 5.92 0.04
0.00015492 5.92 0.04
0.00015496 6 0.02
0.000155 5.92 0.02
0.00015504 6 0.04
0.00015508 6 0.02
0.00015512 6 0.02
0.00015516 6.08 0.02
0.0001552 6.08 0.02
0.00015524 6.08 0.02
0.00015528 6.08 0.02
0.00015532 6 0
0.00015536 6.08 0
0.0001554 6.08 0
0.00015544 6.08 0
0.00015548 6.08 0
0.00015552 6.08 0
0.00015556 6.08 0
0.0001556 6.08 0
0.00015564 6.08 0
0.00015568 6.08 0
0.00015572 6.08 0
0.00015576 6.08 0
0.0001558 6.08 0
0.00015584 6.08 -0.04
0.00015588 6.08 -0.04
0.00015592 6.08 -0.04
0.00015596 6.08 -0.04
0.000156 6.08 -0.06
0.00015604 6.08 -0.06
0.00015608 6.08 -0.06
0.00015612 5.92 -0.06
0.00015616 6 -0.06
0.0001562 6 -0.08
0.00015624 6 -0.08
0.00015628 5.92 -0.08
0.00015632 5.92 -0.06
0.00015636 5.92 -0.08
0.0001564 5.92 -0.08
0.00015644 5.84 -0.08
0.00015648 5.84 -0.1
0.00015652 5.84 -0.08
0.00015656 5.84 -0.08
0.0001566 5.84 -0.1
0.00015664 5.84 -0.1
0.00015668 5.84 -0.1
0.00015672 5.76 -0.1
0.00015676 5.76 -0.1
0.0001568 5.76 -0.1
0.00015684 5.76 -0.1
0.00015688 5.68 -0.1
0.00015692 5.6 -0.12
0.00015696 5.6 -0.12
0.000157 5.6 -0.1
0.00015704 5.6 -0.12
0.00015708 5.52 -0.12
0.00015712 5.52 -0.14
0.00015716 5.52 -0.14
0.0001572 5.44 -0.14
0.00015724 5.44 -0.14
0.00015728 5.44 -0.14
0.00015732 5.44 -0.14
0.00015736 5.28 -0.16
0.0001574 5.28 -0.14
0.00015744 5.28 -0.16
0.00015748 5.2 -0.14
0.00015752 5.2 -0.16
0.00015756 5.2 -0.14
0.0001576 5.2 -0.16
0.00015764 5.12 -0.18
0.00015768 5.12 -0.16
0.00015772 4.96 -0.18
0.00015776 5.04 -0.16
0.0001578 4.96 -0.18
0.00015784 4.96 -0.18
0.00015788 4.88 -0.16
0.00015792 4.88 -0.18
0.00015796 4.8 -0.18
0.000158 4.8 -0.2
0.00015804 4.8 -0.18
0.00015808 4.72 -0.18
0.00015812 4.64 -0.18
0.00015816 4.64 -0.18
0.0001582 4.64 -0.2
0.00015824 4.56 -0.2
0.00015828 4.48 -0.2
0.00015832 4.48 -0.2
0.00015836 4.4 -0.22
0.0001584 4.24 -0.22
0.00015844 4.24 -0.22
0.00015848 4.24 -0.22
0.00015852 4.16 -0.22
0.00015856 4.16 -0.22
0.0001586 4.16 -0.2
0.00015864 4.16 -0.22
0.00015868 4 -0.22
0.00015872 4 -0.22
0.00015876 3.92 -0.24
0.0001588 3.84 -0.22
0.00015884 3.84 -0.24
0.00015888 3.76 -0.24
0.00015892 3.76 -0.24
0.00015896 3.68 -0.24
0.000159 3.6 -0.24
0.00015904 3.52 -0.26
0.00015908 3.52 -0.24
0.00015912 3.52 -0.26
0.00015916 3.36 -0.24
0.0001592 3.36 -0.24
0.00015924 3.28 -0.24
0.00015928 3.28 -0.24
0.00015932 3.2 -0.26
0.00015936 3.2 -0.26
0.0001594 3.04 -0.26
0.00015944 3.04 -0.26
0.00015948 2.96 -0.26
0.00015952 2.88 -0.26
0.00015956 2.88 -0.26
0.0001596 2.88 -0.28
0.00015964 2.8 -0.26
0.00015968 2.64 -0.26
0.00015972 2.56 -0.26
0.00015976 2.56 -0.26
0.0001598 2.56 -0.28
0.00015984 2.4 -0.26
0.00015988 2.4 -0.26
0.00015992 2.32 -0.3
0.00015996 2.24 -0.26
