                     CH2(Unit:V)     CH3(Unit:V)
Frequency:            45.000 kHz      45.000 kHz
Period:                22.222 uS       22.222 uS
PK-PK:                     156mV           5.00V
1                         -0.016           2.360
2                         -0.004           2.360
3                         -0.020           2.320
4                         -0.004           2.360
5                         -0.020           2.320
6                         -0.012           2.320
7                         -0.020           2.280
8                         -0.016           2.320
9                         -0.020           2.240
10                        -0.012           2.280
11                        -0.024           2.240
12                        -0.008           2.240
13                        -0.028           2.200
14                        -0.012           2.240
15                        -0.028           2.160
16                        -0.020           2.200
17                        -0.028           2.120
18                        -0.020           2.160
19                        -0.032           2.080
20                        -0.020           2.120
21                        -0.036           2.080
22                        -0.024           2.120
23                        -0.036           2.040
24                        -0.024           2.080
25                        -0.036           2.000
26                        -0.024           2.040
27                        -0.040           1.960
28                        -0.024           2.000
29                        -0.040           1.920
30                        -0.032           1.960
31                        -0.040           1.880
32                        -0.032           1.920
33                        -0.040           1.800
34                        -0.032           1.840
35                        -0.044           1.760
36                        -0.032           1.800
37                        -0.044           1.720
38                        -0.036           1.760
39                        -0.048           1.680
40                        -0.036           1.720
41                        -0.048           1.600
42                        -0.040           1.680
43                        -0.052           1.560
44                        -0.036           1.600
45                        -0.048           1.520
46                        -0.040           1.560
47                        -0.052           1.440
48                        -0.044           1.520
49                        -0.056           1.400
50                        -0.044           1.440
51                        -0.056           1.360
52                        -0.040           1.400
53                        -0.056           1.280
54                        -0.040           1.320
55                        -0.056           1.200
56                        -0.044           1.280
57                        -0.060           1.160
58                        -0.044           1.240
59                        -0.060           1.080
60                        -0.048           1.160
61                        -0.060           1.040
62                        -0.048           1.120
63                        -0.060           0.960
64                        -0.052           1.040
65                        -0.064           0.920
66                        -0.052           0.960
67                        -0.060           0.840
68                        -0.052           0.920
69                        -0.064           0.760
70                        -0.052           0.840
71                        -0.060           0.720
72                        -0.056           0.760
73                        -0.064           0.640
74                        -0.052           0.720
75                        -0.064           0.560
76                        -0.056           0.640
77                        -0.064           0.520
78                        -0.056           0.560
79                        -0.064           0.440
80                        -0.056           0.480
81                        -0.068           0.360
82                        -0.056           0.440
83                        -0.072           0.320
84                        -0.056           0.360
85                        -0.068           0.240
86                        -0.056           0.280
87                        -0.068           0.160
88                        -0.056           0.200
89                        -0.068           0.080
90                        -0.056           0.160
91                        -0.072           0.000
92                        -0.056           0.080
93                        -0.068          -0.040
94                        -0.060           0.000
95                        -0.068          -0.120
96                        -0.056          -0.080
97                        -0.068          -0.200
98                        -0.060          -0.120
99                        -0.072          -0.280
100                       -0.060          -0.200
101                       -0.072          -0.360
102                       -0.060          -0.280
103                       -0.068          -0.400
104                       -0.060          -0.360
105                       -0.068          -0.480
106                       -0.056          -0.400
107                       -0.072          -0.560
108                       -0.060          -0.480
109                       -0.068          -0.600
110                       -0.060          -0.560
111                       -0.072          -0.680
112                       -0.056          -0.600
113                       -0.068          -0.760
114                       -0.056          -0.680
115                       -0.068          -0.800
116                       -0.056          -0.760
117                       -0.068          -0.880
118                       -0.060          -0.800
119                       -0.064          -0.960
120                       -0.056          -0.880
121                       -0.064          -1.000
122                       -0.052          -0.960
123                       -0.068          -1.080
124                       -0.056          -1.040
125                       -0.068          -1.160
126                       -0.056          -1.080
127                       -0.064          -1.200
128                       -0.056          -1.160
129                       -0.060          -1.280
130                       -0.052          -1.200
131                       -0.064          -1.320
132                       -0.052          -1.280
133                       -0.064          -1.400
134                       -0.052          -1.320
135                       -0.060          -1.440
136                       -0.052          -1.400
137                       -0.060          -1.520
138                       -0.044          -1.440
139                       -0.056          -1.560
140                       -0.048          -1.520
141                       -0.060          -1.640
142                       -0.044          -1.560
143                       -0.060          -1.680
144                       -0.048          -1.640
145                       -0.060          -1.720
146                       -0.044          -1.680
147                       -0.052          -1.800
148                       -0.044          -1.720
149                       -0.056          -1.840
150                       -0.044          -1.800
151                       -0.052          -1.880
152                       -0.044          -1.840
153                       -0.052          -1.920
154                       -0.040          -1.880
155                       -0.052          -1.960
156                       -0.036          -1.920
157                       -0.048          -2.040
158                       -0.040          -2.000
159                       -0.044          -2.080
160                       -0.040          -2.040
161                       -0.044          -2.120
162                       -0.036          -2.080
163                       -0.044          -2.160
164                       -0.032          -2.120
165                       -0.040          -2.200
166                       -0.032          -2.160
167                       -0.044          -2.240
168                       -0.032          -2.200
169                       -0.040          -2.240
170                       -0.032          -2.240
171                       -0.044          -2.280
172                       -0.028          -2.240
173                       -0.036          -2.320
174                       -0.024          -2.280
175                       -0.036          -2.360
176                       -0.024          -2.320
177                       -0.036          -2.360
178                       -0.028          -2.360
179                       -0.032          -2.400
180                       -0.016          -2.360
181                       -0.028          -2.440
182                       -0.020          -2.400
183                       -0.032          -2.440
184                       -0.016          -2.440
185                       -0.032          -2.480
186                       -0.020          -2.440
187                       -0.028          -2.480
188                       -0.016          -2.480
189                       -0.020          -2.520
190                       -0.016          -2.480
191                       -0.020          -2.520
192                       -0.012          -2.480
193                       -0.020          -2.520
194                       -0.012          -2.520
195                       -0.020          -2.560
196                       -0.008          -2.520
197                       -0.016          -2.560
198                       -0.004          -2.520
199                       -0.012          -2.560
200                       -0.004          -2.560
201                       -0.016          -2.560
202                       -0.004          -2.560
203                       -0.016          -2.560
204                        0.000          -2.560
205                       -0.012          -2.560
206                        0.004          -2.560
207                       -0.008          -2.560
208                        0.004          -2.560
209                       -0.004          -2.560
210                        0.004          -2.560
211                       -0.008          -2.560
212                        0.004          -2.560
213                       -0.004          -2.560
214                        0.008          -2.520
215                        0.000          -2.560
216                        0.008          -2.520
217                        0.000          -2.520
218                        0.012          -2.520
219                        0.004          -2.520
220                        0.008          -2.520
221                        0.000          -2.520
222                        0.012          -2.480
223                        0.008          -2.480
224                        0.016          -2.480
225                        0.008          -2.480
226                        0.020          -2.440
227                        0.008          -2.440
228                        0.020          -2.440
229                        0.008          -2.440
230                        0.020          -2.400
231                        0.012          -2.400
232                        0.024          -2.400
233                        0.016          -2.400
234                        0.024          -2.360
235                        0.016          -2.360
236                        0.028          -2.320
237                        0.016          -2.320
238                        0.028          -2.280
239                        0.020          -2.280
240                        0.032          -2.280
241                        0.024          -2.280
242                        0.032          -2.240
243                        0.020          -2.240
244                        0.036          -2.200
245                        0.024          -2.200
246                        0.032          -2.160
247                        0.028          -2.160
248                        0.036          -2.120
249                        0.032          -2.120
250                        0.040          -2.080
251                        0.028          -2.080
252                        0.044          -2.040
253                        0.028          -2.040
254                        0.040          -2.000
255                        0.032          -2.000
256                        0.044          -1.960
257                        0.036          -1.920
258                        0.044          -1.880
259                        0.036          -1.880
260                        0.048          -1.840
261                        0.036          -1.840
262                        0.044          -1.800
263                        0.036          -1.800
264                        0.048          -1.760
265                        0.040          -1.760
266                        0.052          -1.680
267                        0.040          -1.680
268                        0.052          -1.640
269                        0.040          -1.640
270                        0.056          -1.600
271                        0.044          -1.560
272                        0.052          -1.520
273                        0.044          -1.520
274                        0.052          -1.480
275                        0.048          -1.440
276                        0.056          -1.400
277                        0.048          -1.400
278                        0.056          -1.360
279                        0.048          -1.360
280                        0.056          -1.280
281                        0.048          -1.280
282                        0.060          -1.240
283                        0.052          -1.240
284                        0.060          -1.160
285                        0.048          -1.160
286                        0.064          -1.080
287                        0.052          -1.080
288                        0.060          -1.040
289                        0.052          -1.040
290                        0.060          -0.960
291                        0.056          -0.960
292                        0.064          -0.920
293                        0.052          -0.880
294                        0.068          -0.840
295                        0.052          -0.840
296                        0.064          -0.760
297                        0.052          -0.760
298                        0.064          -0.720
299                        0.056          -0.680
300                        0.068          -0.640
301                        0.056          -0.640
302                        0.068          -0.560
303                        0.056          -0.560
304                        0.064          -0.480
305                        0.056          -0.480
306                        0.064          -0.440
307                        0.056          -0.400
308                        0.068          -0.360
309                        0.056          -0.360
310                        0.072          -0.280
311                        0.060          -0.280
312                        0.072          -0.200
313                        0.060          -0.200
314                        0.068          -0.160
315                        0.056          -0.120
316                        0.072          -0.080
317                        0.060          -0.080
318                        0.068           0.000
319                        0.060           0.000
320                        0.068           0.080
321                        0.060           0.080
322                        0.068           0.160
323                        0.056           0.120
324                        0.072           0.200
325                        0.056           0.200
326                        0.072           0.280
327                        0.056           0.280
328                        0.072           0.360
329                        0.060           0.360
330                        0.068           0.400
331                        0.056           0.440
332                        0.068           0.480
333                        0.056           0.480
334                        0.068           0.560
335                        0.060           0.560
336                        0.068           0.640
337                        0.056           0.640
338                        0.068           0.680
339                        0.056           0.720
340                        0.068           0.760
341                        0.056           0.760
342                        0.068           0.840
343                        0.060           0.840
344                        0.068           0.880
345                        0.056           0.880
346                        0.064           0.960
347                        0.056           0.960
348                        0.068           1.000
349                        0.052           1.040
350                        0.064           1.080
351                        0.056           1.080
352                        0.064           1.160
353                        0.056           1.160
354                        0.064           1.200
355                        0.040           1.200
356                        0.064           1.280
357                        0.044           1.280
358                        0.072           1.320
359                        0.040           1.320
360                        0.068           1.400
361                        0.052           1.400
362                        0.060           1.440
363                        0.044           1.440
364                        0.068           1.480
365                        0.040           1.520
366                        0.064           1.560
367                        0.040           1.560
368                        0.060           1.600
369                        0.048           1.600
370                        0.056           1.680
371                        0.044           1.640
372                        0.056           1.720
373                        0.044           1.720
374                        0.052           1.760
375                        0.040           1.760
376                        0.052           1.800
377                        0.044           1.800
378                        0.052           1.840
379                        0.040           1.840
380                        0.048           1.880
381                        0.040           1.880
382                        0.048           1.920
383                        0.036           1.960
384                        0.048           2.000
385                        0.036           2.000
386                        0.044           2.000
387                        0.032           2.040
388                        0.048           2.080
389                        0.032           2.040
390                        0.044           2.080
391                        0.028           2.080
392                        0.040           2.120
393                        0.028           2.120
394                        0.040           2.160
395                        0.028           2.160
396                        0.044           2.200
397                        0.028           2.200
398                        0.036           2.240
399                        0.024           2.200
400                        0.036           2.240
401                        0.020           2.240
402                        0.032           2.280
403                        0.020           2.280
404                        0.032           2.320
405                        0.020           2.280
406                        0.032           2.320
407                        0.020           2.320
408                        0.028           2.360
409                        0.016           2.320
410                        0.028           2.360
411                        0.016           2.360
412                        0.024           2.360
413                        0.012           2.360
414                        0.024           2.400
415                        0.012           2.400
416                        0.024           2.400
417                        0.008           2.400
418                        0.020           2.400
419                        0.008           2.400
420                        0.020           2.440
421                        0.004           2.440
422                        0.020           2.440
423                        0.004           2.440
424                        0.016           2.440
425                       -0.004           2.440
426                        0.012           2.440
427                        0.000           2.440
428                        0.008           2.440
429                        0.000           2.440
430                        0.012           2.440
431                       -0.004           2.440
432                        0.008           2.440
433                       -0.004           2.400
434                        0.004           2.440
435                       -0.008           2.400
436                        0.004           2.440
437                       -0.008           2.400
438                        0.004           2.440
439                       -0.008           2.400
440                        0.000           2.400
441                       -0.012           2.360
442                        0.000           2.400
443                       -0.016           2.360
444                       -0.004           2.400
445                       -0.016           2.360
446                       -0.004           2.360
447                       -0.016           2.320
448                       -0.004           2.360
449                       -0.020           2.320
450                       -0.008           2.320
451                       -0.024           2.280
452                       -0.012           2.320
453                       -0.020           2.240
454                       -0.012           2.280
455                       -0.024           2.240
456                       -0.012           2.280
457                       -0.024           2.200
458                       -0.016           2.240
459                       -0.028           2.200
460                       -0.016           2.200
461                       -0.032           2.160
462                       -0.020           2.160
463                       -0.028           2.120
464                       -0.020           2.160
465                       -0.032           2.080
466                       -0.024           2.120
467                       -0.036           2.040
468                       -0.024           2.080
469                       -0.036           2.000
470                       -0.028           2.040
471                       -0.036           1.960
472                       -0.028           2.000
473                       -0.036           1.920
474                       -0.028           1.960
475                       -0.040           1.880
476                       -0.028           1.920
477                       -0.044           1.840
478                       -0.032           1.880
479                       -0.044           1.800
480                       -0.036           1.800
481                       -0.044           1.720
482                       -0.032           1.760
483                       -0.044           1.680
484                       -0.036           1.720
485                       -0.052           1.640
486                       -0.036           1.680
487                       -0.048           1.600
488                       -0.040           1.640
489                       -0.048           1.520
490                       -0.040           1.560
491                       -0.052           1.480
492                       -0.040           1.520
493                       -0.056           1.400
494                       -0.040           1.480
495                       -0.052           1.360
496                       -0.048           1.400
497                       -0.056           1.280
498                       -0.044           1.360
499                       -0.056           1.240
500                       -0.048           1.280
501                       -0.056           1.160
502                       -0.048           1.240
503                       -0.060           1.120
504                       -0.048           1.160
505                       -0.056           1.040
506                       -0.048           1.120
507                       -0.064           1.000
508                       -0.048           1.040
509                       -0.060           0.920
510                       -0.048           0.960
511                       -0.064           0.840
512                       -0.056           0.920
513                       -0.064           0.800
514                       -0.056           0.840
515                       -0.064           0.720
516                       -0.052           0.800
517                       -0.064           0.640
518                       -0.052           0.720
519                       -0.064           0.600
520                       -0.056           0.640
521                       -0.068           0.520
522                       -0.056           0.600
523                       -0.068           0.440
524                       -0.052           0.520
525                       -0.064           0.360
526                       -0.056           0.440
527                       -0.064           0.320
528                       -0.060           0.360
529                       -0.068           0.240
530                       -0.060           0.320
531                       -0.068           0.160
532                       -0.056           0.240
533                       -0.068           0.120
534                       -0.060           0.160
535                       -0.068           0.040
536                       -0.056           0.080
537                       -0.068          -0.040
538                       -0.060           0.040
539                       -0.076          -0.120
540                       -0.052          -0.040
541                       -0.068          -0.200
542                       -0.056          -0.120
543                       -0.068          -0.240
544                       -0.060          -0.200
545                       -0.072          -0.320
546                       -0.060          -0.240
547                       -0.072          -0.400
548                       -0.056          -0.320
549                       -0.068          -0.440
550                       -0.056          -0.400
551                       -0.068          -0.520
552                       -0.060          -0.480
553                       -0.068          -0.600
554                       -0.060          -0.520
555                       -0.068          -0.680
556                       -0.060          -0.600
557                       -0.068          -0.720
558                       -0.056          -0.680
559                       -0.064          -0.800
560                       -0.060          -0.760
561                       -0.068          -0.880
562                       -0.056          -0.800
563                       -0.068          -0.920
564                       -0.060          -0.880
565                       -0.068          -1.000
566                       -0.056          -0.920
567                       -0.064          -1.080
568                       -0.056          -1.000
569                       -0.068          -1.160
570                       -0.052          -1.080
571                       -0.064          -1.200
572                       -0.056          -1.120
573                       -0.068          -1.280
574                       -0.052          -1.200
575                       -0.060          -1.320
576                       -0.052          -1.280
577                       -0.060          -1.400
578                       -0.052          -1.320
579                       -0.064          -1.440
580                       -0.048          -1.360
581                       -0.060          -1.480
582                       -0.052          -1.440
583                       -0.060          -1.560
584                       -0.048          -1.520
585                       -0.056          -1.600
586                       -0.048          -1.560
587                       -0.060          -1.680
588                       -0.048          -1.600
589                       -0.056          -1.720
590                       -0.048          -1.680
591                       -0.056          -1.760
592                       -0.044          -1.720
593                       -0.052          -1.840
594                       -0.044          -1.760
595                       -0.052          -1.880
596                       -0.044          -1.840
597                       -0.056          -1.920
598                       -0.044          -1.880
599                       -0.052          -1.960
600                       -0.036          -1.920
601                       -0.048          -2.000
602                       -0.036          -1.960
603                       -0.048          -2.040
604                       -0.036          -2.000
605                       -0.048          -2.080
606                       -0.036          -2.040
607                       -0.048          -2.120
608                       -0.036          -2.080
609                       -0.040          -2.160
610                       -0.032          -2.120
611                       -0.044          -2.200
612                       -0.028          -2.160
613                       -0.044          -2.240
614                       -0.028          -2.200
615                       -0.040          -2.280
616                       -0.032          -2.240
617                       -0.036          -2.320
618                       -0.024          -2.280
619                       -0.032          -2.360
620                       -0.024          -2.320
621                       -0.036          -2.360
622                       -0.024          -2.360
623                       -0.036          -2.400
624                       -0.024          -2.360
625                       -0.032          -2.400
626                       -0.020          -2.400
627                       -0.032          -2.440
628                       -0.016          -2.440
629                       -0.028          -2.480
630                       -0.016          -2.440
631                       -0.028          -2.480
632                       -0.020          -2.480
633                       -0.024          -2.520
634                       -0.016          -2.480
635                       -0.024          -2.520
636                       -0.012          -2.480
637                       -0.024          -2.520
638                       -0.008          -2.520
639                       -0.020          -2.520
640                       -0.012          -2.520
641                       -0.020          -2.560
642                       -0.008          -2.520
643                       -0.016          -2.560
644                        0.000          -2.560
645                       -0.016          -2.560
646                       -0.004          -2.560
647                       -0.016          -2.560
648                        0.000          -2.560
649                       -0.012          -2.560
650                       -0.004          -2.560
651                       -0.008          -2.560
652                        0.004          -2.560
653                       -0.004          -2.560
654                        0.004          -2.560
655                       -0.004          -2.560
656                        0.004          -2.560
657                       -0.004          -2.560
658                        0.004          -2.560
659                       -0.004          -2.560
660                        0.012          -2.520
661                        0.000          -2.520
662                        0.012          -2.520
663                        0.004          -2.520
664                        0.012          -2.520
665                        0.004          -2.520
666                        0.012          -2.480
667                        0.000          -2.480
668                        0.020          -2.480
669                        0.008          -2.480
670                        0.016          -2.440
671                        0.008          -2.440
672                        0.020          -2.440
673                        0.008          -2.440
674                        0.020          -2.400
675                        0.012          -2.400
676                        0.024          -2.400
677                        0.012          -2.400
678                        0.024          -2.360
679                        0.020          -2.360
680                        0.028          -2.320
681                        0.020          -2.320
682                        0.028          -2.320
683                        0.020          -2.320
684                        0.028          -2.280
685                        0.024          -2.280
686                        0.032          -2.240
687                        0.024          -2.240
688                        0.032          -2.200
689                        0.024          -2.200
690                        0.032          -2.160
691                        0.024          -2.160
692                        0.036          -2.120
693                        0.028          -2.120
694                        0.040          -2.080
695                        0.032          -2.080
696                        0.040          -2.040
697                        0.028          -2.040
698                        0.048          -2.000
699                        0.028          -2.000
700                        0.040          -1.960
701                        0.032          -1.960
702                        0.044          -1.920
703                        0.036          -1.920
704                        0.044          -1.880
705                        0.036          -1.840
706                        0.048          -1.800
707                        0.036          -1.800
708                        0.048          -1.760
709                        0.040          -1.760
710                        0.048          -1.720
711                        0.044          -1.720
712                        0.048          -1.640
713                        0.044          -1.640
714                        0.052          -1.600
715                        0.044          -1.600
716                        0.052          -1.560
717                        0.040          -1.520
718                        0.052          -1.480
719                        0.044          -1.480
720                        0.056          -1.440
721                        0.048          -1.400
722                        0.056          -1.360
723                        0.044          -1.360
724                        0.060          -1.280
725                        0.048          -1.320
726                        0.056          -1.240
727                        0.048          -1.240
728                        0.060          -1.160
729                        0.052          -1.160
730                        0.064          -1.120
731                        0.052          -1.120
732                        0.064          -1.040
733                        0.052          -1.040
734                        0.060          -0.960
735                        0.052          -0.960
736                        0.064          -0.920
737                        0.056          -0.920
738                        0.064          -0.840
739                        0.056          -0.840
740                        0.068          -0.800
741                        0.056          -0.760
742                        0.064          -0.720
743                        0.052          -0.720
744                        0.064          -0.640
745                        0.056          -0.640
746                        0.064          -0.560
747                        0.056          -0.560
748                        0.072          -0.520
749                        0.060          -0.520
750                        0.068          -0.440
751                        0.056          -0.440
752                        0.068          -0.360
753                        0.056          -0.360
754                        0.072          -0.280
755                        0.060          -0.280
756                        0.068          -0.240
757                        0.056          -0.240
758                        0.072          -0.160
759                        0.056          -0.160
760                        0.068          -0.080
761                        0.056          -0.080
762                        0.068           0.000
763                        0.060           0.000
764                        0.068           0.040
765                        0.060           0.040
766                        0.072           0.120
767                        0.060           0.120
768                        0.068           0.200
769                        0.060           0.200
770                        0.068           0.280
771                        0.060           0.280
772                        0.068           0.320
773                        0.060           0.320
774                        0.068           0.400
775                        0.048           0.400
776                        0.068           0.480
777                        0.048           0.480
778                        0.076           0.560
779                        0.048           0.560
780                        0.076           0.600
781                        0.060           0.600
782                        0.072           0.680
783                        0.052           0.680
784                        0.068           0.760
785                        0.044           0.760
786                        0.068           0.800
787                        0.056           0.800
788                        0.072           0.880
789                        0.056           0.880
790                        0.064           0.960
791                        0.056           0.960
792                        0.072           1.000
793                        0.052           1.000
794                        0.064           1.080
795                        0.052           1.080
796                        0.064           1.120
797                        0.056           1.120
798                        0.060           1.200
799                        0.052           1.200
800                        0.064           1.240
801                        0.052           1.240
802                        0.060           1.320
803                        0.048           1.320
804                        0.060           1.360
805                        0.052           1.360
806                        0.056           1.440
807                        0.048           1.440
808                        0.060           1.480
809                        0.044           1.480
810                        0.060           1.560
811                        0.044           1.560
812                        0.060           1.600
813                        0.044           1.600
814                        0.056           1.640
815                        0.048           1.640
816                        0.056           1.680
817                        0.040           1.680
818                        0.056           1.760
819                        0.040           1.760
820                        0.052           1.800
821                        0.040           1.800
822                        0.052           1.840
823                        0.040           1.840
824                        0.052           1.880
825                        0.040           1.880
826                        0.052           1.920
827                        0.040           1.920
828                        0.044           1.960
829                        0.036           1.960
830                        0.044           2.000
831                        0.032           2.000
832                        0.044           2.040
833                        0.032           2.040
834                        0.044           2.080
835                        0.032           2.080
836                        0.040           2.120
837                        0.028           2.120
838                        0.040           2.160
839                        0.028           2.160
840                        0.040           2.200
841                        0.028           2.200
842                        0.040           2.200
843                        0.024           2.200
844                        0.036           2.240
845                        0.020           2.240
846                        0.036           2.280
847                        0.020           2.280
848                        0.032           2.280
849                        0.020           2.280
850                        0.036           2.320
851                        0.016           2.320
852                        0.032           2.320
853                        0.016           2.320
854                        0.028           2.360
855                        0.016           2.360
856                        0.024           2.360
857                        0.012           2.360
858                        0.024           2.400
859                        0.012           2.400
860                        0.028           2.400
861                        0.012           2.400
862                        0.020           2.400
863                        0.004           2.400
864                        0.016           2.440
865                        0.008           2.400
866                        0.016           2.440
867                        0.008           2.440
868                        0.016           2.440
869                        0.004           2.440
870                        0.016           2.440
871                       -0.004           2.440
872                        0.008           2.440
873                        0.000           2.440
874                        0.008           2.440
875                       -0.004           2.440
876                        0.008           2.440
877                       -0.008           2.440
878                        0.004           2.440
879                       -0.012           2.400
880                        0.004           2.440
881                       -0.008           2.400
882                        0.004           2.440
883                       -0.008           2.400
884                        0.004           2.400
885                       -0.012           2.400
886                       -0.004           2.400
887                       -0.016           2.360
888                       -0.004           2.400
889                       -0.020           2.360
890                        0.000           2.360
891                       -0.016           2.320
892                       -0.008           2.360
893                       -0.020           2.320
894                       -0.008           2.320
895                       -0.020           2.280
896                       -0.012           2.320
897                       -0.024           2.280
898                       -0.012           2.280
899                       -0.024           2.240
900                       -0.012           2.280
901                       -0.024           2.200
902                       -0.016           2.240
903                       -0.028           2.200
904                       -0.016           2.200
905                       -0.036           2.160
906                       -0.020           2.200
907                       -0.032           2.120
908                       -0.020           2.160
909                       -0.032           2.080
910                       -0.020           2.120
911                       -0.032           2.040
912                       -0.020           2.080
913                       -0.036           2.000
914                       -0.024           2.040
915                       -0.040           1.960
916                       -0.028           2.000
917                       -0.036           1.920
918                       -0.032           1.960
919                       -0.044           1.880
920                       -0.028           1.920
921                       -0.044           1.840
922                       -0.032           1.880
923                       -0.044           1.800
924                       -0.036           1.840
925                       -0.044           1.720
926                       -0.036           1.800
927                       -0.044           1.680
928                       -0.036           1.720
929                       -0.048           1.640
930                       -0.036           1.680
931                       -0.052           1.600
932                       -0.036           1.640
933                       -0.048           1.520
934                       -0.040           1.600
935                       -0.052           1.480
936                       -0.036           1.520
937                       -0.052           1.440
938                       -0.040           1.480
939                       -0.056           1.360
940                       -0.044           1.400
941                       -0.056           1.320
942                       -0.044           1.360
943                       -0.056           1.240
944                       -0.044           1.280
945                       -0.056           1.200
946                       -0.044           1.240
947                       -0.060           1.120
948                       -0.048           1.200
949                       -0.060           1.080
950                       -0.048           1.120
951                       -0.060           1.000
952                       -0.048           1.040
953                       -0.060           0.920
954                       -0.048           1.000
955                       -0.060           0.880
956                       -0.052           0.920
957                       -0.064           0.800
958                       -0.056           0.880
959                       -0.060           0.760
960                       -0.052           0.800
961                       -0.064           0.680
962                       -0.048           0.720
963                       -0.064           0.600
964                       -0.052           0.680
965                       -0.068           0.520
966                       -0.056           0.600
967                       -0.068           0.480
968                       -0.056           0.520
969                       -0.068           0.400
970                       -0.052           0.480
971                       -0.068           0.320
972                       -0.056           0.400
973                       -0.072           0.280
974                       -0.060           0.320
975                       -0.068           0.200
976                       -0.056           0.240
977                       -0.068           0.120
978                       -0.056           0.200
979                       -0.068           0.040
980                       -0.056           0.120
981                       -0.064          -0.040
982                       -0.060           0.040
983                       -0.072          -0.080
984                       -0.060          -0.040
985                       -0.068          -0.160
986                       -0.060          -0.080
987                       -0.068          -0.240
988                       -0.056          -0.160
989                       -0.068          -0.320
990                       -0.060          -0.240
991                       -0.072          -0.360
992                       -0.056          -0.320
993                       -0.072          -0.440
994                       -0.060          -0.360
995                       -0.068          -0.520
996                       -0.056          -0.440
997                       -0.068          -0.600
998                       -0.060          -0.520
999                       -0.068          -0.640
1000                      -0.060          -0.600
1001                      -0.072          -0.720
1002                      -0.060          -0.640
1003                      -0.068          -0.800
1004                      -0.052          -0.720
1005                      -0.068          -0.840
1006                      -0.056          -0.800
1007                      -0.068          -0.920
1008                      -0.056          -0.880
1009                      -0.068          -1.000
1010                      -0.056          -0.920
1011                      -0.064          -1.040
1012                      -0.056          -1.000
1013                      -0.064          -1.120
1014                      -0.052          -1.040
1015                      -0.064          -1.200
1016                      -0.056          -1.120
1017                      -0.064          -1.240
1018                      -0.056          -1.200
1019                      -0.064          -1.320
1020                      -0.052          -1.240
1021                      -0.060          -1.360
1022                      -0.048          -1.320
1023                      -0.064          -1.440
1024                      -0.048          -1.360
1025                      -0.064          -1.480
1026                      -0.052          -1.440
1027                      -0.060          -1.560
1028                      -0.048          -1.480
1029                      -0.056          -1.600
1030                      -0.048          -1.560
1031                      -0.056          -1.640
1032                      -0.048          -1.600
1033                      -0.060          -1.720
1034                      -0.044          -1.640
1035                      -0.056          -1.760
1036                      -0.044          -1.720
1037                      -0.056          -1.800
1038                      -0.044          -1.760
1039                      -0.052          -1.880
1040                      -0.040          -1.800
1041                      -0.052          -1.920
1042                      -0.044          -1.880
1043                      -0.052          -1.960
1044                      -0.040          -1.920
1045                      -0.048          -2.000
1046                      -0.040          -1.960
1047                      -0.048          -2.040
1048                      -0.036          -2.000
1049                      -0.048          -2.080
1050                      -0.036          -2.040
1051                      -0.048          -2.120
1052                      -0.032          -2.080
1053                      -0.044          -2.160
1054                      -0.036          -2.120
1055                      -0.044          -2.200
1056                      -0.028          -2.160
1057                      -0.040          -2.240
1058                      -0.032          -2.200
1059                      -0.040          -2.280
1060                      -0.028          -2.240
1061                      -0.036          -2.320
1062                      -0.028          -2.280
1063                      -0.040          -2.320
1064                      -0.024          -2.320
1065                      -0.036          -2.360
1066                      -0.024          -2.320
1067                      -0.032          -2.400
1068                      -0.024          -2.360
1069                      -0.032          -2.400
1070                      -0.024          -2.400
1071                      -0.028          -2.440
1072                      -0.020          -2.400
1073                      -0.028          -2.480
1074                      -0.016          -2.440
1075                      -0.028          -2.480
1076                      -0.016          -2.440
1077                      -0.024          -2.480
1078                      -0.016          -2.480
1079                      -0.024          -2.520
1080                      -0.016          -2.480
1081                      -0.020          -2.520
1082                      -0.004          -2.520
1083                      -0.020          -2.520
1084                      -0.008          -2.520
1085                      -0.024          -2.560
1086                      -0.008          -2.520
1087                      -0.016          -2.560
1088                      -0.008          -2.520
1089                      -0.016          -2.560
1090                       0.000          -2.560
1091                      -0.012          -2.560
1092                       0.000          -2.560
1093                      -0.012          -2.560
1094                       0.000          -2.560
1095                      -0.012          -2.560
1096                       0.000          -2.560
1097                      -0.004          -2.560
1098                       0.004          -2.560
1099                      -0.004          -2.560
1100                       0.004          -2.560
1101                      -0.004          -2.560
1102                       0.004          -2.560
1103                      -0.004          -2.560
1104                       0.008          -2.520
1105                       0.000          -2.520
1106                       0.008          -2.520
1107                       0.004          -2.520
1108                       0.012          -2.520
1109                       0.004          -2.520
1110                       0.012          -2.480
1111                       0.004          -2.480
1112                       0.016          -2.480
1113                       0.004          -2.480
1114                       0.016          -2.440
1115                       0.012          -2.480
1116                       0.020          -2.440
1117                       0.012          -2.440
1118                       0.020          -2.400
1119                       0.008          -2.400
1120                       0.024          -2.400
1121                       0.012          -2.400
1122                       0.024          -2.360
1123                       0.016          -2.360
1124                       0.028          -2.320
1125                       0.020          -2.360
1126                       0.032          -2.320
1127                       0.016          -2.320
1128                       0.032          -2.280
1129                       0.020          -2.280
1130                       0.032          -2.240
1131                       0.020          -2.240
1132                       0.032          -2.200
1133                       0.028          -2.200
1134                       0.036          -2.160
1135                       0.024          -2.160
1136                       0.040          -2.120
1137                       0.028          -2.120
1138                       0.036          -2.080
1139                       0.028          -2.080
1140                       0.040          -2.040
1141                       0.032          -2.040
1142                       0.040          -2.000
1143                       0.032          -2.000
1144                       0.044          -1.960
1145                       0.032          -1.960
1146                       0.044          -1.920
1147                       0.036          -1.920
1148                       0.044          -1.880
1149                       0.036          -1.880
1150                       0.048          -1.800
1151                       0.040          -1.800
1152                       0.048          -1.760
1153                       0.036          -1.760
1154                       0.052          -1.720
1155                       0.040          -1.720
1156                       0.048          -1.640
1157                       0.040          -1.680
1158                       0.052          -1.600
1159                       0.044          -1.600
1160                       0.056          -1.560
1161                       0.040          -1.560
1162                       0.056          -1.480
1163                       0.044          -1.480
1164                       0.052          -1.440
1165                       0.044          -1.440
1166                       0.056          -1.360
1167                       0.048          -1.360
1168                       0.056          -1.320
1169                       0.052          -1.320
1170                       0.060          -1.240
1171                       0.048          -1.240
1172                       0.056          -1.200
1173                       0.048          -1.200
1174                       0.060          -1.120
1175                       0.048          -1.120
1176                       0.064          -1.080
1177                       0.052          -1.080
1178                       0.060          -1.000
1179                       0.052          -1.000
1180                       0.064          -0.920
1181                       0.052          -0.920
1182                       0.064          -0.880
1183                       0.052          -0.880
1184                       0.068          -0.800
1185                       0.052          -0.800
1186                       0.064          -0.720
1187                       0.052          -0.720
1188                       0.064          -0.680
1189                       0.056          -0.640
1190                       0.068          -0.600
1191                       0.056          -0.600
1192                       0.068          -0.520
1193                       0.060          -0.520
1194                       0.072          -0.440
1195                       0.048          -0.440
1196                       0.080          -0.400
1197                       0.056          -0.360
1198                       0.072          -0.320
1199                       0.048          -0.320
1200                       0.068          -0.240
1201                       0.060          -0.240
1202                       0.072          -0.160
1203                       0.056          -0.160
1204                       0.076          -0.120
1205                       0.052          -0.120
1206                       0.076          -0.040
1207                       0.052          -0.040
1208                       0.072           0.040
1209                       0.060           0.040
1210                       0.072           0.120
1211                       0.060           0.120
1212                       0.072           0.160
1213                       0.056           0.160
1214                       0.068           0.240
1215                       0.056           0.240
1216                       0.068           0.320
1217                       0.056           0.320
1218                       0.072           0.400
1219                       0.060           0.400
1220                       0.068           0.440
1221                       0.056           0.480
1222                       0.068           0.520
1223                       0.056           0.520
1224                       0.064           0.600
1225                       0.056           0.600
1226                       0.068           0.680
1227                       0.060           0.680
1228                       0.064           0.720
1229                       0.056           0.720
1230                       0.068           0.800
1231                       0.056           0.800
1232                       0.064           0.880
1233                       0.052           0.880
1234                       0.068           0.920
1235                       0.056           0.920
1236                       0.068           1.000
1237                       0.056           1.000
1238                       0.064           1.040
1239                       0.052           1.040
1240                       0.064           1.120
1241                       0.052           1.120
1242                       0.060           1.200
1243                       0.052           1.200
1244                       0.064           1.240
1245                       0.052           1.240
1246                       0.064           1.320
1247                       0.048           1.320
1248                       0.064           1.360
1249                       0.052           1.360
1250                       0.060           1.400
1251                       0.048           1.400
1252                       0.060           1.480
1253                       0.052           1.480
1254                       0.060           1.520
1255                       0.048           1.520
1256                       0.060           1.560
1257                       0.044           1.600
1258                       0.052           1.640
1259                       0.044           1.640
1260                       0.052           1.680
1261                       0.044           1.680
1262                       0.056           1.720
1263                       0.040           1.720
1264                       0.056           1.800
1265                       0.040           1.800
1266                       0.048           1.840
1267                       0.040           1.840
1268                       0.048           1.880
1269                       0.040           1.880
1270                       0.048           1.920
1271                       0.036           1.920
1272                       0.052           1.960
1273                       0.028           1.960
1274                       0.048           2.000
1275                       0.036           2.000
1276                       0.048           2.040
1277                       0.032           2.040
1278                       0.044           2.080
1279                       0.032           2.080
1280                       0.048           2.120
1281                       0.028           2.120
1282                       0.040           2.160
1283                       0.028           2.160
1284                       0.036           2.160
1285                       0.028           2.160
1286                       0.036           2.200
1287                       0.024           2.200
1288                       0.036           2.240
1289                       0.024           2.240
1290                       0.036           2.280
1291                       0.024           2.280
1292                       0.028           2.280
1293                       0.020           2.280
1294                       0.028           2.320
1295                       0.020           2.320
1296                       0.032           2.320
1297                       0.016           2.320
1298                       0.028           2.360
1299                       0.016           2.360
1300                       0.024           2.360
1301                       0.012           2.360
1302                       0.020           2.400
1303                       0.012           2.400
1304                       0.028           2.400
1305                       0.008           2.400
1306                       0.024           2.400
1307                       0.008           2.400
1308                       0.020           2.440
1309                       0.004           2.400
1310                       0.016           2.440
1311                       0.004           2.440
1312                       0.020           2.440
1313                       0.008           2.440
1314                       0.016           2.440
1315                       0.000           2.440
1316                       0.012           2.440
1317                       0.000           2.440
1318                       0.008           2.440
1319                      -0.004           2.440
1320                       0.012           2.440
1321                       0.000           2.440
1322                       0.008           2.440
1323                      -0.004           2.400
1324                       0.004           2.440
1325                      -0.008           2.400
1326                       0.000           2.440
1327                      -0.012           2.400
1328                       0.000           2.400
1329                      -0.008           2.400
1330                       0.000           2.400
1331                      -0.012           2.360
1332                       0.000           2.400
1333                      -0.016           2.360
1334                      -0.008           2.360
1335                      -0.020           2.320
1336                      -0.004           2.360
1337                      -0.020           2.320
1338                      -0.004           2.360
1339                      -0.016           2.280
1340                      -0.008           2.320
1341                      -0.024           2.280
1342                      -0.012           2.280
1343                      -0.024           2.240
1344                      -0.016           2.280
1345                      -0.028           2.200
1346                      -0.012           2.240
1347                      -0.024           2.200
1348                      -0.016           2.240
1349                      -0.028           2.160
1350                      -0.016           2.200
1351                      -0.032           2.120
1352                      -0.020           2.160
1353                      -0.032           2.080
1354                      -0.024           2.120
1355                      -0.032           2.040
1356                      -0.024           2.080
1357                      -0.036           2.000
1358                      -0.024           2.040
1359                      -0.040           1.960
1360                      -0.028           2.000
1361                      -0.040           1.920
1362                      -0.028           1.960
1363                      -0.040           1.880
1364                      -0.032           1.920
1365                      -0.040           1.840
1366                      -0.028           1.880
1367                      -0.048           1.800
1368                      -0.028           1.840
1369                      -0.048           1.760
1370                      -0.036           1.800
1371                      -0.044           1.680
1372                      -0.036           1.760
1373                      -0.044           1.640
1374                      -0.036           1.720
1375                      -0.048           1.600
1376                      -0.036           1.640
1377                      -0.052           1.560
1378                      -0.040           1.600
1379                      -0.052           1.480
1380                      -0.044           1.560
1381                      -0.052           1.440
1382                      -0.044           1.480
1383                      -0.052           1.400
1384                      -0.044           1.440
1385                      -0.056           1.320
1386                      -0.048           1.400
1387                      -0.056           1.280
1388                      -0.048           1.320
1389                      -0.056           1.200
1390                      -0.048           1.240
1391                      -0.056           1.160
1392                      -0.044           1.200
1393                      -0.060           1.080
1394                      -0.048           1.120
1395                      -0.060           1.040
1396                      -0.048           1.080
1397                      -0.064           0.960
1398                      -0.048           1.000
1399                      -0.060           0.880
1400                      -0.052           0.960
1401                      -0.064           0.840
1402                      -0.052           0.880
1403                      -0.064           0.760
1404                      -0.052           0.800
1405                      -0.064           0.680
1406                      -0.052           0.760
1407                      -0.064           0.640
1408                      -0.052           0.680
1409                      -0.068           0.560
1410                      -0.056           0.640
1411                      -0.064           0.480
1412                      -0.060           0.560
1413                      -0.068           0.400
1414                      -0.056           0.480
1415                      -0.064           0.360
1416                      -0.056           0.400
1417                      -0.068           0.280
1418                      -0.056           0.320
1419                      -0.068           0.200
1420                      -0.060           0.280
1421                      -0.072           0.120
1422                      -0.056           0.200
1423                      -0.068           0.080
1424                      -0.056           0.120
1425                      -0.068           0.000
1426                      -0.052           0.080
1427                      -0.068          -0.080
1428                      -0.060           0.000
1429                      -0.072          -0.160
1430                      -0.060          -0.080
1431                      -0.068          -0.200
1432                      -0.056          -0.160
1433                      -0.068          -0.280
1434                      -0.056          -0.240
1435                      -0.068          -0.360
1436                      -0.056          -0.280
1437                      -0.068          -0.440
1438                      -0.060          -0.360
1439                      -0.072          -0.480
1440                      -0.056          -0.440
1441                      -0.064          -0.560
1442                      -0.060          -0.520
1443                      -0.068          -0.640
1444                      -0.060          -0.560
1445                      -0.068          -0.720
1446                      -0.060          -0.640
1447                      -0.072          -0.760
1448                      -0.056          -0.720
1449                      -0.068          -0.840
1450                      -0.056          -0.760
1451                      -0.068          -0.920
1452                      -0.056          -0.840
1453                      -0.068          -0.960
1454                      -0.056          -0.920
1455                      -0.068          -1.040
1456                      -0.056          -1.000
1457                      -0.068          -1.120
1458                      -0.052          -1.040
1459                      -0.060          -1.160
1460                      -0.052          -1.120
1461                      -0.068          -1.240
1462                      -0.052          -1.160
1463                      -0.064          -1.280
1464                      -0.052          -1.240
1465                      -0.064          -1.360
1466                      -0.052          -1.320
1467                      -0.064          -1.400
1468                      -0.048          -1.360
1469                      -0.060          -1.480
1470                      -0.048          -1.440
1471                      -0.060          -1.520
1472                      -0.052          -1.480
1473                      -0.060          -1.600
1474                      -0.048          -1.520
1475                      -0.056          -1.640
1476                      -0.048          -1.600
1477                      -0.056          -1.680
1478                      -0.048          -1.640
1479                      -0.056          -1.760
1480                      -0.048          -1.720
1481                      -0.060          -1.800
1482                      -0.044          -1.760
1483                      -0.052          -1.840
1484                      -0.044          -1.800
1485                      -0.052          -1.920
1486                      -0.044          -1.840
1487                      -0.056          -1.960
1488                      -0.040          -1.920
1489                      -0.052          -2.000
1490                      -0.040          -1.960
1491                      -0.048          -2.040
1492                      -0.036          -2.000
1493                      -0.048          -2.080
1494                      -0.032          -2.040
1495                      -0.048          -2.120
1496                      -0.036          -2.080
1497                      -0.048          -2.160
1498                      -0.032          -2.120
1499                      -0.040          -2.200
1500                      -0.032          -2.160
1501                      -0.040          -2.240
1502                      -0.032          -2.200
1503                      -0.040          -2.280
1504                      -0.028          -2.240
1505                      -0.040          -2.280
1506                      -0.032          -2.280
1507                      -0.036          -2.320
1508                      -0.028          -2.280
1509                      -0.032          -2.360
1510                      -0.024          -2.320
1511                      -0.036          -2.400
1512                      -0.020          -2.360
1513                      -0.032          -2.400
1514                      -0.020          -2.400
1515                      -0.036          -2.440
1516                      -0.024          -2.400
1517                      -0.028          -2.440
1518                      -0.016          -2.440
1519                      -0.028          -2.480
1520                      -0.012          -2.440
