0 -0.64 3.2
2e-07 -0.64 3.2
4e-07 -0.48 3.4
6e-07 -0.48 3.6
8e-07 -0.48 3.4
1e-06 -0.48 3.8
1.2e-06 -0.48 3.8
1.4e-06 -0.4 3.8
1.6e-06 -0.4 4
1.8e-06 -0.4 4
2e-06 -0.32 4.2
2.2e-06 -0.32 4
2.4e-06 -0.32 4.4
2.6e-06 -0.24 4.2
2.8e-06 -0.24 4.2
3e-06 -0.16 4.4
3.2e-06 -0.16 4.4
3.4e-06 -0.16 4.6
3.6e-06 0 4.6
3.8e-06 0 4.6
4e-06 0 4.6
4.2e-06 0.08 4.8
4.4e-06 0.08 4.8
4.6e-06 0.08 4.8
4.8e-06 0.24 5
5e-06 0.24 5
5.2e-06 0.24 4.8
5.4e-06 0.24 5
5.6e-06 0.32 5
5.8e-06 0.32 5
6e-06 0.32 5.2
6.2e-06 0.4 5.2
6.4e-06 0.4 5.4
6.6e-06 0.4 5.4
6.8e-06 0.48 5.4
7e-06 0.48 5.4
7.2e-06 0.56 5.4
7.4e-06 0.56 5.4
7.6e-06 0.56 5.6
7.8e-06 0.64 5.4
8e-06 0.64 5.6
8.2e-06 0.64 5.6
8.4e-06 0.72 5.6
8.6e-06 0.72 5.6
8.8e-06 0.72 5.6
9e-06 0.72 5.6
9.2e-06 0.8 5.6
9.4e-06 0.88 5.6
9.6e-06 0.88 5.6
9.8e-06 0.88 5.6
1e-05 0.88 5.6
1.02e-05 0.88 5.6
1.04e-05 0.96 5.6
1.06e-05 0.96 5.6
1.08e-05 1.04 5.6
1.1e-05 0.96 5.6
1.12e-05 1.04 5.6
1.14e-05 1.04 5.6
1.16e-05 1.2 5.6
1.18e-05 1.12 5.6
1.2e-05 1.2 5.6
1.22e-05 1.12 5.2
1.24e-05 1.2 5.2
1.26e-05 1.2 5.2
1.28e-05 1.2 5.2
1.3e-05 1.2 5.4
1.32e-05 1.28 5.2
1.34e-05 1.2 5.2
1.36e-05 1.28 5.2
1.38e-05 1.28 5
1.4e-05 1.28 5
1.42e-05 1.28 5
1.44e-05 1.28 4.8
1.46e-05 1.36 5
1.48e-05 1.36 4.8
1.5e-05 1.36 4.8
1.52e-05 1.36 5
1.54e-05 1.36 4.6
1.56e-05 1.36 4.6
1.58e-05 1.36 4.4
1.6e-05 1.52 4.4
1.62e-05 1.52 4.4
1.64e-05 1.52 4.4
1.66e-05 1.52 4.2
1.68e-05 1.52 4.2
1.7e-05 1.52 4.2
1.72e-05 1.52 4
1.74e-05 1.52 4
1.76e-05 1.52 4
1.78e-05 1.52 4
1.8e-05 1.52 4
1.82e-05 1.52 3.6
1.84e-05 1.52 3.8
1.86e-05 1.52 3.6
1.88e-05 1.52 3.4
1.9e-05 1.6 3.2
1.92e-05 1.52 3.2
1.94e-05 1.52 3.2
1.96e-05 1.52 3.2
1.98e-05 1.6 3.2
2e-05 1.6 3
2.02e-05 1.6 2.8
2.04e-05 1.6 2.6
2.06e-05 1.52 2.6
2.08e-05 1.52 2.6
2.1e-05 1.52 2.4
2.12e-05 1.6 2.4
2.14e-05 1.6 2.4
2.16e-05 1.6 2.4
2.18e-05 1.52 2.2
2.2e-05 1.52 2
2.22e-05 1.52 1.8
2.24e-05 1.52 1.8
2.26e-05 1.52 1.6
2.28e-05 1.52 1.6
2.3e-05 1.52 1.6
2.32e-05 1.52 1.6
2.34e-05 1.52 1.2
2.36e-05 1.52 1
2.38e-05 1.52 1
2.4e-05 1.36 0.8
2.42e-05 1.52 0.8
2.44e-05 1.36 0.6
2.46e-05 1.52 0.6
2.48e-05 1.52 0.6
2.5e-05 1.36 0.4
2.52e-05 1.36 0.4
2.54e-05 1.36 0.2
2.56e-05 1.36 0
2.58e-05 1.36 0
2.6e-05 1.36 -0.4
2.62e-05 1.28 -0.4
2.64e-05 1.36 -0.4
2.66e-05 1.28 -0.6
2.68e-05 1.28 -0.6
2.7e-05 1.2 -1
2.72e-05 1.2 -1
2.74e-05 1.2 -1
2.76e-05 1.2 -1.2
2.78e-05 1.2 -1.2
2.8e-05 1.2 -1.4
2.82e-05 1.12 -1.4
2.84e-05 1.2 -1.6
2.86e-05 1.12 -1.6
2.88e-05 1.04 -1.8
2.9e-05 1.04 -2
2.92e-05 1.04 -2
2.94e-05 1.04 -2.2
2.96e-05 0.96 -2.2
2.98e-05 0.96 -2.2
3e-05 0.88 -2.6
3.02e-05 0.96 -2.6
3.04e-05 0.88 -2.6
3.06e-05 0.88 -2.8
3.08e-05 0.8 -3
3.1e-05 0.72 -3
3.12e-05 0.72 -3.2
3.14e-05 0.72 -3
3.16e-05 0.72 -3.2
3.18e-05 0.64 -3.4
3.2e-05 0.64 -3.4
3.22e-05 0.64 -3.6
3.24e-05 0.56 -3.6
3.26e-05 0.56 -3.8
3.28e-05 0.56 -3.8
3.3e-05 0.56 -3.8
3.32e-05 0.48 -4
3.34e-05 0.48 -4
3.36e-05 0.4 -4
3.38e-05 0.4 -4.2
3.4e-05 0.32 -4.4
3.42e-05 0.4 -4.4
3.44e-05 0.32 -4.6
3.46e-05 0.32 -4.6
3.48e-05 0.24 -4.6
3.5e-05 0.24 -4.6
3.52e-05 0.24 -4.8
3.54e-05 0.24 -4.8
3.56e-05 0.08 -5
3.58e-05 0.08 -5
3.6e-05 0.08 -5
3.62e-05 0.08 -5
3.64e-05 0.08 -5.2
3.66e-05 -0.16 -5.2
3.68e-05 -0.16 -5.4
3.7e-05 -0.16 -5.4
3.72e-05 -0.16 -5.6
3.74e-05 -0.16 -5.6
3.76e-05 -0.16 -5.6
3.78e-05 -0.32 -5.6
3.8e-05 -0.32 -5.6
3.82e-05 -0.32 -5.6
3.84e-05 -0.4 -5.8
3.86e-05 -0.48 -5.8
3.88e-05 -0.4 -5.8
3.9e-05 -0.4 -5.8
3.92e-05 -0.48 -5.8
3.94e-05 -0.48 -6
3.96e-05 -0.56 -6
3.98e-05 -0.56 -5.8
4e-05 -0.64 -6
4.02e-05 -0.64 -6.2
4.04e-05 -0.64 -6.2
4.06e-05 -0.72 -6.2
4.08e-05 -0.72 -6.2
4.1e-05 -0.72 -6.2
4.12e-05 -0.72 -6.2
4.14e-05 -0.8 -6.2
4.16e-05 -0.8 -6.2
4.18e-05 -0.8 -6.2
4.2e-05 -0.96 -6.4
4.22e-05 -0.96 -6.2
4.24e-05 -0.96 -6.2
4.26e-05 -0.96 -6.2
4.28e-05 -0.96 -6.2
4.3e-05 -1.04 -6.4
4.32e-05 -1.04 -6.2
4.34e-05 -1.04 -6.4
4.36e-05 -1.12 -6.4
4.38e-05 -1.12 -6.4
4.4e-05 -1.12 -6.2
4.42e-05 -1.12 -6.2
4.44e-05 -1.12 -6.2
4.46e-05 -1.2 -6.2
4.48e-05 -1.2 -6.2
4.5e-05 -1.28 -6.2
4.52e-05 -1.28 -6
4.54e-05 -1.36 -6.2
4.56e-05 -1.36 -6
4.58e-05 -1.36 -6
4.6e-05 -1.36 -6
4.62e-05 -1.36 -5.8
4.64e-05 -1.44 -6
4.66e-05 -1.44 -5.8
4.68e-05 -1.44 -5.8
4.7e-05 -1.44 -5.8
4.72e-05 -1.44 -5.8
4.74e-05 -1.44 -5.8
4.76e-05 -1.44 -5.6
4.78e-05 -1.6 -5.6
4.8e-05 -1.52 -5.6
4.82e-05 -1.52 -5.6
4.84e-05 -1.6 -5.6
4.86e-05 -1.6 -5.6
4.88e-05 -1.6 -5.4
4.9e-05 -1.6 -5.4
4.92e-05 -1.6 -5.2
4.94e-05 -1.6 -5.2
4.96e-05 -1.6 -5
4.98e-05 -1.6 -5.2
5e-05 -1.6 -5
5.02e-05 -1.68 -5
5.04e-05 -1.68 -4.8
5.06e-05 -1.68 -4.6
5.08e-05 -1.68 -4.8
5.1e-05 -1.68 -4.6
5.12e-05 -1.68 -4.6
5.14e-05 -1.68 -4.6
5.16e-05 -1.76 -4.6
5.18e-05 -1.68 -4.2
5.2e-05 -1.76 -4.4
5.22e-05 -1.76 -4.2
5.24e-05 -1.76 -4
5.26e-05 -1.68 -4
5.28e-05 -1.76 -3.8
5.3e-05 -1.76 -3.8
5.32e-05 -1.76 -3.8
5.34e-05 -1.76 -3.8
5.36e-05 -1.76 -3.6
5.38e-05 -1.76 -3.4
5.4e-05 -1.76 -3.4
5.42e-05 -1.76 -3.4
5.44e-05 -1.76 -3
5.46e-05 -1.68 -3.2
5.48e-05 -1.76 -3
5.5e-05 -1.76 -3
5.52e-05 -1.76 -2.8
5.54e-05 -1.68 -2.8
5.56e-05 -1.68 -2.6
5.58e-05 -1.68 -2.6
5.6e-05 -1.68 -2.4
5.62e-05 -1.68 -2.2
5.64e-05 -1.68 -2.2
5.66e-05 -1.68 -2.2
5.68e-05 -1.68 -2
5.7e-05 -1.6 -2
5.72e-05 -1.68 -1.6
5.74e-05 -1.6 -1.8
5.76e-05 -1.6 -1.4
5.78e-05 -1.6 -1.4
5.8e-05 -1.6 -1.4
5.82e-05 -1.6 -1.2
5.84e-05 -1.6 -1
5.86e-05 -1.6 -1
5.88e-05 -1.52 -0.8
5.9e-05 -1.52 -0.8
5.92e-05 -1.44 -0.6
5.94e-05 -1.44 -0.6
5.96e-05 -1.44 -0.4
5.98e-05 -1.44 -0.6
6e-05 -1.44 0
6.02e-05 -1.44 0
6.04e-05 -1.44 0.2
6.06e-05 -1.36 0.2
6.08e-05 -1.36 0.4
6.1e-05 -1.36 0.4
6.12e-05 -1.36 0.6
6.14e-05 -1.28 0.6
6.16e-05 -1.36 0.6
6.18e-05 -1.28 0.8
6.2e-05 -1.28 0.8
6.22e-05 -1.28 1.2
6.24e-05 -1.28 1.2
6.26e-05 -1.2 1.2
6.28e-05 -1.12 1.4
6.3e-05 -1.12 1.4
6.32e-05 -1.12 1.4
6.34e-05 -1.12 1.6
6.36e-05 -1.04 1.8
6.38e-05 -1.04 2
6.4e-05 -1.04 2.2
6.42e-05 -1.04 2
6.44e-05 -0.96 2.4
6.46e-05 -0.96 2.4
6.48e-05 -0.8 2.4
6.5e-05 -0.88 2.4
6.52e-05 -0.8 2.6
6.54e-05 -0.8 2.6
6.56e-05 -0.8 3
6.58e-05 -0.8 3
6.6e-05 -0.8 3
6.62e-05 -0.64 3
6.64e-05 -0.72 3.2
6.66e-05 -0.64 3.2
6.68e-05 -0.64 3.2
6.7e-05 -0.64 3.4
6.72e-05 -0.48 3.4
6.74e-05 -0.48 3.6
6.76e-05 -0.48 3.8
6.78e-05 -0.48 4
6.8e-05 -0.4 3.8
6.82e-05 -0.4 3.8
6.84e-05 -0.4 4
6.86e-05 -0.4 4
6.88e-05 -0.32 4.2
6.9e-05 -0.32 4.2
6.92e-05 -0.32 4.4
6.94e-05 -0.16 4.4
6.96e-05 -0.16 4.4
6.98e-05 -0.16 4.4
7e-05 0 4.4
7.02e-05 -0.16 4.4
7.04e-05 0 4.6
7.06e-05 0.08 4.8
7.08e-05 0.08 4.8
7.1e-05 0.08 4.8
7.12e-05 0.08 4.8
7.14e-05 0.16 4.8
7.16e-05 0.24 4.8
7.18e-05 0.24 5
7.2e-05 0.24 5.2
7.22e-05 0.24 5.2
7.24e-05 0.24 5.2
7.26e-05 0.32 5.2
7.28e-05 0.32 5.2
7.3e-05 0.4 5.2
7.32e-05 0.4 5.4
7.34e-05 0.4 5.4
7.36e-05 0.48 5.2
7.38e-05 0.56 5.4
7.4e-05 0.56 5.6
7.42e-05 0.56 5.4
7.44e-05 0.64 5.6
7.46e-05 0.64 5.4
7.48e-05 0.64 5.6
7.5e-05 0.72 5.6
7.52e-05 0.72 5.6
7.54e-05 0.72 5.6
7.56e-05 0.72 5.6
7.58e-05 0.8 5.6
7.6e-05 0.88 5.6
7.62e-05 0.8 5.6
7.64e-05 0.88 5.6
7.66e-05 0.88 5.6
7.68e-05 0.88 5.6
7.7e-05 0.96 5.4
7.72e-05 0.96 5.6
7.74e-05 0.96 5.6
7.76e-05 1.04 5.4
7.78e-05 1.04 5.6
7.8e-05 1.04 5.6
7.82e-05 1.04 5.4
7.84e-05 1.12 5.4
7.86e-05 1.2 5.4
7.88e-05 1.12 5.4
7.9e-05 1.2 5.6
7.92e-05 1.2 5.4
7.94e-05 1.2 5.2
7.96e-05 1.2 5.4
7.98e-05 1.28 5.2
8e-05 1.28 5.2
8.02e-05 1.28 5
8.04e-05 1.28 5.2
8.06e-05 1.28 5.2
8.08e-05 1.28 5
8.1e-05 1.36 5
8.12e-05 1.36 4.8
8.14e-05 1.36 5
8.16e-05 1.36 4.8
8.18e-05 1.36 4.8
8.2e-05 1.36 4.8
8.22e-05 1.52 4.6
8.24e-05 1.44 4.6
8.26e-05 1.44 4.4
8.28e-05 1.52 4.4
8.3e-05 1.52 4.4
8.32e-05 1.52 4.2
8.34e-05 1.52 4.2
8.36e-05 1.52 4
8.38e-05 1.52 4.2
8.4e-05 1.52 4
8.42e-05 1.52 4
8.44e-05 1.52 3.8
8.46e-05 1.52 3.6
8.48e-05 1.52 3.8
8.5e-05 1.6 3.6
8.52e-05 1.52 3.6
8.54e-05 1.52 3.6
8.56e-05 1.52 3.4
8.58e-05 1.52 3.2
8.6e-05 1.52 3.2
8.62e-05 1.52 3.2
8.64e-05 1.6 3
8.66e-05 1.52 3
8.68e-05 1.52 2.8
8.7e-05 1.6 3
8.72e-05 1.52 2.6
8.74e-05 1.52 2.6
8.76e-05 1.52 2.6
8.78e-05 1.6 2.4
8.8e-05 1.52 2.2
8.82e-05 1.52 2.2
8.84e-05 1.52 2.2
8.86e-05 1.52 2
8.88e-05 1.52 2
8.9e-05 1.52 1.8
8.92e-05 1.52 1.6
8.94e-05 1.52 1.6
8.96e-05 1.52 1.6
8.98e-05 1.52 1.4
9e-05 1.52 1.2
9.02e-05 1.52 1.2
9.04e-05 1.52 1
9.06e-05 1.52 1
9.08e-05 1.44 0.8
9.1e-05 1.52 0.8
9.12e-05 1.36 0.6
9.14e-05 1.36 0.6
9.16e-05 1.36 0.4
9.18e-05 1.36 0.4
9.2e-05 1.36 0.2
9.22e-05 1.36 0
9.24e-05 1.28 0
9.26e-05 1.28 0
9.28e-05 1.28 -0.4
9.3e-05 1.28 -0.4
9.32e-05 1.28 -0.6
9.34e-05 1.28 -0.6
9.36e-05 1.28 -0.8
9.38e-05 1.28 -1
9.4e-05 1.2 -1
9.42e-05 1.2 -1
9.44e-05 1.2 -1.4
9.46e-05 1.2 -1.4
9.48e-05 1.2 -1.4
9.5e-05 1.2 -1.6
9.52e-05 1.04 -1.6
9.54e-05 1.04 -1.6
9.56e-05 1.04 -1.8
9.58e-05 1.04 -2
9.6e-05 0.96 -2
9.62e-05 0.96 -2.4
9.64e-05 0.96 -2.4
9.66e-05 0.96 -2.4
9.68e-05 0.96 -2.4
9.7e-05 0.88 -2.6
9.72e-05 0.88 -2.8
9.74e-05 0.88 -2.8
9.76e-05 0.88 -3
9.78e-05 0.72 -3
9.8e-05 0.72 -3.2
9.82e-05 0.72 -3.2
9.84e-05 0.72 -3.2
9.86e-05 0.72 -3.4
9.88e-05 0.64 -3.4
9.9e-05 0.64 -3.6
9.92e-05 0.56 -3.8
9.94e-05 0.56 -3.8
9.96e-05 0.56 -4
9.98e-05 0.56 -4
0.0001 0.48 -4
0.0001002 0.4 -4
0.0001004 0.4 -4.2
0.0001006 0.4 -4.4
0.0001008 0.32 -4.4
0.000101 0.32 -4.6
0.0001012 0.32 -4.6
0.0001014 0.24 -4.6
0.0001016 0.24 -4.6
0.0001018 0.24 -4.6
0.000102 0.24 -4.8
0.0001022 0.24 -5
0.0001024 0.08 -5
0.0001026 0.08 -5
0.0001028 0.08 -5.2
0.000103 0.08 -5
0.0001032 0 -5.4
0.0001034 0 -5.4
0.0001036 0 -5.4
0.0001038 -0.16 -5.4
0.000104 -0.16 -5.6
0.0001042 -0.24 -5.6
0.0001044 -0.24 -5.6
0.0001046 -0.32 -5.6
0.0001048 -0.32 -5.6
0.000105 -0.32 -5.8
0.0001052 -0.4 -5.8
0.0001054 -0.4 -5.8
0.0001056 -0.4 -6
0.0001058 -0.48 -6
0.000106 -0.48 -6
0.0001062 -0.48 -6
0.0001064 -0.64 -5.8
0.0001066 -0.56 -6
0.0001068 -0.56 -6
0.000107 -0.64 -6
0.0001072 -0.64 -6.2
0.0001074 -0.72 -6.4
0.0001076 -0.72 -6.2
0.0001078 -0.8 -6.4
0.000108 -0.8 -6.2
0.0001082 -0.8 -6.2
0.0001084 -0.88 -6.4
0.0001086 -0.88 -6.2
0.0001088 -0.88 -6.2
0.000109 -0.96 -6.2
0.0001092 -1.04 -6.4
0.0001094 -1.04 -6.4
0.0001096 -1.04 -6.4
0.0001098 -1.04 -6
0.00011 -1.04 -6.2
0.0001102 -1.12 -6.2
0.0001104 -1.04 -6.4
0.0001106 -1.12 -6.4
0.0001108 -1.12 -6.4
0.000111 -1.2 -6.4
0.0001112 -1.12 -6.2
0.0001114 -1.2 -6.2
0.0001116 -1.2 -6
0.0001118 -1.28 -6
0.000112 -1.36 -6
0.0001122 -1.28 -6
0.0001124 -1.28 -6.2
0.0001126 -1.36 -6
0.0001128 -1.36 -6.2
0.000113 -1.36 -6
0.0001132 -1.36 -5.8
0.0001134 -1.44 -5.8
0.0001136 -1.44 -5.8
0.0001138 -1.44 -5.8
0.000114 -1.44 -5.8
0.0001142 -1.44 -5.8
0.0001144 -1.44 -5.8
0.0001146 -1.44 -5.8
0.0001148 -1.6 -5.4
0.000115 -1.6 -5.4
0.0001152 -1.6 -5.4
0.0001154 -1.6 -5.4
0.0001156 -1.6 -5.6
0.0001158 -1.6 -5.4
0.000116 -1.6 -5.4
0.0001162 -1.6 -5.4
0.0001164 -1.6 -5
0.0001166 -1.68 -5
0.0001168 -1.68 -5
0.000117 -1.68 -5
0.0001172 -1.76 -4.8
0.0001174 -1.68 -4.8
0.0001176 -1.68 -4.6
0.0001178 -1.68 -4.8
0.000118 -1.68 -4.6
0.0001182 -1.68 -4.4
0.0001184 -1.68 -4.2
0.0001186 -1.68 -4.2
0.0001188 -1.68 -4.2
0.000119 -1.68 -4.2
0.0001192 -1.68 -4
0.0001194 -1.76 -4
0.0001196 -1.68 -3.8
0.0001198 -1.76 -3.6
0.00012 -1.68 -3.6
0.0001202 -1.68 -3.4
0.0001204 -1.76 -3.6
0.0001206 -1.76 -3.4
0.0001208 -1.76 -3.2
0.000121 -1.76 -3.4
0.0001212 -1.76 -3
0.0001214 -1.68 -3
0.0001216 -1.68 -3
0.0001218 -1.68 -2.8
0.000122 -1.68 -2.8
0.0001222 -1.68 -2.6
0.0001224 -1.68 -2.6
0.0001226 -1.68 -2.4
0.0001228 -1.68 -2.4
0.000123 -1.68 -2.2
0.0001232 -1.68 -2
0.0001234 -1.68 -2
0.0001236 -1.68 -1.8
0.0001238 -1.68 -1.8
0.000124 -1.6 -1.8
0.0001242 -1.68 -1.6
0.0001244 -1.6 -1.4
0.0001246 -1.6 -1.2
0.0001248 -1.6 -1
0.000125 -1.6 -1
0.0001252 -1.6 -1
0.0001254 -1.44 -1
0.0001256 -1.44 -1
0.0001258 -1.44 -0.6
0.000126 -1.44 -0.6
0.0001262 -1.44 -0.4
0.0001264 -1.44 -0.4
0.0001266 -1.44 0
0.0001268 -1.44 0
0.000127 -1.44 0
0.0001272 -1.44 0.2
0.0001274 -1.44 0.2
0.0001276 -1.36 0.4
0.0001278 -1.36 0.4
0.000128 -1.28 0.6
0.0001282 -1.28 0.8
0.0001284 -1.28 0.8
0.0001286 -1.28 1
0.0001288 -1.2 1
0.000129 -1.2 1
0.0001292 -1.12 1.4
0.0001294 -1.12 1.4
0.0001296 -1.12 1.4
0.0001298 -1.12 1.6
0.00013 -1.12 1.6
0.0001302 -1.12 1.8
0.0001304 -1.04 1.8
0.0001306 -1.04 2
0.0001308 -0.96 2.2
0.000131 -0.96 2.2
0.0001312 -0.88 2.2
0.0001314 -0.96 2.4
0.0001316 -0.8 2.4
0.0001318 -0.88 2.6
0.000132 -0.8 2.6
0.0001322 -0.8 2.8
0.0001324 -0.8 2.8
0.0001326 -0.72 3
0.0001328 -0.72 3.2
0.000133 -0.64 3.2
0.0001332 -0.72 3.2
0.0001334 -0.64 3.2
0.0001336 -0.64 3.4
0.0001338 -0.56 3.4
0.000134 -0.56 3.4
0.0001342 -0.48 3.6
0.0001344 -0.48 3.8
0.0001346 -0.48 3.8
0.0001348 -0.4 4
0.000135 -0.4 4
0.0001352 -0.32 4
0.0001354 -0.32 4.2
0.0001356 -0.32 4.2
0.0001358 -0.32 4.2
0.000136 -0.24 4.2
0.0001362 -0.16 4.4
0.0001364 -0.16 4.2
0.0001366 -0.16 4.4
0.0001368 0 4.4
0.000137 0 4.6
0.0001372 0.08 4.8
0.0001374 0 4.8
0.0001376 0.08 4.8
0.0001378 0.08 5
0.000138 0.16 4.8
0.0001382 0.16 4.8
0.0001384 0.24 5
0.0001386 0.24 5.2
0.0001388 0.24 5.2
0.000139 0.24 5.2
0.0001392 0.32 5.2
0.0001394 0.32 5.2
0.0001396 0.32 5.2
0.0001398 0.4 5.2
0.00014 0.4 5.2
0.0001402 0.48 5.4
0.0001404 0.56 5.4
0.0001406 0.56 5.4
0.0001408 0.56 5.6
0.000141 0.64 5.6
0.0001412 0.64 5.4
0.0001414 0.64 5.6
0.0001416 0.72 5.6
0.0001418 0.72 5.6
0.000142 0.72 5.4
0.0001422 0.8 5.6
0.0001424 0.88 5.6
0.0001426 0.8 5.6
0.0001428 0.88 5.6
0.000143 0.88 5.6
0.0001432 0.88 5.6
0.0001434 0.96 5.6
0.0001436 0.96 5.6
0.0001438 0.96 5.6
0.000144 0.96 5.6
0.0001442 0.96 5.6
0.0001444 1.04 5.4
0.0001446 1.04 5.4
0.0001448 1.04 5.4
0.000145 1.04 5.4
0.0001452 1.12 5.4
0.0001454 1.12 5.4
0.0001456 1.2 5.4
0.0001458 1.2 5.4
0.000146 1.2 5.4
0.0001462 1.2 5.4
0.0001464 1.2 5
0.0001466 1.2 5.2
0.0001468 1.2 5
0.000147 1.28 5.2
0.0001472 1.28 5
0.0001474 1.36 5
0.0001476 1.28 4.8
0.0001478 1.36 5
0.000148 1.36 4.8
0.0001482 1.36 4.8
0.0001484 1.36 4.8
0.0001486 1.44 4.6
0.0001488 1.36 4.8
0.000149 1.52 4.6
0.0001492 1.44 4.6
0.0001494 1.52 4.6
0.0001496 1.52 4.4
0.0001498 1.52 4.2
0.00015 1.52 4
0.0001502 1.52 4
0.0001504 1.52 4
0.0001506 1.52 4
0.0001508 1.52 4
0.000151 1.52 4
0.0001512 1.52 4
0.0001514 1.6 3.8
0.0001516 1.52 3.4
0.0001518 1.52 3.6
0.000152 1.52 3.4
0.0001522 1.52 3.4
0.0001524 1.52 3.4
0.0001526 1.52 3.2
0.0001528 1.52 3.2
0.000153 1.52 3
0.0001532 1.52 2.8
0.0001534 1.52 2.8
0.0001536 1.52 2.8
0.0001538 1.52 2.6
0.000154 1.52 2.8
0.0001542 1.52 2.6
0.0001544 1.52 2.6
0.0001546 1.52 2.4
0.0001548 1.52 2.2
0.000155 1.6 2
0.0001552 1.52 2
0.0001554 1.52 1.8
0.0001556 1.52 1.8
0.0001558 1.52 1.8
0.000156 1.52 1.8
0.0001562 1.52 1.6
0.0001564 1.52 1.4
0.0001566 1.52 1.2
0.0001568 1.52 1.2
0.000157 1.52 1
0.0001572 1.52 1
0.0001574 1.52 1
0.0001576 1.52 0.8
0.0001578 1.44 0.8
0.000158 1.44 0.6
0.0001582 1.44 0.4
0.0001584 1.36 0.4
0.0001586 1.36 0.2
0.0001588 1.36 0.2
0.000159 1.28 0.2
0.0001592 1.28 0
0.0001594 1.28 -0.4
0.0001596 1.28 -0.6
0.0001598 1.28 -0.6
0.00016 1.28 -0.8
0.0001602 1.28 -0.8
0.0001604 1.28 -1
0.0001606 1.2 -0.8
0.0001608 1.2 -1
0.000161 1.2 -1
0.0001612 1.2 -1.4
0.0001614 1.2 -1.4
0.0001616 1.2 -1.6
0.0001618 1.04 -1.6
0.000162 1.04 -1.8
0.0001622 1.04 -1.8
0.0001624 1.04 -1.8
0.0001626 0.96 -1.8
0.0001628 1.04 -2.2
0.000163 0.96 -2.2
0.0001632 0.88 -2.4
0.0001634 0.96 -2.6
0.0001636 0.88 -2.6
0.0001638 0.88 -2.6
0.000164 0.88 -2.6
0.0001642 0.88 -2.8
0.0001644 0.8 -3
0.0001646 0.72 -3.2
0.0001648 0.72 -3.2
0.000165 0.72 -3.2
0.0001652 0.64 -3.4
0.0001654 0.64 -3.4
0.0001656 0.64 -3.4
0.0001658 0.64 -3.4
0.000166 0.64 -3.8
0.0001662 0.56 -3.8
0.0001664 0.48 -4
0.0001666 0.48 -4
0.0001668 0.4 -4.2
0.000167 0.4 -4.2
0.0001672 0.4 -4.2
0.0001674 0.32 -4.2
0.0001676 0.24 -4.4
0.0001678 0.32 -4.6
0.000168 0.24 -4.6
0.0001682 0.24 -4.8
0.0001684 0.24 -4.8
0.0001686 0.24 -4.8
0.0001688 0.08 -4.8
0.000169 0.08 -5
0.0001692 0.08 -5.2
0.0001694 0.08 -5
0.0001696 0 -5.2
0.0001698 0 -5.2
0.00017 0 -5.2
0.0001702 -0.16 -5.4
0.0001704 -0.16 -5.4
0.0001706 -0.16 -5.4
0.0001708 -0.32 -5.6
0.000171 -0.24 -5.6
0.0001712 -0.32 -5.8
0.0001714 -0.32 -5.8
0.0001716 -0.32 -5.8
0.0001718 -0.4 -5.8
0.000172 -0.4 -5.8
0.0001722 -0.4 -5.8
0.0001724 -0.48 -5.8
0.0001726 -0.48 -5.8
0.0001728 -0.48 -5.8
0.000173 -0.56 -6
0.0001732 -0.56 -6.2
0.0001734 -0.64 -6.2
0.0001736 -0.64 -6
0.0001738 -0.64 -6
0.000174 -0.72 -6.2
0.0001742 -0.72 -6.2
0.0001744 -0.72 -6.2
0.0001746 -0.8 -6.4
0.0001748 -0.8 -6.2
0.000175 -0.8 -6.2
0.0001752 -0.8 -6.2
0.0001754 -0.96 -6.2
0.0001756 -0.96 -6.4
0.0001758 -0.96 -6.4
0.000176 -1.04 -6.4
0.0001762 -0.96 -6.4
0.0001764 -1.04 -6.2
0.0001766 -1.04 -6.2
0.0001768 -1.04 -6.4
0.000177 -1.12 -6.4
0.0001772 -1.12 -6.2
0.0001774 -1.12 -6.2
0.0001776 -1.2 -6.2
0.0001778 -1.12 -6.2
0.000178 -1.2 -6.2
0.0001782 -1.28 -6.2
0.0001784 -1.28 -6.2
0.0001786 -1.28 -6.2
0.0001788 -1.28 -6
0.000179 -1.28 -6
0.0001792 -1.36 -6.2
0.0001794 -1.36 -6
0.0001796 -1.36 -6
0.0001798 -1.36 -6
0.00018 -1.44 -5.8
0.0001802 -1.44 -5.8
0.0001804 -1.44 -5.8
0.0001806 -1.44 -5.8
0.0001808 -1.44 -5.8
0.000181 -1.44 -5.8
0.0001812 -1.44 -5.8
0.0001814 -1.52 -5.6
0.0001816 -1.52 -5.6
0.0001818 -1.6 -5.4
0.000182 -1.6 -5.4
0.0001822 -1.52 -5.4
0.0001824 -1.6 -5.2
0.0001826 -1.68 -5.4
0.0001828 -1.6 -5.4
0.000183 -1.68 -5
0.0001832 -1.68 -5
0.0001834 -1.68 -5
0.0001836 -1.68 -4.8
0.0001838 -1.68 -5
0.000184 -1.68 -4.8
0.0001842 -1.68 -4.8
0.0001844 -1.68 -4.6
0.0001846 -1.68 -4.6
0.0001848 -1.68 -4.4
0.000185 -1.76 -4.4
0.0001852 -1.68 -4.2
0.0001854 -1.76 -4.2
0.0001856 -1.76 -4.2
0.0001858 -1.76 -4.2
0.000186 -1.76 -4
0.0001862 -1.76 -4
0.0001864 -1.76 -3.8
0.0001866 -1.76 -3.6
0.0001868 -1.76 -3.6
0.000187 -1.68 -3.6
0.0001872 -1.76 -3.4
0.0001874 -1.68 -3.4
0.0001876 -1.76 -3.4
0.0001878 -1.68 -3.2
0.000188 -1.76 -3
0.0001882 -1.68 -2.8
0.0001884 -1.68 -3
0.0001886 -1.76 -2.8
0.0001888 -1.68 -2.6
0.000189 -1.68 -2.6
0.0001892 -1.68 -2.6
0.0001894 -1.6 -2.4
0.0001896 -1.68 -2.2
0.0001898 -1.68 -2.2
0.00019 -1.68 -2.2
0.0001902 -1.6 -1.8
0.0001904 -1.68 -1.6
0.0001906 -1.68 -1.6
0.0001908 -1.6 -1.6
0.000191 -1.68 -1.6
0.0001912 -1.6 -1.4
0.0001914 -1.6 -1.4
0.0001916 -1.6 -1.2
0.0001918 -1.52 -1
0.000192 -1.44 -0.8
0.0001922 -1.44 -0.8
0.0001924 -1.44 -0.8
0.0001926 -1.44 -0.6
0.0001928 -1.52 -0.6
0.000193 -1.44 -0.6
0.0001932 -1.44 0
0.0001934 -1.44 0
0.0001936 -1.44 0
0.0001938 -1.44 0.2
0.000194 -1.36 0.2
0.0001942 -1.36 0.2
0.0001944 -1.36 0.4
0.0001946 -1.28 0.6
0.0001948 -1.36 0.8
0.000195 -1.28 0.8
0.0001952 -1.28 1
0.0001954 -1.28 1.2
0.0001956 -1.2 1.2
0.0001958 -1.28 1.2
0.000196 -1.12 1.2
0.0001962 -1.12 1.4
0.0001964 -1.12 1.6
0.0001966 -1.12 1.8
0.0001968 -1.12 1.8
0.000197 -1.04 2
0.0001972 -1.04 1.8
0.0001974 -1.04 2
0.0001976 -0.96 2
0.0001978 -1.04 2.2
0.000198 -0.96 2.4
0.0001982 -0.88 2.4
0.0001984 -0.8 2.6
0.0001986 -0.8 2.6
0.0001988 -0.8 2.6
0.000199 -0.72 2.8
0.0001992 -0.72 2.8
0.0001994 -0.72 3
0.0001996 -0.64 3
0.0001998 -0.64 3.4
0.0002 -0.64 3.4
0.0002002 -0.56 3.4
0.0002004 -0.64 3.6
0.0002006 -0.64 3.4
0.0002008 -0.48 3.4
0.000201 -0.48 3.6
0.0002012 -0.48 3.6
0.0002014 -0.48 3.8
0.0002016 -0.4 4
0.0002018 -0.4 4
0.000202 -0.4 4.2
0.0002022 -0.32 4.2
0.0002024 -0.32 4
0.0002026 -0.16 4.4
0.0002028 -0.16 4.2
0.000203 -0.16 4.4
0.0002032 -0.16 4.6
0.0002034 -0.16 4.4
0.0002036 -0.16 4.8
0.0002038 0 4.8
0.000204 0 4.6
0.0002042 0.08 4.6
0.0002044 0.08 4.8
0.0002046 0.08 4.8
0.0002048 0.16 5
0.000205 0.24 5
0.0002052 0.24 5
0.0002054 0.24 5.2
0.0002056 0.32 5
0.0002058 0.32 5
0.000206 0.4 5.2
0.0002062 0.4 5.2
0.0002064 0.4 5.2
0.0002066 0.4 5.4
0.0002068 0.56 5.4
0.000207 0.56 5.4
0.0002072 0.56 5.6
0.0002074 0.56 5.4
0.0002076 0.56 5.4
0.0002078 0.64 5.4
0.000208 0.64 5.4
0.0002082 0.64 5.6
0.0002084 0.72 5.6
0.0002086 0.72 5.6
0.0002088 0.72 5.6
0.000209 0.72 5.6
0.0002092 0.88 5.6
0.0002094 0.72 5.4
0.0002096 0.88 5.6
0.0002098 0.88 5.6
0.00021 0.88 5.6
0.0002102 0.96 5.6
0.0002104 0.88 5.6
0.0002106 0.96 5.6
0.0002108 0.96 5.6
0.000211 0.96 5.4
0.0002112 1.04 5.4
0.0002114 1.04 5.6
0.0002116 1.04 5.6
0.0002118 1.04 5.4
0.000212 1.2 5.4
0.0002122 1.2 5.4
0.0002124 1.2 5.2
0.0002126 1.2 5.4
0.0002128 1.2 5.2
0.000213 1.2 5.2
0.0002132 1.2 5.2
0.0002134 1.28 5.2
0.0002136 1.28 5.2
0.0002138 1.28 5
0.000214 1.28 4.8
0.0002142 1.36 5
0.0002144 1.36 5
0.0002146 1.36 4.8
0.0002148 1.36 4.8
0.000215 1.36 5
0.0002152 1.36 4.6
0.0002154 1.36 4.6
0.0002156 1.36 4.6
0.0002158 1.44 4.6
0.000216 1.44 4.4
0.0002162 1.52 4.4
0.0002164 1.52 4.4
0.0002166 1.52 4.2
0.0002168 1.52 4.2
0.000217 1.52 4.2
0.0002172 1.52 4.2
0.0002174 1.52 4
0.0002176 1.52 4
0.0002178 1.52 3.8
0.000218 1.52 3.8
0.0002182 1.52 3.8
0.0002184 1.52 3.6
0.0002186 1.52 3.6
0.0002188 1.52 3.4
0.000219 1.6 3.2
0.0002192 1.52 3.4
0.0002194 1.6 3.2
0.0002196 1.52 3.2
0.0002198 1.52 3
0.00022 1.52 3
0.0002202 1.6 2.8
0.0002204 1.6 2.6
0.0002206 1.6 2.6
0.0002208 1.52 2.4
0.000221 1.52 2.4
0.0002212 1.52 2.4
0.0002214 1.52 2.2
0.0002216 1.52 2.2
0.0002218 1.6 2
0.000222 1.52 2
0.0002222 1.52 1.8
0.0002224 1.52 1.8
0.0002226 1.52 1.8
0.0002228 1.52 1.6
0.000223 1.52 1.4
0.0002232 1.52 1.4
0.0002234 1.52 1.2
0.0002236 1.52 1.2
0.0002238 1.52 1
0.000224 1.52 1
0.0002242 1.44 1
0.0002244 1.52 0.8
0.0002246 1.36 0.6
0.0002248 1.52 0.4
0.000225 1.36 0.4
0.0002252 1.36 0.4
0.0002254 1.36 0
0.0002256 1.36 0
0.0002258 1.36 0
0.000226 1.36 -0.4
0.0002262 1.28 0
0.0002264 1.28 -0.6
0.0002266 1.28 -0.6
0.0002268 1.28 -0.8
0.000227 1.2 -0.8
0.0002272 1.2 -1
0.0002274 1.2 -1
0.0002276 1.28 -1
0.0002278 1.2 -1.2
0.000228 1.2 -1.4
0.0002282 1.12 -1.4
0.0002284 1.04 -1.6
0.0002286 1.12 -1.8
0.0002288 1.04 -1.8
0.000229 1.04 -1.8
0.0002292 1.04 -2
0.0002294 0.96 -2.2
0.0002296 0.96 -2.2
0.0002298 0.96 -2.4
0.00023 0.96 -2.6
0.0002302 0.88 -2.6
0.0002304 0.88 -2.6
0.0002306 0.88 -2.8
0.0002308 0.88 -2.8
0.000231 0.8 -3
0.0002312 0.72 -3
0.0002314 0.72 -3.2
0.0002316 0.72 -3.2
0.0002318 0.72 -3.4
0.000232 0.64 -3.4
0.0002322 0.64 -3.4
0.0002324 0.64 -3.4
0.0002326 0.56 -3.6
0.0002328 0.56 -3.6
0.000233 0.56 -3.8
0.0002332 0.56 -4
0.0002334 0.4 -4.2
0.0002336 0.4 -4.2
0.0002338 0.4 -4.2
0.000234 0.4 -4.2
0.0002342 0.4 -4.4
0.0002344 0.32 -4.6
0.0002346 0.32 -4.4
0.0002348 0.24 -4.8
0.000235 0.24 -4.6
0.0002352 0.24 -4.8
0.0002354 0.24 -5
0.0002356 0.08 -5
0.0002358 0.08 -4.8
0.000236 0.08 -5
0.0002362 0.08 -5.2
0.0002364 0 -5.4
0.0002366 0 -5.4
0.0002368 0 -5.4
0.000237 -0.16 -5.4
0.0002372 -0.16 -5.4
0.0002374 -0.16 -5.4
0.0002376 -0.32 -5.6
0.0002378 -0.32 -5.6
0.000238 -0.32 -5.6
0.0002382 -0.32 -5.8
0.0002384 -0.4 -5.8
0.0002386 -0.4 -5.8
0.0002388 -0.4 -5.8
0.000239 -0.48 -5.8
0.0002392 -0.48 -5.8
0.0002394 -0.48 -5.8
0.0002396 -0.48 -5.8
0.0002398 -0.56 -6.2
0.00024 -0.64 -6.2
0.0002402 -0.64 -6.2
0.0002404 -0.72 -6.2
0.0002406 -0.72 -6.2
0.0002408 -0.72 -6
0.000241 -0.72 -6.2
0.0002412 -0.8 -6.2
0.0002414 -0.8 -6.4
0.0002416 -0.8 -6.4
0.0002418 -0.8 -6.4
0.000242 -0.88 -6.4
0.0002422 -0.88 -6.2
0.0002424 -0.96 -6
0.0002426 -0.96 -6.2
0.0002428 -1.04 -6.4
0.000243 -0.96 -6.4
0.0002432 -1.04 -6.4
0.0002434 -1.04 -6.4
0.0002436 -1.12 -6.4
0.0002438 -1.12 -6.4
0.000244 -1.12 -6.2
0.0002442 -1.12 -6.2
0.0002444 -1.28 -6.2
0.0002446 -1.28 -6.2
0.0002448 -1.28 -6.2
0.000245 -1.28 -6.2
0.0002452 -1.28 -6.2
0.0002454 -1.36 -6.2
0.0002456 -1.28 -6.2
0.0002458 -1.36 -6
0.000246 -1.36 -6
0.0002462 -1.44 -5.8
0.0002464 -1.44 -5.8
0.0002466 -1.44 -6
0.0002468 -1.44 -6
0.000247 -1.44 -5.8
0.0002472 -1.44 -5.8
0.0002474 -1.44 -5.6
0.0002476 -1.44 -5.8
0.0002478 -1.44 -5.6
0.000248 -1.44 -5.6
0.0002482 -1.52 -5.6
0.0002484 -1.52 -5.6
0.0002486 -1.6 -5.6
0.0002488 -1.6 -5.4
0.000249 -1.6 -5.4
0.0002492 -1.6 -5
0.0002494 -1.6 -5.2
0.0002496 -1.68 -5.2
0.0002498 -1.68 -5
0.00025 -1.68 -5.2
0.0002502 -1.68 -5
0.0002504 -1.68 -4.8
0.0002506 -1.68 -4.8
0.0002508 -1.68 -4.8
0.000251 -1.68 -4.6
0.0002512 -1.68 -4.6
0.0002514 -1.68 -4.6
0.0002516 -1.68 -4.4
0.0002518 -1.76 -4.2
0.000252 -1.76 -4.2
0.0002522 -1.68 -4.2
0.0002524 -1.68 -4
0.0002526 -1.76 -4
0.0002528 -1.76 -3.8
0.000253 -1.76 -4
0.0002532 -1.68 -3.8
0.0002534 -1.76 -3.8
0.0002536 -1.76 -3.6
0.0002538 -1.76 -3.4
0.000254 -1.76 -3.4
0.0002542 -1.68 -3.2
0.0002544 -1.68 -3.2
0.0002546 -1.76 -3.2
0.0002548 -1.76 -3
0.000255 -1.76 -3
0.0002552 -1.68 -2.8
0.0002554 -1.76 -2.8
0.0002556 -1.76 -2.6
0.0002558 -1.68 -2.4
0.000256 -1.68 -2.4
0.0002562 -1.68 -2.2
0.0002564 -1.68 -2.2
0.0002566 -1.68 -2.2
0.0002568 -1.68 -2
0.000257 -1.68 -2
0.0002572 -1.6 -1.8
0.0002574 -1.6 -1.6
0.0002576 -1.6 -1.6
0.0002578 -1.6 -1.4
0.000258 -1.6 -1.4
0.0002582 -1.6 -1.4
0.0002584 -1.6 -1.2
0.0002586 -1.6 -1
0.0002588 -1.52 -0.8
0.000259 -1.6 -0.8
0.0002592 -1.44 -0.6
0.0002594 -1.52 -0.6
0.0002596 -1.44 -0.4
0.0002598 -1.44 -0.4
0.00026 -1.44 0
0.0002602 -1.44 0
0.0002604 -1.44 0
0.0002606 -1.36 0.2
0.0002608 -1.44 0.4
0.000261 -1.36 0.4
0.0002612 -1.36 0.6
0.0002614 -1.36 0.6
0.0002616 -1.28 0.8
0.0002618 -1.28 0.8
0.000262 -1.28 1
0.0002622 -1.28 1
0.0002624 -1.12 1.2
0.0002626 -1.12 1.4
0.0002628 -1.12 1.4
0.000263 -1.12 1.4
0.0002632 -1.12 1.6
0.0002634 -1.12 1.8
0.0002636 -1.04 1.8
0.0002638 -1.04 2
0.000264 -1.04 2.2
0.0002642 -1.04 2.4
0.0002644 -0.96 2.2
0.0002646 -0.96 2.4
0.0002648 -0.88 2.4
0.000265 -0.88 2.4
0.0002652 -0.8 2.6
0.0002654 -0.8 2.8
0.0002656 -0.72 2.8
0.0002658 -0.72 3
0.000266 -0.72 3.2
0.0002662 -0.72 3.2
0.0002664 -0.64 3.2
0.0002666 -0.64 3.2
0.0002668 -0.64 3.4
0.000267 -0.56 3.4
0.0002672 -0.56 3.4
0.0002674 -0.48 3.6
0.0002676 -0.48 3.6
0.0002678 -0.48 3.6
0.000268 -0.48 3.8
0.0002682 -0.4 4
0.0002684 -0.4 4
0.0002686 -0.4 4
0.0002688 -0.32 4.2
0.000269 -0.32 4.2
0.0002692 -0.24 4.4
0.0002694 -0.24 4.2
0.0002696 -0.16 4.4
0.0002698 -0.16 4.4
0.00027 -0.16 4.4
0.0002702 0 4.6
0.0002704 0 4.6
0.0002706 0.08 4.6
0.0002708 0.08 4.8
0.000271 0.08 4.8
0.0002712 0.08 5
0.0002714 0.16 4.8
0.0002716 0.24 5
0.0002718 0.24 5.2
0.000272 0.24 5
0.0002722 0.24 5.2
0.0002724 0.32 5.2
0.0002726 0.32 5.2
0.0002728 0.4 5.2
0.000273 0.4 5.2
0.0002732 0.4 5.4
0.0002734 0.48 5.6
0.0002736 0.56 5.4
0.0002738 0.56 5.6
0.000274 0.56 5.4
0.0002742 0.56 5.2
0.0002744 0.56 5.4
0.0002746 0.56 5.4
0.0002748 0.72 5.6
0.000275 0.72 5.6
0.0002752 0.64 5.6
0.0002754 0.72 5.6
0.0002756 0.72 5.6
0.0002758 0.88 5.6
0.000276 0.88 5.6
0.0002762 0.88 5.6
0.0002764 0.88 5.6
0.0002766 0.96 5.6
0.0002768 0.96 5.6
0.000277 0.96 5.6
0.0002772 0.96 5.6
0.0002774 0.96 5.6
0.0002776 1.04 5.2
0.0002778 0.96 5.4
0.000278 1.04 5.4
0.0002782 1.04 5.6
0.0002784 1.04 5.6
0.0002786 1.12 5.4
0.0002788 1.12 5.6
0.000279 1.2 5.2
0.0002792 1.2 5.2
0.0002794 1.2 5.2
0.0002796 1.2 5.2
0.0002798 1.28 5.2
0.00028 1.28 5.4
0.0002802 1.28 5.2
0.0002804 1.28 5
0.0002806 1.36 5
0.0002808 1.28 5
0.000281 1.36 5
0.0002812 1.36 5
0.0002814 1.36 4.8
0.0002816 1.44 4.8
0.0002818 1.36 4.8
0.000282 1.36 4.8
0.0002822 1.36 4.6
0.0002824 1.44 4.4
0.0002826 1.52 4.4
0.0002828 1.52 4.4
0.000283 1.44 4.4
0.0002832 1.52 4.4
0.0002834 1.52 4.2
0.0002836 1.52 4.2
0.0002838 1.52 4
0.000284 1.52 4
0.0002842 1.52 3.8
0.0002844 1.52 4
0.0002846 1.52 3.6
0.0002848 1.52 3.8
0.000285 1.52 3.6
0.0002852 1.52 3.6
0.0002854 1.6 3.4
0.0002856 1.52 3.4
0.0002858 1.52 3.2
0.000286 1.52 3.2
0.0002862 1.6 3.2
0.0002864 1.6 3.2
0.0002866 1.6 3
0.0002868 1.6 2.8
0.000287 1.52 2.8
0.0002872 1.6 2.6
0.0002874 1.6 2.6
0.0002876 1.6 2.4
0.0002878 1.6 2.4
0.000288 1.52 2.4
0.0002882 1.6 2.2
0.0002884 1.52 2.2
0.0002886 1.52 2
0.0002888 1.52 2
0.000289 1.52 1.8
0.0002892 1.52 1.6
0.0002894 1.52 1.6
0.0002896 1.52 1.6
0.0002898 1.52 1.4
0.00029 1.52 1.4
0.0002902 1.52 1.2
0.0002904 1.52 1
0.0002906 1.52 1
0.0002908 1.52 0.8
0.000291 1.52 0.8
0.0002912 1.36 0.6
0.0002914 1.44 0.6
0.0002916 1.36 0.6
0.0002918 1.36 0.4
0.000292 1.36 0.4
0.0002922 1.36 0
0.0002924 1.28 0
0.0002926 1.36 -0.4
0.0002928 1.28 -0.4
0.000293 1.28 -0.4
0.0002932 1.28 -0.6
0.0002934 1.28 -0.6
0.0002936 1.28 -0.6
0.0002938 1.2 -1
0.000294 1.2 -1
0.0002942 1.2 -1.2
0.0002944 1.2 -1.4
0.0002946 1.2 -1.4
0.0002948 1.2 -1.4
0.000295 1.04 -1.4
0.0002952 1.2 -1.6
0.0002954 1.04 -1.8
0.0002956 1.04 -1.8
0.0002958 1.04 -2.2
0.000296 1.04 -2.2
0.0002962 0.96 -2.4
0.0002964 1.04 -2.4
0.0002966 0.96 -2.4
0.0002968 0.96 -2.4
0.000297 0.88 -2.6
0.0002972 0.88 -2.6
0.0002974 0.8 -3
0.0002976 0.88 -3
0.0002978 0.8 -3.2
0.000298 0.8 -3
0.0002982 0.72 -3.2
0.0002984 0.72 -3.2
0.0002986 0.64 -3.4
0.0002988 0.72 -3.4
0.000299 0.64 -3.6
0.0002992 0.56 -3.8
0.0002994 0.56 -3.8
0.0002996 0.56 -3.8
0.0002998 0.56 -4
0.0003 0.48 -3.8
0.0003002 0.48 -4
0.0003004 0.4 -4.2
0.0003006 0.4 -4.4
0.0003008 0.32 -4.4
0.000301 0.32 -4.4
0.0003012 0.32 -4.6
0.0003014 0.24 -4.6
0.0003016 0.24 -4.6
0.0003018 0.24 -4.8
0.000302 0.24 -4.8
0.0003022 0.24 -4.8
0.0003024 0.16 -5
0.0003026 0.08 -5
0.0003028 0.08 -5
0.000303 0 -5
0.0003032 0 -5.2
0.0003034 0 -5.2
0.0003036 -0.16 -5.4
0.0003038 -0.16 -5.6
0.000304 -0.16 -5.4
0.0003042 -0.24 -5.6
0.0003044 -0.24 -5.6
0.0003046 -0.32 -5.8
0.0003048 -0.32 -5.6
0.000305 -0.32 -5.6
0.0003052 -0.4 -5.8
0.0003054 -0.4 -5.8
0.0003056 -0.48 -5.8
0.0003058 -0.48 -6
0.000306 -0.48 -5.8
0.0003062 -0.48 -5.8
0.0003064 -0.56 -6
0.0003066 -0.56 -6.2
0.0003068 -0.64 -6.2
0.000307 -0.64 -6.2
0.0003072 -0.72 -6.2
0.0003074 -0.72 -6.2
0.0003076 -0.72 -6
0.0003078 -0.72 -6.2
0.000308 -0.8 -6.2
0.0003082 -0.8 -6.2
0.0003084 -0.8 -6.2
0.0003086 -0.96 -6.4
0.0003088 -0.8 -6.2
0.000309 -0.96 -6.2
0.0003092 -0.96 -6.6
0.0003094 -1.04 -6.2
0.0003096 -1.04 -6.4
0.0003098 -1.04 -6.4
0.00031 -1.04 -6.4
0.0003102 -1.12 -6.2
0.0003104 -1.12 -6.2
0.0003106 -1.12 -6.4
0.0003108 -1.12 -6.2
0.000311 -1.12 -6.2
0.0003112 -1.2 -6.2
0.0003114 -1.28 -6.2
0.0003116 -1.28 -6.4
0.0003118 -1.28 -6.2
0.000312 -1.28 -6.2
0.0003122 -1.28 -6.2
0.0003124 -1.36 -6
0.0003126 -1.36 -6
0.0003128 -1.36 -6
0.000313 -1.44 -5.8
0.0003132 -1.44 -6
0.0003134 -1.44 -5.8
0.0003136 -1.44 -5.8
0.0003138 -1.44 -6
0.000314 -1.44 -5.8
0.0003142 -1.44 -5.8
0.0003144 -1.52 -5.8
0.0003146 -1.52 -5.6
0.0003148 -1.44 -5.6
0.000315 -1.6 -5.6
0.0003152 -1.6 -5.4
0.0003154 -1.6 -5.6
0.0003156 -1.6 -5.4
0.0003158 -1.6 -5.2
0.000316 -1.6 -5.2
0.0003162 -1.6 -5
0.0003164 -1.68 -5.2
0.0003166 -1.68 -5.2
0.0003168 -1.68 -5
0.000317 -1.76 -5
0.0003172 -1.68 -5
0.0003174 -1.68 -4.8
0.0003176 -1.68 -4.8
0.0003178 -1.68 -4.6
0.000318 -1.68 -4.4
0.0003182 -1.68 -4.6
0.0003184 -1.68 -4.4
0.0003186 -1.76 -4.2
0.0003188 -1.76 -4.4
0.000319 -1.76 -4.2
0.0003192 -1.68 -4.2
0.0003194 -1.76 -4
0.0003196 -1.76 -3.8
0.0003198 -1.68 -3.8
0.00032 -1.76 -3.8
0.0003202 -1.76 -3.6
0.0003204 -1.76 -3.4
0.0003206 -1.76 -3.4
0.0003208 -1.76 -3.2
0.000321 -1.76 -3.4
0.0003212 -1.76 -3.2
0.0003214 -1.68 -3
0.0003216 -1.76 -3
0.0003218 -1.68 -3
0.000322 -1.76 -2.6
0.0003222 -1.68 -2.6
0.0003224 -1.68 -2.4
0.0003226 -1.68 -2.4
0.0003228 -1.68 -2.2
0.000323 -1.68 -2.2
0.0003232 -1.68 -2.2
0.0003234 -1.68 -2
0.0003236 -1.68 -1.8
0.0003238 -1.6 -1.8
0.000324 -1.6 -1.6
0.0003242 -1.6 -1.6
0.0003244 -1.6 -1.4
0.0003246 -1.6 -1.4
0.0003248 -1.6 -1.2
0.000325 -1.6 -1.2
0.0003252 -1.6 -1
0.0003254 -1.52 -0.8
0.0003256 -1.44 -0.8
0.0003258 -1.44 -0.6
0.000326 -1.44 -0.6
0.0003262 -1.44 0
0.0003264 -1.44 -0.4
0.0003266 -1.44 -0.4
0.0003268 -1.44 -0.4
0.000327 -1.44 0
0.0003272 -1.36 0.2
0.0003274 -1.36 0.4
0.0003276 -1.36 0.4
0.0003278 -1.36 0.6
0.000328 -1.36 0.8
0.0003282 -1.36 0.6
0.0003284 -1.28 0.8
0.0003286 -1.28 0.8
0.0003288 -1.2 1
0.000329 -1.2 1.2
0.0003292 -1.12 1.4
0.0003294 -1.12 1.6
0.0003296 -1.12 1.6
0.0003298 -1.12 1.6
0.00033 -1.12 1.6
0.0003302 -1.04 1.8
0.0003304 -1.04 1.8
0.0003306 -1.04 2
0.0003308 -1.04 2.2
0.000331 -0.96 2.4
0.0003312 -1.04 2.4
0.0003314 -0.96 2.4
0.0003316 -0.8 2.4
0.0003318 -0.88 2.6
0.000332 -0.8 2.6
0.0003322 -0.8 2.6
0.0003324 -0.8 3
0.0003326 -0.72 3
0.0003328 -0.72 3
0.000333 -0.72 3.2
0.0003332 -0.64 3.2
0.0003334 -0.64 3.2
0.0003336 -0.64 3.4
0.0003338 -0.56 3.4
0.000334 -0.48 3.4
0.0003342 -0.48 3.8
0.0003344 -0.48 3.8
0.0003346 -0.48 4
0.0003348 -0.4 4
0.000335 -0.4 4
0.0003352 -0.4 4
0.0003354 -0.32 4
0.0003356 -0.32 4.2
0.0003358 -0.24 4.2
0.000336 -0.16 4.4
0.0003362 -0.16 4.4
0.0003364 -0.16 4.6
0.0003366 -0.16 4.4
0.0003368 -0.16 4.4
0.000337 0 4.6
0.0003372 0 4.6
0.0003374 0.08 4.8
0.0003376 0.08 5
0.0003378 0.08 5
0.000338 0.08 4.8
0.0003382 0.16 5
0.0003384 0.16 4.8
0.0003386 0.24 5.2
0.0003388 0.24 5
0.000339 0.24 5.2
0.0003392 0.32 5.2
0.0003394 0.32 5.2
0.0003396 0.4 5.2
0.0003398 0.4 5.2
0.00034 0.4 5.2
0.0003402 0.48 5.4
0.0003404 0.48 5.2
0.0003406 0.56 5.4
0.0003408 0.64 5.4
0.000341 0.56 5.6
0.0003412 0.64 5.6
0.0003414 0.64 5.6
0.0003416 0.72 5.4
0.0003418 0.72 5.4
0.000342 0.72 5.6
0.0003422 0.72 5.6
0.0003424 0.72 5.6
0.0003426 0.8 5.6
0.0003428 0.8 5.6
0.000343 0.88 5.6
0.0003432 0.88 5.6
0.0003434 0.88 5.6
0.0003436 0.88 5.4
0.0003438 0.96 5.6
0.000344 0.88 5.6
0.0003442 1.04 5.6
0.0003444 1.04 5.6
0.0003446 1.04 5.6
0.0003448 1.04 5.6
0.000345 1.04 5.4
0.0003452 1.12 5.6
0.0003454 1.12 5.4
0.0003456 1.12 5.4
0.0003458 1.2 5.4
0.000346 1.2 5.4
0.0003462 1.2 5.2
0.0003464 1.2 5.2
0.0003466 1.28 5
0.0003468 1.2 5
0.000347 1.28 5
0.0003472 1.36 5
0.0003474 1.28 5
0.0003476 1.36 5.2
0.0003478 1.36 4.8
0.000348 1.36 4.8
0.0003482 1.36 4.8
0.0003484 1.36 4.8
0.0003486 1.52 4.8
0.0003488 1.36 4.6
0.000349 1.44 4.6
0.0003492 1.52 4.4
0.0003494 1.52 4.4
0.0003496 1.52 4.4
0.0003498 1.52 4.2
0.00035 1.52 4.2
0.0003502 1.52 4.2
0.0003504 1.52 4.2
0.0003506 1.52 4
0.0003508 1.52 4
0.000351 1.52 4
0.0003512 1.52 4
0.0003514 1.52 3.6
0.0003516 1.6 3.6
0.0003518 1.52 3.6
0.000352 1.52 3.4
0.0003522 1.6 3.4
0.0003524 1.52 3.4
0.0003526 1.6 3.2
0.0003528 1.52 3.2
0.000353 1.52 3.2
0.0003532 1.6 3
0.0003534 1.52 2.8
0.0003536 1.52 2.8
0.0003538 1.6 2.6
0.000354 1.6 2.6
0.0003542 1.6 2.4
0.0003544 1.6 2.4
0.0003546 1.6 2.4
0.0003548 1.52 2.4
0.000355 1.6 2
0.0003552 1.52 2
0.0003554 1.6 1.8
0.0003556 1.52 1.8
0.0003558 1.52 1.8
0.000356 1.52 1.8
0.0003562 1.52 1.6
0.0003564 1.52 1.6
0.0003566 1.52 1.2
0.0003568 1.52 1.2
0.000357 1.52 1
0.0003572 1.52 1
0.0003574 1.52 0.8
0.0003576 1.52 0.8
0.0003578 1.44 0.8
0.000358 1.44 0.6
0.0003582 1.36 0.4
0.0003584 1.36 0.2
0.0003586 1.36 0.2
0.0003588 1.36 0.2
0.000359 1.36 0
0.0003592 1.28 -0.4
0.0003594 1.28 0
0.0003596 1.36 -0.4
0.0003598 1.28 -0.6
0.00036 1.28 -0.6
0.0003602 1.28 -0.8
0.0003604 1.2 -0.8
0.0003606 1.2 -0.8
0.0003608 1.2 -1
0.000361 1.2 -1.2
0.0003612 1.2 -1.2
0.0003614 1.2 -1.4
0.0003616 1.2 -1.6
0.0003618 1.12 -1.6
0.000362 1.04 -1.6
0.0003622 1.04 -1.8
0.0003624 1.04 -2
0.0003626 1.04 -2.2
0.0003628 1.04 -2.2
0.000363 0.96 -2.4
0.0003632 0.96 -2.4
0.0003634 0.96 -2.4
0.0003636 0.88 -2.6
0.0003638 0.88 -2.6
0.000364 0.88 -2.8
0.0003642 0.8 -3
0.0003644 0.72 -3
0.0003646 0.72 -3.2
0.0003648 0.72 -3.2
0.000365 0.72 -3.2
0.0003652 0.72 -3.2
0.0003654 0.64 -3.4
0.0003656 0.64 -3.4
0.0003658 0.56 -3.6
0.000366 0.56 -3.8
0.0003662 0.56 -3.8
0.0003664 0.56 -4
0.0003666 0.48 -4
0.0003668 0.4 -4
0.000367 0.4 -4.2
0.0003672 0.4 -4
0.0003674 0.32 -4.4
0.0003676 0.32 -4.6
0.0003678 0.32 -4.4
0.000368 0.24 -4.6
0.0003682 0.24 -4.6
0.0003684 0.24 -4.8
0.0003686 0.24 -4.8
0.0003688 0.16 -5
0.000369 0.08 -5
0.0003692 0.08 -5
0.0003694 0.08 -5.2
0.0003696 0 -5.2
0.0003698 0 -5.2
0.00037 -0.16 -5.2
0.0003702 0 -5.2
0.0003704 -0.16 -5.4
0.0003706 -0.16 -5.4
0.0003708 -0.16 -5.6
0.000371 -0.24 -5.8
0.0003712 -0.32 -5.8
0.0003714 -0.32 -5.8
0.0003716 -0.4 -5.8
0.0003718 -0.4 -5.8
0.000372 -0.4 -5.8
0.0003722 -0.48 -5.8
0.0003724 -0.48 -5.8
0.0003726 -0.48 -6.2
0.0003728 -0.48 -6
0.000373 -0.48 -6.2
0.0003732 -0.64 -6
0.0003734 -0.64 -6
0.0003736 -0.64 -6.2
0.0003738 -0.64 -6
0.000374 -0.72 -6.2
0.0003742 -0.72 -6.4
0.0003744 -0.8 -6.2
0.0003746 -0.8 -6.4
0.0003748 -0.8 -6.2
0.000375 -0.88 -6.2
0.0003752 -0.88 -6
0.0003754 -0.96 -6.2
0.0003756 -0.96 -6.4
0.0003758 -0.96 -6.4
0.000376 -1.04 -6.4
0.0003762 -0.96 -6.4
0.0003764 -1.12 -6.2
0.0003766 -1.12 -6.2
0.0003768 -1.12 -6.2
0.000377 -1.12 -6.2
0.0003772 -1.12 -6.2
0.0003774 -1.12 -6.4
0.0003776 -1.12 -6.4
0.0003778 -1.12 -6.4
0.000378 -1.28 -6.4
0.0003782 -1.28 -6.2
0.0003784 -1.28 -6.2
0.0003786 -1.28 -6.2
0.0003788 -1.36 -6.2
0.000379 -1.36 -6.2
0.0003792 -1.36 -6.2
0.0003794 -1.36 -6
0.0003796 -1.36 -6
0.0003798 -1.44 -6
0.00038 -1.44 -5.8
0.0003802 -1.44 -5.8
0.0003804 -1.44 -5.8
0.0003806 -1.44 -5.8
0.0003808 -1.44 -5.8
0.000381 -1.52 -5.8
0.0003812 -1.52 -5.8
0.0003814 -1.6 -5.6
0.0003816 -1.52 -5.6
0.0003818 -1.52 -5.4
0.000382 -1.44 -5.4
0.0003822 -1.6 -5.4
0.0003824 -1.6 -5.4
0.0003826 -1.6 -5.4
0.0003828 -1.68 -5.2
0.000383 -1.68 -5.2
0.0003832 -1.68 -5
0.0003834 -1.6 -4.8
0.0003836 -1.68 -5
0.0003838 -1.68 -4.8
0.000384 -1.68 -4.8
0.0003842 -1.68 -4.8
0.0003844 -1.68 -4.6
0.0003846 -1.68 -4.6
0.0003848 -1.68 -4.6
0.000385 -1.76 -4.4
0.0003852 -1.76 -4.2
0.0003854 -1.76 -4.2
0.0003856 -1.76 -4.2
0.0003858 -1.68 -4
0.000386 -1.76 -4
0.0003862 -1.76 -3.8
0.0003864 -1.76 -3.8
0.0003866 -1.76 -3.8
0.0003868 -1.76 -3.4
0.000387 -1.76 -3.4
0.0003872 -1.76 -3.4
0.0003874 -1.76 -3.4
0.0003876 -1.68 -3.4
0.0003878 -1.76 -3.2
0.000388 -1.68 -3.2
0.0003882 -1.68 -3
0.0003884 -1.76 -2.8
0.0003886 -1.68 -3
0.0003888 -1.68 -2.6
0.000389 -1.68 -2.6
0.0003892 -1.68 -2.6
0.0003894 -1.68 -2.4
0.0003896 -1.6 -2.4
0.0003898 -1.6 -2.2
0.00039 -1.68 -2
0.0003902 -1.68 -1.8
0.0003904 -1.6 -1.8
0.0003906 -1.6 -1.8
0.0003908 -1.6 -1.8
0.000391 -1.6 -1.6
0.0003912 -1.6 -1.4
0.0003914 -1.6 -1.2
0.0003916 -1.52 -1
0.0003918 -1.52 -1
0.000392 -1.52 -1
0.0003922 -1.52 -1
0.0003924 -1.6 -0.8
0.0003926 -1.52 -0.8
0.0003928 -1.44 -0.6
0.000393 -1.44 -0.4
0.0003932 -1.44 0
0.0003934 -1.44 0
0.0003936 -1.44 0
0.0003938 -1.44 0.2
0.000394 -1.36 0.2
0.0003942 -1.36 0.2
0.0003944 -1.36 0.4
0.0003946 -1.28 0.4
0.0003948 -1.28 0.8
0.000395 -1.28 0.8
0.0003952 -1.28 0.8
0.0003954 -1.2 1
0.0003956 -1.2 1
0.0003958 -1.2 1.2
0.000396 -1.12 1.2
0.0003962 -1.12 1.6
0.0003964 -1.12 1.6
0.0003966 -1.12 1.6
0.0003968 -1.12 1.8
0.000397 -1.04 1.8
0.0003972 -1.04 2
0.0003974 -1.04 2
0.0003976 -0.96 2
0.0003978 -0.96 2.2
0.000398 -0.96 2.4
0.0003982 -0.88 2.6
0.0003984 -0.8 2.6
0.0003986 -0.8 2.6
0.0003988 -0.8 2.8
0.000399 -0.8 2.8
0.0003992 -0.8 2.8
0.0003994 -0.72 3
0.0003996 -0.64 3.2
0.0003998 -0.64 3.2
0.0004 -0.64 3.2
0.0004002 -0.64 3.4
0.0004004 -0.56 3.4
0.0004006 -0.56 3.4
0.0004008 -0.48 3.6
0.000401 -0.48 3.8
0.0004012 -0.4 3.8
0.0004014 -0.48 4
0.0004016 -0.4 4
0.0004018 -0.4 4
0.000402 -0.4 4
0.0004022 -0.24 4.2
0.0004024 -0.16 4.2
0.0004026 -0.16 4.2
0.0004028 -0.16 4.4
0.000403 -0.16 4.4
0.0004032 -0.16 4.4
0.0004034 -0.16 4.6
0.0004036 -0.16 4.6
0.0004038 0 4.6
0.000404 0 4.8
0.0004042 0.08 4.8
0.0004044 0.08 4.8
0.0004046 0.08 5
0.0004048 0.24 5
0.000405 0.16 4.8
0.0004052 0.24 5
0.0004054 0.24 5
0.0004056 0.32 5
0.0004058 0.32 5.2
0.000406 0.32 5.4
0.0004062 0.4 5.2
0.0004064 0.4 5.4
0.0004066 0.4 5.4
0.0004068 0.48 5.2
0.000407 0.56 5.2
0.0004072 0.48 5.4
0.0004074 0.56 5.6
0.0004076 0.56 5.4
0.0004078 0.56 5.4
0.000408 0.64 5.6
0.0004082 0.64 5.4
0.0004084 0.64 5.4
0.0004086 0.72 5.4
0.0004088 0.8 5.6
0.000409 0.88 5.6
0.0004092 0.88 5.6
0.0004094 0.8 5.6
0.0004096 0.88 5.6
0.0004098 0.88 5.6
0.00041 0.88 5.4
0.0004102 0.88 5.4
0.0004104 0.96 5.6
0.0004106 0.96 5.6
0.0004108 0.96 5.6
0.000411 0.96 5.6
0.0004112 1.04 5.6
0.0004114 1.04 5.6
0.0004116 1.04 5.4
0.0004118 1.12 5.4
0.000412 1.2 5.4
0.0004122 1.2 5.2
0.0004124 1.2 5.4
0.0004126 1.2 5.4
0.0004128 1.2 5.4
0.000413 1.28 5.4
0.0004132 1.28 5.2
0.0004134 1.28 5.2
0.0004136 1.36 5
0.0004138 1.28 5
0.000414 1.36 4.8
0.0004142 1.36 5
0.0004144 1.36 5
0.0004146 1.36 5
0.0004148 1.36 4.8
0.000415 1.36 4.8
0.0004152 1.36 4.6
0.0004154 1.44 4.6
0.0004156 1.44 4.6
0.0004158 1.44 4.6
0.000416 1.52 4.6
0.0004162 1.52 4.4
0.0004164 1.52 4.4
0.0004166 1.52 4.2
0.0004168 1.52 4.2
0.000417 1.52 4.2
0.0004172 1.52 4
0.0004174 1.52 4
0.0004176 1.52 4
0.0004178 1.52 4
0.000418 1.6 3.8
0.0004182 1.52 3.6
0.0004184 1.52 3.4
0.0004186 1.52 3.4
0.0004188 1.52 3.4
0.000419 1.52 3.4
0.0004192 1.6 3.4
0.0004194 1.52 3.2
0.0004196 1.6 3.2
0.0004198 1.52 3.2
0.00042 1.6 2.6
0.0004202 1.52 2.8
0.0004204 1.52 2.6
0.0004206 1.52 2.6
0.0004208 1.52 2.6
0.000421 1.6 2.6
0.0004212 1.52 2.4
0.0004214 1.52 2.4
0.0004216 1.52 2.2
0.0004218 1.52 2
0.000422 1.52 2
0.0004222 1.52 1.8
0.0004224 1.52 1.8
0.0004226 1.6 1.8
0.0004228 1.52 1.6
0.000423 1.52 1.6
0.0004232 1.52 1.4
0.0004234 1.52 1.2
0.0004236 1.52 1
0.0004238 1.52 1
0.000424 1.52 1
0.0004242 1.52 0.8
0.0004244 1.44 0.8
0.0004246 1.44 0.8
0.0004248 1.44 0.6
0.000425 1.36 0.2
0.0004252 1.36 0.2
0.0004254 1.36 0.2
0.0004256 1.36 0
0.0004258 1.36 0
0.000426 1.36 0
0.0004262 1.36 -0.4
0.0004264 1.28 -0.4
0.0004266 1.28 -0.6
0.0004268 1.28 -0.8
0.000427 1.28 -1
0.0004272 1.2 -1
0.0004274 1.2 -1
0.0004276 1.2 -1
0.0004278 1.2 -1.4
0.000428 1.2 -1.4
0.0004282 1.2 -1.4
0.0004284 1.2 -1.6
0.0004286 1.12 -1.8
0.0004288 1.12 -2
0.000429 1.04 -2
0.0004292 1.04 -2
0.0004294 0.96 -2.2
0.0004296 0.96 -2.4
0.0004298 0.96 -2.4
0.00043 0.96 -2.6
0.0004302 0.96 -2.6
0.0004304 0.88 -2.6
0.0004306 0.88 -2.8
0.0004308 0.8 -2.8
0.000431 0.8 -3
0.0004312 0.72 -3
0.0004314 0.8 -3.2
0.0004316 0.72 -3.2
0.0004318 0.72 -3.4
0.000432 0.72 -3.4
0.0004322 0.64 -3.6
0.0004324 0.64 -3.4
0.0004326 0.64 -3.6
0.0004328 0.56 -3.8
0.000433 0.56 -3.8
0.0004332 0.48 -4
0.0004334 0.48 -4
0.0004336 0.4 -4.2
0.0004338 0.4 -4.2
0.000434 0.32 -4.2
0.0004342 0.32 -4.2
0.0004344 0.32 -4.6
0.0004346 0.24 -4.6
0.0004348 0.24 -4.8
0.000435 0.24 -4.8
0.0004352 0.16 -5
0.0004354 0.24 -4.8
0.0004356 0.16 -5
0.0004358 0.08 -5
0.000436 0.08 -5
0.0004362 0.08 -5.2
0.0004364 0 -5.2
0.0004366 -0.16 -5.2
0.0004368 0 -5.4
0.000437 -0.16 -5.6
0.0004372 -0.16 -5.6
0.0004374 -0.16 -5.6
0.0004376 -0.16 -5.4
0.0004378 -0.32 -5.6
0.000438 -0.32 -5.6
0.0004382 -0.32 -5.8
0.0004384 -0.4 -5.8
0.0004386 -0.4 -5.8
0.0004388 -0.48 -5.8
0.000439 -0.48 -6
0.0004392 -0.48 -5.8
0.0004394 -0.48 -6
0.0004396 -0.48 -6
0.0004398 -0.64 -6
0.00044 -0.64 -6
0.0004402 -0.64 -6.2
0.0004404 -0.64 -6.2
0.0004406 -0.72 -6.2
0.0004408 -0.72 -6.2
0.000441 -0.8 -6.2
0.0004412 -0.8 -6.2
0.0004414 -0.8 -6.2
0.0004416 -0.8 -6.2
0.0004418 -0.8 -6.4
0.000442 -0.96 -6.2
0.0004422 -0.88 -6.4
0.0004424 -0.96 -6.2
0.0004426 -0.96 -6.4
0.0004428 -1.04 -6.4
0.000443 -1.04 -6.2
0.0004432 -1.04 -6.2
0.0004434 -1.04 -6.4
0.0004436 -1.12 -6.4
0.0004438 -1.12 -6.4
0.000444 -1.12 -6.2
0.0004442 -1.12 -6.4
0.0004444 -1.12 -6.2
0.0004446 -1.2 -6.2
0.0004448 -1.28 -6.4
0.000445 -1.28 -6.2
0.0004452 -1.28 -6.2
0.0004454 -1.28 -6.2
0.0004456 -1.28 -5.8
0.0004458 -1.36 -6
0.000446 -1.36 -6
0.0004462 -1.36 -6
0.0004464 -1.44 -6
0.0004466 -1.44 -5.8
0.0004468 -1.44 -5.8
0.000447 -1.44 -5.8
0.0004472 -1.44 -5.8
0.0004474 -1.52 -5.8
0.0004476 -1.52 -5.8
0.0004478 -1.44 -5.6
0.000448 -1.52 -5.6
0.0004482 -1.52 -5.6
0.0004484 -1.6 -5.6
0.0004486 -1.6 -5.4
0.0004488 -1.6 -5.4
0.000449 -1.6 -5.4
0.0004492 -1.6 -5.4
0.0004494 -1.6 -5.4
0.0004496 -1.6 -5.2
0.0004498 -1.68 -5.2
0.00045 -1.6 -4.8
0.0004502 -1.6 -4.8
0.0004504 -1.6 -4.8
0.0004506 -1.68 -4.6
0.0004508 -1.68 -4.8
0.000451 -1.68 -4.8
0.0004512 -1.68 -4.6
0.0004514 -1.68 -4.6
0.0004516 -1.76 -4.6
0.0004518 -1.68 -4.4
0.000452 -1.76 -4.2
0.0004522 -1.68 -4.2
0.0004524 -1.68 -4.2
0.0004526 -1.68 -4
0.0004528 -1.76 -4
0.000453 -1.76 -4
0.0004532 -1.68 -3.8
0.0004534 -1.76 -3.6
0.0004536 -1.68 -3.6
0.0004538 -1.68 -3.4
0.000454 -1.76 -3.4
0.0004542 -1.68 -3.4
0.0004544 -1.76 -3.4
0.0004546 -1.76 -3.2
0.0004548 -1.76 -3
0.000455 -1.68 -3
0.0004552 -1.76 -3
0.0004554 -1.68 -2.8
0.0004556 -1.68 -2.6
0.0004558 -1.68 -2.6
0.000456 -1.68 -2.6
0.0004562 -1.68 -2.4
0.0004564 -1.68 -2.4
0.0004566 -1.68 -2
0.0004568 -1.68 -2
0.000457 -1.68 -2
0.0004572 -1.6 -1.6
0.0004574 -1.6 -1.6
0.0004576 -1.6 -1.6
0.0004578 -1.6 -1.4
0.000458 -1.52 -1
0.0004582 -1.6 -1.4
0.0004584 -1.52 -1
0.0004586 -1.6 -0.8
0.0004588 -1.44 -0.8
0.000459 -1.52 -0.8
0.0004592 -1.44 -0.6
0.0004594 -1.44 -0.6
0.0004596 -1.44 -0.6
0.0004598 -1.44 -0.4
0.00046 -1.44 0
0.0004602 -1.44 0
0.0004604 -1.44 0.2
0.0004606 -1.44 0.2
0.0004608 -1.36 0.2
0.000461 -1.36 0.4
0.0004612 -1.36 0.6
0.0004614 -1.36 0.6
0.0004616 -1.28 0.8
0.0004618 -1.28 1
0.000462 -1.28 1
0.0004622 -1.2 1.2
0.0004624 -1.2 1.2
0.0004626 -1.2 1
0.0004628 -1.12 1.4
0.000463 -1.12 1.6
0.0004632 -1.12 1.6
0.0004634 -1.12 1.8
0.0004636 -1.12 1.8
0.0004638 -1.04 2
0.000464 -1.04 2
0.0004642 -1.04 2
0.0004644 -0.96 2
0.0004646 -0.96 2.2
0.0004648 -0.96 2.4
0.000465 -0.8 2.6
0.0004652 -0.88 2.6
0.0004654 -0.8 2.8
0.0004656 -0.8 2.8
0.0004658 -0.8 2.8
0.000466 -0.72 2.8
0.0004662 -0.72 3
0.0004664 -0.72 3.2
0.0004666 -0.64 3.2
0.0004668 -0.64 3.4
0.000467 -0.56 3.4
0.0004672 -0.56 3.4
0.0004674 -0.56 3.6
0.0004676 -0.48 3.6
0.0004678 -0.48 3.8
0.000468 -0.48 3.8
0.0004682 -0.4 4
0.0004684 -0.32 4
0.0004686 -0.32 4
0.0004688 -0.32 4.2
0.000469 -0.32 4.2
0.0004692 -0.32 4
0.0004694 -0.16 4.2
0.0004696 -0.16 4.4
0.0004698 -0.16 4.2
0.00047 -0.16 4.6
0.0004702 0 4.6
0.0004704 0 4.6
0.0004706 0 4.8
0.0004708 0.08 4.8
0.000471 0.08 4.8
0.0004712 0.08 4.8
0.0004714 0.24 4.8
0.0004716 0.24 5
0.0004718 0.24 5.2
0.000472 0.24 5
0.0004722 0.24 5.2
0.0004724 0.24 5
0.0004726 0.24 5
0.0004728 0.32 5.2
0.000473 0.4 5
0.0004732 0.4 5.4
0.0004734 0.4 5.4
0.0004736 0.48 5.4
0.0004738 0.48 5.4
0.000474 0.56 5.4
0.0004742 0.56 5.6
0.0004744 0.64 5.6
0.0004746 0.64 5.4
0.0004748 0.64 5.4
0.000475 0.64 5.6
0.0004752 0.72 5.6
0.0004754 0.72 5.6
0.0004756 0.72 5.6
0.0004758 0.88 5.4
0.000476 0.72 5.2
0.0004762 0.8 5.6
0.0004764 0.88 5.6
0.0004766 0.88 5.6
0.0004768 0.96 5.6
0.000477 0.96 5.6
0.0004772 0.96 5.6
0.0004774 0.96 5.6
0.0004776 1.04 5.6
0.0004778 1.04 5.6
0.000478 1.04 5.6
0.0004782 1.04 5.4
0.0004784 1.12 5.6
0.0004786 1.12 5.4
0.0004788 1.04 5.4
0.000479 1.2 5.2
0.0004792 1.2 5.2
0.0004794 1.2 5.2
0.0004796 1.2 5.2
0.0004798 1.2 5.2
0.00048 1.2 5.4
0.0004802 1.28 5.4
0.0004804 1.28 5.2
0.0004806 1.28 5
0.0004808 1.36 5
0.000481 1.36 5
0.0004812 1.36 4.8
0.0004814 1.36 4.8
0.0004816 1.36 4.8
0.0004818 1.44 4.8
0.000482 1.44 4.8
0.0004822 1.44 4.6
0.0004824 1.36 4.4
0.0004826 1.44 4.4
0.0004828 1.44 4.4
0.000483 1.52 4.4
0.0004832 1.52 4.4
0.0004834 1.52 4.2
0.0004836 1.52 4.2
0.0004838 1.52 4
0.000484 1.52 4
0.0004842 1.52 4
0.0004844 1.6 4
0.0004846 1.52 3.8
0.0004848 1.52 3.8
0.000485 1.52 3.6
0.0004852 1.52 3.6
0.0004854 1.52 3.4
0.0004856 1.52 3.4
0.0004858 1.52 3.4
0.000486 1.6 3.2
0.0004862 1.52 3
0.0004864 1.52 3.2
0.0004866 1.6 2.8
0.0004868 1.52 2.8
0.000487 1.6 2.8
0.0004872 1.6 2.8
0.0004874 1.52 2.6
0.0004876 1.6 2.6
0.0004878 1.6 2.4
0.000488 1.52 2.2
0.0004882 1.52 2.2
0.0004884 1.52 2
0.0004886 1.52 1.8
0.0004888 1.52 1.8
0.000489 1.52 1.8
0.0004892 1.52 1.8
0.0004894 1.52 1.6
0.0004896 1.52 1.6
0.0004898 1.52 1.6
0.00049 1.52 1.4
0.0004902 1.52 1.2
0.0004904 1.44 1.2
0.0004906 1.52 0.8
0.0004908 1.52 1
0.000491 1.44 0.8
0.0004912 1.52 0.8
0.0004914 1.44 0.6
0.0004916 1.36 0.4
0.0004918 1.36 0.4
0.000492 1.36 0.2
0.0004922 1.36 0
0.0004924 1.36 0
0.0004926 1.36 0
0.0004928 1.28 -0.4
0.000493 1.28 -0.4
0.0004932 1.28 -0.6
0.0004934 1.28 -0.6
0.0004936 1.28 -0.8
0.0004938 1.2 -1
0.000494 1.2 -1
0.0004942 1.2 -1
0.0004944 1.2 -1.2
0.0004946 1.2 -1.4
0.0004948 1.2 -1.4
0.000495 1.2 -1.6
0.0004952 1.04 -1.6
0.0004954 1.12 -1.8
0.0004956 1.04 -2
0.0004958 1.04 -2
0.000496 1.04 -2.2
0.0004962 0.96 -2.4
0.0004964 0.96 -2.2
0.0004966 0.88 -2.4
0.0004968 0.96 -2.6
0.000497 0.88 -2.6
0.0004972 0.88 -2.6
0.0004974 0.88 -3
0.0004976 0.8 -3
0.0004978 0.8 -3
0.000498 0.72 -3
0.0004982 0.72 -3.2
0.0004984 0.72 -3.4
0.0004986 0.72 -3.4
0.0004988 0.64 -3.4
0.000499 0.64 -3.8
0.0004992 0.56 -3.6
0.0004994 0.56 -3.8
0.0004996 0.56 -3.8
0.0004998 0.48 -4
0.0005 0.4 -4.2
0.0005002 0.4 -4.2
0.0005004 0.4 -4.2
0.0005006 0.4 -4.4
0.0005008 0.32 -4.4
0.000501 0.32 -4.6
0.0005012 0.24 -4.6
0.0005014 0.24 -4.6
0.0005016 0.24 -4.8
0.0005018 0.24 -4.8
0.000502 0.24 -4.8
0.0005022 0.08 -5
0.0005024 0.16 -5
0.0005026 0.08 -5
0.0005028 0.08 -5
0.000503 0 -5.2
0.0005032 -0.16 -5.4
0.0005034 0 -5.4
0.0005036 0 -5.4
0.0005038 -0.16 -5.6
0.000504 -0.16 -5.6
0.0005042 -0.16 -5.6
0.0005044 -0.24 -5.6
0.0005046 -0.32 -5.6
0.0005048 -0.32 -5.6
0.000505 -0.4 -5.8
0.0005052 -0.4 -5.8
0.0005054 -0.4 -5.8
0.0005056 -0.48 -6
0.0005058 -0.48 -5.8
0.000506 -0.48 -5.8
0.0005062 -0.48 -6
0.0005064 -0.56 -6
0.0005066 -0.56 -6.2
0.0005068 -0.64 -6.2
0.000507 -0.64 -6.2
0.0005072 -0.64 -6.2
0.0005074 -0.72 -6
0.0005076 -0.72 -6.2
0.0005078 -0.72 -6.4
0.000508 -0.8 -6.2
0.0005082 -0.8 -6.2
0.0005084 -0.8 -6.4
0.0005086 -0.96 -6.4
0.0005088 -0.88 -6.2
0.000509 -0.96 -6.4
0.0005092 -0.96 -6.2
0.0005094 -0.96 -6.2
0.0005096 -0.96 -6.2
0.0005098 -1.04 -6.2
0.00051 -1.12 -6.4
0.0005102 -1.12 -6.4
0.0005104 -1.12 -6.4
0.0005106 -1.12 -6.4
0.0005108 -1.12 -6.4
0.000511 -1.12 -6.4
0.0005112 -1.12 -6.2
0.0005114 -1.28 -6.2
0.0005116 -1.28 -6.2
0.0005118 -1.28 -6.4
0.000512 -1.28 -6.2
0.0005122 -1.36 -6
0.0005124 -1.36 -6.2
0.0005126 -1.36 -5.8
0.0005128 -1.36 -6
0.000513 -1.44 -6
0.0005132 -1.36 -5.8
0.0005134 -1.36 -6
0.0005136 -1.44 -6
0.0005138 -1.44 -5.8
0.000514 -1.44 -5.8
0.0005142 -1.44 -5.8
0.0005144 -1.44 -5.6
0.0005146 -1.52 -5.6
0.0005148 -1.52 -5.6
0.000515 -1.6 -5.6
0.0005152 -1.6 -5.6
0.0005154 -1.6 -5.6
0.0005156 -1.6 -5.6
0.0005158 -1.6 -5.4
0.000516 -1.6 -5.2
0.0005162 -1.6 -5.2
0.0005164 -1.6 -5.2
0.0005166 -1.68 -5.2
0.0005168 -1.68 -5
0.000517 -1.68 -5
0.0005172 -1.68 -4.8
0.0005174 -1.76 -4.8
0.0005176 -1.76 -4.6
0.0005178 -1.68 -4.6
0.000518 -1.68 -4.6
0.0005182 -1.76 -4.6
0.0005184 -1.68 -4.6
0.0005186 -1.68 -4.2
0.0005188 -1.68 -4.2
0.000519 -1.76 -4.2
0.0005192 -1.68 -4
0.0005194 -1.76 -3.8
0.0005196 -1.68 -3.8
0.0005198 -1.76 -3.8
0.00052 -1.76 -3.6
0.0005202 -1.76 -3.8
0.0005204 -1.76 -3.6
0.0005206 -1.76 -3.4
0.0005208 -1.68 -3.4
0.000521 -1.76 -3
0.0005212 -1.68 -3.2
0.0005214 -1.68 -3
0.0005216 -1.76 -2.8
0.0005218 -1.76 -3
0.000522 -1.76 -2.8
0.0005222 -1.76 -2.6
0.0005224 -1.76 -2.6
0.0005226 -1.68 -2.4
0.0005228 -1.68 -2.4
0.000523 -1.68 -2.2
0.0005232 -1.6 -2.2
0.0005234 -1.68 -2.2
0.0005236 -1.6 -2
0.0005238 -1.68 -1.6
0.000524 -1.68 -1.8
0.0005242 -1.6 -1.6
0.0005244 -1.6 -1.4
0.0005246 -1.6 -1.4
0.0005248 -1.6 -1.2
0.000525 -1.52 -1
0.0005252 -1.52 -1
0.0005254 -1.52 -1
0.0005256 -1.52 -0.8
0.0005258 -1.52 -0.8
0.000526 -1.44 -0.4
0.0005262 -1.44 -0.4
0.0005264 -1.44 0
0.0005266 -1.44 0
0.0005268 -1.44 0
0.000527 -1.44 0.2
0.0005272 -1.36 0.2
0.0005274 -1.36 0.2
0.0005276 -1.36 0.4
0.0005278 -1.36 0.4
0.000528 -1.36 0.6
0.0005282 -1.28 0.6
0.0005284 -1.28 0.8
0.0005286 -1.28 0.8
0.0005288 -1.28 1
0.000529 -1.2 1.2
0.0005292 -1.12 1.2
0.0005294 -1.12 1.4
0.0005296 -1.12 1.6
0.0005298 -1.12 1.6
0.00053 -1.12 1.6
0.0005302 -1.04 1.8
0.0005304 -1.04 2
0.0005306 -1.04 2
0.0005308 -1.04 2
0.000531 -1.04 2.2
0.0005312 -0.96 2.4
0.0005314 -0.96 2.4
0.0005316 -0.96 2.6
0.0005318 -0.8 2.6
0.000532 -0.8 2.6
0.0005322 -0.8 2.8
0.0005324 -0.8 2.8
0.0005326 -0.72 3
0.0005328 -0.72 3.2
0.000533 -0.72 3.2
0.0005332 -0.64 3.2
0.0005334 -0.56 3.2
0.0005336 -0.64 3.4
0.0005338 -0.48 3.4
0.000534 -0.48 3.8
0.0005342 -0.48 3.6
0.0005344 -0.48 3.6
0.0005346 -0.4 3.8
0.0005348 -0.4 3.8
0.000535 -0.4 4
0.0005352 -0.32 4
0.0005354 -0.32 4
0.0005356 -0.32 4.2
0.0005358 -0.24 4.2
0.000536 -0.32 4.4
0.0005362 -0.16 4.4
0.0005364 -0.16 4.4
0.0005366 -0.16 4.4
0.0005368 0 4.6
0.000537 0 4.6
0.0005372 0 4.8
0.0005374 0.08 4.8
0.0005376 0.08 4.6
0.0005378 0.08 4.8
0.000538 0.08 4.8
0.0005382 0.24 5
0.0005384 0.16 5
0.0005386 0.24 5
0.0005388 0.24 5.2
0.000539 0.32 5.2
0.0005392 0.32 5.2
0.0005394 0.4 5.2
0.0005396 0.32 5.2
0.0005398 0.4 5.2
0.00054 0.48 5.2
0.0005402 0.48 5.4
0.0005404 0.56 5.2
0.0005406 0.56 5.4
0.0005408 0.56 5.6
0.000541 0.64 5.4
0.0005412 0.64 5.4
0.0005414 0.64 5.6
0.0005416 0.64 5.4
0.0005418 0.72 5.6
0.000542 0.72 5.6
0.0005422 0.72 5.6
0.0005424 0.8 5.6
0.0005426 0.88 5.6
0.0005428 0.88 5.4
0.000543 0.88 5.4
0.0005432 0.88 5.6
0.0005434 0.96 5.6
0.0005436 0.96 5.6
0.0005438 0.96 5.6
0.000544 1.04 5.8
0.0005442 1.04 5.6
0.0005444 0.96 5.6
0.0005446 1.04 5.4
0.0005448 1.04 5.4
0.000545 1.04 5.4
0.0005452 1.2 5.6
0.0005454 1.12 5.6
0.0005456 1.2 5.4
0.0005458 1.2 5.2
0.000546 1.2 5.2
0.0005462 1.2 5.2
0.0005464 1.2 5.2
0.0005466 1.28 5.2
0.0005468 1.28 5.2
0.000547 1.28 5.2
0.0005472 1.36 5.2
0.0005474 1.36 5
0.0005476 1.36 5
0.0005478 1.28 4.8
0.000548 1.36 4.8
0.0005482 1.36 4.8
0.0005484 1.36 4.8
0.0005486 1.44 4.8
0.0005488 1.36 4.8
0.000549 1.44 4.6
0.0005492 1.44 4.4
0.0005494 1.44 4.4
0.0005496 1.52 4.4
0.0005498 1.52 4.2
0.00055 1.52 4.2
0.0005502 1.52 4.2
0.0005504 1.52 4.2
0.0005506 1.52 4.2
0.0005508 1.52 4
0.000551 1.52 3.8
0.0005512 1.52 3.6
0.0005514 1.52 3.6
0.0005516 1.52 3.8
0.0005518 1.52 3.6
0.000552 1.52 3.6
0.0005522 1.52 3.4
0.0005524 1.52 3.4
0.0005526 1.6 3.2
0.0005528 1.6 3
0.000553 1.6 3.2
0.0005532 1.52 3
0.0005534 1.6 2.8
0.0005536 1.6 2.8
0.0005538 1.6 2.8
0.000554 1.6 2.6
0.0005542 1.52 2.4
0.0005544 1.52 2.4
0.0005546 1.52 2.4
0.0005548 1.52 2.2
0.000555 1.52 2.2
0.0005552 1.52 2.2
0.0005554 1.52 2
0.0005556 1.52 1.8
0.0005558 1.52 1.6
0.000556 1.52 1.6
0.0005562 1.52 1.4
0.0005564 1.52 1.2
0.0005566 1.52 1.2
0.0005568 1.52 1.2
0.000557 1.52 1.2
0.0005572 1.44 1
0.0005574 1.52 1
0.0005576 1.52 0.8
0.0005578 1.44 0.6
0.000558 1.44 0.6
0.0005582 1.44 0.4
0.0005584 1.36 0.4
0.0005586 1.36 0.4
0.0005588 1.36 0
0.000559 1.36 0.2
0.0005592 1.28 0
0.0005594 1.28 -0.6
0.0005596 1.28 -0.4
0.0005598 1.28 -0.8
0.00056 1.28 -0.6
0.0005602 1.28 -0.6
0.0005604 1.2 -0.8
0.0005606 1.2 -1
0.0005608 1.2 -1
0.000561 1.2 -1.4
0.0005612 1.2 -1.4
0.0005614 1.12 -1.4
0.0005616 1.04 -1.4
0.0005618 1.12 -1.6
0.000562 1.04 -1.6
0.0005622 1.04 -1.8
0.0005624 1.04 -2
0.0005626 0.96 -2.2
0.0005628 1.04 -2.2
0.000563 0.96 -2.4
0.0005632 0.96 -2.4
0.0005634 0.96 -2.4
0.0005636 0.96 -2.4
0.0005638 0.88 -2.6
0.000564 0.88 -3
0.0005642 0.8 -3
0.0005644 0.72 -3.2
0.0005646 0.8 -3.2
0.0005648 0.72 -3.2
0.000565 0.72 -3.4
0.0005652 0.72 -3.2
0.0005654 0.64 -3.4
0.0005656 0.64 -3.4
0.0005658 0.56 -3.6
0.000566 0.56 -3.8
0.0005662 0.56 -3.8
0.0005664 0.56 -4
0.0005666 0.4 -4
0.0005668 0.4 -4
0.000567 0.4 -4.2
0.0005672 0.4 -4.2
0.0005674 0.4 -4.4
0.0005676 0.32 -4.4
0.0005678 0.32 -4.6
0.000568 0.24 -4.6
0.0005682 0.24 -4.6
0.0005684 0.24 -4.8
0.0005686 0.24 -4.8
0.0005688 0.24 -4.8
0.000569 0.16 -5.2
0.0005692 0.08 -5
0.0005694 0 -5
0.0005696 0 -5
0.0005698 0 -5.2
0.00057 0 -5.2
0.0005702 -0.16 -5.2
0.0005704 -0.16 -5.4
0.0005706 -0.16 -5.4
0.0005708 -0.16 -5.6
0.000571 -0.24 -5.6
0.0005712 -0.32 -5.8
0.0005714 -0.32 -5.8
0.0005716 -0.32 -5.8
0.0005718 -0.4 -5.8
0.000572 -0.4 -5.8
0.0005722 -0.4 -5.8
0.0005724 -0.4 -5.8
0.0005726 -0.48 -6
0.0005728 -0.48 -6
0.000573 -0.56 -6.2
0.0005732 -0.48 -5.8
0.0005734 -0.64 -6
0.0005736 -0.64 -6
0.0005738 -0.72 -6.2
0.000574 -0.72 -6.4
0.0005742 -0.72 -6.2
0.0005744 -0.72 -6.2
0.0005746 -0.8 -6.2
0.0005748 -0.8 -6.4
0.000575 -0.8 -6.2
0.0005752 -0.8 -6.4
0.0005754 -0.96 -6.2
0.0005756 -0.96 -6.4
0.0005758 -0.96 -6.4
0.000576 -0.96 -6.4
0.0005762 -1.04 -6.4
0.0005764 -1.04 -6.4
0.0005766 -1.04 -6.2
0.0005768 -1.12 -6.4
0.000577 -1.12 -6.4
0.0005772 -1.12 -6.4
0.0005774 -1.12 -6.4
0.0005776 -1.12 -6.2
0.0005778 -1.2 -6.2
0.000578 -1.28 -6.4
0.0005782 -1.2 -6.2
0.0005784 -1.28 -6.2
0.0005786 -1.28 -6.2
0.0005788 -1.36 -6.2
0.000579 -1.36 -6.2
0.0005792 -1.36 -6.2
0.0005794 -1.36 -6
0.0005796 -1.44 -6
0.0005798 -1.36 -6
0.00058 -1.44 -6
0.0005802 -1.44 -6
0.0005804 -1.44 -5.8
0.0005806 -1.44 -5.8
0.0005808 -1.44 -5.8
0.000581 -1.44 -5.6
0.0005812 -1.6 -5.6
0.0005814 -1.52 -5.8
0.0005816 -1.52 -5.6
0.0005818 -1.6 -5.6
0.000582 -1.6 -5.4
0.0005822 -1.6 -5.6
0.0005824 -1.6 -5.4
0.0005826 -1.6 -5.2
0.0005828 -1.6 -5
0.000583 -1.68 -5.2
0.0005832 -1.6 -5
0.0005834 -1.6 -5.2
0.0005836 -1.68 -5
0.0005838 -1.68 -4.8
0.000584 -1.68 -5
0.0005842 -1.68 -4.8
0.0005844 -1.76 -4.8
0.0005846 -1.76 -4.6
0.0005848 -1.76 -4.4
0.000585 -1.76 -4.4
0.0005852 -1.76 -4.4
0.0005854 -1.76 -4.2
0.0005856 -1.76 -4.2
0.0005858 -1.76 -4
0.000586 -1.76 -3.8
0.0005862 -1.76 -4
0.0005864 -1.76 -3.8
0.0005866 -1.68 -3.8
0.0005868 -1.76 -3.8
0.000587 -1.76 -3.6
0.0005872 -1.76 -3.4
0.0005874 -1.76 -3.4
0.0005876 -1.76 -3.2
0.0005878 -1.68 -3.2
0.000588 -1.68 -3.2
0.0005882 -1.76 -3
0.0005884 -1.76 -2.8
0.0005886 -1.76 -2.8
0.0005888 -1.68 -2.6
0.000589 -1.68 -2.6
0.0005892 -1.68 -2.4
0.0005894 -1.68 -2.4
0.0005896 -1.68 -2.4
0.0005898 -1.6 -2.2
0.00059 -1.68 -2.2
0.0005902 -1.68 -2
0.0005904 -1.68 -1.8
0.0005906 -1.6 -1.8
0.0005908 -1.68 -1.6
0.000591 -1.6 -1.4
0.0005912 -1.6 -1.4
0.0005914 -1.6 -1.2
0.0005916 -1.6 -1.2
0.0005918 -1.6 -1.2
0.000592 -1.52 -1
0.0005922 -1.52 -1
0.0005924 -1.6 -0.8
0.0005926 -1.44 -0.6
0.0005928 -1.44 -0.4
0.000593 -1.44 -0.4
0.0005932 -1.44 0
0.0005934 -1.44 0
0.0005936 -1.44 0
0.0005938 -1.44 0.2
0.000594 -1.36 0.2
0.0005942 -1.36 0.4
0.0005944 -1.36 0.4
0.0005946 -1.28 0.6
0.0005948 -1.28 0.8
0.000595 -1.28 0.8
0.0005952 -1.28 0.8
0.0005954 -1.28 1
0.0005956 -1.12 1
0.0005958 -1.28 1.2
0.000596 -1.12 1.6
0.0005962 -1.12 1.4
0.0005964 -1.12 1.6
0.0005966 -1.12 1.8
0.0005968 -1.04 1.6
0.000597 -1.04 1.8
0.0005972 -1.04 2
0.0005974 -1.04 2
0.0005976 -0.96 2.2
0.0005978 -0.96 2.4
0.000598 -0.96 2.6
0.0005982 -0.96 2.4
0.0005984 -0.88 2.6
0.0005986 -0.8 2.6
0.0005988 -0.8 2.8
0.000599 -0.72 2.6
0.0005992 -0.72 2.8
0.0005994 -0.72 3
0.0005996 -0.72 3.2
0.0005998 -0.64 3.2
0.0006 -0.64 3.2
0.0006002 -0.64 3.2
0.0006004 -0.56 3.4
0.0006006 -0.48 3.4
0.0006008 -0.48 3.6
0.000601 -0.48 3.8
0.0006012 -0.48 4
0.0006014 -0.48 4
0.0006016 -0.4 3.8
0.0006018 -0.48 4
0.000602 -0.4 4
0.0006022 -0.32 4
0.0006024 -0.32 4
0.0006026 -0.24 4.2
0.0006028 -0.16 4.4
0.000603 -0.16 4.4
0.0006032 -0.16 4.4
0.0006034 -0.16 4.6
0.0006036 0.08 4.4
0.0006038 0 4.6
0.000604 0.08 4.6
0.0006042 0.08 4.8
0.0006044 0.08 5
0.0006046 0.16 4.8
0.0006048 0.24 5
0.000605 0.16 5
0.0006052 0.24 5
0.0006054 0.24 5.2
0.0006056 0.24 5
0.0006058 0.24 5.2
0.000606 0.32 5.4
0.0006062 0.4 5.4
0.0006064 0.4 5.4
0.0006066 0.4 5.2
0.0006068 0.4 5.2
0.000607 0.4 5.2
0.0006072 0.56 5.2
0.0006074 0.56 5.4
0.0006076 0.56 5.4
0.0006078 0.64 5.8
0.000608 0.64 5.6
0.0006082 0.64 5.6
0.0006084 0.72 5.6
0.0006086 0.72 5.4
0.0006088 0.8 5.6
0.000609 0.72 5.4
0.0006092 0.8 5.6
0.0006094 0.88 5.8
0.0006096 0.88 5.6
0.0006098 0.88 5.6
0.00061 0.88 5.6
0.0006102 0.88 5.6
0.0006104 0.96 5.6
0.0006106 0.96 5.6
0.0006108 0.96 5.6
0.000611 1.04 5.6
0.0006112 1.04 5.6
0.0006114 1.04 5.6
0.0006116 1.04 5.4
0.0006118 1.12 5.4
0.000612 1.2 5.6
0.0006122 1.2 5.4
0.0006124 1.2 5.6
0.0006126 1.2 5.2
0.0006128 1.2 5.4
0.000613 1.2 5.2
0.0006132 1.28 5.2
0.0006134 1.28 5.2
0.0006136 1.28 5
0.0006138 1.28 5
0.000614 1.28 5
0.0006142 1.36 5
0.0006144 1.36 5
0.0006146 1.36 4.8
0.0006148 1.36 5
0.000615 1.36 4.8
0.0006152 1.36 4.8
0.0006154 1.44 4.6
0.0006156 1.44 4.6
0.0006158 1.52 4.6
0.000616 1.44 4.4
0.0006162 1.52 4.4
0.0006164 1.52 4.4
0.0006166 1.52 4.2
0.0006168 1.52 4.2
0.000617 1.44 4.2
0.0006172 1.52 4.2
0.0006174 1.52 4
0.0006176 1.52 4
0.0006178 1.52 4
0.000618 1.52 3.8
0.0006182 1.52 3.8
0.0006184 1.52 3.8
0.0006186 1.52 3.6
0.0006188 1.52 3.4
0.000619 1.6 3.4
0.0006192 1.52 3.4
0.0006194 1.6 3.2
0.0006196 1.52 3.2
0.0006198 1.6 3
0.00062 1.52 3
0.0006202 1.52 2.8
0.0006204 1.6 2.8
0.0006206 1.6 2.6
0.0006208 1.52 2.6
0.000621 1.52 2.4
0.0006212 1.52 2.4
0.0006214 1.52 2.4
0.0006216 1.52 2.4
0.0006218 1.52 2
0.000622 1.52 2
0.0006222 1.52 2
0.0006224 1.52 1.8
0.0006226 1.52 1.8
0.0006228 1.52 1.6
0.000623 1.52 1.6
0.0006232 1.52 1.2
0.0006234 1.52 1.4
0.0006236 1.52 1.2
0.0006238 1.52 1
0.000624 1.52 0.8
0.0006242 1.52 0.8
0.0006244 1.44 0.6
0.0006246 1.52 0.6
0.0006248 1.44 0.6
0.000625 1.36 0.4
0.0006252 1.36 0.2
0.0006254 1.36 0.2
0.0006256 1.36 0
0.0006258 1.36 0
0.000626 1.28 -0.4
0.0006262 1.28 -0.4
0.0006264 1.28 -0.6
0.0006266 1.28 -0.8
0.0006268 1.28 -0.8
0.000627 1.28 -0.8
0.0006272 1.28 -0.8
0.0006274 1.2 -1
0.0006276 1.2 -1
0.0006278 1.2 -1.4
0.000628 1.2 -1.4
0.0006282 1.2 -1.6
0.0006284 1.12 -1.6
0.0006286 1.12 -1.8
0.0006288 1.04 -2
0.000629 1.04 -1.8
0.0006292 1.04 -2
0.0006294 1.04 -2.2
0.0006296 1.04 -2.4
0.0006298 0.96 -2.4
0.00063 0.88 -2.6
0.0006302 0.96 -2.4
0.0006304 0.88 -2.6
0.0006306 0.88 -2.8
0.0006308 0.88 -2.8
0.000631 0.8 -3
0.0006312 0.72 -3.2
0.0006314 0.72 -3.2
0.0006316 0.72 -3.4
0.0006318 0.64 -3.2
0.000632 0.64 -3.4
0.0006322 0.64 -3.4
0.0006324 0.56 -3.4
0.0006326 0.56 -3.8
0.0006328 0.56 -4
0.000633 0.56 -3.8
0.0006332 0.56 -4
0.0006334 0.48 -4
0.0006336 0.4 -4.2
0.0006338 0.4 -4.2
0.000634 0.4 -4.2
0.0006342 0.32 -4.4
0.0006344 0.32 -4.6
0.0006346 0.24 -4.6
0.0006348 0.24 -4.8
0.000635 0.24 -4.8
0.0006352 0.24 -4.8
0.0006354 0.16 -4.8
0.0006356 0.24 -4.8
0.0006358 0.08 -4.8
0.000636 0.08 -5
0.0006362 0.08 -5.4
0.0006364 0 -5.4
0.0006366 -0.16 -5.4
0.0006368 0 -5.4
0.000637 -0.16 -5.4
0.0006372 -0.16 -5.4
0.0006374 -0.16 -5.4
0.0006376 -0.24 -5.6
0.0006378 -0.32 -5.6
0.000638 -0.24 -5.6
0.0006382 -0.4 -5.8
0.0006384 -0.32 -5.8
0.0006386 -0.4 -5.8
0.0006388 -0.4 -5.8
0.000639 -0.48 -5.8
0.0006392 -0.48 -6
0.0006394 -0.48 -6.2
0.0006396 -0.48 -6
0.0006398 -0.64 -6.2
0.00064 -0.64 -6
0.0006402 -0.64 -6
0.0006404 -0.72 -6
0.0006406 -0.72 -6.2
0.0006408 -0.72 -6.2
0.000641 -0.8 -6.4
0.0006412 -0.72 -6.4
0.0006414 -0.8 -6.2
0.0006416 -0.8 -6.4
0.0006418 -0.8 -6.2
0.000642 -0.88 -6.2
0.0006422 -0.88 -6.4
0.0006424 -0.96 -6.2
0.0006426 -0.96 -6.4
0.0006428 -1.04 -6.4
0.000643 -1.04 -6.6
0.0006432 -1.04 -6.4
0.0006434 -1.04 -6.2
0.0006436 -1.12 -6.2
0.0006438 -1.12 -6.4
0.000644 -1.12 -6.2
0.0006442 -1.12 -6.2
0.0006444 -1.12 -6.2
0.0006446 -1.2 -6.2
0.0006448 -1.28 -6.2
0.000645 -1.28 -6
0.0006452 -1.28 -6
0.0006454 -1.28 -6.2
0.0006456 -1.28 -6
0.0006458 -1.36 -6.2
0.000646 -1.36 -6.2
0.0006462 -1.36 -6
0.0006464 -1.44 -6
0.0006466 -1.44 -5.8
0.0006468 -1.44 -5.8
0.000647 -1.44 -5.8
0.0006472 -1.44 -5.8
0.0006474 -1.44 -5.8
0.0006476 -1.44 -5.8
0.0006478 -1.44 -5.8
0.000648 -1.52 -5.6
0.0006482 -1.52 -5.6
0.0006484 -1.44 -5.6
0.0006486 -1.6 -5.4
0.0006488 -1.6 -5.4
0.000649 -1.6 -5.4
0.0006492 -1.6 -5.4
0.0006494 -1.6 -5.4
0.0006496 -1.68 -5.2
0.0006498 -1.68 -5
0.00065 -1.68 -5
0.0006502 -1.68 -4.8
0.0006504 -1.68 -5
0.0006506 -1.68 -4.8
0.0006508 -1.68 -4.8
0.000651 -1.68 -4.8
0.0006512 -1.68 -4.6
0.0006514 -1.76 -4.6
0.0006516 -1.68 -4.4
0.0006518 -1.68 -4.4
0.000652 -1.68 -4.2
0.0006522 -1.68 -4.2
0.0006524 -1.68 -4
0.0006526 -1.68 -4.2
0.0006528 -1.68 -4
0.000653 -1.68 -4
0.0006532 -1.76 -4
0.0006534 -1.76 -3.6
0.0006536 -1.68 -3.6
0.0006538 -1.76 -3.4
0.000654 -1.76 -3.4
0.0006542 -1.76 -3.4
0.0006544 -1.68 -3.4
0.0006546 -1.76 -3
0.0006548 -1.68 -3
0.000655 -1.68 -3
0.0006552 -1.68 -2.8
0.0006554 -1.68 -2.6
0.0006556 -1.68 -2.6
0.0006558 -1.68 -2.6
0.000656 -1.68 -2.6
0.0006562 -1.68 -2.4
0.0006564 -1.68 -2.2
0.0006566 -1.68 -2.2
0.0006568 -1.68 -2
0.000657 -1.68 -1.8
0.0006572 -1.6 -1.8
0.0006574 -1.68 -1.6
0.0006576 -1.6 -1.6
0.0006578 -1.6 -1.6
0.000658 -1.6 -1.4
0.0006582 -1.6 -1.2
0.0006584 -1.6 -1.2
0.0006586 -1.52 -1
0.0006588 -1.44 -1
0.000659 -1.44 -0.8
0.0006592 -1.44 -0.6
0.0006594 -1.52 -0.6
0.0006596 -1.44 -0.6
0.0006598 -1.44 -0.4
0.00066 -1.44 0
0.0006602 -1.44 0
0.0006604 -1.44 0.2
0.0006606 -1.36 0.2
0.0006608 -1.36 0.2
0.000661 -1.36 0.4
0.0006612 -1.28 0.4
0.0006614 -1.36 0.8
0.0006616 -1.28 0.8
0.0006618 -1.28 0.8
0.000662 -1.28 1
0.0006622 -1.28 1
0.0006624 -1.12 1.2
0.0006626 -1.2 1.2
0.0006628 -1.12 1.2
0.000663 -1.12 1.6
0.0006632 -1.12 1.6
0.0006634 -1.12 1.6
0.0006636 -1.12 1.8
0.0006638 -1.04 2
0.000664 -1.04 2
0.0006642 -0.96 2.2
0.0006644 -0.96 2.4
0.0006646 -0.96 2.4
0.0006648 -0.96 2.4
0.000665 -0.8 2.6
0.0006652 -0.8 2.6
0.0006654 -0.8 2.8
0.0006656 -0.8 2.8
0.0006658 -0.8 2.8
0.000666 -0.72 3.2
0.0006662 -0.72 3.2
0.0006664 -0.64 3.2
0.0006666 -0.64 3.2
0.0006668 -0.64 3.2
0.000667 -0.64 3.2
0.0006672 -0.56 3.4
0.0006674 -0.56 3.4
0.0006676 -0.48 3.6
0.0006678 -0.48 3.6
0.000668 -0.48 3.8
0.0006682 -0.4 3.8
0.0006684 -0.4 4
0.0006686 -0.32 4
0.0006688 -0.32 4
0.000669 -0.32 4.2
0.0006692 -0.32 4.2
0.0006694 -0.24 4.4
0.0006696 -0.16 4.4
0.0006698 -0.16 4.4
0.00067 -0.16 4.6
0.0006702 -0.16 4.6
0.0006704 0 4.6
0.0006706 0 4.6
0.0006708 0.08 4.8
0.000671 0.08 4.8
0.0006712 0.16 4.8
0.0006714 0.16 5
0.0006716 0.16 5
0.0006718 0.24 5
0.000672 0.24 5
0.0006722 0.24 5
0.0006724 0.32 5
0.0006726 0.32 5.2
0.0006728 0.32 5.2
0.000673 0.32 5.2
0.0006732 0.4 5.4
0.0006734 0.4 5.4
0.0006736 0.48 5.4
0.0006738 0.56 5.2
0.000674 0.56 5.4
0.0006742 0.56 5.2
0.0006744 0.56 5.6
0.0006746 0.56 5.6
0.0006748 0.64 5.6
0.000675 0.64 5.6
0.0006752 0.72 5.6
0.0006754 0.72 5.6
0.0006756 0.72 5.6
0.0006758 0.72 5.6
0.000676 0.88 5.6
0.0006762 0.8 5.6
0.0006764 0.88 5.6
0.0006766 0.96 5.6
0.0006768 0.88 5.6
0.000677 0.96 5.6
0.0006772 0.96 5.6
0.0006774 0.96 5.6
0.0006776 1.04 5.6
0.0006778 1.04 5.6
0.000678 1.04 5.4
0.0006782 1.04 5.6
0.0006784 1.12 5.4
0.0006786 1.12 5.4
0.0006788 1.12 5.4
0.000679 1.2 5.2
0.0006792 1.2 5.4
0.0006794 1.2 5.4
0.0006796 1.2 5.2
0.0006798 1.2 5.4
0.00068 1.2 5.2
0.0006802 1.28 5
0.0006804 1.28 5
0.0006806 1.28 5
0.0006808 1.28 5
0.000681 1.28 5
0.0006812 1.36 5
0.0006814 1.36 4.8
0.0006816 1.36 5
0.0006818 1.44 4.8
0.000682 1.36 4.6
0.0006822 1.52 4.6
0.0006824 1.44 4.4
0.0006826 1.44 4.4
0.0006828 1.52 4.4
0.000683 1.44 4.4
0.0006832 1.52 4.4
0.0006834 1.52 4.2
0.0006836 1.52 4.2
0.0006838 1.52 4.2
0.000684 1.52 4
0.0006842 1.52 4
0.0006844 1.52 4
0.0006846 1.52 3.8
0.0006848 1.52 3.8
0.000685 1.52 3.6
0.0006852 1.52 3.4
0.0006854 1.52 3.2
0.0006856 1.6 3.4
0.0006858 1.6 3.2
0.000686 1.52 3.2
0.0006862 1.52 3.2
0.0006864 1.52 3.2
0.0006866 1.6 3
0.0006868 1.6 2.8
0.000687 1.52 2.6
0.0006872 1.6 2.6
0.0006874 1.52 2.4
0.0006876 1.52 2.6
0.0006878 1.6 2.6
0.000688 1.52 2.4
0.0006882 1.52 2.2
0.0006884 1.6 2
0.0006886 1.52 2
0.0006888 1.52 2
0.000689 1.52 1.8
0.0006892 1.52 1.8
0.0006894 1.52 1.8
0.0006896 1.52 1.6
0.0006898 1.52 1.4
0.00069 1.52 1.2
0.0006902 1.44 1.2
0.0006904 1.52 1
0.0006906 1.52 1
0.0006908 1.52 0.8
0.000691 1.44 0.8
0.0006912 1.44 0.8
0.0006914 1.36 0.8
0.0006916 1.36 0.4
0.0006918 1.36 0.4
0.000692 1.36 0
0.0006922 1.36 0.2
0.0006924 1.36 0
0.0006926 1.28 0
0.0006928 1.28 -0.4
0.000693 1.28 -0.4
0.0006932 1.28 -0.6
0.0006934 1.28 -0.8
0.0006936 1.28 -0.8
0.0006938 1.28 -1
0.000694 1.2 -1
0.0006942 1.2 -1
0.0006944 1.2 -1.2
0.0006946 1.2 -1.4
0.0006948 1.2 -1.4
0.000695 1.2 -1.6
0.0006952 1.12 -1.6
0.0006954 1.04 -1.8
0.0006956 1.04 -1.8
0.0006958 1.04 -2
0.000696 1.04 -2
0.0006962 1.04 -2.2
0.0006964 0.96 -2.2
0.0006966 0.96 -2.4
0.0006968 0.88 -2.6
0.000697 0.88 -2.6
0.0006972 0.88 -2.8
0.0006974 0.88 -3
0.0006976 0.8 -3
0.0006978 0.8 -2.8
0.000698 0.8 -3.2
0.0006982 0.72 -3.2
0.0006984 0.72 -3.2
0.0006986 0.72 -3.4
0.0006988 0.64 -3.4
0.000699 0.64 -3.6
0.0006992 0.56 -3.6
0.0006994 0.56 -3.6
0.0006996 0.56 -4
0.0006998 0.56 -4
0.0007 0.48 -4.2
0.0007002 0.4 -4.2
0.0007004 0.4 -4.2
0.0007006 0.4 -4.2
0.0007008 0.32 -4.2
0.000701 0.32 -4.4
0.0007012 0.32 -4.4
0.0007014 0.24 -4.6
0.0007016 0.24 -4.8
0.0007018 0.24 -4.8
0.000702 0.24 -4.8
0.0007022 0.24 -4.8
0.0007024 0.16 -5
0.0007026 0.08 -5
0.0007028 0.08 -5
0.000703 0 -5
0.0007032 -0.16 -5.2
0.0007034 0 -5.4
0.0007036 0 -5.4
0.0007038 -0.16 -5.4
0.000704 -0.16 -5.6
0.0007042 -0.16 -5.6
0.0007044 -0.16 -5.6
0.0007046 -0.24 -5.6
0.0007048 -0.32 -5.8
0.000705 -0.32 -5.8
0.0007052 -0.4 -5.8
0.0007054 -0.4 -5.8
0.0007056 -0.4 -5.8
0.0007058 -0.48 -5.8
0.000706 -0.48 -6
0.0007062 -0.48 -5.8
0.0007064 -0.48 -6
0.0007066 -0.64 -6.2
0.0007068 -0.64 -6.2
0.000707 -0.64 -6.2
0.0007072 -0.64 -6.2
0.0007074 -0.72 -6.4
0.0007076 -0.72 -6.2
0.0007078 -0.72 -6.2
0.000708 -0.8 -6.4
0.0007082 -0.8 -6.4
0.0007084 -0.8 -6.4
0.0007086 -0.96 -6.4
0.0007088 -0.96 -6.4
0.000709 -0.96 -6.2
0.0007092 -1.04 -6.4
0.0007094 -1.04 -6.4
0.0007096 -1.04 -6.4
0.0007098 -1.04 -6.4
0.00071 -1.12 -6.4
0.0007102 -1.12 -6.4
0.0007104 -1.12 -6.4
0.0007106 -1.12 -6.4
0.0007108 -1.12 -6.2
0.000711 -1.2 -6.4
0.0007112 -1.28 -6.2
0.0007114 -1.2 -6.2
0.0007116 -1.28 -6.4
0.0007118 -1.28 -6.2
0.000712 -1.28 -6.2
0.0007122 -1.36 -6.2
0.0007124 -1.36 -6.2
0.0007126 -1.36 -6.2
0.0007128 -1.36 -6.2
0.000713 -1.44 -6
0.0007132 -1.36 -6
0.0007134 -1.44 -6
0.0007136 -1.44 -5.8
0.0007138 -1.44 -5.8
0.000714 -1.44 -5.8
0.0007142 -1.44 -5.8
0.0007144 -1.44 -5.8
0.0007146 -1.6 -5.6
0.0007148 -1.52 -5.6
0.000715 -1.6 -5.6
0.0007152 -1.6 -5.6
0.0007154 -1.6 -5.4
0.0007156 -1.6 -5.4
0.0007158 -1.68 -5.2
0.000716 -1.68 -5.2
0.0007162 -1.68 -5.4
0.0007164 -1.68 -5
0.0007166 -1.6 -5
0.0007168 -1.68 -5
0.000717 -1.68 -5
0.0007172 -1.68 -5
0.0007174 -1.68 -4.8
0.0007176 -1.68 -4.6
0.0007178 -1.68 -4.6
0.000718 -1.68 -4.6
0.0007182 -1.68 -4.6
0.0007184 -1.76 -4.6
0.0007186 -1.68 -4.2
0.0007188 -1.68 -4.2
0.000719 -1.68 -4.2
0.0007192 -1.76 -4
0.0007194 -1.76 -4
0.0007196 -1.76 -4
0.0007198 -1.68 -3.8
0.00072 -1.76 -3.8
0.0007202 -1.76 -3.4
0.0007204 -1.76 -3.4
0.0007206 -1.76 -3.4
0.0007208 -1.76 -3.2
0.000721 -1.68 -3.2
0.0007212 -1.76 -3.2
0.0007214 -1.68 -3
0.0007216 -1.68 -3.2
0.0007218 -1.76 -2.8
0.000722 -1.68 -2.6
0.0007222 -1.68 -2.6
0.0007224 -1.68 -2.4
0.0007226 -1.68 -2.4
0.0007228 -1.68 -2.4
0.000723 -1.6 -2.2
0.0007232 -1.6 -2.2
0.0007234 -1.68 -2
0.0007236 -1.68 -1.8
0.0007238 -1.6 -1.8
0.000724 -1.6 -1.6
0.0007242 -1.6 -1.6
0.0007244 -1.6 -1.6
0.0007246 -1.6 -1.4
0.0007248 -1.6 -1.2
0.000725 -1.6 -1.2
0.0007252 -1.6 -1
0.0007254 -1.6 -0.8
0.0007256 -1.6 -0.8
0.0007258 -1.52 -0.6
0.000726 -1.44 -0.6
0.0007262 -1.44 -0.6
0.0007264 -1.44 -0.4
0.0007266 -1.44 0
0.0007268 -1.44 0
0.000727 -1.44 0
0.0007272 -1.44 0.2
0.0007274 -1.44 0.4
0.0007276 -1.36 0.4
0.0007278 -1.36 0.4
0.000728 -1.36 0.8
0.0007282 -1.36 0.6
0.0007284 -1.28 0.8
0.0007286 -1.28 1
0.0007288 -1.28 1
0.000729 -1.28 1.2
0.0007292 -1.12 1.2
0.0007294 -1.12 1.2
0.0007296 -1.12 1.4
0.0007298 -1.12 1.6
0.00073 -1.12 1.6
0.0007302 -1.12 1.8
0.0007304 -1.04 2
0.0007306 -1.04 2
0.0007308 -1.04 2.2
0.000731 -0.96 2.2
0.0007312 -0.96 2.2
0.0007314 -0.96 2.4
0.0007316 -0.96 2.4
0.0007318 -0.8 2.6
0.000732 -0.8 2.6
0.0007322 -0.8 3
0.0007324 -0.8 2.8
0.0007326 -0.72 3
0.0007328 -0.72 2.8
0.000733 -0.72 3.2
0.0007332 -0.64 3.2
0.0007334 -0.64 3.2
0.0007336 -0.64 3.6
0.0007338 -0.64 3.4
0.000734 -0.56 3.6
0.0007342 -0.48 3.6
0.0007344 -0.48 3.6
0.0007346 -0.4 3.6
0.0007348 -0.4 3.6
0.000735 -0.4 4
0.0007352 -0.32 4.2
0.0007354 -0.32 4.2
0.0007356 -0.32 4.2
0.0007358 -0.24 4.2
0.000736 -0.16 4.2
0.0007362 -0.16 4.2
0.0007364 -0.16 4.4
0.0007366 -0.16 4.4
0.0007368 -0.16 4.6
0.000737 0 4.6
0.0007372 0 4.8
0.0007374 0 4.8
0.0007376 0.08 4.8
0.0007378 0.08 4.8
0.000738 0.16 4.8
0.0007382 0.08 4.8
0.0007384 0.24 5
0.0007386 0.24 5.2
0.0007388 0.24 5
0.000739 0.32 5.2
0.0007392 0.32 5.2
0.0007394 0.4 5
0.0007396 0.4 5.2
0.0007398 0.4 5.2
0.00074 0.4 5.2
0.0007402 0.48 5.4
0.0007404 0.48 5.6
0.0007406 0.56 5.2
0.0007408 0.56 5.6
0.000741 0.56 5.4
0.0007412 0.64 5.4
0.0007414 0.64 5.4
0.0007416 0.72 5.4
0.0007418 0.64 5.4
0.000742 0.72 5.6
0.0007422 0.72 5.6
0.0007424 0.8 5.6
0.0007426 0.8 5.6
0.0007428 0.8 5.6
0.000743 0.88 5.6
0.0007432 0.88 5.6
0.0007434 0.96 5.6
0.0007436 0.96 5.6
0.0007438 0.96 5.6
0.000744 0.96 5.6
0.0007442 1.04 5.6
0.0007444 1.04 5.4
0.0007446 1.04 5.4
0.0007448 1.04 5.4
0.000745 1.04 5.4
0.0007452 1.12 5.6
0.0007454 1.2 5.6
0.0007456 1.2 5.4
0.0007458 1.2 5.4
0.000746 1.2 5.4
0.0007462 1.2 5.2
0.0007464 1.2 5.2
0.0007466 1.28 5.2
0.0007468 1.2 5.2
0.000747 1.28 5.2
0.0007472 1.28 5
0.0007474 1.36 4.8
0.0007476 1.36 5
0.0007478 1.36 4.8
0.000748 1.36 5
0.0007482 1.36 4.8
0.0007484 1.36 4.8
0.0007486 1.36 4.8
0.0007488 1.36 4.8
0.000749 1.36 4.4
0.0007492 1.52 4.4
0.0007494 1.52 4.4
0.0007496 1.52 4.4
0.0007498 1.52 4.2
0.00075 1.52 4.2
0.0007502 1.52 4.2
0.0007504 1.52 4.2
0.0007506 1.52 4
0.0007508 1.52 4
0.000751 1.52 4
0.0007512 1.52 3.8
0.0007514 1.52 3.6
0.0007516 1.52 3.6
0.0007518 1.52 3.6
0.000752 1.52 3.6
0.0007522 1.52 3.4
0.0007524 1.52 3.4
0.0007526 1.52 3.2
0.0007528 1.6 3.2
0.000753 1.52 3.2
0.0007532 1.52 3
0.0007534 1.52 3
0.0007536 1.6 2.8
0.0007538 1.52 2.8
0.000754 1.52 2.6
0.0007542 1.6 2.4
0.0007544 1.52 2.4
0.0007546 1.52 2.4
0.0007548 1.6 2.4
0.000755 1.52 2.4
0.0007552 1.6 2
0.0007554 1.52 1.8
0.0007556 1.52 1.8
0.0007558 1.52 1.8
0.000756 1.52 1.6
0.0007562 1.52 1.4
0.0007564 1.52 1.4
0.0007566 1.52 1.4
0.0007568 1.52 1.2
0.000757 1.44 1.2
0.0007572 1.52 1
0.0007574 1.52 1
0.0007576 1.52 0.8
0.0007578 1.44 0.8
0.000758 1.44 0.4
0.0007582 1.36 0.4
0.0007584 1.36 0.4
0.0007586 1.36 0.2
0.0007588 1.36 0.2
0.000759 1.36 0
0.0007592 1.36 0
0.0007594 1.28 0
0.0007596 1.28 -0.4
0.0007598 1.28 -0.6
0.00076 1.28 -0.6
0.0007602 1.28 -0.8
0.0007604 1.2 -0.8
0.0007606 1.2 -1
0.0007608 1.2 -1.2
0.000761 1.2 -1.2
0.0007612 1.2 -1.4
0.0007614 1.2 -1.6
0.0007616 1.12 -1.4
0.0007618 1.12 -1.6
0.000762 1.04 -1.8
0.0007622 1.04 -1.8
0.0007624 1.04 -2
0.0007626 1.04 -2
0.0007628 1.04 -2.2
0.000763 0.96 -2.2
0.0007632 0.96 -2.4
0.0007634 0.96 -2.4
0.0007636 0.88 -2.6
0.0007638 0.88 -2.8
0.000764 0.88 -3
0.0007642 0.88 -3
0.0007644 0.88 -3
0.0007646 0.72 -3
0.0007648 0.72 -3.2
0.000765 0.72 -3.2
0.0007652 0.72 -3.4
0.0007654 0.64 -3.6
0.0007656 0.56 -3.6
0.0007658 0.64 -3.8
0.000766 0.56 -3.8
0.0007662 0.56 -3.8
0.0007664 0.56 -4
0.0007666 0.48 -4
0.0007668 0.4 -4
0.000767 0.4 -4.2
0.0007672 0.4 -4.4
0.0007674 0.32 -4.2
0.0007676 0.32 -4.4
0.0007678 0.32 -4.4
0.000768 0.32 -4.6
0.0007682 0.24 -4.6
0.0007684 0.24 -4.8
0.0007686 0.24 -5
0.0007688 0.16 -5
0.000769 0.16 -5
0.0007692 0.08 -5
0.0007694 0.08 -5.2
0.0007696 0.08 -5
0.0007698 0 -5.2
0.00077 0 -5.2
0.0007702 -0.16 -5.4
0.0007704 -0.16 -5.6
0.0007706 -0.16 -5.4
0.0007708 -0.16 -5.6
0.000771 -0.32 -5.6
0.0007712 -0.32 -5.6
0.0007714 -0.32 -5.6
0.0007716 -0.32 -5.8
0.0007718 -0.4 -5.8
0.000772 -0.4 -6
0.0007722 -0.4 -5.8
0.0007724 -0.48 -5.8
0.0007726 -0.48 -6
0.0007728 -0.48 -6
0.000773 -0.48 -6
0.0007732 -0.64 -6.2
0.0007734 -0.64 -6
0.0007736 -0.64 -6.4
0.0007738 -0.64 -6.4
0.000774 -0.72 -6.2
0.0007742 -0.72 -6.2
0.0007744 -0.8 -6.2
0.0007746 -0.72 -6.2
0.0007748 -0.8 -6.2
0.000775 -0.8 -6.2
0.0007752 -0.8 -6.4
0.0007754 -0.88 -6.4
0.0007756 -0.88 -6.4
0.0007758 -0.96 -6.4
0.000776 -0.96 -6.2
0.0007762 -0.96 -6.2
0.0007764 -1.04 -6.4
0.0007766 -1.04 -6.2
0.0007768 -1.04 -6.6
0.000777 -1.12 -6.6
0.0007772 -1.12 -6.4
0.0007774 -1.12 -6.2
0.0007776 -1.12 -6.2
0.0007778 -1.2 -6.2
0.000778 -1.28 -6
0.0007782 -1.28 -6.2
0.0007784 -1.28 -6.4
0.0007786 -1.36 -6.4
0.0007788 -1.36 -6.2
0.000779 -1.36 -6.2
0.0007792 -1.36 -6.2
0.0007794 -1.44 -5.8
0.0007796 -1.36 -5.8
0.0007798 -1.36 -5.8
0.00078 -1.44 -5.8
0.0007802 -1.44 -5.8
0.0007804 -1.44 -5.8
0.0007806 -1.44 -5.8
0.0007808 -1.44 -5.8
0.000781 -1.52 -5.8
0.0007812 -1.44 -5.6
0.0007814 -1.6 -5.6
0.0007816 -1.6 -5.6
0.0007818 -1.6 -5.4
0.000782 -1.6 -5.6
0.0007822 -1.6 -5.4
0.0007824 -1.6 -5.6
0.0007826 -1.6 -5.4
0.0007828 -1.6 -5.2
0.000783 -1.68 -5
0.0007832 -1.68 -5
0.0007834 -1.68 -5.2
0.0007836 -1.68 -5
0.0007838 -1.6 -5
0.000784 -1.68 -4.8
0.0007842 -1.76 -4.6
0.0007844 -1.68 -4.6
0.0007846 -1.68 -4.4
0.0007848 -1.76 -4.6
0.000785 -1.76 -4.6
0.0007852 -1.76 -4.4
0.0007854 -1.68 -4.4
0.0007856 -1.68 -4.2
0.0007858 -1.76 -4.2
0.000786 -1.68 -4
0.0007862 -1.68 -3.8
0.0007864 -1.76 -3.8
0.0007866 -1.68 -3.6
0.0007868 -1.76 -3.6
0.000787 -1.76 -3.6
0.0007872 -1.76 -3.4
0.0007874 -1.76 -3.4
0.0007876 -1.76 -3.2
0.0007878 -1.76 -3.2
0.000788 -1.68 -3
0.0007882 -1.68 -3
0.0007884 -1.68 -3
0.0007886 -1.76 -2.8
0.0007888 -1.68 -2.6
0.000789 -1.68 -2.6
0.0007892 -1.68 -2.4
0.0007894 -1.68 -2.4
0.0007896 -1.68 -2.2
0.0007898 -1.68 -2.2
0.00079 -1.68 -2
0.0007902 -1.68 -2
0.0007904 -1.6 -2
0.0007906 -1.68 -1.8
0.0007908 -1.6 -1.6
0.000791 -1.6 -1.4
0.0007912 -1.6 -1.4
0.0007914 -1.6 -1.4
0.0007916 -1.6 -1
0.0007918 -1.6 -1
0.000792 -1.6 -1
0.0007922 -1.44 -1
0.0007924 -1.44 -0.8
0.0007926 -1.44 -0.6
0.0007928 -1.44 -0.4
0.000793 -1.44 -0.6
0.0007932 -1.44 -0.4
0.0007934 -1.44 0
0.0007936 -1.36 0
0.0007938 -1.44 0.2
0.000794 -1.36 0.2
0.0007942 -1.36 0.4
0.0007944 -1.36 0.4
0.0007946 -1.36 0.8
0.0007948 -1.28 0.8
0.000795 -1.28 0.8
0.0007952 -1.28 1
0.0007954 -1.28 1
0.0007956 -1.28 1
0.0007958 -1.12 1.2
0.000796 -1.2 1.2
0.0007962 -1.12 1.4
0.0007964 -1.12 1.6
0.0007966 -1.12 1.6
0.0007968 -1.12 1.8
0.000797 -1.04 2
0.0007972 -1.04 2
0.0007974 -1.04 2
0.0007976 -0.96 2
0.0007978 -0.96 2.4
0.000798 -0.96 2.4
0.0007982 -0.96 2.4
0.0007984 -0.8 2.6
0.0007986 -0.8 2.6
0.0007988 -0.8 2.8
0.000799 -0.8 2.8
0.0007992 -0.72 3
0.0007994 -0.72 2.8
0.0007996 -0.72 3.2
0.0007998 -0.72 3.2
