0 -1.52 -3.36
1e-06 -1.52 -3.36
2e-06 4 3.36
3e-06 4.08 3.28
4e-06 4 3.36
5e-06 3.92 3.2
6e-06 3.92 3.2
7e-06 3.92 3.2
8e-06 3.84 3.04
9e-06 3.84 3.12
1e-05 3.84 2.96
1.1e-05 3.84 2.96
1.2e-05 3.76 2.96
1.3e-05 3.76 2.88
1.4e-05 3.76 2.96
1.5e-05 3.76 2.88
1.6e-05 3.68 2.8
1.7e-05 3.76 2.72
1.8e-05 3.6 2.72
1.9e-05 3.6 2.72
2e-05 3.6 2.64
2.1e-05 3.52 2.56
2.2e-05 3.52 2.56
2.3e-05 3.52 2.48
2.4e-05 3.44 2.48
2.5e-05 3.44 2.4
2.6e-05 3.44 2.4
2.7e-05 3.44 2.4
2.8e-05 3.36 2.32
2.9e-05 3.36 2.32
3e-05 3.28 2.24
3.1e-05 3.28 2.16
3.2e-05 3.2 2.16
3.3e-05 3.2 2.08
3.4e-05 3.2 2
3.5e-05 3.12 2
3.6e-05 3.12 2
3.7e-05 3.12 1.92
3.8e-05 3.04 1.84
3.9e-05 3.04 1.76
4e-05 2.96 1.76
4.1e-05 2.96 1.76
4.2e-05 2.88 1.68
4.3e-05 2.88 1.68
4.4e-05 2.88 1.6
4.5e-05 2.8 1.6
4.6e-05 2.8 1.52
4.7e-05 2.72 1.44
4.8e-05 2.72 1.44
4.9e-05 2.64 1.36
5e-05 2.64 1.36
5.1e-05 2.64 1.36
5.2e-05 2.56 1.2
5.3e-05 2.56 1.2
5.4e-05 2.56 1.12
5.5e-05 2.48 1.12
5.6e-05 2.48 1.12
5.7e-05 2.32 0.96
5.8e-05 2.4 0.96
5.9e-05 2.32 0.96
6e-05 2.32 0.88
6.1e-05 2.24 0.88
6.2e-05 2.24 0.8
6.3e-05 2.16 0.72
6.4e-05 2.16 0.72
6.5e-05 2.16 0.64
6.6e-05 2.16 0.56
6.7e-05 2 0.64
6.8e-05 2 0.56
6.9e-05 2 0.48
7e-05 1.92 0.4
7.1e-05 1.92 0.4
7.2e-05 1.84 0.32
7.3e-05 1.84 0.32
7.4e-05 1.84 0.24
7.5e-05 1.68 0.16
7.6e-05 1.68 0.08
7.7e-05 1.68 0.16
7.8e-05 1.6 0.08
7.9e-05 1.52 0.08
8e-05 1.52 0
8.1e-05 1.52 -0.16
8.2e-05 1.52 0
8.3e-05 1.44 -0.32
8.4e-05 1.36 -0.24
8.5e-05 1.36 -0.32
8.6e-05 1.28 -0.4
8.7e-05 1.28 -0.4
8.8e-05 1.28 -0.48
8.9e-05 1.2 -0.48
9e-05 1.2 -0.56
9.1e-05 1.2 -0.56
9.2e-05 1.12 -0.64
9.3e-05 1.04 -0.72
9.4e-05 1.04 -0.72
9.5e-05 0.96 -0.72
9.6e-05 0.88 -0.88
9.7e-05 0.88 -0.96
9.8e-05 0.96 -0.96
9.9e-05 0.8 -1.04
0.0001 0.72 -1.04
0.000101 0.8 -1.04
0.000102 0.72 -1.12
0.000103 0.72 -1.2
0.000104 0.64 -1.2
0.000105 0.64 -1.28
0.000106 0.56 -1.28
0.000107 0.56 -1.36
0.000108 0.4 -1.36
0.000109 0.4 -1.44
0.00011 0.4 -1.52
0.000111 0.32 -1.44
0.000112 0.32 -1.6
0.000113 0.24 -1.6
0.000114 0.24 -1.68
0.000115 0.24 -1.68
0.000116 0.16 -1.68
0.000117 0.08 -1.84
0.000118 0.08 -1.76
0.000119 0 -1.84
0.00012 0 -2
0.000121 -0.16 -1.92
0.000122 -0.16 -2
0.000123 -0.16 -2
0.000124 -0.24 -2.08
0.000125 -0.32 -2.16
0.000126 -0.32 -2.16
0.000127 -0.32 -2.24
0.000128 -0.4 -2.24
0.000129 -0.48 -2.32
0.00013 -0.48 -2.4
0.000131 -0.64 -2.48
0.000132 -0.56 -2.4
0.000133 -0.64 -2.48
0.000134 -0.64 -2.56
0.000135 -0.72 -2.64
0.000136 -0.72 -2.64
0.000137 -0.8 -2.64
0.000138 -0.8 -2.64
0.000139 -0.96 -2.72
0.00014 -0.96 -2.8
0.000141 -0.96 -2.8
0.000142 -1.04 -2.8
0.000143 -1.04 -2.88
0.000144 -1.04 -2.96
0.000145 -1.12 -2.96
0.000146 -1.12 -3.04
0.000147 -1.12 -3.04
0.000148 -1.2 -3.12
0.000149 -1.36 -3.12
0.00015 -1.36 -3.12
0.000151 -1.36 -3.2
0.000152 -1.44 -3.28
0.000153 -1.44 -3.28
0.000154 -1.44 -3.28
0.000155 -1.44 -3.28
0.000156 -1.52 -3.44
0.000157 -1.6 -3.52
0.000158 -1.68 -3.52
0.000159 -1.68 -3.6
0.00016 -1.68 -3.52
0.000161 -1.76 -3.6
0.000162 -1.76 -3.68
0.000163 -1.76 -3.6
0.000164 -1.92 -3.76
0.000165 -1.92 -3.76
0.000166 -2 -3.76
0.000167 -2 -3.84
0.000168 -1.92 -3.84
0.000169 -2 -3.92
0.00017 -2.08 -3.92
0.000171 -2.08 -3.92
0.000172 -2.16 -4
0.000173 -2.24 -4
0.000174 -2.24 -4.08
0.000175 -2.24 -4.08
0.000176 -2.24 -4.08
0.000177 -2.32 -4.16
0.000178 -2.4 -4.16
0.000179 -2.4 -4.16
0.00018 -2.4 -4.24
0.000181 -2.48 -4.24
0.000182 -2.56 -4.32
0.000183 -2.56 -4.32
0.000184 -2.56 -4.4
0.000185 -2.64 -4.4
0.000186 -2.72 -4.4
0.000187 -2.64 -4.48
0.000188 -2.72 -4.48
0.000189 -2.72 -4.48
0.00019 -2.72 -4.64
0.000191 -2.8 -4.56
0.000192 -2.88 -4.56
0.000193 -2.88 -4.64
0.000194 -2.96 -4.64
0.000195 -2.96 -4.72
0.000196 -2.96 -4.72
0.000197 -3.04 -4.72
0.000198 -3.04 -4.8
0.000199 -3.12 -4.72
0.0002 -3.12 -4.88
0.000201 -3.2 -4.88
0.000202 -3.2 -4.8
0.000203 -3.2 -4.88
0.000204 -3.28 -4.88
0.000205 -3.28 -5.04
0.000206 -3.28 -4.88
0.000207 -3.36 -4.96
0.000208 -3.36 -5.04
0.000209 -3.36 -5.04
0.00021 -3.52 -5.12
0.000211 -3.44 -5.04
0.000212 -3.52 -5.04
0.000213 -3.6 -5.12
0.000214 -3.6 -5.12
0.000215 -3.52 -5.12
0.000216 -3.68 -5.2
0.000217 -3.68 -5.2
0.000218 -3.68 -5.2
0.000219 -3.68 -5.2
0.00022 -3.68 -5.2
0.000221 -3.68 -5.2
0.000222 -3.76 -5.28
0.000223 -3.84 -5.28
0.000224 -3.84 -5.36
0.000225 -3.84 -5.36
0.000226 -3.84 -5.36
0.000227 -3.92 -5.44
0.000228 -3.92 -5.36
0.000229 -3.92 -5.44
0.00023 -4 -5.44
0.000231 -4 -5.44
0.000232 -4 -5.52
0.000233 -4.08 -5.44
0.000234 -4 -5.52
0.000235 -4.16 -5.52
0.000236 -4.16 -5.52
0.000237 -4.16 -5.52
0.000238 -4.16 -5.44
0.000239 -4.24 -5.52
0.00024 -4.24 -5.6
0.000241 -4.32 -5.52
0.000242 -4.24 -5.52
0.000243 -4.32 -5.52
0.000244 -4.32 -5.68
0.000245 -4.32 -5.6
0.000246 -4.32 -5.6
0.000247 -4.4 -5.6
0.000248 -4.48 -5.68
0.000249 -4.48 -5.68
0.00025 -4.48 -5.68
0.000251 -4.48 -5.68
0.000252 -4.48 -5.68
0.000253 -4.56 -5.76
0.000254 -4.56 -5.68
0.000255 -4.56 -5.68
0.000256 -4.56 -5.68
0.000257 -4.56 -5.68
0.000258 -4.64 -5.76
0.000259 -4.64 -5.76
0.00026 -4.56 -5.76
0.000261 -4.56 -5.76
0.000262 -4.64 -5.68
0.000263 -4.64 -5.84
0.000264 -4.64 -5.76
0.000265 -4.72 -5.76
0.000266 -4.8 -5.76
0.000267 -4.8 -5.76
0.000268 -4.8 -5.76
0.000269 -4.72 -5.76
0.00027 -4.8 -5.76
0.000271 -4.8 -5.76
0.000272 -4.8 -5.76
0.000273 -4.88 -5.76
0.000274 -4.88 -5.76
0.000275 -4.8 -5.76
0.000276 -4.88 -5.76
0.000277 -4.88 -5.76
0.000278 -4.88 -5.76
0.000279 -4.88 -5.76
0.00028 -4.88 -5.76
0.000281 -4.96 -5.76
0.000282 -4.96 -5.76
0.000283 -4.96 -5.68
0.000284 -4.96 -5.76
0.000285 -4.96 -5.68
0.000286 -4.96 -5.76
0.000287 -4.96 -5.76
0.000288 -4.96 -5.68
0.000289 -4.96 -5.68
0.00029 -4.96 -5.68
0.000291 -4.96 -5.68
0.000292 -4.96 -5.68
0.000293 -4.96 -5.68
0.000294 -4.96 -5.68
0.000295 -4.96 -5.68
0.000296 -5.04 -5.6
0.000297 -4.96 -5.68
0.000298 -5.04 -5.52
0.000299 -4.96 -5.6
0.0003 -5.04 -5.6
0.000301 -4.96 -5.6
0.000302 -5.12 -5.6
0.000303 -4.96 -5.52
0.000304 -5.12 -5.52
0.000305 -5.12 -5.52
0.000306 -5.12 -5.52
0.000307 -5.04 -5.52
0.000308 -5.12 -5.52
0.000309 -5.04 -5.52
0.00031 -5.04 -5.52
0.000311 -5.04 -5.44
0.000312 -5.12 -5.44
0.000313 -5.12 -5.44
0.000314 -5.12 -5.44
0.000315 -5.12 -5.44
0.000316 -5.04 -5.36
0.000317 -5.04 -5.44
0.000318 -5.04 -5.36
0.000319 -5.04 -5.36
0.00032 -5.04 -5.36
0.000321 -5.12 -5.28
0.000322 -5.12 -5.28
0.000323 -5.04 -5.28
0.000324 -5.04 -5.2
0.000325 -5.12 -5.28
0.000326 -4.96 -5.2
0.000327 -4.96 -5.2
0.000328 -4.96 -5.2
0.000329 -5.04 -5.2
0.00033 -4.96 -5.12
0.000331 -5.04 -5.12
0.000332 -4.96 -5.12
0.000333 -4.96 -5.04
0.000334 -4.96 -5.04
0.000335 -4.96 -5.04
0.000336 -4.96 -5.04
0.000337 -4.96 -5.04
0.000338 -4.96 -4.96
0.000339 -4.96 -4.88
0.00034 -4.96 -4.88
0.000341 -4.96 -4.88
0.000342 -4.96 -4.8
0.000343 -4.96 -4.8
0.000344 -4.96 -4.88
0.000345 -4.96 -4.8
0.000346 -4.96 -4.8
0.000347 -4.88 -4.72
0.000348 -4.88 -4.72
0.000349 -4.88 -4.72
0.00035 -4.88 -4.64
0.000351 -4.88 -4.64
0.000352 -4.88 -4.56
0.000353 -4.88 -4.48
0.000354 -4.8 -4.56
0.000355 -4.8 -4.56
0.000356 -4.8 -4.48
0.000357 -4.8 -4.48
0.000358 -4.72 -4.4
0.000359 -4.8 -4.4
0.00036 -4.72 -4.4
0.000361 -4.8 -4.4
0.000362 -4.64 -4.32
0.000363 -4.64 -4.24
0.000364 -4.64 -4.24
0.000365 -4.64 -4.16
0.000366 -4.64 -4.16
0.000367 -4.56 -4.16
0.000368 -4.56 -4.16
0.000369 -4.56 -4.08
0.00037 -4.56 -4.08
0.000371 -4.56 -4
0.000372 -4.48 -4
0.000373 -4.48 -4
0.000374 -4.48 -3.84
0.000375 -4.48 -3.92
0.000376 -4.48 -3.84
0.000377 -4.4 -3.84
0.000378 -4.4 -3.84
0.000379 -4.32 -3.76
0.00038 -4.32 -3.68
0.000381 -4.32 -3.68
0.000382 -4.32 -3.6
0.000383 -4.32 -3.68
0.000384 -4.24 -3.6
0.000385 -4.16 -3.52
0.000386 -4.24 -3.44
0.000387 -4.16 -3.44
0.000388 -4.16 -3.44
0.000389 -4.16 -3.36
0.00039 -4.16 -3.36
0.000391 -4.08 -3.28
0.000392 -4 -3.2
0.000393 -4 -3.28
0.000394 -4 -3.12
0.000395 -4 -3.12
0.000396 -3.92 -3.12
0.000397 -3.92 -3.12
0.000398 -3.92 -3.04
0.000399 -3.92 -2.96
0.0004 -3.84 -2.96
0.000401 -3.84 -2.96
0.000402 -3.68 -2.8
0.000403 -3.76 -2.8
0.000404 -3.76 -2.8
0.000405 -3.68 -2.8
0.000406 -3.68 -2.72
0.000407 -3.68 -2.64
0.000408 -3.68 -2.56
0.000409 -3.6 -2.64
0.00041 -3.6 -2.56
0.000411 -3.6 -2.48
0.000412 -3.52 -2.4
0.000413 -3.52 -2.32
0.000414 -3.52 -2.4
0.000415 -3.36 -2.32
0.000416 -3.44 -2.32
0.000417 -3.36 -2.24
0.000418 -3.36 -2.16
0.000419 -3.36 -2.24
0.00042 -3.28 -2.16
0.000421 -3.28 -2.08
0.000422 -3.2 -2.08
0.000423 -3.2 -1.92
0.000424 -3.2 -1.92
0.000425 -3.04 -1.92
0.000426 -3.04 -1.84
0.000427 -3.04 -1.84
0.000428 -3.04 -1.76
0.000429 -3.04 -1.68
0.00043 -2.96 -1.68
0.000431 -2.96 -1.6
0.000432 -2.96 -1.6
0.000433 -2.88 -1.52
0.000434 -2.88 -1.52
0.000435 -2.8 -1.44
0.000436 -2.72 -1.36
0.000437 -2.64 -1.36
0.000438 -2.72 -1.36
0.000439 -2.64 -1.28
0.00044 -2.56 -1.28
0.000441 -2.56 -1.12
0.000442 -2.56 -1.12
0.000443 -2.4 -1.12
0.000444 -2.4 -1.04
0.000445 -2.4 -0.96
0.000446 -2.4 -0.96
0.000447 -2.32 -0.88
0.000448 -2.4 -0.88
0.000449 -2.4 -0.72
0.00045 -2.32 -0.8
0.000451 -2.24 -0.72
0.000452 -2.24 -0.64
0.000453 -2.16 -0.64
0.000454 -2.08 -0.56
0.000455 -2.08 -0.56
0.000456 -2 -0.48
0.000457 -2.08 -0.4
0.000458 -2 -0.4
0.000459 -1.92 -0.32
0.00046 -1.92 -0.32
0.000461 -1.84 -0.24
0.000462 -1.76 -0.16
0.000463 -1.76 -0.16
0.000464 -1.76 -0.24
0.000465 -1.76 0
0.000466 -1.76 0
0.000467 -1.68 0.16
0.000468 -1.6 0.08
0.000469 -1.6 0.16
0.00047 -1.44 0.24
0.000471 -1.44 0.24
0.000472 -1.44 0.32
0.000473 -1.36 0.4
0.000474 -1.36 0.32
0.000475 -1.36 0.4
0.000476 -1.28 0.48
0.000477 -1.28 0.56
0.000478 -1.2 0.56
0.000479 -1.12 0.64
0.00048 -1.12 0.72
0.000481 -1.12 0.72
0.000482 -1.12 0.8
0.000483 -1.04 0.8
0.000484 -1.04 0.88
0.000485 -0.96 0.88
0.000486 -0.88 0.96
0.000487 -0.8 0.96
0.000488 -0.8 0.96
0.000489 -0.8 1.12
0.00049 -0.72 1.12
0.000491 -0.72 1.2
0.000492 -0.64 1.2
0.000493 -0.56 1.28
0.000494 -0.48 1.36
0.000495 -0.48 1.28
0.000496 -0.48 1.44
0.000497 -0.4 1.44
0.000498 -0.4 1.52
0.000499 -0.32 1.6
0.0005 -0.32 1.52
0.000501 -0.24 1.68
0.000502 -0.16 1.6
0.000503 -0.16 1.68
0.000504 -0.16 1.84
0.000505 -0.16 1.76
0.000506 0 1.84
0.000507 0.08 1.84
0.000508 0.08 1.92
0.000509 0.08 2
0.00051 0.16 2
0.000511 0.24 2.08
0.000512 0.24 2.08
0.000513 0.32 2.16
0.000514 0.32 2.24
0.000515 0.4 2.24
0.000516 0.4 2.32
0.000517 0.48 2.32
0.000518 0.4 2.32
0.000519 0.48 2.48
0.00052 0.56 2.4
0.000521 0.64 2.56
0.000522 0.64 2.56
0.000523 0.64 2.56
0.000524 0.72 2.56
0.000525 0.72 2.64
0.000526 0.88 2.72
0.000527 0.88 2.72
0.000528 0.88 2.8
0.000529 0.96 2.8
0.00053 0.96 2.88
0.000531 1.04 2.88
0.000532 1.04 2.96
0.000533 1.04 2.96
0.000534 1.12 3.04
0.000535 1.2 3.12
0.000536 1.2 3.04
0.000537 1.28 3.12
0.000538 1.2 3.2
0.000539 1.28 3.2
0.00054 1.36 3.28
0.000541 1.36 3.28
0.000542 1.44 3.36
0.000543 1.52 3.36
0.000544 1.52 3.44
0.000545 1.52 3.44
0.000546 1.52 3.44
0.000547 1.6 3.52
0.000548 1.68 3.6
0.000549 1.68 3.6
0.00055 1.68 3.6
0.000551 1.76 3.6
0.000552 1.84 3.68
0.000553 1.84 3.68
0.000554 1.84 3.76
0.000555 1.92 3.68
0.000556 1.92 3.84
0.000557 2 3.84
0.000558 2 3.92
0.000559 2 3.92
0.00056 2.08 3.92
0.000561 2.16 4
0.000562 2.16 4
0.000563 2.24 4.08
0.000564 2.16 4.16
0.000565 2.24 4.08
0.000566 2.32 4.16
0.000567 2.32 4.16
0.000568 2.32 4.24
0.000569 2.48 4.24
0.00057 2.48 4.16
0.000571 2.56 4.32
0.000572 2.48 4.32
0.000573 2.48 4.32
0.000574 2.56 4.4
0.000575 2.64 4.4
0.000576 2.72 4.48
0.000577 2.64 4.48
0.000578 2.72 4.48
0.000579 2.8 4.56
0.00058 2.88 4.56
0.000581 2.88 4.56
0.000582 2.88 4.64
0.000583 2.88 4.64
0.000584 2.96 4.64
0.000585 2.96 4.64
0.000586 2.96 4.72
0.000587 3.04 4.8
0.000588 3.04 4.8
0.000589 3.12 4.8
0.00059 3.12 4.8
0.000591 3.2 4.8
0.000592 3.2 4.88
0.000593 3.2 4.88
0.000594 3.28 4.88
0.000595 3.28 4.96
0.000596 3.28 4.96
0.000597 3.36 4.96
0.000598 3.28 4.96
0.000599 3.44 5.04
0.0006 3.44 5.04
0.000601 3.44 5.12
0.000602 3.44 5.12
0.000603 3.52 5.12
0.000604 3.52 5.12
0.000605 3.6 5.12
0.000606 3.6 5.2
0.000607 3.68 5.2
0.000608 3.76 5.2
0.000609 3.76 5.12
0.00061 3.76 5.28
0.000611 3.76 5.2
0.000612 3.76 5.28
0.000613 3.76 5.36
0.000614 3.84 5.28
0.000615 3.84 5.28
0.000616 3.92 5.28
0.000617 3.84 5.28
0.000618 3.92 5.44
0.000619 3.92 5.36
0.00062 3.92 5.36
0.000621 3.92 5.44
0.000622 4.08 5.36
0.000623 4.08 5.44
0.000624 4.08 5.44
0.000625 4.08 5.44
0.000626 4.08 5.52
0.000627 4.08 5.44
0.000628 4.08 5.44
0.000629 4.16 5.52
0.00063 4.16 5.44
0.000631 4.16 5.52
0.000632 4.24 5.44
0.000633 4.24 5.52
0.000634 4.24 5.52
0.000635 4.24 5.52
0.000636 4.24 5.52
0.000637 4.24 5.52
0.000638 4.4 5.52
0.000639 4.4 5.6
0.00064 4.4 5.6
0.000641 4.4 5.6
0.000642 4.48 5.6
0.000643 4.4 5.52
0.000644 4.48 5.6
0.000645 4.48 5.6
0.000646 4.48 5.6
0.000647 4.48 5.6
0.000648 4.56 5.6
0.000649 4.56 5.6
0.00065 4.56 5.68
0.000651 4.56 5.6
0.000652 4.56 5.68
0.000653 4.64 5.6
0.000654 4.56 5.6
0.000655 4.72 5.68
0.000656 4.64 5.6
0.000657 4.72 5.68
0.000658 4.72 5.6
0.000659 4.72 5.6
0.00066 4.72 5.68
0.000661 4.72 5.6
0.000662 4.72 5.6
0.000663 4.72 5.6
0.000664 4.72 5.6
0.000665 4.72 5.68
0.000666 4.72 5.6
0.000667 4.72 5.6
0.000668 4.8 5.6
0.000669 4.8 5.6
0.00067 4.8 5.6
0.000671 4.8 5.6
0.000672 4.8 5.6
0.000673 4.8 5.6
0.000674 4.8 5.6
0.000675 4.88 5.52
0.000676 4.8 5.6
0.000677 4.88 5.52
0.000678 4.8 5.6
0.000679 4.88 5.52
0.00068 4.88 5.52
0.000681 4.88 5.52
0.000682 4.88 5.52
0.000683 4.88 5.52
0.000684 4.88 5.52
0.000685 4.88 5.44
0.000686 4.88 5.52
0.000687 4.88 5.44
0.000688 4.88 5.44
0.000689 4.88 5.44
0.00069 4.96 5.44
0.000691 4.88 5.44
0.000692 4.88 5.44
0.000693 4.88 5.44
0.000694 4.96 5.44
0.000695 4.96 5.28
0.000696 4.88 5.36
0.000697 4.88 5.28
0.000698 4.96 5.28
0.000699 4.88 5.36
0.0007 4.88 5.28
0.000701 4.88 5.28
0.000702 4.96 5.2
0.000703 4.88 5.2
0.000704 4.88 5.2
0.000705 4.88 5.2
0.000706 4.88 5.2
0.000707 4.88 5.2
0.000708 4.88 5.2
0.000709 4.88 5.12
0.00071 4.88 5.12
0.000711 4.88 5.04
0.000712 4.88 5.12
0.000713 4.8 5.04
0.000714 4.88 5.04
0.000715 4.88 5.04
0.000716 4.88 4.88
0.000717 4.8 4.96
0.000718 4.8 4.88
0.000719 4.8 4.96
0.00072 4.8 4.96
0.000721 4.72 4.88
0.000722 4.8 4.8
0.000723 4.8 4.8
0.000724 4.8 4.8
0.000725 4.8 4.8
0.000726 4.8 4.72
0.000727 4.8 4.8
0.000728 4.72 4.72
0.000729 4.8 4.64
0.00073 4.8 4.64
0.000731 4.72 4.64
0.000732 4.72 4.56
0.000733 4.72 4.56
0.000734 4.72 4.56
0.000735 4.72 4.56
0.000736 4.64 4.56
0.000737 4.64 4.48
0.000738 4.64 4.48
0.000739 4.64 4.4
0.00074 4.56 4.4
0.000741 4.56 4.4
0.000742 4.64 4.32
0.000743 4.56 4.32
0.000744 4.56 4.24
0.000745 4.56 4.16
0.000746 4.56 4.32
0.000747 4.48 4.16
0.000748 4.48 4.16
0.000749 4.48 4.08
0.00075 4.4 4.08
0.000751 4.48 4.16
0.000752 4.4 4
0.000753 4.4 4
0.000754 4.4 3.92
0.000755 4.4 3.92
0.000756 4.4 3.92
0.000757 4.24 3.84
0.000758 4.32 3.76
0.000759 4.24 3.84
0.00076 4.24 3.76
0.000761 4.24 3.76
0.000762 4.24 3.68
0.000763 4.16 3.6
0.000764 4.16 3.68
0.000765 4.16 3.6
0.000766 4.16 3.52
0.000767 4.08 3.52
0.000768 4.08 3.44
0.000769 4.08 3.44
0.00077 4 3.44
0.000771 4.08 3.28
0.000772 4.08 3.36
0.000773 4.08 3.28
0.000774 4.08 3.28
0.000775 3.92 3.2
0.000776 3.92 3.12
0.000777 3.92 3.12
0.000778 3.84 3.04
0.000779 3.84 3.04
0.00078 3.84 2.96
0.000781 3.76 2.96
0.000782 3.76 2.96
0.000783 3.76 2.88
0.000784 3.76 2.88
0.000785 3.76 2.88
0.000786 3.6 2.8
0.000787 3.6 2.72
0.000788 3.68 2.72
0.000789 3.6 2.64
0.00079 3.52 2.64
0.000791 3.52 2.56
0.000792 3.44 2.48
0.000793 3.52 2.56
0.000794 3.44 2.4
0.000795 3.44 2.4
0.000796 3.44 2.4
0.000797 3.44 2.32
0.000798 3.28 2.32
0.000799 3.28 2.24
0.0008 3.28 2.24
0.000801 3.2 2.16
0.000802 3.2 2.08
0.000803 3.2 2.08
0.000804 3.12 2
0.000805 3.12 1.92
0.000806 3.12 2
0.000807 3.12 1.84
0.000808 3.04 1.84
0.000809 2.96 1.76
0.00081 2.96 1.76
0.000811 2.96 1.68
0.000812 2.88 1.6
0.000813 2.88 1.6
0.000814 2.8 1.6
0.000815 2.8 1.52
0.000816 2.72 1.52
0.000817 2.8 1.44
0.000818 2.64 1.36
0.000819 2.64 1.36
0.00082 2.56 1.28
0.000821 2.56 1.28
0.000822 2.56 1.2
0.000823 2.48 1.12
0.000824 2.48 1.2
0.000825 2.48 1.12
0.000826 2.48 1.04
0.000827 2.32 1.04
0.000828 2.32 0.88
0.000829 2.32 0.88
0.00083 2.24 0.88
0.000831 2.24 0.8
0.000832 2.16 0.8
0.000833 2.16 0.72
0.000834 2.16 0.64
0.000835 2.16 0.64
0.000836 2.08 0.56
0.000837 2 0.56
0.000838 2 0.48
0.000839 1.92 0.48
0.00084 1.92 0.4
0.000841 1.84 0.32
0.000842 1.84 0.32
0.000843 1.84 0.24
0.000844 1.76 0.24
0.000845 1.68 0.16
0.000846 1.68 0.08
0.000847 1.6 0.08
0.000848 1.52 0
0.000849 1.6 0
0.00085 1.52 0
0.000851 1.52 -0.16
0.000852 1.52 -0.16
0.000853 1.36 -0.32
0.000854 1.36 -0.32
0.000855 1.36 -0.32
0.000856 1.28 -0.4
0.000857 1.28 -0.48
0.000858 1.2 -0.56
0.000859 1.2 -0.56
0.00086 1.2 -0.56
0.000861 1.12 -0.64
0.000862 1.04 -0.72
0.000863 1.04 -0.8
0.000864 0.96 -0.88
0.000865 0.96 -0.88
0.000866 0.88 -0.88
0.000867 0.88 -0.96
0.000868 0.88 -0.96
0.000869 0.88 -1.04
0.00087 0.8 -1.04
0.000871 0.72 -1.04
0.000872 0.64 -1.2
0.000873 0.64 -1.2
0.000874 0.64 -1.28
0.000875 0.56 -1.28
0.000876 0.56 -1.36
0.000877 0.48 -1.36
0.000878 0.4 -1.36
0.000879 0.4 -1.44
0.00088 0.4 -1.52
0.000881 0.32 -1.52
0.000882 0.24 -1.6
0.000883 0.24 -1.6
0.000884 0.24 -1.68
0.000885 0.24 -1.76
0.000886 0.08 -1.76
0.000887 0 -1.84
0.000888 0 -1.92
0.000889 0 -1.92
0.00089 0 -2
0.000891 -0.16 -2
0.000892 -0.16 -2
0.000893 -0.16 -2.08
0.000894 -0.32 -2.16
0.000895 -0.4 -2.16
0.000896 -0.32 -2.24
0.000897 -0.48 -2.24
0.000898 -0.48 -2.24
0.000899 -0.48 -2.32
0.0009 -0.48 -2.32
0.000901 -0.56 -2.4
0.000902 -0.64 -2.4
0.000903 -0.72 -2.48
0.000904 -0.72 -2.64
0.000905 -0.72 -2.64
0.000906 -0.8 -2.64
0.000907 -0.88 -2.64
0.000908 -0.8 -2.72
0.000909 -0.96 -2.72
0.00091 -0.96 -2.8
0.000911 -0.96 -2.8
0.000912 -1.04 -2.88
0.000913 -1.04 -2.88
0.000914 -1.12 -2.96
0.000915 -1.12 -2.96
0.000916 -1.2 -3.12
0.000917 -1.28 -3.12
0.000918 -1.28 -3.12
0.000919 -1.36 -3.2
0.00092 -1.36 -3.2
0.000921 -1.36 -3.2
0.000922 -1.44 -3.28
0.000923 -1.44 -3.28
0.000924 -1.44 -3.36
0.000925 -1.52 -3.36
0.000926 -1.6 -3.44
0.000927 -1.68 -3.44
0.000928 -1.68 -3.52
0.000929 -1.68 -3.6
0.00093 -1.76 -3.52
0.000931 -1.76 -3.6
0.000932 -1.76 -3.68
0.000933 -1.76 -3.68
0.000934 -1.92 -3.68
0.000935 -1.92 -3.76
0.000936 -1.92 -3.84
0.000937 -1.92 -3.84
0.000938 -2 -3.84
0.000939 -2.08 -3.92
0.00094 -2.08 -3.92
0.000941 -2.08 -4
0.000942 -2.24 -4
0.000943 -2.24 -4
0.000944 -2.24 -4
0.000945 -2.32 -4.16
0.000946 -2.4 -4.16
0.000947 -2.4 -4.16
0.000948 -2.4 -4.24
0.000949 -2.4 -4.16
0.00095 -2.4 -4.24
0.000951 -2.4 -4.32
0.000952 -2.56 -4.24
0.000953 -2.56 -4.4
0.000954 -2.64 -4.32
0.000955 -2.64 -4.48
0.000956 -2.64 -4.48
0.000957 -2.72 -4.4
0.000958 -2.72 -4.56
0.000959 -2.72 -4.48
0.00096 -2.8 -4.56
0.000961 -2.88 -4.56
0.000962 -2.88 -4.56
0.000963 -2.96 -4.72
0.000964 -2.96 -4.64
0.000965 -2.96 -4.72
0.000966 -3.04 -4.72
0.000967 -3.04 -4.8
0.000968 -3.04 -4.8
0.000969 -3.2 -4.8
0.00097 -3.2 -4.8
0.000971 -3.2 -4.88
0.000972 -3.2 -4.88
0.000973 -3.2 -4.88
0.000974 -3.28 -4.88
0.000975 -3.28 -4.96
0.000976 -3.36 -4.96
0.000977 -3.36 -5.04
0.000978 -3.36 -4.96
0.000979 -3.44 -5.04
0.00098 -3.36 -5.04
0.000981 -3.52 -5.12
0.000982 -3.52 -5.12
0.000983 -3.6 -5.12
0.000984 -3.6 -5.12
0.000985 -3.6 -5.12
0.000986 -3.6 -5.2
0.000987 -3.68 -5.2
0.000988 -3.68 -5.2
0.000989 -3.68 -5.28
0.00099 -3.84 -5.28
0.000991 -3.76 -5.28
0.000992 -3.76 -5.28
0.000993 -3.84 -5.28
0.000994 -3.84 -5.36
0.000995 -3.92 -5.36
0.000996 -3.92 -5.36
0.000997 -3.92 -5.44
0.000998 -4 -5.36
0.000999 -4 -5.44
0.001 -4 -5.44
0.001001 -4 -5.44
0.001002 -4 -5.44
0.001003 -4 -5.44
0.001004 -4.16 -5.44
0.001005 -4.16 -5.52
0.001006 -4.16 -5.52
0.001007 -4.16 -5.52
0.001008 -4.16 -5.52
0.001009 -4.24 -5.6
0.00101 -4.24 -5.6
0.001011 -4.24 -5.6
0.001012 -4.32 -5.52
0.001013 -4.24 -5.6
0.001014 -4.32 -5.6
0.001015 -4.32 -5.6
0.001016 -4.4 -5.6
0.001017 -4.32 -5.6
0.001018 -4.4 -5.68
0.001019 -4.48 -5.68
0.00102 -4.48 -5.68
0.001021 -4.48 -5.68
0.001022 -4.48 -5.68
0.001023 -4.48 -5.76
0.001024 -4.48 -5.68
0.001025 -4.56 -5.68
0.001026 -4.56 -5.76
0.001027 -4.64 -5.68
0.001028 -4.64 -5.76
0.001029 -4.64 -5.68
0.00103 -4.64 -5.76
0.001031 -4.64 -5.76
0.001032 -4.64 -5.76
0.001033 -4.64 -5.76
0.001034 -4.72 -5.76
0.001035 -4.72 -5.68
0.001036 -4.72 -5.76
0.001037 -4.64 -5.76
0.001038 -4.72 -5.76
0.001039 -4.8 -5.76
0.00104 -4.8 -5.76
0.001041 -4.8 -5.76
0.001042 -4.8 -5.76
0.001043 -4.8 -5.76
0.001044 -4.88 -5.76
0.001045 -4.88 -5.76
0.001046 -4.88 -5.76
0.001047 -4.96 -5.76
0.001048 -4.88 -5.68
0.001049 -4.88 -5.76
0.00105 -4.88 -5.68
0.001051 -4.88 -5.76
0.001052 -4.96 -5.76
0.001053 -4.96 -5.68
0.001054 -4.96 -5.76
0.001055 -4.96 -5.68
0.001056 -4.96 -5.76
0.001057 -4.96 -5.76
0.001058 -4.96 -5.68
0.001059 -4.96 -5.68
0.00106 -4.96 -5.68
0.001061 -4.96 -5.68
0.001062 -4.96 -5.68
0.001063 -4.96 -5.68
0.001064 -5.04 -5.68
0.001065 -4.96 -5.68
0.001066 -5.04 -5.6
0.001067 -5.04 -5.68
0.001068 -4.96 -5.68
0.001069 -5.04 -5.68
0.00107 -5.12 -5.6
0.001071 -4.96 -5.6
0.001072 -5.04 -5.52
0.001073 -5.04 -5.52
0.001074 -5.04 -5.52
0.001075 -5.04 -5.52
0.001076 -5.12 -5.52
0.001077 -5.12 -5.52
0.001078 -5.12 -5.52
0.001079 -5.04 -5.44
0.00108 -5.12 -5.52
0.001081 -5.12 -5.44
0.001082 -5.12 -5.44
0.001083 -5.12 -5.52
0.001084 -5.12 -5.44
0.001085 -5.12 -5.44
0.001086 -5.04 -5.44
0.001087 -5.12 -5.36
0.001088 -5.12 -5.44
0.001089 -5.04 -5.36
0.00109 -5.12 -5.36
0.001091 -5.04 -5.28
0.001092 -5.04 -5.28
0.001093 -5.04 -5.36
0.001094 -5.12 -5.28
0.001095 -5.12 -5.2
0.001096 -5.04 -5.2
0.001097 -5.04 -5.2
0.001098 -5.04 -5.2
0.001099 -4.96 -5.2
0.0011 -4.96 -5.12
0.001101 -4.96 -5.12
0.001102 -4.96 -5.12
0.001103 -4.96 -5.04
0.001104 -4.96 -5.04
0.001105 -4.96 -4.96
0.001106 -4.96 -5.04
0.001107 -4.96 -4.96
0.001108 -4.96 -4.88
0.001109 -4.96 -4.96
0.00111 -4.96 -4.88
0.001111 -4.96 -4.88
0.001112 -4.96 -4.88
0.001113 -4.96 -4.8
0.001114 -4.88 -4.88
0.001115 -4.88 -4.72
0.001116 -4.88 -4.8
0.001117 -4.88 -4.72
0.001118 -4.88 -4.64
0.001119 -4.88 -4.64
0.00112 -4.88 -4.56
0.001121 -4.8 -4.64
0.001122 -4.88 -4.56
0.001123 -4.8 -4.56
0.001124 -4.8 -4.48
0.001125 -4.8 -4.48
0.001126 -4.8 -4.48
0.001127 -4.72 -4.48
0.001128 -4.72 -4.4
0.001129 -4.72 -4.4
0.00113 -4.64 -4.32
0.001131 -4.64 -4.32
0.001132 -4.64 -4.24
0.001133 -4.64 -4.32
0.001134 -4.64 -4.24
0.001135 -4.64 -4.16
0.001136 -4.64 -4.16
0.001137 -4.56 -4.16
0.001138 -4.56 -4.16
0.001139 -4.48 -4
0.00114 -4.56 -4.08
0.001141 -4.56 -4
0.001142 -4.48 -4
0.001143 -4.48 -4
0.001144 -4.48 -3.84
0.001145 -4.48 -3.84
0.001146 -4.4 -3.84
0.001147 -4.32 -3.84
0.001148 -4.32 -3.84
0.001149 -4.32 -3.68
0.00115 -4.32 -3.6
0.001151 -4.32 -3.6
0.001152 -4.24 -3.6
0.001153 -4.24 -3.6
0.001154 -4.24 -3.52
0.001155 -4.16 -3.52
0.001156 -4.16 -3.52
0.001157 -4.16 -3.36
0.001158 -4.16 -3.36
0.001159 -4.08 -3.28
0.00116 -4 -3.36
0.001161 -4.08 -3.28
0.001162 -4.08 -3.2
0.001163 -4 -3.12
0.001164 -4 -3.2
0.001165 -4 -3.12
0.001166 -3.92 -3.12
0.001167 -3.92 -3.04
0.001168 -3.92 -2.96
0.001169 -3.84 -2.96
0.00117 -3.84 -2.88
0.001171 -3.84 -2.88
0.001172 -3.76 -2.8
0.001173 -3.68 -2.72
0.001174 -3.68 -2.8
0.001175 -3.68 -2.64
0.001176 -3.68 -2.72
0.001177 -3.68 -2.64
0.001178 -3.68 -2.56
0.001179 -3.6 -2.64
0.00118 -3.52 -2.48
0.001181 -3.52 -2.48
0.001182 -3.52 -2.4
0.001183 -3.52 -2.32
0.001184 -3.52 -2.32
0.001185 -3.44 -2.24
0.001186 -3.36 -2.24
0.001187 -3.36 -2.24
0.001188 -3.28 -2.24
0.001189 -3.28 -2.08
0.00119 -3.28 -2.08
0.001191 -3.2 -2
0.001192 -3.2 -2
0.001193 -3.2 -1.92
0.001194 -3.2 -1.92
0.001195 -3.12 -1.84
0.001196 -3.04 -1.84
0.001197 -3.04 -1.84
0.001198 -3.04 -1.68
0.001199 -2.96 -1.68
0.0012 -2.96 -1.6
0.001201 -2.96 -1.6
0.001202 -2.88 -1.52
0.001203 -2.88 -1.52
0.001204 -2.72 -1.44
0.001205 -2.72 -1.36
0.001206 -2.72 -1.36
0.001207 -2.64 -1.28
0.001208 -2.64 -1.28
0.001209 -2.64 -1.2
0.00121 -2.56 -1.2
0.001211 -2.56 -1.12
0.001212 -2.48 -1.04
0.001213 -2.48 -1.04
0.001214 -2.4 -0.96
0.001215 -2.4 -0.96
0.001216 -2.4 -0.88
0.001217 -2.4 -0.88
0.001218 -2.32 -0.8
0.001219 -2.32 -0.72
0.00122 -2.24 -0.72
0.001221 -2.24 -0.72
0.001222 -2.16 -0.56
0.001223 -2.08 -0.56
0.001224 -2.08 -0.56
0.001225 -2.08 -0.48
0.001226 -2 -0.48
0.001227 -1.92 -0.32
0.001228 -1.92 -0.4
0.001229 -1.92 -0.4
0.00123 -1.84 -0.24
0.001231 -1.92 -0.32
0.001232 -1.76 -0.16
0.001233 -1.76 -0.16
0.001234 -1.76 -0.16
0.001235 -1.68 0.08
0.001236 -1.68 0
0.001237 -1.6 0.08
0.001238 -1.6 0.08
0.001239 -1.52 0.16
0.00124 -1.44 0.24
0.001241 -1.44 0.32
0.001242 -1.44 0.32
0.001243 -1.44 0.4
0.001244 -1.36 0.4
0.001245 -1.28 0.48
0.001246 -1.28 0.56
0.001247 -1.28 0.56
0.001248 -1.12 0.64
0.001249 -1.12 0.72
0.00125 -1.12 0.72
0.001251 -1.12 0.72
0.001252 -1.12 0.72
0.001253 -0.96 0.8
0.001254 -0.96 0.96
0.001255 -0.96 0.88
0.001256 -0.88 1.04
0.001257 -0.8 0.96
0.001258 -0.72 1.04
0.001259 -0.72 1.12
0.00126 -0.72 1.12
0.001261 -0.64 1.28
0.001262 -0.64 1.28
0.001263 -0.64 1.28
0.001264 -0.48 1.36
0.001265 -0.48 1.36
0.001266 -0.4 1.44
0.001267 -0.48 1.44
0.001268 -0.4 1.6
0.001269 -0.4 1.6
0.00127 -0.32 1.6
0.001271 -0.32 1.68
0.001272 -0.16 1.68
0.001273 -0.16 1.76
0.001274 -0.16 1.84
0.001275 0 1.84
0.001276 0 1.92
0.001277 0.08 2
0.001278 0.08 1.92
0.001279 0.16 2
0.00128 0.24 2.08
0.001281 0.24 2.16
0.001282 0.24 2.16
0.001283 0.32 2.24
0.001284 0.32 2.24
0.001285 0.4 2.32
0.001286 0.4 2.32
0.001287 0.4 2.4
0.001288 0.48 2.4
0.001289 0.56 2.4
0.00129 0.64 2.56
0.001291 0.64 2.56
0.001292 0.64 2.56
0.001293 0.72 2.64
0.001294 0.72 2.56
0.001295 0.72 2.72
0.001296 0.88 2.72
0.001297 0.88 2.8
0.001298 0.96 2.8
0.001299 0.96 2.8
0.0013 0.96 2.96
0.001301 1.04 2.96
0.001302 1.04 2.96
0.001303 1.12 3.04
0.001304 1.2 3.04
0.001305 1.2 3.12
0.001306 1.2 3.12
0.001307 1.2 3.2
0.001308 1.28 3.2
0.001309 1.36 3.28
0.00131 1.36 3.28
0.001311 1.44 3.28
0.001312 1.52 3.36
0.001313 1.52 3.36
0.001314 1.52 3.44
0.001315 1.6 3.44
0.001316 1.6 3.52
0.001317 1.68 3.52
0.001318 1.68 3.6
0.001319 1.76 3.6
0.00132 1.76 3.6
0.001321 1.84 3.68
0.001322 1.84 3.68
0.001323 1.92 3.76
0.001324 1.92 3.84
0.001325 1.92 3.76
0.001326 2 3.84
0.001327 2 3.84
0.001328 2.08 3.92
0.001329 2.16 3.92
0.00133 2.16 3.92
0.001331 2.16 4
0.001332 2.24 4
0.001333 2.24 4.08
0.001334 2.24 4.16
0.001335 2.32 4.16
0.001336 2.4 4.16
0.001337 2.48 4.24
0.001338 2.4 4.16
0.001339 2.48 4.24
0.00134 2.48 4.24
0.001341 2.56 4.24
0.001342 2.56 4.32
0.001343 2.64 4.32
0.001344 2.64 4.4
0.001345 2.64 4.4
0.001346 2.64 4.48
0.001347 2.8 4.56
0.001348 2.8 4.56
0.001349 2.8 4.56
0.00135 2.8 4.64
0.001351 2.8 4.56
0.001352 2.88 4.64
0.001353 2.96 4.64
0.001354 2.96 4.64
0.001355 2.96 4.8
0.001356 2.96 4.72
0.001357 3.04 4.8
0.001358 3.12 4.8
0.001359 3.12 4.8
0.00136 3.2 4.88
0.001361 3.2 4.88
0.001362 3.2 4.8
0.001363 3.28 4.88
0.001364 3.28 4.96
0.001365 3.28 4.96
0.001366 3.36 4.96
0.001367 3.28 4.96
0.001368 3.44 5.04
0.001369 3.44 5.04
0.00137 3.44 5.04
0.001371 3.44 5.04
0.001372 3.52 5.12
0.001373 3.52 5.12
0.001374 3.6 5.12
0.001375 3.6 5.12
0.001376 3.6 5.2
0.001377 3.68 5.2
0.001378 3.68 5.28
0.001379 3.68 5.2
0.00138 3.76 5.2
0.001381 3.76 5.28
0.001382 3.76 5.2
0.001383 3.76 5.28
0.001384 3.84 5.28
0.001385 3.84 5.28
0.001386 3.84 5.36
0.001387 3.84 5.28
0.001388 3.92 5.36
0.001389 3.92 5.44
0.00139 4.08 5.36
0.001391 3.92 5.44
0.001392 4.08 5.44
0.001393 4.08 5.44
0.001394 4.08 5.44
0.001395 4.08 5.44
0.001396 4.08 5.44
0.001397 4.16 5.44
0.001398 4.08 5.44
0.001399 4.16 5.52
0.0014 4.16 5.52
0.001401 4.16 5.52
0.001402 4.16 5.52
0.001403 4.24 5.52
0.001404 4.24 5.52
0.001405 4.32 5.52
0.001406 4.32 5.52
0.001407 4.4 5.6
0.001408 4.4 5.52
0.001409 4.4 5.6
0.00141 4.4 5.6
0.001411 4.4 5.52
0.001412 4.48 5.6
0.001413 4.4 5.52
0.001414 4.48 5.52
0.001415 4.56 5.68
0.001416 4.48 5.52
0.001417 4.56 5.68
0.001418 4.56 5.6
0.001419 4.48 5.6
0.00142 4.56 5.68
0.001421 4.56 5.6
0.001422 4.56 5.6
0.001423 4.56 5.6
0.001424 4.64 5.68
0.001425 4.64 5.6
0.001426 4.72 5.6
0.001427 4.72 5.68
0.001428 4.72 5.6
0.001429 4.72 5.6
0.00143 4.72 5.6
0.001431 4.72 5.6
0.001432 4.72 5.6
0.001433 4.72 5.6
0.001434 4.72 5.6
0.001435 4.8 5.6
0.001436 4.8 5.68
0.001437 4.8 5.6
0.001438 4.8 5.6
0.001439 4.8 5.6
0.00144 4.8 5.52
0.001441 4.8 5.6
0.001442 4.88 5.6
0.001443 4.8 5.6
0.001444 4.8 5.6
0.001445 4.88 5.52
0.001446 4.88 5.6
0.001447 4.88 5.52
0.001448 4.88 5.6
0.001449 4.88 5.52
0.00145 4.88 5.44
0.001451 4.88 5.52
0.001452 4.88 5.52
0.001453 4.88 5.52
0.001454 4.88 5.52
0.001455 4.96 5.44
0.001456 4.88 5.44
0.001457 4.88 5.44
0.001458 4.96 5.44
0.001459 4.88 5.44
0.00146 4.88 5.44
0.001461 4.96 5.44
0.001462 4.88 5.44
0.001463 4.88 5.36
0.001464 4.88 5.44
0.001465 4.96 5.36
0.001466 4.88 5.28
0.001467 4.88 5.28
0.001468 4.88 5.28
0.001469 4.88 5.28
0.00147 4.88 5.28
0.001471 4.96 5.2
0.001472 4.88 5.2
0.001473 4.88 5.2
0.001474 4.88 5.2
0.001475 4.88 5.2
0.001476 4.88 5.12
0.001477 4.88 5.12
0.001478 4.88 5.12
0.001479 4.88 5.12
0.00148 4.88 5.12
0.001481 4.88 5.04
0.001482 4.88 5.12
0.001483 4.88 5.04
0.001484 4.88 5.04
0.001485 4.88 5.04
0.001486 4.88 4.96
0.001487 4.8 4.96
0.001488 4.8 4.96
0.001489 4.8 4.88
0.00149 4.8 4.88
0.001491 4.8 4.88
0.001492 4.8 4.8
0.001493 4.8 4.88
0.001494 4.8 4.8
0.001495 4.72 4.8
0.001496 4.8 4.8
0.001497 4.8 4.72
0.001498 4.8 4.72
0.001499 4.72 4.64
0.0015 4.72 4.64
0.001501 4.72 4.64
0.001502 4.72 4.56
0.001503 4.72 4.64
0.001504 4.72 4.48
0.001505 4.72 4.48
0.001506 4.64 4.56
0.001507 4.72 4.48
0.001508 4.64 4.4
0.001509 4.72 4.4
0.00151 4.64 4.32
0.001511 4.56 4.32
0.001512 4.56 4.32
0.001513 4.56 4.24
0.001514 4.56 4.24
0.001515 4.56 4.16
0.001516 4.56 4.16
0.001517 4.48 4.16
0.001518 4.48 4.16
0.001519 4.48 4.16
0.00152 4.48 4.08
0.001521 4.4 4
0.001522 4.4 4
0.001523 4.4 3.92
0.001524 4.32 4
0.001525 4.4 3.84
0.001526 4.32 3.84
0.001527 4.24 3.84
0.001528 4.24 3.84
0.001529 4.24 3.76
0.00153 4.24 3.76
0.001531 4.24 3.68
0.001532 4.16 3.68
0.001533 4.16 3.6
0.001534 4.16 3.6
0.001535 4.16 3.6
0.001536 4.08 3.44
0.001537 4.08 3.52
0.001538 4.08 3.36
0.001539 4.08 3.36
0.00154 4.08 3.36
0.001541 4.08 3.28
0.001542 4 3.28
0.001543 3.92 3.28
0.001544 3.92 3.2
0.001545 3.92 3.2
0.001546 3.92 3.12
0.001547 3.92 3.12
0.001548 3.84 3.04
0.001549 3.84 3.04
0.00155 3.84 2.96
0.001551 3.76 2.96
0.001552 3.76 2.88
0.001553 3.76 2.88
0.001554 3.76 2.8
0.001555 3.76 2.72
0.001556 3.6 2.72
0.001557 3.6 2.64
0.001558 3.6 2.64
0.001559 3.6 2.56
0.00156 3.52 2.56
0.001561 3.52 2.56
0.001562 3.44 2.4
0.001563 3.44 2.48
0.001564 3.44 2.32
0.001565 3.44 2.4
0.001566 3.44 2.4
0.001567 3.36 2.24
0.001568 3.28 2.32
0.001569 3.28 2.16
0.00157 3.28 2.24
0.001571 3.2 2.16
0.001572 3.2 2
0.001573 3.12 2.08
0.001574 3.12 1.92
0.001575 3.12 1.92
0.001576 3.04 1.92
0.001577 2.96 1.84
0.001578 2.96 1.76
0.001579 2.96 1.76
0.00158 2.96 1.68
0.001581 2.88 1.6
0.001582 2.88 1.6
0.001583 2.8 1.6
0.001584 2.8 1.52
0.001585 2.8 1.52
0.001586 2.72 1.44
0.001587 2.72 1.44
0.001588 2.8 1.36
0.001589 2.64 1.36
0.00159 2.64 1.28
0.001591 2.56 1.2
0.001592 2.56 1.2
0.001593 2.56 1.12
0.001594 2.48 1.12
0.001595 2.48 1.04
0.001596 2.4 0.96
0.001597 2.32 0.96
0.001598 2.32 0.88
0.001599 2.32 0.88
0.0016 2.24 0.8
0.001601 2.16 0.72
0.001602 2.16 0.8
0.001603 2.16 0.72
0.001604 2.16 0.64
0.001605 2 0.64
0.001606 2 0.48
0.001607 2 0.48
0.001608 1.92 0.4
0.001609 1.92 0.4
0.00161 1.84 0.4
0.001611 1.84 0.32
0.001612 1.84 0.24
0.001613 1.84 0.16
0.001614 1.76 0.16
0.001615 1.6 0.16
0.001616 1.6 0.08
0.001617 1.6 0
0.001618 1.6 0
0.001619 1.52 -0.16
0.00162 1.52 -0.16
0.001621 1.52 -0.16
0.001622 1.44 -0.32
0.001623 1.44 -0.32
0.001624 1.36 -0.4
0.001625 1.28 -0.4
0.001626 1.28 -0.4
0.001627 1.2 -0.48
0.001628 1.2 -0.56
0.001629 1.2 -0.64
0.00163 1.2 -0.64
0.001631 1.2 -0.64
0.001632 1.04 -0.72
0.001633 0.96 -0.72
0.001634 0.96 -0.88
0.001635 0.88 -0.88
0.001636 0.88 -0.88
0.001637 0.88 -0.96
0.001638 0.88 -1.04
0.001639 0.8 -1.04
0.00164 0.72 -1.12
0.001641 0.72 -1.12
0.001642 0.64 -1.2
0.001643 0.56 -1.2
0.001644 0.56 -1.28
0.001645 0.56 -1.36
0.001646 0.4 -1.36
0.001647 0.4 -1.36
0.001648 0.4 -1.52
0.001649 0.32 -1.44
0.00165 0.32 -1.6
0.001651 0.24 -1.6
0.001652 0.24 -1.6
0.001653 0.24 -1.68
0.001654 0.16 -1.68
0.001655 0.16 -1.76
0.001656 0.08 -1.84
0.001657 0.08 -1.84
0.001658 0 -1.92
0.001659 0 -1.92
0.00166 -0.16 -2
0.001661 -0.16 -2.08
0.001662 -0.16 -2
0.001663 -0.32 -2.08
0.001664 -0.32 -2.16
0.001665 -0.32 -2.24
0.001666 -0.4 -2.24
0.001667 -0.48 -2.24
0.001668 -0.48 -2.32
0.001669 -0.48 -2.32
0.00167 -0.56 -2.32
0.001671 -0.64 -2.48
0.001672 -0.64 -2.48
0.001673 -0.72 -2.56
0.001674 -0.72 -2.64
0.001675 -0.72 -2.64
0.001676 -0.8 -2.64
0.001677 -0.8 -2.8
0.001678 -0.88 -2.72
0.001679 -0.96 -2.8
0.00168 -0.96 -2.8
0.001681 -1.04 -2.88
0.001682 -1.04 -2.96
0.001683 -1.12 -2.88
0.001684 -1.12 -3.04
0.001685 -1.12 -2.96
0.001686 -1.28 -3.04
0.001687 -1.28 -3.12
0.001688 -1.28 -3.12
0.001689 -1.36 -3.2
0.00169 -1.36 -3.2
0.001691 -1.44 -3.28
0.001692 -1.44 -3.28
0.001693 -1.44 -3.28
0.001694 -1.44 -3.44
0.001695 -1.6 -3.44
0.001696 -1.6 -3.44
0.001697 -1.6 -3.52
0.001698 -1.68 -3.52
0.001699 -1.68 -3.6
0.0017 -1.76 -3.6
0.001701 -1.76 -3.6
0.001702 -1.76 -3.76
0.001703 -1.92 -3.76
0.001704 -1.92 -3.76
0.001705 -1.92 -3.84
0.001706 -2 -3.84
0.001707 -2 -3.84
0.001708 -2 -3.92
0.001709 -2.08 -3.84
0.00171 -2.16 -3.92
0.001711 -2.16 -3.92
0.001712 -2.24 -4
0.001713 -2.24 -4.08
0.001714 -2.32 -4.08
0.001715 -2.32 -4.16
0.001716 -2.4 -4.16
0.001717 -2.4 -4.16
0.001718 -2.4 -4.24
0.001719 -2.4 -4.16
0.00172 -2.56 -4.32
0.001721 -2.56 -4.32
0.001722 -2.56 -4.32
0.001723 -2.64 -4.4
0.001724 -2.64 -4.4
0.001725 -2.72 -4.48
0.001726 -2.72 -4.48
0.001727 -2.72 -4.48
0.001728 -2.72 -4.48
0.001729 -2.8 -4.48
0.00173 -2.8 -4.56
0.001731 -2.88 -4.64
0.001732 -2.88 -4.64
0.001733 -2.96 -4.64
0.001734 -3.04 -4.72
0.001735 -3.04 -4.72
0.001736 -3.04 -4.8
0.001737 -3.04 -4.8
0.001738 -3.12 -4.8
0.001739 -3.12 -4.88
0.00174 -3.2 -4.8
0.001741 -3.2 -4.88
0.001742 -3.2 -4.96
0.001743 -3.28 -4.88
0.001744 -3.28 -4.96
0.001745 -3.36 -4.96
0.001746 -3.36 -5.04
0.001747 -3.36 -5.12
0.001748 -3.44 -5.04
0.001749 -3.52 -5.04
0.00175 -3.52 -5.12
0.001751 -3.52 -5.12
0.001752 -3.6 -5.2
0.001753 -3.6 -5.12
0.001754 -3.6 -5.2
0.001755 -3.6 -5.2
0.001756 -3.68 -5.2
0.001757 -3.68 -5.2
0.001758 -3.68 -5.2
0.001759 -3.68 -5.28
0.00176 -3.84 -5.28
0.001761 -3.76 -5.28
0.001762 -3.84 -5.28
0.001763 -3.84 -5.36
0.001764 -3.92 -5.36
0.001765 -3.92 -5.36
0.001766 -3.92 -5.36
0.001767 -3.92 -5.44
0.001768 -4 -5.44
0.001769 -4 -5.44
0.00177 -4 -5.44
0.001771 -4 -5.44
0.001772 -4 -5.44
0.001773 -4 -5.52
0.001774 -4.08 -5.52
0.001775 -4.16 -5.52
0.001776 -4.16 -5.52
0.001777 -4.24 -5.52
0.001778 -4.24 -5.6
0.001779 -4.24 -5.52
0.00178 -4.32 -5.6
0.001781 -4.24 -5.6
0.001782 -4.32 -5.6
0.001783 -4.32 -5.68
0.001784 -4.32 -5.6
0.001785 -4.32 -5.68
0.001786 -4.4 -5.68
0.001787 -4.4 -5.68
0.001788 -4.48 -5.76
0.001789 -4.48 -5.68
0.00179 -4.48 -5.68
0.001791 -4.48 -5.68
0.001792 -4.48 -5.68
0.001793 -4.56 -5.68
0.001794 -4.56 -5.68
0.001795 -4.56 -5.68
0.001796 -4.56 -5.76
0.001797 -4.56 -5.68
0.001798 -4.64 -5.76
0.001799 -4.64 -5.68
0.0018 -4.64 -5.68
0.001801 -4.64 -5.76
0.001802 -4.64 -5.76
0.001803 -4.64 -5.68
0.001804 -4.72 -5.76
0.001805 -4.72 -5.68
0.001806 -4.8 -5.76
0.001807 -4.8 -5.76
0.001808 -4.8 -5.76
0.001809 -4.88 -5.76
0.00181 -4.88 -5.76
0.001811 -4.88 -5.76
0.001812 -4.88 -5.76
0.001813 -4.88 -5.68
0.001814 -4.8 -5.76
0.001815 -4.88 -5.76
0.001816 -4.88 -5.68
0.001817 -4.96 -5.76
0.001818 -4.88 -5.76
0.001819 -4.96 -5.76
0.00182 -4.96 -5.76
0.001821 -4.96 -5.68
0.001822 -4.96 -5.76
0.001823 -4.96 -5.76
0.001824 -4.96 -5.68
0.001825 -4.96 -5.76
0.001826 -4.96 -5.68
0.001827 -4.96 -5.76
0.001828 -4.96 -5.76
0.001829 -4.96 -5.68
0.00183 -4.96 -5.68
0.001831 -4.96 -5.6
0.001832 -4.96 -5.68
0.001833 -4.96 -5.68
0.001834 -4.96 -5.68
0.001835 -4.96 -5.68
0.001836 -4.96 -5.6
0.001837 -5.12 -5.6
0.001838 -4.96 -5.68
0.001839 -5.04 -5.6
0.00184 -5.04 -5.68
0.001841 -5.04 -5.6
0.001842 -5.04 -5.6
0.001843 -5.04 -5.68
0.001844 -5.04 -5.52
0.001845 -5.04 -5.52
0.001846 -5.12 -5.52
0.001847 -5.12 -5.52
0.001848 -5.12 -5.52
0.001849 -5.12 -5.44
0.00185 -5.04 -5.44
0.001851 -5.12 -5.52
0.001852 -5.04 -5.44
0.001853 -4.96 -5.44
0.001854 -4.96 -5.44
0.001855 -5.12 -5.44
0.001856 -5.12 -5.44
0.001857 -5.12 -5.36
0.001858 -4.96 -5.36
0.001859 -5.04 -5.36
0.00186 -4.96 -5.36
0.001861 -5.04 -5.36
0.001862 -5.12 -5.28
0.001863 -4.96 -5.28
0.001864 -5.04 -5.28
0.001865 -5.04 -5.2
0.001866 -5.04 -5.2
0.001867 -4.96 -5.2
0.001868 -5.04 -5.12
0.001869 -4.96 -5.2
0.00187 -4.96 -5.12
0.001871 -5.04 -5.12
0.001872 -4.96 -5.12
0.001873 -4.96 -5.04
0.001874 -4.96 -5.04
0.001875 -4.96 -5.04
0.001876 -4.96 -5.04
0.001877 -4.96 -4.96
0.001878 -4.96 -4.88
0.001879 -4.96 -4.88
0.00188 -4.96 -4.88
0.001881 -4.96 -4.88
0.001882 -4.96 -4.88
0.001883 -4.96 -4.8
0.001884 -4.88 -4.8
0.001885 -4.96 -4.8
0.001886 -4.88 -4.72
0.001887 -4.96 -4.72
0.001888 -4.88 -4.72
0.001889 -4.88 -4.64
0.00189 -4.88 -4.64
0.001891 -4.8 -4.56
0.001892 -4.8 -4.56
0.001893 -4.8 -4.56
0.001894 -4.8 -4.48
0.001895 -4.8 -4.48
0.001896 -4.8 -4.4
0.001897 -4.8 -4.4
0.001898 -4.64 -4.4
0.001899 -4.72 -4.32
0.0019 -4.64 -4.32
0.001901 -4.64 -4.24
0.001902 -4.64 -4.24
0.001903 -4.64 -4.24
0.001904 -4.64 -4.16
0.001905 -4.56 -4.16
0.001906 -4.56 -4.16
0.001907 -4.56 -4.16
0.001908 -4.56 -4.08
0.001909 -4.48 -3.92
0.00191 -4.48 -4.08
0.001911 -4.48 -3.92
0.001912 -4.48 -3.92
0.001913 -4.48 -3.84
0.001914 -4.48 -3.92
0.001915 -4.4 -3.84
0.001916 -4.4 -3.76
0.001917 -4.32 -3.76
0.001918 -4.32 -3.68
0.001919 -4.32 -3.68
0.00192 -4.32 -3.68
0.001921 -4.24 -3.68
0.001922 -4.32 -3.6
0.001923 -4.24 -3.6
0.001924 -4.24 -3.52
0.001925 -4.16 -3.44
0.001926 -4.16 -3.52
0.001927 -4.16 -3.44
0.001928 -4.16 -3.36
0.001929 -4.16 -3.36
0.00193 -4 -3.28
0.001931 -4 -3.28
0.001932 -4 -3.2
0.001933 -4 -3.12
0.001934 -4 -3.12
0.001935 -4 -3.12
0.001936 -3.92 -3.04
0.001937 -3.92 -3.04
0.001938 -3.84 -2.96
0.001939 -3.84 -2.96
0.00194 -3.84 -2.88
0.001941 -3.84 -2.88
0.001942 -3.84 -2.88
0.001943 -3.68 -2.72
0.001944 -3.68 -2.72
0.001945 -3.68 -2.64
0.001946 -3.68 -2.64
0.001947 -3.6 -2.64
0.001948 -3.6 -2.56
0.001949 -3.6 -2.56
0.00195 -3.52 -2.48
0.001951 -3.52 -2.4
0.001952 -3.52 -2.4
0.001953 -3.44 -2.32
0.001954 -3.44 -2.32
0.001955 -3.44 -2.32
0.001956 -3.36 -2.16
0.001957 -3.36 -2.16
0.001958 -3.28 -2.16
0.001959 -3.28 -2
0.00196 -3.28 -2.08
0.001961 -3.2 -2
0.001962 -3.12 -2
0.001963 -3.2 -1.92
0.001964 -3.04 -1.84
0.001965 -3.04 -1.84
0.001966 -3.04 -1.76
0.001967 -2.96 -1.76
0.001968 -2.96 -1.68
0.001969 -2.96 -1.6
0.00197 -2.96 -1.6
0.001971 -2.88 -1.6
0.001972 -2.88 -1.44
0.001973 -2.88 -1.44
0.001974 -2.72 -1.36
0.001975 -2.72 -1.36
0.001976 -2.72 -1.36
0.001977 -2.64 -1.28
0.001978 -2.64 -1.2
0.001979 -2.64 -1.2
0.00198 -2.56 -1.12
0.001981 -2.56 -1.12
0.001982 -2.56 -1.04
0.001983 -2.4 -0.96
0.001984 -2.4 -0.96
0.001985 -2.32 -0.88
0.001986 -2.4 -0.88
0.001987 -2.32 -0.8
0.001988 -2.32 -0.8
0.001989 -2.24 -0.8
0.00199 -2.24 -0.64
0.001991 -2.24 -0.64
0.001992 -2.16 -0.56
0.001993 -2.08 -0.48
0.001994 -2.08 -0.56
0.001995 -2 -0.4
0.001996 -2 -0.4
0.001997 -2 -0.4
0.001998 -1.92 -0.32
0.001999 -1.84 -0.32
0.002 -1.84 -0.24
0.002001 -1.76 -0.24
0.002002 -1.76 -0.16
0.002003 -1.68 0
0.002004 -1.76 0
0.002005 -1.68 0.08
0.002006 -1.68 0.16
0.002007 -1.6 0.16
0.002008 -1.52 0.24
0.002009 -1.44 0.32
0.00201 -1.44 0.24
0.002011 -1.44 0.32
0.002012 -1.44 0.32
0.002013 -1.36 0.4
0.002014 -1.28 0.48
0.002015 -1.28 0.48
0.002016 -1.28 0.56
0.002017 -1.2 0.48
0.002018 -1.12 0.64
0.002019 -1.12 0.72
0.00202 -1.12 0.72
0.002021 -1.04 0.8
0.002022 -1.04 0.8
0.002023 -1.04 0.96
0.002024 -0.96 1.04
0.002025 -0.96 0.96
0.002026 -0.8 1.04
0.002027 -0.8 1.04
0.002028 -0.8 1.12
0.002029 -0.72 1.28
0.00203 -0.64 1.12
0.002031 -0.64 1.28
0.002032 -0.56 1.28
0.002033 -0.48 1.36
0.002034 -0.48 1.36
0.002035 -0.48 1.44
0.002036 -0.4 1.44
0.002037 -0.4 1.52
0.002038 -0.4 1.6
0.002039 -0.32 1.6
0.00204 -0.32 1.68
0.002041 -0.16 1.68
0.002042 -0.16 1.76
0.002043 -0.16 1.76
0.002044 -0.16 1.84
0.002045 0 1.92
0.002046 0.08 1.92
0.002047 0.08 2
0.002048 0.08 2
0.002049 0.24 2
0.00205 0.24 2.16
0.002051 0.24 2.16
0.002052 0.24 2.24
0.002053 0.32 2.24
0.002054 0.4 2.24
0.002055 0.4 2.4
0.002056 0.4 2.32
0.002057 0.48 2.4
0.002058 0.56 2.48
0.002059 0.56 2.48
0.00206 0.56 2.56
0.002061 0.64 2.56
0.002062 0.72 2.56
0.002063 0.72 2.64
0.002064 0.72 2.64
0.002065 0.72 2.72
0.002066 0.88 2.72
0.002067 0.88 2.8
0.002068 0.88 2.88
0.002069 1.04 2.88
0.00207 0.96 2.88
0.002071 1.04 2.88
0.002072 1.12 2.96
0.002073 1.2 3.04
0.002074 1.2 3.12
0.002075 1.2 3.04
0.002076 1.28 3.12
0.002077 1.28 3.12
0.002078 1.28 3.28
0.002079 1.36 3.28
0.00208 1.36 3.28
0.002081 1.36 3.36
0.002082 1.44 3.36
0.002083 1.52 3.36
0.002084 1.6 3.52
0.002085 1.6 3.52
0.002086 1.6 3.52
0.002087 1.68 3.6
0.002088 1.68 3.6
0.002089 1.84 3.68
0.00209 1.76 3.68
0.002091 1.84 3.76
0.002092 1.84 3.76
0.002093 1.92 3.76
0.002094 2 3.84
0.002095 2 3.84
0.002096 2 3.84
0.002097 2.08 3.84
0.002098 2 3.92
0.002099 2.16 4
0.0021 2.16 4
0.002101 2.24 4
0.002102 2.16 4.08
0.002103 2.32 4.08
0.002104 2.32 4.16
0.002105 2.32 4.16
0.002106 2.4 4.16
0.002107 2.4 4.24
0.002108 2.48 4.24
0.002109 2.48 4.24
0.00211 2.48 4.32
0.002111 2.48 4.32
0.002112 2.56 4.32
0.002113 2.56 4.4
0.002114 2.64 4.4
0.002115 2.72 4.56
0.002116 2.8 4.48
0.002117 2.8 4.56
0.002118 2.8 4.56
0.002119 2.8 4.56
0.00212 2.88 4.64
0.002121 2.88 4.64
0.002122 2.88 4.64
0.002123 2.96 4.72
0.002124 2.96 4.72
0.002125 2.96 4.8
0.002126 3.04 4.8
0.002127 3.12 4.8
0.002128 3.12 4.8
0.002129 3.2 4.8
0.00213 3.2 4.88
0.002131 3.2 4.88
0.002132 3.28 4.88
0.002133 3.28 4.96
0.002134 3.28 4.96
0.002135 3.28 4.96
0.002136 3.44 4.96
0.002137 3.36 4.96
0.002138 3.44 5.04
0.002139 3.44 5.12
0.00214 3.44 5.04
0.002141 3.52 5.12
0.002142 3.52 5.12
0.002143 3.52 5.2
0.002144 3.6 5.12
0.002145 3.6 5.12
0.002146 3.6 5.2
0.002147 3.76 5.2
0.002148 3.68 5.2
0.002149 3.76 5.2
0.00215 3.76 5.28
0.002151 3.76 5.28
0.002152 3.76 5.28
0.002153 3.76 5.36
0.002154 3.84 5.36
0.002155 3.84 5.36
0.002156 3.92 5.36
0.002157 3.92 5.36
0.002158 3.92 5.36
0.002159 3.92 5.44
0.00216 4 5.44
0.002161 4.08 5.36
0.002162 4.08 5.44
0.002163 4.08 5.36
0.002164 4.08 5.44
0.002165 4.08 5.44
0.002166 4.16 5.44
0.002167 4.16 5.52
0.002168 4.16 5.44
0.002169 4.16 5.44
0.00217 4.24 5.6
0.002171 4.24 5.44
0.002172 4.24 5.6
0.002173 4.24 5.52
0.002174 4.24 5.52
0.002175 4.32 5.6
0.002176 4.4 5.52
0.002177 4.4 5.52
0.002178 4.4 5.52
0.002179 4.4 5.52
0.00218 4.4 5.6
0.002181 4.48 5.6
0.002182 4.48 5.6
0.002183 4.48 5.6
0.002184 4.48 5.6
0.002185 4.48 5.6
0.002186 4.48 5.6
0.002187 4.56 5.6
0.002188 4.48 5.6
0.002189 4.56 5.6
0.00219 4.56 5.6
0.002191 4.56 5.6
0.002192 4.64 5.6
0.002193 4.72 5.68
0.002194 4.64 5.6
0.002195 4.64 5.6
0.002196 4.56 5.68
0.002197 4.72 5.6
0.002198 4.72 5.6
0.002199 4.72 5.6
0.0022 4.72 5.6
0.002201 4.72 5.68
0.002202 4.72 5.6
0.002203 4.8 5.68
0.002204 4.8 5.6
0.002205 4.8 5.52
0.002206 4.8 5.68
0.002207 4.8 5.6
0.002208 4.8 5.6
0.002209 4.8 5.6
0.00221 4.8 5.52
0.002211 4.88 5.6
0.002212 4.8 5.6
0.002213 4.8 5.6
0.002214 4.88 5.6
0.002215 4.88 5.6
0.002216 4.8 5.6
0.002217 4.88 5.52
0.002218 4.88 5.52
0.002219 4.88 5.52
0.00222 4.88 5.52
0.002221 4.88 5.52
0.002222 4.88 5.44
0.002223 4.88 5.44
0.002224 4.88 5.44
0.002225 4.88 5.52
0.002226 4.88 5.44
0.002227 4.88 5.44
0.002228 4.88 5.44
0.002229 4.88 5.44
0.00223 4.88 5.44
0.002231 4.88 5.36
0.002232 4.88 5.44
0.002233 4.88 5.36
0.002234 4.88 5.36
0.002235 4.88 5.36
0.002236 4.88 5.28
0.002237 4.88 5.36
0.002238 4.88 5.28
0.002239 4.88 5.2
0.00224 4.88 5.28
0.002241 4.88 5.2
0.002242 4.88 5.2
0.002243 4.88 5.12
0.002244 4.88 5.12
0.002245 4.88 5.2
0.002246 4.88 5.12
0.002247 4.88 5.12
0.002248 4.88 5.2
0.002249 4.88 5.12
0.00225 4.88 5.12
0.002251 4.88 5.04
0.002252 4.88 5.04
0.002253 4.88 5.04
0.002254 4.88 4.96
0.002255 4.88 4.96
0.002256 4.88 4.96
0.002257 4.8 4.88
0.002258 4.88 4.88
0.002259 4.8 4.88
0.00226 4.8 4.88
0.002261 4.8 4.88
0.002262 4.8 4.8
0.002263 4.72 4.8
0.002264 4.8 4.8
0.002265 4.72 4.8
0.002266 4.8 4.8
0.002267 4.8 4.72
0.002268 4.72 4.72
0.002269 4.72 4.64
0.00227 4.72 4.64
0.002271 4.72 4.64
0.002272 4.72 4.56
0.002273 4.72 4.56
0.002274 4.72 4.56
0.002275 4.72 4.48
0.002276 4.72 4.48
0.002277 4.56 4.4
0.002278 4.72 4.4
0.002279 4.64 4.4
0.00228 4.56 4.32
0.002281 4.56 4.32
0.002282 4.56 4.24
0.002283 4.56 4.16
0.002284 4.56 4.24
0.002285 4.56 4.16
0.002286 4.48 4.16
0.002287 4.48 4.16
0.002288 4.48 4.08
0.002289 4.4 4.16
0.00229 4.48 4
0.002291 4.4 4
0.002292 4.4 4
0.002293 4.4 3.84
0.002294 4.4 3.92
0.002295 4.4 3.84
0.002296 4.4 3.76
0.002297 4.32 3.84
0.002298 4.32 3.76
0.002299 4.32 3.68
0.0023 4.16 3.68
0.002301 4.24 3.6
0.002302 4.16 3.68
0.002303 4.16 3.6
0.002304 4.16 3.52
0.002305 4.16 3.52
0.002306 4.16 3.44
0.002307 4.08 3.44
0.002308 4.08 3.44
0.002309 4.08 3.36
0.00231 4.08 3.36
0.002311 4 3.28
0.002312 3.92 3.28
0.002313 4 3.2
0.002314 3.92 3.2
0.002315 3.92 3.12
0.002316 3.84 3.12
0.002317 3.84 3.04
0.002318 3.84 3.04
0.002319 3.84 2.88
0.00232 3.76 2.96
0.002321 3.76 2.96
0.002322 3.76 2.88
0.002323 3.76 2.88
0.002324 3.6 2.72
0.002325 3.68 2.72
0.002326 3.6 2.72
0.002327 3.6 2.64
0.002328 3.6 2.64
0.002329 3.52 2.56
0.00233 3.52 2.56
0.002331 3.52 2.56
0.002332 3.44 2.48
0.002333 3.44 2.48
0.002334 3.44 2.32
0.002335 3.44 2.4
0.002336 3.36 2.32
0.002337 3.28 2.24
0.002338 3.28 2.24
0.002339 3.2 2.16
0.00234 3.28 2.08
0.002341 3.2 2.08
0.002342 3.2 2.08
0.002343 3.12 2
0.002344 3.12 1.92
0.002345 3.12 1.92
0.002346 3.04 1.76
0.002347 2.96 1.76
0.002348 2.96 1.76
0.002349 2.88 1.76
0.00235 2.96 1.68
0.002351 2.88 1.6
0.002352 2.8 1.6
0.002353 2.8 1.52
0.002354 2.8 1.52
0.002355 2.8 1.44
0.002356 2.64 1.36
0.002357 2.64 1.44
0.002358 2.64 1.28
0.002359 2.56 1.28
0.00236 2.56 1.28
0.002361 2.48 1.12
0.002362 2.48 1.2
0.002363 2.48 1.12
0.002364 2.32 1.04
0.002365 2.4 1.04
0.002366 2.32 0.96
0.002367 2.32 0.96
0.002368 2.32 0.88
0.002369 2.24 0.88
0.00237 2.24 0.8
0.002371 2.16 0.72
0.002372 2.16 0.72
0.002373 2.16 0.64
0.002374 2.16 0.56
0.002375 2 0.64
0.002376 1.92 0.48
0.002377 1.92 0.4
0.002378 1.92 0.4
0.002379 1.84 0.32
0.00238 1.84 0.32
0.002381 1.84 0.32
0.002382 1.76 0.16
0.002383 1.76 0.16
0.002384 1.68 0.08
0.002385 1.6 0.08
0.002386 1.6 0.08
0.002387 1.6 0
0.002388 1.52 -0.16
0.002389 1.52 -0.24
0.00239 1.52 -0.24
0.002391 1.44 -0.24
0.002392 1.36 -0.32
0.002393 1.36 -0.32
0.002394 1.28 -0.4
0.002395 1.36 -0.4
0.002396 1.2 -0.48
0.002397 1.2 -0.56
0.002398 1.2 -0.56
0.002399 1.12 -0.64
0.0024 1.04 -0.64
0.002401 1.04 -0.64
0.002402 0.96 -0.8
0.002403 0.96 -0.88
0.002404 0.96 -0.88
0.002405 0.88 -0.96
0.002406 0.88 -0.96
0.002407 0.8 -0.96
0.002408 0.72 -1.04
0.002409 0.64 -1.04
0.00241 0.72 -1.2
0.002411 0.64 -1.2
0.002412 0.64 -1.2
0.002413 0.56 -1.28
0.002414 0.56 -1.28
0.002415 0.56 -1.36
0.002416 0.4 -1.36
0.002417 0.4 -1.36
0.002418 0.4 -1.52
0.002419 0.32 -1.52
0.00242 0.24 -1.6
0.002421 0.24 -1.6
0.002422 0.24 -1.6
0.002423 0.24 -1.68
0.002424 0.08 -1.68
0.002425 0.08 -1.84
0.002426 0 -1.92
0.002427 0 -1.84
0.002428 0 -1.92
0.002429 -0.16 -2
0.00243 -0.16 -2
0.002431 -0.32 -2
0.002432 -0.32 -2.16
0.002433 -0.32 -2.16
0.002434 -0.4 -2.24
0.002435 -0.4 -2.24
0.002436 -0.4 -2.32
0.002437 -0.48 -2.32
0.002438 -0.48 -2.32
0.002439 -0.56 -2.4
0.00244 -0.64 -2.32
0.002441 -0.64 -2.48
0.002442 -0.64 -2.56
0.002443 -0.72 -2.56
0.002444 -0.8 -2.64
0.002445 -0.8 -2.64
0.002446 -0.8 -2.72
0.002447 -0.8 -2.8
0.002448 -0.96 -2.8
0.002449 -0.96 -2.88
0.00245 -0.96 -2.8
0.002451 -1.04 -2.88
0.002452 -1.12 -2.96
0.002453 -1.12 -2.96
0.002454 -1.12 -2.96
0.002455 -1.2 -3.04
0.002456 -1.2 -3.12
0.002457 -1.28 -3.12
0.002458 -1.28 -3.12
0.002459 -1.44 -3.2
0.00246 -1.44 -3.28
0.002461 -1.44 -3.28
0.002462 -1.44 -3.28
0.002463 -1.44 -3.44
0.002464 -1.52 -3.36
0.002465 -1.6 -3.52
0.002466 -1.68 -3.52
0.002467 -1.68 -3.52
0.002468 -1.68 -3.68
0.002469 -1.76 -3.52
0.00247 -1.76 -3.68
0.002471 -1.76 -3.68
0.002472 -1.84 -3.68
0.002473 -1.92 -3.76
0.002474 -1.92 -3.76
0.002475 -2 -3.84
0.002476 -2 -3.84
0.002477 -2 -3.84
0.002478 -2.08 -3.92
0.002479 -2.08 -3.92
0.00248 -2.08 -4
0.002481 -2.16 -4
0.002482 -2.24 -4
0.002483 -2.32 -4.08
0.002484 -2.32 -4.08
0.002485 -2.4 -4.16
0.002486 -2.4 -4.16
0.002487 -2.4 -4.24
0.002488 -2.4 -4.32
0.002489 -2.48 -4.24
0.00249 -2.56 -4.32
0.002491 -2.56 -4.24
0.002492 -2.56 -4.32
0.002493 -2.64 -4.4
0.002494 -2.72 -4.4
0.002495 -2.72 -4.48
0.002496 -2.72 -4.48
0.002497 -2.72 -4.56
0.002498 -2.8 -4.48
0.002499 -2.72 -4.56
0.0025 -2.88 -4.56
0.002501 -2.96 -4.64
0.002502 -2.96 -4.72
0.002503 -2.96 -4.64
0.002504 -2.96 -4.8
0.002505 -3.04 -4.72
0.002506 -3.04 -4.8
0.002507 -3.04 -4.8
0.002508 -3.2 -4.8
0.002509 -3.2 -4.8
0.00251 -3.2 -4.88
0.002511 -3.2 -4.88
0.002512 -3.2 -4.96
0.002513 -3.28 -4.88
0.002514 -3.28 -4.88
0.002515 -3.36 -4.96
0.002516 -3.36 -4.96
0.002517 -3.44 -5.04
0.002518 -3.44 -5.04
0.002519 -3.52 -5.12
0.00252 -3.52 -5.12
0.002521 -3.52 -5.12
0.002522 -3.52 -5.12
0.002523 -3.6 -5.2
0.002524 -3.6 -5.2
0.002525 -3.68 -5.2
0.002526 -3.68 -5.2
0.002527 -3.68 -5.2
0.002528 -3.68 -5.28
0.002529 -3.68 -5.28
0.00253 -3.76 -5.36
0.002531 -3.84 -5.2
0.002532 -3.84 -5.28
0.002533 -3.92 -5.36
0.002534 -3.92 -5.36
0.002535 -3.92 -5.44
0.002536 -4 -5.36
0.002537 -4 -5.36
0.002538 -4 -5.44
0.002539 -4 -5.44
0.00254 -4 -5.44
0.002541 -4.16 -5.44
0.002542 -4.08 -5.52
0.002543 -4 -5.52
0.002544 -4.16 -5.52
0.002545 -4.16 -5.52
0.002546 -4.16 -5.52
0.002547 -4.24 -5.52
0.002548 -4.24 -5.6
0.002549 -4.32 -5.6
0.00255 -4.32 -5.6
0.002551 -4.32 -5.6
0.002552 -4.32 -5.6
0.002553 -4.32 -5.6
0.002554 -4.32 -5.68
0.002555 -4.4 -5.6
0.002556 -4.4 -5.68
0.002557 -4.4 -5.68
0.002558 -4.48 -5.68
0.002559 -4.48 -5.68
0.00256 -4.48 -5.68
0.002561 -4.56 -5.68
0.002562 -4.48 -5.68
0.002563 -4.56 -5.68
0.002564 -4.56 -5.68
0.002565 -4.56 -5.68
0.002566 -4.56 -5.76
0.002567 -4.64 -5.68
0.002568 -4.64 -5.68
0.002569 -4.64 -5.76
0.00257 -4.64 -5.76
0.002571 -4.8 -5.76
0.002572 -4.64 -5.76
0.002573 -4.72 -5.68
0.002574 -4.72 -5.76
0.002575 -4.72 -5.76
0.002576 -4.8 -5.68
0.002577 -4.8 -5.76
0.002578 -4.8 -5.76
0.002579 -4.8 -5.76
0.00258 -4.88 -5.76
0.002581 -4.88 -5.76
0.002582 -4.88 -5.76
0.002583 -4.88 -5.68
0.002584 -4.88 -5.76
0.002585 -4.88 -5.76
0.002586 -4.88 -5.76
0.002587 -4.88 -5.76
0.002588 -4.96 -5.76
0.002589 -4.96 -5.76
0.00259 -4.96 -5.76
0.002591 -4.96 -5.68
0.002592 -4.96 -5.76
0.002593 -4.96 -5.76
0.002594 -4.96 -5.68
0.002595 -4.96 -5.76
0.002596 -4.96 -5.68
0.002597 -4.96 -5.68
0.002598 -4.96 -5.68
0.002599 -4.96 -5.68
0.0026 -4.96 -5.68
0.002601 -4.96 -5.68
0.002602 -4.96 -5.68
0.002603 -4.96 -5.68
0.002604 -4.96 -5.6
0.002605 -5.04 -5.68
0.002606 -5.04 -5.6
0.002607 -5.04 -5.6
0.002608 -5.12 -5.68
0.002609 -4.96 -5.6
0.00261 -5.04 -5.6
0.002611 -5.12 -5.6
0.002612 -5.12 -5.6
0.002613 -5.12 -5.52
0.002614 -5.12 -5.52
0.002615 -5.12 -5.52
0.002616 -5.12 -5.52
0.002617 -5.04 -5.52
0.002618 -5.12 -5.44
0.002619 -5.12 -5.52
0.00262 -5.12 -5.44
0.002621 -5.12 -5.44
0.002622 -5.04 -5.44
0.002623 -5.12 -5.36
0.002624 -5.12 -5.44
0.002625 -4.96 -5.36
0.002626 -5.12 -5.44
0.002627 -5.12 -5.36
0.002628 -5.12 -5.28
0.002629 -5.12 -5.36
0.00263 -5.12 -5.2
0.002631 -5.04 -5.36
0.002632 -5.12 -5.2
0.002633 -5.04 -5.2
0.002634 -5.04 -5.28
0.002635 -5.04 -5.2
0.002636 -5.04 -5.2
0.002637 -4.96 -5.2
0.002638 -5.04 -5.12
0.002639 -5.04 -5.12
0.00264 -4.96 -5.04
0.002641 -4.96 -5.12
0.002642 -5.04 -5.04
0.002643 -4.96 -5.04
0.002644 -4.96 -5.04
0.002645 -4.96 -4.96
0.002646 -4.96 -4.88
0.002647 -4.96 -4.88
0.002648 -4.96 -4.96
0.002649 -4.96 -4.88
0.00265 -4.96 -4.88
0.002651 -4.96 -4.8
0.002652 -4.96 -4.8
0.002653 -4.96 -4.8
0.002654 -4.88 -4.72
0.002655 -4.88 -4.8
0.002656 -4.88 -4.72
0.002657 -4.88 -4.72
0.002658 -4.8 -4.72
0.002659 -4.88 -4.56
0.00266 -4.8 -4.56
0.002661 -4.8 -4.56
0.002662 -4.8 -4.56
0.002663 -4.8 -4.56
0.002664 -4.8 -4.4
0.002665 -4.8 -4.48
0.002666 -4.72 -4.4
0.002667 -4.8 -4.4
0.002668 -4.72 -4.4
0.002669 -4.64 -4.24
0.00267 -4.64 -4.32
0.002671 -4.64 -4.24
0.002672 -4.64 -4.24
0.002673 -4.64 -4.24
0.002674 -4.64 -4.16
0.002675 -4.56 -4.16
0.002676 -4.56 -4.16
0.002677 -4.56 -4.08
0.002678 -4.56 -4
0.002679 -4.48 -4.08
0.00268 -4.48 -4
0.002681 -4.48 -3.92
0.002682 -4.48 -3.92
0.002683 -4.48 -3.84
0.002684 -4.4 -3.84
0.002685 -4.4 -3.84
0.002686 -4.32 -3.84
0.002687 -4.32 -3.76
0.002688 -4.32 -3.68
0.002689 -4.32 -3.76
0.00269 -4.24 -3.6
0.002691 -4.24 -3.6
0.002692 -4.24 -3.6
0.002693 -4.24 -3.52
0.002694 -4.16 -3.52
0.002695 -4.24 -3.52
0.002696 -4.24 -3.44
0.002697 -4.16 -3.44
0.002698 -4.16 -3.36
0.002699 -4.16 -3.28
0.0027 -4 -3.28
0.002701 -4 -3.2
0.002702 -4 -3.2
0.002703 -4 -3.12
0.002704 -4 -3.12
0.002705 -4 -3.12
0.002706 -3.92 -2.96
0.002707 -3.84 -2.96
0.002708 -3.84 -2.96
0.002709 -3.84 -2.96
0.00271 -3.84 -2.88
0.002711 -3.76 -2.8
0.002712 -3.84 -2.8
0.002713 -3.68 -2.8
0.002714 -3.68 -2.72
0.002715 -3.68 -2.64
0.002716 -3.68 -2.64
0.002717 -3.68 -2.56
0.002718 -3.6 -2.56
0.002719 -3.6 -2.48
0.00272 -3.52 -2.48
0.002721 -3.52 -2.32
0.002722 -3.52 -2.32
0.002723 -3.44 -2.32
0.002724 -3.36 -2.16
0.002725 -3.36 -2.24
0.002726 -3.36 -2.16
0.002727 -3.28 -2.16
0.002728 -3.28 -2.16
0.002729 -3.28 -2
0.00273 -3.2 -2
0.002731 -3.2 -1.92
0.002732 -3.2 -1.92
0.002733 -3.12 -1.92
0.002734 -3.12 -1.84
0.002735 -3.04 -1.76
0.002736 -3.04 -1.76
0.002737 -2.96 -1.68
0.002738 -2.96 -1.6
0.002739 -2.88 -1.6
0.00274 -2.88 -1.6
0.002741 -2.88 -1.52
0.002742 -2.72 -1.36
0.002743 -2.72 -1.36
0.002744 -2.72 -1.36
0.002745 -2.72 -1.28
0.002746 -2.72 -1.36
0.002747 -2.64 -1.2
0.002748 -2.64 -1.2
0.002749 -2.56 -1.28
0.00275 -2.56 -1.12
0.002751 -2.56 -1.12
0.002752 -2.56 -1.04
0.002753 -2.4 -0.96
0.002754 -2.4 -0.96
0.002755 -2.4 -0.88
0.002756 -2.32 -0.88
0.002757 -2.32 -0.8
0.002758 -2.24 -0.72
0.002759 -2.24 -0.8
0.00276 -2.24 -0.64
0.002761 -2.16 -0.64
0.002762 -2.08 -0.64
0.002763 -2.08 -0.48
0.002764 -2 -0.48
0.002765 -2 -0.4
0.002766 -1.92 -0.4
0.002767 -1.92 -0.32
0.002768 -1.92 -0.32
0.002769 -1.84 -0.24
0.00277 -1.76 -0.24
0.002771 -1.76 0
0.002772 -1.76 -0.16
0.002773 -1.76 0
0.002774 -1.68 0.08
0.002775 -1.68 0.08
0.002776 -1.6 0.16
0.002777 -1.52 0.08
0.002778 -1.52 0.24
0.002779 -1.44 0.32
0.00278 -1.44 0.32
0.002781 -1.36 0.4
0.002782 -1.44 0.4
0.002783 -1.36 0.4
0.002784 -1.28 0.48
0.002785 -1.2 0.56
0.002786 -1.12 0.64
0.002787 -1.12 0.64
0.002788 -1.12 0.72
0.002789 -1.12 0.72
0.00279 -1.04 0.8
0.002791 -1.04 0.88
0.002792 -0.96 0.88
0.002793 -0.96 0.88
0.002794 -0.96 0.96
0.002795 -0.8 1.04
0.002796 -0.8 1.04
0.002797 -0.72 1.12
0.002798 -0.72 1.12
0.002799 -0.72 1.12
0.0028 -0.64 1.28
0.002801 -0.64 1.28
0.002802 -0.56 1.36
0.002803 -0.48 1.36
0.002804 -0.48 1.36
0.002805 -0.48 1.44
0.002806 -0.4 1.52
0.002807 -0.32 1.6
0.002808 -0.32 1.52
0.002809 -0.32 1.6
0.00281 -0.24 1.68
0.002811 -0.16 1.68
0.002812 -0.16 1.76
0.002813 -0.16 1.84
0.002814 0 1.76
0.002815 0 1.92
0.002816 0.08 1.92
0.002817 0.16 2
0.002818 0.24 2
0.002819 0.24 2.08
0.00282 0.24 2.16
0.002821 0.32 2.16
0.002822 0.32 2.24
0.002823 0.4 2.32
0.002824 0.4 2.24
0.002825 0.4 2.32
0.002826 0.56 2.4
0.002827 0.56 2.4
0.002828 0.56 2.48
0.002829 0.64 2.56
0.00283 0.64 2.56
0.002831 0.72 2.56
0.002832 0.72 2.64
0.002833 0.88 2.72
0.002834 0.8 2.72
0.002835 0.88 2.72
0.002836 0.88 2.88
0.002837 0.96 2.88
0.002838 0.96 2.88
0.002839 0.96 2.96
0.00284 1.04 2.88
0.002841 1.04 2.96
0.002842 1.12 3.04
0.002843 1.2 3.04
0.002844 1.2 3.12
0.002845 1.2 3.12
0.002846 1.28 3.2
0.002847 1.28 3.2
0.002848 1.36 3.2
0.002849 1.36 3.28
0.00285 1.44 3.28
0.002851 1.52 3.36
0.002852 1.52 3.36
0.002853 1.52 3.44
0.002854 1.6 3.52
0.002855 1.6 3.52
0.002856 1.6 3.52
0.002857 1.68 3.6
0.002858 1.68 3.6
0.002859 1.76 3.68
0.00286 1.84 3.68
0.002861 1.84 3.68
0.002862 1.92 3.84
0.002863 1.92 3.76
0.002864 2 3.84
0.002865 2 3.92
0.002866 2 3.84
0.002867 2 3.92
0.002868 2.16 3.92
0.002869 2.24 3.92
0.00287 2.16 4
0.002871 2.24 4.08
0.002872 2.32 4.16
0.002873 2.32 4.16
0.002874 2.32 4.16
0.002875 2.32 4.24
0.002876 2.48 4.24
0.002877 2.48 4.24
0.002878 2.48 4.24
0.002879 2.48 4.32
0.00288 2.56 4.4
0.002881 2.56 4.4
0.002882 2.56 4.4
0.002883 2.64 4.4
0.002884 2.72 4.48
0.002885 2.8 4.48
0.002886 2.8 4.56
0.002887 2.8 4.56
0.002888 2.8 4.64
0.002889 2.8 4.56
0.00289 2.88 4.64
0.002891 2.88 4.64
0.002892 2.96 4.64
0.002893 2.96 4.72
0.002894 2.96 4.72
0.002895 3.04 4.72
0.002896 3.12 4.8
0.002897 3.12 4.8
0.002898 3.12 4.88
0.002899 3.12 4.8
0.0029 3.2 4.8
0.002901 3.2 4.88
0.002902 3.28 4.88
0.002903 3.28 4.96
0.002904 3.36 4.88
0.002905 3.36 4.96
0.002906 3.44 5.04
0.002907 3.44 4.96
0.002908 3.44 5.04
0.002909 3.52 5.12
0.00291 3.44 5.12
0.002911 3.52 5.12
0.002912 3.52 5.12
0.002913 3.52 5.12
0.002914 3.6 5.2
0.002915 3.68 5.2
0.002916 3.76 5.2
0.002917 3.6 5.2
0.002918 3.76 5.2
0.002919 3.76 5.2
0.00292 3.76 5.28
0.002921 3.76 5.28
0.002922 3.76 5.36
0.002923 3.84 5.28
0.002924 3.92 5.36
0.002925 3.92 5.44
0.002926 3.92 5.28
0.002927 3.92 5.36
0.002928 3.92 5.28
0.002929 3.92 5.44
0.00293 3.92 5.44
0.002931 4 5.44
0.002932 4.08 5.44
0.002933 4.08 5.44
0.002934 4.08 5.44
0.002935 4.16 5.52
0.002936 4.08 5.44
0.002937 4.16 5.44
0.002938 4.16 5.44
0.002939 4.24 5.52
0.00294 4.24 5.6
0.002941 4.24 5.52
0.002942 4.24 5.52
0.002943 4.24 5.52
0.002944 4.32 5.52
0.002945 4.32 5.6
0.002946 4.32 5.6
0.002947 4.4 5.52
0.002948 4.4 5.6
0.002949 4.4 5.6
0.00295 4.4 5.6
0.002951 4.48 5.6
0.002952 4.4 5.6
0.002953 4.48 5.6
0.002954 4.48 5.6
0.002955 4.48 5.6
0.002956 4.48 5.68
0.002957 4.48 5.6
0.002958 4.56 5.68
0.002959 4.56 5.6
0.00296 4.56 5.6
0.002961 4.56 5.68
0.002962 4.56 5.6
0.002963 4.64 5.6
0.002964 4.64 5.68
0.002965 4.56 5.6
0.002966 4.72 5.68
0.002967 4.72 5.6
0.002968 4.72 5.6
0.002969 4.72 5.6
0.00297 4.72 5.6
0.002971 4.72 5.6
0.002972 4.72 5.6
0.002973 4.72 5.6
0.002974 4.72 5.6
0.002975 4.72 5.6
0.002976 4.8 5.6
0.002977 4.72 5.6
0.002978 4.8 5.6
0.002979 4.8 5.6
0.00298 4.8 5.6
0.002981 4.8 5.52
0.002982 4.72 5.6
0.002983 4.88 5.52
0.002984 4.88 5.6
0.002985 4.88 5.6
0.002986 4.88 5.52
0.002987 4.8 5.52
0.002988 4.88 5.52
0.002989 4.88 5.52
0.00299 4.88 5.6
0.002991 4.88 5.44
0.002992 4.88 5.52
0.002993 4.88 5.44
0.002994 4.88 5.52
0.002995 4.88 5.44
0.002996 4.88 5.36
0.002997 4.88 5.44
0.002998 4.88 5.44
0.002999 4.88 5.44
0.003 4.88 5.44
0.003001 4.96 5.36
0.003002 4.88 5.44
0.003003 4.88 5.28
0.003004 4.88 5.28
0.003005 4.96 5.36
0.003006 4.88 5.28
0.003007 4.88 5.28
0.003008 4.88 5.28
0.003009 4.96 5.2
0.00301 4.88 5.2
0.003011 4.88 5.2
0.003012 4.88 5.2
0.003013 4.88 5.2
0.003014 4.88 5.2
0.003015 4.88 5.12
0.003016 4.88 5.2
0.003017 4.88 5.2
0.003018 4.88 5.12
0.003019 4.88 5.12
0.00302 4.8 5.12
0.003021 4.88 5.12
0.003022 4.88 5.04
0.003023 4.88 4.96
0.003024 4.88 4.96
0.003025 4.88 4.96
0.003026 4.88 4.96
0.003027 4.8 4.88
0.003028 4.8 4.88
0.003029 4.88 4.88
0.00303 4.8 4.88
0.003031 4.8 4.88
0.003032 4.8 4.8
0.003033 4.8 4.8
0.003034 4.8 4.72
0.003035 4.8 4.72
0.003036 4.72 4.72
0.003037 4.72 4.64
0.003038 4.72 4.72
0.003039 4.8 4.64
0.00304 4.72 4.56
0.003041 4.72 4.56
0.003042 4.72 4.56
0.003043 4.72 4.48
0.003044 4.72 4.56
0.003045 4.72 4.48
0.003046 4.64 4.4
0.003047 4.72 4.4
0.003048 4.56 4.32
0.003049 4.56 4.32
0.00305 4.56 4.32
0.003051 4.56 4.24
0.003052 4.56 4.24
0.003053 4.48 4.24
0.003054 4.48 4.24
0.003055 4.48 4.16
0.003056 4.48 4.08
0.003057 4.48 4.16
0.003058 4.48 4.08
0.003059 4.4 4
0.00306 4.48 4
0.003061 4.4 3.92
0.003062 4.4 3.92
0.003063 4.4 3.92
0.003064 4.32 3.84
0.003065 4.32 3.92
0.003066 4.24 3.84
0.003067 4.32 3.76
0.003068 4.24 3.76
0.003069 4.24 3.68
0.00307 4.24 3.68
0.003071 4.24 3.68
0.003072 4.16 3.6
0.003073 4.16 3.6
0.003074 4.16 3.52
0.003075 4.08 3.52
0.003076 4.08 3.52
0.003077 4.08 3.36
0.003078 4.08 3.36
0.003079 4.08 3.28
0.00308 4 3.36
0.003081 4 3.28
0.003082 3.92 3.2
0.003083 3.92 3.28
0.003084 3.92 3.12
0.003085 3.84 3.04
0.003086 3.84 3.2
0.003087 3.76 2.96
0.003088 3.76 2.96
0.003089 3.76 2.88
0.00309 3.76 2.96
0.003091 3.76 2.88
0.003092 3.76 2.8
0.003093 3.76 2.88
0.003094 3.6 2.72
0.003095 3.6 2.72
0.003096 3.6 2.72
0.003097 3.6 2.64
0.003098 3.52 2.56
0.003099 3.52 2.56
0.0031 3.52 2.48
0.003101 3.44 2.4
0.003102 3.44 2.4
0.003103 3.44 2.4
0.003104 3.44 2.4
0.003105 3.36 2.32
0.003106 3.28 2.24
0.003107 3.28 2.24
0.003108 3.28 2.16
0.003109 3.28 2.16
0.00311 3.28 2.08
0.003111 3.2 2
0.003112 3.12 2
0.003113 3.12 1.92
0.003114 3.12 1.92
0.003115 2.96 1.84
0.003116 3.04 1.76
0.003117 2.96 1.84
0.003118 2.96 1.68
0.003119 2.88 1.68
0.00312 2.88 1.68
0.003121 2.88 1.6
0.003122 2.8 1.6
0.003123 2.8 1.52
0.003124 2.8 1.44
0.003125 2.64 1.44
0.003126 2.64 1.36
0.003127 2.64 1.36
0.003128 2.64 1.28
0.003129 2.56 1.28
0.00313 2.56 1.2
0.003131 2.56 1.2
0.003132 2.48 1.12
0.003133 2.48 1.04
0.003134 2.48 1.04
0.003135 2.32 0.96
0.003136 2.32 0.96
0.003137 2.24 0.88
0.003138 2.24 0.8
0.003139 2.16 0.72
0.00314 2.16 0.72
0.003141 2.16 0.72
0.003142 2.16 0.56
0.003143 2.08 0.64
0.003144 2 0.48
0.003145 2 0.48
0.003146 2 0.48
0.003147 1.92 0.4
0.003148 1.92 0.4
0.003149 1.84 0.32
0.00315 1.84 0.24
0.003151 1.84 0.24
0.003152 1.76 0.08
0.003153 1.68 0.08
0.003154 1.6 0.08
0.003155 1.6 0
0.003156 1.52 0
0.003157 1.52 0
0.003158 1.52 -0.16
0.003159 1.52 -0.16
0.00316 1.52 -0.32
0.003161 1.44 -0.32
0.003162 1.36 -0.32
0.003163 1.28 -0.4
0.003164 1.28 -0.4
0.003165 1.28 -0.48
0.003166 1.2 -0.48
0.003167 1.2 -0.56
0.003168 1.12 -0.64
0.003169 1.04 -0.64
0.00317 1.04 -0.72
0.003171 1.04 -0.72
0.003172 0.96 -0.72
0.003173 0.96 -0.8
0.003174 0.88 -0.88
0.003175 0.88 -0.96
0.003176 0.88 -0.96
0.003177 0.72 -0.96
0.003178 0.72 -1.04
0.003179 0.72 -1.12
0.00318 0.64 -1.2
0.003181 0.64 -1.2
0.003182 0.56 -1.2
0.003183 0.56 -1.28
0.003184 0.56 -1.28
0.003185 0.56 -1.36
0.003186 0.4 -1.44
0.003187 0.4 -1.44
0.003188 0.32 -1.52
0.003189 0.24 -1.6
0.00319 0.24 -1.6
0.003191 0.24 -1.6
0.003192 0.24 -1.68
0.003193 0.16 -1.68
0.003194 0.08 -1.84
0.003195 0 -1.84
0.003196 0 -1.84
0.003197 -0.16 -1.92
0.003198 -0.16 -1.92
0.003199 -0.16 -2
0.0032 -0.24 -2
0.003201 -0.32 -2.08
0.003202 -0.32 -2.16
0.003203 -0.4 -2.16
0.003204 -0.4 -2.24
0.003205 -0.4 -2.24
0.003206 -0.48 -2.32
0.003207 -0.48 -2.32
0.003208 -0.48 -2.32
0.003209 -0.56 -2.48
0.00321 -0.64 -2.48
0.003211 -0.72 -2.56
0.003212 -0.72 -2.56
0.003213 -0.8 -2.64
0.003214 -0.8 -2.64
0.003215 -0.8 -2.72
0.003216 -0.88 -2.72
0.003217 -0.96 -2.72
0.003218 -0.96 -2.8
0.003219 -0.96 -2.88
0.00322 -1.04 -2.96
0.003221 -1.12 -2.88
0.003222 -1.12 -2.96
0.003223 -1.12 -3.04
0.003224 -1.12 -3.04
0.003225 -1.28 -3.12
0.003226 -1.28 -3.12
0.003227 -1.28 -3.12
0.003228 -1.36 -3.2
0.003229 -1.36 -3.2
0.00323 -1.44 -3.36
0.003231 -1.44 -3.36
0.003232 -1.44 -3.28
0.003233 -1.6 -3.44
0.003234 -1.6 -3.36
0.003235 -1.6 -3.52
0.003236 -1.68 -3.6
0.003237 -1.68 -3.52
0.003238 -1.76 -3.6
0.003239 -1.76 -3.6
0.00324 -1.76 -3.68
0.003241 -1.84 -3.76
0.003242 -1.92 -3.68
0.003243 -1.92 -3.76
0.003244 -2 -3.76
0.003245 -2 -3.84
0.003246 -2.08 -3.92
0.003247 -2.08 -3.92
0.003248 -2.08 -3.92
0.003249 -2.08 -4
0.00325 -2.16 -4
0.003251 -2.24 -4
0.003252 -2.24 -4.08
0.003253 -2.24 -4.08
0.003254 -2.4 -4.16
0.003255 -2.32 -4.16
0.003256 -2.4 -4.24
0.003257 -2.4 -4.24
0.003258 -2.4 -4.24
0.003259 -2.56 -4.32
0.00326 -2.56 -4.24
0.003261 -2.56 -4.4
0.003262 -2.56 -4.4
0.003263 -2.64 -4.4
0.003264 -2.72 -4.48
0.003265 -2.72 -4.48
0.003266 -2.72 -4.48
0.003267 -2.8 -4.56
0.003268 -2.88 -4.56
0.003269 -2.88 -4.64
0.00327 -2.88 -4.64
0.003271 -2.96 -4.64
0.003272 -2.96 -4.72
0.003273 -3.04 -4.72
0.003274 -3.04 -4.72
0.003275 -3.04 -4.72
0.003276 -3.04 -4.72
0.003277 -3.2 -4.8
0.003278 -3.2 -4.8
0.003279 -3.2 -4.88
0.00328 -3.28 -4.88
0.003281 -3.28 -4.88
0.003282 -3.28 -4.88
0.003283 -3.36 -4.96
0.003284 -3.36 -4.96
0.003285 -3.36 -5.04
0.003286 -3.36 -5.04
0.003287 -3.44 -5.04
0.003288 -3.52 -5.12
0.003289 -3.52 -5.12
0.00329 -3.52 -5.12
0.003291 -3.52 -5.12
0.003292 -3.6 -5.12
0.003293 -3.6 -5.2
0.003294 -3.6 -5.2
0.003295 -3.68 -5.28
0.003296 -3.68 -5.2
0.003297 -3.68 -5.2
0.003298 -3.84 -5.36
0.003299 -3.84 -5.28
0.0033 -3.84 -5.36
0.003301 -3.84 -5.36
0.003302 -3.92 -5.36
0.003303 -3.92 -5.36
0.003304 -3.92 -5.36
0.003305 -3.92 -5.36
0.003306 -4 -5.44
0.003307 -4 -5.44
0.003308 -4 -5.44
0.003309 -4.08 -5.44
0.00331 -4.08 -5.52
0.003311 -4 -5.52
0.003312 -4.08 -5.52
0.003313 -4.16 -5.52
0.003314 -4.16 -5.52
0.003315 -4.24 -5.52
0.003316 -4.16 -5.52
0.003317 -4.24 -5.52
0.003318 -4.24 -5.52
0.003319 -4.24 -5.6
0.00332 -4.32 -5.6
0.003321 -4.32 -5.6
0.003322 -4.32 -5.6
0.003323 -4.32 -5.6
0.003324 -4.32 -5.6
0.003325 -4.4 -5.6
0.003326 -4.4 -5.68
0.003327 -4.48 -5.68
0.003328 -4.48 -5.6
0.003329 -4.48 -5.68
0.00333 -4.56 -5.68
0.003331 -4.56 -5.68
0.003332 -4.56 -5.76
0.003333 -4.56 -5.68
0.003334 -4.56 -5.68
0.003335 -4.56 -5.68
0.003336 -4.64 -5.68
0.003337 -4.64 -5.76
0.003338 -4.64 -5.68
0.003339 -4.64 -5.68
0.00334 -4.64 -5.76
0.003341 -4.64 -5.76
0.003342 -4.64 -5.76
0.003343 -4.72 -5.76
0.003344 -4.8 -5.76
0.003345 -4.8 -5.76
0.003346 -4.8 -5.68
0.003347 -4.8 -5.76
0.003348 -4.8 -5.76
0.003349 -4.88 -5.68
0.00335 -4.8 -5.76
0.003351 -4.88 -5.68
0.003352 -4.8 -5.76
0.003353 -4.88 -5.76
0.003354 -4.96 -5.68
0.003355 -4.88 -5.76
0.003356 -4.96 -5.76
0.003357 -4.88 -5.76
0.003358 -4.96 -5.76
0.003359 -4.96 -5.68
0.00336 -4.96 -5.76
0.003361 -4.96 -5.76
0.003362 -4.96 -5.76
0.003363 -4.96 -5.76
0.003364 -4.96 -5.68
0.003365 -4.96 -5.76
0.003366 -4.96 -5.68
0.003367 -4.96 -5.68
0.003368 -4.96 -5.68
0.003369 -4.96 -5.68
0.00337 -4.96 -5.68
0.003371 -4.96 -5.76
0.003372 -4.96 -5.68
0.003373 -4.96 -5.6
0.003374 -5.12 -5.68
0.003375 -5.12 -5.6
0.003376 -4.96 -5.68
0.003377 -5.04 -5.6
0.003378 -5.12 -5.52
0.003379 -4.96 -5.6
0.00338 -4.96 -5.52
0.003381 -5.04 -5.52
0.003382 -5.12 -5.52
0.003383 -5.04 -5.52
0.003384 -5.12 -5.52
0.003385 -5.12 -5.44
0.003386 -5.12 -5.52
0.003387 -5.12 -5.52
0.003388 -5.12 -5.44
0.003389 -5.12 -5.44
0.00339 -5.12 -5.44
0.003391 -5.12 -5.52
0.003392 -5.04 -5.44
0.003393 -5.12 -5.36
0.003394 -5.12 -5.36
0.003395 -5.04 -5.44
0.003396 -5.12 -5.36
0.003397 -5.04 -5.36
0.003398 -5.04 -5.36
0.003399 -5.12 -5.36
0.0034 -5.12 -5.28
0.003401 -5.12 -5.28
0.003402 -5.04 -5.2
0.003403 -5.12 -5.2
0.003404 -5.12 -5.2
0.003405 -5.04 -5.2
0.003406 -5.12 -5.2
0.003407 -5.12 -5.2
0.003408 -4.96 -5.12
0.003409 -5.04 -5.12
0.00341 -4.96 -5.12
0.003411 -5.04 -5.12
0.003412 -5.04 -5.04
0.003413 -4.96 -5.12
0.003414 -4.96 -4.96
0.003415 -5.04 -4.96
0.003416 -4.96 -4.88
0.003417 -4.96 -4.88
0.003418 -4.96 -4.96
0.003419 -4.96 -4.88
0.00342 -4.88 -4.88
0.003421 -4.88 -4.8
0.003422 -4.96 -4.8
0.003423 -4.96 -4.8
0.003424 -4.88 -4.72
0.003425 -4.88 -4.72
0.003426 -4.88 -4.64
0.003427 -4.88 -4.64
0.003428 -4.88 -4.64
0.003429 -4.8 -4.56
0.00343 -4.8 -4.56
0.003431 -4.8 -4.56
0.003432 -4.8 -4.48
0.003433 -4.8 -4.48
0.003434 -4.8 -4.48
0.003435 -4.8 -4.4
0.003436 -4.72 -4.4
0.003437 -4.72 -4.4
0.003438 -4.64 -4.32
0.003439 -4.64 -4.32
0.00344 -4.64 -4.24
0.003441 -4.72 -4.24
0.003442 -4.64 -4.16
0.003443 -4.64 -4.16
0.003444 -4.56 -4.16
0.003445 -4.56 -4.08
0.003446 -4.56 -4.16
0.003447 -4.56 -4.08
0.003448 -4.56 -4
0.003449 -4.56 -4.08
0.00345 -4.48 -3.92
0.003451 -4.56 -3.92
0.003452 -4.4 -3.84
0.003453 -4.4 -3.76
0.003454 -4.4 -3.84
0.003455 -4.32 -3.84
0.003456 -4.32 -3.84
0.003457 -4.32 -3.76
0.003458 -4.32 -3.68
0.003459 -4.32 -3.68
0.00346 -4.32 -3.6
0.003461 -4.32 -3.6
0.003462 -4.24 -3.6
0.003463 -4.24 -3.52
0.003464 -4.24 -3.52
0.003465 -4.16 -3.36
0.003466 -4.16 -3.36
0.003467 -4.16 -3.44
0.003468 -4.08 -3.36
0.003469 -4 -3.28
0.00347 -4 -3.2
0.003471 -4 -3.12
0.003472 -4 -3.2
0.003473 -4 -3.12
0.003474 -3.92 -3.04
0.003475 -3.92 -3.04
0.003476 -3.92 -2.96
0.003477 -3.92 -2.96
0.003478 -3.84 -2.96
0.003479 -3.84 -2.88
0.00348 -3.84 -2.8
0.003481 -3.68 -2.8
0.003482 -3.76 -2.8
0.003483 -3.68 -2.72
0.003484 -3.68 -2.64
0.003485 -3.68 -2.64
0.003486 -3.6 -2.56
0.003487 -3.6 -2.56
0.003488 -3.6 -2.48
0.003489 -3.52 -2.4
0.00349 -3.52 -2.4
0.003491 -3.52 -2.32
0.003492 -3.44 -2.32
0.003493 -3.36 -2.24
0.003494 -3.36 -2.24
0.003495 -3.36 -2.16
0.003496 -3.28 -2.16
0.003497 -3.28 -2
0.003498 -3.28 -2.08
0.003499 -3.28 -2.08
0.0035 -3.2 -1.92
0.003501 -3.2 -2
0.003502 -3.2 -1.84
0.003503 -3.12 -1.84
0.003504 -3.04 -1.84
0.003505 -3.04 -1.68
0.003506 -2.96 -1.76
0.003507 -2.96 -1.68
0.003508 -2.96 -1.6
0.003509 -2.88 -1.68
0.00351 -2.88 -1.52
0.003511 -2.88 -1.52
0.003512 -2.72 -1.44
0.003513 -2.72 -1.36
0.003514 -2.72 -1.36
0.003515 -2.64 -1.28
0.003516 -2.64 -1.28
0.003517 -2.64 -1.2
0.003518 -2.56 -1.2
0.003519 -2.56 -1.12
0.00352 -2.56 -1.04
0.003521 -2.48 -1.04
0.003522 -2.4 -1.04
0.003523 -2.4 -0.96
0.003524 -2.32 -0.96
0.003525 -2.4 -0.88
0.003526 -2.32 -0.72
0.003527 -2.24 -0.8
0.003528 -2.32 -0.64
0.003529 -2.24 -0.64
0.00353 -2.24 -0.64
0.003531 -2.08 -0.56
0.003532 -2.08 -0.56
0.003533 -2.08 -0.48
0.003534 -2 -0.4
0.003535 -2 -0.4
0.003536 -1.92 -0.32
0.003537 -1.92 -0.32
0.003538 -1.84 -0.24
0.003539 -1.76 -0.16
0.00354 -1.76 -0.16
0.003541 -1.76 0
0.003542 -1.76 -0.16
0.003543 -1.68 0
0.003544 -1.68 0.08
0.003545 -1.6 0.08
0.003546 -1.6 0.16
0.003547 -1.44 0.16
0.003548 -1.44 0.32
0.003549 -1.44 0.32
0.00355 -1.44 0.32
0.003551 -1.44 0.4
0.003552 -1.28 0.4
0.003553 -1.28 0.48
0.003554 -1.28 0.56
0.003555 -1.2 0.56
0.003556 -1.28 0.64
0.003557 -1.12 0.72
0.003558 -1.12 0.72
0.003559 -1.04 0.72
0.00356 -1.04 0.8
0.003561 -0.96 0.88
0.003562 -0.96 0.96
0.003563 -0.88 0.96
0.003564 -0.8 0.96
0.003565 -0.8 1.04
0.003566 -0.8 1.12
0.003567 -0.72 1.12
0.003568 -0.72 1.2
0.003569 -0.64 1.12
0.00357 -0.64 1.36
0.003571 -0.56 1.28
0.003572 -0.48 1.36
0.003573 -0.48 1.44
0.003574 -0.48 1.36
0.003575 -0.4 1.6
0.003576 -0.4 1.52
0.003577 -0.32 1.6
0.003578 -0.32 1.6
0.003579 -0.16 1.68
0.00358 -0.16 1.76
0.003581 -0.16 1.76
0.003582 -0.16 1.76
0.003583 0 1.92
0.003584 0 1.92
0.003585 0.08 1.92
0.003586 0.16 2
0.003587 0.08 2
0.003588 0.24 2.08
0.003589 0.24 2.08
0.00359 0.24 2.16
0.003591 0.32 2.24
0.003592 0.4 2.24
0.003593 0.4 2.32
0.003594 0.4 2.32
0.003595 0.48 2.32
0.003596 0.56 2.4
0.003597 0.64 2.4
0.003598 0.64 2.48
0.003599 0.56 2.56
0.0036 0.64 2.56
0.003601 0.72 2.64
0.003602 0.8 2.56
0.003603 0.88 2.72
0.003604 0.88 2.72
0.003605 0.88 2.72
0.003606 0.88 2.88
0.003607 1.04 2.88
0.003608 1.04 2.88
0.003609 0.96 2.96
0.00361 1.04 2.96
0.003611 1.12 3.04
0.003612 1.2 3.04
0.003613 1.2 3.04
0.003614 1.2 3.12
0.003615 1.2 3.2
0.003616 1.28 3.2
0.003617 1.36 3.28
0.003618 1.36 3.28
0.003619 1.36 3.36
0.00362 1.52 3.36
0.003621 1.52 3.36
0.003622 1.52 3.52
0.003623 1.52 3.52
0.003624 1.6 3.52
0.003625 1.6 3.6
0.003626 1.68 3.6
0.003627 1.76 3.6
0.003628 1.76 3.68
0.003629 1.84 3.68
0.00363 1.84 3.76
0.003631 1.92 3.76
0.003632 1.92 3.76
0.003633 1.92 3.84
0.003634 2 3.84
0.003635 2 3.92
0.003636 2 3.92
0.003637 2.08 4
0.003638 2.16 4
0.003639 2.16 4
0.00364 2.16 4.08
0.003641 2.24 4.08
0.003642 2.24 4.16
0.003643 2.32 4.16
0.003644 2.32 4.16
0.003645 2.4 4.24
0.003646 2.48 4.24
0.003647 2.48 4.24
0.003648 2.48 4.32
0.003649 2.48 4.32
0.00365 2.56 4.32
0.003651 2.56 4.4
0.003652 2.64 4.4
0.003653 2.64 4.48
0.003654 2.64 4.48
0.003655 2.8 4.48
0.003656 2.8 4.48
0.003657 2.8 4.48
0.003658 2.88 4.64
0.003659 2.88 4.56
0.00366 2.88 4.64
0.003661 2.96 4.64
0.003662 2.96 4.64
0.003663 2.96 4.72
0.003664 3.12 4.72
0.003665 3.12 4.72
0.003666 3.12 4.8
0.003667 3.12 4.8
0.003668 3.12 4.88
0.003669 3.2 4.88
0.00367 3.2 4.88
0.003671 3.28 4.96
0.003672 3.28 4.88
0.003673 3.28 4.96
0.003674 3.36 4.96
0.003675 3.44 5.04
0.003676 3.44 4.96
0.003677 3.44 5.04
0.003678 3.44 5.04
0.003679 3.44 5.12
0.00368 3.52 5.12
0.003681 3.52 5.04
0.003682 3.6 5.12
0.003683 3.6 5.12
0.003684 3.6 5.2
0.003685 3.6 5.28
0.003686 3.76 5.12
0.003687 3.76 5.2
0.003688 3.76 5.2
0.003689 3.76 5.28
0.00369 3.76 5.36
0.003691 3.76 5.28
0.003692 3.84 5.36
0.003693 3.84 5.28
0.003694 3.92 5.36
0.003695 3.92 5.36
0.003696 3.92 5.28
0.003697 3.92 5.44
0.003698 3.92 5.36
0.003699 3.92 5.44
0.0037 4.08 5.44
0.003701 4.08 5.44
0.003702 4.08 5.44
0.003703 4.08 5.44
0.003704 4.08 5.44
0.003705 4.08 5.52
0.003706 4.16 5.52
0.003707 4.16 5.52
0.003708 4.24 5.52
0.003709 4.16 5.52
0.00371 4.24 5.52
0.003711 4.24 5.52
0.003712 4.24 5.52
0.003713 4.24 5.6
0.003714 4.4 5.6
0.003715 4.4 5.52
0.003716 4.4 5.6
0.003717 4.4 5.52
0.003718 4.4 5.6
0.003719 4.4 5.6
0.00372 4.48 5.6
0.003721 4.48 5.68
0.003722 4.48 5.6
0.003723 4.48 5.6
0.003724 4.48 5.6
0.003725 4.48 5.6
0.003726 4.56 5.68
0.003727 4.56 5.6
0.003728 4.56 5.6
0.003729 4.56 5.6
0.00373 4.56 5.6
0.003731 4.56 5.6
0.003732 4.56 5.6
0.003733 4.56 5.6
0.003734 4.72 5.6
0.003735 4.72 5.6
0.003736 4.72 5.68
0.003737 4.72 5.68
0.003738 4.72 5.6
0.003739 4.72 5.68
0.00374 4.72 5.6
0.003741 4.72 5.6
0.003742 4.72 5.6
0.003743 4.72 5.6
0.003744 4.72 5.6
0.003745 4.72 5.6
0.003746 4.72 5.6
0.003747 4.8 5.52
0.003748 4.8 5.52
0.003749 4.8 5.6
0.00375 4.8 5.6
0.003751 4.8 5.52
0.003752 4.8 5.52
0.003753 4.88 5.52
0.003754 4.88 5.52
0.003755 4.88 5.52
0.003756 4.88 5.52
0.003757 4.88 5.52
0.003758 4.88 5.52
0.003759 4.88 5.52
0.00376 4.88 5.52
0.003761 4.88 5.44
0.003762 4.88 5.52
0.003763 4.88 5.44
0.003764 4.88 5.44
0.003765 4.88 5.52
0.003766 4.88 5.44
0.003767 4.88 5.44
0.003768 4.88 5.44
0.003769 4.96 5.44
0.00377 4.88 5.44
0.003771 4.88 5.44
0.003772 4.88 5.36
0.003773 4.88 5.36
0.003774 4.88 5.36
0.003775 4.88 5.36
0.003776 4.96 5.28
0.003777 4.88 5.28
0.003778 4.88 5.28
0.003779 4.96 5.2
0.00378 4.88 5.2
0.003781 4.88 5.2
0.003782 4.88 5.2
0.003783 4.88 5.2
0.003784 4.88 5.12
0.003785 4.88 5.12
0.003786 4.88 5.2
0.003787 4.88 5.12
0.003788 4.88 5.12
0.003789 4.88 5.04
0.00379 4.88 5.04
0.003791 4.88 5.04
0.003792 4.88 5.04
0.003793 4.88 4.96
0.003794 4.8 4.96
0.003795 4.8 4.96
0.003796 4.88 4.96
0.003797 4.88 4.96
0.003798 4.8 4.88
0.003799 4.8 4.88
0.0038 4.8 4.8
0.003801 4.8 4.8
0.003802 4.8 4.8
0.003803 4.8 4.72
0.003804 4.8 4.8
0.003805 4.8 4.64
0.003806 4.72 4.64
0.003807 4.72 4.72
0.003808 4.72 4.64
0.003809 4.72 4.64
0.00381 4.72 4.64
0.003811 4.72 4.56
0.003812 4.72 4.56
0.003813 4.72 4.48
0.003814 4.72 4.48
0.003815 4.64 4.48
0.003816 4.72 4.32
0.003817 4.56 4.4
0.003818 4.56 4.32
0.003819 4.56 4.32
0.00382 4.56 4.24
0.003821 4.56 4.24
0.003822 4.56 4.24
0.003823 4.56 4.24
0.003824 4.48 4.16
0.003825 4.48 4.16
0.003826 4.48 4.16
0.003827 4.4 4
0.003828 4.48 4.08
0.003829 4.4 4
0.00383 4.4 3.92
0.003831 4.4 4
0.003832 4.32 3.92
0.003833 4.4 3.92
0.003834 4.32 3.84
0.003835 4.24 3.84
0.003836 4.24 3.84
0.003837 4.24 3.76
0.003838 4.24 3.76
0.003839 4.24 3.6
0.00384 4.24 3.68
0.003841 4.16 3.6
0.003842 4.16 3.52
0.003843 4.16 3.52
0.003844 4.08 3.52
0.003845 4.08 3.44
0.003846 4.08 3.44
0.003847 4.08 3.36
0.003848 4.08 3.36
0.003849 4.08 3.28
0.00385 3.92 3.28
0.003851 3.92 3.28
0.003852 3.92 3.12
0.003853 3.92 3.12
0.003854 3.92 3.12
0.003855 3.84 3.04
0.003856 3.84 3.04
0.003857 3.76 2.96
0.003858 3.76 2.96
0.003859 3.76 2.88
0.00386 3.76 2.88
0.003861 3.76 2.8
0.003862 3.76 2.88
0.003863 3.6 2.72
0.003864 3.6 2.72
0.003865 3.6 2.64
0.003866 3.6 2.56
0.003867 3.52 2.64
0.003868 3.52 2.56
0.003869 3.52 2.56
0.00387 3.44 2.48
0.003871 3.44 2.4
0.003872 3.44 2.48
0.003873 3.44 2.32
0.003874 3.44 2.32
0.003875 3.36 2.32
0.003876 3.28 2.24
0.003877 3.28 2.24
0.003878 3.2 2.16
0.003879 3.2 2.16
0.00388 3.2 2.08
0.003881 3.12 2
0.003882 3.12 2
0.003883 3.12 1.92
0.003884 3.12 1.92
0.003885 2.96 1.84
0.003886 2.96 1.76
0.003887 2.96 1.76
0.003888 2.96 1.68
0.003889 2.88 1.6
0.00389 2.88 1.6
0.003891 2.8 1.6
0.003892 2.8 1.52
0.003893 2.8 1.44
0.003894 2.8 1.44
0.003895 2.72 1.36
0.003896 2.64 1.36
0.003897 2.64 1.28
0.003898 2.56 1.28
0.003899 2.56 1.12
0.0039 2.48 1.12
0.003901 2.48 1.2
0.003902 2.48 1.04
0.003903 2.48 1.04
0.003904 2.32 0.96
0.003905 2.32 0.96
0.003906 2.32 0.96
0.003907 2.24 0.8
0.003908 2.24 0.8
0.003909 2.24 0.72
0.00391 2.16 0.64
0.003911 2.16 0.72
0.003912 2 0.56
0.003913 2.08 0.56
0.003914 2 0.56
0.003915 2 0.4
0.003916 1.92 0.4
0.003917 1.84 0.4
0.003918 1.84 0.32
0.003919 1.84 0.32
0.00392 1.84 0.16
0.003921 1.76 0.16
0.003922 1.68 0.16
0.003923 1.68 0.08
0.003924 1.6 0.08
0.003925 1.6 0
0.003926 1.52 0
0.003927 1.52 0
0.003928 1.52 -0.16
0.003929 1.52 -0.24
0.00393 1.44 -0.32
0.003931 1.36 -0.32
0.003932 1.28 -0.32
0.003933 1.28 -0.4
0.003934 1.2 -0.4
0.003935 1.2 -0.48
0.003936 1.2 -0.56
0.003937 1.2 -0.56
0.003938 1.2 -0.64
0.003939 1.04 -0.64
0.00394 1.04 -0.72
0.003941 1.04 -0.8
0.003942 0.96 -0.8
0.003943 0.88 -0.88
0.003944 0.88 -0.96
0.003945 0.88 -0.96
0.003946 0.8 -1.04
0.003947 0.72 -1.04
0.003948 0.72 -1.04
0.003949 0.64 -1.2
0.00395 0.64 -1.2
0.003951 0.56 -1.28
0.003952 0.56 -1.28
0.003953 0.56 -1.28
0.003954 0.4 -1.36
0.003955 0.4 -1.44
0.003956 0.4 -1.44
0.003957 0.32 -1.52
0.003958 0.32 -1.52
0.003959 0.32 -1.6
0.00396 0.24 -1.6
0.003961 0.24 -1.68
0.003962 0.08 -1.76
0.003963 0.16 -1.68
0.003964 0.08 -1.84
0.003965 0 -1.84
0.003966 -0.16 -1.92
0.003967 -0.16 -2
0.003968 -0.16 -2
0.003969 -0.16 -2
0.00397 -0.24 -2
0.003971 -0.32 -2.16
0.003972 -0.32 -2.16
0.003973 -0.4 -2.16
0.003974 -0.4 -2.24
0.003975 -0.48 -2.32
0.003976 -0.48 -2.32
0.003977 -0.48 -2.32
0.003978 -0.48 -2.48
0.003979 -0.64 -2.4
0.00398 -0.64 -2.48
0.003981 -0.72 -2.56
0.003982 -0.72 -2.56
0.003983 -0.8 -2.64
0.003984 -0.8 -2.64
0.003985 -0.8 -2.8
0.003986 -0.96 -2.8
0.003987 -0.96 -2.8
0.003988 -0.96 -2.88
0.003989 -1.04 -2.88
0.00399 -1.12 -2.96
0.003991 -1.12 -2.96
0.003992 -1.12 -2.96
0.003993 -1.2 -3.12
0.003994 -1.2 -3.12
0.003995 -1.2 -3.12
0.003996 -1.28 -3.2
0.003997 -1.28 -3.2
0.003998 -1.44 -3.28
0.003999 -1.44 -3.2
