0 -0.72 -6.2
2e-07 -0.72 -6.2
4e-07 1.28 -1
6e-07 1.28 -1
8e-07 1.28 -1
1e-06 1.28 -1.2
1.2e-06 1.2 -1.2
1.4e-06 1.2 -1.4
1.6e-06 1.2 -1.6
1.8e-06 1.2 -1.6
2e-06 1.2 -1.8
2.2e-06 1.12 -1.8
2.4e-06 1.04 -2
2.6e-06 1.04 -2
2.8e-06 1.04 -2.2
3e-06 1.04 -2.4
3.2e-06 1.04 -2.2
3.4e-06 0.96 -2.4
3.6e-06 0.96 -2.4
3.8e-06 0.88 -2.6
4e-06 0.88 -2.8
4.2e-06 0.88 -2.8
4.4e-06 0.8 -3
4.6e-06 0.72 -3
4.8e-06 0.72 -3
5e-06 0.72 -3.2
5.2e-06 0.72 -3.2
5.4e-06 0.72 -3.4
5.6e-06 0.64 -3.4
5.8e-06 0.64 -3.4
6e-06 0.56 -3.6
6.2e-06 0.56 -3.8
6.4e-06 0.56 -3.8
6.6e-06 0.56 -4
6.8e-06 0.56 -3.8
7e-06 0.56 -4
7.2e-06 0.48 -4.2
7.4e-06 0.4 -4.2
7.6e-06 0.4 -4.2
7.8e-06 0.32 -4.4
8e-06 0.32 -4.4
8.2e-06 0.32 -4.6
8.4e-06 0.24 -4.6
8.6e-06 0.24 -4.6
8.8e-06 0.24 -4.6
9e-06 0.24 -4.8
9.2e-06 0.16 -5
9.4e-06 0.24 -4.8
9.6e-06 0.08 -5
9.8e-06 0.08 -5
1e-05 0.08 -5
1.02e-05 0 -5
1.04e-05 0 -5.2
1.06e-05 -0.16 -5.4
1.08e-05 -0.16 -5.4
1.1e-05 -0.16 -5.4
1.12e-05 -0.16 -5.6
1.14e-05 -0.16 -5.6
1.16e-05 -0.32 -5.6
1.18e-05 -0.32 -5.6
1.2e-05 -0.32 -5.6
1.22e-05 -0.4 -5.6
1.24e-05 -0.32 -5.8
1.26e-05 -0.4 -5.8
1.28e-05 -0.4 -5.8
1.3e-05 -0.48 -5.8
1.32e-05 -0.48 -5.8
1.34e-05 -0.48 -5.8
1.36e-05 -0.56 -6
1.38e-05 -0.56 -6
1.4e-05 -0.64 -6.2
1.42e-05 -0.64 -6
1.44e-05 -0.72 -6
1.46e-05 -0.72 -6.2
1.48e-05 -0.72 -6.2
1.5e-05 -0.72 -6.2
1.52e-05 -0.8 -6.2
1.54e-05 -0.8 -6.2
1.56e-05 -0.8 -6.2
1.58e-05 -0.8 -6.4
1.6e-05 -0.88 -6.2
1.62e-05 -0.96 -6.4
1.64e-05 -0.96 -6.4
1.66e-05 -0.96 -6.2
1.68e-05 -0.96 -6.2
1.7e-05 -1.04 -6.2
1.72e-05 -1.12 -6.4
1.74e-05 -1.12 -6.2
1.76e-05 -1.12 -6.4
1.78e-05 -1.12 -6.4
1.8e-05 -1.12 -6.2
1.82e-05 -1.12 -6.4
1.84e-05 -1.2 -6.4
1.86e-05 -1.2 -6.4
1.88e-05 -1.28 -6.4
1.9e-05 -1.28 -6.4
1.92e-05 -1.28 -6.2
1.94e-05 -1.28 -6.2
1.96e-05 -1.36 -6.2
1.98e-05 -1.36 -6
2e-05 -1.36 -6.2
2.02e-05 -1.44 -6.2
2.04e-05 -1.44 -6.2
2.06e-05 -1.44 -6.2
2.08e-05 -1.44 -6
2.1e-05 -1.44 -5.8
2.12e-05 -1.44 -6
2.14e-05 -1.44 -5.8
2.16e-05 -1.44 -5.8
2.18e-05 -1.52 -6
2.2e-05 -1.6 -5.8
2.22e-05 -1.6 -5.8
2.24e-05 -1.6 -5.8
2.26e-05 -1.6 -5.6
2.28e-05 -1.6 -5.6
2.3e-05 -1.6 -5.6
2.32e-05 -1.68 -5.6
2.34e-05 -1.68 -5.6
2.36e-05 -1.68 -5.6
2.38e-05 -1.68 -5.4
2.4e-05 -1.68 -5.4
2.42e-05 -1.76 -5.4
2.44e-05 -1.76 -5.2
2.46e-05 -1.76 -5
2.48e-05 -1.68 -5
2.5e-05 -1.76 -5
2.52e-05 -1.76 -5
2.54e-05 -1.76 -5
2.56e-05 -1.76 -5
2.58e-05 -1.76 -4.8
2.6e-05 -1.76 -4.6
2.62e-05 -1.76 -4.8
2.64e-05 -1.76 -4.4
2.66e-05 -1.76 -4.4
2.68e-05 -1.76 -4.6
2.7e-05 -1.76 -4.4
2.72e-05 -1.84 -4.4
2.74e-05 -1.76 -4.2
2.76e-05 -1.76 -4
2.78e-05 -1.84 -4
2.8e-05 -1.76 -3.8
2.82e-05 -1.76 -3.8
2.84e-05 -1.76 -4
2.86e-05 -1.76 -3.8
2.88e-05 -1.76 -3.6
2.9e-05 -1.76 -3.4
2.92e-05 -1.76 -3.4
2.94e-05 -1.76 -3.2
2.96e-05 -1.76 -3.2
2.98e-05 -1.76 -3
3e-05 -1.76 -3.2
3.02e-05 -1.76 -3.2
3.04e-05 -1.76 -3
3.06e-05 -1.76 -2.8
3.08e-05 -1.76 -2.6
3.1e-05 -1.76 -2.4
3.12e-05 -1.76 -2.6
3.14e-05 -1.76 -2.4
3.16e-05 -1.76 -2.2
3.18e-05 -1.76 -2.4
3.2e-05 -1.76 -2
3.22e-05 -1.68 -2.2
3.24e-05 -1.76 -1.8
3.26e-05 -1.68 -1.6
3.28e-05 -1.68 -1.6
3.3e-05 -1.6 -1.4
3.32e-05 -1.68 -1.4
3.34e-05 -1.68 -1.4
3.36e-05 -1.6 -1.4
3.38e-05 -1.6 -1.4
3.4e-05 -1.6 -1
3.42e-05 -1.6 -0.8
3.44e-05 -1.6 -0.8
3.46e-05 -1.6 -0.8
3.48e-05 -1.6 -0.6
3.5e-05 -1.52 -0.6
3.52e-05 -1.52 -0.6
3.54e-05 -1.44 -0.4
3.56e-05 -1.44 -0.4
3.58e-05 -1.44 0
3.6e-05 -1.44 0.2
3.62e-05 -1.44 0.2
3.64e-05 -1.44 0.4
3.66e-05 -1.36 0.2
3.68e-05 -1.44 0.4
3.7e-05 -1.36 0.4
3.72e-05 -1.36 0.6
3.74e-05 -1.28 0.8
3.76e-05 -1.28 0.8
3.78e-05 -1.28 1
3.8e-05 -1.28 1
3.82e-05 -1.28 1.2
3.84e-05 -1.2 1.2
3.86e-05 -1.12 1.2
3.88e-05 -1.2 1.4
3.9e-05 -1.12 1.6
3.92e-05 -1.12 1.8
3.94e-05 -1.12 1.8
3.96e-05 -1.12 2
3.98e-05 -1.12 2
4e-05 -1.04 2
4.02e-05 -1.04 2.2
4.04e-05 -1.04 2.4
4.06e-05 -0.96 2.2
4.08e-05 -0.96 2.4
4.1e-05 -0.96 2.6
4.12e-05 -0.88 2.6
4.14e-05 -0.8 2.8
4.16e-05 -0.8 2.8
4.18e-05 -0.8 2.8
4.2e-05 -0.8 3
4.22e-05 -0.72 3
4.24e-05 -0.72 3.2
4.26e-05 -0.64 3.2
4.28e-05 -0.64 3.4
4.3e-05 -0.64 3.4
4.32e-05 -0.48 3.4
4.34e-05 -0.48 3.4
4.36e-05 -0.48 3.4
4.38e-05 -0.48 3.6
4.4e-05 -0.48 3.8
4.42e-05 -0.48 4
4.44e-05 -0.4 4
4.46e-05 -0.32 4
4.48e-05 -0.32 4
4.5e-05 -0.32 4
4.52e-05 -0.32 4
4.54e-05 -0.32 4.2
4.56e-05 -0.16 4.2
4.58e-05 -0.16 4.4
4.6e-05 -0.16 4.4
4.62e-05 0 4.4
4.64e-05 -0.16 4.4
4.66e-05 -0.16 4.6
4.68e-05 0 4.6
4.7e-05 0.08 4.8
4.72e-05 0.08 4.8
4.74e-05 0.08 4.8
4.76e-05 0.16 5
4.78e-05 0.24 4.8
4.8e-05 0.24 5
4.82e-05 0.24 4.8
4.84e-05 0.24 5
4.86e-05 0.32 5
4.88e-05 0.32 5
4.9e-05 0.32 5.2
4.92e-05 0.32 5.4
4.94e-05 0.4 5.2
4.96e-05 0.4 5.2
4.98e-05 0.4 5.4
5e-05 0.56 5.4
5.02e-05 0.56 5.4
5.04e-05 0.56 5.4
5.06e-05 0.64 5.4
5.08e-05 0.56 5.4
5.1e-05 0.64 5.6
5.12e-05 0.72 5.4
5.14e-05 0.72 5.6
5.16e-05 0.72 5.6
5.18e-05 0.72 5.6
5.2e-05 0.72 5.6
5.22e-05 0.72 5.6
5.24e-05 0.88 5.6
5.26e-05 0.88 5.6
5.28e-05 0.88 5.6
5.3e-05 0.96 5.6
5.32e-05 0.96 5.6
5.34e-05 0.96 5.6
5.36e-05 1.04 5.6
5.38e-05 1.04 5.6
5.4e-05 1.04 5.6
5.42e-05 1.04 5.6
5.44e-05 1.04 5.6
5.46e-05 1.12 5.6
5.48e-05 1.2 5.6
5.5e-05 1.12 5.6
5.52e-05 1.2 5.4
5.54e-05 1.2 5.4
5.56e-05 1.2 5.2
5.58e-05 1.2 5.4
5.6e-05 1.2 5.4
5.62e-05 1.2 5.2
5.64e-05 1.28 5.4
5.66e-05 1.28 5.4
5.68e-05 1.28 5.2
5.7e-05 1.36 5
5.72e-05 1.36 5
5.74e-05 1.36 5.2
5.76e-05 1.36 5
5.78e-05 1.36 5
5.8e-05 1.36 5
5.82e-05 1.36 4.8
5.84e-05 1.52 4.8
5.86e-05 1.52 4.8
5.88e-05 1.52 4.8
5.9e-05 1.52 4.8
5.92e-05 1.52 4.8
5.94e-05 1.52 4.6
5.96e-05 1.52 4.6
5.98e-05 1.52 4.4
6e-05 1.52 4.4
6.02e-05 1.52 4.4
6.04e-05 1.52 4.2
6.06e-05 1.52 4.2
6.08e-05 1.6 4.2
6.1e-05 1.6 4
6.12e-05 1.6 4
6.14e-05 1.52 4
6.16e-05 1.52 4
6.18e-05 1.6 4
6.2e-05 1.6 3.8
6.22e-05 1.6 3.6
6.24e-05 1.6 3.6
6.26e-05 1.6 3.4
6.28e-05 1.6 3.4
6.3e-05 1.68 3.4
6.32e-05 1.6 3.2
6.34e-05 1.6 3.4
6.36e-05 1.6 3.2
6.38e-05 1.6 3.2
6.4e-05 1.6 3
6.42e-05 1.68 2.8
6.44e-05 1.68 2.8
6.46e-05 1.6 2.8
6.48e-05 1.6 2.6
6.5e-05 1.6 2.6
6.52e-05 1.6 2.4
6.54e-05 1.6 2.4
6.56e-05 1.6 2.4
6.58e-05 1.6 2.2
6.6e-05 1.6 2
6.62e-05 1.6 2
6.64e-05 1.6 1.8
6.66e-05 1.6 1.8
6.68e-05 1.52 1.8
6.7e-05 1.6 1.8
6.72e-05 1.52 1.6
6.74e-05 1.52 1.4
6.76e-05 1.52 1.2
6.78e-05 1.6 1.2
6.8e-05 1.52 1
6.82e-05 1.52 1
6.84e-05 1.52 1
6.86e-05 1.52 1
6.88e-05 1.6 0.8
6.9e-05 1.52 0.8
6.92e-05 1.44 0.4
6.94e-05 1.52 0.4
6.96e-05 1.52 0.4
6.98e-05 1.52 0.2
7e-05 1.36 0.2
7.02e-05 1.36 0
7.04e-05 1.36 0
7.06e-05 1.36 0
7.08e-05 1.36 -0.4
7.1e-05 1.36 -0.6
7.12e-05 1.28 -0.6
7.14e-05 1.28 -0.8
7.16e-05 1.28 -0.8
7.18e-05 1.28 -0.8
7.2e-05 1.28 -1
7.22e-05 1.28 -1
7.24e-05 1.2 -1.2
7.26e-05 1.2 -1.4
7.28e-05 1.2 -1.4
7.3e-05 1.2 -1.6
7.32e-05 1.2 -1.6
7.34e-05 1.12 -1.6
7.36e-05 1.04 -1.8
7.38e-05 1.12 -1.8
7.4e-05 1.04 -2
7.42e-05 1.04 -2.2
7.44e-05 1.04 -2.2
7.46e-05 0.96 -2.4
7.48e-05 0.96 -2.4
7.5e-05 0.88 -2.6
7.52e-05 0.88 -2.6
7.54e-05 0.96 -2.8
7.56e-05 0.88 -2.6
7.58e-05 0.88 -3
7.6e-05 0.88 -3
7.62e-05 0.88 -3
7.64e-05 0.8 -3.2
7.66e-05 0.72 -3.2
7.68e-05 0.72 -3.2
7.7e-05 0.72 -3.4
7.72e-05 0.64 -3.4
7.74e-05 0.64 -3.6
7.76e-05 0.56 -3.8
7.78e-05 0.56 -3.8
7.8e-05 0.56 -4
7.82e-05 0.56 -4
7.84e-05 0.56 -4
7.86e-05 0.4 -4
7.88e-05 0.4 -4.2
7.9e-05 0.4 -4.2
7.92e-05 0.32 -4.4
7.94e-05 0.32 -4.6
7.96e-05 0.32 -4.4
7.98e-05 0.24 -4.6
8e-05 0.24 -4.8
8.02e-05 0.24 -4.6
8.04e-05 0.24 -5
8.06e-05 0.16 -4.8
8.08e-05 0.08 -5
8.1e-05 0.08 -5.2
8.12e-05 0.08 -5
8.14e-05 0 -5
8.16e-05 0 -5.2
8.18e-05 0 -5.2
8.2e-05 -0.16 -5.2
8.22e-05 -0.16 -5.2
8.24e-05 -0.16 -5.4
8.26e-05 -0.16 -5.6
8.28e-05 -0.16 -5.6
8.3e-05 -0.24 -5.6
8.32e-05 -0.32 -5.6
8.34e-05 -0.32 -5.6
8.36e-05 -0.32 -5.6
8.38e-05 -0.4 -5.6
8.4e-05 -0.4 -5.8
8.42e-05 -0.48 -5.8
8.44e-05 -0.48 -6
8.46e-05 -0.48 -5.8
8.48e-05 -0.48 -6
8.5e-05 -0.56 -5.8
8.52e-05 -0.56 -5.8
8.54e-05 -0.64 -5.8
8.56e-05 -0.64 -6
8.58e-05 -0.64 -6.2
8.6e-05 -0.72 -6.2
8.62e-05 -0.72 -6.2
8.64e-05 -0.72 -6.2
8.66e-05 -0.8 -6.2
8.68e-05 -0.8 -6.2
8.7e-05 -0.8 -6.2
8.72e-05 -0.8 -6.2
8.74e-05 -0.88 -6.4
8.76e-05 -0.96 -6.4
8.78e-05 -0.96 -6.4
8.8e-05 -0.96 -6.4
8.82e-05 -1.04 -6.2
8.84e-05 -1.04 -6.4
8.86e-05 -1.04 -6.2
8.88e-05 -1.04 -6.2
8.9e-05 -1.12 -6.4
8.92e-05 -1.12 -6.4
8.94e-05 -1.12 -6.4
8.96e-05 -1.12 -6.4
8.98e-05 -1.12 -6.4
9e-05 -1.2 -6.4
9.02e-05 -1.2 -6.2
9.04e-05 -1.28 -6.2
9.06e-05 -1.28 -6.2
9.08e-05 -1.28 -6.2
9.1e-05 -1.28 -6.2
9.12e-05 -1.36 -6.2
9.14e-05 -1.36 -6.2
9.16e-05 -1.44 -6
9.18e-05 -1.44 -6
9.2e-05 -1.44 -6.2
9.22e-05 -1.44 -6
9.24e-05 -1.44 -6
9.26e-05 -1.44 -6.2
9.28e-05 -1.44 -5.8
9.3e-05 -1.44 -5.8
9.32e-05 -1.52 -5.8
9.34e-05 -1.6 -5.8
9.36e-05 -1.6 -5.8
9.38e-05 -1.6 -5.8
9.4e-05 -1.6 -5.6
9.42e-05 -1.6 -5.6
9.44e-05 -1.68 -5.8
9.46e-05 -1.68 -5.6
9.48e-05 -1.68 -5.4
9.5e-05 -1.68 -5.6
9.52e-05 -1.68 -5.4
9.54e-05 -1.76 -5.4
9.56e-05 -1.68 -5.4
9.58e-05 -1.76 -5.4
9.6e-05 -1.68 -5.2
9.62e-05 -1.68 -5
9.64e-05 -1.76 -5
9.66e-05 -1.76 -5
9.68e-05 -1.76 -4.8
9.7e-05 -1.76 -4.8
9.72e-05 -1.76 -4.6
9.74e-05 -1.76 -4.8
9.76e-05 -1.76 -4.6
9.78e-05 -1.76 -4.6
9.8e-05 -1.76 -4.4
9.82e-05 -1.76 -4.2
9.84e-05 -1.76 -4.4
9.86e-05 -1.76 -4.2
9.88e-05 -1.76 -4.2
9.9e-05 -1.76 -4.2
9.92e-05 -1.76 -4
9.94e-05 -1.76 -4
9.96e-05 -1.76 -3.8
9.98e-05 -1.76 -3.8
0.0001 -1.76 -3.8
0.0001002 -1.84 -3.6
0.0001004 -1.76 -3.4
0.0001006 -1.84 -3.4
0.0001008 -1.76 -3.4
0.000101 -1.76 -3.2
0.0001012 -1.76 -3.2
0.0001014 -1.76 -3
0.0001016 -1.76 -3
0.0001018 -1.76 -2.8
0.000102 -1.76 -2.8
0.0001022 -1.76 -2.6
0.0001024 -1.76 -2.6
0.0001026 -1.76 -2.4
0.0001028 -1.68 -2.4
0.000103 -1.76 -2.4
0.0001032 -1.76 -2.2
0.0001034 -1.68 -2.2
0.0001036 -1.68 -2
0.0001038 -1.76 -2
0.000104 -1.68 -1.8
0.0001042 -1.68 -1.6
0.0001044 -1.68 -1.6
0.0001046 -1.68 -1.6
0.0001048 -1.6 -1.4
0.000105 -1.6 -1.2
0.0001052 -1.6 -1.2
0.0001054 -1.6 -1
0.0001056 -1.6 -1
0.0001058 -1.6 -0.8
0.000106 -1.6 -0.8
0.0001062 -1.6 -0.6
0.0001064 -1.52 -0.6
0.0001066 -1.52 -0.4
0.0001068 -1.52 -0.4
0.000107 -1.44 -0.4
0.0001072 -1.44 0
0.0001074 -1.44 0
0.0001076 -1.44 0.2
0.0001078 -1.44 0.2
0.000108 -1.36 0.4
0.0001082 -1.44 0.4
0.0001084 -1.44 0.6
0.0001086 -1.28 0.6
0.0001088 -1.36 0.8
0.000109 -1.28 0.8
0.0001092 -1.28 1
0.0001094 -1.28 1
0.0001096 -1.28 1.2
0.0001098 -1.28 1.4
0.00011 -1.12 1.2
0.0001102 -1.2 1.4
0.0001104 -1.12 1.6
0.0001106 -1.12 1.6
0.0001108 -1.12 1.8
0.000111 -1.04 2
0.0001112 -1.04 2.2
0.0001114 -1.04 2
0.0001116 -1.04 2
0.0001118 -0.96 2
0.000112 -0.96 2.2
0.0001122 -0.96 2.4
0.0001124 -0.88 2.4
0.0001126 -0.88 2.6
0.0001128 -0.8 2.6
0.000113 -0.72 2.8
0.0001132 -0.8 3
0.0001134 -0.72 2.8
0.0001136 -0.72 3
0.0001138 -0.72 3.2
0.000114 -0.64 3.2
0.0001142 -0.64 3.4
0.0001144 -0.64 3.4
0.0001146 -0.56 3.2
0.0001148 -0.48 3.6
0.000115 -0.48 3.6
0.0001152 -0.48 3.6
0.0001154 -0.48 3.6
0.0001156 -0.48 4
0.0001158 -0.4 3.8
0.000116 -0.4 4
0.0001162 -0.32 4
0.0001164 -0.32 4
0.0001166 -0.32 4
0.0001168 -0.32 4
0.000117 -0.24 4.2
0.0001172 -0.16 4.2
0.0001174 -0.16 4.2
0.0001176 0 4.4
0.0001178 0 4.6
0.000118 0 4.6
0.0001182 0 4.8
0.0001184 0.08 4.6
0.0001186 0.08 4.6
0.0001188 0.08 4.8
0.000119 0.08 4.8
0.0001192 0.24 4.8
0.0001194 0.24 5
0.0001196 0.24 5
0.0001198 0.24 5
0.00012 0.24 5
0.0001202 0.4 5
0.0001204 0.32 5
0.0001206 0.4 5.2
0.0001208 0.4 5.2
0.000121 0.4 5.2
0.0001212 0.56 5.4
0.0001214 0.4 5.4
0.0001216 0.56 5.4
0.0001218 0.56 5.2
0.000122 0.64 5.2
0.0001222 0.64 5.4
0.0001224 0.64 5.4
0.0001226 0.64 5.4
0.0001228 0.72 5.6
0.000123 0.72 5.6
0.0001232 0.72 5.6
0.0001234 0.72 5.6
0.0001236 0.88 5.6
0.0001238 0.88 5.4
0.000124 0.88 5.6
0.0001242 0.88 5.6
0.0001244 0.88 5.8
0.0001246 0.96 5.6
0.0001248 0.88 5.6
0.000125 0.96 5.6
0.0001252 0.96 5.4
0.0001254 1.04 5.4
0.0001256 1.04 5.6
0.0001258 1.04 5.6
0.000126 1.04 5.6
0.0001262 1.12 5.6
0.0001264 1.12 5.6
0.0001266 1.2 5.4
0.0001268 1.2 5.2
0.000127 1.2 5.4
0.0001272 1.2 5.4
0.0001274 1.2 5.4
0.0001276 1.2 5.4
0.0001278 1.28 5.6
0.000128 1.28 5.2
0.0001282 1.28 5.2
0.0001284 1.28 5.2
0.0001286 1.28 5
0.0001288 1.36 5
0.000129 1.36 4.8
0.0001292 1.36 5
0.0001294 1.36 5
0.0001296 1.36 5
0.0001298 1.44 4.8
0.00013 1.52 4.8
0.0001302 1.52 4.6
0.0001304 1.52 4.8
0.0001306 1.52 4.6
0.0001308 1.52 4.6
0.000131 1.52 4.6
0.0001312 1.52 4.6
0.0001314 1.52 4.6
0.0001316 1.52 4.2
0.0001318 1.52 4.2
0.000132 1.6 4.2
0.0001322 1.52 4.2
0.0001324 1.6 4.2
0.0001326 1.6 4
0.0001328 1.6 4.2
0.000133 1.6 4
0.0001332 1.6 3.8
0.0001334 1.6 3.8
0.0001336 1.6 3.6
0.0001338 1.6 3.8
0.000134 1.68 3.4
0.0001342 1.68 3.4
0.0001344 1.68 3.4
0.0001346 1.68 3.2
0.0001348 1.68 3.2
0.000135 1.6 3.2
0.0001352 1.6 3
0.0001354 1.6 3.2
0.0001356 1.68 3
0.0001358 1.6 2.8
0.000136 1.6 2.8
0.0001362 1.6 2.6
0.0001364 1.68 2.6
0.0001366 1.68 2.4
0.0001368 1.6 2.2
0.000137 1.6 2.4
0.0001372 1.6 2.2
0.0001374 1.6 2.2
0.0001376 1.6 2
0.0001378 1.68 2
0.000138 1.6 1.8
0.0001382 1.6 1.8
0.0001384 1.6 1.6
0.0001386 1.52 1.4
0.0001388 1.6 1.2
0.000139 1.52 1.4
0.0001392 1.52 1.2
0.0001394 1.6 1.2
0.0001396 1.52 1
0.0001398 1.52 1
0.00014 1.52 1
0.0001402 1.52 0.8
0.0001404 1.52 0.8
0.0001406 1.52 0.6
0.0001408 1.52 0.6
0.000141 1.52 0.4
0.0001412 1.52 0.4
0.0001414 1.36 0.2
0.0001416 1.36 0
0.0001418 1.36 0
0.000142 1.36 -0.4
0.0001422 1.36 0
0.0001424 1.36 -0.4
0.0001426 1.36 -0.6
0.0001428 1.36 -0.6
0.000143 1.28 -0.8
0.0001432 1.28 -0.8
0.0001434 1.28 -1
0.0001436 1.2 -1
0.0001438 1.28 -1.2
0.000144 1.2 -1.4
0.0001442 1.2 -1.4
0.0001444 1.2 -1.4
0.0001446 1.2 -1.6
0.0001448 1.2 -1.6
0.000145 1.2 -1.8
0.0001452 1.12 -1.8
0.0001454 1.04 -2
0.0001456 1.04 -2.2
0.0001458 1.04 -2.2
0.000146 0.96 -2.4
0.0001462 1.04 -2.4
0.0001464 0.96 -2.6
0.0001466 0.96 -2.6
0.0001468 0.88 -2.6
0.000147 0.88 -2.6
0.0001472 0.88 -2.8
0.0001474 0.8 -2.8
0.0001476 0.88 -3
0.0001478 0.72 -3.2
0.000148 0.72 -3.2
0.0001482 0.72 -3.4
0.0001484 0.72 -3.4
0.0001486 0.64 -3.6
0.0001488 0.64 -3.6
0.000149 0.56 -3.6
0.0001492 0.56 -3.8
0.0001494 0.56 -3.8
0.0001496 0.56 -4
0.0001498 0.48 -4
0.00015 0.48 -4
0.0001502 0.4 -4.2
0.0001504 0.4 -4.2
0.0001506 0.32 -4.2
0.0001508 0.32 -4.4
0.000151 0.32 -4.6
0.0001512 0.24 -4.6
0.0001514 0.24 -4.8
0.0001516 0.24 -4.8
0.0001518 0.24 -4.8
0.000152 0.16 -4.8
0.0001522 0.24 -5
0.0001524 0.08 -5
0.0001526 0.08 -5
0.0001528 0.08 -5.2
0.000153 0 -5.2
0.0001532 0 -5.2
0.0001534 -0.16 -5.2
0.0001536 -0.16 -5.4
0.0001538 -0.16 -5.4
0.000154 -0.16 -5.4
0.0001542 -0.16 -5.6
0.0001544 -0.24 -5.6
0.0001546 -0.32 -5.8
0.0001548 -0.32 -5.6
0.000155 -0.32 -5.6
0.0001552 -0.32 -5.6
0.0001554 -0.4 -5.8
0.0001556 -0.4 -5.8
0.0001558 -0.48 -5.8
0.000156 -0.48 -5.8
0.0001562 -0.48 -6.2
0.0001564 -0.56 -6
0.0001566 -0.56 -6
0.0001568 -0.64 -6
0.000157 -0.64 -6
0.0001572 -0.64 -6.2
0.0001574 -0.72 -6.2
0.0001576 -0.72 -6.2
0.0001578 -0.72 -6.2
0.000158 -0.72 -6.2
0.0001582 -0.8 -6.2
0.0001584 -0.8 -6.2
0.0001586 -0.88 -6.4
0.0001588 -0.88 -6.4
0.000159 -0.96 -6.2
0.0001592 -0.96 -6.2
0.0001594 -1.04 -6.4
0.0001596 -1.04 -6.2
0.0001598 -1.04 -6.4
0.00016 -1.04 -6.4
0.0001602 -1.04 -6.2
0.0001604 -1.12 -6.2
0.0001606 -1.12 -6.4
0.0001608 -1.12 -6.4
0.000161 -1.12 -6.6
0.0001612 -1.12 -6.2
0.0001614 -1.2 -6.4
0.0001616 -1.28 -6.4
0.0001618 -1.28 -6.2
0.000162 -1.28 -6.2
0.0001622 -1.28 -6.2
0.0001624 -1.28 -6.2
0.0001626 -1.36 -6.2
0.0001628 -1.36 -6.2
0.000163 -1.36 -6.2
0.0001632 -1.44 -6.2
0.0001634 -1.44 -6.2
0.0001636 -1.44 -5.8
0.0001638 -1.44 -5.8
0.000164 -1.44 -5.8
0.0001642 -1.44 -6
0.0001644 -1.52 -6
0.0001646 -1.6 -6
0.0001648 -1.52 -6
0.000165 -1.6 -5.8
0.0001652 -1.6 -5.6
0.0001654 -1.6 -5.6
0.0001656 -1.6 -5.6
0.0001658 -1.68 -5.6
0.000166 -1.6 -5.6
0.0001662 -1.6 -5.6
0.0001664 -1.68 -5.6
0.0001666 -1.68 -5.6
0.0001668 -1.68 -5.4
0.000167 -1.68 -5
0.0001672 -1.68 -5
0.0001674 -1.76 -5.2
0.0001676 -1.76 -5
0.0001678 -1.76 -5.2
0.000168 -1.76 -5.2
0.0001682 -1.76 -5
0.0001684 -1.76 -4.8
0.0001686 -1.76 -4.8
0.0001688 -1.84 -4.8
0.000169 -1.76 -4.6
0.0001692 -1.76 -4.6
0.0001694 -1.76 -4.6
0.0001696 -1.76 -4.4
0.0001698 -1.76 -4.4
0.00017 -1.76 -4.2
0.0001702 -1.76 -4.2
0.0001704 -1.76 -4.2
0.0001706 -1.76 -4
0.0001708 -1.84 -4
0.000171 -1.76 -4
0.0001712 -1.76 -3.8
0.0001714 -1.76 -3.8
0.0001716 -1.76 -3.6
0.0001718 -1.76 -3.4
0.000172 -1.76 -3.4
0.0001722 -1.84 -3.2
0.0001724 -1.76 -3.4
0.0001726 -1.84 -3.2
0.0001728 -1.76 -3.2
0.000173 -1.76 -2.8
0.0001732 -1.76 -3
0.0001734 -1.76 -2.8
0.0001736 -1.76 -2.6
0.0001738 -1.76 -2.6
0.000174 -1.76 -2.4
0.0001742 -1.76 -2.4
0.0001744 -1.76 -2.4
0.0001746 -1.76 -2.2
0.0001748 -1.76 -2.2
0.000175 -1.68 -2
0.0001752 -1.76 -1.8
0.0001754 -1.68 -1.8
0.0001756 -1.76 -1.6
0.0001758 -1.68 -1.6
0.000176 -1.68 -1.6
0.0001762 -1.68 -1.6
0.0001764 -1.68 -1.4
0.0001766 -1.6 -1.2
0.0001768 -1.6 -1
0.000177 -1.6 -0.8
0.0001772 -1.6 -1
0.0001774 -1.6 -0.8
0.0001776 -1.6 -0.8
0.0001778 -1.52 -0.8
0.000178 -1.44 -0.6
0.0001782 -1.44 -0.4
0.0001784 -1.44 -0.4
0.0001786 -1.44 0
0.0001788 -1.44 0
0.000179 -1.44 0
0.0001792 -1.44 0.2
0.0001794 -1.36 0.2
0.0001796 -1.44 0.4
0.0001798 -1.36 0.4
0.00018 -1.36 0.8
0.0001802 -1.36 0.8
0.0001804 -1.36 0.8
0.0001806 -1.28 1
0.0001808 -1.28 1
0.000181 -1.28 1.2
0.0001812 -1.2 1.2
0.0001814 -1.2 1.4
0.0001816 -1.12 1.4
0.0001818 -1.12 1.4
0.000182 -1.12 1.6
0.0001822 -1.12 1.8
0.0001824 -1.04 2
0.0001826 -1.04 2
0.0001828 -1.04 2
0.000183 -1.04 2
0.0001832 -0.96 2.2
0.0001834 -0.96 2.4
0.0001836 -0.96 2.4
0.0001838 -0.8 2.4
0.000184 -0.88 2.6
0.0001842 -0.8 2.6
0.0001844 -0.8 2.8
0.0001846 -0.8 2.8
0.0001848 -0.72 3
0.000185 -0.8 3.2
0.0001852 -0.72 3.2
0.0001854 -0.64 3.2
0.0001856 -0.64 3.2
0.0001858 -0.64 3.2
0.000186 -0.56 3.4
0.0001862 -0.48 3.6
0.0001864 -0.48 3.6
0.0001866 -0.48 3.6
0.0001868 -0.48 3.6
0.000187 -0.48 3.8
0.0001872 -0.4 3.8
0.0001874 -0.4 4
0.0001876 -0.32 4
0.0001878 -0.32 4
0.000188 -0.32 4.2
0.0001882 -0.32 4.2
0.0001884 -0.24 4.4
0.0001886 -0.16 4.2
0.0001888 -0.16 4.4
0.000189 -0.16 4.4
0.0001892 -0.16 4.6
0.0001894 0 4.4
0.0001896 0 4.6
0.0001898 0.08 4.8
0.00019 0.08 4.8
0.0001902 0.08 4.8
0.0001904 0.08 4.8
0.0001906 0.16 4.8
0.0001908 0.24 4.8
0.000191 0.24 5
0.0001912 0.24 5
0.0001914 0.32 5
0.0001916 0.32 5
0.0001918 0.4 5
0.000192 0.4 5.2
0.0001922 0.4 5.2
0.0001924 0.4 5.2
0.0001926 0.4 5.4
0.0001928 0.56 5.4
0.000193 0.56 5.2
0.0001932 0.56 5.4
0.0001934 0.64 5.6
0.0001936 0.72 5.4
0.0001938 0.64 5.4
0.000194 0.72 5.6
0.0001942 0.72 5.4
0.0001944 0.72 5.4
0.0001946 0.72 5.6
0.0001948 0.72 5.6
0.000195 0.88 5.6
0.0001952 0.8 5.4
0.0001954 0.88 5.4
0.0001956 0.88 5.6
0.0001958 0.96 5.6
0.000196 0.96 5.6
0.0001962 0.96 5.6
0.0001964 0.96 5.6
0.0001966 1.04 5.6
0.0001968 1.04 5.4
0.000197 1.04 5.6
0.0001972 1.04 5.4
0.0001974 1.04 5.2
0.0001976 1.04 5.4
0.0001978 1.2 5.4
0.000198 1.2 5.4
0.0001982 1.12 5.6
0.0001984 1.2 5.2
0.0001986 1.2 5.4
0.0001988 1.2 5.4
0.000199 1.28 5.2
0.0001992 1.2 5.2
0.0001994 1.28 5.4
0.0001996 1.28 5.2
0.0001998 1.28 5.2
0.0002 1.28 5
0.0002002 1.36 5
0.0002004 1.36 5
0.0002006 1.36 5
0.0002008 1.36 5
0.000201 1.52 5
0.0002012 1.44 5
0.0002014 1.36 5
0.0002016 1.52 4.8
0.0002018 1.52 4.8
0.000202 1.52 4.6
0.0002022 1.52 4.6
0.0002024 1.52 4.4
0.0002026 1.52 4.4
0.0002028 1.52 4.4
0.000203 1.52 4.4
0.0002032 1.52 4.4
0.0002034 1.52 4.4
0.0002036 1.52 4.2
0.0002038 1.6 4.2
0.000204 1.6 4
0.0002042 1.52 4
0.0002044 1.6 4
0.0002046 1.6 4
0.0002048 1.6 4
0.000205 1.6 3.6
0.0002052 1.6 3.4
0.0002054 1.6 3.4
0.0002056 1.6 3.4
0.0002058 1.6 3.4
0.000206 1.6 3.4
0.0002062 1.6 3.2
0.0002064 1.6 3.2
0.0002066 1.68 3.2
0.0002068 1.6 3
0.000207 1.6 2.8
0.0002072 1.6 2.8
0.0002074 1.6 2.8
0.0002076 1.6 2.6
0.0002078 1.6 2.6
0.000208 1.6 2.4
0.0002082 1.68 2.6
0.0002084 1.68 2.4
0.0002086 1.6 2.2
0.0002088 1.6 2
0.000209 1.6 2
0.0002092 1.6 1.8
0.0002094 1.68 2
0.0002096 1.6 1.8
0.0002098 1.6 1.8
0.00021 1.52 1.6
0.0002102 1.52 1.2
0.0002104 1.52 1.2
0.0002106 1.52 1.2
0.0002108 1.6 1.2
0.000211 1.52 1.2
0.0002112 1.52 1.2
0.0002114 1.52 1
0.0002116 1.52 0.8
0.0002118 1.52 0.8
0.000212 1.52 0.6
0.0002122 1.52 0.4
0.0002124 1.52 0.2
0.0002126 1.52 0.2
0.0002128 1.44 0.2
0.000213 1.44 0.2
0.0002132 1.36 0
0.0002134 1.36 0
0.0002136 1.36 -0.4
0.0002138 1.36 -0.4
0.000214 1.36 -0.6
0.0002142 1.36 -0.8
0.0002144 1.36 -0.8
0.0002146 1.28 -0.8
0.0002148 1.28 -1
0.000215 1.2 -1
0.0002152 1.2 -1.2
0.0002154 1.2 -1.2
0.0002156 1.28 -1.4
0.0002158 1.2 -1.6
0.000216 1.2 -1.6
0.0002162 1.2 -1.6
0.0002164 1.12 -1.8
0.0002166 1.04 -1.8
0.0002168 1.04 -2.2
0.000217 1.04 -2.2
0.0002172 1.04 -2.2
0.0002174 0.96 -2.4
0.0002176 0.96 -2.4
0.0002178 0.96 -2.4
0.000218 0.88 -2.6
0.0002182 0.88 -2.6
0.0002184 0.88 -2.6
0.0002186 0.88 -3
0.0002188 0.88 -3
0.000219 0.88 -3.2
0.0002192 0.72 -3.2
0.0002194 0.72 -3.2
0.0002196 0.72 -3.2
0.0002198 0.72 -3.4
0.00022 0.64 -3.6
0.0002202 0.64 -3.6
0.0002204 0.64 -3.8
0.0002206 0.56 -3.8
0.0002208 0.56 -4
0.000221 0.48 -3.8
0.0002212 0.56 -4
0.0002214 0.56 -4
0.0002216 0.4 -4.2
0.0002218 0.4 -4.2
0.000222 0.32 -4.4
0.0002222 0.32 -4.4
0.0002224 0.32 -4.6
0.0002226 0.32 -4.6
0.0002228 0.24 -4.6
0.000223 0.24 -4.6
0.0002232 0.24 -4.8
0.0002234 0.24 -4.8
0.0002236 0.24 -5
0.0002238 0.08 -4.8
0.000224 0.08 -5.2
0.0002242 0.08 -5
0.0002244 0 -5
0.0002246 0 -5
0.0002248 0 -5.4
0.000225 -0.16 -5.2
0.0002252 -0.16 -5.4
0.0002254 -0.24 -5.6
0.0002256 -0.24 -5.6
0.0002258 -0.24 -5.6
0.000226 -0.32 -5.6
0.0002262 -0.32 -5.6
0.0002264 -0.32 -5.8
0.0002266 -0.32 -5.8
0.0002268 -0.4 -5.8
0.000227 -0.48 -5.8
0.0002272 -0.48 -5.8
0.0002274 -0.48 -5.8
0.0002276 -0.48 -6
0.0002278 -0.56 -5.8
0.000228 -0.56 -6
0.0002282 -0.64 -6
0.0002284 -0.64 -6
0.0002286 -0.64 -6.2
0.0002288 -0.64 -6.2
0.000229 -0.72 -6.2
0.0002292 -0.72 -6
0.0002294 -0.72 -6.2
0.0002296 -0.8 -6.2
0.0002298 -0.8 -6.2
0.00023 -0.8 -6.4
0.0002302 -0.96 -6.4
0.0002304 -0.96 -6.4
0.0002306 -0.96 -6.4
0.0002308 -0.96 -6.4
0.000231 -1.04 -6.2
0.0002312 -1.04 -6.4
0.0002314 -1.12 -6.2
0.0002316 -1.12 -6.4
0.0002318 -1.12 -6.4
0.000232 -1.12 -6.4
0.0002322 -1.12 -6.4
0.0002324 -1.12 -6.4
0.0002326 -1.12 -6.4
0.0002328 -1.12 -6.4
0.000233 -1.12 -6.4
0.0002332 -1.28 -6.4
0.0002334 -1.28 -6.4
0.0002336 -1.28 -6.2
0.0002338 -1.28 -6.2
0.000234 -1.36 -6.2
0.0002342 -1.36 -6.2
0.0002344 -1.36 -6.2
0.0002346 -1.36 -6.2
0.0002348 -1.44 -6.2
0.000235 -1.44 -6.2
0.0002352 -1.44 -6
0.0002354 -1.44 -6.2
0.0002356 -1.44 -6
0.0002358 -1.44 -5.8
0.000236 -1.52 -5.8
0.0002362 -1.6 -5.8
0.0002364 -1.6 -5.8
0.0002366 -1.6 -5.8
0.0002368 -1.6 -5.8
0.000237 -1.6 -5.8
0.0002372 -1.6 -5.6
0.0002374 -1.6 -5.6
0.0002376 -1.6 -5.6
0.0002378 -1.68 -5.6
0.000238 -1.68 -5.4
0.0002382 -1.68 -5.4
0.0002384 -1.68 -5.4
0.0002386 -1.68 -5.2
0.0002388 -1.68 -5.2
0.000239 -1.76 -5
0.0002392 -1.76 -5
0.0002394 -1.76 -5
0.0002396 -1.76 -4.8
0.0002398 -1.76 -4.8
0.00024 -1.76 -4.8
0.0002402 -1.76 -4.6
0.0002404 -1.76 -4.6
0.0002406 -1.76 -4.6
0.0002408 -1.76 -4.4
0.000241 -1.76 -4.4
0.0002412 -1.76 -4.4
0.0002414 -1.76 -4.4
0.0002416 -1.76 -4.2
0.0002418 -1.76 -4.2
0.000242 -1.76 -4
0.0002422 -1.76 -4
0.0002424 -1.84 -4
0.0002426 -1.76 -3.8
0.0002428 -1.76 -3.8
0.000243 -1.76 -3.6
0.0002432 -1.76 -3.6
0.0002434 -1.76 -3.4
0.0002436 -1.76 -3.2
0.0002438 -1.76 -3.4
0.000244 -1.76 -3.2
0.0002442 -1.76 -3.2
0.0002444 -1.76 -3
0.0002446 -1.76 -3
0.0002448 -1.76 -2.8
0.000245 -1.76 -2.8
0.0002452 -1.76 -2.6
0.0002454 -1.76 -2.4
0.0002456 -1.76 -2.4
0.0002458 -1.76 -2.2
0.000246 -1.76 -2.2
0.0002462 -1.76 -2.2
0.0002464 -1.76 -2.2
0.0002466 -1.68 -2
0.0002468 -1.68 -1.8
0.000247 -1.68 -1.8
0.0002472 -1.68 -1.6
0.0002474 -1.6 -1.6
0.0002476 -1.68 -1.4
0.0002478 -1.6 -1.4
0.000248 -1.68 -1.4
0.0002482 -1.6 -1.2
0.0002484 -1.6 -1
0.0002486 -1.6 -0.8
0.0002488 -1.52 -0.8
0.000249 -1.52 -0.6
0.0002492 -1.6 -0.6
0.0002494 -1.6 -0.6
0.0002496 -1.52 -0.4
0.0002498 -1.44 -0.4
0.00025 -1.44 0
0.0002502 -1.44 0
0.0002504 -1.44 0.2
0.0002506 -1.44 0.2
0.0002508 -1.44 0.4
0.000251 -1.44 0.2
0.0002512 -1.36 0.4
0.0002514 -1.36 0.6
0.0002516 -1.28 0.8
0.0002518 -1.36 0.8
0.000252 -1.28 1
0.0002522 -1.28 1
0.0002524 -1.2 1.2
0.0002526 -1.28 1.2
0.0002528 -1.12 1.2
0.000253 -1.2 1.4
0.0002532 -1.12 1.6
0.0002534 -1.12 1.8
0.0002536 -1.12 1.8
0.0002538 -1.12 2
0.000254 -1.04 2
0.0002542 -1.04 2
0.0002544 -1.04 2
0.0002546 -1.04 2
0.0002548 -0.96 2.2
0.000255 -0.96 2.4
0.0002552 -0.8 2.4
0.0002554 -0.88 2.6
0.0002556 -0.8 2.6
0.0002558 -0.8 2.8
0.000256 -0.8 2.8
0.0002562 -0.8 2.8
0.0002564 -0.72 3
0.0002566 -0.72 3
0.0002568 -0.72 3.2
0.000257 -0.64 3.4
0.0002572 -0.64 3.2
0.0002574 -0.64 3.4
0.0002576 -0.56 3.4
0.0002578 -0.48 3.4
0.000258 -0.48 3.6
0.0002582 -0.48 3.6
0.0002584 -0.48 3.6
0.0002586 -0.48 3.8
0.0002588 -0.4 4
0.000259 -0.32 4
0.0002592 -0.32 4
0.0002594 -0.32 4
0.0002596 -0.32 4
0.0002598 -0.32 4.2
0.00026 -0.16 4.2
0.0002602 -0.16 4.4
0.0002604 -0.16 4.6
0.0002606 -0.16 4.4
0.0002608 0 4.6
0.000261 0.08 4.6
0.0002612 0.08 4.4
0.0002614 0.08 4.6
0.0002616 0.16 4.6
0.0002618 0.08 4.8
0.000262 0.24 5
0.0002622 0.24 4.8
0.0002624 0.24 5
0.0002626 0.24 5
0.0002628 0.32 5
0.000263 0.32 5
0.0002632 0.4 5
0.0002634 0.4 5.2
0.0002636 0.4 5.4
0.0002638 0.4 5.4
0.000264 0.4 5.2
0.0002642 0.56 5.4
0.0002644 0.56 5.2
0.0002646 0.56 5.4
0.0002648 0.56 5.4
0.000265 0.56 5.4
0.0002652 0.56 5.6
0.0002654 0.72 5.6
0.0002656 0.72 5.6
0.0002658 0.72 5.6
0.000266 0.72 5.4
0.0002662 0.72 5.4
0.0002664 0.8 5.6
0.0002666 0.8 5.4
0.0002668 0.8 5.6
0.000267 0.88 5.6
0.0002672 0.88 5.6
0.0002674 0.88 5.6
0.0002676 0.96 5.6
0.0002678 0.96 5.4
0.000268 0.96 5.6
0.0002682 1.04 5.4
0.0002684 1.04 5.6
0.0002686 1.04 5.6
0.0002688 1.04 5.6
0.000269 1.04 5.6
0.0002692 1.04 5.6
0.0002694 1.2 5.4
0.0002696 1.2 5.4
0.0002698 1.2 5.2
0.00027 1.2 5.4
0.0002702 1.2 5.4
0.0002704 1.28 5.4
0.0002706 1.28 5.2
0.0002708 1.28 5.2
0.000271 1.36 5.4
0.0002712 1.36 5
0.0002714 1.36 5.2
0.0002716 1.36 5
0.0002718 1.36 5
0.000272 1.36 5.2
0.0002722 1.44 5
0.0002724 1.44 5
0.0002726 1.44 4.8
0.0002728 1.52 4.8
0.000273 1.52 5
0.0002732 1.36 4.6
0.0002734 1.52 4.8
0.0002736 1.52 4.6
0.0002738 1.52 4.6
0.000274 1.52 4.4
0.0002742 1.52 4.4
0.0002744 1.52 4.4
0.0002746 1.52 4.4
0.0002748 1.6 4.2
0.000275 1.6 4.2
0.0002752 1.52 4.2
0.0002754 1.52 4.2
0.0002756 1.6 4
0.0002758 1.52 4
0.000276 1.6 3.8
0.0002762 1.6 3.6
0.0002764 1.6 3.8
0.0002766 1.68 3.6
0.0002768 1.6 3.6
0.000277 1.68 3.6
0.0002772 1.6 3.4
0.0002774 1.68 3.4
0.0002776 1.6 3.4
0.0002778 1.6 3.2
0.000278 1.68 3.2
0.0002782 1.6 3.2
0.0002784 1.6 3
0.0002786 1.6 2.8
0.0002788 1.6 2.8
0.000279 1.6 2.6
0.0002792 1.6 2.6
0.0002794 1.68 2.6
0.0002796 1.6 2.6
0.0002798 1.6 2.4
0.00028 1.6 2.4
0.0002802 1.6 2
0.0002804 1.6 2
0.0002806 1.6 2
0.0002808 1.6 1.8
0.000281 1.6 1.8
0.0002812 1.6 1.6
0.0002814 1.6 1.6
0.0002816 1.6 1.6
0.0002818 1.52 1.4
0.000282 1.52 1.2
0.0002822 1.6 1.2
0.0002824 1.52 1
0.0002826 1.52 1
0.0002828 1.52 1
0.000283 1.52 0.8
0.0002832 1.52 0.8
0.0002834 1.52 0.6
0.0002836 1.52 0.4
0.0002838 1.52 0.4
0.000284 1.44 0.2
0.0002842 1.44 0
0.0002844 1.36 0.2
0.0002846 1.36 0.2
0.0002848 1.36 -0.4
0.000285 1.36 -0.4
0.0002852 1.36 -0.4
0.0002854 1.36 -0.6
0.0002856 1.28 -0.8
0.0002858 1.28 -0.8
0.000286 1.28 -0.8
0.0002862 1.28 -1
0.0002864 1.2 -1
0.0002866 1.2 -1
0.0002868 1.2 -1.4
0.000287 1.2 -1.6
0.0002872 1.2 -1.6
0.0002874 1.2 -1.6
0.0002876 1.2 -1.6
0.0002878 1.12 -1.6
0.000288 1.2 -1.8
0.0002882 1.04 -2
0.0002884 1.04 -2.2
0.0002886 1.04 -2.2
0.0002888 1.04 -2.4
0.000289 0.96 -2.4
0.0002892 0.96 -2.6
0.0002894 0.96 -2.4
0.0002896 0.96 -2.6
0.0002898 0.88 -2.6
0.00029 0.88 -2.6
0.0002902 0.8 -3
0.0002904 0.72 -3.2
0.0002906 0.88 -3.2
0.0002908 0.8 -3.2
0.000291 0.72 -3.2
0.0002912 0.72 -3.4
0.0002914 0.64 -3.4
0.0002916 0.64 -3.6
0.0002918 0.56 -3.6
0.000292 0.56 -3.8
0.0002922 0.56 -3.8
0.0002924 0.56 -4
0.0002926 0.48 -4
0.0002928 0.48 -4
0.000293 0.4 -4.2
0.0002932 0.4 -4.2
0.0002934 0.4 -4.2
0.0002936 0.32 -4.2
0.0002938 0.32 -4.6
0.000294 0.24 -4.6
0.0002942 0.24 -4.6
0.0002944 0.24 -4.6
0.0002946 0.24 -4.8
0.0002948 0.24 -4.8
0.000295 0.24 -4.8
0.0002952 0.08 -5
0.0002954 0.08 -5
0.0002956 0.08 -5
0.0002958 0 -5.2
0.000296 0 -5.2
0.0002962 0 -5.2
0.0002964 -0.16 -5.2
0.0002966 -0.16 -5.4
0.0002968 -0.16 -5.6
0.000297 -0.16 -5.6
0.0002972 -0.32 -5.6
0.0002974 -0.16 -5.6
0.0002976 -0.32 -5.6
0.0002978 -0.32 -5.6
0.000298 -0.4 -5.6
0.0002982 -0.4 -5.8
0.0002984 -0.48 -5.8
0.0002986 -0.48 -5.8
0.0002988 -0.48 -5.8
0.000299 -0.48 -6.2
0.0002992 -0.48 -5.8
0.0002994 -0.64 -5.8
0.0002996 -0.56 -5.8
0.0002998 -0.64 -6
0.0003 -0.64 -6
0.0003002 -0.64 -6.2
0.0003004 -0.72 -6.2
0.0003006 -0.8 -6.2
0.0003008 -0.72 -6.2
0.000301 -0.8 -6.2
0.0003012 -0.8 -6
0.0003014 -0.88 -6.2
0.0003016 -0.88 -6.2
0.0003018 -0.96 -6.2
0.000302 -0.96 -6.4
0.0003022 -0.96 -6.4
0.0003024 -1.04 -6.4
0.0003026 -1.04 -6.4
0.0003028 -1.04 -6.4
0.000303 -1.12 -6.2
0.0003032 -1.12 -6.2
0.0003034 -1.12 -6.2
0.0003036 -1.12 -6.4
0.0003038 -1.12 -6.4
0.000304 -1.12 -6.4
0.0003042 -1.2 -6.4
0.0003044 -1.2 -6.2
0.0003046 -1.28 -6.2
0.0003048 -1.28 -6.2
0.000305 -1.28 -6.2
0.0003052 -1.36 -6.2
0.0003054 -1.36 -6.4
0.0003056 -1.44 -6.2
0.0003058 -1.36 -6.2
0.000306 -1.44 -6
0.0003062 -1.44 -5.8
0.0003064 -1.44 -6
0.0003066 -1.44 -6
0.0003068 -1.44 -6
0.000307 -1.44 -6.2
0.0003072 -1.44 -6
0.0003074 -1.44 -5.8
0.0003076 -1.6 -5.8
0.0003078 -1.6 -5.6
0.000308 -1.6 -5.8
0.0003082 -1.6 -5.6
0.0003084 -1.6 -5.8
0.0003086 -1.68 -5.8
0.0003088 -1.68 -5.6
0.000309 -1.68 -5.6
0.0003092 -1.68 -5.6
0.0003094 -1.68 -5.4
0.0003096 -1.68 -5.2
0.0003098 -1.68 -5.2
0.00031 -1.68 -5.2
0.0003102 -1.68 -5.4
0.0003104 -1.68 -5.2
0.0003106 -1.68 -5
0.0003108 -1.68 -5
0.000311 -1.76 -4.8
0.0003112 -1.76 -4.8
0.0003114 -1.76 -4.8
0.0003116 -1.76 -4.6
0.0003118 -1.76 -4.6
0.000312 -1.76 -4.8
0.0003122 -1.76 -4.4
0.0003124 -1.76 -4.4
0.0003126 -1.76 -4.4
0.0003128 -1.76 -4.2
0.000313 -1.76 -4.2
0.0003132 -1.76 -4.2
0.0003134 -1.76 -4.2
0.0003136 -1.76 -4
0.0003138 -1.76 -4
0.000314 -1.84 -4
0.0003142 -1.76 -3.8
0.0003144 -1.76 -3.8
0.0003146 -1.76 -3.4
0.0003148 -1.76 -3.4
0.000315 -1.76 -3.4
0.0003152 -1.76 -3.4
0.0003154 -1.76 -3.2
0.0003156 -1.76 -3.2
0.0003158 -1.76 -3.2
0.000316 -1.76 -3
0.0003162 -1.76 -2.6
0.0003164 -1.68 -2.6
0.0003166 -1.76 -2.6
0.0003168 -1.76 -2.6
0.000317 -1.76 -2.6
0.0003172 -1.68 -2.4
0.0003174 -1.76 -2.4
0.0003176 -1.76 -2.2
0.0003178 -1.76 -2.2
0.000318 -1.68 -2
0.0003182 -1.68 -1.8
0.0003184 -1.68 -1.8
0.0003186 -1.68 -1.6
0.0003188 -1.68 -1.6
0.000319 -1.68 -1.4
0.0003192 -1.68 -1.4
0.0003194 -1.6 -1.2
0.0003196 -1.6 -1
0.0003198 -1.6 -1
0.00032 -1.6 -1
0.0003202 -1.6 -0.8
0.0003204 -1.52 -0.8
0.0003206 -1.6 -0.8
0.0003208 -1.52 -0.6
0.000321 -1.44 -0.4
0.0003212 -1.44 0
0.0003214 -1.44 0
0.0003216 -1.44 0.2
0.0003218 -1.44 0.2
0.000322 -1.44 0.2
0.0003222 -1.44 0.2
0.0003224 -1.36 0.4
0.0003226 -1.36 0.6
0.0003228 -1.36 0.6
0.000323 -1.36 0.8
0.0003232 -1.36 0.8
0.0003234 -1.28 0.8
0.0003236 -1.2 1
0.0003238 -1.28 1.2
0.000324 -1.2 1
0.0003242 -1.2 1.4
0.0003244 -1.12 1.4
0.0003246 -1.12 1.6
0.0003248 -1.12 1.6
0.000325 -1.12 1.6
0.0003252 -1.12 1.8
0.0003254 -1.04 1.8
0.0003256 -1.12 2
0.0003258 -1.04 2
0.000326 -1.04 2
0.0003262 -0.96 2.4
0.0003264 -0.96 2.4
0.0003266 -0.96 2.4
0.0003268 -0.96 2.4
0.000327 -0.8 2.6
0.0003272 -0.8 2.8
0.0003274 -0.8 2.8
0.0003276 -0.8 2.8
0.0003278 -0.72 3
0.000328 -0.64 3
0.0003282 -0.64 3.2
0.0003284 -0.64 3.2
0.0003286 -0.64 3.2
0.0003288 -0.64 3.4
0.000329 -0.48 3.4
0.0003292 -0.56 3.6
0.0003294 -0.48 3.6
0.0003296 -0.48 3.6
0.0003298 -0.48 3.6
0.00033 -0.4 3.8
0.0003302 -0.4 4
0.0003304 -0.4 3.8
0.0003306 -0.4 4
0.0003308 -0.32 4.2
0.000331 -0.32 4.2
0.0003312 -0.24 4.2
0.0003314 -0.16 4.2
0.0003316 -0.16 4.4
0.0003318 -0.16 4.4
0.000332 -0.16 4.6
0.0003322 0 4.6
0.0003324 0 4.6
0.0003326 0 4.6
0.0003328 0.08 4.6
0.000333 0.08 4.6
0.0003332 0.16 4.6
0.0003334 0.16 4.8
0.0003336 0.16 5
0.0003338 0.24 5
0.000334 0.24 4.8
0.0003342 0.24 5.2
0.0003344 0.24 5
0.0003346 0.32 5
0.0003348 0.32 5
0.000335 0.4 5
0.0003352 0.4 5.2
0.0003354 0.4 5.2
0.0003356 0.48 5.2
0.0003358 0.56 5.4
0.000336 0.56 5.2
0.0003362 0.56 5.2
0.0003364 0.64 5.2
0.0003366 0.64 5.6
0.0003368 0.64 5.4
0.000337 0.64 5.6
0.0003372 0.72 5.6
0.0003374 0.72 5.6
0.0003376 0.72 5.6
0.0003378 0.72 5.6
0.000338 0.8 5.4
0.0003382 0.8 5.6
0.0003384 0.88 5.6
0.0003386 0.88 5.8
0.0003388 0.96 5.6
0.000339 0.96 5.6
0.0003392 0.96 5.6
0.0003394 1.04 5.6
0.0003396 1.04 5.6
0.0003398 1.04 5.6
0.00034 1.04 5.4
0.0003402 1.04 5.6
0.0003404 1.12 5.6
0.0003406 1.12 5.6
0.0003408 1.12 5.4
0.000341 1.2 5.4
0.0003412 1.2 5.4
0.0003414 1.2 5.4
0.0003416 1.2 5.2
0.0003418 1.28 5.4
0.000342 1.28 5.4
0.0003422 1.28 5.4
0.0003424 1.28 5.2
0.0003426 1.36 5.2
0.0003428 1.36 5
0.000343 1.36 5
0.0003432 1.36 5
0.0003434 1.36 5
0.0003436 1.36 5
0.0003438 1.36 5.2
0.000344 1.44 5
0.0003442 1.44 4.8
0.0003444 1.44 4.8
0.0003446 1.44 4.4
0.0003448 1.52 4.8
0.000345 1.52 4.4
0.0003452 1.52 4.6
0.0003454 1.52 4.6
0.0003456 1.52 4.4
0.0003458 1.52 4.4
0.000346 1.52 4.2
0.0003462 1.52 4.2
0.0003464 1.6 4.2
0.0003466 1.6 4.2
0.0003468 1.52 4
0.000347 1.6 4.2
0.0003472 1.6 4
0.0003474 1.6 4
0.0003476 1.6 3.8
0.0003478 1.6 3.6
0.000348 1.6 3.4
0.0003482 1.6 3.6
0.0003484 1.6 3.4
0.0003486 1.6 3.6
0.0003488 1.6 3.4
0.000349 1.6 3.4
0.0003492 1.68 3.4
0.0003494 1.6 3.2
0.0003496 1.6 2.8
0.0003498 1.6 3
0.00035 1.68 2.8
0.0003502 1.68 2.8
0.0003504 1.68 2.8
0.0003506 1.6 2.6
0.0003508 1.6 2.6
0.000351 1.6 2.4
0.0003512 1.6 2.4
0.0003514 1.68 2.4
0.0003516 1.6 2.2
0.0003518 1.6 2
0.000352 1.6 2
0.0003522 1.6 1.8
0.0003524 1.6 1.8
0.0003526 1.6 1.8
0.0003528 1.6 1.4
0.000353 1.6 1.4
0.0003532 1.6 1.2
0.0003534 1.52 1.2
0.0003536 1.52 1.2
0.0003538 1.52 1.2
0.000354 1.52 1
0.0003542 1.52 0.8
0.0003544 1.52 0.8
0.0003546 1.52 0.6
0.0003548 1.52 0.6
0.000355 1.52 0.4
0.0003552 1.52 0.4
0.0003554 1.52 0.4
0.0003556 1.44 0.2
0.0003558 1.44 0.2
0.000356 1.44 0
0.0003562 1.36 -0.4
0.0003564 1.36 0
0.0003566 1.36 -0.6
0.0003568 1.36 -0.6
0.000357 1.36 -0.6
0.0003572 1.36 -0.8
0.0003574 1.36 -0.8
0.0003576 1.28 -1
0.0003578 1.28 -1
0.000358 1.2 -1.2
0.0003582 1.2 -1.2
0.0003584 1.2 -1.4
0.0003586 1.2 -1.6
0.0003588 1.2 -1.4
0.000359 1.2 -1.6
0.0003592 1.2 -1.8
0.0003594 1.12 -1.8
0.0003596 1.12 -2
0.0003598 1.12 -2
0.00036 1.04 -2.2
0.0003602 1.04 -2.4
0.0003604 0.96 -2.2
0.0003606 0.96 -2.4
0.0003608 0.96 -2.6
0.000361 0.88 -2.6
0.0003612 0.88 -2.8
0.0003614 0.88 -2.8
0.0003616 0.88 -2.8
0.0003618 0.88 -3
0.000362 0.72 -3.2
0.0003622 0.72 -3.2
0.0003624 0.72 -3.4
0.0003626 0.72 -3.4
0.0003628 0.64 -3.4
0.000363 0.64 -3.6
0.0003632 0.64 -3.6
0.0003634 0.56 -3.8
0.0003636 0.56 -3.8
0.0003638 0.48 -3.8
0.000364 0.56 -4
0.0003642 0.48 -4.2
0.0003644 0.4 -4.2
0.0003646 0.4 -4.2
0.0003648 0.4 -4.2
0.000365 0.4 -4.4
0.0003652 0.32 -4.4
0.0003654 0.32 -4.4
0.0003656 0.24 -4.6
0.0003658 0.24 -4.8
0.000366 0.24 -4.8
0.0003662 0.24 -4.8
0.0003664 0.24 -4.8
0.0003666 0.16 -5
0.0003668 0.08 -5
0.000367 0.08 -5
0.0003672 0 -5.2
0.0003674 0 -5.2
0.0003676 -0.16 -5.2
0.0003678 0 -5.2
0.000368 -0.16 -5.4
0.0003682 -0.16 -5.4
0.0003684 -0.24 -5.6
0.0003686 -0.16 -5.6
0.0003688 -0.32 -5.6
0.000369 -0.32 -5.8
0.0003692 -0.32 -5.8
0.0003694 -0.32 -5.8
0.0003696 -0.32 -5.8
0.0003698 -0.4 -5.8
0.00037 -0.4 -5.8
0.0003702 -0.48 -6
0.0003704 -0.48 -5.8
0.0003706 -0.56 -6
0.0003708 -0.48 -5.8
0.000371 -0.56 -5.8
0.0003712 -0.64 -6.2
0.0003714 -0.64 -6
0.0003716 -0.72 -6.2
0.0003718 -0.72 -6.2
0.000372 -0.72 -6.2
0.0003722 -0.72 -6.4
0.0003724 -0.8 -6.2
0.0003726 -0.8 -6.4
0.0003728 -0.8 -6.2
0.000373 -0.88 -6.2
0.0003732 -0.88 -6.4
0.0003734 -0.96 -6.4
0.0003736 -1.04 -6.4
0.0003738 -0.96 -6.2
0.000374 -1.04 -6.4
0.0003742 -1.04 -6.4
0.0003744 -1.04 -6.4
0.0003746 -1.12 -6.4
0.0003748 -1.12 -6.4
0.000375 -1.12 -6.4
0.0003752 -1.12 -6.4
0.0003754 -1.12 -6.4
0.0003756 -1.12 -6.4
0.0003758 -1.2 -6.4
0.000376 -1.28 -6.2
0.0003762 -1.28 -6.2
0.0003764 -1.28 -6.2
0.0003766 -1.36 -6.2
0.0003768 -1.36 -6.2
0.000377 -1.36 -6.4
0.0003772 -1.36 -6.4
0.0003774 -1.44 -6.2
0.0003776 -1.44 -6.2
0.0003778 -1.44 -5.8
0.000378 -1.44 -6
0.0003782 -1.52 -5.8
0.0003784 -1.44 -5.8
0.0003786 -1.44 -6
0.0003788 -1.6 -6
0.000379 -1.6 -5.8
0.0003792 -1.52 -5.8
0.0003794 -1.6 -5.8
0.0003796 -1.6 -5.6
0.0003798 -1.6 -5.8
0.00038 -1.6 -5.6
0.0003802 -1.6 -5.6
0.0003804 -1.68 -5.6
0.0003806 -1.68 -5.6
0.0003808 -1.68 -5.6
0.000381 -1.68 -5.6
0.0003812 -1.68 -5.2
0.0003814 -1.68 -5.2
0.0003816 -1.76 -5.2
0.0003818 -1.68 -5
0.000382 -1.76 -5
0.0003822 -1.76 -5.2
0.0003824 -1.76 -5
0.0003826 -1.76 -5
0.0003828 -1.76 -4.8
0.000383 -1.76 -4.6
0.0003832 -1.76 -4.6
0.0003834 -1.76 -4.6
0.0003836 -1.76 -4.6
0.0003838 -1.76 -4.6
0.000384 -1.76 -4.4
0.0003842 -1.76 -4.4
0.0003844 -1.76 -4.2
0.0003846 -1.76 -4
0.0003848 -1.76 -4
0.000385 -1.76 -4
0.0003852 -1.76 -4
0.0003854 -1.76 -4
0.0003856 -1.76 -3.8
0.0003858 -1.76 -3.8
0.000386 -1.76 -3.6
0.0003862 -1.76 -3.4
0.0003864 -1.84 -3.4
0.0003866 -1.84 -3.2
0.0003868 -1.84 -3.2
0.000387 -1.84 -3.2
0.0003872 -1.76 -3.2
0.0003874 -1.76 -3
0.0003876 -1.76 -2.8
0.0003878 -1.76 -2.6
0.000388 -1.76 -2.6
0.0003882 -1.76 -2.6
0.0003884 -1.76 -2.4
0.0003886 -1.68 -2.4
0.0003888 -1.76 -2.2
0.000389 -1.76 -2.2
0.0003892 -1.68 -2.2
0.0003894 -1.68 -1.8
0.0003896 -1.68 -1.8
0.0003898 -1.68 -1.8
0.00039 -1.68 -1.6
0.0003902 -1.68 -1.6
0.0003904 -1.68 -1.4
0.0003906 -1.6 -1.4
0.0003908 -1.6 -1.4
0.000391 -1.6 -1.2
0.0003912 -1.6 -1
0.0003914 -1.6 -1
0.0003916 -1.6 -0.8
0.0003918 -1.6 -0.8
0.000392 -1.44 -0.8
0.0003922 -1.44 -0.8
0.0003924 -1.52 -0.6
0.0003926 -1.44 0
0.0003928 -1.44 0
0.000393 -1.44 0.2
0.0003932 -1.44 0.2
0.0003934 -1.44 0.2
0.0003936 -1.44 0.2
0.0003938 -1.44 0.4
0.000394 -1.36 0.6
0.0003942 -1.36 0.6
0.0003944 -1.36 0.8
0.0003946 -1.36 0.8
0.0003948 -1.28 1
0.000395 -1.28 1
0.0003952 -1.28 1
0.0003954 -1.28 1
0.0003956 -1.2 1.2
0.0003958 -1.2 1.2
0.000396 -1.12 1.6
0.0003962 -1.12 1.6
0.0003964 -1.12 1.6
0.0003966 -1.12 1.8
0.0003968 -1.12 2
0.000397 -1.04 1.8
0.0003972 -1.04 2
0.0003974 -0.96 2.2
0.0003976 -1.04 2.4
0.0003978 -0.96 2.4
0.000398 -0.96 2.6
0.0003982 -0.96 2.6
0.0003984 -0.88 2.6
0.0003986 -0.8 2.8
0.0003988 -0.8 2.8
0.000399 -0.72 2.8
0.0003992 -0.72 3
0.0003994 -0.72 3
0.0003996 -0.72 3.2
0.0003998 -0.64 3.2
0.0004 -0.64 3.2
0.0004002 -0.64 3.4
0.0004004 -0.56 3.4
0.0004006 -0.48 3.4
0.0004008 -0.48 3.4
0.000401 -0.48 3.6
0.0004012 -0.48 3.6
0.0004014 -0.4 3.8
0.0004016 -0.4 4
0.0004018 -0.32 3.8
0.000402 -0.32 4
0.0004022 -0.32 4
0.0004024 -0.32 4
0.0004026 -0.24 4.2
0.0004028 -0.32 4.4
0.000403 -0.16 4.4
0.0004032 -0.16 4.4
0.0004034 0 4.4
0.0004036 -0.16 4.6
0.0004038 0 4.4
0.000404 0.08 4.6
0.0004042 0.08 4.6
0.0004044 0.08 4.8
0.0004046 0.16 5
0.0004048 0.24 4.8
0.000405 0.24 4.8
0.0004052 0.24 5
0.0004054 0.24 4.8
0.0004056 0.24 5
0.0004058 0.32 5
0.000406 0.32 5.2
0.0004062 0.4 5.2
0.0004064 0.32 5.2
0.0004066 0.32 5.2
0.0004068 0.4 5.2
0.000407 0.4 5.2
0.0004072 0.48 5.4
0.0004074 0.56 5.2
0.0004076 0.56 5.6
0.0004078 0.64 5.6
0.000408 0.64 5.6
0.0004082 0.64 5.4
0.0004084 0.64 5.6
0.0004086 0.64 5.6
0.0004088 0.72 5.4
0.000409 0.8 5.6
0.0004092 0.72 5.6
0.0004094 0.88 5.4
0.0004096 0.88 5.6
0.0004098 0.88 5.6
0.00041 0.88 5.6
0.0004102 0.88 5.6
0.0004104 0.96 5.6
0.0004106 0.88 5.6
0.0004108 0.96 5.6
0.000411 1.04 5.6
0.0004112 0.96 5.6
0.0004114 1.04 5.6
0.0004116 1.04 5.4
0.0004118 1.04 5.4
0.000412 1.2 5.6
0.0004122 1.2 5.4
0.0004124 1.2 5.4
0.0004126 1.2 5.6
0.0004128 1.2 5.2
0.000413 1.2 5.4
0.0004132 1.28 5.2
0.0004134 1.28 5.2
0.0004136 1.28 5.2
0.0004138 1.28 5.4
0.000414 1.28 5.2
0.0004142 1.36 5.2
0.0004144 1.36 5.2
0.0004146 1.36 5
0.0004148 1.36 5
0.000415 1.36 5
0.0004152 1.36 5
0.0004154 1.36 5
0.0004156 1.52 5
0.0004158 1.52 4.8
0.000416 1.52 4.8
0.0004162 1.52 4.6
0.0004164 1.44 4.6
0.0004166 1.52 4.4
0.0004168 1.52 4.4
0.000417 1.52 4.6
0.0004172 1.52 4.4
0.0004174 1.52 4.4
0.0004176 1.6 4.2
0.0004178 1.52 4.2
0.000418 1.6 4.2
0.0004182 1.6 4
0.0004184 1.6 4
0.0004186 1.6 4
0.0004188 1.6 4
0.000419 1.6 4
0.0004192 1.6 3.8
0.0004194 1.68 3.6
0.0004196 1.6 3.6
0.0004198 1.6 3.4
0.00042 1.6 3.4
0.0004202 1.6 3.4
0.0004204 1.6 3.4
0.0004206 1.6 3.2
0.0004208 1.6 3.2
0.000421 1.6 3.2
0.0004212 1.68 3
0.0004214 1.68 2.8
0.0004216 1.68 2.8
0.0004218 1.6 2.8
0.000422 1.6 2.6
0.0004222 1.68 2.4
0.0004224 1.6 2.6
0.0004226 1.68 2.6
0.0004228 1.6 2.2
0.000423 1.6 2.2
0.0004232 1.6 2
0.0004234 1.6 1.8
0.0004236 1.6 2
0.0004238 1.6 1.8
0.000424 1.6 1.8
0.0004242 1.52 1.8
0.0004244 1.6 1.4
0.0004246 1.6 1.4
0.0004248 1.6 1.2
0.000425 1.52 1.2
0.0004252 1.52 1
0.0004254 1.52 1
0.0004256 1.6 1
0.0004258 1.52 1
0.000426 1.52 0.8
0.0004262 1.52 0.6
0.0004264 1.52 0.4
0.0004266 1.36 0.4
0.0004268 1.52 0.4
0.000427 1.52 0.2
0.0004272 1.52 0
0.0004274 1.36 0
0.0004276 1.36 0
0.0004278 1.36 -0.4
0.000428 1.36 -0.4
0.0004282 1.36 -0.6
0.0004284 1.28 -0.8
0.0004286 1.36 -0.6
0.0004288 1.28 -0.8
0.000429 1.36 -0.8
0.0004292 1.28 -1
0.0004294 1.2 -1.2
0.0004296 1.2 -1.4
0.0004298 1.2 -1.4
0.00043 1.2 -1.4
0.0004302 1.2 -1.6
0.0004304 1.2 -1.4
0.0004306 1.04 -1.6
0.0004308 1.2 -1.8
0.000431 1.04 -2
0.0004312 1.04 -2.2
0.0004314 1.04 -2.4
0.0004316 1.04 -2.2
0.0004318 0.96 -2.4
0.000432 0.96 -2.4
0.0004322 0.96 -2.6
0.0004324 0.88 -2.6
0.0004326 0.88 -2.6
0.0004328 0.88 -3
0.000433 0.88 -3
0.0004332 0.88 -3
0.0004334 0.8 -3.2
0.0004336 0.72 -3.2
0.0004338 0.72 -3.2
0.000434 0.72 -3.4
0.0004342 0.64 -3.4
0.0004344 0.64 -3.6
0.0004346 0.64 -3.6
0.0004348 0.64 -3.8
0.000435 0.64 -3.8
0.0004352 0.56 -3.8
0.0004354 0.56 -4
0.0004356 0.48 -4
0.0004358 0.56 -4
0.000436 0.4 -4.2
0.0004362 0.4 -4.4
0.0004364 0.32 -4.4
0.0004366 0.32 -4.6
0.0004368 0.32 -4.6
0.000437 0.24 -4.6
0.0004372 0.24 -4.6
0.0004374 0.24 -4.6
0.0004376 0.24 -4.8
0.0004378 0.08 -4.8
0.000438 0.08 -5
0.0004382 0.08 -5
0.0004384 0.08 -5.2
0.0004386 0 -5
0.0004388 0 -5
0.000439 -0.16 -5.4
0.0004392 0 -5.4
0.0004394 -0.16 -5.4
0.0004396 -0.16 -5.6
0.0004398 -0.24 -5.4
0.00044 -0.16 -5.6
0.0004402 -0.32 -5.6
0.0004404 -0.32 -5.6
0.0004406 -0.32 -5.6
0.0004408 -0.32 -5.6
0.000441 -0.4 -5.8
0.0004412 -0.48 -5.8
0.0004414 -0.48 -6
0.0004416 -0.48 -6
0.0004418 -0.48 -6.2
0.000442 -0.48 -5.8
0.0004422 -0.64 -5.8
0.0004424 -0.48 -6
0.0004426 -0.64 -6
0.0004428 -0.64 -6.2
0.000443 -0.72 -6.2
0.0004432 -0.72 -6.2
0.0004434 -0.72 -6.2
0.0004436 -0.72 -6.2
0.0004438 -0.8 -6.2
0.000444 -0.8 -6.2
0.0004442 -0.8 -6.2
0.0004444 -0.88 -6.4
0.0004446 -0.88 -6.4
0.0004448 -0.96 -6.4
0.000445 -0.96 -6.2
0.0004452 -0.96 -6.4
0.0004454 -1.04 -6.4
0.0004456 -1.04 -6.4
0.0004458 -1.12 -6.2
0.000446 -1.04 -6.2
0.0004462 -1.12 -6.4
0.0004464 -1.12 -6.4
0.0004466 -1.12 -6.2
0.0004468 -1.12 -6.4
0.000447 -1.28 -6.4
0.0004472 -1.12 -6.2
0.0004474 -1.2 -6.4
0.0004476 -1.28 -6.2
0.0004478 -1.28 -6.2
0.000448 -1.36 -6.4
0.0004482 -1.36 -6.2
0.0004484 -1.36 -6.2
0.0004486 -1.44 -6.2
0.0004488 -1.44 -6
0.000449 -1.44 -6.2
0.0004492 -1.44 -6.2
0.0004494 -1.44 -6
0.0004496 -1.44 -6
0.0004498 -1.44 -5.8
0.00045 -1.52 -6
0.0004502 -1.6 -5.8
0.0004504 -1.52 -5.8
0.0004506 -1.6 -5.8
0.0004508 -1.6 -5.8
0.000451 -1.6 -5.8
0.0004512 -1.6 -5.8
0.0004514 -1.6 -5.8
0.0004516 -1.6 -5.6
0.0004518 -1.6 -5.6
0.000452 -1.6 -5.6
0.0004522 -1.68 -5.4
0.0004524 -1.68 -5.4
0.0004526 -1.68 -5.4
0.0004528 -1.68 -5.4
0.000453 -1.76 -5.4
0.0004532 -1.68 -5
0.0004534 -1.68 -5
0.0004536 -1.76 -5
0.0004538 -1.68 -5
0.000454 -1.68 -5
0.0004542 -1.76 -4.8
0.0004544 -1.76 -4.8
0.0004546 -1.76 -4.8
0.0004548 -1.76 -4.6
0.000455 -1.76 -4.4
0.0004552 -1.76 -4.4
0.0004554 -1.76 -4.2
0.0004556 -1.76 -4.2
0.0004558 -1.76 -4.2
0.000456 -1.76 -4.2
0.0004562 -1.76 -4.2
0.0004564 -1.76 -4.2
0.0004566 -1.76 -3.8
0.0004568 -1.76 -4
0.000457 -1.76 -3.8
0.0004572 -1.76 -3.8
0.0004574 -1.84 -3.6
0.0004576 -1.76 -3.4
0.0004578 -1.76 -3.4
0.000458 -1.76 -3.4
0.0004582 -1.76 -3.2
0.0004584 -1.76 -3.2
0.0004586 -1.76 -3
0.0004588 -1.76 -3
0.000459 -1.76 -2.8
0.0004592 -1.76 -2.8
0.0004594 -1.76 -2.8
0.0004596 -1.76 -2.6
0.0004598 -1.76 -2.6
0.00046 -1.76 -2.4
0.0004602 -1.76 -2.2
0.0004604 -1.76 -2.2
0.0004606 -1.76 -2.2
0.0004608 -1.68 -2
0.000461 -1.68 -1.8
0.0004612 -1.68 -1.8
0.0004614 -1.68 -1.6
0.0004616 -1.68 -1.6
0.0004618 -1.68 -1.4
0.000462 -1.68 -1.4
0.0004622 -1.68 -1.2
0.0004624 -1.68 -1.2
0.0004626 -1.6 -1.2
0.0004628 -1.6 -1
0.000463 -1.6 -0.8
0.0004632 -1.52 -0.8
0.0004634 -1.6 -0.6
0.0004636 -1.52 -0.6
0.0004638 -1.44 -0.4
0.000464 -1.44 -0.4
0.0004642 -1.44 0
0.0004644 -1.44 0
0.0004646 -1.44 0.2
0.0004648 -1.44 0.2
0.000465 -1.44 0.4
0.0004652 -1.36 0.4
0.0004654 -1.36 0.4
0.0004656 -1.44 0.6
0.0004658 -1.36 0.6
0.000466 -1.36 0.8
0.0004662 -1.28 0.8
0.0004664 -1.28 1
0.0004666 -1.28 1
0.0004668 -1.2 1.2
0.000467 -1.2 1.2
0.0004672 -1.2 1.4
0.0004674 -1.12 1.6
0.0004676 -1.12 1.6
0.0004678 -1.12 1.8
0.000468 -1.12 1.8
0.0004682 -1.12 1.8
0.0004684 -1.04 2
0.0004686 -1.04 2
0.0004688 -0.96 2
0.000469 -0.96 2.2
0.0004692 -0.96 2.4
0.0004694 -0.88 2.4
0.0004696 -0.88 2.6
0.0004698 -0.88 2.6
0.00047 -0.8 2.6
0.0004702 -0.8 2.8
0.0004704 -0.72 2.8
0.0004706 -0.72 2.8
0.0004708 -0.72 3
0.000471 -0.72 3.2
0.0004712 -0.64 3.2
0.0004714 -0.64 3.4
0.0004716 -0.64 3.4
0.0004718 -0.48 3.6
0.000472 -0.48 3.6
0.0004722 -0.48 3.4
0.0004724 -0.48 3.6
0.0004726 -0.48 3.8
0.0004728 -0.4 3.8
0.000473 -0.4 4
0.0004732 -0.4 4
0.0004734 -0.32 4.2
0.0004736 -0.32 4
0.0004738 -0.32 4
0.000474 -0.16 4.2
0.0004742 -0.16 4.2
0.0004744 -0.16 4.2
0.0004746 0 4.4
0.0004748 -0.16 4.4
0.000475 0 4.4
0.0004752 0 4.6
0.0004754 0 4.6
0.0004756 0.08 4.4
0.0004758 0.08 4.6
0.000476 0.16 4.8
0.0004762 0.24 5
0.0004764 0.16 5
0.0004766 0.24 5
0.0004768 0.24 5
0.000477 0.24 5
0.0004772 0.32 5
0.0004774 0.32 5.2
0.0004776 0.32 5
0.0004778 0.32 5.2
0.000478 0.4 5.2
0.0004782 0.4 5.4
0.0004784 0.4 5.4
0.0004786 0.48 5.4
0.0004788 0.48 5.2
0.000479 0.56 5.4
0.0004792 0.64 5.2
0.0004794 0.64 5.4
0.0004796 0.64 5.6
0.0004798 0.64 5.6
0.00048 0.72 5.6
0.0004802 0.72 5.6
0.0004804 0.72 5.4
0.0004806 0.88 5.4
0.0004808 0.8 5.6
0.000481 0.88 5.6
0.0004812 0.88 5.6
0.0004814 0.88 5.6
0.0004816 0.88 5.6
0.0004818 0.88 5.6
0.000482 0.96 5.6
0.0004822 0.96 5.4
0.0004824 0.96 5.6
0.0004826 1.04 5.4
0.0004828 1.04 5.6
0.000483 1.12 5.6
0.0004832 1.12 5.6
0.0004834 1.12 5.4
0.0004836 1.2 5.6
0.0004838 1.2 5.4
0.000484 1.2 5.4
0.0004842 1.2 5.4
0.0004844 1.2 5.4
0.0004846 1.2 5.4
0.0004848 1.28 5.2
0.000485 1.28 5.2
0.0004852 1.28 5.4
0.0004854 1.36 5
0.0004856 1.28 5
0.0004858 1.36 5
0.000486 1.36 5
0.0004862 1.36 5.2
0.0004864 1.36 5
0.0004866 1.44 5
0.0004868 1.36 5.2
0.000487 1.44 4.8
0.0004872 1.52 4.6
0.0004874 1.52 4.8
0.0004876 1.52 4.6
0.0004878 1.52 4.4
0.000488 1.52 4.6
0.0004882 1.52 4.6
0.0004884 1.52 4.4
0.0004886 1.6 4.4
0.0004888 1.52 4.2
0.000489 1.52 4.2
0.0004892 1.52 4.2
0.0004894 1.6 4.2
0.0004896 1.52 4
0.0004898 1.6 4
0.00049 1.6 4
0.0004902 1.6 4
0.0004904 1.6 3.8
0.0004906 1.6 3.6
0.0004908 1.6 3.6
0.000491 1.6 3.6
0.0004912 1.6 3.6
0.0004914 1.6 3.6
0.0004916 1.6 3.4
0.0004918 1.6 3.2
0.000492 1.6 3.4
0.0004922 1.6 3.2
0.0004924 1.68 3.2
0.0004926 1.68 3.2
0.0004928 1.6 2.8
0.000493 1.6 3
0.0004932 1.6 2.8
0.0004934 1.68 2.6
0.0004936 1.6 2.6
0.0004938 1.6 2.4
0.000494 1.6 2.4
0.0004942 1.6 2.4
0.0004944 1.6 2.4
0.0004946 1.6 2.2
0.0004948 1.6 2
0.000495 1.6 1.8
0.0004952 1.6 1.6
0.0004954 1.6 1.8
0.0004956 1.6 1.6
0.0004958 1.6 1.4
0.000496 1.52 1.4
0.0004962 1.52 1.2
0.0004964 1.52 1.2
0.0004966 1.52 1.2
0.0004968 1.52 1
0.000497 1.52 1
0.0004972 1.52 0.8
0.0004974 1.52 0.8
0.0004976 1.52 0.6
0.0004978 1.52 0.6
0.000498 1.52 0.4
0.0004982 1.52 0.2
0.0004984 1.44 0.2
0.0004986 1.52 0.2
0.0004988 1.36 0
0.000499 1.36 0
0.0004992 1.36 -0.4
0.0004994 1.36 -0.4
0.0004996 1.36 -0.6
0.0004998 1.36 -0.6
0.0005 1.36 -0.8
0.0005002 1.28 -0.8
0.0005004 1.28 -1
0.0005006 1.28 -1
0.0005008 1.2 -1
0.000501 1.2 -1.2
0.0005012 1.28 -1.4
0.0005014 1.2 -1.4
0.0005016 1.2 -1.6
0.0005018 1.2 -1.6
0.000502 1.2 -1.6
0.0005022 1.2 -1.8
0.0005024 1.04 -2
0.0005026 1.04 -2.2
0.0005028 1.04 -2.2
0.000503 1.04 -2.2
0.0005032 0.96 -2.4
0.0005034 0.96 -2.4
0.0005036 0.96 -2.6
0.0005038 0.88 -2.6
0.000504 0.88 -2.8
0.0005042 0.88 -2.8
0.0005044 0.8 -3
0.0005046 0.88 -3
0.0005048 0.88 -3.2
0.000505 0.8 -3.2
0.0005052 0.72 -3.4
0.0005054 0.72 -3.2
0.0005056 0.72 -3.4
0.0005058 0.64 -3.4
0.000506 0.64 -3.4
0.0005062 0.64 -3.6
0.0005064 0.56 -3.8
0.0005066 0.56 -3.8
0.0005068 0.56 -4
0.000507 0.48 -4
0.0005072 0.48 -4
0.0005074 0.4 -4.2
0.0005076 0.4 -4.2
0.0005078 0.32 -4.2
0.000508 0.32 -4.4
0.0005082 0.32 -4.4
0.0005084 0.32 -4.6
0.0005086 0.24 -4.6
0.0005088 0.24 -4.6
0.000509 0.24 -4.8
0.0005092 0.16 -4.8
0.0005094 0.24 -4.8
0.0005096 0.08 -5
0.0005098 0.08 -5
0.00051 0.08 -5.4
0.0005102 0 -5.2
0.0005104 0 -5.2
0.0005106 0 -5.2
0.0005108 -0.16 -5.2
0.000511 -0.16 -5.2
0.0005112 -0.16 -5.6
0.0005114 -0.24 -5.4
0.0005116 -0.24 -5.6
0.0005118 -0.32 -5.6
0.000512 -0.32 -5.6
0.0005122 -0.32 -5.6
0.0005124 -0.4 -5.8
0.0005126 -0.4 -5.8
0.0005128 -0.4 -5.8
0.000513 -0.48 -5.8
0.0005132 -0.48 -6
0.0005134 -0.48 -5.8
0.0005136 -0.48 -6
0.0005138 -0.64 -5.8
0.000514 -0.64 -6
0.0005142 -0.64 -5.8
0.0005144 -0.72 -6
0.0005146 -0.72 -6.4
0.0005148 -0.72 -6.2
0.000515 -0.72 -6.4
0.0005152 -0.8 -6.4
0.0005154 -0.8 -6.2
0.0005156 -0.8 -6.4
0.0005158 -0.8 -6.4
0.000516 -0.88 -6.2
0.0005162 -0.96 -6.4
0.0005164 -0.96 -6.4
0.0005166 -1.04 -6.4
0.0005168 -0.96 -6.4
0.000517 -1.04 -6.4
0.0005172 -1.04 -6.4
0.0005174 -1.12 -6.4
0.0005176 -1.12 -6.4
0.0005178 -1.12 -6.4
0.000518 -1.12 -6.4
0.0005182 -1.2 -6.4
0.0005184 -1.2 -6.4
0.0005186 -1.2 -6.2
0.0005188 -1.28 -6.2
0.000519 -1.28 -6.2
0.0005192 -1.28 -6.2
0.0005194 -1.36 -6.4
0.0005196 -1.36 -6.4
0.0005198 -1.36 -6.4
0.00052 -1.36 -6.2
0.0005202 -1.44 -6.2
0.0005204 -1.44 -6
0.0005206 -1.36 -6
0.0005208 -1.44 -6
0.000521 -1.44 -6
0.0005212 -1.44 -6
0.0005214 -1.52 -6.2
0.0005216 -1.52 -5.8
0.0005218 -1.52 -6
0.000522 -1.52 -5.8
0.0005222 -1.6 -5.8
0.0005224 -1.6 -5.8
0.0005226 -1.6 -5.6
0.0005228 -1.6 -5.6
0.000523 -1.6 -5.8
0.0005232 -1.68 -5.6
0.0005234 -1.6 -5.6
0.0005236 -1.68 -5.6
0.0005238 -1.68 -5.2
0.000524 -1.68 -5.4
0.0005242 -1.68 -5.2
0.0005244 -1.68 -5.2
0.0005246 -1.76 -5.4
0.0005248 -1.76 -5.2
0.000525 -1.68 -5
0.0005252 -1.76 -5
0.0005254 -1.76 -4.8
0.0005256 -1.76 -4.8
0.0005258 -1.76 -4.8
0.000526 -1.76 -4.6
0.0005262 -1.76 -4.6
0.0005264 -1.76 -4.6
0.0005266 -1.76 -4.4
0.0005268 -1.76 -4.4
0.000527 -1.76 -4.4
0.0005272 -1.76 -4.2
0.0005274 -1.84 -4.2
0.0005276 -1.76 -4
0.0005278 -1.76 -4
0.000528 -1.76 -4
0.0005282 -1.76 -3.8
0.0005284 -1.76 -3.8
0.0005286 -1.76 -3.6
0.0005288 -1.76 -3.4
0.000529 -1.76 -3.4
0.0005292 -1.76 -3.4
0.0005294 -1.76 -3.4
0.0005296 -1.76 -3.4
0.0005298 -1.76 -3.2
0.00053 -1.76 -3
0.0005302 -1.76 -3
0.0005304 -1.76 -2.8
0.0005306 -1.76 -2.6
0.0005308 -1.76 -2.6
0.000531 -1.68 -2.6
0.0005312 -1.76 -2.6
0.0005314 -1.76 -2.6
0.0005316 -1.76 -2.4
0.0005318 -1.76 -2.2
0.000532 -1.76 -2.2
0.0005322 -1.76 -1.8
0.0005324 -1.76 -1.8
0.0005326 -1.68 -1.8
0.0005328 -1.68 -1.8
0.000533 -1.68 -1.6
0.0005332 -1.68 -1.6
0.0005334 -1.6 -1.4
0.0005336 -1.68 -1.4
0.0005338 -1.6 -1.2
0.000534 -1.6 -1
0.0005342 -1.6 -1
0.0005344 -1.6 -1
0.0005346 -1.6 -0.8
0.0005348 -1.6 -0.8
0.000535 -1.6 -0.6
0.0005352 -1.52 -0.6
0.0005354 -1.44 -0.4
0.0005356 -1.44 0
0.0005358 -1.44 0
0.000536 -1.44 0
0.0005362 -1.44 0.2
0.0005364 -1.44 0.2
0.0005366 -1.44 0.4
0.0005368 -1.36 0.4
0.000537 -1.36 0.6
0.0005372 -1.28 0.8
0.0005374 -1.36 0.8
0.0005376 -1.28 0.8
0.0005378 -1.28 1
0.000538 -1.28 1
0.0005382 -1.28 1
0.0005384 -1.28 1.2
0.0005386 -1.2 1.4
0.0005388 -1.12 1.6
0.000539 -1.12 1.6
0.0005392 -1.12 1.6
0.0005394 -1.12 1.6
0.0005396 -1.04 1.8
0.0005398 -1.12 1.8
0.00054 -1.04 2
0.0005402 -1.04 2
0.0005404 -0.96 2.4
0.0005406 -0.96 2.4
0.0005408 -0.96 2.4
0.000541 -0.96 2.4
0.0005412 -0.88 2.4
0.0005414 -0.8 2.6
0.0005416 -0.8 2.8
0.0005418 -0.8 2.8
0.000542 -0.72 2.8
0.0005422 -0.72 3
0.0005424 -0.64 3
0.0005426 -0.64 3.2
0.0005428 -0.72 3.2
0.000543 -0.64 3.2
0.0005432 -0.64 3.4
0.0005434 -0.56 3.4
0.0005436 -0.48 3.4
0.0005438 -0.48 3.6
0.000544 -0.48 3.6
0.0005442 -0.48 4
0.0005444 -0.4 3.8
0.0005446 -0.32 4
0.0005448 -0.32 4
0.000545 -0.32 4
0.0005452 -0.32 4.2
0.0005454 -0.24 4.2
0.0005456 -0.16 4.2
0.0005458 -0.16 4.2
0.000546 -0.16 4.4
0.0005462 -0.16 4.4
0.0005464 -0.16 4.4
0.0005466 0 4.6
0.0005468 0 4.6
0.000547 0.08 4.6
0.0005472 0.08 4.6
0.0005474 0.08 4.8
0.0005476 0.08 5
0.0005478 0.08 4.8
0.000548 0.24 5
0.0005482 0.24 5
0.0005484 0.24 5
0.0005486 0.32 5
0.0005488 0.24 5
0.000549 0.32 5.2
0.0005492 0.4 5.2
0.0005494 0.4 5.2
0.0005496 0.4 5.2
0.0005498 0.48 5.2
0.00055 0.48 5.6
0.0005502 0.56 5.4
0.0005504 0.56 5.2
0.0005506 0.56 5.4
0.0005508 0.64 5.4
0.000551 0.64 5.2
0.0005512 0.64 5.4
0.0005514 0.64 5.6
0.0005516 0.72 5.4
0.0005518 0.72 5.6
0.000552 0.72 5.4
0.0005522 0.88 5.6
0.0005524 0.88 5.4
0.0005526 0.88 5.6
0.0005528 0.96 5.6
0.000553 0.88 5.6
0.0005532 0.96 5.6
0.0005534 0.96 5.6
0.0005536 0.96 5.6
0.0005538 1.04 5.6
0.000554 1.04 5.4
0.0005542 1.04 5.4
0.0005544 1.04 5.4
0.0005546 1.12 5.6
0.0005548 1.12 5.6
0.000555 1.12 5.6
0.0005552 1.2 5.6
0.0005554 1.2 5.2
0.0005556 1.2 5.4
0.0005558 1.2 5.2
0.000556 1.2 5.4
0.0005562 1.2 5.4
0.0005564 1.28 5.2
0.0005566 1.28 5.2
0.0005568 1.28 5.4
0.000557 1.28 5.2
0.0005572 1.36 5
0.0005574 1.36 5.2
0.0005576 1.36 5
0.0005578 1.36 5
0.000558 1.44 5.2
0.0005582 1.52 5
0.0005584 1.52 5
0.0005586 1.52 4.8
0.0005588 1.52 4.8
0.000559 1.52 4.6
0.0005592 1.52 4.6
0.0005594 1.52 4.4
0.0005596 1.52 4.6
0.0005598 1.52 4.6
0.00056 1.52 4.4
0.0005602 1.52 4.4
0.0005604 1.52 4.2
0.0005606 1.52 4.2
0.0005608 1.52 4.2
0.000561 1.6 4
0.0005612 1.6 4
0.0005614 1.6 4
0.0005616 1.6 4
0.0005618 1.68 3.8
0.000562 1.6 3.8
0.0005622 1.6 3.6
0.0005624 1.6 3.6
0.0005626 1.6 3.4
0.0005628 1.68 3.4
0.000563 1.6 3.4
0.0005632 1.68 3.4
0.0005634 1.6 3.2
0.0005636 1.6 3.2
0.0005638 1.68 3
0.000564 1.6 2.8
0.0005642 1.6 2.8
0.0005644 1.6 2.8
0.0005646 1.68 2.8
0.0005648 1.6 2.8
0.000565 1.6 2.8
0.0005652 1.6 2.6
0.0005654 1.68 2.4
0.0005656 1.6 2.2
0.0005658 1.68 2.2
0.000566 1.6 2
0.0005662 1.6 2
0.0005664 1.6 2
0.0005666 1.6 1.8
0.0005668 1.6 1.8
0.000567 1.6 1.6
0.0005672 1.52 1.6
0.0005674 1.6 1.6
0.0005676 1.6 1.2
0.0005678 1.6 1.2
0.000568 1.52 1.2
0.0005682 1.52 1
0.0005684 1.52 1
0.0005686 1.52 0.8
0.0005688 1.52 0.6
0.000569 1.52 0.4
0.0005692 1.52 0.4
0.0005694 1.52 0.4
0.0005696 1.52 0.4
0.0005698 1.52 0.4
0.00057 1.44 0.2
0.0005702 1.52 0
0.0005704 1.44 0
0.0005706 1.36 -0.6
0.0005708 1.44 -0.4
0.000571 1.36 -0.6
0.0005712 1.36 -0.6
0.0005714 1.36 -0.6
0.0005716 1.36 -0.8
0.0005718 1.28 -0.8
0.000572 1.28 -1
0.0005722 1.28 -1.2
0.0005724 1.2 -1
0.0005726 1.2 -1.4
0.0005728 1.2 -1.4
0.000573 1.2 -1.4
0.0005732 1.2 -1.6
0.0005734 1.2 -1.6
0.0005736 1.12 -1.8
0.0005738 1.04 -2
0.000574 1.04 -2.2
0.0005742 1.04 -2.2
0.0005744 1.04 -2.2
0.0005746 1.04 -2.4
0.0005748 0.96 -2.4
0.000575 0.96 -2.6
0.0005752 0.88 -2.6
0.0005754 0.88 -2.6
0.0005756 0.88 -2.8
0.0005758 0.88 -2.8
0.000576 0.88 -3
0.0005762 0.72 -3
0.0005764 0.8 -3
0.0005766 0.88 -3.2
0.0005768 0.72 -3.2
0.000577 0.72 -3.4
0.0005772 0.64 -3.4
0.0005774 0.64 -3.6
0.0005776 0.56 -3.8
0.0005778 0.56 -3.8
0.000578 0.56 -3.8
0.0005782 0.56 -4
0.0005784 0.56 -4
0.0005786 0.48 -4
0.0005788 0.4 -4.2
0.000579 0.4 -4.2
0.0005792 0.32 -4.4
0.0005794 0.4 -4.4
0.0005796 0.24 -4.6
0.0005798 0.32 -4.4
0.00058 0.24 -4.6
0.0005802 0.24 -4.8
0.0005804 0.24 -4.8
0.0005806 0.24 -5
0.0005808 0.16 -5
0.000581 0.08 -5
0.0005812 0.08 -5
0.0005814 0 -5
0.0005816 0 -5.2
0.0005818 0 -5.4
0.000582 -0.16 -5.4
0.0005822 -0.16 -5.4
0.0005824 -0.16 -5.4
0.0005826 -0.16 -5.4
0.0005828 -0.16 -5.6
0.000583 -0.24 -5.6
0.0005832 -0.32 -5.6
0.0005834 -0.32 -5.6
0.0005836 -0.4 -5.8
0.0005838 -0.4 -5.6
0.000584 -0.4 -5.8
0.0005842 -0.4 -5.8
0.0005844 -0.48 -5.8
0.0005846 -0.48 -5.8
0.0005848 -0.48 -5.8
0.000585 -0.56 -6
0.0005852 -0.64 -6
0.0005854 -0.64 -6
0.0005856 -0.64 -6
0.0005858 -0.64 -6.2
0.000586 -0.72 -6.2
0.0005862 -0.72 -6.2
0.0005864 -0.72 -6
0.0005866 -0.8 -6.4
0.0005868 -0.8 -6.2
0.000587 -0.88 -6.2
0.0005872 -0.8 -6.4
0.0005874 -0.96 -6.2
0.0005876 -0.96 -6.2
0.0005878 -0.96 -6.4
0.000588 -0.96 -6.4
0.0005882 -1.04 -6.4
0.0005884 -1.12 -6.4
0.0005886 -1.04 -6.4
0.0005888 -1.04 -6.4
0.000589 -1.12 -6.4
0.0005892 -1.12 -6.4
0.0005894 -1.12 -6.2
0.0005896 -1.12 -6.2
0.0005898 -1.12 -6.2
0.00059 -1.28 -6.2
0.0005902 -1.28 -6.4
0.0005904 -1.28 -6.2
0.0005906 -1.28 -6.4
0.0005908 -1.28 -6.2
0.000591 -1.28 -6.2
0.0005912 -1.36 -6.2
0.0005914 -1.44 -6.2
0.0005916 -1.36 -6.2
0.0005918 -1.36 -6
0.000592 -1.44 -6.2
0.0005922 -1.44 -6
0.0005924 -1.44 -5.8
0.0005926 -1.44 -6
0.0005928 -1.44 -6
0.000593 -1.44 -5.8
0.0005932 -1.44 -5.8
0.0005934 -1.6 -5.8
0.0005936 -1.52 -5.8
0.0005938 -1.6 -5.8
0.000594 -1.6 -5.8
0.0005942 -1.6 -5.6
0.0005944 -1.6 -5.6
0.0005946 -1.68 -5.6
0.0005948 -1.6 -5.4
0.000595 -1.68 -5.6
0.0005952 -1.68 -5.4
0.0005954 -1.68 -5.4
0.0005956 -1.68 -5.2
0.0005958 -1.68 -5.2
0.000596 -1.76 -5
0.0005962 -1.76 -5.2
0.0005964 -1.76 -5
0.0005966 -1.76 -5
0.0005968 -1.76 -5
0.000597 -1.76 -4.8
0.0005972 -1.76 -4.8
0.0005974 -1.76 -4.6
0.0005976 -1.76 -4.6
0.0005978 -1.76 -4.6
0.000598 -1.76 -4.6
0.0005982 -1.76 -4.6
0.0005984 -1.76 -4.4
0.0005986 -1.76 -4.2
0.0005988 -1.76 -4
0.000599 -1.76 -4.2
0.0005992 -1.76 -4
0.0005994 -1.76 -3.8
0.0005996 -1.76 -4
0.0005998 -1.84 -3.8
0.0006 -1.76 -3.6
0.0006002 -1.76 -3.6
0.0006004 -1.76 -3.4
0.0006006 -1.76 -3.4
0.0006008 -1.76 -3.4
0.000601 -1.76 -3.2
0.0006012 -1.76 -3.2
0.0006014 -1.76 -3.2
0.0006016 -1.76 -3
0.0006018 -1.76 -3
0.000602 -1.76 -2.6
0.0006022 -1.76 -2.6
0.0006024 -1.76 -2.6
0.0006026 -1.76 -2.6
0.0006028 -1.68 -2.4
0.000603 -1.76 -2.4
0.0006032 -1.76 -2.4
0.0006034 -1.76 -2
0.0006036 -1.76 -2.2
0.0006038 -1.76 -1.8
0.000604 -1.68 -1.8
0.0006042 -1.68 -1.6
0.0006044 -1.68 -1.4
0.0006046 -1.6 -1.6
0.0006048 -1.68 -1.4
0.000605 -1.6 -1.2
0.0006052 -1.6 -1.2
0.0006054 -1.6 -1
0.0006056 -1.6 -0.8
0.0006058 -1.6 -0.8
0.000606 -1.6 -0.8
0.0006062 -1.52 -0.8
0.0006064 -1.6 -0.8
0.0006066 -1.44 -0.4
0.0006068 -1.52 -0.4
0.000607 -1.44 0
0.0006072 -1.44 0
0.0006074 -1.44 0
0.0006076 -1.44 0.2
0.0006078 -1.44 0.2
0.000608 -1.44 0.2
0.0006082 -1.36 0.2
0.0006084 -1.44 0.6
0.0006086 -1.36 0.6
0.0006088 -1.36 0.8
0.000609 -1.36 1
0.0006092 -1.28 1
0.0006094 -1.12 1.2
0.0006096 -1.28 1
0.0006098 -1.28 1
0.00061 -1.2 1.2
0.0006102 -1.12 1.4
0.0006104 -1.12 1.6
0.0006106 -1.12 1.8
0.0006108 -1.12 1.8
0.000611 -1.04 1.8
0.0006112 -1.04 2
0.0006114 -1.04 1.8
0.0006116 -1.04 2
0.0006118 -0.96 2
0.000612 -0.96 2.4
0.0006122 -0.96 2.6
0.0006124 -0.88 2.6
0.0006126 -0.88 2.6
0.0006128 -0.8 2.8
0.000613 -0.8 2.6
0.0006132 -0.8 2.8
0.0006134 -0.72 2.8
0.0006136 -0.72 2.8
0.0006138 -0.64 3.2
0.000614 -0.72 3.2
0.0006142 -0.64 3.2
0.0006144 -0.64 3.2
0.0006146 -0.64 3.2
0.0006148 -0.48 3.4
0.000615 -0.48 3.4
0.0006152 -0.48 3.6
0.0006154 -0.48 3.8
0.0006156 -0.4 4
0.0006158 -0.4 4
0.000616 -0.4 4
0.0006162 -0.32 4
0.0006164 -0.32 3.8
0.0006166 -0.24 4.2
0.0006168 -0.24 4.2
0.000617 -0.24 4.4
0.0006172 -0.16 4.4
0.0006174 -0.16 4.2
0.0006176 0 4.4
0.0006178 -0.16 4.4
0.000618 0 4.4
0.0006182 0 4.4
0.0006184 0 4.6
0.0006186 0.08 4.8
0.0006188 0.08 4.8
0.000619 0.08 4.8
0.0006192 0.24 4.8
0.0006194 0.24 4.8
0.0006196 0.24 5
0.0006198 0.24 4.8
0.00062 0.32 5
0.0006202 0.32 5
0.0006204 0.32 5
0.0006206 0.4 5.2
0.0006208 0.4 5.2
0.000621 0.4 5.4
0.0006212 0.48 5.4
0.0006214 0.48 5.2
0.0006216 0.56 5.4
0.0006218 0.56 5.4
0.000622 0.64 5.4
0.0006222 0.56 5.4
0.0006224 0.64 5.4
0.0006226 0.64 5.6
0.0006228 0.72 5.6
0.000623 0.72 5.6
0.0006232 0.8 5.4
0.0006234 0.72 5.6
0.0006236 0.8 5.6
0.0006238 0.88 5.6
0.000624 0.88 5.6
0.0006242 0.88 5.6
0.0006244 0.88 5.6
0.0006246 0.96 5.6
0.0006248 0.96 5.6
0.000625 0.96 5.6
0.0006252 1.04 5.4
0.0006254 1.04 5.6
0.0006256 1.04 5.6
0.0006258 1.04 5.6
0.000626 1.12 5.4
0.0006262 1.12 5.4
0.0006264 1.12 5.4
0.0006266 1.2 5.4
0.0006268 1.2 5.4
0.000627 1.2 5.4
0.0006272 1.2 5.4
0.0006274 1.2 5.4
0.0006276 1.2 5.4
0.0006278 1.28 5.2
0.000628 1.28 5.2
0.0006282 1.28 5.2
0.0006284 1.28 5.2
0.0006286 1.28 5
0.0006288 1.36 5.2
0.000629 1.36 5.2
0.0006292 1.36 5
0.0006294 1.36 5
0.0006296 1.44 4.8
0.0006298 1.52 4.8
0.00063 1.44 4.8
0.0006302 1.52 4.8
0.0006304 1.52 4.8
0.0006306 1.52 4.8
0.0006308 1.52 4.8
0.000631 1.52 4.4
0.0006312 1.52 4.4
0.0006314 1.52 4.4
0.0006316 1.6 4.2
0.0006318 1.52 4.2
0.000632 1.52 4.2
0.0006322 1.6 4.2
0.0006324 1.6 4
0.0006326 1.6 4
0.0006328 1.6 4
0.000633 1.6 4
0.0006332 1.6 3.8
0.0006334 1.6 3.8
0.0006336 1.6 3.8
0.0006338 1.6 3.8
0.000634 1.6 3.6
0.0006342 1.6 3.4
0.0006344 1.6 3.4
0.0006346 1.6 3.2
0.0006348 1.6 3.2
0.000635 1.6 3.2
0.0006352 1.6 3.2
0.0006354 1.68 2.8
0.0006356 1.6 3
0.0006358 1.68 2.8
0.000636 1.6 2.8
0.0006362 1.6 2.6
0.0006364 1.6 2.6
0.0006366 1.68 2.6
0.0006368 1.6 2.4
0.000637 1.6 2.4
0.0006372 1.68 2.2
0.0006374 1.6 2.2
0.0006376 1.6 2
0.0006378 1.6 1.8
0.000638 1.6 1.8
0.0006382 1.6 1.8
0.0006384 1.6 1.8
0.0006386 1.6 1.8
0.0006388 1.6 1.4
0.000639 1.52 1.2
0.0006392 1.52 1.2
0.0006394 1.52 1
0.0006396 1.52 1
0.0006398 1.52 1
0.00064 1.52 1
0.0006402 1.52 0.8
0.0006404 1.52 0.6
0.0006406 1.52 0.6
0.0006408 1.52 0.4
0.000641 1.52 0.4
0.0006412 1.52 0.2
0.0006414 1.52 0.2
0.0006416 1.44 0
0.0006418 1.36 0
0.000642 1.36 -0.4
0.0006422 1.36 -0.6
0.0006424 1.36 -0.6
0.0006426 1.36 -0.8
0.0006428 1.36 -0.6
0.000643 1.28 -0.8
0.0006432 1.28 -0.8
0.0006434 1.28 -0.8
0.0006436 1.28 -1
0.0006438 1.2 -1.2
0.000644 1.2 -1.2
0.0006442 1.2 -1.4
0.0006444 1.2 -1.6
0.0006446 1.2 -1.6
0.0006448 1.2 -1.6
0.000645 1.04 -1.8
0.0006452 1.2 -1.8
0.0006454 1.04 -2
0.0006456 1.04 -2.2
0.0006458 0.96 -2.4
0.000646 0.96 -2.4
0.0006462 0.96 -2.2
0.0006464 0.96 -2.4
0.0006466 0.88 -2.4
0.0006468 0.88 -2.6
0.000647 0.88 -2.6
0.0006472 0.88 -3
0.0006474 0.88 -3
0.0006476 0.88 -3.2
0.0006478 0.72 -3.2
0.000648 0.72 -3.2
0.0006482 0.72 -3.4
0.0006484 0.72 -3.4
0.0006486 0.64 -3.4
0.0006488 0.64 -3.6
0.000649 0.56 -3.8
0.0006492 0.56 -3.8
0.0006494 0.56 -4
0.0006496 0.56 -4
0.0006498 0.56 -4
0.00065 0.4 -4.2
0.0006502 0.4 -4.2
0.0006504 0.4 -4.2
0.0006506 0.32 -4.4
0.0006508 0.32 -4.4
0.000651 0.32 -4.4
0.0006512 0.32 -4.6
0.0006514 0.24 -4.6
0.0006516 0.24 -4.6
0.0006518 0.24 -4.8
0.000652 0.24 -4.8
0.0006522 0.16 -5
0.0006524 0.08 -5
0.0006526 0.08 -5
0.0006528 0.08 -5
0.000653 0 -5
0.0006532 0 -5.2
0.0006534 0 -5.4
0.0006536 -0.16 -5.2
0.0006538 -0.16 -5.6
0.000654 -0.16 -5.6
0.0006542 -0.16 -5.6
0.0006544 -0.24 -5.6
0.0006546 -0.32 -5.6
0.0006548 -0.32 -5.6
0.000655 -0.4 -5.6
0.0006552 -0.4 -5.8
0.0006554 -0.4 -5.8
0.0006556 -0.48 -5.8
0.0006558 -0.48 -5.8
0.000656 -0.48 -6
0.0006562 -0.48 -6
0.0006564 -0.64 -5.8
0.0006566 -0.48 -6
0.0006568 -0.56 -5.8
0.000657 -0.64 -6
0.0006572 -0.72 -6.2
0.0006574 -0.64 -6.4
0.0006576 -0.72 -6.2
0.0006578 -0.72 -6.4
0.000658 -0.72 -6.2
0.0006582 -0.8 -6.2
0.0006584 -0.8 -6
0.0006586 -0.8 -6.2
0.0006588 -0.8 -6.4
0.000659 -0.96 -6.4
0.0006592 -0.96 -6.2
0.0006594 -0.96 -6.4
0.0006596 -1.04 -6.4
0.0006598 -1.04 -6.2
0.00066 -1.04 -6.2
0.0006602 -1.04 -6.2
0.0006604 -1.12 -6.4
0.0006606 -1.12 -6.4
0.0006608 -1.12 -6.4
0.000661 -1.12 -6.2
0.0006612 -1.28 -6.2
0.0006614 -1.28 -6.2
0.0006616 -1.28 -6.2
0.0006618 -1.28 -6.4
0.000662 -1.28 -6.2
0.0006622 -1.28 -6.4
0.0006624 -1.36 -6.2
0.0006626 -1.36 -6.2
0.0006628 -1.36 -6.2
0.000663 -1.44 -6.2
0.0006632 -1.44 -6
0.0006634 -1.44 -6
0.0006636 -1.44 -6
0.0006638 -1.44 -6.2
0.000664 -1.44 -6
0.0006642 -1.44 -6
0.0006644 -1.52 -6
0.0006646 -1.52 -5.8
0.0006648 -1.44 -5.8
0.000665 -1.6 -5.8
0.0006652 -1.6 -5.8
0.0006654 -1.6 -5.8
0.0006656 -1.6 -5.8
0.0006658 -1.6 -5.6
0.000666 -1.68 -5.6
0.0006662 -1.68 -5.6
0.0006664 -1.6 -5.6
0.0006666 -1.68 -5.4
0.0006668 -1.68 -5.4
0.000667 -1.76 -5.4
0.0006672 -1.68 -5.4
0.0006674 -1.68 -5.2
0.0006676 -1.76 -5.4
0.0006678 -1.76 -5
0.000668 -1.76 -5
0.0006682 -1.76 -4.8
0.0006684 -1.76 -4.8
0.0006686 -1.76 -4.8
0.0006688 -1.76 -4.8
0.000669 -1.76 -4.8
0.0006692 -1.76 -4.6
0.0006694 -1.84 -4.6
0.0006696 -1.76 -4.4
0.0006698 -1.76 -4.2
0.00067 -1.76 -4.2
0.0006702 -1.76 -4.2
0.0006704 -1.76 -4.2
0.0006706 -1.76 -4.2
0.0006708 -1.76 -4
0.000671 -1.76 -4
0.0006712 -1.84 -3.8
0.0006714 -1.76 -3.8
0.0006716 -1.84 -3.6
0.0006718 -1.76 -3.4
0.000672 -1.76 -3.4
0.0006722 -1.76 -3.4
0.0006724 -1.76 -3.4
0.0006726 -1.76 -3.2
0.0006728 -1.76 -3
0.000673 -1.76 -3
0.0006732 -1.76 -2.8
0.0006734 -1.76 -2.8
0.0006736 -1.76 -2.8
0.0006738 -1.76 -2.6
0.000674 -1.76 -2.6
0.0006742 -1.76 -2.4
0.0006744 -1.76 -2.4
0.0006746 -1.76 -2.2
0.0006748 -1.76 -2.2
0.000675 -1.76 -2.2
0.0006752 -1.76 -2
0.0006754 -1.76 -1.8
0.0006756 -1.68 -1.8
0.0006758 -1.68 -1.6
0.000676 -1.68 -1.6
0.0006762 -1.6 -1.4
0.0006764 -1.68 -1.4
0.0006766 -1.6 -1.2
0.0006768 -1.6 -1.2
0.000677 -1.68 -1
0.0006772 -1.6 -1
0.0006774 -1.6 -0.8
0.0006776 -1.6 -0.8
0.0006778 -1.6 -0.8
0.000678 -1.52 -0.6
0.0006782 -1.52 -0.4
0.0006784 -1.6 -0.4
0.0006786 -1.44 -0.4
0.0006788 -1.52 0
0.000679 -1.44 0
0.0006792 -1.44 0.2
0.0006794 -1.44 0.2
0.0006796 -1.36 0.4
0.0006798 -1.36 0.4
0.00068 -1.36 0.6
0.0006802 -1.36 0.8
0.0006804 -1.28 0.8
0.0006806 -1.28 0.8
0.0006808 -1.28 1
0.000681 -1.28 1
0.0006812 -1.2 1.2
0.0006814 -1.2 1.2
0.0006816 -1.12 1.6
0.0006818 -1.12 1.6
0.000682 -1.12 1.6
0.0006822 -1.12 1.6
0.0006824 -1.12 1.8
0.0006826 -1.12 2
0.0006828 -1.04 2
0.000683 -1.04 2
0.0006832 -0.96 2.2
0.0006834 -0.96 2.2
0.0006836 -0.96 2.4
0.0006838 -0.96 2.4
0.000684 -0.88 2.6
0.0006842 -0.8 2.6
0.0006844 -0.8 2.6
0.0006846 -0.8 2.8
0.0006848 -0.72 3
0.000685 -0.72 3
0.0006852 -0.64 3
0.0006854 -0.72 3.2
0.0006856 -0.64 3.2
0.0006858 -0.64 3.4
0.000686 -0.56 3.2
0.0006862 -0.48 3.4
0.0006864 -0.56 3.4
0.0006866 -0.48 3.6
0.0006868 -0.48 3.8
0.000687 -0.48 3.6
0.0006872 -0.4 4
0.0006874 -0.4 4
0.0006876 -0.32 4
0.0006878 -0.32 4
0.000688 -0.32 4
0.0006882 -0.32 4.2
0.0006884 -0.24 4.2
0.0006886 -0.16 4.2
0.0006888 -0.16 4.2
0.000689 -0.16 4.4
0.0006892 -0.16 4.4
0.0006894 0 4.4
0.0006896 0.08 4.4
0.0006898 0.08 4.6
0.00069 0.08 4.6
0.0006902 0.08 4.8
0.0006904 0.16 4.8
0.0006906 0.16 4.8
0.0006908 0.24 5
0.000691 0.24 5
0.0006912 0.24 5
0.0006914 0.24 5
0.0006916 0.32 5
0.0006918 0.32 5.2
0.000692 0.4 5
0.0006922 0.4 5.2
0.0006924 0.4 5.4
0.0006926 0.4 5.4
0.0006928 0.56 5.4
0.000693 0.56 5.2
0.0006932 0.56 5.2
0.0006934 0.64 5.4
0.0006936 0.64 5.4
0.0006938 0.64 5.4
0.000694 0.64 5.4
0.0006942 0.72 5.4
0.0006944 0.72 5.6
0.0006946 0.72 5.6
0.0006948 0.8 5.4
0.000695 0.72 5.6
0.0006952 0.88 5.6
0.0006954 0.88 5.4
0.0006956 0.88 5.6
0.0006958 0.88 5.8
0.000696 0.88 5.6
0.0006962 0.96 5.6
0.0006964 0.96 5.4
0.0006966 0.96 5.2
0.0006968 1.04 5.4
0.000697 1.04 5.4
0.0006972 1.04 5.4
0.0006974 1.04 5.6
0.0006976 1.04 5.6
0.0006978 1.2 5.6
0.000698 1.2 5.4
0.0006982 1.2 5.4
0.0006984 1.2 5.4
0.0006986 1.2 5.2
0.0006988 1.2 5.4
0.000699 1.2 5.4
0.0006992 1.28 5.2
0.0006994 1.28 5.2
0.0006996 1.28 5.2
0.0006998 1.36 5
0.0007 1.36 5
0.0007002 1.36 5
0.0007004 1.36 5
0.0007006 1.36 5.2
0.0007008 1.36 5
0.000701 1.36 5
0.0007012 1.44 4.8
0.0007014 1.44 4.6
0.0007016 1.52 4.8
0.0007018 1.52 4.6
0.000702 1.52 4.8
0.0007022 1.52 4.6
0.0007024 1.52 4.8
0.0007026 1.52 4.6
0.0007028 1.52 4.6
0.000703 1.6 4.4
0.0007032 1.52 4.2
0.0007034 1.52 4.2
0.0007036 1.52 4.2
0.0007038 1.52 4.2
0.000704 1.52 4
0.0007042 1.6 4
0.0007044 1.6 4
0.0007046 1.6 3.8
0.0007048 1.6 3.6
0.000705 1.6 3.8
0.0007052 1.68 3.6
0.0007054 1.68 3.6
0.0007056 1.6 3.6
0.0007058 1.6 3.4
0.000706 1.68 3.4
0.0007062 1.6 3.2
0.0007064 1.6 3
0.0007066 1.6 3
0.0007068 1.6 3
0.000707 1.6 2.8
0.0007072 1.68 2.8
0.0007074 1.6 2.8
0.0007076 1.6 2.8
0.0007078 1.6 2.6
0.000708 1.68 2.4
0.0007082 1.6 2.4
0.0007084 1.52 2.4
0.0007086 1.6 2.2
0.0007088 1.6 2.2
0.000709 1.6 2
0.0007092 1.6 2
0.0007094 1.6 2
0.0007096 1.6 1.8
0.0007098 1.6 1.4
0.00071 1.6 1.6
0.0007102 1.6 1.4
0.0007104 1.52 1.4
0.0007106 1.6 1.2
0.0007108 1.52 1.2
0.000711 1.52 1
0.0007112 1.52 0.8
0.0007114 1.52 0.8
0.0007116 1.52 0.8
0.0007118 1.52 0.6
0.000712 1.52 0.6
0.0007122 1.44 0.4
0.0007124 1.52 0.4
0.0007126 1.44 0.2
0.0007128 1.36 0.2
0.000713 1.44 0.2
0.0007132 1.36 0
0.0007134 1.36 -0.4
0.0007136 1.36 -0.4
0.0007138 1.36 -0.4
0.000714 1.36 -0.4
0.0007142 1.28 -0.8
0.0007144 1.28 -0.6
0.0007146 1.28 -0.8
0.0007148 1.28 -1
0.000715 1.2 -1.2
0.0007152 1.2 -1.2
0.0007154 1.28 -1.2
0.0007156 1.2 -1.2
0.0007158 1.2 -1.6
0.000716 1.2 -1.6
0.0007162 1.2 -1.6
0.0007164 1.2 -1.8
0.0007166 1.04 -2
0.0007168 1.04 -2
0.000717 1.04 -2
0.0007172 1.04 -2
0.0007174 1.04 -2.2
0.0007176 0.96 -2.4
0.0007178 0.96 -2.4
0.000718 0.96 -2.6
0.0007182 0.88 -2.6
0.0007184 0.88 -2.8
0.0007186 0.88 -3
0.0007188 0.88 -3
0.000719 0.88 -3
0.0007192 0.72 -3.2
0.0007194 0.72 -3.2
0.0007196 0.72 -3.2
0.0007198 0.72 -3.4
0.00072 0.64 -3.4
0.0007202 0.64 -3.4
0.0007204 0.64 -3.6
0.0007206 0.56 -3.6
0.0007208 0.56 -3.8
0.000721 0.56 -4
0.0007212 0.56 -4.2
0.0007214 0.48 -4.2
0.0007216 0.4 -4
0.0007218 0.4 -4.2
0.000722 0.4 -4.2
0.0007222 0.32 -4.4
0.0007224 0.32 -4.6
0.0007226 0.24 -4.6
0.0007228 0.24 -4.6
0.000723 0.24 -4.6
0.0007232 0.24 -4.8
0.0007234 0.16 -4.8
0.0007236 0.24 -4.8
0.0007238 0.16 -5
0.000724 0.08 -5
0.0007242 0.08 -5
0.0007244 0 -5.2
0.0007246 0 -5.4
0.0007248 0 -5.2
0.000725 -0.16 -5.4
0.0007252 -0.16 -5.2
0.0007254 -0.16 -5.4
0.0007256 -0.16 -5.4
0.0007258 -0.24 -5.6
0.000726 -0.32 -5.6
0.0007262 -0.32 -5.6
0.0007264 -0.32 -5.8
0.0007266 -0.4 -5.8
0.0007268 -0.4 -5.8
0.000727 -0.48 -5.8
0.0007272 -0.48 -5.8
0.0007274 -0.48 -5.8
0.0007276 -0.48 -6
0.0007278 -0.48 -6
0.000728 -0.64 -6
0.0007282 -0.64 -6.2
0.0007284 -0.64 -6
0.0007286 -0.64 -6
0.0007288 -0.64 -6.2
0.000729 -0.72 -6.2
0.0007292 -0.72 -6.2
0.0007294 -0.8 -6.2
0.0007296 -0.8 -6.2
0.0007298 -0.8 -6.2
0.00073 -0.8 -6.2
0.0007302 -0.8 -6.4
0.0007304 -0.96 -6.2
0.0007306 -0.96 -6.4
0.0007308 -0.96 -6.4
0.000731 -1.04 -6.4
0.0007312 -1.12 -6.4
0.0007314 -1.04 -6.4
0.0007316 -1.04 -6.4
0.0007318 -1.04 -6.4
0.000732 -1.12 -6.2
0.0007322 -1.12 -6.4
0.0007324 -1.12 -6.4
0.0007326 -1.2 -6.4
0.0007328 -1.2 -6.4
0.000733 -1.28 -6.4
0.0007332 -1.28 -6.2
0.0007334 -1.28 -6.2
0.0007336 -1.28 -6.4
0.0007338 -1.36 -6.2
0.000734 -1.36 -6.4
0.0007342 -1.36 -6.2
0.0007344 -1.36 -6.4
0.0007346 -1.36 -6
0.0007348 -1.44 -6.2
0.000735 -1.44 -6
0.0007352 -1.44 -6
0.0007354 -1.44 -6
0.0007356 -1.44 -6
0.0007358 -1.6 -6
0.000736 -1.44 -5.8
0.0007362 -1.52 -5.8
0.0007364 -1.6 -5.8
0.0007366 -1.6 -5.8
0.0007368 -1.6 -5.8
0.000737 -1.6 -5.6
0.0007372 -1.6 -5.8
0.0007374 -1.68 -5.6
0.0007376 -1.68 -5.6
0.0007378 -1.68 -5.6
0.000738 -1.76 -5.4
0.0007382 -1.68 -5.4
0.0007384 -1.68 -5.4
0.0007386 -1.68 -5
0.0007388 -1.68 -5
0.000739 -1.76 -5.4
0.0007392 -1.68 -5
0.0007394 -1.68 -5
0.0007396 -1.76 -5
0.0007398 -1.76 -4.8
0.00074 -1.76 -4.8
0.0007402 -1.76 -4.6
0.0007404 -1.76 -4.6
0.0007406 -1.76 -4.6
0.0007408 -1.76 -4.6
0.000741 -1.76 -4.6
0.0007412 -1.76 -4.6
0.0007414 -1.76 -4.2
0.0007416 -1.76 -4.2
0.0007418 -1.76 -4
0.000742 -1.76 -4
0.0007422 -1.76 -4
0.0007424 -1.76 -4
0.0007426 -1.76 -3.8
0.0007428 -1.76 -3.8
0.000743 -1.84 -3.6
0.0007432 -1.76 -3.4
0.0007434 -1.76 -3.4
0.0007436 -1.76 -3.2
0.0007438 -1.76 -3.2
0.000744 -1.84 -3.2
0.0007442 -1.76 -3.2
0.0007444 -1.76 -3
0.0007446 -1.76 -3
0.0007448 -1.76 -2.6
0.000745 -1.76 -2.8
0.0007452 -1.76 -2.6
0.0007454 -1.76 -2.4
0.0007456 -1.76 -2.6
0.0007458 -1.76 -2.6
0.000746 -1.76 -2.4
0.0007462 -1.76 -2.2
0.0007464 -1.76 -2
0.0007466 -1.68 -1.8
0.0007468 -1.76 -1.8
0.000747 -1.68 -1.6
0.0007472 -1.68 -1.6
0.0007474 -1.68 -1.6
0.0007476 -1.6 -1.8
0.0007478 -1.68 -1.4
0.000748 -1.68 -1.4
0.0007482 -1.68 -1.2
0.0007484 -1.6 -1
0.0007486 -1.6 -1
0.0007488 -1.6 -0.8
0.000749 -1.6 -1
0.0007492 -1.6 -0.8
0.0007494 -1.52 -0.6
0.0007496 -1.44 -0.4
0.0007498 -1.44 0
0.00075 -1.44 0
0.0007502 -1.44 0
0.0007504 -1.44 0
0.0007506 -1.44 0
0.0007508 -1.44 0.2
0.000751 -1.36 0.2
0.0007512 -1.36 0.6
0.0007514 -1.36 0.6
0.0007516 -1.36 0.8
0.0007518 -1.28 1
0.000752 -1.36 1
0.0007522 -1.28 0.8
0.0007524 -1.28 0.8
0.0007526 -1.28 1.2
0.0007528 -1.2 1.2
0.000753 -1.2 1.4
0.0007532 -1.12 1.6
0.0007534 -1.12 1.8
0.0007536 -1.12 1.6
0.0007538 -1.12 1.8
0.000754 -1.04 1.8
0.0007542 -1.04 2
0.0007544 -1.04 2
0.0007546 -0.96 2.2
0.0007548 -1.04 2.2
0.000755 -0.96 2.4
0.0007552 -0.96 2.4
0.0007554 -0.8 2.4
0.0007556 -0.8 2.4
0.0007558 -0.8 2.6
0.000756 -0.8 2.6
0.0007562 -0.8 2.8
0.0007564 -0.72 3
0.0007566 -0.72 3.2
0.0007568 -0.64 3.2
0.000757 -0.64 3.2
0.0007572 -0.64 3.4
0.0007574 -0.64 3.2
0.0007576 -0.48 3.4
0.0007578 -0.48 3.4
0.000758 -0.48 3.6
0.0007582 -0.48 3.8
0.0007584 -0.4 3.8
0.0007586 -0.4 3.6
0.0007588 -0.4 4
0.000759 -0.4 4
0.0007592 -0.32 4
0.0007594 -0.32 4
0.0007596 -0.32 4.2
0.0007598 -0.16 4.4
0.00076 -0.16 4.2
0.0007602 -0.16 4.4
0.0007604 -0.16 4.4
0.0007606 -0.16 4.4
0.0007608 0 4.6
0.000761 0 4.6
0.0007612 0.08 4.6
0.0007614 0.08 4.6
0.0007616 0.08 4.8
0.0007618 0.08 4.8
0.000762 0.16 4.8
0.0007622 0.24 5
0.0007624 0.24 5
0.0007626 0.24 5
0.0007628 0.32 5
0.000763 0.32 5
0.0007632 0.32 5.2
0.0007634 0.4 5
0.0007636 0.4 5.2
0.0007638 0.4 5.2
0.000764 0.4 5.2
0.0007642 0.56 5.2
0.0007644 0.56 5.2
0.0007646 0.56 5.4
0.0007648 0.56 5.4
0.000765 0.56 5.4
0.0007652 0.64 5.4
0.0007654 0.64 5.4
0.0007656 0.64 5.6
0.0007658 0.72 5.6
0.000766 0.72 5.4
0.0007662 0.72 5.6
0.0007664 0.72 5.6
0.0007666 0.88 5.6
0.0007668 0.88 5.4
0.000767 0.8 5.6
0.0007672 0.88 5.6
0.0007674 0.96 5.6
0.0007676 0.96 5.6
0.0007678 0.96 5.6
0.000768 0.96 5.6
0.0007682 0.96 5.6
0.0007684 1.04 5.4
0.0007686 1.04 5.6
0.0007688 1.04 5.6
0.000769 1.12 5.6
0.0007692 1.12 5.6
0.0007694 1.2 5.4
0.0007696 1.2 5.4
0.0007698 1.2 5.4
0.00077 1.2 5.4
0.0007702 1.2 5.2
0.0007704 1.2 5.2
0.0007706 1.28 5.2
0.0007708 1.28 5.2
0.000771 1.28 5.2
0.0007712 1.28 5.2
0.0007714 1.36 5
0.0007716 1.36 5
0.0007718 1.36 5
0.000772 1.36 5
0.0007722 1.36 5
0.0007724 1.36 4.8
0.0007726 1.52 5
0.0007728 1.44 5
0.000773 1.44 4.8
0.0007732 1.52 4.8
0.0007734 1.52 4.6
0.0007736 1.52 4.4
0.0007738 1.52 4.6
0.000774 1.52 4.4
0.0007742 1.52 4.4
0.0007744 1.52 4.4
0.0007746 1.52 4.2
0.0007748 1.52 4
0.000775 1.6 4.2
0.0007752 1.6 4
0.0007754 1.6 4
0.0007756 1.6 4.2
0.0007758 1.6 4
0.000776 1.6 4
0.0007762 1.6 4
0.0007764 1.6 3.6
0.0007766 1.6 3.6
0.0007768 1.6 3.6
0.000777 1.68 3.4
0.0007772 1.6 3.4
0.0007774 1.6 3.4
0.0007776 1.6 3.4
0.0007778 1.68 3.2
0.000778 1.68 3.2
0.0007782 1.6 3
0.0007784 1.68 2.8
0.0007786 1.6 2.8
0.0007788 1.6 2.8
0.000779 1.6 2.8
0.0007792 1.68 2.6
0.0007794 1.6 2.6
0.0007796 1.6 2.4
0.0007798 1.6 2.2
0.00078 1.6 2.2
0.0007802 1.6 2
0.0007804 1.6 2
0.0007806 1.6 2
0.0007808 1.6 2
0.000781 1.6 1.8
0.0007812 1.6 1.8
0.0007814 1.6 1.4
0.0007816 1.52 1.6
0.0007818 1.6 1.2
0.000782 1.52 1.2
0.0007822 1.52 1.2
0.0007824 1.52 1
0.0007826 1.52 1
0.0007828 1.52 1
0.000783 1.52 0.6
0.0007832 1.52 0.8
0.0007834 1.44 0.6
0.0007836 1.52 0.6
0.0007838 1.44 0.4
0.000784 1.36 0.2
0.0007842 1.44 0.2
0.0007844 1.44 0.2
0.0007846 1.36 0
0.0007848 1.36 0
0.000785 1.36 -0.4
0.0007852 1.36 -0.6
0.0007854 1.36 -0.8
0.0007856 1.36 -0.6
0.0007858 1.36 -0.8
0.000786 1.28 -0.8
0.0007862 1.28 -0.8
0.0007864 1.28 -1
0.0007866 1.2 -1.4
0.0007868 1.2 -1.4
0.000787 1.2 -1.4
0.0007872 1.2 -1.4
0.0007874 1.2 -1.6
0.0007876 1.12 -1.8
0.0007878 1.12 -1.8
0.000788 1.12 -1.8
0.0007882 1.04 -2
0.0007884 1.04 -2.2
0.0007886 1.04 -2.2
0.0007888 0.96 -2.2
0.000789 0.96 -2.2
0.0007892 0.96 -2.4
0.0007894 0.88 -2.6
0.0007896 0.96 -2.8
0.0007898 0.88 -3
0.00079 0.88 -3
0.0007902 0.8 -3
0.0007904 0.88 -3
0.0007906 0.8 -3
0.0007908 0.72 -3.2
0.000791 0.72 -3.2
0.0007912 0.72 -3.4
0.0007914 0.64 -3.4
0.0007916 0.64 -3.8
0.0007918 0.64 -3.8
0.000792 0.56 -3.8
0.0007922 0.56 -3.8
0.0007924 0.48 -4
0.0007926 0.56 -4
0.0007928 0.48 -4
0.000793 0.4 -4.2
0.0007932 0.4 -4.4
0.0007934 0.32 -4.2
0.0007936 0.32 -4.4
0.0007938 0.4 -4.4
0.000794 0.32 -4.4
0.0007942 0.24 -4.6
0.0007944 0.24 -4.6
0.0007946 0.24 -4.8
0.0007948 0.24 -4.8
0.000795 0.08 -5
0.0007952 0.16 -5
0.0007954 0.08 -5
0.0007956 0.08 -5
0.0007958 0.08 -5
0.000796 0 -5
0.0007962 0 -5.2
0.0007964 0 -5.4
0.0007966 -0.16 -5.4
0.0007968 -0.16 -5.6
0.000797 -0.16 -5.6
0.0007972 -0.24 -5.6
0.0007974 -0.24 -5.4
0.0007976 -0.32 -5.6
0.0007978 -0.32 -5.6
0.000798 -0.32 -5.8
0.0007982 -0.4 -5.8
0.0007984 -0.48 -5.8
0.0007986 -0.48 -6
0.0007988 -0.48 -5.8
0.000799 -0.48 -5.8
0.0007992 -0.48 -5.8
0.0007994 -0.56 -5.8
0.0007996 -0.64 -6
0.0007998 -0.64 -6.2
