0 -1.44 0
2e-06 -1.44 0
4e-06 -1.36 0
6e-06 -1.28 0.16
8e-06 -1.28 0.32
1e-05 -1.12 0.16
1.2e-05 -1.12 0.32
1.4e-05 -1.04 0.4
1.6e-05 -1.04 0.4
1.8e-05 -0.96 0.48
2e-05 -0.8 0.64
2.2e-05 -0.8 0.72
2.4e-05 -0.72 0.72
2.6e-05 -0.64 0.8
2.8e-05 -0.48 0.88
3e-05 -0.48 0.96
3.2e-05 -0.48 0.96
3.4e-05 -0.32 1.04
3.6e-05 -0.32 1.2
3.8e-05 -0.24 1.2
4e-05 -0.16 1.28
4.2e-05 0 1.36
4.4e-05 0 1.44
4.6e-05 0.08 1.44
4.8e-05 0.08 1.52
5e-05 0.24 1.68
5.2e-05 0.24 1.68
5.4e-05 0.4 1.76
5.6e-05 0.4 1.92
5.8e-05 0.48 1.92
6e-05 0.56 1.92
6.2e-05 0.56 2.08
6.4e-05 0.72 2.16
6.6e-05 0.72 2.16
6.8e-05 0.8 2.24
7e-05 0.88 2.32
7.2e-05 0.88 2.32
7.4e-05 0.96 2.32
7.6e-05 1.04 2.56
7.8e-05 1.12 2.64
8e-05 1.2 2.64
8.2e-05 1.2 2.72
8.4e-05 1.28 2.72
8.6e-05 1.36 2.8
8.8e-05 1.44 2.88
9e-05 1.52 2.96
9.2e-05 1.6 2.96
9.4e-05 1.6 3.04
9.6e-05 1.68 3.12
9.8e-05 1.68 3.2
0.0001 1.84 3.28
0.000102 1.84 3.28
0.000104 1.92 3.36
0.000106 2 3.44
0.000108 2.08 3.44
0.00011 2.16 3.52
0.000112 2.16 3.52
0.000114 2.24 3.6
0.000116 2.32 3.68
0.000118 2.32 3.76
0.00012 2.4 3.84
0.000122 2.48 3.84
0.000124 2.48 3.92
0.000126 2.56 3.92
0.000128 2.64 4
0.00013 2.64 4
0.000132 2.8 4.16
0.000134 2.8 4.16
0.000136 2.8 4.16
0.000138 2.88 4.24
0.00014 2.96 4.32
0.000142 2.96 4.24
0.000144 3.04 4.32
0.000146 3.12 4.4
0.000148 3.2 4.4
0.00015 3.28 4.48
0.000152 3.28 4.56
0.000154 3.36 4.56
0.000156 3.44 4.56
0.000158 3.44 4.64
0.00016 3.52 4.8
0.000162 3.52 4.72
0.000164 3.6 4.88
0.000166 3.6 4.8
0.000168 3.6 4.88
0.00017 3.68 4.88
0.000172 3.76 4.88
0.000174 3.76 4.96
0.000176 3.84 5.04
0.000178 3.84 5.04
0.00018 3.92 5.12
0.000182 3.92 5.12
0.000184 4.08 5.12
0.000186 4.08 5.12
0.000188 4.08 5.2
0.00019 4.16 5.2
0.000192 4.16 5.2
0.000194 4.24 5.2
0.000196 4.24 5.28
0.000198 4.24 5.28
0.0002 4.24 5.28
0.000202 4.4 5.36
0.000204 4.4 5.28
0.000206 4.4 5.36
0.000208 4.48 5.44
0.00021 4.48 5.44
0.000212 4.48 5.44
0.000214 4.56 5.44
0.000216 4.56 5.52
0.000218 4.56 5.52
0.00022 4.64 5.52
0.000222 4.72 5.6
0.000224 4.72 5.52
0.000226 4.72 5.52
0.000228 4.72 5.6
0.00023 4.8 5.52
0.000232 4.8 5.52
0.000234 4.8 5.52
0.000236 4.8 5.6
0.000238 4.88 5.6
0.00024 4.88 5.52
0.000242 4.88 5.6
0.000244 4.88 5.6
0.000246 4.96 5.6
0.000248 4.96 5.6
0.00025 5.04 5.6
0.000252 5.04 5.6
0.000254 5.04 5.6
0.000256 5.04 5.6
0.000258 5.04 5.6
0.00026 5.04 5.6
0.000262 5.04 5.6
0.000264 5.04 5.6
0.000266 5.04 5.6
0.000268 5.04 5.52
0.00027 5.04 5.6
0.000272 5.12 5.52
0.000274 5.12 5.6
0.000276 5.12 5.52
0.000278 5.12 5.6
0.00028 5.12 5.52
0.000282 5.2 5.44
0.000284 5.12 5.44
0.000286 5.12 5.52
0.000288 5.12 5.44
0.00029 5.12 5.52
0.000292 5.12 5.52
0.000294 5.12 5.44
0.000296 5.12 5.36
0.000298 5.12 5.44
0.0003 5.12 5.36
0.000302 5.2 5.36
0.000304 5.12 5.28
0.000306 5.12 5.36
0.000308 5.12 5.28
0.00031 5.12 5.28
0.000312 5.12 5.2
0.000314 5.12 5.2
0.000316 5.04 5.12
0.000318 5.04 5.2
0.00032 5.04 5.12
0.000322 5.04 5.12
0.000324 5.04 5.04
0.000326 5.04 5.12
0.000328 5.04 4.96
0.00033 5.04 4.96
0.000332 4.96 5.04
0.000334 5.04 4.96
0.000336 4.96 4.8
0.000338 4.96 4.8
0.00034 4.88 4.8
0.000342 4.88 4.8
0.000344 4.88 4.64
0.000346 4.88 4.72
0.000348 4.8 4.64
0.00035 4.8 4.64
0.000352 4.8 4.56
0.000354 4.8 4.56
0.000356 4.8 4.4
0.000358 4.72 4.4
0.00036 4.72 4.4
0.000362 4.64 4.32
0.000364 4.64 4.24
0.000366 4.64 4.24
0.000368 4.56 4.24
0.00037 4.56 4.16
0.000372 4.48 4
0.000374 4.48 4
0.000376 4.4 3.92
0.000378 4.48 3.92
0.00038 4.4 3.92
0.000382 4.4 3.92
0.000384 4.4 3.84
0.000386 4.24 3.76
0.000388 4.24 3.68
0.00039 4.16 3.68
0.000392 4.08 3.52
0.000394 4.08 3.52
0.000396 4.08 3.52
0.000398 4.08 3.36
0.0004 4 3.28
0.000402 4 3.36
0.000404 3.92 3.2
0.000406 3.84 3.2
0.000408 3.76 3.2
0.00041 3.76 3.04
0.000412 3.76 2.96
0.000414 3.76 2.96
0.000416 3.6 2.88
0.000418 3.52 2.88
0.00042 3.6 2.72
0.000422 3.44 2.8
0.000424 3.52 2.64
0.000426 3.44 2.56
0.000428 3.36 2.48
0.00043 3.28 2.48
0.000432 3.2 2.4
0.000434 3.2 2.32
0.000436 3.2 2.24
0.000438 3.12 2.24
0.00044 3.04 2.16
0.000442 2.96 2.08
0.000444 2.96 2
0.000446 2.88 1.92
0.000448 2.8 1.84
0.00045 2.8 1.76
0.000452 2.72 1.68
0.000454 2.64 1.6
0.000456 2.64 1.52
0.000458 2.56 1.52
0.00046 2.48 1.44
0.000462 2.48 1.36
0.000464 2.32 1.28
0.000466 2.32 1.28
0.000468 2.24 1.12
0.00047 2.24 1.04
0.000472 2.16 1.04
0.000474 2.08 0.96
0.000476 2.08 0.88
0.000478 2 0.8
0.00048 2 0.72
0.000482 1.92 0.64
0.000484 1.84 0.64
0.000486 1.76 0.56
0.000488 1.68 0.48
0.00049 1.6 0.4
0.000492 1.52 0.32
0.000494 1.52 0.32
0.000496 1.44 0.16
0.000498 1.36 0.08
0.0005 1.28 0.08
0.000502 1.2 0
0.000504 1.2 -0.16
0.000506 1.2 -0.24
0.000508 1.04 -0.32
0.00051 0.96 -0.4
0.000512 0.96 -0.4
0.000514 0.88 -0.4
0.000516 0.8 -0.56
0.000518 0.64 -0.64
0.00052 0.72 -0.72
0.000522 0.56 -0.8
0.000524 0.56 -0.88
0.000526 0.48 -0.96
0.000528 0.4 -0.96
0.00053 0.32 -1.12
0.000532 0.32 -1.12
0.000534 0.24 -1.2
0.000536 0.24 -1.28
0.000538 0.08 -1.36
0.00054 0.08 -1.36
0.000542 0 -1.52
0.000544 -0.16 -1.6
0.000546 -0.24 -1.6
0.000548 -0.32 -1.68
0.00055 -0.4 -1.76
0.000552 -0.4 -1.84
0.000554 -0.48 -1.92
0.000556 -0.64 -1.92
0.000558 -0.64 -2
0.00056 -0.72 -2.08
0.000562 -0.8 -2.16
0.000564 -0.88 -2.24
0.000566 -0.96 -2.32
0.000568 -0.96 -2.4
0.00057 -1.04 -2.48
0.000572 -1.12 -2.48
0.000574 -1.12 -2.48
0.000576 -1.28 -2.56
0.000578 -1.28 -2.64
0.00058 -1.36 -2.8
0.000582 -1.44 -2.8
0.000584 -1.44 -2.88
0.000586 -1.6 -2.96
0.000588 -1.6 -3.04
0.00059 -1.68 -3.04
0.000592 -1.76 -3.12
0.000594 -1.76 -3.2
0.000596 -1.92 -3.2
0.000598 -1.92 -3.28
0.0006 -2 -3.36
0.000602 -2 -3.44
0.000604 -2.08 -3.52
0.000606 -2.08 -3.6
0.000608 -2.24 -3.6
0.00061 -2.24 -3.68
0.000612 -2.32 -3.68
0.000614 -2.4 -3.84
0.000616 -2.48 -3.76
0.000618 -2.56 -3.84
0.00062 -2.56 -3.92
0.000622 -2.64 -4
0.000624 -2.72 -4
0.000626 -2.72 -4.08
0.000628 -2.8 -4.16
0.00063 -2.88 -4.16
0.000632 -2.96 -4.16
0.000634 -2.96 -4.24
0.000636 -3.04 -4.32
0.000638 -3.04 -4.4
0.00064 -3.12 -4.4
0.000642 -3.2 -4.48
0.000644 -3.2 -4.56
0.000646 -3.28 -4.48
0.000648 -3.36 -4.56
0.00065 -3.36 -4.64
0.000652 -3.44 -4.64
0.000654 -3.52 -4.72
0.000656 -3.52 -4.72
0.000658 -3.6 -4.72
0.00066 -3.6 -4.8
0.000662 -3.68 -4.88
0.000664 -3.68 -4.88
0.000666 -3.76 -4.88
0.000668 -3.84 -4.96
0.00067 -3.84 -5.04
0.000672 -3.92 -5.04
0.000674 -4 -5.04
0.000676 -4 -5.12
0.000678 -4 -5.2
0.00068 -4.08 -5.2
0.000682 -4.16 -5.2
0.000684 -4.16 -5.2
0.000686 -4.16 -5.2
0.000688 -4.24 -5.28
0.00069 -4.32 -5.28
0.000692 -4.32 -5.28
0.000694 -4.32 -5.44
0.000696 -4.48 -5.44
0.000698 -4.48 -5.44
0.0007 -4.48 -5.44
0.000702 -4.48 -5.44
0.000704 -4.48 -5.52
0.000706 -4.56 -5.52
0.000708 -4.64 -5.44
0.00071 -4.64 -5.52
0.000712 -4.64 -5.52
0.000714 -4.64 -5.52
0.000716 -4.8 -5.6
0.000718 -4.8 -5.68
0.00072 -4.8 -5.6
0.000722 -4.8 -5.6
0.000724 -4.88 -5.68
0.000726 -4.88 -5.68
0.000728 -4.88 -5.6
0.00073 -4.88 -5.68
0.000732 -4.96 -5.68
0.000734 -4.96 -5.68
0.000736 -4.96 -5.68
0.000738 -4.96 -5.76
0.00074 -5.12 -5.76
0.000742 -5.12 -5.76
0.000744 -5.12 -5.76
0.000746 -5.12 -5.76
0.000748 -5.12 -5.76
0.00075 -5.2 -5.68
0.000752 -5.12 -5.76
0.000754 -5.2 -5.76
0.000756 -5.12 -5.68
0.000758 -5.2 -5.76
0.00076 -5.2 -5.76
0.000762 -5.2 -5.68
0.000764 -5.2 -5.68
0.000766 -5.28 -5.76
0.000768 -5.28 -5.68
0.00077 -5.28 -5.68
0.000772 -5.28 -5.68
0.000774 -5.28 -5.68
0.000776 -5.28 -5.68
0.000778 -5.28 -5.68
0.00078 -5.28 -5.68
0.000782 -5.28 -5.68
0.000784 -5.28 -5.6
0.000786 -5.28 -5.68
0.000788 -5.28 -5.6
0.00079 -5.28 -5.52
0.000792 -5.28 -5.52
0.000794 -5.28 -5.6
0.000796 -5.28 -5.52
0.000798 -5.28 -5.52
0.0008 -5.28 -5.44
0.000802 -5.28 -5.52
0.000804 -5.28 -5.44
0.000806 -5.28 -5.44
0.000808 -5.28 -5.44
0.00081 -5.28 -5.36
0.000812 -5.28 -5.36
0.000814 -5.28 -5.28
0.000816 -5.28 -5.28
0.000818 -5.2 -5.2
0.00082 -5.28 -5.2
0.000822 -5.2 -5.2
0.000824 -5.2 -5.2
0.000826 -5.2 -5.12
0.000828 -5.2 -5.12
0.00083 -5.2 -5.12
0.000832 -5.2 -5.04
0.000834 -5.12 -5.04
0.000836 -5.12 -5.04
0.000838 -5.12 -5.04
0.00084 -5.12 -4.88
0.000842 -5.12 -4.88
0.000844 -5.04 -4.88
0.000846 -4.96 -4.8
0.000848 -4.96 -4.72
0.00085 -4.96 -4.8
0.000852 -4.96 -4.72
0.000854 -4.96 -4.64
0.000856 -4.96 -4.64
0.000858 -4.88 -4.56
0.00086 -4.88 -4.48
0.000862 -4.8 -4.48
0.000864 -4.8 -4.4
0.000866 -4.8 -4.32
0.000868 -4.8 -4.24
0.00087 -4.72 -4.32
0.000872 -4.64 -4.24
0.000874 -4.64 -4.16
0.000876 -4.64 -4.16
0.000878 -4.56 -4.08
0.00088 -4.48 -4.08
0.000882 -4.48 -3.92
0.000884 -4.48 -3.92
0.000886 -4.48 -3.84
0.000888 -4.32 -3.84
0.00089 -4.32 -3.84
0.000892 -4.32 -3.76
0.000894 -4.32 -3.76
0.000896 -4.24 -3.6
0.000898 -4.24 -3.6
0.0009 -4.16 -3.52
0.000902 -4.16 -3.36
0.000904 -4.08 -3.36
0.000906 -4 -3.36
0.000908 -4 -3.28
0.00091 -4 -3.2
0.000912 -3.92 -3.2
0.000914 -3.92 -3.12
0.000916 -3.84 -2.96
0.000918 -3.76 -2.96
0.00092 -3.68 -2.96
0.000922 -3.68 -2.88
0.000924 -3.68 -2.72
0.000926 -3.6 -2.72
0.000928 -3.52 -2.64
0.00093 -3.52 -2.56
0.000932 -3.36 -2.56
0.000934 -3.36 -2.48
0.000936 -3.36 -2.32
0.000938 -3.28 -2.32
0.00094 -3.28 -2.32
0.000942 -3.2 -2.16
0.000944 -3.12 -2.08
0.000946 -3.04 -2.08
0.000948 -3.04 -1.92
0.00095 -2.96 -1.92
0.000952 -2.88 -1.84
0.000954 -2.88 -1.84
0.000956 -2.8 -1.76
0.000958 -2.72 -1.6
0.00096 -2.64 -1.6
0.000962 -2.64 -1.44
0.000964 -2.56 -1.36
0.000966 -2.48 -1.36
0.000968 -2.4 -1.36
0.00097 -2.4 -1.28
0.000972 -2.32 -1.2
0.000974 -2.24 -1.04
0.000976 -2.24 -1.04
0.000978 -2.08 -0.96
0.00098 -2.08 -0.88
0.000982 -2 -0.8
0.000984 -2 -0.72
0.000986 -1.92 -0.64
0.000988 -1.84 -0.72
0.00099 -1.76 -0.56
0.000992 -1.76 -0.4
0.000994 -1.6 -0.4
0.000996 -1.6 -0.32
0.000998 -1.6 -0.24
0.001 -1.52 -0.16
0.001002 -1.36 0
0.001004 -1.36 0
0.001006 -1.28 0.08
0.001008 -1.28 0.16
0.00101 -1.12 0.24
0.001012 -1.12 0.32
0.001014 -1.12 0.4
0.001016 -0.96 0.4
0.001018 -0.88 0.56
0.00102 -0.8 0.56
0.001022 -0.72 0.64
0.001024 -0.72 0.64
0.001026 -0.64 0.8
0.001028 -0.56 0.88
0.00103 -0.48 0.96
0.001032 -0.4 1.04
0.001034 -0.4 1.12
0.001036 -0.32 1.12
0.001038 -0.24 1.28
0.00104 -0.16 1.28
0.001042 -0.16 1.36
0.001044 0 1.44
0.001046 0.08 1.44
0.001048 0.24 1.6
0.00105 0.24 1.6
0.001052 0.24 1.68
0.001054 0.32 1.76
0.001056 0.4 1.84
0.001058 0.48 1.92
0.00106 0.56 2
0.001062 0.64 2.08
0.001064 0.72 2
0.001066 0.72 2.16
0.001068 0.8 2.24
0.00107 0.88 2.32
0.001072 0.88 2.4
0.001074 0.96 2.4
0.001076 1.04 2.56
0.001078 1.2 2.56
0.00108 1.2 2.64
0.001082 1.28 2.72
0.001084 1.36 2.72
0.001086 1.36 2.8
0.001088 1.44 2.88
0.00109 1.52 2.96
0.001092 1.52 3.04
0.001094 1.6 3.04
0.001096 1.68 3.12
0.001098 1.68 3.2
0.0011 1.84 3.2
0.001102 1.92 3.28
0.001104 1.92 3.36
0.001106 2 3.36
0.001108 2 3.44
0.00111 2.16 3.6
0.001112 2.16 3.6
0.001114 2.24 3.6
0.001116 2.24 3.68
0.001118 2.32 3.76
0.00112 2.4 3.76
0.001122 2.48 3.84
0.001124 2.56 3.92
0.001126 2.56 3.92
0.001128 2.56 4
0.00113 2.72 4.08
0.001132 2.8 4.16
0.001134 2.8 4.16
0.001136 2.8 4.16
0.001138 2.88 4.24
0.00114 2.96 4.24
0.001142 3.04 4.32
0.001144 3.12 4.32
0.001146 3.2 4.4
0.001148 3.2 4.48
0.00115 3.2 4.48
0.001152 3.28 4.56
0.001154 3.36 4.56
0.001156 3.36 4.56
0.001158 3.44 4.64
0.00116 3.44 4.72
0.001162 3.52 4.72
0.001164 3.52 4.64
0.001166 3.6 4.8
0.001168 3.6 4.8
0.00117 3.76 4.88
0.001172 3.76 4.96
0.001174 3.76 4.96
0.001176 3.84 4.96
0.001178 3.84 5.04
0.00118 3.92 5.04
0.001182 3.92 5.04
0.001184 4 5.04
0.001186 4.08 5.12
0.001188 4.08 5.2
0.00119 4.08 5.2
0.001192 4.16 5.2
0.001194 4.16 5.28
0.001196 4.24 5.28
0.001198 4.24 5.28
0.0012 4.24 5.28
0.001202 4.32 5.36
0.001204 4.4 5.36
0.001206 4.4 5.44
0.001208 4.48 5.44
0.00121 4.48 5.44
0.001212 4.48 5.44
0.001214 4.48 5.44
0.001216 4.56 5.44
0.001218 4.56 5.44
0.00122 4.64 5.44
0.001222 4.72 5.52
0.001224 4.72 5.52
0.001226 4.72 5.52
0.001228 4.72 5.6
0.00123 4.8 5.6
0.001232 4.8 5.6
0.001234 4.8 5.52
0.001236 4.8 5.6
0.001238 4.88 5.52
0.00124 4.88 5.52
0.001242 4.88 5.6
0.001244 4.88 5.6
0.001246 4.88 5.6
0.001248 5.04 5.6
0.00125 4.96 5.6
0.001252 5.04 5.6
0.001254 5.04 5.6
0.001256 5.04 5.6
0.001258 5.04 5.6
0.00126 5.12 5.52
0.001262 5.12 5.6
0.001264 5.12 5.6
0.001266 5.12 5.52
0.001268 5.12 5.6
0.00127 5.12 5.6
0.001272 5.12 5.52
0.001274 5.12 5.52
0.001276 5.12 5.52
0.001278 5.12 5.52
0.00128 5.12 5.52
0.001282 5.2 5.52
0.001284 5.12 5.52
0.001286 5.12 5.52
0.001288 5.12 5.52
0.00129 5.12 5.44
0.001292 5.12 5.44
0.001294 5.12 5.44
0.001296 5.12 5.44
0.001298 5.12 5.36
0.0013 5.12 5.36
0.001302 5.12 5.28
0.001304 5.12 5.36
0.001306 5.12 5.36
0.001308 5.12 5.28
0.00131 5.04 5.28
0.001312 5.12 5.28
0.001314 5.12 5.12
0.001316 5.12 5.12
0.001318 5.04 5.12
0.00132 5.04 5.12
0.001322 5.04 5.12
0.001324 5.04 5.12
0.001326 5.04 5.04
0.001328 5.04 4.96
0.00133 5.04 4.96
0.001332 5.04 4.96
0.001334 4.88 4.88
0.001336 5.04 4.8
0.001338 4.96 4.8
0.00134 4.88 4.88
0.001342 4.88 4.8
0.001344 4.88 4.72
0.001346 4.88 4.72
0.001348 4.8 4.56
0.00135 4.8 4.56
0.001352 4.8 4.56
0.001354 4.72 4.56
0.001356 4.72 4.48
0.001358 4.72 4.4
0.00136 4.72 4.4
0.001362 4.64 4.4
0.001364 4.56 4.24
0.001366 4.56 4.24
0.001368 4.56 4.16
0.00137 4.56 4.16
0.001372 4.48 4.08
0.001374 4.48 4.08
0.001376 4.48 3.92
0.001378 4.4 3.92
0.00138 4.4 3.92
0.001382 4.32 3.92
0.001384 4.24 3.84
0.001386 4.24 3.76
0.001388 4.24 3.68
0.00139 4.16 3.6
0.001392 4.16 3.6
0.001394 4.08 3.52
0.001396 4.08 3.52
0.001398 4.08 3.36
0.0014 3.92 3.36
0.001402 3.92 3.36
0.001404 3.84 3.2
0.001406 3.84 3.2
0.001408 3.76 3.12
0.00141 3.76 3.04
0.001412 3.76 3.04
0.001414 3.76 2.96
0.001416 3.6 2.88
0.001418 3.6 2.88
0.00142 3.52 2.8
0.001422 3.52 2.72
0.001424 3.44 2.64
0.001426 3.44 2.56
0.001428 3.44 2.48
0.00143 3.28 2.48
0.001432 3.28 2.32
0.001434 3.2 2.32
0.001436 3.2 2.32
0.001438 3.12 2.24
0.00144 3.04 2.16
0.001442 2.96 2
0.001444 2.96 2
0.001446 2.88 1.84
0.001448 2.8 1.76
0.00145 2.8 1.76
0.001452 2.8 1.68
0.001454 2.64 1.6
0.001456 2.64 1.6
0.001458 2.56 1.52
0.00146 2.48 1.44
0.001462 2.4 1.36
0.001464 2.4 1.28
0.001466 2.32 1.2
0.001468 2.24 1.2
0.00147 2.24 1.12
0.001472 2.16 1.04
0.001474 2.08 0.96
0.001476 2.08 0.88
0.001478 2 0.8
0.00148 1.92 0.8
0.001482 1.84 0.64
0.001484 1.84 0.64
0.001486 1.68 0.56
0.001488 1.68 0.4
0.00149 1.6 0.4
0.001492 1.52 0.4
0.001494 1.52 0.32
0.001496 1.36 0.16
0.001498 1.28 0.16
0.0015 1.28 0.08
0.001502 1.2 -0.16
0.001504 1.2 -0.16
0.001506 1.2 -0.24
0.001508 1.04 -0.32
0.00151 0.96 -0.4
0.001512 0.88 -0.4
0.001514 0.88 -0.48
0.001516 0.72 -0.56
0.001518 0.72 -0.64
0.00152 0.64 -0.72
0.001522 0.64 -0.8
0.001524 0.56 -0.88
0.001526 0.48 -0.96
0.001528 0.4 -0.96
0.00153 0.32 -1.04
0.001532 0.32 -1.12
0.001534 0.24 -1.2
0.001536 0.16 -1.28
0.001538 0.08 -1.36
0.00154 0.08 -1.36
0.001542 -0.16 -1.44
0.001544 -0.16 -1.6
0.001546 -0.24 -1.68
0.001548 -0.32 -1.68
0.00155 -0.4 -1.76
0.001552 -0.48 -1.84
0.001554 -0.48 -1.84
0.001556 -0.48 -1.92
0.001558 -0.64 -2
0.00156 -0.72 -2.16
0.001562 -0.72 -2.16
0.001564 -0.8 -2.24
0.001566 -0.96 -2.32
0.001568 -1.04 -2.32
0.00157 -1.04 -2.4
0.001572 -1.12 -2.56
0.001574 -1.12 -2.56
0.001576 -1.2 -2.64
0.001578 -1.36 -2.64
0.00158 -1.36 -2.72
0.001582 -1.44 -2.88
0.001584 -1.44 -2.88
0.001586 -1.52 -2.96
0.001588 -1.6 -2.96
0.00159 -1.68 -3.04
0.001592 -1.76 -3.12
0.001594 -1.76 -3.2
0.001596 -1.76 -3.2
0.001598 -1.92 -3.28
0.0016 -2 -3.36
0.001602 -2 -3.44
0.001604 -2.08 -3.44
0.001606 -2.16 -3.52
0.001608 -2.24 -3.6
0.00161 -2.32 -3.6
0.001612 -2.32 -3.68
0.001614 -2.4 -3.76
0.001616 -2.48 -3.84
0.001618 -2.4 -3.84
0.00162 -2.56 -3.92
0.001622 -2.64 -3.92
0.001624 -2.72 -4
0.001626 -2.72 -4.08
0.001628 -2.8 -4.16
0.00163 -2.88 -4.16
0.001632 -2.96 -4.16
0.001634 -2.96 -4.24
0.001636 -3.04 -4.24
0.001638 -3.04 -4.32
0.00164 -3.12 -4.48
0.001642 -3.2 -4.48
0.001644 -3.28 -4.48
0.001646 -3.28 -4.48
0.001648 -3.36 -4.56
0.00165 -3.36 -4.56
0.001652 -3.52 -4.64
0.001654 -3.52 -4.72
0.001656 -3.52 -4.72
0.001658 -3.6 -4.8
0.00166 -3.68 -4.8
0.001662 -3.68 -4.88
0.001664 -3.68 -4.88
0.001666 -3.76 -4.88
0.001668 -3.84 -4.96
0.00167 -3.92 -4.96
0.001672 -3.92 -5.04
0.001674 -4 -5.04
0.001676 -4 -5.12
0.001678 -4 -5.2
0.00168 -4.08 -5.2
0.001682 -4.16 -5.2
0.001684 -4.16 -5.28
0.001686 -4.24 -5.2
0.001688 -4.24 -5.36
0.00169 -4.32 -5.28
0.001692 -4.32 -5.28
0.001694 -4.32 -5.28
0.001696 -4.32 -5.44
0.001698 -4.48 -5.44
0.0017 -4.48 -5.44
0.001702 -4.48 -5.44
0.001704 -4.56 -5.52
0.001706 -4.64 -5.44
0.001708 -4.64 -5.52
0.00171 -4.64 -5.52
0.001712 -4.64 -5.52
0.001714 -4.72 -5.52
0.001716 -4.72 -5.68
0.001718 -4.8 -5.6
0.00172 -4.8 -5.6
0.001722 -4.88 -5.6
0.001724 -4.8 -5.6
0.001726 -4.88 -5.6
0.001728 -4.88 -5.68
0.00173 -4.96 -5.68
0.001732 -4.96 -5.76
0.001734 -4.96 -5.68
0.001736 -4.96 -5.76
0.001738 -5.04 -5.76
0.00174 -4.96 -5.76
0.001742 -5.04 -5.68
0.001744 -5.04 -5.76
0.001746 -5.12 -5.76
0.001748 -5.2 -5.76
0.00175 -5.2 -5.68
0.001752 -5.12 -5.84
0.001754 -5.2 -5.76
0.001756 -5.2 -5.76
0.001758 -5.28 -5.76
0.00176 -5.2 -5.76
0.001762 -5.2 -5.68
0.001764 -5.2 -5.76
0.001766 -5.28 -5.68
0.001768 -5.28 -5.68
0.00177 -5.28 -5.68
0.001772 -5.28 -5.76
0.001774 -5.28 -5.68
0.001776 -5.28 -5.68
0.001778 -5.28 -5.68
0.00178 -5.28 -5.68
0.001782 -5.28 -5.6
0.001784 -5.28 -5.6
0.001786 -5.28 -5.6
0.001788 -5.28 -5.6
0.00179 -5.28 -5.6
0.001792 -5.28 -5.6
0.001794 -5.28 -5.52
0.001796 -5.28 -5.52
0.001798 -5.28 -5.52
0.0018 -5.28 -5.52
0.001802 -5.28 -5.44
0.001804 -5.28 -5.44
0.001806 -5.28 -5.44
0.001808 -5.28 -5.44
0.00181 -5.28 -5.44
0.001812 -5.28 -5.36
0.001814 -5.28 -5.36
0.001816 -5.2 -5.36
0.001818 -5.28 -5.2
0.00182 -5.2 -5.2
0.001822 -5.28 -5.2
0.001824 -5.2 -5.2
0.001826 -5.2 -5.12
0.001828 -5.28 -5.12
0.00183 -5.2 -5.04
0.001832 -5.12 -5.04
0.001834 -5.12 -5.04
0.001836 -5.12 -5.04
0.001838 -5.12 -4.88
0.00184 -4.96 -4.88
0.001842 -5.04 -4.88
0.001844 -5.04 -4.88
0.001846 -4.96 -4.8
0.001848 -4.96 -4.8
0.00185 -4.96 -4.72
0.001852 -4.96 -4.64
0.001854 -4.96 -4.56
0.001856 -4.96 -4.64
0.001858 -4.88 -4.56
0.00186 -4.88 -4.48
0.001862 -4.8 -4.56
0.001864 -4.8 -4.48
0.001866 -4.8 -4.4
0.001868 -4.8 -4.32
0.00187 -4.72 -4.32
0.001872 -4.72 -4.24
0.001874 -4.64 -4.16
0.001876 -4.56 -4.16
0.001878 -4.56 -4.08
0.00188 -4.56 -4
0.001882 -4.48 -3.92
0.001884 -4.48 -3.92
0.001886 -4.48 -3.92
0.001888 -4.32 -3.76
0.00189 -4.32 -3.84
0.001892 -4.32 -3.76
0.001894 -4.24 -3.6
0.001896 -4.24 -3.6
0.001898 -4.24 -3.6
0.0019 -4.16 -3.44
0.001902 -4.16 -3.44
0.001904 -4.08 -3.44
0.001906 -4 -3.36
0.001908 -4 -3.2
0.00191 -4 -3.2
0.001912 -3.92 -3.12
0.001914 -3.84 -3.12
0.001916 -3.84 -2.96
0.001918 -3.68 -2.96
0.00192 -3.68 -2.88
0.001922 -3.68 -2.8
0.001924 -3.68 -2.8
0.001926 -3.6 -2.72
0.001928 -3.6 -2.64
0.00193 -3.52 -2.56
0.001932 -3.52 -2.56
0.001934 -3.36 -2.48
0.001936 -3.28 -2.32
0.001938 -3.28 -2.32
0.00194 -3.28 -2.24
0.001942 -3.2 -2.24
0.001944 -3.12 -2.16
0.001946 -3.04 -2.08
0.001948 -2.96 -2
0.00195 -2.96 -1.92
0.001952 -2.88 -1.84
0.001954 -2.88 -1.84
0.001956 -2.72 -1.68
0.001958 -2.72 -1.6
0.00196 -2.72 -1.6
0.001962 -2.64 -1.52
0.001964 -2.56 -1.36
0.001966 -2.56 -1.36
0.001968 -2.4 -1.28
0.00197 -2.4 -1.2
0.001972 -2.32 -1.2
0.001974 -2.24 -1.04
0.001976 -2.24 -1.04
0.001978 -2.08 -0.96
0.00198 -2.08 -0.88
0.001982 -2.08 -0.8
0.001984 -1.92 -0.72
0.001986 -1.92 -0.64
0.001988 -1.84 -0.64
0.00199 -1.76 -0.56
0.001992 -1.76 -0.4
0.001994 -1.68 -0.32
0.001996 -1.6 -0.32
0.001998 -1.6 -0.24
0.002 -1.44 -0.16
0.002002 -1.44 -0.16
0.002004 -1.36 0
0.002006 -1.36 0.08
0.002008 -1.28 0.16
0.00201 -1.12 0.24
0.002012 -1.12 0.32
0.002014 -1.04 0.4
0.002016 -0.96 0.4
0.002018 -0.88 0.56
0.00202 -0.8 0.64
0.002022 -0.8 0.64
0.002024 -0.72 0.72
0.002026 -0.64 0.8
0.002028 -0.64 0.88
0.00203 -0.48 0.96
0.002032 -0.48 1.04
0.002034 -0.4 1.12
0.002036 -0.32 1.12
0.002038 -0.24 1.2
0.00204 -0.16 1.28
0.002042 -0.16 1.28
0.002044 0 1.44
0.002046 0.08 1.52
0.002048 0.08 1.6
0.00205 0.24 1.68
0.002052 0.24 1.68
0.002054 0.32 1.76
0.002056 0.4 1.76
0.002058 0.48 1.84
0.00206 0.56 1.92
0.002062 0.56 2.08
0.002064 0.64 2.16
0.002066 0.72 2.24
0.002068 0.8 2.32
0.00207 0.88 2.32
0.002072 0.96 2.4
0.002074 0.96 2.48
0.002076 1.04 2.56
0.002078 1.12 2.56
0.00208 1.2 2.64
0.002082 1.2 2.64
0.002084 1.28 2.72
0.002086 1.36 2.8
0.002088 1.44 2.96
0.00209 1.52 2.96
0.002092 1.52 2.96
0.002094 1.6 3.04
0.002096 1.68 3.12
0.002098 1.68 3.2
0.0021 1.84 3.2
0.002102 1.84 3.36
0.002104 1.84 3.36
0.002106 2 3.36
0.002108 2 3.52
0.00211 2.16 3.52
0.002112 2.16 3.6
0.002114 2.24 3.6
0.002116 2.24 3.68
0.002118 2.32 3.68
0.00212 2.32 3.76
0.002122 2.48 3.84
0.002124 2.48 3.92
0.002126 2.56 3.92
0.002128 2.64 4
0.00213 2.72 4.08
0.002132 2.8 4.16
0.002134 2.8 4.08
0.002136 2.88 4.16
0.002138 2.96 4.24
0.00214 2.96 4.24
0.002142 2.96 4.32
0.002144 3.12 4.48
0.002146 3.12 4.4
0.002148 3.2 4.48
0.00215 3.2 4.56
0.002152 3.28 4.56
0.002154 3.36 4.56
0.002156 3.36 4.56
0.002158 3.44 4.64
0.00216 3.52 4.72
0.002162 3.52 4.8
0.002164 3.52 4.8
0.002166 3.6 4.88
0.002168 3.6 4.8
0.00217 3.76 4.88
0.002172 3.76 4.88
0.002174 3.84 4.96
0.002176 3.84 4.96
0.002178 3.84 5.04
0.00218 3.92 5.04
0.002182 3.92 5.12
0.002184 3.92 5.12
0.002186 4.08 5.12
0.002188 4.08 5.2
0.00219 4.08 5.12
0.002192 4.16 5.28
0.002194 4.16 5.28
0.002196 4.24 5.28
0.002198 4.24 5.28
0.0022 4.32 5.36
0.002202 4.32 5.36
0.002204 4.4 5.36
0.002206 4.4 5.44
0.002208 4.4 5.44
0.00221 4.48 5.36
0.002212 4.48 5.44
0.002214 4.48 5.44
0.002216 4.56 5.44
0.002218 4.64 5.52
0.00222 4.72 5.52
0.002222 4.72 5.52
0.002224 4.72 5.52
0.002226 4.72 5.52
0.002228 4.72 5.6
0.00223 4.8 5.52
0.002232 4.8 5.6
0.002234 4.8 5.6
0.002236 4.88 5.6
0.002238 4.8 5.6
0.00224 4.88 5.6
0.002242 4.88 5.6
0.002244 4.96 5.6
0.002246 4.88 5.68
0.002248 5.04 5.6
0.00225 5.04 5.6
0.002252 5.04 5.6
0.002254 5.04 5.6
0.002256 5.04 5.6
0.002258 5.04 5.6
0.00226 5.04 5.6
0.002262 5.04 5.68
0.002264 5.12 5.68
0.002266 5.04 5.6
0.002268 5.04 5.52
0.00227 5.12 5.6
0.002272 5.12 5.52
0.002274 5.04 5.52
0.002276 5.12 5.6
0.002278 5.12 5.52
0.00228 5.12 5.52
0.002282 5.12 5.52
0.002284 5.12 5.52
0.002286 5.12 5.44
0.002288 5.12 5.52
0.00229 5.12 5.52
0.002292 5.12 5.44
0.002294 5.12 5.44
0.002296 5.12 5.44
0.002298 5.12 5.44
0.0023 5.12 5.36
0.002302 5.12 5.36
0.002304 5.12 5.36
0.002306 5.12 5.28
0.002308 5.12 5.28
0.00231 5.12 5.28
0.002312 5.12 5.2
0.002314 5.04 5.2
0.002316 5.04 5.12
0.002318 5.04 5.2
0.00232 5.04 5.12
0.002322 5.04 5.12
0.002324 5.04 5.12
0.002326 5.04 5.04
0.002328 5.04 4.96
0.00233 5.04 4.96
0.002332 5.04 4.96
0.002334 5.04 4.88
0.002336 5.04 4.88
0.002338 4.88 4.88
0.00234 4.96 4.8
0.002342 4.88 4.8
0.002344 4.88 4.72
0.002346 4.88 4.72
0.002348 4.8 4.64
0.00235 4.8 4.64
0.002352 4.8 4.56
0.002354 4.72 4.56
0.002356 4.72 4.48
0.002358 4.72 4.48
0.00236 4.72 4.4
0.002362 4.64 4.32
0.002364 4.56 4.32
0.002366 4.72 4.24
0.002368 4.56 4.16
0.00237 4.56 4.16
0.002372 4.56 4.16
0.002374 4.48 4.08
0.002376 4.4 4.08
0.002378 4.4 3.92
0.00238 4.4 3.92
0.002382 4.32 3.84
0.002384 4.32 3.84
0.002386 4.24 3.68
0.002388 4.24 3.68
0.00239 4.16 3.6
0.002392 4.16 3.52
0.002394 4.08 3.6
0.002396 4.08 3.52
0.002398 4.08 3.44
0.0024 3.92 3.36
0.002402 3.92 3.36
0.002404 3.92 3.28
0.002406 3.84 3.12
0.002408 3.76 3.2
0.00241 3.76 3.04
0.002412 3.76 2.96
0.002414 3.68 2.96
0.002416 3.68 2.88
0.002418 3.6 2.8
0.00242 3.52 2.72
0.002422 3.52 2.72
0.002424 3.44 2.64
0.002426 3.44 2.56
0.002428 3.44 2.56
0.00243 3.28 2.48
0.002432 3.28 2.48
0.002434 3.2 2.4
0.002436 3.2 2.32
0.002438 3.12 2.24
0.00244 3.04 2.16
0.002442 3.04 2.08
0.002444 2.88 2
0.002446 2.88 1.92
0.002448 2.88 1.84
0.00245 2.8 1.84
0.002452 2.72 1.76
0.002454 2.64 1.68
0.002456 2.64 1.6
0.002458 2.56 1.52
0.00246 2.48 1.44
0.002462 2.48 1.36
0.002464 2.32 1.28
0.002466 2.32 1.2
0.002468 2.24 1.12
0.00247 2.16 1.12
0.002472 2.16 1.04
0.002474 2.16 0.96
0.002476 2 0.96
0.002478 2 0.88
0.00248 1.92 0.72
0.002482 1.84 0.72
0.002484 1.84 0.64
0.002486 1.68 0.56
0.002488 1.68 0.48
0.00249 1.6 0.4
0.002492 1.52 0.32
0.002494 1.52 0.24
0.002496 1.36 0.16
0.002498 1.36 0.16
0.0025 1.28 0
0.002502 1.2 0
0.002504 1.2 0
0.002506 1.12 -0.24
0.002508 1.04 -0.32
0.00251 0.96 -0.32
0.002512 0.96 -0.4
0.002514 0.88 -0.48
0.002516 0.88 -0.64
0.002518 0.72 -0.64
0.00252 0.72 -0.72
0.002522 0.56 -0.88
0.002524 0.56 -0.96
0.002526 0.56 -0.88
0.002528 0.4 -1.04
0.00253 0.32 -1.04
0.002532 0.24 -1.12
0.002534 0.24 -1.2
0.002536 0.08 -1.36
0.002538 0.08 -1.36
0.00254 0 -1.36
0.002542 -0.16 -1.52
0.002544 -0.16 -1.6
0.002546 -0.24 -1.6
0.002548 -0.32 -1.68
0.00255 -0.4 -1.76
0.002552 -0.48 -1.84
0.002554 -0.48 -1.92
0.002556 -0.64 -2
0.002558 -0.64 -2.08
0.00256 -0.72 -2.08
0.002562 -0.72 -2.16
0.002564 -0.8 -2.24
0.002566 -0.88 -2.24
0.002568 -0.96 -2.32
0.00257 -1.04 -2.4
0.002572 -1.12 -2.56
0.002574 -1.12 -2.56
0.002576 -1.2 -2.64
0.002578 -1.28 -2.72
0.00258 -1.36 -2.8
0.002582 -1.36 -2.8
0.002584 -1.44 -2.88
0.002586 -1.52 -2.96
0.002588 -1.6 -2.96
0.00259 -1.68 -3.04
0.002592 -1.76 -3.12
0.002594 -1.76 -3.2
0.002596 -1.76 -3.2
0.002598 -1.92 -3.28
0.0026 -2 -3.36
0.002602 -2.08 -3.44
0.002604 -2.08 -3.44
0.002606 -2.08 -3.6
0.002608 -2.24 -3.6
0.00261 -2.24 -3.6
0.002612 -2.32 -3.68
0.002614 -2.4 -3.76
0.002616 -2.4 -3.76
0.002618 -2.56 -3.84
0.00262 -2.64 -3.92
0.002622 -2.64 -3.92
0.002624 -2.72 -3.92
0.002626 -2.72 -4.08
0.002628 -2.72 -4.08
0.00263 -2.88 -4.16
0.002632 -2.88 -4.24
0.002634 -3.04 -4.24
0.002636 -3.04 -4.32
0.002638 -3.04 -4.32
0.00264 -3.04 -4.4
0.002642 -3.2 -4.48
0.002644 -3.2 -4.48
0.002646 -3.28 -4.48
0.002648 -3.36 -4.56
0.00265 -3.36 -4.72
0.002652 -3.44 -4.72
0.002654 -3.52 -4.72
0.002656 -3.6 -4.72
0.002658 -3.6 -4.8
0.00266 -3.68 -4.8
0.002662 -3.68 -4.88
0.002664 -3.76 -4.88
0.002666 -3.76 -4.88
0.002668 -3.84 -4.96
0.00267 -3.92 -4.96
0.002672 -3.92 -5.04
0.002674 -4 -5.12
0.002676 -4 -5.12
0.002678 -4 -5.12
0.00268 -4 -5.2
0.002682 -4.16 -5.2
0.002684 -4.16 -5.2
0.002686 -4.24 -5.2
0.002688 -4.24 -5.28
0.00269 -4.32 -5.36
0.002692 -4.32 -5.36
0.002694 -4.32 -5.44
0.002696 -4.4 -5.36
0.002698 -4.48 -5.44
0.0027 -4.48 -5.44
0.002702 -4.56 -5.44
0.002704 -4.56 -5.44
0.002706 -4.56 -5.52
0.002708 -4.64 -5.52
0.00271 -4.64 -5.52
0.002712 -4.64 -5.52
0.002714 -4.72 -5.6
0.002716 -4.8 -5.6
0.002718 -4.8 -5.6
0.00272 -4.8 -5.6
0.002722 -4.8 -5.68
0.002724 -4.8 -5.68
0.002726 -4.88 -5.68
0.002728 -4.88 -5.6
0.00273 -4.96 -5.76
0.002732 -4.96 -5.68
0.002734 -4.96 -5.68
0.002736 -4.96 -5.76
0.002738 -4.96 -5.76
0.00274 -5.12 -5.76
0.002742 -5.12 -5.76
0.002744 -5.12 -5.76
0.002746 -5.12 -5.76
0.002748 -5.12 -5.76
0.00275 -5.12 -5.76
0.002752 -5.12 -5.76
0.002754 -5.2 -5.68
0.002756 -5.12 -5.76
0.002758 -5.2 -5.68
0.00276 -5.2 -5.76
0.002762 -5.28 -5.76
0.002764 -5.28 -5.76
0.002766 -5.28 -5.76
0.002768 -5.28 -5.76
0.00277 -5.28 -5.68
0.002772 -5.28 -5.68
0.002774 -5.28 -5.68
0.002776 -5.28 -5.6
0.002778 -5.28 -5.68
0.00278 -5.28 -5.68
0.002782 -5.28 -5.6
0.002784 -5.28 -5.6
0.002786 -5.28 -5.68
0.002788 -5.36 -5.68
0.00279 -5.28 -5.52
0.002792 -5.28 -5.6
0.002794 -5.28 -5.6
0.002796 -5.28 -5.44
0.002798 -5.28 -5.52
0.0028 -5.28 -5.52
0.002802 -5.28 -5.44
0.002804 -5.28 -5.44
0.002806 -5.28 -5.44
0.002808 -5.28 -5.44
0.00281 -5.28 -5.44
0.002812 -5.28 -5.28
0.002814 -5.28 -5.28
0.002816 -5.28 -5.2
0.002818 -5.2 -5.2
0.00282 -5.2 -5.2
0.002822 -5.28 -5.2
0.002824 -5.2 -5.12
0.002826 -5.28 -5.2
0.002828 -5.2 -5.12
0.00283 -5.2 -5.12
0.002832 -5.12 -5.04
0.002834 -5.2 -5.12
0.002836 -5.12 -4.96
0.002838 -5.12 -4.88
0.00284 -5.04 -4.88
0.002842 -5.12 -4.88
0.002844 -4.96 -4.88
0.002846 -4.96 -4.8
0.002848 -4.96 -4.8
0.00285 -4.96 -4.8
0.002852 -4.96 -4.72
0.002854 -4.96 -4.56
0.002856 -4.96 -4.56
0.002858 -4.88 -4.56
0.00286 -4.88 -4.48
0.002862 -4.88 -4.48
0.002864 -4.8 -4.4
0.002866 -4.8 -4.32
0.002868 -4.8 -4.4
0.00287 -4.8 -4.32
0.002872 -4.64 -4.16
0.002874 -4.64 -4.16
0.002876 -4.64 -4.16
0.002878 -4.64 -4.08
0.00288 -4.56 -4.08
0.002882 -4.56 -4
0.002884 -4.48 -3.92
0.002886 -4.48 -3.84
0.002888 -4.4 -3.84
0.00289 -4.32 -3.84
0.002892 -4.32 -3.76
0.002894 -4.32 -3.6
0.002896 -4.24 -3.6
0.002898 -4.16 -3.6
0.0029 -4.16 -3.44
0.002902 -4.16 -3.52
0.002904 -4.08 -3.44
0.002906 -4 -3.36
0.002908 -4 -3.2
0.00291 -3.92 -3.2
0.002912 -3.92 -3.12
0.002914 -3.84 -3.04
0.002916 -3.84 -2.96
0.002918 -3.76 -2.96
0.00292 -3.68 -2.88
0.002922 -3.68 -2.8
0.002924 -3.68 -2.8
0.002926 -3.6 -2.72
0.002928 -3.52 -2.56
0.00293 -3.52 -2.56
0.002932 -3.44 -2.56
0.002934 -3.36 -2.48
0.002936 -3.36 -2.32
0.002938 -3.28 -2.32
0.00294 -3.2 -2.24
0.002942 -3.2 -2.16
0.002944 -3.2 -2.16
0.002946 -3.04 -2.08
0.002948 -3.04 -2
0.00295 -2.96 -1.92
0.002952 -2.88 -1.84
0.002954 -2.88 -1.76
0.002956 -2.8 -1.68
0.002958 -2.72 -1.68
0.00296 -2.72 -1.6
0.002962 -2.64 -1.52
0.002964 -2.56 -1.44
0.002966 -2.48 -1.36
0.002968 -2.4 -1.36
0.00297 -2.4 -1.2
0.002972 -2.32 -1.12
0.002974 -2.32 -1.12
0.002976 -2.24 -1.04
0.002978 -2.24 -0.88
0.00298 -2.08 -0.96
0.002982 -2.08 -0.88
0.002984 -1.92 -0.72
0.002986 -2 -0.72
0.002988 -1.76 -0.64
0.00299 -1.76 -0.56
0.002992 -1.68 -0.4
0.002994 -1.68 -0.4
0.002996 -1.6 -0.32
0.002998 -1.52 -0.24
0.003 -1.44 -0.16
0.003002 -1.44 -0.16
0.003004 -1.36 0
0.003006 -1.28 0.08
0.003008 -1.2 0.16
0.00301 -1.12 0.24
0.003012 -1.12 0.32
0.003014 -1.04 0.4
0.003016 -0.96 0.4
0.003018 -0.96 0.48
0.00302 -0.8 0.64
0.003022 -0.72 0.64
0.003024 -0.72 0.72
0.003026 -0.64 0.8
0.003028 -0.64 0.88
0.00303 -0.48 1.04
0.003032 -0.48 0.96
0.003034 -0.4 1.04
0.003036 -0.32 1.12
0.003038 -0.32 1.28
0.00304 -0.16 1.28
0.003042 0 1.36
0.003044 0 1.36
0.003046 0.08 1.52
0.003048 0.24 1.6
0.00305 0.24 1.6
0.003052 0.24 1.68
0.003054 0.32 1.76
0.003056 0.4 1.76
0.003058 0.48 1.92
0.00306 0.56 2
0.003062 0.56 2.08
0.003064 0.64 2.08
0.003066 0.72 2.24
0.003068 0.88 2.32
0.00307 0.88 2.32
0.003072 0.88 2.4
0.003074 0.96 2.48
0.003076 1.04 2.48
0.003078 1.12 2.56
0.00308 1.2 2.64
0.003082 1.2 2.72
0.003084 1.28 2.72
0.003086 1.36 2.8
0.003088 1.52 2.88
0.00309 1.52 2.96
0.003092 1.52 2.96
0.003094 1.6 3.04
0.003096 1.68 3.12
0.003098 1.68 3.2
0.0031 1.84 3.2
0.003102 1.84 3.28
0.003104 1.92 3.36
0.003106 2 3.44
0.003108 2 3.44
0.00311 2.16 3.6
0.003112 2.16 3.52
0.003114 2.16 3.6
0.003116 2.32 3.68
0.003118 2.32 3.68
0.00312 2.32 3.68
0.003122 2.48 3.92
0.003124 2.48 3.92
0.003126 2.56 3.92
0.003128 2.64 4
0.00313 2.64 4.08
0.003132 2.8 4
0.003134 2.8 4.16
0.003136 2.8 4.16
0.003138 2.88 4.24
0.00314 2.88 4.24
0.003142 2.96 4.32
0.003144 3.04 4.4
0.003146 3.12 4.4
0.003148 3.2 4.4
0.00315 3.2 4.48
0.003152 3.28 4.56
0.003154 3.36 4.64
0.003156 3.36 4.64
0.003158 3.44 4.72
0.00316 3.44 4.72
0.003162 3.52 4.72
0.003164 3.52 4.8
0.003166 3.6 4.88
0.003168 3.6 4.88
0.00317 3.68 4.88
0.003172 3.76 4.96
0.003174 3.76 4.96
0.003176 3.84 4.96
0.003178 3.92 5.04
0.00318 3.92 5.04
0.003182 3.92 5.12
0.003184 3.92 5.12
0.003186 4.08 5.12
0.003188 4.08 5.12
0.00319 4.08 5.2
0.003192 4.16 5.2
0.003194 4.16 5.28
0.003196 4.16 5.28
0.003198 4.24 5.28
0.0032 4.4 5.28
0.003202 4.32 5.28
0.003204 4.4 5.36
0.003206 4.4 5.44
0.003208 4.48 5.44
0.00321 4.48 5.44
0.003212 4.48 5.44
0.003214 4.56 5.52
0.003216 4.56 5.44
0.003218 4.64 5.52
0.00322 4.64 5.44
0.003222 4.72 5.52
0.003224 4.72 5.52
0.003226 4.72 5.6
0.003228 4.72 5.52
0.00323 4.8 5.52
0.003232 4.8 5.52
0.003234 4.8 5.6
0.003236 4.8 5.6
0.003238 4.88 5.52
0.00324 4.8 5.6
0.003242 4.88 5.6
0.003244 4.96 5.52
0.003246 4.96 5.6
0.003248 4.88 5.6
0.00325 4.88 5.6
0.003252 4.96 5.6
0.003254 5.04 5.68
0.003256 5.04 5.6
0.003258 5.04 5.52
0.00326 5.04 5.6
0.003262 5.04 5.6
0.003264 5.04 5.6
0.003266 5.04 5.6
0.003268 5.04 5.6
0.00327 5.04 5.6
0.003272 5.04 5.6
0.003274 5.12 5.6
0.003276 5.12 5.52
0.003278 5.12 5.52
0.00328 5.12 5.52
0.003282 5.12 5.52
0.003284 5.12 5.44
0.003286 5.12 5.44
0.003288 5.12 5.44
0.00329 5.12 5.44
0.003292 5.12 5.44
0.003294 5.12 5.44
0.003296 5.12 5.44
0.003298 5.12 5.44
0.0033 5.12 5.36
0.003302 5.12 5.28
0.003304 5.12 5.36
0.003306 5.12 5.28
0.003308 5.12 5.2
0.00331 5.12 5.28
0.003312 5.12 5.2
0.003314 5.04 5.2
0.003316 5.04 5.12
0.003318 5.12 5.12
0.00332 5.04 5.12
0.003322 5.04 5.12
0.003324 5.04 5.12
0.003326 5.04 5.04
0.003328 5.04 4.96
0.00333 5.04 5.04
0.003332 5.04 4.96
0.003334 5.04 4.88
0.003336 4.96 4.88
0.003338 5.04 4.88
0.00334 4.88 4.8
0.003342 4.88 4.72
0.003344 4.88 4.72
0.003346 4.8 4.64
0.003348 4.8 4.64
0.00335 4.8 4.64
0.003352 4.72 4.56
0.003354 4.8 4.48
0.003356 4.72 4.48
0.003358 4.72 4.4
0.00336 4.72 4.4
0.003362 4.64 4.32
0.003364 4.56 4.32
0.003366 4.56 4.32
0.003368 4.56 4.16
0.00337 4.56 4.16
0.003372 4.56 4.16
0.003374 4.48 4.08
0.003376 4.4 4
0.003378 4.4 3.92
0.00338 4.4 3.92
0.003382 4.4 3.84
0.003384 4.32 3.76
0.003386 4.24 3.76
0.003388 4.24 3.68
0.00339 4.16 3.6
0.003392 4.16 3.6
0.003394 4.08 3.6
0.003396 4.08 3.52
0.003398 4.08 3.36
0.0034 4 3.36
0.003402 3.92 3.28
0.003404 3.92 3.28
0.003406 3.84 3.2
0.003408 3.84 3.2
0.00341 3.76 3.12
0.003412 3.76 2.96
0.003414 3.68 2.96
0.003416 3.6 2.88
0.003418 3.6 2.88
0.00342 3.52 2.8
0.003422 3.52 2.64
0.003424 3.44 2.64
0.003426 3.44 2.56
0.003428 3.36 2.64
0.00343 3.28 2.48
0.003432 3.28 2.4
0.003434 3.2 2.4
0.003436 3.12 2.24
0.003438 3.12 2.24
0.00344 3.12 2.08
0.003442 2.96 2.08
0.003444 2.88 2
0.003446 2.88 1.92
0.003448 2.8 1.84
0.00345 2.8 1.84
0.003452 2.8 1.76
0.003454 2.64 1.68
0.003456 2.56 1.6
0.003458 2.56 1.44
0.00346 2.48 1.44
0.003462 2.48 1.44
0.003464 2.4 1.36
0.003466 2.32 1.28
0.003468 2.24 1.2
0.00347 2.16 1.12
0.003472 2.16 1.04
0.003474 2.16 0.96
0.003476 2 0.88
0.003478 1.92 0.8
0.00348 1.92 0.8
0.003482 1.84 0.72
0.003484 1.84 0.64
0.003486 1.68 0.64
0.003488 1.68 0.48
0.00349 1.6 0.4
0.003492 1.52 0.32
0.003494 1.52 0.24
0.003496 1.52 0.16
0.003498 1.36 0.16
0.0035 1.28 0
0.003502 1.28 -0.16
0.003504 1.2 0
0.003506 1.2 -0.24
0.003508 1.04 -0.24
0.00351 0.96 -0.4
0.003512 0.96 -0.4
0.003514 0.88 -0.56
0.003516 0.88 -0.56
0.003518 0.72 -0.64
0.00352 0.72 -0.72
0.003522 0.56 -0.8
0.003524 0.56 -0.8
0.003526 0.4 -0.88
0.003528 0.4 -1.04
0.00353 0.32 -1.04
0.003532 0.24 -1.04
0.003534 0.24 -1.2
0.003536 0.08 -1.28
0.003538 0.08 -1.36
0.00354 0 -1.36
0.003542 0 -1.52
0.003544 -0.16 -1.52
0.003546 -0.24 -1.6
0.003548 -0.32 -1.68
0.00355 -0.4 -1.76
0.003552 -0.4 -1.76
0.003554 -0.48 -1.92
0.003556 -0.64 -2
0.003558 -0.72 -2.08
0.00356 -0.72 -2.08
0.003562 -0.8 -2.16
0.003564 -0.8 -2.24
0.003566 -0.96 -2.24
0.003568 -1.04 -2.32
0.00357 -1.04 -2.48
0.003572 -1.12 -2.48
0.003574 -1.2 -2.56
0.003576 -1.28 -2.64
0.003578 -1.36 -2.72
0.00358 -1.36 -2.72
0.003582 -1.44 -2.8
0.003584 -1.44 -2.88
0.003586 -1.52 -2.96
0.003588 -1.6 -2.96
0.00359 -1.68 -3.04
0.003592 -1.76 -3.12
0.003594 -1.76 -3.12
0.003596 -1.92 -3.2
0.003598 -1.92 -3.28
0.0036 -2 -3.36
0.003602 -2 -3.44
0.003604 -2.08 -3.52
0.003606 -2.08 -3.52
0.003608 -2.24 -3.6
0.00361 -2.32 -3.68
0.003612 -2.32 -3.76
0.003614 -2.32 -3.76
0.003616 -2.48 -3.84
0.003618 -2.56 -3.92
0.00362 -2.56 -3.92
0.003622 -2.64 -3.92
0.003624 -2.64 -4
0.003626 -2.72 -4.08
0.003628 -2.72 -4.16
0.00363 -2.88 -4.16
0.003632 -2.96 -4.24
0.003634 -3.04 -4.32
0.003636 -3.04 -4.32
0.003638 -3.04 -4.32
0.00364 -3.2 -4.4
0.003642 -3.2 -4.4
0.003644 -3.2 -4.4
0.003646 -3.28 -4.56
0.003648 -3.28 -4.56
0.00365 -3.36 -4.56
0.003652 -3.44 -4.72
0.003654 -3.52 -4.72
0.003656 -3.52 -4.72
0.003658 -3.6 -4.8
0.00366 -3.68 -4.88
0.003662 -3.68 -4.88
0.003664 -3.68 -4.88
0.003666 -3.76 -4.88
0.003668 -3.84 -5.04
0.00367 -3.84 -5.04
0.003672 -3.92 -5.04
0.003674 -4 -5.12
0.003676 -4 -5.12
0.003678 -4 -5.04
0.00368 -4 -5.12
0.003682 -4.16 -5.2
0.003684 -4.16 -5.28
0.003686 -4.16 -5.28
0.003688 -4.24 -5.28
0.00369 -4.32 -5.36
0.003692 -4.32 -5.36
0.003694 -4.32 -5.36
0.003696 -4.48 -5.44
0.003698 -4.4 -5.36
0.0037 -4.48 -5.44
0.003702 -4.48 -5.52
0.003704 -4.48 -5.52
0.003706 -4.56 -5.44
0.003708 -4.64 -5.52
0.00371 -4.64 -5.52
0.003712 -4.64 -5.6
0.003714 -4.64 -5.6
0.003716 -4.72 -5.6
0.003718 -4.8 -5.6
0.00372 -4.8 -5.6
0.003722 -4.8 -5.68
0.003724 -4.88 -5.76
0.003726 -4.88 -5.68
0.003728 -4.96 -5.68
0.00373 -4.96 -5.68
0.003732 -4.96 -5.68
0.003734 -4.96 -5.68
0.003736 -4.96 -5.76
0.003738 -4.96 -5.76
0.00374 -5.04 -5.76
0.003742 -5.04 -5.68
0.003744 -5.12 -5.76
0.003746 -5.12 -5.76
0.003748 -5.12 -5.76
0.00375 -5.12 -5.76
0.003752 -5.12 -5.76
0.003754 -5.2 -5.76
0.003756 -5.2 -5.76
0.003758 -5.2 -5.76
0.00376 -5.2 -5.76
0.003762 -5.2 -5.68
0.003764 -5.28 -5.76
0.003766 -5.28 -5.76
0.003768 -5.28 -5.76
0.00377 -5.28 -5.68
0.003772 -5.28 -5.68
0.003774 -5.28 -5.68
0.003776 -5.28 -5.68
0.003778 -5.28 -5.68
0.00378 -5.28 -5.68
0.003782 -5.28 -5.68
0.003784 -5.28 -5.68
0.003786 -5.28 -5.68
0.003788 -5.28 -5.52
0.00379 -5.28 -5.52
0.003792 -5.28 -5.52
0.003794 -5.36 -5.52
0.003796 -5.28 -5.52
0.003798 -5.28 -5.52
0.0038 -5.28 -5.52
0.003802 -5.28 -5.52
0.003804 -5.28 -5.44
0.003806 -5.28 -5.44
0.003808 -5.28 -5.36
0.00381 -5.28 -5.36
0.003812 -5.28 -5.36
0.003814 -5.28 -5.28
0.003816 -5.28 -5.28
0.003818 -5.2 -5.2
0.00382 -5.2 -5.28
0.003822 -5.28 -5.2
0.003824 -5.2 -5.2
0.003826 -5.2 -5.2
0.003828 -5.2 -5.2
0.00383 -5.2 -5.12
0.003832 -5.12 -5.12
0.003834 -5.12 -5.04
0.003836 -5.12 -5.04
0.003838 -5.12 -4.88
0.00384 -5.12 -4.96
0.003842 -5.12 -4.88
0.003844 -5.04 -4.8
0.003846 -4.96 -4.8
0.003848 -4.96 -4.8
0.00385 -4.96 -4.72
0.003852 -4.96 -4.72
0.003854 -4.88 -4.64
0.003856 -4.96 -4.64
0.003858 -4.96 -4.56
0.00386 -4.88 -4.56
0.003862 -4.88 -4.48
0.003864 -4.88 -4.48
0.003866 -4.8 -4.32
0.003868 -4.8 -4.32
0.00387 -4.64 -4.24
0.003872 -4.64 -4.16
0.003874 -4.64 -4.16
0.003876 -4.56 -4.16
0.003878 -4.56 -4.08
0.00388 -4.56 -4.08
0.003882 -4.48 -4
0.003884 -4.48 -4
0.003886 -4.4 -3.84
0.003888 -4.32 -3.84
0.00389 -4.32 -3.84
0.003892 -4.32 -3.68
0.003894 -4.24 -3.6
0.003896 -4.32 -3.6
0.003898 -4.24 -3.6
0.0039 -4.16 -3.52
0.003902 -4.16 -3.44
0.003904 -4.08 -3.36
0.003906 -4 -3.28
0.003908 -4 -3.2
0.00391 -3.92 -3.2
0.003912 -3.92 -3.12
0.003914 -3.84 -3.04
0.003916 -3.84 -3.04
0.003918 -3.68 -2.96
0.00392 -3.68 -2.88
0.003922 -3.68 -2.8
0.003924 -3.6 -2.88
0.003926 -3.6 -2.72
0.003928 -3.6 -2.64
0.00393 -3.44 -2.56
0.003932 -3.44 -2.48
0.003934 -3.36 -2.4
0.003936 -3.36 -2.32
0.003938 -3.2 -2.32
0.00394 -3.2 -2.32
0.003942 -3.2 -2.16
0.003944 -3.04 -2.16
0.003946 -3.04 -2.08
0.003948 -3.04 -2
0.00395 -2.96 -1.92
0.003952 -2.88 -1.84
0.003954 -2.88 -1.84
0.003956 -2.72 -1.68
0.003958 -2.72 -1.68
0.00396 -2.72 -1.6
0.003962 -2.56 -1.44
0.003964 -2.56 -1.44
0.003966 -2.48 -1.44
0.003968 -2.4 -1.28
0.00397 -2.4 -1.2
0.003972 -2.4 -1.2
0.003974 -2.32 -1.12
0.003976 -2.24 -0.96
0.003978 -2.08 -0.96
0.00398 -2.08 -0.96
0.003982 -2 -0.8
0.003984 -2 -0.72
0.003986 -1.92 -0.64
0.003988 -1.84 -0.64
0.00399 -1.76 -0.56
0.003992 -1.68 -0.48
0.003994 -1.6 -0.48
0.003996 -1.6 -0.32
0.003998 -1.52 -0.24
0.004 -1.44 -0.16
0.004002 -1.44 0
0.004004 -1.36 0.08
0.004006 -1.28 0.08
0.004008 -1.28 0.16
0.00401 -1.12 0.32
0.004012 -1.12 0.32
0.004014 -1.04 0.32
0.004016 -0.96 0.4
0.004018 -0.88 0.56
0.00402 -0.88 0.64
0.004022 -0.8 0.64
0.004024 -0.72 0.72
0.004026 -0.72 0.8
0.004028 -0.64 0.88
0.00403 -0.48 0.96
0.004032 -0.4 1.04
0.004034 -0.4 1.04
0.004036 -0.32 1.12
0.004038 -0.32 1.28
0.00404 -0.16 1.28
0.004042 -0.16 1.28
0.004044 0.08 1.44
0.004046 0.08 1.52
0.004048 0.08 1.6
0.00405 0.24 1.6
0.004052 0.32 1.68
0.004054 0.32 1.76
0.004056 0.4 1.84
0.004058 0.4 1.84
0.00406 0.56 2
0.004062 0.64 2.08
0.004064 0.64 2.08
0.004066 0.72 2.16
0.004068 0.8 2.24
0.00407 0.88 2.32
0.004072 0.96 2.4
0.004074 0.96 2.4
0.004076 1.04 2.56
0.004078 1.04 2.56
0.00408 1.2 2.64
0.004082 1.28 2.72
0.004084 1.36 2.72
0.004086 1.36 2.8
0.004088 1.44 2.96
0.00409 1.52 2.88
0.004092 1.52 2.96
0.004094 1.6 3.04
0.004096 1.6 3.12
0.004098 1.76 3.2
0.0041 1.84 3.28
0.004102 1.92 3.28
0.004104 1.92 3.28
0.004106 2 3.36
0.004108 2 3.44
0.00411 2.16 3.52
0.004112 2.24 3.52
0.004114 2.24 3.6
0.004116 2.32 3.68
0.004118 2.4 3.68
0.00412 2.4 3.84
0.004122 2.48 3.84
0.004124 2.48 3.92
0.004126 2.56 3.92
0.004128 2.56 4
0.00413 2.72 4
0.004132 2.64 4.08
0.004134 2.8 4.08
0.004136 2.88 4.16
0.004138 2.88 4.24
0.00414 2.96 4.24
0.004142 2.96 4.32
0.004144 3.04 4.4
0.004146 3.12 4.32
0.004148 3.2 4.48
0.00415 3.2 4.56
0.004152 3.28 4.48
0.004154 3.28 4.56
0.004156 3.36 4.64
0.004158 3.44 4.72
0.00416 3.44 4.64
0.004162 3.52 4.72
0.004164 3.6 4.8
0.004166 3.6 4.8
0.004168 3.76 4.8
0.00417 3.76 4.88
0.004172 3.76 4.96
0.004174 3.84 4.96
0.004176 3.76 5.04
0.004178 3.84 5.04
0.00418 3.84 5.04
0.004182 3.92 5.04
0.004184 4 5.12
0.004186 3.92 5.12
0.004188 4.08 5.2
0.00419 4.08 5.12
0.004192 4.16 5.28
0.004194 4.16 5.28
0.004196 4.24 5.28
0.004198 4.24 5.28
0.0042 4.24 5.28
0.004202 4.32 5.28
0.004204 4.4 5.28
0.004206 4.4 5.44
0.004208 4.4 5.36
0.00421 4.48 5.36
0.004212 4.48 5.44
0.004214 4.56 5.44
0.004216 4.56 5.44
0.004218 4.56 5.52
0.00422 4.64 5.52
0.004222 4.64 5.44
0.004224 4.72 5.52
0.004226 4.72 5.52
0.004228 4.72 5.52
0.00423 4.8 5.52
0.004232 4.72 5.6
0.004234 4.8 5.6
0.004236 4.8 5.6
0.004238 4.88 5.6
0.00424 4.8 5.6
0.004242 4.88 5.52
0.004244 4.88 5.6
0.004246 4.88 5.6
0.004248 5.04 5.6
0.00425 5.04 5.6
0.004252 4.96 5.6
0.004254 5.04 5.68
0.004256 5.04 5.6
0.004258 5.04 5.6
0.00426 5.04 5.6
0.004262 5.04 5.6
0.004264 5.04 5.6
0.004266 5.04 5.6
0.004268 5.12 5.6
0.00427 5.04 5.52
0.004272 5.12 5.52
0.004274 5.12 5.6
0.004276 5.12 5.6
0.004278 5.12 5.52
0.00428 5.12 5.52
0.004282 5.12 5.52
0.004284 5.12 5.44
0.004286 5.2 5.44
0.004288 5.12 5.52
0.00429 5.12 5.44
0.004292 5.12 5.44
0.004294 5.12 5.44
0.004296 5.12 5.44
0.004298 5.12 5.36
0.0043 5.12 5.36
0.004302 5.12 5.36
0.004304 5.2 5.28
0.004306 5.12 5.28
0.004308 5.12 5.28
0.00431 5.04 5.28
0.004312 5.04 5.2
0.004314 5.12 5.2
0.004316 5.04 5.2
0.004318 5.04 5.12
0.00432 5.04 5.12
0.004322 5.04 5.12
0.004324 5.04 5.12
0.004326 5.04 5.04
0.004328 5.04 4.96
0.00433 5.04 5.04
0.004332 5.04 4.96
0.004334 5.04 4.88
0.004336 4.96 4.88
0.004338 4.88 4.88
0.00434 4.88 4.8
0.004342 4.88 4.72
0.004344 4.88 4.8
0.004346 4.88 4.72
0.004348 4.8 4.64
0.00435 4.8 4.64
0.004352 4.72 4.64
0.004354 4.72 4.48
0.004356 4.8 4.48
0.004358 4.72 4.48
0.00436 4.72 4.32
0.004362 4.72 4.32
0.004364 4.64 4.24
0.004366 4.56 4.24
0.004368 4.56 4.24
0.00437 4.56 4.24
0.004372 4.48 4.16
0.004374 4.48 4
0.004376 4.48 4
0.004378 4.4 3.92
0.00438 4.4 3.92
0.004382 4.24 3.84
0.004384 4.32 3.84
0.004386 4.24 3.84
0.004388 4.16 3.68
0.00439 4.16 3.68
0.004392 4.16 3.6
0.004394 4.16 3.52
0.004396 4.08 3.52
0.004398 4 3.36
0.0044 4 3.36
0.004402 3.92 3.28
0.004404 3.92 3.28
0.004406 3.84 3.2
0.004408 3.76 3.2
0.00441 3.76 3.04
0.004412 3.76 3.04
0.004414 3.76 2.96
0.004416 3.6 2.88
0.004418 3.6 2.8
0.00442 3.52 2.8
0.004422 3.52 2.72
0.004424 3.44 2.64
0.004426 3.44 2.64
0.004428 3.36 2.56
0.00443 3.28 2.48
0.004432 3.28 2.4
0.004434 3.2 2.32
0.004436 3.12 2.24
0.004438 3.12 2.16
0.00444 3.04 2.16
0.004442 2.96 2.08
0.004444 2.88 2
0.004446 2.88 1.92
0.004448 2.8 1.84
0.00445 2.8 1.76
0.004452 2.8 1.68
0.004454 2.64 1.68
0.004456 2.56 1.6
0.004458 2.48 1.52
0.00446 2.48 1.44
0.004462 2.48 1.36
0.004464 2.32 1.36
0.004466 2.32 1.28
0.004468 2.32 1.2
0.00447 2.16 1.12
0.004472 2.16 1.04
0.004474 2.16 0.96
0.004476 2 0.96
0.004478 2 0.8
0.00448 1.92 0.72
0.004482 1.84 0.8
0.004484 1.84 0.64
0.004486 1.68 0.56
0.004488 1.68 0.48
0.00449 1.6 0.4
0.004492 1.52 0.32
0.004494 1.52 0.32
0.004496 1.36 0.16
0.004498 1.36 0.16
0.0045 1.28 0
0.004502 1.28 0.08
0.004504 1.2 -0.16
0.004506 1.2 -0.24
0.004508 1.04 -0.32
0.00451 1.04 -0.32
0.004512 0.88 -0.4
0.004514 0.88 -0.48
0.004516 0.88 -0.64
0.004518 0.72 -0.56
0.00452 0.72 -0.72
0.004522 0.56 -0.88
0.004524 0.56 -0.88
0.004526 0.56 -0.88
0.004528 0.4 -1.04
0.00453 0.32 -1.04
0.004532 0.24 -1.2
0.004534 0.24 -1.2
0.004536 0.08 -1.28
0.004538 0.08 -1.36
0.00454 0 -1.36
0.004542 -0.16 -1.52
0.004544 -0.16 -1.52
0.004546 -0.24 -1.6
0.004548 -0.32 -1.68
0.00455 -0.32 -1.84
0.004552 -0.48 -1.84
0.004554 -0.48 -1.92
0.004556 -0.56 -1.92
0.004558 -0.64 -2
0.00456 -0.72 -2.08
0.004562 -0.8 -2.16
0.004564 -0.8 -2.32
0.004566 -0.96 -2.24
0.004568 -1.04 -2.32
0.00457 -1.04 -2.4
0.004572 -1.12 -2.48
0.004574 -1.12 -2.48
0.004576 -1.28 -2.64
0.004578 -1.28 -2.72
0.00458 -1.36 -2.8
0.004582 -1.44 -2.8
0.004584 -1.44 -2.96
0.004586 -1.6 -2.96
0.004588 -1.6 -2.96
0.00459 -1.68 -3.04
0.004592 -1.76 -3.2
0.004594 -1.76 -3.12
0.004596 -1.92 -3.2
0.004598 -1.92 -3.28
0.0046 -2 -3.28
0.004602 -2.08 -3.44
0.004604 -2.08 -3.52
0.004606 -2.24 -3.6
0.004608 -2.24 -3.52
0.00461 -2.24 -3.68
0.004612 -2.32 -3.76
0.004614 -2.4 -3.68
0.004616 -2.48 -3.76
0.004618 -2.56 -3.92
0.00462 -2.56 -3.92
0.004622 -2.64 -3.92
0.004624 -2.64 -4
0.004626 -2.72 -4.08
0.004628 -2.72 -4.08
0.00463 -2.88 -4.16
0.004632 -2.96 -4.24
0.004634 -2.96 -4.32
0.004636 -2.96 -4.24
0.004638 -3.04 -4.32
0.00464 -3.12 -4.4
0.004642 -3.2 -4.48
0.004644 -3.28 -4.56
0.004646 -3.28 -4.56
0.004648 -3.36 -4.64
0.00465 -3.36 -4.56
0.004652 -3.52 -4.72
0.004654 -3.52 -4.72
0.004656 -3.52 -4.72
0.004658 -3.6 -4.8
0.00466 -3.68 -4.88
0.004662 -3.68 -4.88
0.004664 -3.68 -4.88
0.004666 -3.76 -4.96
0.004668 -3.84 -5.04
0.00467 -3.84 -4.96
0.004672 -3.92 -5.04
0.004674 -4 -5.12
0.004676 -4 -5.12
0.004678 -4 -5.12
0.00468 -4 -5.2
0.004682 -4.08 -5.2
0.004684 -4.24 -5.2
0.004686 -4.24 -5.28
0.004688 -4.24 -5.36
0.00469 -4.32 -5.36
0.004692 -4.32 -5.36
0.004694 -4.32 -5.36
0.004696 -4.32 -5.44
0.004698 -4.4 -5.36
0.0047 -4.48 -5.44
0.004702 -4.48 -5.44
0.004704 -4.56 -5.52
0.004706 -4.56 -5.52
0.004708 -4.56 -5.52
0.00471 -4.64 -5.52
0.004712 -4.64 -5.52
0.004714 -4.64 -5.52
0.004716 -4.64 -5.6
0.004718 -4.8 -5.6
0.00472 -4.8 -5.52
0.004722 -4.8 -5.68
0.004724 -4.8 -5.68
0.004726 -4.88 -5.68
0.004728 -4.88 -5.68
0.00473 -4.88 -5.68
0.004732 -4.96 -5.68
0.004734 -4.96 -5.68
0.004736 -4.96 -5.76
0.004738 -5.04 -5.76
0.00474 -5.04 -5.76
0.004742 -5.04 -5.76
0.004744 -5.12 -5.76
0.004746 -5.12 -5.76
0.004748 -5.12 -5.68
0.00475 -5.12 -5.76
0.004752 -5.12 -5.68
0.004754 -5.2 -5.76
0.004756 -5.2 -5.76
0.004758 -5.12 -5.76
0.00476 -5.2 -5.76
0.004762 -5.2 -5.76
0.004764 -5.28 -5.76
0.004766 -5.28 -5.76
0.004768 -5.28 -5.6
0.00477 -5.28 -5.68
0.004772 -5.28 -5.76
0.004774 -5.28 -5.68
0.004776 -5.28 -5.68
0.004778 -5.28 -5.68
0.00478 -5.28 -5.68
0.004782 -5.28 -5.68
0.004784 -5.28 -5.68
0.004786 -5.28 -5.6
0.004788 -5.28 -5.6
0.00479 -5.28 -5.52
0.004792 -5.28 -5.52
0.004794 -5.28 -5.52
0.004796 -5.28 -5.44
0.004798 -5.28 -5.6
0.0048 -5.28 -5.52
0.004802 -5.28 -5.44
0.004804 -5.28 -5.44
0.004806 -5.28 -5.44
0.004808 -5.28 -5.36
0.00481 -5.28 -5.36
0.004812 -5.28 -5.36
0.004814 -5.28 -5.36
0.004816 -5.28 -5.28
0.004818 -5.28 -5.36
0.00482 -5.28 -5.28
0.004822 -5.2 -5.2
0.004824 -5.2 -5.2
0.004826 -5.2 -5.12
0.004828 -5.2 -5.12
0.00483 -5.2 -5.12
0.004832 -5.12 -5.04
0.004834 -5.12 -5.04
0.004836 -5.12 -4.96
0.004838 -5.12 -4.96
0.00484 -5.12 -4.88
0.004842 -5.12 -4.88
0.004844 -4.96 -4.8
0.004846 -4.96 -4.8
0.004848 -4.96 -4.8
0.00485 -4.96 -4.72
0.004852 -4.96 -4.64
0.004854 -4.96 -4.64
0.004856 -4.96 -4.64
0.004858 -4.88 -4.56
0.00486 -4.88 -4.56
0.004862 -4.88 -4.48
0.004864 -4.8 -4.4
0.004866 -4.8 -4.32
0.004868 -4.72 -4.32
0.00487 -4.72 -4.24
0.004872 -4.64 -4.16
0.004874 -4.64 -4.24
0.004876 -4.64 -4.16
0.004878 -4.56 -4.08
0.00488 -4.56 -4
0.004882 -4.48 -4
0.004884 -4.48 -3.92
0.004886 -4.48 -3.84
0.004888 -4.32 -3.92
0.00489 -4.32 -3.76
0.004892 -4.32 -3.76
0.004894 -4.32 -3.68
0.004896 -4.24 -3.6
0.004898 -4.16 -3.6
0.0049 -4.16 -3.52
0.004902 -4.16 -3.44
0.004904 -4 -3.44
0.004906 -4 -3.28
0.004908 -4 -3.2
0.00491 -3.92 -3.2
0.004912 -3.92 -3.12
0.004914 -3.84 -3.12
0.004916 -3.84 -3.04
0.004918 -3.84 -3.04
0.00492 -3.68 -2.88
0.004922 -3.68 -2.8
0.004924 -3.68 -2.8
0.004926 -3.6 -2.72
0.004928 -3.6 -2.64
0.00493 -3.52 -2.64
0.004932 -3.36 -2.56
0.004934 -3.36 -2.48
0.004936 -3.28 -2.4
0.004938 -3.28 -2.32
0.00494 -3.2 -2.24
0.004942 -3.2 -2.16
0.004944 -3.04 -2.08
0.004946 -3.04 -2
0.004948 -3.04 -1.92
0.00495 -2.96 -1.92
0.004952 -2.88 -1.84
0.004954 -2.8 -1.76
0.004956 -2.72 -1.68
0.004958 -2.72 -1.68
0.00496 -2.72 -1.6
0.004962 -2.64 -1.52
0.004964 -2.56 -1.36
0.004966 -2.48 -1.36
0.004968 -2.4 -1.36
0.00497 -2.4 -1.28
0.004972 -2.4 -1.2
0.004974 -2.32 -1.12
0.004976 -2.24 -1.04
0.004978 -2.08 -0.96
0.00498 -2.08 -0.88
0.004982 -2.08 -0.8
0.004984 -2 -0.72
0.004986 -1.92 -0.64
0.004988 -1.84 -0.64
0.00499 -1.76 -0.48
0.004992 -1.76 -0.48
0.004994 -1.68 -0.4
0.004996 -1.6 -0.32
0.004998 -1.6 -0.24
0.005 -1.44 -0.16
0.005002 -1.44 0
0.005004 -1.36 0.08
0.005006 -1.36 0.08
0.005008 -1.28 0.16
0.00501 -1.12 0.24
0.005012 -1.12 0.32
0.005014 -1.12 0.32
0.005016 -1.04 0.48
0.005018 -0.96 0.48
0.00502 -0.88 0.56
0.005022 -0.8 0.72
0.005024 -0.72 0.72
0.005026 -0.64 0.8
0.005028 -0.64 0.88
0.00503 -0.48 0.88
0.005032 -0.48 1.04
0.005034 -0.48 1.04
0.005036 -0.32 1.12
0.005038 -0.16 1.28
0.00504 -0.16 1.28
0.005042 -0.16 1.36
0.005044 0 1.36
0.005046 0.08 1.44
0.005048 0.24 1.52
0.00505 0.24 1.6
0.005052 0.24 1.68
0.005054 0.32 1.76
0.005056 0.4 1.76
0.005058 0.48 1.92
0.00506 0.56 2
0.005062 0.64 2.08
0.005064 0.64 2.16
0.005066 0.8 2.24
0.005068 0.8 2.24
0.00507 0.88 2.24
0.005072 0.96 2.32
0.005074 0.96 2.48
0.005076 1.04 2.48
0.005078 1.12 2.56
0.00508 1.2 2.64
0.005082 1.2 2.72
0.005084 1.36 2.72
0.005086 1.36 2.88
0.005088 1.44 2.88
0.00509 1.52 2.96
0.005092 1.52 2.96
0.005094 1.6 3.12
0.005096 1.68 3.12
0.005098 1.68 3.2
0.0051 1.76 3.28
0.005102 1.84 3.28
0.005104 1.92 3.36
0.005106 2 3.36
0.005108 2 3.44
0.00511 2.16 3.52
0.005112 2.16 3.52
0.005114 2.24 3.6
0.005116 2.32 3.68
0.005118 2.32 3.76
0.00512 2.4 3.84
0.005122 2.48 3.92
0.005124 2.48 3.84
0.005126 2.56 3.92
0.005128 2.64 4
0.00513 2.64 4
0.005132 2.8 4.08
0.005134 2.8 4.16
0.005136 2.88 4.24
0.005138 2.88 4.24
0.00514 2.96 4.24
0.005142 3.04 4.32
0.005144 3.12 4.32
0.005146 3.2 4.4
0.005148 3.12 4.48
0.00515 3.28 4.56
0.005152 3.28 4.56
0.005154 3.28 4.64
0.005156 3.44 4.64
0.005158 3.44 4.64
0.00516 3.52 4.72
0.005162 3.52 4.8
0.005164 3.52 4.8
0.005166 3.6 4.8
0.005168 3.6 4.8
0.00517 3.76 4.96
0.005172 3.76 4.96
0.005174 3.76 4.96
0.005176 3.84 5.04
0.005178 3.84 5.12
0.00518 3.92 5.04
0.005182 3.92 5.04
0.005184 4.08 5.12
0.005186 4.08 5.12
0.005188 4.08 5.12
0.00519 4.08 5.2
0.005192 4.16 5.2
0.005194 4.16 5.2
0.005196 4.24 5.28
0.005198 4.24 5.28
0.0052 4.32 5.28
0.005202 4.24 5.28
0.005204 4.4 5.36
0.005206 4.4 5.44
0.005208 4.4 5.44
0.00521 4.48 5.44
0.005212 4.48 5.44
0.005214 4.56 5.44
0.005216 4.56 5.44
0.005218 4.64 5.52
0.00522 4.64 5.44
0.005222 4.72 5.52
0.005224 4.72 5.52
0.005226 4.72 5.6
0.005228 4.72 5.52
0.00523 4.8 5.52
0.005232 4.8 5.52
0.005234 4.8 5.6
0.005236 4.88 5.52
0.005238 4.8 5.6
0.00524 4.88 5.6
0.005242 4.88 5.6
0.005244 4.88 5.6
0.005246 4.96 5.6
0.005248 4.96 5.6
0.00525 4.88 5.6
0.005252 5.04 5.68
0.005254 5.04 5.68
0.005256 5.04 5.52
0.005258 5.04 5.6
0.00526 5.04 5.6
0.005262 5.04 5.6
0.005264 5.04 5.52
0.005266 5.04 5.6
0.005268 5.12 5.6
0.00527 5.12 5.6
0.005272 5.12 5.52
0.005274 5.04 5.6
0.005276 5.12 5.52
0.005278 5.12 5.52
0.00528 5.12 5.52
0.005282 5.2 5.52
0.005284 5.12 5.44
0.005286 5.12 5.52
0.005288 5.12 5.52
0.00529 5.12 5.44
0.005292 5.12 5.44
0.005294 5.2 5.44
0.005296 5.12 5.36
0.005298 5.12 5.36
0.0053 5.12 5.28
0.005302 5.12 5.36
0.005304 5.12 5.28
0.005306 5.12 5.28
0.005308 5.12 5.28
0.00531 5.12 5.28
0.005312 5.04 5.2
0.005314 5.04 5.2
0.005316 5.04 5.2
0.005318 5.12 5.12
0.00532 5.12 5.12
0.005322 5.04 5.12
0.005324 5.04 5.12
0.005326 5.04 4.96
0.005328 5.04 5.04
0.00533 5.04 4.96
0.005332 5.04 4.88
0.005334 4.96 4.88
0.005336 4.96 4.88
0.005338 4.96 4.8
0.00534 4.88 4.8
0.005342 4.88 4.72
0.005344 4.88 4.72
0.005346 4.8 4.64
0.005348 4.8 4.64
0.00535 4.8 4.64
0.005352 4.8 4.56
0.005354 4.72 4.48
0.005356 4.72 4.4
0.005358 4.72 4.4
0.00536 4.72 4.4
0.005362 4.72 4.32
0.005364 4.72 4.32
0.005366 4.64 4.24
0.005368 4.56 4.16
0.00537 4.56 4.16
0.005372 4.48 4.16
0.005374 4.48 4
0.005376 4.4 4
0.005378 4.48 4
0.00538 4.4 3.92
0.005382 4.32 3.84
0.005384 4.32 3.84
0.005386 4.24 3.76
0.005388 4.16 3.68
0.00539 4.16 3.68
0.005392 4.16 3.68
0.005394 4.08 3.52
0.005396 4.08 3.44
0.005398 4 3.44
0.0054 4.08 3.36
0.005402 3.92 3.28
0.005404 3.84 3.28
0.005406 3.84 3.28
0.005408 3.76 3.12
0.00541 3.76 2.96
0.005412 3.76 3.04
0.005414 3.76 2.96
0.005416 3.68 2.88
0.005418 3.6 2.88
0.00542 3.6 2.8
0.005422 3.52 2.72
0.005424 3.44 2.64
0.005426 3.44 2.56
0.005428 3.36 2.56
0.00543 3.36 2.4
0.005432 3.28 2.4
0.005434 3.2 2.4
0.005436 3.2 2.24
0.005438 3.12 2.24
0.00544 3.04 2.16
0.005442 2.96 2.08
0.005444 2.88 2
0.005446 2.88 2
0.005448 2.88 1.92
0.00545 2.8 1.76
0.005452 2.8 1.76
0.005454 2.64 1.6
0.005456 2.56 1.6
0.005458 2.56 1.44
0.00546 2.56 1.52
0.005462 2.48 1.36
0.005464 2.4 1.28
0.005466 2.32 1.2
0.005468 2.32 1.12
0.00547 2.16 1.04
0.005472 2.16 1.04
0.005474 2.08 0.96
0.005476 2.08 0.96
0.005478 2 0.88
0.00548 1.92 0.8
0.005482 1.84 0.72
0.005484 1.84 0.64
0.005486 1.68 0.48
0.005488 1.68 0.4
0.00549 1.6 0.4
0.005492 1.52 0.32
0.005494 1.52 0.32
0.005496 1.44 0.24
0.005498 1.36 0.08
0.0055 1.28 0.08
0.005502 1.2 0
0.005504 1.2 0
0.005506 1.12 -0.24
0.005508 1.04 -0.32
0.00551 1.04 -0.4
0.005512 0.96 -0.4
0.005514 0.88 -0.56
0.005516 0.88 -0.56
0.005518 0.8 -0.64
0.00552 0.64 -0.72
0.005522 0.64 -0.8
0.005524 0.56 -0.8
0.005526 0.4 -1.04
0.005528 0.48 -1.04
0.00553 0.32 -1.04
0.005532 0.24 -1.04
0.005534 0.24 -1.2
0.005536 0.24 -1.28
0.005538 0.08 -1.36
0.00554 0.08 -1.44
0.005542 -0.16 -1.52
0.005544 -0.16 -1.52
0.005546 -0.16 -1.6
0.005548 -0.32 -1.68
0.00555 -0.4 -1.76
0.005552 -0.48 -1.76
0.005554 -0.48 -1.92
0.005556 -0.56 -2
0.005558 -0.64 -2
0.00556 -0.72 -2
0.005562 -0.8 -2.24
0.005564 -0.8 -2.24
0.005566 -0.88 -2.32
0.005568 -0.96 -2.4
0.00557 -1.04 -2.48
0.005572 -1.12 -2.48
0.005574 -1.12 -2.56
0.005576 -1.28 -2.64
0.005578 -1.28 -2.72
0.00558 -1.36 -2.72
0.005582 -1.44 -2.88
0.005584 -1.44 -2.88
0.005586 -1.6 -2.88
0.005588 -1.6 -2.96
0.00559 -1.6 -3.04
0.005592 -1.68 -3.12
0.005594 -1.76 -3.2
0.005596 -1.76 -3.28
0.005598 -1.92 -3.36
0.0056 -1.92 -3.28
0.005602 -2 -3.44
0.005604 -2.08 -3.52
0.005606 -2.08 -3.52
0.005608 -2.24 -3.6
0.00561 -2.32 -3.6
0.005612 -2.32 -3.68
0.005614 -2.4 -3.76
0.005616 -2.4 -3.76
0.005618 -2.4 -3.92
0.00562 -2.56 -3.92
0.005622 -2.64 -3.92
0.005624 -2.72 -4.08
0.005626 -2.72 -4.08
0.005628 -2.88 -4.08
0.00563 -2.88 -4.08
0.005632 -2.88 -4.24
0.005634 -2.96 -4.24
0.005636 -3.04 -4.24
0.005638 -3.04 -4.4
0.00564 -3.12 -4.48
0.005642 -3.2 -4.4
0.005644 -3.2 -4.56
0.005646 -3.28 -4.56
0.005648 -3.36 -4.56
0.00565 -3.36 -4.64
0.005652 -3.36 -4.64
0.005654 -3.52 -4.72
0.005656 -3.52 -4.72
0.005658 -3.6 -4.8
0.00566 -3.68 -4.8
0.005662 -3.68 -4.8
0.005664 -3.68 -4.88
0.005666 -3.76 -4.88
0.005668 -3.84 -4.96
0.00567 -3.84 -5.04
0.005672 -3.92 -5.12
0.005674 -3.92 -5.12
0.005676 -4 -5.12
0.005678 -4 -5.12
0.00568 -4.08 -5.2
0.005682 -4.16 -5.2
0.005684 -4.16 -5.2
0.005686 -4.24 -5.2
0.005688 -4.24 -5.36
0.00569 -4.32 -5.2
0.005692 -4.32 -5.28
0.005694 -4.32 -5.36
0.005696 -4.4 -5.36
0.005698 -4.48 -5.36
0.0057 -4.48 -5.52
0.005702 -4.48 -5.52
0.005704 -4.56 -5.44
0.005706 -4.56 -5.52
0.005708 -4.64 -5.52
0.00571 -4.64 -5.52
0.005712 -4.64 -5.52
0.005714 -4.64 -5.6
0.005716 -4.8 -5.6
0.005718 -4.8 -5.6
0.00572 -4.8 -5.6
0.005722 -4.8 -5.68
0.005724 -4.88 -5.6
0.005726 -4.88 -5.68
0.005728 -4.96 -5.68
0.00573 -4.88 -5.68
0.005732 -4.96 -5.68
0.005734 -4.96 -5.68
0.005736 -4.96 -5.76
0.005738 -5.04 -5.76
0.00574 -4.96 -5.68
0.005742 -4.96 -5.76
0.005744 -5.12 -5.76
0.005746 -5.12 -5.68
0.005748 -5.12 -5.76
0.00575 -5.2 -5.76
0.005752 -5.2 -5.76
0.005754 -5.2 -5.76
0.005756 -5.2 -5.76
0.005758 -5.2 -5.76
0.00576 -5.2 -5.76
0.005762 -5.2 -5.76
0.005764 -5.2 -5.76
0.005766 -5.28 -5.68
0.005768 -5.28 -5.68
0.00577 -5.28 -5.68
0.005772 -5.28 -5.68
0.005774 -5.28 -5.68
0.005776 -5.28 -5.68
0.005778 -5.28 -5.68
0.00578 -5.28 -5.68
0.005782 -5.28 -5.68
0.005784 -5.28 -5.68
0.005786 -5.28 -5.52
0.005788 -5.28 -5.52
0.00579 -5.28 -5.52
0.005792 -5.28 -5.6
0.005794 -5.28 -5.52
0.005796 -5.28 -5.52
0.005798 -5.28 -5.52
0.0058 -5.28 -5.44
0.005802 -5.28 -5.44
0.005804 -5.28 -5.44
0.005806 -5.28 -5.44
0.005808 -5.28 -5.44
0.00581 -5.28 -5.36
0.005812 -5.2 -5.44
0.005814 -5.28 -5.36
0.005816 -5.28 -5.28
0.005818 -5.28 -5.28
0.00582 -5.28 -5.28
0.005822 -5.2 -5.2
0.005824 -5.2 -5.2
0.005826 -5.2 -5.12
0.005828 -5.2 -5.12
0.00583 -5.2 -5.04
0.005832 -5.12 -5.12
0.005834 -5.12 -5.04
0.005836 -5.12 -4.96
0.005838 -5.12 -4.96
0.00584 -5.12 -4.96
0.005842 -5.12 -4.8
0.005844 -5.04 -4.8
0.005846 -4.96 -4.8
0.005848 -4.96 -4.8
0.00585 -4.96 -4.72
0.005852 -4.96 -4.72
0.005854 -4.88 -4.64
0.005856 -4.88 -4.56
0.005858 -4.88 -4.48
0.00586 -4.88 -4.48
0.005862 -4.88 -4.48
0.005864 -4.8 -4.4
0.005866 -4.8 -4.4
0.005868 -4.8 -4.4
0.00587 -4.64 -4.24
0.005872 -4.64 -4.24
0.005874 -4.64 -4.16
0.005876 -4.64 -4.16
0.005878 -4.56 -4.08
0.00588 -4.56 -4
0.005882 -4.48 -4
0.005884 -4.48 -3.92
0.005886 -4.48 -3.84
0.005888 -4.32 -3.84
0.00589 -4.32 -3.76
0.005892 -4.32 -3.68
0.005894 -4.24 -3.68
0.005896 -4.24 -3.6
0.005898 -4.16 -3.52
0.0059 -4.16 -3.52
0.005902 -4.16 -3.44
0.005904 -4.08 -3.44
0.005906 -4 -3.28
0.005908 -4 -3.28
0.00591 -3.92 -3.2
0.005912 -3.92 -3.12
0.005914 -3.84 -3.04
0.005916 -3.84 -3.04
0.005918 -3.76 -2.96
0.00592 -3.68 -2.88
0.005922 -3.68 -2.8
0.005924 -3.6 -2.8
0.005926 -3.6 -2.64
0.005928 -3.52 -2.64
0.00593 -3.52 -2.64
0.005932 -3.36 -2.56
0.005934 -3.36 -2.4
0.005936 -3.28 -2.32
0.005938 -3.28 -2.32
0.00594 -3.2 -2.24
0.005942 -3.2 -2.16
0.005944 -3.2 -2.16
0.005946 -3.04 -2
0.005948 -3.04 -2
0.00595 -2.96 -1.92
0.005952 -2.88 -1.92
0.005954 -2.8 -1.76
0.005956 -2.72 -1.76
0.005958 -2.72 -1.68
0.00596 -2.72 -1.6
0.005962 -2.64 -1.44
0.005964 -2.56 -1.44
0.005966 -2.48 -1.36
0.005968 -2.4 -1.28
0.00597 -2.4 -1.28
0.005972 -2.32 -1.2
0.005974 -2.24 -1.04
0.005976 -2.24 -1.04
0.005978 -2.08 -1.04
0.00598 -2.08 -0.88
0.005982 -2 -0.8
0.005984 -2 -0.72
0.005986 -1.92 -0.64
0.005988 -1.84 -0.56
0.00599 -1.76 -0.56
0.005992 -1.76 -0.48
0.005994 -1.68 -0.32
0.005996 -1.6 -0.32
0.005998 -1.52 -0.24
0.006 -1.44 -0.16
0.006002 -1.44 0
0.006004 -1.36 0
0.006006 -1.28 0.08
0.006008 -1.28 0.08
0.00601 -1.12 0.32
0.006012 -1.12 0.32
0.006014 -1.04 0.4
0.006016 -0.96 0.48
0.006018 -0.96 0.64
0.00602 -0.8 0.56
0.006022 -0.72 0.64
0.006024 -0.72 0.72
0.006026 -0.64 0.8
0.006028 -0.64 0.8
0.00603 -0.48 0.96
0.006032 -0.48 1.04
0.006034 -0.4 1.12
0.006036 -0.32 1.12
0.006038 -0.24 1.2
0.00604 -0.16 1.28
0.006042 0 1.36
0.006044 0 1.44
0.006046 0.08 1.44
0.006048 0.08 1.6
0.00605 0.24 1.6
0.006052 0.24 1.68
0.006054 0.32 1.68
0.006056 0.4 1.84
0.006058 0.4 1.92
0.00606 0.56 1.92
0.006062 0.64 2
0.006064 0.64 2.08
0.006066 0.72 2.16
0.006068 0.72 2.24
0.00607 0.88 2.32
0.006072 0.96 2.4
0.006074 0.96 2.4
0.006076 1.04 2.48
0.006078 1.12 2.56
0.00608 1.2 2.64
0.006082 1.2 2.64
0.006084 1.28 2.72
0.006086 1.28 2.88
0.006088 1.44 2.88
0.00609 1.52 2.88
0.006092 1.52 3.04
0.006094 1.6 3.04
0.006096 1.6 3.2
0.006098 1.68 3.2
0.0061 1.84 3.28
0.006102 1.84 3.28
0.006104 1.92 3.28
0.006106 2 3.36
0.006108 2.08 3.44
0.00611 2.16 3.52
0.006112 2.16 3.6
0.006114 2.16 3.68
0.006116 2.24 3.68
0.006118 2.32 3.68
0.00612 2.48 3.84
0.006122 2.48 3.84
0.006124 2.48 3.84
0.006126 2.56 3.92
0.006128 2.56 4
0.00613 2.64 4.08
0.006132 2.8 4.16
0.006134 2.8 4.16
0.006136 2.8 4.24
0.006138 2.88 4.16
0.00614 2.96 4.24
0.006142 2.96 4.32
0.006144 3.12 4.32
0.006146 3.12 4.4
0.006148 3.2 4.56
0.00615 3.2 4.48
0.006152 3.28 4.56
0.006154 3.28 4.56
0.006156 3.36 4.72
0.006158 3.44 4.64
0.00616 3.44 4.64
0.006162 3.52 4.72
0.006164 3.52 4.8
0.006166 3.6 4.8
0.006168 3.68 4.88
0.00617 3.76 4.88
0.006172 3.76 4.88
0.006174 3.76 4.96
0.006176 3.84 4.96
0.006178 3.84 4.96
0.00618 3.92 4.96
0.006182 3.92 5.12
0.006184 4 5.12
0.006186 4.08 5.12
0.006188 4.08 5.2
0.00619 4.08 5.2
0.006192 4.16 5.2
0.006194 4.16 5.2
0.006196 4.24 5.2
0.006198 4.24 5.28
0.0062 4.32 5.28
0.006202 4.32 5.36
0.006204 4.4 5.36
0.006206 4.4 5.44
0.006208 4.48 5.44
0.00621 4.56 5.44
0.006212 4.56 5.44
0.006214 4.48 5.44
0.006216 4.56 5.44
0.006218 4.56 5.52
0.00622 4.56 5.44
0.006222 4.64 5.44
0.006224 4.72 5.52
0.006226 4.72 5.6
0.006228 4.72 5.52
0.00623 4.8 5.6
0.006232 4.8 5.6
0.006234 4.8 5.52
0.006236 4.8 5.52
0.006238 4.88 5.6
0.00624 4.88 5.6
0.006242 4.88 5.6
0.006244 4.88 5.6
0.006246 4.96 5.6
0.006248 4.96 5.6
0.00625 5.04 5.6
0.006252 5.04 5.68
0.006254 5.04 5.6
0.006256 5.04 5.6
0.006258 5.04 5.6
0.00626 5.04 5.68
0.006262 5.04 5.6
0.006264 5.04 5.6
0.006266 5.12 5.6
0.006268 5.04 5.6
0.00627 5.12 5.6
0.006272 5.12 5.6
0.006274 5.12 5.6
0.006276 5.12 5.52
0.006278 5.12 5.52
0.00628 5.12 5.52
0.006282 5.12 5.52
0.006284 5.12 5.52
0.006286 5.12 5.52
0.006288 5.12 5.52
0.00629 5.12 5.44
0.006292 5.12 5.44
0.006294 5.2 5.44
0.006296 5.12 5.44
0.006298 5.12 5.36
0.0063 5.12 5.44
0.006302 5.12 5.36
0.006304 5.12 5.28
0.006306 5.12 5.28
0.006308 5.12 5.28
0.00631 5.12 5.2
0.006312 5.04 5.2
0.006314 5.12 5.2
0.006316 5.12 5.2
0.006318 5.12 5.12
0.00632 5.04 5.12
0.006322 5.04 5.12
0.006324 5.04 5.04
0.006326 5.04 4.96
0.006328 5.04 4.96
0.00633 5.04 4.96
0.006332 5.04 4.88
0.006334 5.04 4.88
0.006336 4.88 4.88
0.006338 4.88 4.8
0.00634 4.88 4.8
0.006342 4.88 4.8
0.006344 4.88 4.8
0.006346 4.88 4.64
0.006348 4.88 4.64
0.00635 4.88 4.64
0.006352 4.8 4.56
0.006354 4.8 4.48
0.006356 4.72 4.48
0.006358 4.72 4.4
0.00636 4.72 4.4
0.006362 4.72 4.32
0.006364 4.64 4.32
0.006366 4.56 4.24
0.006368 4.56 4.24
0.00637 4.56 4.24
0.006372 4.56 4.16
0.006374 4.48 4
0.006376 4.48 4
0.006378 4.4 3.92
0.00638 4.4 3.92
0.006382 4.4 3.84
0.006384 4.32 3.84
0.006386 4.24 3.76
0.006388 4.24 3.68
0.00639 4.24 3.6
0.006392 4.08 3.6
0.006394 4.08 3.52
0.006396 4.08 3.44
0.006398 4.08 3.44
0.0064 4.08 3.36
0.006402 3.92 3.28
0.006404 3.84 3.2
0.006406 3.84 3.2
0.006408 3.76 3.04
0.00641 3.84 3.04
0.006412 3.76 3.04
0.006414 3.76 2.96
0.006416 3.76 2.88
0.006418 3.6 2.88
0.00642 3.6 2.8
0.006422 3.52 2.72
0.006424 3.44 2.64
0.006426 3.44 2.64
0.006428 3.44 2.4
0.00643 3.28 2.4
0.006432 3.28 2.4
0.006434 3.2 2.32
0.006436 3.12 2.24
0.006438 3.12 2.24
0.00644 3.12 2.16
0.006442 2.96 2
0.006444 2.96 2
0.006446 2.88 1.92
0.006448 2.88 1.92
0.00645 2.8 1.76
0.006452 2.8 1.68
0.006454 2.72 1.68
0.006456 2.64 1.6
0.006458 2.56 1.52
0.00646 2.48 1.44
0.006462 2.48 1.36
0.006464 2.4 1.28
0.006466 2.32 1.2
0.006468 2.24 1.2
0.00647 2.24 1.12
0.006472 2.16 0.96
0.006474 2.16 1.04
0.006476 2 0.96
0.006478 2 0.8
0.00648 1.92 0.72
0.006482 1.84 0.72
0.006484 1.84 0.56
0.006486 1.68 0.48
0.006488 1.68 0.4
0.00649 1.6 0.4
0.006492 1.52 0.32
0.006494 1.52 0.32
0.006496 1.36 0.24
0.006498 1.36 0.08
0.0065 1.28 0.08
0.006502 1.2 0
0.006504 1.2 -0.24
0.006506 1.2 -0.32
0.006508 1.04 -0.24
0.00651 0.96 -0.32
0.006512 0.96 -0.4
0.006514 0.88 -0.48
0.006516 0.88 -0.56
0.006518 0.72 -0.64
0.00652 0.72 -0.72
0.006522 0.64 -0.8
0.006524 0.56 -0.88
0.006526 0.4 -0.96
0.006528 0.4 -0.96
0.00653 0.4 -1.04
0.006532 0.32 -1.12
0.006534 0.24 -1.2
0.006536 0.24 -1.28
0.006538 0.08 -1.28
0.00654 0 -1.44
0.006542 0 -1.52
0.006544 -0.16 -1.52
0.006546 -0.24 -1.6
0.006548 -0.32 -1.68
0.00655 -0.4 -1.68
0.006552 -0.48 -1.76
0.006554 -0.48 -1.92
0.006556 -0.56 -1.92
0.006558 -0.64 -2
0.00656 -0.72 -2.16
0.006562 -0.8 -2.24
0.006564 -0.8 -2.24
0.006566 -0.88 -2.24
0.006568 -0.96 -2.32
0.00657 -1.04 -2.4
0.006572 -1.12 -2.48
0.006574 -1.12 -2.56
0.006576 -1.28 -2.72
0.006578 -1.28 -2.72
0.00658 -1.36 -2.8
0.006582 -1.44 -2.88
0.006584 -1.44 -2.88
0.006586 -1.44 -2.88
0.006588 -1.6 -2.96
0.00659 -1.68 -3.04
0.006592 -1.76 -3.12
0.006594 -1.84 -3.12
0.006596 -1.84 -3.28
0.006598 -1.92 -3.28
0.0066 -1.92 -3.44
0.006602 -2.08 -3.44
0.006604 -2.08 -3.52
0.006606 -2.08 -3.52
0.006608 -2.24 -3.6
0.00661 -2.24 -3.68
0.006612 -2.4 -3.76
0.006614 -2.4 -3.76
0.006616 -2.4 -3.84
0.006618 -2.48 -3.84
0.00662 -2.56 -3.92
0.006622 -2.56 -3.92
0.006624 -2.72 -4.08
0.006626 -2.72 -4
0.006628 -2.72 -4.08
0.00663 -2.88 -4.16
0.006632 -2.88 -4.24
0.006634 -2.96 -4.24
0.006636 -3.04 -4.32
0.006638 -3.04 -4.4
0.00664 -3.04 -4.4
0.006642 -3.2 -4.4
0.006644 -3.2 -4.48
0.006646 -3.28 -4.56
0.006648 -3.36 -4.56
0.00665 -3.36 -4.56
0.006652 -3.52 -4.72
0.006654 -3.52 -4.72
0.006656 -3.52 -4.72
0.006658 -3.68 -4.8
0.00666 -3.68 -4.88
0.006662 -3.68 -4.88
0.006664 -3.68 -4.88
0.006666 -3.76 -4.96
0.006668 -3.84 -4.96
0.00667 -3.84 -5.04
0.006672 -3.92 -5.04
0.006674 -3.92 -5.04
0.006676 -4 -5.12
0.006678 -4 -5.12
0.00668 -4.08 -5.2
0.006682 -4.08 -5.2
0.006684 -4.16 -5.2
0.006686 -4.24 -5.28
0.006688 -4.24 -5.36
0.00669 -4.24 -5.28
0.006692 -4.32 -5.28
0.006694 -4.4 -5.44
0.006696 -4.4 -5.36
0.006698 -4.48 -5.44
0.0067 -4.48 -5.44
0.006702 -4.48 -5.44
0.006704 -4.56 -5.44
0.006706 -4.56 -5.52
0.006708 -4.64 -5.52
0.00671 -4.64 -5.52
0.006712 -4.64 -5.52
0.006714 -4.72 -5.6
0.006716 -4.8 -5.68
0.006718 -4.8 -5.6
0.00672 -4.88 -5.6
0.006722 -4.88 -5.6
0.006724 -4.8 -5.52
0.006726 -4.88 -5.6
0.006728 -4.88 -5.76
0.00673 -4.88 -5.68
0.006732 -4.96 -5.68
0.006734 -4.96 -5.76
0.006736 -4.96 -5.76
0.006738 -4.96 -5.68
0.00674 -5.04 -5.76
0.006742 -5.04 -5.76
0.006744 -5.04 -5.76
0.006746 -5.12 -5.68
0.006748 -5.12 -5.76
0.00675 -5.12 -5.68
0.006752 -5.12 -5.68
0.006754 -5.2 -5.76
0.006756 -5.2 -5.76
0.006758 -5.2 -5.76
0.00676 -5.28 -5.76
0.006762 -5.2 -5.76
0.006764 -5.2 -5.68
0.006766 -5.28 -5.68
0.006768 -5.28 -5.68
0.00677 -5.28 -5.76
0.006772 -5.28 -5.68
0.006774 -5.28 -5.68
0.006776 -5.28 -5.68
0.006778 -5.28 -5.68
0.00678 -5.28 -5.6
0.006782 -5.28 -5.6
0.006784 -5.28 -5.68
0.006786 -5.36 -5.6
0.006788 -5.28 -5.6
0.00679 -5.36 -5.6
0.006792 -5.28 -5.6
0.006794 -5.28 -5.52
0.006796 -5.28 -5.6
0.006798 -5.28 -5.6
0.0068 -5.28 -5.44
0.006802 -5.28 -5.44
0.006804 -5.28 -5.44
0.006806 -5.28 -5.44
0.006808 -5.28 -5.36
0.00681 -5.28 -5.44
0.006812 -5.2 -5.36
0.006814 -5.28 -5.36
0.006816 -5.28 -5.28
0.006818 -5.28 -5.28
0.00682 -5.28 -5.2
0.006822 -5.28 -5.2
0.006824 -5.2 -5.2
0.006826 -5.2 -5.2
0.006828 -5.2 -5.12
0.00683 -5.2 -5.12
0.006832 -5.12 -5.04
0.006834 -5.2 -5.04
0.006836 -5.04 -4.96
0.006838 -5.12 -4.96
0.00684 -4.96 -4.88
0.006842 -5.12 -4.88
0.006844 -5.12 -4.8
0.006846 -4.96 -4.8
0.006848 -4.96 -4.8
0.00685 -4.96 -4.8
0.006852 -4.96 -4.72
0.006854 -4.96 -4.72
0.006856 -4.88 -4.56
0.006858 -4.88 -4.56
0.00686 -4.8 -4.56
0.006862 -4.8 -4.48
0.006864 -4.8 -4.4
0.006866 -4.8 -4.4
0.006868 -4.8 -4.32
0.00687 -4.64 -4.24
0.006872 -4.64 -4.24
0.006874 -4.64 -4.16
0.006876 -4.64 -4.16
0.006878 -4.56 -4.08
0.00688 -4.64 -4.08
0.006882 -4.56 -3.92
0.006884 -4.48 -3.92
0.006886 -4.48 -3.92
0.006888 -4.32 -3.84
0.00689 -4.32 -3.84
0.006892 -4.32 -3.68
0.006894 -4.32 -3.6
0.006896 -4.24 -3.6
0.006898 -4.24 -3.6
0.0069 -4.16 -3.52
0.006902 -4.16 -3.44
0.006904 -4.08 -3.44
0.006906 -4 -3.28
0.006908 -4 -3.28
0.00691 -3.92 -3.2
0.006912 -3.92 -3.12
0.006914 -3.92 -3.04
0.006916 -3.84 -3.04
0.006918 -3.84 -2.96
0.00692 -3.68 -2.88
0.006922 -3.68 -2.88
0.006924 -3.6 -2.8
0.006926 -3.6 -2.72
0.006928 -3.6 -2.72
0.00693 -3.44 -2.64
0.006932 -3.36 -2.48
0.006934 -3.44 -2.4
0.006936 -3.36 -2.4
0.006938 -3.28 -2.32
0.00694 -3.2 -2.24
0.006942 -3.2 -2.24
0.006944 -3.2 -2.16
0.006946 -3.04 -2
0.006948 -2.96 -2
0.00695 -2.96 -1.92
0.006952 -2.88 -1.84
0.006954 -2.8 -1.76
0.006956 -2.72 -1.76
0.006958 -2.72 -1.6
0.00696 -2.64 -1.6
0.006962 -2.64 -1.52
0.006964 -2.56 -1.36
0.006966 -2.48 -1.36
0.006968 -2.4 -1.28
0.00697 -2.4 -1.28
0.006972 -2.32 -1.2
0.006974 -2.24 -1.12
0.006976 -2.24 -1.04
0.006978 -2.08 -1.04
0.00698 -2.08 -0.88
0.006982 -2 -0.8
0.006984 -1.92 -0.8
0.006986 -1.92 -0.64
0.006988 -1.76 -0.56
0.00699 -1.76 -0.56
0.006992 -1.76 -0.48
0.006994 -1.68 -0.4
0.006996 -1.6 -0.32
0.006998 -1.52 -0.32
0.007 -1.44 -0.16
0.007002 -1.36 0
0.007004 -1.36 0
0.007006 -1.28 0.08
0.007008 -1.28 0.16
0.00701 -1.12 0.24
0.007012 -1.12 0.32
0.007014 -1.04 0.32
0.007016 -0.96 0.48
0.007018 -0.96 0.48
0.00702 -0.8 0.56
0.007022 -0.8 0.64
0.007024 -0.72 0.72
0.007026 -0.64 0.8
0.007028 -0.64 0.88
0.00703 -0.48 0.96
0.007032 -0.48 1.04
0.007034 -0.32 1.04
0.007036 -0.32 1.12
0.007038 -0.16 1.2
0.00704 -0.16 1.28
0.007042 -0.16 1.36
0.007044 0 1.44
0.007046 0.08 1.44
0.007048 0.24 1.6
0.00705 0.24 1.68
0.007052 0.24 1.76
0.007054 0.32 1.68
0.007056 0.4 1.84
0.007058 0.48 1.92
0.00706 0.56 2
0.007062 0.56 2
0.007064 0.72 2.16
0.007066 0.8 2.16
0.007068 0.72 2.24
0.00707 0.88 2.32
0.007072 0.96 2.4
0.007074 1.04 2.48
0.007076 1.04 2.48
0.007078 1.04 2.56
0.00708 1.2 2.64
0.007082 1.2 2.64
0.007084 1.28 2.72
0.007086 1.36 2.8
0.007088 1.44 2.88
0.00709 1.52 2.88
0.007092 1.6 2.96
0.007094 1.52 3.04
0.007096 1.68 3.04
0.007098 1.68 3.2
0.0071 1.76 3.2
0.007102 1.84 3.28
0.007104 1.92 3.28
0.007106 2 3.44
0.007108 2 3.44
0.00711 2.16 3.52
0.007112 2.16 3.6
0.007114 2.16 3.6
0.007116 2.24 3.6
0.007118 2.32 3.76
0.00712 2.48 3.84
0.007122 2.48 3.84
0.007124 2.48 3.84
0.007126 2.56 4
0.007128 2.56 4
0.00713 2.64 4
0.007132 2.8 4.08
0.007134 2.8 4.16
0.007136 2.8 4.16
0.007138 2.88 4.24
0.00714 2.88 4.32
0.007142 2.96 4.32
0.007144 3.12 4.32
0.007146 3.12 4.4
0.007148 3.2 4.48
0.00715 3.2 4.48
0.007152 3.2 4.56
0.007154 3.28 4.56
0.007156 3.44 4.64
0.007158 3.44 4.64
0.00716 3.44 4.72
0.007162 3.52 4.8
0.007164 3.6 4.8
0.007166 3.6 4.8
0.007168 3.68 4.88
0.00717 3.68 4.88
0.007172 3.76 4.96
0.007174 3.76 4.96
0.007176 3.76 4.96
0.007178 3.84 4.96
0.00718 3.92 5.04
0.007182 4 5.12
0.007184 4.08 5.12
0.007186 4.08 5.12
0.007188 4.08 5.12
0.00719 4.08 5.2
0.007192 4.16 5.2
0.007194 4.16 5.2
0.007196 4.24 5.28
0.007198 4.24 5.28
0.0072 4.24 5.28
0.007202 4.4 5.36
0.007204 4.4 5.44
0.007206 4.4 5.44
0.007208 4.48 5.36
0.00721 4.48 5.44
0.007212 4.48 5.44
0.007214 4.56 5.44
0.007216 4.56 5.44
0.007218 4.64 5.52
0.00722 4.72 5.52
0.007222 4.72 5.52
0.007224 4.72 5.6
0.007226 4.72 5.52
0.007228 4.72 5.52
0.00723 4.72 5.52
0.007232 4.8 5.6
0.007234 4.8 5.6
0.007236 4.88 5.6
0.007238 4.88 5.6
0.00724 4.88 5.6
0.007242 4.88 5.6
0.007244 4.96 5.6
0.007246 4.96 5.6
0.007248 5.04 5.6
0.00725 5.04 5.6
0.007252 5.04 5.6
0.007254 4.96 5.6
0.007256 5.04 5.6
0.007258 5.04 5.68
0.00726 5.04 5.6
0.007262 5.04 5.6
0.007264 5.04 5.6
0.007266 5.04 5.6
0.007268 5.12 5.52
0.00727 5.12 5.52
0.007272 5.04 5.6
0.007274 5.12 5.6
0.007276 5.12 5.52
0.007278 5.12 5.52
0.00728 5.12 5.52
0.007282 5.12 5.52
0.007284 5.12 5.52
0.007286 5.12 5.44
0.007288 5.2 5.44
0.00729 5.12 5.44
0.007292 5.12 5.44
0.007294 5.12 5.44
0.007296 5.12 5.44
0.007298 5.12 5.44
0.0073 5.12 5.44
0.007302 5.12 5.44
0.007304 5.12 5.28
0.007306 5.12 5.28
0.007308 5.2 5.36
0.00731 5.12 5.2
0.007312 5.04 5.12
0.007314 5.04 5.28
0.007316 5.04 5.2
0.007318 5.04 5.12
0.00732 5.04 5.12
0.007322 5.04 5.12
0.007324 5.04 5.04
0.007326 5.04 5.04
0.007328 5.04 5.04
0.00733 5.04 4.96
0.007332 4.96 4.88
0.007334 4.96 4.96
0.007336 4.96 4.88
0.007338 4.88 4.88
0.00734 4.88 4.8
0.007342 4.88 4.8
0.007344 4.88 4.72
0.007346 4.8 4.64
0.007348 4.88 4.64
0.00735 4.8 4.56
0.007352 4.8 4.56
0.007354 4.72 4.56
0.007356 4.72 4.48
0.007358 4.72 4.48
0.00736 4.72 4.4
0.007362 4.72 4.32
0.007364 4.72 4.32
0.007366 4.56 4.16
0.007368 4.56 4.16
0.00737 4.56 4.16
0.007372 4.56 4.16
0.007374 4.48 4.08
0.007376 4.48 4.08
0.007378 4.4 4
0.00738 4.4 3.84
0.007382 4.4 3.84
0.007384 4.32 3.76
0.007386 4.32 3.76
0.007388 4.24 3.68
0.00739 4.16 3.68
0.007392 4.16 3.6
0.007394 4.16 3.52
0.007396 4.08 3.52
0.007398 4.08 3.52
0.0074 4 3.36
0.007402 4 3.28
0.007404 3.84 3.28
0.007406 3.92 3.28
0.007408 3.84 3.2
0.00741 3.84 3.04
0.007412 3.76 3.04
0.007414 3.76 2.96
0.007416 3.6 2.96
0.007418 3.52 2.88
0.00742 3.52 2.8
0.007422 3.52 2.64
0.007424 3.44 2.64
0.007426 3.44 2.56
0.007428 3.36 2.56
0.00743 3.28 2.4
0.007432 3.28 2.4
0.007434 3.2 2.4
0.007436 3.12 2.32
0.007438 3.12 2.24
0.00744 3.04 2.16
0.007442 2.96 2
0.007444 2.96 2
0.007446 2.96 1.92
0.007448 2.88 1.84
0.00745 2.8 1.76
0.007452 2.8 1.76
0.007454 2.72 1.68
0.007456 2.64 1.6
0.007458 2.48 1.52
0.00746 2.56 1.44
0.007462 2.48 1.36
0.007464 2.32 1.28
0.007466 2.32 1.28
0.007468 2.24 1.2
0.00747 2.24 1.04
0.007472 2.16 1.04
0.007474 2.16 1.04
0.007476 2.08 0.88
0.007478 2 0.88
0.00748 1.92 0.8
0.007482 1.92 0.72
0.007484 1.84 0.64
0.007486 1.68 0.56
0.007488 1.68 0.56
0.00749 1.6 0.4
0.007492 1.52 0.32
0.007494 1.52 0.24
0.007496 1.44 0.16
0.007498 1.36 0.08
0.0075 1.28 0.08
0.007502 1.2 0
0.007504 1.2 -0.16
0.007506 1.2 -0.24
0.007508 1.04 -0.24
0.00751 1.04 -0.32
0.007512 0.96 -0.4
0.007514 0.88 -0.48
0.007516 0.8 -0.56
0.007518 0.72 -0.64
0.00752 0.64 -0.72
0.007522 0.64 -0.72
0.007524 0.56 -0.88
0.007526 0.56 -0.96
0.007528 0.4 -0.96
0.00753 0.32 -1.04
0.007532 0.24 -1.2
0.007534 0.24 -1.2
0.007536 0.16 -1.28
0.007538 0.08 -1.36
0.00754 0 -1.44
0.007542 -0.16 -1.52
0.007544 -0.16 -1.52
0.007546 -0.24 -1.6
0.007548 -0.32 -1.68
0.00755 -0.4 -1.76
0.007552 -0.48 -1.84
0.007554 -0.48 -1.92
0.007556 -0.64 -2
0.007558 -0.64 -2
0.00756 -0.72 -2.08
0.007562 -0.72 -2.16
0.007564 -0.8 -2.16
0.007566 -0.88 -2.24
0.007568 -0.96 -2.32
0.00757 -1.04 -2.4
0.007572 -1.12 -2.48
0.007574 -1.12 -2.64
0.007576 -1.28 -2.64
0.007578 -1.28 -2.64
0.00758 -1.36 -2.8
0.007582 -1.44 -2.88
0.007584 -1.44 -2.8
0.007586 -1.52 -2.88
0.007588 -1.52 -2.96
0.00759 -1.68 -3.12
0.007592 -1.76 -3.12
0.007594 -1.76 -3.2
0.007596 -1.84 -3.28
0.007598 -1.92 -3.28
0.0076 -2 -3.28
0.007602 -2.08 -3.44
0.007604 -2.08 -3.44
0.007606 -2.24 -3.52
0.007608 -2.24 -3.6
0.00761 -2.32 -3.68
0.007612 -2.32 -3.76
0.007614 -2.4 -3.76
0.007616 -2.48 -3.84
0.007618 -2.56 -3.84
0.00762 -2.56 -3.84
0.007622 -2.64 -3.92
0.007624 -2.64 -4
0.007626 -2.72 -4
0.007628 -2.72 -4.08
0.00763 -2.88 -4.24
0.007632 -2.96 -4.24
0.007634 -2.96 -4.24
0.007636 -3.04 -4.32
0.007638 -3.04 -4.4
0.00764 -3.12 -4.4
0.007642 -3.2 -4.4
0.007644 -3.2 -4.48
0.007646 -3.2 -4.48
0.007648 -3.28 -4.56
0.00765 -3.36 -4.64
0.007652 -3.44 -4.72
0.007654 -3.52 -4.72
0.007656 -3.6 -4.72
0.007658 -3.6 -4.8
0.00766 -3.68 -4.8
0.007662 -3.68 -4.88
0.007664 -3.68 -4.88
0.007666 -3.84 -4.96
0.007668 -3.84 -4.88
0.00767 -3.92 -5.04
0.007672 -3.92 -5.04
0.007674 -3.92 -5.12
0.007676 -4 -5.04
0.007678 -4 -5.12
0.00768 -4.16 -5.2
0.007682 -4.16 -5.2
0.007684 -4.16 -5.2
0.007686 -4.24 -5.28
0.007688 -4.24 -5.28
0.00769 -4.32 -5.28
0.007692 -4.32 -5.36
0.007694 -4.32 -5.36
0.007696 -4.48 -5.36
0.007698 -4.48 -5.44
0.0077 -4.48 -5.44
0.007702 -4.48 -5.44
0.007704 -4.56 -5.52
0.007706 -4.56 -5.52
0.007708 -4.64 -5.52
0.00771 -4.64 -5.52
0.007712 -4.64 -5.6
0.007714 -4.8 -5.52
0.007716 -4.8 -5.52
0.007718 -4.8 -5.6
0.00772 -4.8 -5.6
0.007722 -4.88 -5.6
0.007724 -4.88 -5.6
0.007726 -4.88 -5.68
0.007728 -4.88 -5.68
0.00773 -4.96 -5.76
0.007732 -4.96 -5.68
0.007734 -4.96 -5.68
0.007736 -4.96 -5.76
0.007738 -5.04 -5.76
0.00774 -4.96 -5.68
0.007742 -5.04 -5.76
0.007744 -5.12 -5.76
0.007746 -5.12 -5.76
0.007748 -5.12 -5.76
0.00775 -5.12 -5.76
0.007752 -5.12 -5.76
0.007754 -5.2 -5.76
0.007756 -5.2 -5.68
0.007758 -5.2 -5.68
0.00776 -5.28 -5.68
0.007762 -5.28 -5.76
0.007764 -5.28 -5.76
0.007766 -5.28 -5.68
0.007768 -5.28 -5.76
0.00777 -5.28 -5.76
0.007772 -5.28 -5.6
0.007774 -5.28 -5.68
0.007776 -5.28 -5.68
0.007778 -5.28 -5.68
0.00778 -5.28 -5.6
0.007782 -5.28 -5.68
0.007784 -5.28 -5.68
0.007786 -5.28 -5.6
0.007788 -5.28 -5.6
0.00779 -5.28 -5.6
0.007792 -5.28 -5.52
0.007794 -5.28 -5.52
0.007796 -5.28 -5.52
0.007798 -5.28 -5.44
0.0078 -5.28 -5.44
0.007802 -5.28 -5.52
0.007804 -5.28 -5.52
0.007806 -5.28 -5.44
0.007808 -5.28 -5.36
0.00781 -5.28 -5.36
0.007812 -5.28 -5.36
0.007814 -5.2 -5.28
0.007816 -5.28 -5.28
0.007818 -5.28 -5.28
0.00782 -5.2 -5.2
0.007822 -5.2 -5.2
0.007824 -5.28 -5.2
0.007826 -5.2 -5.2
0.007828 -5.2 -5.12
0.00783 -5.2 -5.12
0.007832 -5.2 -5.12
0.007834 -5.12 -5.04
0.007836 -5.12 -4.96
0.007838 -5.12 -4.96
0.00784 -5.12 -4.88
0.007842 -5.12 -4.8
0.007844 -5.04 -4.88
0.007846 -4.96 -4.88
0.007848 -4.96 -4.72
0.00785 -4.96 -4.72
0.007852 -4.96 -4.72
0.007854 -4.96 -4.64
0.007856 -4.96 -4.56
0.007858 -4.96 -4.56
0.00786 -4.8 -4.56
0.007862 -4.8 -4.48
0.007864 -4.88 -4.48
0.007866 -4.8 -4.32
0.007868 -4.8 -4.32
0.00787 -4.64 -4.24
0.007872 -4.64 -4.24
0.007874 -4.64 -4.16
0.007876 -4.64 -4.16
0.007878 -4.56 -4.08
0.00788 -4.48 -4.08
0.007882 -4.56 -4
0.007884 -4.48 -3.92
0.007886 -4.48 -3.84
0.007888 -4.4 -3.84
0.00789 -4.32 -3.76
0.007892 -4.32 -3.76
0.007894 -4.32 -3.68
0.007896 -4.32 -3.6
0.007898 -4.24 -3.52
0.0079 -4.16 -3.52
0.007902 -4.08 -3.52
0.007904 -4.08 -3.36
0.007906 -4 -3.36
0.007908 -4 -3.28
0.00791 -3.92 -3.2
0.007912 -3.92 -3.12
0.007914 -3.92 -3.12
0.007916 -3.76 -3.04
0.007918 -3.76 -2.96
0.00792 -3.68 -2.96
0.007922 -3.68 -2.88
0.007924 -3.68 -2.8
0.007926 -3.6 -2.64
0.007928 -3.52 -2.64
0.00793 -3.52 -2.56
0.007932 -3.36 -2.48
0.007934 -3.36 -2.48
0.007936 -3.28 -2.32
0.007938 -3.28 -2.32
0.00794 -3.2 -2.32
0.007942 -3.2 -2.24
0.007944 -3.12 -2.16
0.007946 -3.04 -2
0.007948 -3.04 -1.92
0.00795 -2.96 -1.92
0.007952 -2.88 -1.84
0.007954 -2.8 -1.76
0.007956 -2.72 -1.68
0.007958 -2.72 -1.68
0.00796 -2.64 -1.6
0.007962 -2.64 -1.52
0.007964 -2.56 -1.52
0.007966 -2.4 -1.36
0.007968 -2.48 -1.28
0.00797 -2.4 -1.28
0.007972 -2.32 -1.2
0.007974 -2.32 -1.04
0.007976 -2.24 -1.04
0.007978 -2.08 -0.96
0.00798 -2 -0.88
0.007982 -2 -0.8
0.007984 -1.92 -0.72
0.007986 -1.92 -0.64
0.007988 -1.92 -0.64
0.00799 -1.76 -0.56
0.007992 -1.76 -0.48
0.007994 -1.68 -0.32
0.007996 -1.6 -0.32
0.007998 -1.6 -0.24
