0 -0.64 3.4
1e-07 -0.64 3.4
2e-07 -0.48 3.2
3e-07 -0.56 3.4
4e-07 -0.48 3.6
5e-07 -0.48 3.6
6e-07 -0.48 3.6
7e-07 -0.48 3.6
8e-07 -0.48 3.6
9e-07 -0.48 3.6
1e-06 -0.48 3.8
1.1e-06 -0.4 3.8
1.2e-06 -0.4 3.8
1.3e-06 -0.4 4
1.4e-06 -0.32 4
1.5e-06 -0.32 4
1.6e-06 -0.4 4
1.7e-06 -0.32 4.2
1.8e-06 -0.32 4.2
1.9e-06 -0.32 4.2
2e-06 -0.24 4.4
2.1e-06 -0.24 4.4
2.2e-06 -0.32 4.4
2.3e-06 -0.16 4.4
2.4e-06 -0.16 4.4
2.5e-06 -0.16 4.6
2.6e-06 -0.16 4.6
2.7e-06 -0.16 4.6
2.8e-06 -0.16 4.6
2.9e-06 0 4.8
3e-06 0 4.6
3.1e-06 0 4.8
3.2e-06 0 4.8
3.3e-06 0 4.8
3.4e-06 0 4.8
3.5e-06 0.08 4.8
3.6e-06 0 4.8
3.7e-06 0.08 4.8
3.8e-06 0.08 5
3.9e-06 0.08 5
4e-06 0.08 5
4.1e-06 0.24 5.2
4.2e-06 0.24 5.2
4.3e-06 0.24 5
4.4e-06 0.24 5.2
4.5e-06 0.24 5.2
4.6e-06 0.24 5.2
4.7e-06 0.24 5.2
4.8e-06 0.24 5.4
4.9e-06 0.32 5.4
5e-06 0.32 5.2
5.1e-06 0.32 5.4
5.2e-06 0.32 5.4
5.3e-06 0.32 5.4
5.4e-06 0.4 5.6
5.5e-06 0.4 5.4
5.6e-06 0.4 5.4
5.7e-06 0.32 5.6
5.8e-06 0.4 5.6
5.9e-06 0.48 5.4
6e-06 0.4 5.6
6.1e-06 0.4 5.6
6.2e-06 0.48 5.6
6.3e-06 0.48 5.6
6.4e-06 0.56 5.4
6.5e-06 0.56 5.6
6.6e-06 0.56 5.6
6.7e-06 0.56 5.6
6.8e-06 0.56 5.6
6.9e-06 0.56 5.6
7e-06 0.64 5.6
7.1e-06 0.56 5.4
7.2e-06 0.64 5.6
7.3e-06 0.64 5.6
7.4e-06 0.64 5.6
7.5e-06 0.64 5.6
7.6e-06 0.64 5.6
7.7e-06 0.72 5.6
7.8e-06 0.72 5.6
7.9e-06 0.72 5.6
8e-06 0.72 5.2
8.1e-06 0.72 5.6
8.2e-06 0.8 5.4
8.3e-06 0.72 5.4
8.4e-06 0.8 5.4
8.5e-06 0.8 5.4
8.6e-06 0.8 5.6
8.7e-06 0.88 5.4
8.8e-06 0.88 5.6
8.9e-06 0.88 5.4
9e-06 0.88 5.4
9.1e-06 0.88 5.4
9.2e-06 0.88 5.4
9.3e-06 0.88 5.2
9.4e-06 0.96 5.2
9.5e-06 0.88 5.4
9.6e-06 0.96 5
9.7e-06 0.96 5.4
9.8e-06 0.96 5.2
9.9e-06 0.96 5
1e-05 1.04 5.2
1.01e-05 0.96 5
1.02e-05 0.96 5
1.03e-05 0.96 5
1.04e-05 1.04 5
1.05e-05 1.04 4.8
1.06e-05 1.04 5
1.07e-05 1.04 5
1.08e-05 1.04 5
1.09e-05 1.04 4.8
1.1e-05 1.04 4.8
1.11e-05 1.04 4.8
1.12e-05 1.04 4.6
1.13e-05 1.04 4.8
1.14e-05 1.12 4.6
1.15e-05 1.12 4.8
1.16e-05 1.12 4.4
1.17e-05 1.2 4.4
1.18e-05 1.2 4.6
1.19e-05 1.12 4.6
1.2e-05 1.2 4.4
1.21e-05 1.2 4.4
1.22e-05 1.2 4.4
1.23e-05 1.2 4.2
1.24e-05 1.2 4.2
1.25e-05 1.2 4.4
1.26e-05 1.2 4.2
1.27e-05 1.2 4.2
1.28e-05 1.2 4.2
1.29e-05 1.2 4.2
1.3e-05 1.2 4
1.31e-05 1.2 4
1.32e-05 1.2 4
1.33e-05 1.2 3.8
1.34e-05 1.2 3.8
1.35e-05 1.2 3.6
1.36e-05 1.2 3.8
1.37e-05 1.2 3.6
1.38e-05 1.2 3.8
1.39e-05 1.2 3.4
1.4e-05 1.28 3.6
1.41e-05 1.28 3.4
1.42e-05 1.2 3.4
1.43e-05 1.2 3.4
1.44e-05 1.28 3.2
1.45e-05 1.28 3.2
1.46e-05 1.28 3
1.47e-05 1.28 3.2
1.48e-05 1.2 3
1.49e-05 1.28 3
1.5e-05 1.28 2.8
1.51e-05 1.28 2.8
1.52e-05 1.2 2.8
1.53e-05 1.2 2.8
1.54e-05 1.28 2.6
1.55e-05 1.28 2.4
1.56e-05 1.28 2.4
1.57e-05 1.28 2.4
1.58e-05 1.2 2.4
1.59e-05 1.28 2.4
1.6e-05 1.28 2.2
1.61e-05 1.28 2
1.62e-05 1.28 2.2
1.63e-05 1.2 2.2
1.64e-05 1.28 2
1.65e-05 1.28 2
1.66e-05 1.28 1.8
1.67e-05 1.28 1.6
1.68e-05 1.28 1.8
1.69e-05 1.2 1.6
1.7e-05 1.28 1.6
1.71e-05 1.2 1.4
1.72e-05 1.2 1.6
1.73e-05 1.2 1.4
1.74e-05 1.2 1.4
1.75e-05 1.2 1.4
1.76e-05 1.2 1.2
1.77e-05 1.2 1
1.78e-05 1.2 1
1.79e-05 1.2 1
1.8e-05 1.2 0.8
1.81e-05 1.2 0.8
1.82e-05 1.2 0.6
1.83e-05 1.2 0.4
1.84e-05 1.2 0.6
1.85e-05 1.12 0.4
1.86e-05 1.2 0.4
1.87e-05 1.2 0.4
1.88e-05 1.2 0.2
1.89e-05 1.2 0.2
1.9e-05 1.2 0.2
1.91e-05 1.2 0.2
1.92e-05 1.12 0
1.93e-05 1.12 0
1.94e-05 1.04 0
1.95e-05 1.04 0
1.96e-05 1.12 -0.6
1.97e-05 1.2 -0.6
1.98e-05 1.04 -0.6
1.99e-05 1.12 -0.6
2e-05 1.04 -0.6
2.01e-05 1.04 -0.8
2.02e-05 1.04 -1
2.03e-05 1.04 -1
2.04e-05 1.04 -1
2.05e-05 1.04 -1.2
2.06e-05 1.04 -1.2
2.07e-05 0.96 -1.2
2.08e-05 0.96 -1.2
2.09e-05 0.96 -1.4
2.1e-05 0.96 -1.4
2.11e-05 0.96 -1.6
2.12e-05 1.04 -1.6
2.13e-05 0.88 -1.6
2.14e-05 0.96 -1.8
2.15e-05 0.88 -1.8
2.16e-05 0.88 -1.8
2.17e-05 0.88 -2
2.18e-05 0.88 -2
2.19e-05 0.88 -2
2.2e-05 0.88 -2.2
2.21e-05 0.88 -2.2
2.22e-05 0.88 -2.2
2.23e-05 0.8 -2.4
2.24e-05 0.88 -2.4
2.25e-05 0.8 -2.4
2.26e-05 0.72 -2.6
2.27e-05 0.72 -2.6
2.28e-05 0.72 -2.6
2.29e-05 0.72 -2.6
2.3e-05 0.72 -3
2.31e-05 0.72 -3
2.32e-05 0.72 -3
2.33e-05 0.72 -3
2.34e-05 0.72 -3.2
2.35e-05 0.64 -3.2
2.36e-05 0.72 -3.2
2.37e-05 0.64 -3.2
2.38e-05 0.56 -3.4
2.39e-05 0.64 -3.4
2.4e-05 0.56 -3.6
2.41e-05 0.56 -3.4
2.42e-05 0.56 -3.6
2.43e-05 0.56 -3.6
2.44e-05 0.56 -3.8
2.45e-05 0.56 -3.6
2.46e-05 0.56 -3.8
2.47e-05 0.48 -3.8
2.48e-05 0.48 -3.8
2.49e-05 0.4 -4
2.5e-05 0.48 -4
2.51e-05 0.4 -4.2
2.52e-05 0.4 -4.2
2.53e-05 0.4 -4.2
2.54e-05 0.32 -4.2
2.55e-05 0.32 -4.4
2.56e-05 0.32 -4.4
2.57e-05 0.32 -4.4
2.58e-05 0.32 -4.4
2.59e-05 0.32 -4.4
2.6e-05 0.24 -4.6
2.61e-05 0.24 -4.6
2.62e-05 0.24 -4.6
2.63e-05 0.24 -4.8
2.64e-05 0.24 -4.8
2.65e-05 0.24 -5
2.66e-05 0.24 -4.8
2.67e-05 0.24 -5.2
2.68e-05 0.24 -5
2.69e-05 0.16 -5
2.7e-05 0.08 -5
2.71e-05 0.16 -5.2
2.72e-05 0.08 -5.4
2.73e-05 0.08 -5.2
2.74e-05 0.08 -5.4
2.75e-05 0.08 -5.4
2.76e-05 0 -5.4
2.77e-05 0 -5.4
2.78e-05 0 -5.4
2.79e-05 0 -5.6
2.8e-05 -0.16 -5.6
2.81e-05 -0.16 -5.6
2.82e-05 -0.16 -5.6
2.83e-05 -0.16 -5.8
2.84e-05 -0.16 -5.8
2.85e-05 -0.16 -5.8
2.86e-05 -0.16 -5.8
2.87e-05 -0.16 -5.8
2.88e-05 -0.32 -5.8
2.89e-05 -0.32 -5.8
2.9e-05 -0.32 -5.8
2.91e-05 -0.32 -5.8
2.92e-05 -0.32 -6
2.93e-05 -0.32 -5.8
2.94e-05 -0.4 -5.8
2.95e-05 -0.4 -6
2.96e-05 -0.4 -5.8
2.97e-05 -0.4 -5.8
2.98e-05 -0.4 -6
2.99e-05 -0.4 -6.2
3e-05 -0.48 -6.2
3.01e-05 -0.48 -6.2
3.02e-05 -0.48 -6.2
3.03e-05 -0.48 -6.2
3.04e-05 -0.48 -6.4
3.05e-05 -0.48 -6.4
3.06e-05 -0.48 -6.2
3.07e-05 -0.64 -6.2
3.08e-05 -0.48 -6.4
3.09e-05 -0.48 -6.2
3.1e-05 -0.64 -6.4
3.11e-05 -0.64 -6.4
3.12e-05 -0.64 -6.2
3.13e-05 -0.64 -6.2
3.14e-05 -0.64 -6.2
3.15e-05 -0.72 -6.4
3.16e-05 -0.72 -6.2
3.17e-05 -0.72 -6.4
3.18e-05 -0.72 -6.2
3.19e-05 -0.72 -6.4
3.2e-05 -0.72 -6.4
3.21e-05 -0.8 -6.4
3.22e-05 -0.8 -6.4
3.23e-05 -0.8 -6.2
3.24e-05 -0.8 -6.4
3.25e-05 -0.8 -6.2
3.26e-05 -0.8 -6.4
3.27e-05 -0.8 -6.2
3.28e-05 -0.88 -6.4
3.29e-05 -0.96 -6.2
3.3e-05 -0.96 -6.2
3.31e-05 -0.96 -6.2
3.32e-05 -0.96 -6.2
3.33e-05 -0.96 -6.4
3.34e-05 -0.96 -6.2
3.35e-05 -0.96 -6.2
3.36e-05 -0.96 -6.2
3.37e-05 -1.04 -6.4
3.38e-05 -1.04 -6.4
3.39e-05 -0.96 -6.2
3.4e-05 -1.04 -6.2
3.41e-05 -1.04 -6.2
3.42e-05 -1.04 -6.2
3.43e-05 -1.12 -5.8
3.44e-05 -1.12 -6
3.45e-05 -1.04 -6
3.46e-05 -1.04 -6
3.47e-05 -1.12 -6.2
3.48e-05 -1.12 -6
3.49e-05 -1.12 -5.8
3.5e-05 -1.12 -5.8
3.51e-05 -1.12 -5.8
3.52e-05 -1.12 -5.8
3.53e-05 -1.12 -5.8
3.54e-05 -1.2 -5.8
3.55e-05 -1.12 -5.8
3.56e-05 -1.28 -5.8
3.57e-05 -1.12 -5.6
3.58e-05 -1.2 -5.8
3.59e-05 -1.2 -5.6
3.6e-05 -1.12 -5.8
3.61e-05 -1.28 -5.6
3.62e-05 -1.28 -5.6
3.63e-05 -1.2 -5.6
3.64e-05 -1.28 -5.6
3.65e-05 -1.28 -5.4
3.66e-05 -1.2 -5.4
3.67e-05 -1.28 -5.6
3.68e-05 -1.28 -5.4
3.69e-05 -1.28 -5.4
3.7e-05 -1.28 -5.2
3.71e-05 -1.28 -5.2
3.72e-05 -1.28 -5.2
3.73e-05 -1.36 -5.2
3.74e-05 -1.36 -5
3.75e-05 -1.36 -5
3.76e-05 -1.36 -5
3.77e-05 -1.36 -5
3.78e-05 -1.36 -5
3.79e-05 -1.44 -4.8
3.8e-05 -1.36 -4.8
3.81e-05 -1.36 -4.8
3.82e-05 -1.36 -4.8
3.83e-05 -1.44 -4.6
3.84e-05 -1.36 -4.6
3.85e-05 -1.44 -4.6
3.86e-05 -1.36 -4.6
3.87e-05 -1.44 -4.4
3.88e-05 -1.44 -4.4
3.89e-05 -1.36 -4.2
3.9e-05 -1.44 -4.4
3.91e-05 -1.44 -4.2
3.92e-05 -1.44 -4.2
3.93e-05 -1.36 -4
3.94e-05 -1.36 -4
3.95e-05 -1.44 -4
3.96e-05 -1.44 -4
3.97e-05 -1.44 -4
3.98e-05 -1.44 -3.8
3.99e-05 -1.44 -3.8
4e-05 -1.44 -3.6
4.01e-05 -1.36 -3.8
4.02e-05 -1.36 -3.6
4.03e-05 -1.44 -3.6
4.04e-05 -1.44 -3.4
4.05e-05 -1.44 -3.4
4.06e-05 -1.44 -3.4
4.07e-05 -1.44 -3.2
4.08e-05 -1.44 -3.4
4.09e-05 -1.44 -3.2
4.1e-05 -1.44 -3.2
4.11e-05 -1.44 -3
4.12e-05 -1.44 -3
4.13e-05 -1.44 -3
4.14e-05 -1.36 -2.8
4.15e-05 -1.44 -2.8
4.16e-05 -1.44 -2.6
4.17e-05 -1.36 -2.6
4.18e-05 -1.36 -2.6
4.19e-05 -1.44 -2.4
4.2e-05 -1.36 -2.4
4.21e-05 -1.36 -2.4
4.22e-05 -1.44 -2.4
4.23e-05 -1.36 -2.2
4.24e-05 -1.36 -2.2
4.25e-05 -1.44 -2
4.26e-05 -1.36 -2.2
4.27e-05 -1.44 -2
4.28e-05 -1.44 -1.8
4.29e-05 -1.36 -1.8
4.3e-05 -1.36 -1.6
4.31e-05 -1.36 -1.8
4.32e-05 -1.36 -1.6
4.33e-05 -1.36 -1.4
4.34e-05 -1.36 -1.4
4.35e-05 -1.36 -1.4
4.36e-05 -1.44 -1.2
4.37e-05 -1.36 -1.2
4.38e-05 -1.36 -1.2
4.39e-05 -1.36 -1
4.4e-05 -1.36 -1
4.41e-05 -1.28 -1
4.42e-05 -1.28 -1
4.43e-05 -1.28 -0.8
4.44e-05 -1.28 -0.6
4.45e-05 -1.28 -0.6
4.46e-05 -1.2 -0.6
4.47e-05 -1.28 -0.6
4.48e-05 -1.28 -0.4
4.49e-05 -1.28 -0.4
4.5e-05 -1.2 0
4.51e-05 -1.28 0
4.52e-05 -1.28 0
4.53e-05 -1.2 0.2
4.54e-05 -1.12 0.2
4.55e-05 -1.12 0.2
4.56e-05 -1.12 0.2
4.57e-05 -1.12 0.4
4.58e-05 -1.12 0.4
4.59e-05 -1.12 0.4
4.6e-05 -1.12 0.6
4.61e-05 -1.12 0.8
4.62e-05 -1.12 0.8
4.63e-05 -1.12 0.8
4.64e-05 -1.12 1.2
4.65e-05 -1.12 1
4.66e-05 -1.12 1
4.67e-05 -1.04 1.2
4.68e-05 -1.04 1.4
4.69e-05 -1.04 1.2
4.7e-05 -1.04 1.2
4.71e-05 -1.04 1.6
4.72e-05 -1.04 1.2
4.73e-05 -0.96 1.6
4.74e-05 -0.96 1.6
4.75e-05 -0.96 1.6
4.76e-05 -0.96 1.8
4.77e-05 -0.96 1.8
4.78e-05 -0.96 2
4.79e-05 -0.96 2
4.8e-05 -0.88 2
4.81e-05 -0.8 2
4.82e-05 -0.88 2
4.83e-05 -0.88 2.2
4.84e-05 -0.8 2.4
4.85e-05 -0.8 2.4
4.86e-05 -0.8 2.4
4.87e-05 -0.8 2.4
4.88e-05 -0.8 2.4
4.89e-05 -0.72 2.6
4.9e-05 -0.72 2.8
4.91e-05 -0.72 2.6
4.92e-05 -0.72 2.8
4.93e-05 -0.64 2.8
4.94e-05 -0.64 3
4.95e-05 -0.64 3
4.96e-05 -0.64 3.2
4.97e-05 -0.64 3
4.98e-05 -0.64 3.2
4.99e-05 -0.64 3.4
5e-05 -0.56 3.4
5.01e-05 -0.56 3.4
5.02e-05 -0.56 3.4
5.03e-05 -0.64 3.2
5.04e-05 -0.48 3.4
5.05e-05 -0.48 3.6
5.06e-05 -0.48 3.4
5.07e-05 -0.48 3.6
5.08e-05 -0.48 3.6
5.09e-05 -0.48 3.6
5.1e-05 -0.4 3.8
5.11e-05 -0.4 3.8
5.12e-05 -0.4 4
5.13e-05 -0.4 4
5.14e-05 -0.4 4
5.15e-05 -0.32 4
5.16e-05 -0.32 4
5.17e-05 -0.32 4.2
5.18e-05 -0.32 4.2
5.19e-05 -0.24 4.2
5.2e-05 -0.32 4.4
5.21e-05 -0.32 4.4
5.22e-05 -0.24 4.2
5.23e-05 -0.16 4.4
5.24e-05 -0.16 4.4
5.25e-05 -0.16 4.4
5.26e-05 -0.16 4.4
5.27e-05 -0.16 4.4
5.28e-05 -0.16 4.6
5.29e-05 -0.16 4.6
5.3e-05 0 4.8
5.31e-05 -0.16 4.8
5.32e-05 0 4.8
5.33e-05 0 4.8
5.34e-05 0.08 5
5.35e-05 0.08 5
5.36e-05 0.08 4.8
5.37e-05 0 5
5.38e-05 0.08 4.8
5.39e-05 0.08 5
5.4e-05 0.16 5.2
5.41e-05 0.16 5.2
5.42e-05 0.24 5
5.43e-05 0.24 5
5.44e-05 0.24 5.4
5.45e-05 0.24 5.2
5.46e-05 0.24 5.2
5.47e-05 0.24 5
5.48e-05 0.24 5.2
5.49e-05 0.24 5.2
5.5e-05 0.24 5.2
5.51e-05 0.32 5.4
5.52e-05 0.32 5.2
5.53e-05 0.32 5.4
5.54e-05 0.32 5.2
5.55e-05 0.32 5.2
5.56e-05 0.4 5.4
5.57e-05 0.4 5.4
5.58e-05 0.4 5.4
5.59e-05 0.4 5.4
5.6e-05 0.4 5.6
5.61e-05 0.48 5.4
5.62e-05 0.56 5.6
5.63e-05 0.48 5.6
5.64e-05 0.48 5.6
5.65e-05 0.56 5.6
5.66e-05 0.56 5.4
5.67e-05 0.56 5.6
5.68e-05 0.56 5.4
5.69e-05 0.56 5.6
5.7e-05 0.56 5.6
5.71e-05 0.64 5.6
5.72e-05 0.64 5.4
5.73e-05 0.64 5.6
5.74e-05 0.64 5.6
5.75e-05 0.64 5.4
5.76e-05 0.72 5.4
5.77e-05 0.72 5.6
5.78e-05 0.72 5.6
5.79e-05 0.72 5.4
5.8e-05 0.72 5.6
5.81e-05 0.72 5.6
5.82e-05 0.72 5.6
5.83e-05 0.8 5.6
5.84e-05 0.8 5.6
5.85e-05 0.88 5.4
5.86e-05 0.88 5.6
5.87e-05 0.88 5.6
5.88e-05 0.88 5.2
5.89e-05 0.88 5.6
5.9e-05 0.88 5.4
5.91e-05 0.88 5.4
5.92e-05 0.88 5.2
5.93e-05 0.88 5.4
5.94e-05 0.88 5.2
5.95e-05 0.88 5.2
5.96e-05 0.88 5.4
5.97e-05 0.96 5.2
5.98e-05 0.96 5.2
5.99e-05 0.96 5.2
6e-05 0.96 5.2
6.01e-05 0.96 5
6.02e-05 0.96 5
6.03e-05 0.96 5
6.04e-05 1.04 5
6.05e-05 1.04 5
6.06e-05 1.04 5
6.07e-05 1.04 5
6.08e-05 1.04 5
6.09e-05 1.04 4.8
6.1e-05 1.04 4.8
6.11e-05 1.04 4.8
6.12e-05 1.2 4.8
6.13e-05 1.04 4.6
6.14e-05 1.04 4.8
6.15e-05 1.04 4.6
6.16e-05 1.2 4.6
6.17e-05 1.12 4.8
6.18e-05 1.2 4.4
6.19e-05 1.2 4.6
6.2e-05 1.2 4.4
6.21e-05 1.2 4.4
6.22e-05 1.2 4.2
6.23e-05 1.2 4.2
6.24e-05 1.2 4.4
6.25e-05 1.2 4.2
6.26e-05 1.2 4.2
6.27e-05 1.2 4.2
6.28e-05 1.2 4
6.29e-05 1.2 4
6.3e-05 1.2 4
6.31e-05 1.2 4
6.32e-05 1.2 4
6.33e-05 1.2 4
6.34e-05 1.28 3.8
6.35e-05 1.2 3.8
6.36e-05 1.2 3.8
6.37e-05 1.2 3.6
6.38e-05 1.2 3.6
6.39e-05 1.28 3.6
6.4e-05 1.2 3.4
6.41e-05 1.2 3.4
6.42e-05 1.28 3.4
6.43e-05 1.28 3.2
6.44e-05 1.2 3.2
6.45e-05 1.2 3.2
6.46e-05 1.28 3
6.47e-05 1.28 3.2
6.48e-05 1.28 3
6.49e-05 1.28 2.8
6.5e-05 1.2 2.8
6.51e-05 1.28 2.8
6.52e-05 1.28 2.6
6.53e-05 1.28 2.8
6.54e-05 1.28 2.8
6.55e-05 1.28 2.6
6.56e-05 1.28 2.4
6.57e-05 1.2 2.6
6.58e-05 1.28 2.4
6.59e-05 1.2 2.4
6.6e-05 1.28 2.4
6.61e-05 1.28 2
6.62e-05 1.28 2
6.63e-05 1.28 2
6.64e-05 1.28 2
6.65e-05 1.28 1.8
6.66e-05 1.28 1.8
6.67e-05 1.28 2
6.68e-05 1.28 1.8
6.69e-05 1.28 1.6
6.7e-05 1.28 1.8
6.71e-05 1.2 1.6
6.72e-05 1.2 1.2
6.73e-05 1.2 1.4
6.74e-05 1.2 1.2
6.75e-05 1.2 1
6.76e-05 1.2 1.2
6.77e-05 1.2 1
6.78e-05 1.2 1
6.79e-05 1.2 1
6.8e-05 1.2 0.8
6.81e-05 1.2 0.8
6.82e-05 1.2 0.8
6.83e-05 1.2 0.8
6.84e-05 1.2 0.6
6.85e-05 1.2 0.8
6.86e-05 1.2 0.4
6.87e-05 1.2 0.4
6.88e-05 1.12 0.4
6.89e-05 1.2 0.2
6.9e-05 1.12 0.2
6.91e-05 1.2 0
6.92e-05 1.12 0
6.93e-05 1.2 -0.4
6.94e-05 1.2 0
6.95e-05 1.2 0
6.96e-05 1.04 -0.4
6.97e-05 1.04 -0.6
6.98e-05 1.04 -0.6
6.99e-05 1.04 -0.6
7e-05 1.04 -0.8
7.01e-05 1.04 -0.6
7.02e-05 1.04 -1
7.03e-05 1.04 -1
7.04e-05 1.04 -0.8
7.05e-05 1.04 -1
7.06e-05 1.04 -1
7.07e-05 1.04 -1.2
7.08e-05 1.04 -1.2
7.09e-05 0.96 -1.4
7.1e-05 0.96 -1.4
7.11e-05 0.96 -1.6
7.12e-05 0.96 -1.6
7.13e-05 0.96 -1.6
7.14e-05 0.88 -1.6
7.15e-05 0.88 -1.8
7.16e-05 0.88 -1.8
7.17e-05 0.96 -1.8
7.18e-05 0.88 -2.2
7.19e-05 0.88 -2
7.2e-05 0.88 -2.2
7.21e-05 0.88 -2.2
7.22e-05 0.88 -2.2
7.23e-05 0.88 -2.4
7.24e-05 0.88 -2.4
7.25e-05 0.8 -2.6
7.26e-05 0.88 -2.6
7.27e-05 0.88 -2.6
7.28e-05 0.72 -2.6
7.29e-05 0.8 -2.8
7.3e-05 0.72 -3
7.31e-05 0.72 -2.8
7.32e-05 0.72 -3
7.33e-05 0.72 -3
7.34e-05 0.64 -3
7.35e-05 0.64 -3
7.36e-05 0.72 -3.4
7.37e-05 0.64 -3.4
7.38e-05 0.64 -3.4
7.39e-05 0.64 -3.4
7.4e-05 0.64 -3.4
7.41e-05 0.56 -3.6
7.42e-05 0.56 -3.6
7.43e-05 0.56 -3.8
7.44e-05 0.56 -3.6
7.45e-05 0.56 -3.8
7.46e-05 0.56 -4
7.47e-05 0.48 -4
7.48e-05 0.56 -4
7.49e-05 0.4 -4
7.5e-05 0.4 -4.2
7.51e-05 0.4 -4
7.52e-05 0.4 -4.2
7.53e-05 0.4 -4.2
7.54e-05 0.4 -4.2
7.55e-05 0.4 -4.2
7.56e-05 0.32 -4.2
7.57e-05 0.32 -4.4
7.58e-05 0.32 -4.6
7.59e-05 0.24 -4.6
7.6e-05 0.24 -4.6
7.61e-05 0.24 -4.8
7.62e-05 0.24 -4.8
7.63e-05 0.24 -4.8
7.64e-05 0.24 -4.8
7.65e-05 0.24 -4.8
7.66e-05 0.24 -5
7.67e-05 0.24 -4.8
7.68e-05 0.08 -5.2
7.69e-05 0.08 -5
7.7e-05 0.16 -5
7.71e-05 0.08 -5.2
7.72e-05 0.08 -5.2
7.73e-05 0.08 -5.4
7.74e-05 0.08 -5.4
7.75e-05 0 -5.4
7.76e-05 0 -5.4
7.77e-05 0 -5.6
7.78e-05 -0.16 -5.6
7.79e-05 -0.16 -5.6
7.8e-05 0 -5.6
7.81e-05 0 -5.6
7.82e-05 -0.16 -5.6
7.83e-05 -0.16 -5.6
7.84e-05 -0.16 -5.6
7.85e-05 -0.16 -5.6
7.86e-05 -0.24 -5.6
7.87e-05 -0.24 -5.6
7.88e-05 -0.24 -5.8
7.89e-05 -0.32 -5.8
7.9e-05 -0.24 -5.8
7.91e-05 -0.32 -5.8
7.92e-05 -0.32 -5.8
7.93e-05 -0.32 -6
7.94e-05 -0.32 -5.8
7.95e-05 -0.4 -6
7.96e-05 -0.4 -6.2
7.97e-05 -0.4 -6.2
7.98e-05 -0.4 -6.2
7.99e-05 -0.48 -6.2
8e-05 -0.4 -6.2
8.01e-05 -0.48 -6
8.02e-05 -0.48 -6.2
8.03e-05 -0.48 -6
8.04e-05 -0.48 -6.2
8.05e-05 -0.56 -6.2
8.06e-05 -0.56 -6.2
8.07e-05 -0.48 -6.2
8.08e-05 -0.56 -6.2
8.09e-05 -0.56 -6.2
8.1e-05 -0.56 -6
8.11e-05 -0.64 -6.4
8.12e-05 -0.64 -6.4
8.13e-05 -0.64 -6.4
8.14e-05 -0.64 -6.4
8.15e-05 -0.64 -6.4
8.16e-05 -0.72 -6.4
8.17e-05 -0.72 -6.4
8.18e-05 -0.72 -6.4
8.19e-05 -0.72 -6.4
8.2e-05 -0.8 -6.4
8.21e-05 -0.8 -6.4
8.22e-05 -0.8 -6.4
8.23e-05 -0.8 -6.6
8.24e-05 -0.8 -6.4
8.25e-05 -0.8 -6.4
8.26e-05 -0.8 -6.2
8.27e-05 -0.8 -6.4
8.28e-05 -0.96 -6.4
8.29e-05 -0.96 -6.4
8.3e-05 -0.88 -6.4
8.31e-05 -0.96 -6.4
8.32e-05 -0.96 -6.4
8.33e-05 -0.96 -6.4
8.34e-05 -0.96 -6.4
8.35e-05 -0.96 -6.2
8.36e-05 -0.96 -6.2
8.37e-05 -1.04 -6.2
8.38e-05 -1.04 -6.2
8.39e-05 -1.04 -6.2
8.4e-05 -1.04 -6.2
8.41e-05 -1.04 -6.2
8.42e-05 -1.04 -6
8.43e-05 -1.12 -6.2
8.44e-05 -1.12 -6.2
8.45e-05 -1.04 -6.2
8.46e-05 -1.12 -6.2
8.47e-05 -1.12 -6.2
8.48e-05 -1.12 -6.2
8.49e-05 -1.12 -5.8
8.5e-05 -1.12 -6
8.51e-05 -1.12 -5.8
8.52e-05 -1.12 -5.8
8.53e-05 -1.12 -5.8
8.54e-05 -1.12 -5.8
8.55e-05 -1.12 -5.8
8.56e-05 -1.2 -5.6
8.57e-05 -1.12 -5.8
8.58e-05 -1.12 -5.6
8.59e-05 -1.12 -5.6
8.6e-05 -1.2 -5.6
8.61e-05 -1.28 -5.6
8.62e-05 -1.28 -5.6
8.63e-05 -1.28 -5.6
8.64e-05 -1.28 -5.6
8.65e-05 -1.28 -5.4
8.66e-05 -1.28 -5.6
8.67e-05 -1.36 -5.4
8.68e-05 -1.28 -5.4
8.69e-05 -1.36 -5.4
8.7e-05 -1.36 -5.4
8.71e-05 -1.36 -5.2
8.72e-05 -1.28 -5.2
8.73e-05 -1.28 -5.2
8.74e-05 -1.36 -5.2
8.75e-05 -1.28 -5
8.76e-05 -1.36 -4.8
8.77e-05 -1.36 -5
8.78e-05 -1.36 -5
8.79e-05 -1.36 -5
8.8e-05 -1.36 -5
8.81e-05 -1.36 -4.6
8.82e-05 -1.36 -4.8
8.83e-05 -1.36 -4.6
8.84e-05 -1.36 -4.8
8.85e-05 -1.36 -4.4
8.86e-05 -1.36 -4.4
8.87e-05 -1.36 -4.4
8.88e-05 -1.36 -4.2
8.89e-05 -1.44 -4.4
8.9e-05 -1.44 -4.2
8.91e-05 -1.44 -4.2
8.92e-05 -1.44 -4.2
8.93e-05 -1.44 -4.2
8.94e-05 -1.44 -4.2
8.95e-05 -1.44 -4
8.96e-05 -1.44 -4
8.97e-05 -1.44 -4
8.98e-05 -1.44 -3.8
8.99e-05 -1.44 -3.8
9e-05 -1.44 -3.8
9.01e-05 -1.44 -3.6
9.02e-05 -1.44 -3.6
9.03e-05 -1.44 -3.6
9.04e-05 -1.44 -3.4
9.05e-05 -1.44 -3.4
9.06e-05 -1.44 -3.2
9.07e-05 -1.44 -3.4
9.08e-05 -1.44 -3
9.09e-05 -1.44 -3.2
9.1e-05 -1.44 -3
9.11e-05 -1.44 -3
9.12e-05 -1.36 -3
9.13e-05 -1.44 -3
9.14e-05 -1.44 -2.8
9.15e-05 -1.36 -2.8
9.16e-05 -1.44 -2.6
9.17e-05 -1.36 -2.6
9.18e-05 -1.36 -2.6
9.19e-05 -1.44 -2.4
9.2e-05 -1.36 -2.4
9.21e-05 -1.36 -2.4
9.22e-05 -1.36 -2.2
9.23e-05 -1.36 -2.4
9.24e-05 -1.36 -2.2
9.25e-05 -1.36 -2
9.26e-05 -1.36 -1.8
9.27e-05 -1.44 -1.8
9.28e-05 -1.36 -1.8
9.29e-05 -1.36 -1.6
9.3e-05 -1.36 -1.8
9.31e-05 -1.36 -1.6
9.32e-05 -1.36 -1.6
9.33e-05 -1.36 -1.4
9.34e-05 -1.36 -1.4
9.35e-05 -1.36 -1.4
9.36e-05 -1.36 -1.2
9.37e-05 -1.36 -1.2
9.38e-05 -1.28 -1
9.39e-05 -1.28 -1
9.4e-05 -1.28 -0.8
9.41e-05 -1.28 -1
9.42e-05 -1.28 -1
9.43e-05 -1.28 -0.8
9.44e-05 -1.28 -0.8
9.45e-05 -1.28 -0.6
9.46e-05 -1.2 -0.6
9.47e-05 -1.28 -0.4
9.48e-05 -1.28 -0.4
9.49e-05 -1.28 0
9.5e-05 -1.28 0
9.51e-05 -1.28 0
9.52e-05 -1.28 0
9.53e-05 -1.28 0.2
9.54e-05 -1.12 0.2
9.55e-05 -1.12 0.2
9.56e-05 -1.12 0.4
9.57e-05 -1.12 0.4
9.58e-05 -1.12 0.6
9.59e-05 -1.12 0.6
9.6e-05 -1.12 0.6
9.61e-05 -1.12 0.6
9.62e-05 -1.12 0.8
9.63e-05 -1.12 0.8
9.64e-05 -1.04 0.8
9.65e-05 -1.12 1.2
9.66e-05 -1.12 1
9.67e-05 -1.04 1
9.68e-05 -1.04 1
9.69e-05 -1.04 1.2
9.7e-05 -1.04 1.4
9.71e-05 -1.04 1.2
9.72e-05 -0.96 1.6
9.73e-05 -1.04 1.4
9.74e-05 -0.96 1.6
9.75e-05 -0.96 1.8
9.76e-05 -0.96 1.8
9.77e-05 -0.96 1.8
9.78e-05 -0.96 1.8
9.79e-05 -0.8 2
9.8e-05 -0.88 2
9.81e-05 -0.88 2
9.82e-05 -0.8 2
9.83e-05 -0.8 2.2
9.84e-05 -0.8 2.2
9.85e-05 -0.8 2.2
9.86e-05 -0.8 2.4
9.87e-05 -0.8 2.6
9.88e-05 -0.8 2.6
9.89e-05 -0.8 2.6
9.9e-05 -0.72 2.6
9.91e-05 -0.72 2.8
9.92e-05 -0.64 2.8
9.93e-05 -0.72 2.8
9.94e-05 -0.64 2.8
9.95e-05 -0.72 2.8
9.96e-05 -0.64 3.2
9.97e-05 -0.64 3.2
9.98e-05 -0.64 3
9.99e-05 -0.56 3.2
0.0001 -0.56 3.2
0.0001001 -0.56 3.2
0.0001002 -0.64 3.4
0.0001003 -0.56 3.4
0.0001004 -0.48 3.4
0.0001005 -0.48 3.4
0.0001006 -0.48 3.6
0.0001007 -0.48 3.6
0.0001008 -0.48 3.6
0.0001009 -0.48 3.8
0.000101 -0.48 4
0.0001011 -0.4 4
0.0001012 -0.4 4
0.0001013 -0.4 4
0.0001014 -0.4 4
0.0001015 -0.4 4
0.0001016 -0.32 4
0.0001017 -0.32 4
0.0001018 -0.32 4.2
0.0001019 -0.32 4.2
0.000102 -0.32 4.2
0.0001021 -0.32 4.2
0.0001022 -0.24 4.4
0.0001023 -0.24 4.4
0.0001024 -0.24 4.4
0.0001025 -0.16 4.6
0.0001026 -0.16 4.6
0.0001027 -0.16 4.6
0.0001028 -0.16 4.8
0.0001029 0 4.8
0.000103 -0.16 4.6
0.0001031 0 4.8
0.0001032 0 4.8
0.0001033 0 4.8
0.0001034 0 5
0.0001035 0 4.8
0.0001036 0.08 5
0.0001037 0.08 5
0.0001038 0.08 5.2
0.0001039 0.08 5
0.000104 0.16 5
0.0001041 0.24 5.2
0.0001042 0.24 5
0.0001043 0.24 5.2
0.0001044 0.24 5
0.0001045 0.24 5.2
0.0001046 0.24 5.2
0.0001047 0.24 5.2
0.0001048 0.24 5.2
0.0001049 0.24 5.4
0.000105 0.24 5.4
0.0001051 0.32 5.2
0.0001052 0.32 5.4
0.0001053 0.32 5.4
0.0001054 0.32 5.2
0.0001055 0.4 5.4
0.0001056 0.32 5.6
0.0001057 0.4 5.4
0.0001058 0.4 5.4
0.0001059 0.4 5.6
0.000106 0.4 5.4
0.0001061 0.48 5.6
0.0001062 0.48 5.6
0.0001063 0.56 5.6
0.0001064 0.56 5.6
0.0001065 0.56 5.4
0.0001066 0.56 5.6
0.0001067 0.56 5.6
0.0001068 0.56 5.6
0.0001069 0.56 5.4
0.000107 0.56 5.6
0.0001071 0.56 5.4
0.0001072 0.56 5.6
0.0001073 0.64 5.6
0.0001074 0.64 5.6
0.0001075 0.72 5.6
0.0001076 0.64 5.6
0.0001077 0.72 5.6
0.0001078 0.72 5.4
0.0001079 0.72 5.6
0.000108 0.72 5.6
0.0001081 0.72 5.6
0.0001082 0.72 5.4
0.0001083 0.8 5.6
0.0001084 0.8 5.4
0.0001085 0.72 5.4
0.0001086 0.88 5.6
0.0001087 0.88 5.4
0.0001088 0.8 5.4
0.0001089 0.88 5.2
0.000109 0.88 5.4
0.0001091 0.88 5.4
0.0001092 0.88 5.2
0.0001093 0.88 5.4
0.0001094 0.88 5.4
0.0001095 0.88 5.4
0.0001096 0.96 5.4
0.0001097 0.88 5.2
0.0001098 0.96 5.2
0.0001099 0.96 5.2
0.00011 0.96 5.2
0.0001101 1.04 5
0.0001102 1.04 5.2
0.0001103 0.96 5
0.0001104 1.04 5
0.0001105 1.04 5
0.0001106 1.04 5
0.0001107 1.04 5
0.0001108 1.04 5
0.0001109 1.04 5
0.000111 1.12 4.8
0.0001111 1.12 5
0.0001112 1.04 4.6
0.0001113 1.04 4.8
0.0001114 1.12 4.6
0.0001115 1.12 4.6
0.0001116 1.12 4.6
0.0001117 1.12 4.4
0.0001118 1.2 4.6
0.0001119 1.2 4.4
0.000112 1.2 4.4
0.0001121 1.2 4.4
0.0001122 1.2 4.4
0.0001123 1.2 4.2
0.0001124 1.2 4.2
0.0001125 1.2 4.2
0.0001126 1.2 4.2
0.0001127 1.2 4.2
0.0001128 1.2 4
0.0001129 1.2 4
0.000113 1.2 4
0.0001131 1.28 4
0.0001132 1.2 4
0.0001133 1.2 3.8
0.0001134 1.28 4
0.0001135 1.28 3.6
0.0001136 1.2 3.8
0.0001137 1.2 3.6
0.0001138 1.2 3.4
0.0001139 1.2 3.4
0.000114 1.2 3.4
0.0001141 1.28 3.4
0.0001142 1.28 3.2
0.0001143 1.28 3.2
0.0001144 1.28 3.2
0.0001145 1.28 3.2
0.0001146 1.2 3.2
0.0001147 1.2 3.2
0.0001148 1.28 3
0.0001149 1.28 3
0.000115 1.28 3
0.0001151 1.28 2.6
0.0001152 1.28 3
0.0001153 1.28 2.6
0.0001154 1.28 2.8
0.0001155 1.28 2.6
0.0001156 1.2 2.4
0.0001157 1.28 2.6
0.0001158 1.2 2.4
0.0001159 1.2 2.4
0.000116 1.28 2.2
0.0001161 1.28 2.4
0.0001162 1.28 2.2
0.0001163 1.28 2
0.0001164 1.28 2
0.0001165 1.28 1.8
0.0001166 1.2 1.8
0.0001167 1.28 1.8
0.0001168 1.2 1.8
0.0001169 1.28 1.8
0.000117 1.28 1.6
0.0001171 1.2 1.6
0.0001172 1.2 1.4
0.0001173 1.2 1.4
0.0001174 1.2 1.2
0.0001175 1.28 1.2
0.0001176 1.2 1
0.0001177 1.2 1.2
0.0001178 1.2 1
0.0001179 1.2 1
0.000118 1.2 1
0.0001181 1.2 0.8
0.0001182 1.2 0.6
0.0001183 1.2 0.8
0.0001184 1.2 0.8
0.0001185 1.2 0.4
0.0001186 1.2 0.4
0.0001187 1.2 0.4
0.0001188 1.2 0.2
0.0001189 1.2 0.2
0.000119 1.2 0.2
0.0001191 1.2 0
0.0001192 1.04 0
0.0001193 1.2 0
0.0001194 1.04 0
0.0001195 1.12 -0.4
0.0001196 1.12 0
0.0001197 1.12 -0.4
0.0001198 1.04 -0.4
0.0001199 1.04 -0.6
0.00012 1.04 -0.6
0.0001201 1.12 -0.8
0.0001202 1.04 -0.8
0.0001203 1.04 -0.8
0.0001204 1.04 -1
0.0001205 1.04 -1
0.0001206 0.96 -1.2
0.0001207 1.04 -1.2
0.0001208 0.96 -1.4
0.0001209 0.96 -1.4
0.000121 0.96 -1.6
0.0001211 0.96 -1.4
0.0001212 0.96 -1.6
0.0001213 0.96 -1.6
0.0001214 0.96 -1.6
0.0001215 0.96 -1.8
0.0001216 0.88 -2
0.0001217 0.88 -2
0.0001218 0.88 -1.8
0.0001219 0.88 -2.2
0.000122 0.88 -2.2
0.0001221 0.88 -2.2
0.0001222 0.88 -2.4
0.0001223 0.88 -2.4
0.0001224 0.8 -2.4
0.0001225 0.72 -2.6
0.0001226 0.8 -2.6
0.0001227 0.72 -2.6
0.0001228 0.72 -2.6
0.0001229 0.72 -2.8
0.000123 0.72 -2.8
0.0001231 0.72 -3
0.0001232 0.64 -3
0.0001233 0.72 -3
0.0001234 0.72 -3.2
0.0001235 0.64 -3.2
0.0001236 0.64 -3.2
0.0001237 0.64 -3.2
0.0001238 0.56 -3.4
0.0001239 0.64 -3.4
0.000124 0.56 -3.6
0.0001241 0.56 -3.4
0.0001242 0.56 -3.8
0.0001243 0.56 -3.6
0.0001244 0.56 -3.8
0.0001245 0.56 -3.8
0.0001246 0.56 -3.8
0.0001247 0.48 -3.8
0.0001248 0.48 -4
0.0001249 0.4 -4
0.000125 0.4 -4
0.0001251 0.4 -4.2
0.0001252 0.4 -4
0.0001253 0.4 -4.2
0.0001254 0.4 -4.4
0.0001255 0.32 -4.4
0.0001256 0.32 -4.6
0.0001257 0.32 -4.4
0.0001258 0.32 -4.6
0.0001259 0.24 -4.6
0.000126 0.24 -4.6
0.0001261 0.24 -4.6
0.0001262 0.24 -4.8
0.0001263 0.24 -4.8
0.0001264 0.24 -4.8
0.0001265 0.24 -5
0.0001266 0.24 -5
0.0001267 0.24 -5
0.0001268 0.16 -4.8
0.0001269 0.24 -5
0.000127 0.08 -5
0.0001271 0.08 -5.2
0.0001272 0.08 -5.4
0.0001273 0.08 -5
0.0001274 0 -5.4
0.0001275 0 -5.4
0.0001276 0 -5.4
0.0001277 0 -5.4
0.0001278 0 -5.4
0.0001279 0 -5.4
0.000128 -0.16 -5.6
0.0001281 -0.16 -5.6
0.0001282 -0.16 -5.4
0.0001283 -0.16 -5.8
0.0001284 -0.16 -5.6
0.0001285 -0.16 -5.8
0.0001286 -0.16 -5.8
0.0001287 -0.24 -5.8
0.0001288 -0.24 -5.8
0.0001289 -0.32 -5.8
0.000129 -0.24 -6
0.0001291 -0.32 -6
0.0001292 -0.32 -6
0.0001293 -0.24 -5.8
0.0001294 -0.4 -6
0.0001295 -0.4 -6
0.0001296 -0.4 -5.8
0.0001297 -0.4 -6
0.0001298 -0.4 -5.8
0.0001299 -0.4 -6
0.00013 -0.48 -6
0.0001301 -0.48 -6.2
0.0001302 -0.48 -6.2
0.0001303 -0.48 -6.2
0.0001304 -0.48 -6.4
0.0001305 -0.48 -6.4
0.0001306 -0.48 -6.2
0.0001307 -0.56 -6.2
0.0001308 -0.56 -6.4
0.0001309 -0.56 -6.4
0.000131 -0.64 -6.4
0.0001311 -0.64 -6.4
0.0001312 -0.64 -6.2
0.0001313 -0.64 -6.4
0.0001314 -0.64 -6.2
0.0001315 -0.64 -6.4
0.0001316 -0.72 -6.4
0.0001317 -0.72 -6.4
0.0001318 -0.72 -6.2
0.0001319 -0.72 -6.4
0.000132 -0.72 -6.4
0.0001321 -0.8 -6.2
0.0001322 -0.72 -6.4
0.0001323 -0.8 -6.4
0.0001324 -0.8 -6.4
0.0001325 -0.8 -6.4
0.0001326 -0.8 -6.4
0.0001327 -0.8 -6.4
0.0001328 -0.88 -6.2
0.0001329 -0.8 -6.4
0.000133 -0.88 -6.4
0.0001331 -0.96 -6.2
0.0001332 -0.96 -6.4
0.0001333 -0.96 -6.4
0.0001334 -0.96 -6.2
0.0001335 -0.96 -6.4
0.0001336 -1.04 -6.4
0.0001337 -1.04 -6.2
0.0001338 -1.04 -6.4
0.0001339 -1.04 -6.2
0.000134 -1.04 -6.2
0.0001341 -1.04 -6.2
0.0001342 -1.04 -6.4
0.0001343 -1.12 -6.2
0.0001344 -1.12 -6.4
0.0001345 -1.12 -6.2
0.0001346 -1.12 -6
0.0001347 -1.12 -6
0.0001348 -1.12 -5.8
0.0001349 -1.12 -6
0.000135 -1.12 -5.8
0.0001351 -1.12 -5.8
0.0001352 -1.12 -5.8
0.0001353 -1.12 -5.8
0.0001354 -1.2 -5.8
0.0001355 -1.12 -5.8
0.0001356 -1.2 -5.8
0.0001357 -1.12 -5.8
0.0001358 -1.28 -5.8
0.0001359 -1.2 -5.8
0.000136 -1.28 -5.6
0.0001361 -1.12 -5.8
0.0001362 -1.28 -5.6
0.0001363 -1.28 -5.8
0.0001364 -1.28 -5.6
0.0001365 -1.28 -5.4
0.0001366 -1.28 -5.6
0.0001367 -1.28 -5.6
0.0001368 -1.28 -5.4
0.0001369 -1.28 -5.4
0.000137 -1.28 -5.4
0.0001371 -1.36 -5.2
0.0001372 -1.28 -5.2
0.0001373 -1.36 -5.2
0.0001374 -1.28 -5
0.0001375 -1.36 -5
0.0001376 -1.36 -5
0.0001377 -1.36 -4.8
0.0001378 -1.36 -5
0.0001379 -1.36 -4.8
0.000138 -1.36 -4.8
0.0001381 -1.36 -4.8
0.0001382 -1.36 -4.6
0.0001383 -1.36 -4.8
0.0001384 -1.36 -4.6
0.0001385 -1.36 -4.4
0.0001386 -1.44 -4.4
0.0001387 -1.44 -4.6
0.0001388 -1.36 -4.4
0.0001389 -1.44 -4.2
0.000139 -1.36 -4.4
0.0001391 -1.44 -4.2
0.0001392 -1.44 -4.2
0.0001393 -1.44 -4.2
0.0001394 -1.44 -4
0.0001395 -1.44 -4
0.0001396 -1.44 -4
0.0001397 -1.36 -4
0.0001398 -1.44 -3.8
0.0001399 -1.44 -3.8
0.00014 -1.44 -3.8
0.0001401 -1.44 -3.6
0.0001402 -1.36 -3.6
0.0001403 -1.44 -3.6
0.0001404 -1.44 -3.4
0.0001405 -1.44 -3.2
0.0001406 -1.44 -3.4
0.0001407 -1.44 -3.2
0.0001408 -1.36 -3.2
0.0001409 -1.44 -3.4
0.000141 -1.44 -3.2
0.0001411 -1.44 -3.2
0.0001412 -1.44 -3
0.0001413 -1.44 -3
0.0001414 -1.44 -2.6
0.0001415 -1.36 -2.6
0.0001416 -1.44 -2.6
0.0001417 -1.44 -2.4
0.0001418 -1.44 -2.4
0.0001419 -1.44 -2.4
0.000142 -1.36 -2.4
0.0001421 -1.44 -2.2
0.0001422 -1.36 -2.4
0.0001423 -1.44 -2
0.0001424 -1.36 -2.2
0.0001425 -1.44 -2
0.0001426 -1.44 -2
0.0001427 -1.36 -2
0.0001428 -1.44 -1.8
0.0001429 -1.36 -1.8
0.000143 -1.36 -1.6
0.0001431 -1.36 -1.6
0.0001432 -1.36 -1.6
0.0001433 -1.36 -1.4
0.0001434 -1.36 -1.4
0.0001435 -1.28 -1.2
0.0001436 -1.28 -1.4
0.0001437 -1.36 -1.2
0.0001438 -1.36 -1.2
0.0001439 -1.28 -1
0.000144 -1.28 -1
0.0001441 -1.28 -1
0.0001442 -1.28 -1
0.0001443 -1.28 -0.8
0.0001444 -1.2 -0.6
0.0001445 -1.28 -0.6
0.0001446 -1.28 -0.4
0.0001447 -1.28 -0.6
0.0001448 -1.2 0
0.0001449 -1.2 0
0.000145 -1.2 0
0.0001451 -1.28 0
0.0001452 -1.28 0
0.0001453 -1.2 0.2
0.0001454 -1.2 0.2
0.0001455 -1.2 0.4
0.0001456 -1.2 0.2
0.0001457 -1.12 0.4
0.0001458 -1.12 0.4
0.0001459 -1.12 0.4
0.000146 -1.12 0.4
0.0001461 -1.12 0.4
0.0001462 -1.12 0.8
0.0001463 -1.12 0.8
0.0001464 -1.04 1
0.0001465 -1.04 1
0.0001466 -1.04 1
0.0001467 -1.12 1.2
0.0001468 -1.04 1.2
0.0001469 -1.04 1.2
0.000147 -1.04 1.4
0.0001471 -0.96 1.6
0.0001472 -1.04 1.4
0.0001473 -0.96 1.6
0.0001474 -1.04 1.6
0.0001475 -1.04 1.8
0.0001476 -0.96 1.8
0.0001477 -0.96 1.8
0.0001478 -0.96 2
0.0001479 -0.96 2
0.000148 -0.88 2
0.0001481 -0.88 2
0.0001482 -0.8 2.2
0.0001483 -0.8 2.2
0.0001484 -0.8 2.2
0.0001485 -0.8 2.4
0.0001486 -0.8 2.4
0.0001487 -0.8 2.4
0.0001488 -0.8 2.6
0.0001489 -0.72 2.8
0.000149 -0.72 2.6
0.0001491 -0.72 2.6
0.0001492 -0.72 2.8
0.0001493 -0.72 2.8
0.0001494 -0.72 3
0.0001495 -0.72 3
0.0001496 -0.64 3.2
0.0001497 -0.64 3.2
0.0001498 -0.64 3.4
0.0001499 -0.64 3.2
0.00015 -0.56 3.2
0.0001501 -0.64 3.4
0.0001502 -0.56 3.4
0.0001503 -0.48 3.4
0.0001504 -0.48 3.6
0.0001505 -0.48 3.6
0.0001506 -0.48 3.4
0.0001507 -0.48 3.6
0.0001508 -0.48 3.6
0.0001509 -0.48 3.6
0.000151 -0.4 4
0.0001511 -0.4 3.8
0.0001512 -0.4 4
0.0001513 -0.4 3.8
0.0001514 -0.4 4.2
0.0001515 -0.32 4
0.0001516 -0.32 4
0.0001517 -0.32 4.2
0.0001518 -0.32 4.2
0.0001519 -0.24 4.4
0.000152 -0.24 4.2
0.0001521 -0.24 4.4
0.0001522 -0.16 4.4
0.0001523 -0.16 4.4
0.0001524 -0.16 4.6
0.0001525 -0.16 4.4
0.0001526 -0.16 4.6
0.0001527 -0.16 4.4
0.0001528 -0.16 4.6
0.0001529 -0.16 4.6
0.000153 0 4.8
0.0001531 -0.16 4.6
0.0001532 0 4.8
0.0001533 0 5
0.0001534 0 4.8
0.0001535 0.08 5
0.0001536 0.08 4.8
0.0001537 0.08 5
0.0001538 0.08 5
0.0001539 0.08 5.2
0.000154 0.08 5
0.0001541 0.24 5
0.0001542 0.16 5
0.0001543 0.16 5
0.0001544 0.24 5.2
0.0001545 0.24 5.2
0.0001546 0.24 5.4
0.0001547 0.24 5.2
0.0001548 0.24 5.4
0.0001549 0.24 5.2
0.000155 0.32 5.2
0.0001551 0.32 5.4
0.0001552 0.32 5.2
0.0001553 0.32 5.4
0.0001554 0.32 5.6
0.0001555 0.4 5.6
0.0001556 0.32 5.4
0.0001557 0.4 5.4
0.0001558 0.4 5.4
0.0001559 0.4 5.4
0.000156 0.4 5.6
0.0001561 0.48 5.4
0.0001562 0.56 5.6
0.0001563 0.48 5.6
0.0001564 0.56 5.4
0.0001565 0.56 5.4
0.0001566 0.56 5.4
0.0001567 0.56 5.6
0.0001568 0.56 5.6
0.0001569 0.56 5.6
0.000157 0.64 5.6
0.0001571 0.64 5.6
0.0001572 0.56 5.6
0.0001573 0.64 5.6
0.0001574 0.72 5.6
0.0001575 0.64 5.6
0.0001576 0.72 5.6
0.0001577 0.64 5.4
0.0001578 0.72 5.6
0.0001579 0.72 5.4
0.000158 0.72 5.4
0.0001581 0.72 5.4
0.0001582 0.8 5.4
0.0001583 0.88 5.6
0.0001584 0.72 5.4
0.0001585 0.88 5.6
0.0001586 0.8 5.2
0.0001587 0.8 5.4
0.0001588 0.88 5.4
0.0001589 0.88 5.4
0.000159 0.88 5.4
0.0001591 0.88 5.4
0.0001592 0.96 5.4
0.0001593 0.88 5.2
0.0001594 0.96 5.4
0.0001595 0.88 5.2
0.0001596 0.96 5.2
0.0001597 0.88 5.2
0.0001598 0.96 5
0.0001599 0.96 5.2
0.00016 0.96 5
0.0001601 0.96 5.2
0.0001602 1.04 5
0.0001603 1.04 5.2
0.0001604 1.04 5
0.0001605 1.04 5
0.0001606 1.04 5
0.0001607 1.04 5
0.0001608 1.04 4.8
0.0001609 1.04 4.8
0.000161 1.12 4.8
0.0001611 1.04 5
0.0001612 1.04 4.8
0.0001613 1.04 4.8
0.0001614 1.2 4.6
0.0001615 1.12 4.6
0.0001616 1.12 4.4
0.0001617 1.12 4.6
0.0001618 1.12 4.4
0.0001619 1.2 4.6
0.000162 1.2 4.4
0.0001621 1.2 4.4
0.0001622 1.2 4.4
0.0001623 1.2 4.4
0.0001624 1.2 4.2
0.0001625 1.2 4.2
0.0001626 1.2 4.2
0.0001627 1.2 4.2
0.0001628 1.2 4.2
0.0001629 1.2 4
0.000163 1.2 4
0.0001631 1.2 4
0.0001632 1.2 3.8
0.0001633 1.2 4
0.0001634 1.2 3.8
0.0001635 1.2 3.8
0.0001636 1.2 3.6
0.0001637 1.28 3.6
0.0001638 1.2 3.6
0.0001639 1.2 3.6
0.000164 1.28 3.4
0.0001641 1.2 3.4
0.0001642 1.28 3.4
0.0001643 1.2 3.2
0.0001644 1.2 3.4
0.0001645 1.2 3.2
0.0001646 1.28 3.2
0.0001647 1.2 3
0.0001648 1.28 3
0.0001649 1.28 3
0.000165 1.28 2.8
0.0001651 1.28 3
0.0001652 1.2 2.6
0.0001653 1.28 2.6
0.0001654 1.28 2.6
0.0001655 1.28 2.4
0.0001656 1.28 2.6
0.0001657 1.28 2.4
0.0001658 1.28 2.4
0.0001659 1.28 2.4
0.000166 1.28 2.6
0.0001661 1.28 2.2
0.0001662 1.28 2
0.0001663 1.2 2.2
0.0001664 1.2 1.8
0.0001665 1.28 2
0.0001666 1.2 1.8
0.0001667 1.28 1.8
0.0001668 1.28 1.6
0.0001669 1.2 1.8
0.000167 1.2 1.6
0.0001671 1.2 1.6
0.0001672 1.28 1.6
0.0001673 1.2 1.4
0.0001674 1.2 1.4
0.0001675 1.2 1.2
0.0001676 1.2 1.2
0.0001677 1.2 1
0.0001678 1.2 1
0.0001679 1.2 0.8
0.000168 1.2 0.8
0.0001681 1.2 0.8
0.0001682 1.2 0.6
0.0001683 1.2 0.6
0.0001684 1.2 0.6
0.0001685 1.2 0.6
0.0001686 1.2 0.4
0.0001687 1.2 0.4
0.0001688 1.12 0.4
0.0001689 1.2 0.2
0.000169 1.2 0.2
0.0001691 1.12 0.2
0.0001692 1.2 0
0.0001693 1.12 0
0.0001694 1.12 0
0.0001695 1.04 0
0.0001696 1.12 -0.4
0.0001697 1.04 -0.6
0.0001698 1.04 -0.6
0.0001699 1.04 -0.6
0.00017 1.04 -0.8
0.0001701 1.04 -0.8
0.0001702 1.04 -1
0.0001703 1.04 -0.8
0.0001704 1.04 -0.8
0.0001705 1.04 -1
0.0001706 1.04 -1
0.0001707 1.04 -1.4
0.0001708 0.96 -1.2
0.0001709 0.96 -1.4
0.000171 0.96 -1.4
0.0001711 0.96 -1.6
0.0001712 0.96 -1.6
0.0001713 0.96 -1.8
0.0001714 0.88 -1.8
0.0001715 0.96 -1.8
0.0001716 0.96 -2
0.0001717 0.96 -1.8
0.0001718 0.88 -2.2
0.0001719 0.88 -2
0.000172 0.88 -2.2
0.0001721 0.88 -2.2
0.0001722 0.88 -2.2
0.0001723 0.8 -2.4
0.0001724 0.8 -2.4
0.0001725 0.88 -2.4
0.0001726 0.72 -2.6
0.0001727 0.72 -2.6
0.0001728 0.72 -2.6
0.0001729 0.72 -2.8
0.000173 0.72 -3
0.0001731 0.72 -3
0.0001732 0.72 -3
0.0001733 0.72 -3
0.0001734 0.72 -3.2
0.0001735 0.64 -3.2
0.0001736 0.64 -3.4
0.0001737 0.64 -3.4
0.0001738 0.64 -3.4
0.0001739 0.64 -3.4
0.000174 0.64 -3.4
0.0001741 0.56 -3.4
0.0001742 0.56 -3.4
0.0001743 0.56 -3.6
0.0001744 0.56 -3.6
0.0001745 0.56 -3.8
0.0001746 0.56 -3.8
0.0001747 0.48 -4
0.0001748 0.4 -4
0.0001749 0.4 -4
0.000175 0.4 -4.2
0.0001751 0.4 -4
0.0001752 0.4 -4.2
0.0001753 0.4 -4.2
0.0001754 0.4 -4.4
0.0001755 0.4 -4.4
0.0001756 0.4 -4.4
0.0001757 0.32 -4.6
0.0001758 0.32 -4.6
0.0001759 0.32 -4.6
0.000176 0.24 -4.6
0.0001761 0.24 -4.8
0.0001762 0.24 -4.8
0.0001763 0.24 -4.8
0.0001764 0.24 -5
0.0001765 0.24 -4.8
0.0001766 0.24 -5
0.0001767 0.16 -5
0.0001768 0.08 -5
0.0001769 0.16 -5
0.000177 0.08 -5
0.0001771 0.08 -5.2
0.0001772 0.08 -5
0.0001773 0.08 -5.2
0.0001774 0 -5.4
0.0001775 0.08 -5.4
0.0001776 0 -5.4
0.0001777 0 -5.4
0.0001778 -0.16 -5.6
0.0001779 -0.16 -5.4
0.000178 -0.16 -5.6
0.0001781 0 -5.6
0.0001782 -0.16 -5.6
0.0001783 -0.16 -5.6
0.0001784 -0.16 -5.6
0.0001785 -0.16 -5.6
0.0001786 -0.16 -5.8
0.0001787 -0.16 -5.8
0.0001788 -0.24 -5.8
0.0001789 -0.24 -5.8
0.000179 -0.24 -5.8
0.0001791 -0.32 -5.8
0.0001792 -0.32 -5.8
0.0001793 -0.4 -5.8
0.0001794 -0.32 -5.8
0.0001795 -0.32 -6
0.0001796 -0.4 -6.2
0.0001797 -0.4 -6
0.0001798 -0.4 -6.4
0.0001799 -0.48 -6
0.00018 -0.48 -6.2
0.0001801 -0.48 -6.2
0.0001802 -0.48 -6.2
0.0001803 -0.48 -6.2
0.0001804 -0.48 -6.2
0.0001805 -0.48 -6.4
0.0001806 -0.56 -6
0.0001807 -0.48 -6.2
0.0001808 -0.64 -6.2
0.0001809 -0.48 -6.2
0.000181 -0.64 -6.2
0.0001811 -0.64 -6.4
0.0001812 -0.64 -6.4
0.0001813 -0.64 -6.2
0.0001814 -0.72 -6.4
0.0001815 -0.72 -6.2
0.0001816 -0.64 -6.4
0.0001817 -0.72 -6.4
0.0001818 -0.72 -6.4
0.0001819 -0.72 -6.4
0.000182 -0.72 -6.4
0.0001821 -0.8 -6.4
0.0001822 -0.8 -6.2
0.0001823 -0.8 -6.4
0.0001824 -0.8 -6.4
0.0001825 -0.8 -6.4
0.0001826 -0.8 -6.4
0.0001827 -0.8 -6.4
0.0001828 -0.8 -6.4
0.0001829 -0.96 -6.4
0.000183 -0.96 -6.4
0.0001831 -0.96 -6.2
0.0001832 -0.96 -6.4
0.0001833 -0.96 -6.2
0.0001834 -1.04 -6.2
0.0001835 -1.04 -6.4
0.0001836 -0.96 -6.2
0.0001837 -1.04 -6.2
0.0001838 -1.04 -6.2
0.0001839 -0.96 -6.2
0.000184 -1.04 -6.2
0.0001841 -1.12 -6.2
0.0001842 -1.04 -6.2
0.0001843 -1.04 -6
0.0001844 -1.04 -6.2
0.0001845 -1.12 -6.2
0.0001846 -1.12 -6.2
0.0001847 -1.12 -6
0.0001848 -1.12 -6.2
0.0001849 -1.12 -6
0.000185 -1.12 -5.8
0.0001851 -1.12 -6
0.0001852 -1.12 -5.8
0.0001853 -1.12 -6.2
0.0001854 -1.12 -5.8
0.0001855 -1.12 -5.8
0.0001856 -1.2 -5.8
0.0001857 -1.2 -5.8
0.0001858 -1.2 -5.8
0.0001859 -1.2 -5.6
0.000186 -1.28 -5.6
0.0001861 -1.28 -5.6
0.0001862 -1.28 -5.6
0.0001863 -1.28 -5.4
0.0001864 -1.28 -5.6
0.0001865 -1.28 -5.4
0.0001866 -1.28 -5.4
0.0001867 -1.36 -5.4
0.0001868 -1.28 -5.4
0.0001869 -1.28 -5.4
0.000187 -1.28 -5.4
0.0001871 -1.36 -5.4
0.0001872 -1.36 -5
0.0001873 -1.28 -5.2
0.0001874 -1.36 -5.2
0.0001875 -1.36 -5
0.0001876 -1.28 -5.2
0.0001877 -1.28 -4.8
0.0001878 -1.36 -5
0.0001879 -1.36 -4.8
0.000188 -1.36 -5
0.0001881 -1.36 -4.8
0.0001882 -1.44 -4.8
0.0001883 -1.36 -4.6
0.0001884 -1.36 -4.6
0.0001885 -1.36 -4.6
0.0001886 -1.44 -4.4
0.0001887 -1.36 -4.6
0.0001888 -1.44 -4.4
0.0001889 -1.36 -4.4
0.000189 -1.44 -4.2
0.0001891 -1.44 -4.2
0.0001892 -1.36 -4.2
0.0001893 -1.36 -4
0.0001894 -1.44 -4.2
0.0001895 -1.44 -4
0.0001896 -1.44 -4
0.0001897 -1.44 -3.8
0.0001898 -1.44 -4
0.0001899 -1.44 -3.8
0.00019 -1.44 -3.6
0.0001901 -1.44 -3.8
0.0001902 -1.44 -3.6
0.0001903 -1.44 -3.6
0.0001904 -1.44 -3.4
0.0001905 -1.44 -3.4
0.0001906 -1.44 -3.2
0.0001907 -1.44 -3.2
0.0001908 -1.44 -3.2
0.0001909 -1.44 -3.2
0.000191 -1.44 -3
0.0001911 -1.44 -3
0.0001912 -1.44 -3
0.0001913 -1.44 -3
0.0001914 -1.44 -3
0.0001915 -1.44 -2.6
0.0001916 -1.36 -2.6
0.0001917 -1.44 -2.6
0.0001918 -1.44 -2.6
0.0001919 -1.36 -2.6
0.000192 -1.36 -2.4
0.0001921 -1.36 -2.4
0.0001922 -1.36 -2.4
0.0001923 -1.44 -2.4
0.0001924 -1.44 -2.2
0.0001925 -1.36 -2
0.0001926 -1.44 -1.8
0.0001927 -1.44 -1.8
0.0001928 -1.36 -1.8
0.0001929 -1.36 -1.6
0.000193 -1.36 -1.8
0.0001931 -1.36 -1.6
0.0001932 -1.36 -1.6
0.0001933 -1.36 -1.4
0.0001934 -1.36 -1.4
0.0001935 -1.36 -1.4
0.0001936 -1.36 -1.2
0.0001937 -1.36 -1
0.0001938 -1.36 -1.2
0.0001939 -1.36 -1
0.000194 -1.28 -1
0.0001941 -1.28 -0.8
0.0001942 -1.28 -0.8
0.0001943 -1.28 -0.6
0.0001944 -1.28 -0.8
0.0001945 -1.28 -0.6
0.0001946 -1.28 -0.6
0.0001947 -1.28 -0.4
0.0001948 -1.28 -0.6
0.0001949 -1.28 -0.4
0.000195 -1.2 0
0.0001951 -1.28 0
0.0001952 -1.2 0.2
0.0001953 -1.2 0
0.0001954 -1.12 0.2
0.0001955 -1.2 0.2
0.0001956 -1.12 0.4
0.0001957 -1.12 0.4
0.0001958 -1.12 0.4
0.0001959 -1.12 0.6
0.000196 -1.12 0.6
0.0001961 -1.12 0.8
0.0001962 -1.12 0.6
0.0001963 -1.12 0.8
0.0001964 -1.04 1
0.0001965 -1.12 1
0.0001966 -1.12 1
0.0001967 -1.04 1
0.0001968 -1.04 1
0.0001969 -1.12 1.2
0.000197 -1.04 1.4
0.0001971 -1.04 1.4
0.0001972 -1.04 1.4
0.0001973 -1.04 1.4
0.0001974 -0.96 1.6
0.0001975 -0.96 1.6
0.0001976 -0.96 1.6
0.0001977 -0.96 2
0.0001978 -0.96 1.8
0.0001979 -0.88 2
0.000198 -0.88 2
0.0001981 -0.8 2.2
0.0001982 -0.88 2.2
0.0001983 -0.8 2.2
0.0001984 -0.8 2.2
0.0001985 -0.88 2.2
0.0001986 -0.8 2.4
0.0001987 -0.8 2.4
0.0001988 -0.8 2.6
0.0001989 -0.72 2.6
0.000199 -0.8 2.6
0.0001991 -0.72 2.8
0.0001992 -0.72 2.8
0.0001993 -0.72 3
0.0001994 -0.72 2.8
0.0001995 -0.64 3.2
0.0001996 -0.64 3
0.0001997 -0.64 3.2
0.0001998 -0.64 3.2
0.0001999 -0.64 3.2
0.0002 -0.64 3.4
0.0002001 -0.48 3.2
0.0002002 -0.56 3.4
0.0002003 -0.48 3.4
0.0002004 -0.48 3.4
0.0002005 -0.48 3.6
0.0002006 -0.48 3.6
0.0002007 -0.48 3.6
0.0002008 -0.48 3.6
0.0002009 -0.4 4
0.000201 -0.48 4
0.0002011 -0.4 4
0.0002012 -0.4 4
0.0002013 -0.4 4
0.0002014 -0.4 4
0.0002015 -0.4 4.2
0.0002016 -0.32 4.2
0.0002017 -0.32 4
0.0002018 -0.32 4.2
0.0002019 -0.32 4.2
0.000202 -0.32 4.4
0.0002021 -0.32 4.2
0.0002022 -0.24 4.2
0.0002023 -0.24 4.4
0.0002024 -0.16 4.2
0.0002025 -0.16 4.4
0.0002026 -0.16 4.4
0.0002027 -0.16 4.6
0.0002028 -0.16 4.6
0.0002029 0 4.6
0.000203 0 4.6
0.0002031 -0.16 4.8
0.0002032 0 4.8
0.0002033 0 5
0.0002034 0 5
0.0002035 0 4.8
0.0002036 0.08 5
0.0002037 0.08 5
0.0002038 0.08 5
0.0002039 0.08 5
0.000204 0.08 5
0.0002041 0.08 5.2
0.0002042 0.16 5
0.0002043 0.24 5.2
0.0002044 0.24 5.2
0.0002045 0.24 5.2
0.0002046 0.24 5.2
0.0002047 0.24 5.2
0.0002048 0.32 5.2
0.0002049 0.24 5.2
0.000205 0.32 5.2
0.0002051 0.32 5.2
0.0002052 0.32 5.4
0.0002053 0.4 5.4
0.0002054 0.32 5.4
0.0002055 0.32 5.4
0.0002056 0.4 5.2
0.0002057 0.32 5.4
0.0002058 0.4 5.6
0.0002059 0.48 5.6
0.000206 0.48 5.6
0.0002061 0.4 5.6
0.0002062 0.48 5.6
0.0002063 0.48 5.6
0.0002064 0.48 5.6
0.0002065 0.56 5.6
0.0002066 0.56 5.8
0.0002067 0.56 5.6
0.0002068 0.64 5.6
0.0002069 0.56 5.6
0.000207 0.56 5.6
0.0002071 0.56 5.6
0.0002072 0.64 5.4
0.0002073 0.64 5.6
0.0002074 0.64 5.4
0.0002075 0.64 5.6
0.0002076 0.64 5.4
0.0002077 0.72 5.6
0.0002078 0.72 5.4
0.0002079 0.72 5.6
0.000208 0.72 5.6
0.0002081 0.72 5.4
0.0002082 0.8 5.6
0.0002083 0.72 5.6
0.0002084 0.88 5.6
0.0002085 0.88 5.6
0.0002086 0.72 5.6
0.0002087 0.88 5.2
0.0002088 0.88 5.4
0.0002089 0.88 5.6
0.000209 0.88 5.2
0.0002091 0.88 5.4
0.0002092 0.88 5.4
0.0002093 0.96 5.2
0.0002094 0.88 5.2
0.0002095 0.96 5.4
0.0002096 0.88 5.4
0.0002097 0.96 5.2
0.0002098 0.96 5.4
0.0002099 0.96 5
0.00021 0.96 5.2
0.0002101 0.96 5.2
0.0002102 1.04 5.2
0.0002103 1.04 5
0.0002104 1.04 5
0.0002105 0.96 5.2
0.0002106 1.04 4.8
0.0002107 0.96 5
0.0002108 1.04 5
0.0002109 1.04 4.8
0.000211 1.04 4.8
0.0002111 1.04 4.8
0.0002112 1.04 4.8
0.0002113 1.2 4.6
0.0002114 1.04 4.8
0.0002115 1.04 4.6
0.0002116 1.04 4.8
0.0002117 1.04 4.6
0.0002118 1.12 4.4
0.0002119 1.2 4.4
0.000212 1.2 4.4
0.0002121 1.2 4.4
0.0002122 1.2 4.2
0.0002123 1.2 4.2
0.0002124 1.2 4.2
0.0002125 1.2 4.2
0.0002126 1.2 4.2
0.0002127 1.2 4.2
0.0002128 1.2 4
0.0002129 1.2 4
0.000213 1.2 4
0.0002131 1.2 4
0.0002132 1.2 4
0.0002133 1.2 3.8
0.0002134 1.2 4
0.0002135 1.2 4
0.0002136 1.28 3.8
0.0002137 1.2 3.6
0.0002138 1.2 3.6
0.0002139 1.28 3.6
0.000214 1.2 3.4
0.0002141 1.28 3.4
0.0002142 1.28 3.4
0.0002143 1.2 3.2
0.0002144 1.2 3.2
0.0002145 1.2 3.2
0.0002146 1.2 3.2
0.0002147 1.28 3.2
0.0002148 1.2 3
0.0002149 1.28 3
0.000215 1.2 3
0.0002151 1.28 2.8
0.0002152 1.28 2.8
0.0002153 1.28 2.6
0.0002154 1.28 2.6
0.0002155 1.28 2.6
0.0002156 1.28 2.4
0.0002157 1.28 2.6
0.0002158 1.28 2.4
0.0002159 1.28 2.4
0.000216 1.28 2.2
0.0002161 1.2 2.2
0.0002162 1.28 2.2
0.0002163 1.28 2
0.0002164 1.28 2
0.0002165 1.2 1.8
0.0002166 1.28 1.8
0.0002167 1.2 1.8
0.0002168 1.28 1.8
0.0002169 1.2 1.6
0.000217 1.2 1.6
0.0002171 1.2 1.8
0.0002172 1.28 1.4
0.0002173 1.2 1.4
0.0002174 1.2 1.2
0.0002175 1.2 1.2
0.0002176 1.2 1
0.0002177 1.2 1
0.0002178 1.2 1
0.0002179 1.2 1
0.000218 1.2 1
0.0002181 1.2 0.8
0.0002182 1.2 0.8
0.0002183 1.2 0.8
0.0002184 1.2 0.6
0.0002185 1.2 0.6
0.0002186 1.2 0.4
0.0002187 1.2 0.4
0.0002188 1.2 0.2
0.0002189 1.2 0.2
0.000219 1.2 0.2
0.0002191 1.2 0.2
0.0002192 1.12 0
0.0002193 1.12 0
0.0002194 1.2 -0.4
0.0002195 1.12 -0.4
0.0002196 1.2 -0.4
0.0002197 1.04 -0.6
0.0002198 1.12 -0.4
0.0002199 1.12 -0.8
0.00022 1.04 -0.6
0.0002201 1.04 -0.8
0.0002202 1.04 -0.8
0.0002203 1.04 -1
0.0002204 1.04 -1
0.0002205 1.04 -1
0.0002206 1.04 -1.2
0.0002207 0.96 -1
0.0002208 0.96 -1.2
0.0002209 0.96 -1.4
0.000221 0.96 -1.6
0.0002211 0.96 -1.4
0.0002212 0.96 -1.6
0.0002213 0.96 -1.6
0.0002214 0.96 -1.6
0.0002215 0.88 -1.8
0.0002216 0.88 -1.8
0.0002217 0.88 -2
0.0002218 0.88 -2
0.0002219 0.88 -2.2
0.000222 0.88 -2.2
0.0002221 0.88 -2.2
0.0002222 0.88 -2.4
0.0002223 0.88 -2.2
0.0002224 0.88 -2.4
0.0002225 0.88 -2.6
0.0002226 0.72 -2.6
0.0002227 0.8 -2.6
0.0002228 0.72 -2.6
0.0002229 0.8 -2.8
0.000223 0.72 -2.8
0.0002231 0.72 -3
0.0002232 0.72 -2.8
0.0002233 0.72 -3
0.0002234 0.64 -3.2
0.0002235 0.64 -3.2
0.0002236 0.64 -3.2
0.0002237 0.56 -3.2
0.0002238 0.64 -3.4
0.0002239 0.56 -3.4
0.000224 0.64 -3.4
0.0002241 0.56 -3.4
0.0002242 0.64 -3.6
0.0002243 0.56 -3.6
0.0002244 0.56 -3.8
0.0002245 0.56 -4
0.0002246 0.56 -4
0.0002247 0.56 -3.8
0.0002248 0.48 -3.8
0.0002249 0.4 -4
0.000225 0.4 -4
0.0002251 0.4 -4.2
0.0002252 0.4 -4
0.0002253 0.32 -4.2
0.0002254 0.4 -4.4
0.0002255 0.4 -4.2
0.0002256 0.4 -4.4
0.0002257 0.32 -4.4
0.0002258 0.32 -4.6
0.0002259 0.24 -4.8
0.000226 0.24 -4.6
0.0002261 0.24 -4.8
0.0002262 0.24 -4.8
0.0002263 0.24 -4.8
0.0002264 0.24 -4.8
0.0002265 0.24 -5
0.0002266 0.24 -5
0.0002267 0.24 -4.8
0.0002268 0.24 -5
0.0002269 0.24 -5
0.000227 0.08 -5.2
0.0002271 0 -5.2
0.0002272 0.08 -5.4
0.0002273 0 -5.2
0.0002274 0 -5.4
0.0002275 0 -5.6
0.0002276 0 -5.4
0.0002277 0 -5.6
0.0002278 0 -5.4
0.0002279 0 -5.6
0.000228 -0.16 -5.4
0.0002281 -0.16 -5.6
0.0002282 -0.16 -5.6
0.0002283 -0.16 -5.6
0.0002284 -0.16 -5.6
0.0002285 -0.16 -5.6
0.0002286 -0.24 -5.6
0.0002287 -0.32 -5.6
0.0002288 -0.24 -5.8
0.0002289 -0.32 -5.8
0.000229 -0.32 -6
0.0002291 -0.32 -5.8
0.0002292 -0.32 -5.8
0.0002293 -0.4 -6
0.0002294 -0.32 -6
0.0002295 -0.4 -6
0.0002296 -0.4 -6.2
0.0002297 -0.4 -6.2
0.0002298 -0.4 -6.2
0.0002299 -0.48 -6.2
0.00023 -0.4 -6.2
0.0002301 -0.48 -6.2
0.0002302 -0.48 -6
0.0002303 -0.48 -6
0.0002304 -0.48 -6.4
0.0002305 -0.56 -6
0.0002306 -0.48 -6.2
0.0002307 -0.56 -6
0.0002308 -0.64 -6.4
0.0002309 -0.56 -6.2
0.000231 -0.64 -6.2
0.0002311 -0.64 -6.4
0.0002312 -0.64 -6.2
0.0002313 -0.64 -6.4
0.0002314 -0.64 -6.4
0.0002315 -0.64 -6.4
0.0002316 -0.72 -6.2
0.0002317 -0.72 -6.4
0.0002318 -0.72 -6.4
0.0002319 -0.8 -6.2
0.000232 -0.8 -6.4
0.0002321 -0.72 -6.4
0.0002322 -0.72 -6.4
0.0002323 -0.8 -6.2
0.0002324 -0.8 -6.4
0.0002325 -0.8 -6.4
0.0002326 -0.88 -6.2
0.0002327 -0.8 -6.4
0.0002328 -0.88 -6.2
0.0002329 -0.96 -6.4
0.000233 -0.96 -6.4
0.0002331 -0.88 -6.2
0.0002332 -0.96 -6.2
0.0002333 -0.96 -6.2
0.0002334 -1.04 -6.2
0.0002335 -0.96 -6.2
0.0002336 -0.96 -6.2
0.0002337 -0.96 -6.2
0.0002338 -1.04 -6.4
0.0002339 -1.04 -6
0.000234 -1.04 -6.2
0.0002341 -1.04 -6.2
0.0002342 -1.04 -6.2
0.0002343 -1.12 -6.4
0.0002344 -1.12 -6.2
0.0002345 -1.04 -6.2
0.0002346 -1.12 -6
0.0002347 -1.12 -6.2
0.0002348 -1.12 -5.8
0.0002349 -1.12 -6
0.000235 -1.12 -5.8
0.0002351 -1.12 -5.8
0.0002352 -1.12 -6
0.0002353 -1.12 -5.8
0.0002354 -1.12 -5.8
0.0002355 -1.2 -5.8
0.0002356 -1.12 -5.8
0.0002357 -1.2 -5.8
0.0002358 -1.2 -5.8
0.0002359 -1.2 -5.6
0.000236 -1.12 -5.6
0.0002361 -1.28 -5.8
0.0002362 -1.28 -5.6
0.0002363 -1.28 -5.6
0.0002364 -1.28 -5.4
0.0002365 -1.28 -5.6
0.0002366 -1.28 -5.6
0.0002367 -1.28 -5.4
0.0002368 -1.28 -5.4
0.0002369 -1.28 -5.4
0.000237 -1.36 -5.4
0.0002371 -1.28 -5.2
0.0002372 -1.36 -5.2
0.0002373 -1.36 -5
0.0002374 -1.36 -5
0.0002375 -1.36 -5
0.0002376 -1.36 -5
0.0002377 -1.36 -5
0.0002378 -1.36 -4.8
0.0002379 -1.36 -5
0.000238 -1.36 -4.8
0.0002381 -1.36 -4.8
0.0002382 -1.36 -4.6
0.0002383 -1.36 -4.6
0.0002384 -1.36 -4.6
0.0002385 -1.36 -4.6
0.0002386 -1.36 -4.6
0.0002387 -1.36 -4.4
0.0002388 -1.44 -4.4
0.0002389 -1.44 -4.4
0.000239 -1.44 -4.2
0.0002391 -1.44 -4.2
0.0002392 -1.44 -4.2
0.0002393 -1.44 -4.2
0.0002394 -1.44 -4.2
0.0002395 -1.44 -4
0.0002396 -1.44 -4
0.0002397 -1.44 -4
0.0002398 -1.44 -3.8
0.0002399 -1.44 -4
0.00024 -1.44 -3.8
0.0002401 -1.44 -3.6
0.0002402 -1.36 -3.6
0.0002403 -1.44 -3.4
0.0002404 -1.44 -3.4
0.0002405 -1.44 -3.4
0.0002406 -1.36 -3.4
0.0002407 -1.44 -3.2
0.0002408 -1.44 -3.2
0.0002409 -1.44 -3.2
0.000241 -1.44 -3
0.0002411 -1.44 -3.2
0.0002412 -1.44 -3
0.0002413 -1.36 -2.8
0.0002414 -1.44 -2.6
0.0002415 -1.44 -2.8
0.0002416 -1.44 -2.8
0.0002417 -1.44 -2.6
0.0002418 -1.44 -2.6
0.0002419 -1.44 -2.4
0.000242 -1.44 -2.4
0.0002421 -1.44 -2.4
0.0002422 -1.44 -2.4
0.0002423 -1.36 -2.2
0.0002424 -1.44 -2
0.0002425 -1.36 -2.2
0.0002426 -1.36 -1.8
0.0002427 -1.44 -2
0.0002428 -1.36 -1.8
0.0002429 -1.36 -1.8
0.000243 -1.36 -1.6
0.0002431 -1.36 -1.6
0.0002432 -1.36 -1.6
0.0002433 -1.36 -1.6
0.0002434 -1.36 -1.4
0.0002435 -1.36 -1.2
0.0002436 -1.28 -1.4
0.0002437 -1.36 -1
0.0002438 -1.36 -1.2
0.0002439 -1.36 -1
0.000244 -1.36 -1
0.0002441 -1.28 -0.8
0.0002442 -1.28 -0.8
0.0002443 -1.28 -0.8
0.0002444 -1.2 -0.6
0.0002445 -1.28 -0.6
0.0002446 -1.28 -0.6
0.0002447 -1.28 -0.6
0.0002448 -1.28 -0.6
0.0002449 -1.12 0
0.000245 -1.28 -0.4
0.0002451 -1.2 0
0.0002452 -1.28 0
0.0002453 -1.2 0.2
0.0002454 -1.12 0.2
0.0002455 -1.12 0.2
0.0002456 -1.12 0.4
0.0002457 -1.12 0.4
0.0002458 -1.12 0.6
0.0002459 -1.12 0.4
0.000246 -1.12 0.6
0.0002461 -1.12 0.6
0.0002462 -1.12 0.8
0.0002463 -1.12 1
0.0002464 -1.12 0.8
0.0002465 -1.12 0.8
0.0002466 -1.04 1
0.0002467 -1.12 1.2
0.0002468 -1.04 1
0.0002469 -1.04 1.4
0.000247 -1.04 1.2
0.0002471 -1.04 1.4
0.0002472 -1.04 1.6
0.0002473 -1.04 1.6
0.0002474 -0.96 1.6
0.0002475 -0.96 1.8
0.0002476 -0.96 1.8
0.0002477 -0.96 1.8
0.0002478 -0.96 2
0.0002479 -0.96 2
0.000248 -0.88 1.8
0.0002481 -0.88 2.2
0.0002482 -0.8 2
0.0002483 -0.88 2.4
0.0002484 -0.8 2.4
0.0002485 -0.8 2.4
0.0002486 -0.8 2.4
0.0002487 -0.8 2.6
0.0002488 -0.8 2.6
0.0002489 -0.72 2.8
0.000249 -0.72 2.6
0.0002491 -0.72 2.6
0.0002492 -0.72 2.8
0.0002493 -0.64 2.8
0.0002494 -0.64 3
0.0002495 -0.72 2.8
0.0002496 -0.64 3.2
0.0002497 -0.64 3
0.0002498 -0.64 3
0.0002499 -0.64 3.2
0.00025 -0.64 3.2
0.0002501 -0.56 3.4
0.0002502 -0.64 3.4
0.0002503 -0.56 3.6
0.0002504 -0.48 3.4
0.0002505 -0.48 3.6
0.0002506 -0.48 3.6
0.0002507 -0.48 3.6
0.0002508 -0.48 3.8
0.0002509 -0.4 3.6
0.000251 -0.48 4
0.0002511 -0.4 4
0.0002512 -0.4 4
0.0002513 -0.4 4
0.0002514 -0.4 4
0.0002515 -0.4 4
0.0002516 -0.32 4
0.0002517 -0.32 4.2
0.0002518 -0.32 4.2
0.0002519 -0.32 4.4
0.000252 -0.32 4.2
0.0002521 -0.32 4.2
0.0002522 -0.24 4.4
0.0002523 -0.32 4.4
0.0002524 -0.16 4.4
0.0002525 -0.16 4.6
0.0002526 -0.16 4.6
0.0002527 -0.16 4.6
0.0002528 -0.16 4.6
0.0002529 -0.16 4.8
0.000253 0 4.8
0.0002531 -0.16 4.8
0.0002532 0 4.8
0.0002533 0 4.8
0.0002534 0 5
0.0002535 0 5
0.0002536 0.08 4.8
0.0002537 0.08 4.8
0.0002538 0.08 5
0.0002539 0.08 5
0.000254 0.16 5.2
0.0002541 0.08 5
0.0002542 0.16 5
0.0002543 0.24 5.2
0.0002544 0.24 5.2
0.0002545 0.24 5.2
0.0002546 0.24 5.2
0.0002547 0.24 5.2
0.0002548 0.24 5
0.0002549 0.24 5.4
0.000255 0.24 5.2
0.0002551 0.32 5.4
0.0002552 0.32 5.2
0.0002553 0.32 5.6
0.0002554 0.32 5.4
0.0002555 0.32 5.4
0.0002556 0.32 5.6
0.0002557 0.4 5.4
0.0002558 0.4 5.6
0.0002559 0.4 5.6
0.000256 0.4 5.4
0.0002561 0.4 5.6
0.0002562 0.48 5.6
0.0002563 0.4 5.6
0.0002564 0.48 5.6
0.0002565 0.56 5.4
0.0002566 0.56 5.4
0.0002567 0.56 5.6
0.0002568 0.56 5.6
0.0002569 0.56 5.6
0.000257 0.56 5.4
0.0002571 0.56 5.6
0.0002572 0.64 5.6
0.0002573 0.64 5.6
0.0002574 0.64 5.6
0.0002575 0.64 5.6
0.0002576 0.72 5.6
0.0002577 0.72 5.6
0.0002578 0.72 5.6
0.0002579 0.72 5.6
0.000258 0.72 5.6
0.0002581 0.72 5.6
0.0002582 0.8 5.4
0.0002583 0.8 5.6
0.0002584 0.8 5.6
0.0002585 0.8 5.6
0.0002586 0.72 5.2
0.0002587 0.8 5.4
0.0002588 0.88 5.4
0.0002589 0.88 5.4
0.000259 0.88 5.6
0.0002591 0.88 5.2
0.0002592 0.88 5.4
0.0002593 0.88 5.2
0.0002594 0.88 5.2
0.0002595 0.96 5.4
0.0002596 0.96 5.2
0.0002597 0.96 5.2
0.0002598 0.88 5
0.0002599 0.96 5.2
0.00026 0.96 5.2
0.0002601 0.96 5
0.0002602 1.04 5
0.0002603 0.96 5
0.0002604 0.96 5
0.0002605 1.04 5
0.0002606 1.04 5
0.0002607 1.04 4.8
0.0002608 1.04 5
0.0002609 1.04 5
0.000261 1.04 5
0.0002611 1.04 4.8
0.0002612 1.04 4.8
0.0002613 1.04 4.8
0.0002614 1.12 4.6
0.0002615 1.2 4.8
0.0002616 1.12 4.6
0.0002617 1.12 4.4
0.0002618 1.2 4.4
0.0002619 1.2 4.4
0.000262 1.2 4.4
0.0002621 1.2 4.4
0.0002622 1.2 4.6
0.0002623 1.2 4.2
0.0002624 1.2 4.4
0.0002625 1.2 4.2
0.0002626 1.2 4.2
0.0002627 1.2 4.2
0.0002628 1.2 4.2
0.0002629 1.2 4
0.000263 1.2 4
0.0002631 1.2 4
0.0002632 1.2 4
0.0002633 1.2 4
0.0002634 1.2 3.8
0.0002635 1.2 3.8
0.0002636 1.28 3.6
0.0002637 1.2 3.4
0.0002638 1.28 3.6
0.0002639 1.2 3.4
0.000264 1.2 3.6
0.0002641 1.2 3.2
0.0002642 1.2 3.4
0.0002643 1.2 3.4
0.0002644 1.2 3.4
0.0002645 1.2 3.2
0.0002646 1.28 3.2
0.0002647 1.2 3.2
0.0002648 1.28 3
0.0002649 1.28 3.2
0.000265 1.28 2.8
0.0002651 1.28 2.8
0.0002652 1.28 2.8
0.0002653 1.28 2.6
0.0002654 1.2 2.8
0.0002655 1.2 2.6
0.0002656 1.28 2.6
0.0002657 1.2 2.4
0.0002658 1.28 2.6
0.0002659 1.28 2.4
0.000266 1.2 2.4
0.0002661 1.28 2.4
0.0002662 1.2 2.2
0.0002663 1.28 2
0.0002664 1.2 2
0.0002665 1.28 2
0.0002666 1.2 1.8
0.0002667 1.28 1.8
0.0002668 1.2 1.6
0.0002669 1.2 1.6
0.000267 1.28 1.6
0.0002671 1.2 1.4
0.0002672 1.2 1.4
0.0002673 1.2 1.4
0.0002674 1.2 1.4
0.0002675 1.2 1.2
0.0002676 1.2 1.2
0.0002677 1.2 1
0.0002678 1.2 1
0.0002679 1.2 1
0.000268 1.2 0.8
0.0002681 1.2 0.8
0.0002682 1.2 0.8
0.0002683 1.2 0.8
0.0002684 1.2 0.4
0.0002685 1.2 0.4
0.0002686 1.2 0.4
0.0002687 1.2 0.2
0.0002688 1.2 0.2
0.0002689 1.2 0.2
0.000269 1.2 0.2
0.0002691 1.2 0.2
0.0002692 1.12 0
0.0002693 1.2 0
0.0002694 1.2 0
0.0002695 1.04 -0.4
0.0002696 1.04 0
0.0002697 1.12 -0.4
0.0002698 1.04 -0.4
0.0002699 1.04 -0.6
0.00027 1.04 -0.6
0.0002701 1.04 -0.8
0.0002702 1.04 -1
0.0002703 1.04 -1
0.0002704 1.04 -1
0.0002705 0.96 -1
0.0002706 1.04 -1
0.0002707 1.04 -1.2
0.0002708 0.96 -1.2
0.0002709 0.96 -1.4
0.000271 0.96 -1.4
0.0002711 0.96 -1.4
0.0002712 0.88 -1.6
0.0002713 0.96 -1.6
0.0002714 0.88 -1.8
0.0002715 0.96 -1.6
0.0002716 0.88 -1.8
0.0002717 0.96 -1.8
0.0002718 0.88 -2
0.0002719 0.88 -2.2
0.000272 0.88 -2.2
0.0002721 0.88 -2.2
0.0002722 0.88 -2.2
0.0002723 0.88 -2.4
0.0002724 0.8 -2.2
0.0002725 0.72 -2.6
0.0002726 0.72 -2.6
0.0002727 0.72 -2.6
0.0002728 0.8 -2.6
0.0002729 0.72 -2.8
0.000273 0.72 -2.8
0.0002731 0.72 -3
0.0002732 0.72 -3
0.0002733 0.64 -3
0.0002734 0.72 -3.2
0.0002735 0.64 -3.2
0.0002736 0.64 -3.4
0.0002737 0.56 -3.4
0.0002738 0.64 -3.4
0.0002739 0.56 -3.4
0.000274 0.56 -3.4
0.0002741 0.56 -3.6
0.0002742 0.56 -3.6
0.0002743 0.56 -3.6
0.0002744 0.56 -3.6
0.0002745 0.48 -3.6
0.0002746 0.48 -4
0.0002747 0.4 -3.8
0.0002748 0.4 -4
0.0002749 0.4 -4
0.000275 0.4 -4.2
0.0002751 0.4 -4.2
0.0002752 0.4 -4.2
0.0002753 0.4 -4.2
0.0002754 0.32 -4.4
0.0002755 0.4 -4.4
0.0002756 0.32 -4.6
0.0002757 0.32 -4.6
0.0002758 0.32 -4.6
0.0002759 0.32 -4.6
0.000276 0.24 -4.6
0.0002761 0.32 -4.6
0.0002762 0.24 -4.8
0.0002763 0.24 -4.8
0.0002764 0.24 -4.8
0.0002765 0.24 -4.8
0.0002766 0.24 -5
0.0002767 0.24 -5
0.0002768 0.16 -5
0.0002769 0.16 -5.2
0.000277 0.08 -5
0.0002771 0.08 -5
0.0002772 0.08 -5.2
0.0002773 0 -5.2
0.0002774 0 -5
0.0002775 0 -5.4
0.0002776 0 -5.4
0.0002777 0 -5.4
0.0002778 0 -5.6
0.0002779 0 -5.4
0.000278 -0.16 -5.4
0.0002781 -0.16 -5.4
0.0002782 -0.16 -5.6
0.0002783 -0.16 -5.6
0.0002784 -0.16 -5.8
0.0002785 -0.24 -5.8
0.0002786 -0.16 -5.8
0.0002787 -0.32 -5.8
0.0002788 -0.24 -5.8
0.0002789 -0.32 -5.8
0.000279 -0.24 -5.8
0.0002791 -0.32 -5.8
0.0002792 -0.32 -5.8
0.0002793 -0.32 -5.8
0.0002794 -0.4 -6
0.0002795 -0.32 -5.8
0.0002796 -0.4 -6
0.0002797 -0.4 -5.8
0.0002798 -0.48 -6.2
0.0002799 -0.4 -6.2
0.00028 -0.48 -6
0.0002801 -0.48 -6.2
0.0002802 -0.48 -6.2
0.0002803 -0.48 -6.4
0.0002804 -0.48 -6.2
0.0002805 -0.48 -6.2
0.0002806 -0.48 -6.2
0.0002807 -0.64 -6.4
0.0002808 -0.48 -6.2
0.0002809 -0.64 -6.2
0.000281 -0.48 -6.4
0.0002811 -0.64 -6.2
0.0002812 -0.64 -6.4
0.0002813 -0.64 -6.2
0.0002814 -0.64 -6.2
0.0002815 -0.72 -6.4
0.0002816 -0.72 -6.2
0.0002817 -0.64 -6.2
0.0002818 -0.72 -6.2
0.0002819 -0.72 -6.4
0.000282 -0.72 -6.2
0.0002821 -0.8 -6.4
0.0002822 -0.8 -6.2
0.0002823 -0.8 -6.4
0.0002824 -0.8 -6.2
0.0002825 -0.8 -6.2
0.0002826 -0.8 -6.4
0.0002827 -0.8 -6.2
0.0002828 -0.8 -6.4
0.0002829 -0.88 -6.2
0.000283 -0.88 -6.4
0.0002831 -0.96 -6.4
0.0002832 -0.96 -6.2
0.0002833 -0.96 -6.4
0.0002834 -0.96 -6.2
0.0002835 -0.96 -6.4
0.0002836 -1.04 -6.2
0.0002837 -1.04 -6.2
0.0002838 -1.04 -6.2
0.0002839 -1.04 -6.2
0.000284 -1.04 -6.2
0.0002841 -1.04 -6.2
0.0002842 -1.04 -6.2
0.0002843 -1.04 -6.2
0.0002844 -1.12 -6.2
0.0002845 -1.04 -5.8
0.0002846 -1.12 -6.2
0.0002847 -1.12 -6
0.0002848 -1.12 -6
0.0002849 -1.12 -5.8
0.000285 -1.12 -5.8
0.0002851 -1.12 -6
0.0002852 -1.12 -5.8
0.0002853 -1.12 -6.2
0.0002854 -1.12 -5.8
0.0002855 -1.12 -5.8
0.0002856 -1.2 -5.8
0.0002857 -1.2 -5.8
0.0002858 -1.28 -5.8
0.0002859 -1.28 -5.6
0.000286 -1.28 -5.8
0.0002861 -1.2 -5.4
0.0002862 -1.2 -5.8
0.0002863 -1.2 -5.6
0.0002864 -1.28 -5.4
0.0002865 -1.36 -5.4
0.0002866 -1.28 -5.4
0.0002867 -1.28 -5.4
0.0002868 -1.28 -5.2
0.0002869 -1.28 -5.4
0.000287 -1.28 -5
0.0002871 -1.28 -5.2
0.0002872 -1.28 -5.2
0.0002873 -1.36 -5.2
0.0002874 -1.36 -5
0.0002875 -1.36 -5
0.0002876 -1.36 -5.2
0.0002877 -1.36 -4.8
0.0002878 -1.36 -5
0.0002879 -1.36 -5
0.000288 -1.36 -4.8
0.0002881 -1.44 -4.8
0.0002882 -1.36 -4.6
0.0002883 -1.44 -4.8
0.0002884 -1.44 -4.8
0.0002885 -1.36 -4.6
0.0002886 -1.44 -4.4
0.0002887 -1.36 -4.4
0.0002888 -1.36 -4.4
0.0002889 -1.44 -4.6
0.000289 -1.44 -4.4
0.0002891 -1.36 -4.4
0.0002892 -1.36 -4.2
0.0002893 -1.44 -4.2
0.0002894 -1.44 -4.2
0.0002895 -1.36 -3.8
0.0002896 -1.44 -4
0.0002897 -1.44 -4
0.0002898 -1.44 -3.8
0.0002899 -1.44 -3.8
0.00029 -1.44 -3.6
0.0002901 -1.44 -3.6
0.0002902 -1.44 -3.4
0.0002903 -1.44 -3.6
0.0002904 -1.44 -3.4
0.0002905 -1.44 -3.4
0.0002906 -1.44 -3.4
0.0002907 -1.44 -3.4
0.0002908 -1.44 -3.2
0.0002909 -1.44 -3.2
0.000291 -1.44 -3.2
0.0002911 -1.44 -3
0.0002912 -1.44 -3
0.0002913 -1.44 -3
0.0002914 -1.44 -2.6
0.0002915 -1.44 -2.6
0.0002916 -1.44 -2.6
0.0002917 -1.44 -2.6
0.0002918 -1.44 -2.4
0.0002919 -1.44 -2.6
0.000292 -1.36 -2.4
0.0002921 -1.44 -2.4
0.0002922 -1.44 -2.2
0.0002923 -1.36 -2.4
0.0002924 -1.36 -2.2
0.0002925 -1.44 -2
0.0002926 -1.44 -2
0.0002927 -1.36 -2
0.0002928 -1.44 -2
0.0002929 -1.44 -1.8
0.000293 -1.36 -1.6
0.0002931 -1.36 -1.6
0.0002932 -1.36 -1.6
0.0002933 -1.36 -1.6
0.0002934 -1.36 -1.4
0.0002935 -1.36 -1.4
0.0002936 -1.36 -1
0.0002937 -1.36 -1.2
0.0002938 -1.36 -1.2
0.0002939 -1.28 -1.2
0.000294 -1.28 -1
0.0002941 -1.28 -0.8
0.0002942 -1.36 -0.8
0.0002943 -1.28 -0.8
0.0002944 -1.28 -0.8
0.0002945 -1.28 -0.6
0.0002946 -1.28 -0.6
0.0002947 -1.28 -0.6
0.0002948 -1.28 0
0.0002949 -1.2 -0.4
0.000295 -1.2 0
0.0002951 -1.2 0
0.0002952 -1.2 0.2
0.0002953 -1.28 0.2
0.0002954 -1.2 0.2
0.0002955 -1.12 0.2
0.0002956 -1.12 0.2
0.0002957 -1.12 0.4
0.0002958 -1.12 0.4
0.0002959 -1.2 0.6
0.000296 -1.12 0.6
0.0002961 -1.12 0.8
0.0002962 -1.12 0.8
0.0002963 -1.12 0.8
0.0002964 -1.12 0.8
0.0002965 -1.12 1
0.0002966 -1.04 1.2
0.0002967 -1.04 1.2
0.0002968 -1.04 1.2
0.0002969 -1.04 1.2
0.000297 -1.04 1.6
0.0002971 -1.04 1.6
0.0002972 -1.04 1.4
0.0002973 -0.96 1.6
0.0002974 -0.96 1.6
0.0002975 -0.96 1.8
0.0002976 -0.96 1.8
0.0002977 -0.96 1.8
0.0002978 -0.96 1.8
0.0002979 -0.8 1.8
0.000298 -0.88 2
0.0002981 -0.8 2
0.0002982 -0.88 2.2
0.0002983 -0.8 2.2
0.0002984 -0.8 2.4
0.0002985 -0.8 2.4
0.0002986 -0.8 2.4
0.0002987 -0.8 2.6
0.0002988 -0.8 2.6
0.0002989 -0.72 2.6
0.000299 -0.72 2.4
0.0002991 -0.64 2.8
0.0002992 -0.72 2.8
0.0002993 -0.72 2.8
0.0002994 -0.72 2.8
0.0002995 -0.64 3
0.0002996 -0.64 3
0.0002997 -0.72 3.2
0.0002998 -0.64 3.2
0.0002999 -0.64 3.2
0.0003 -0.64 3.4
0.0003001 -0.56 3.2
0.0003002 -0.64 3.4
0.0003003 -0.48 3.4
0.0003004 -0.56 3.4
0.0003005 -0.48 3.4
0.0003006 -0.48 3.4
0.0003007 -0.4 3.6
0.0003008 -0.48 3.6
0.0003009 -0.48 4
0.000301 -0.48 4
0.0003011 -0.4 4
0.0003012 -0.4 3.8
0.0003013 -0.4 4
0.0003014 -0.4 4
0.0003015 -0.4 4.2
0.0003016 -0.32 4.2
0.0003017 -0.32 4.2
0.0003018 -0.32 4.2
0.0003019 -0.32 4.2
0.000302 -0.32 4.4
0.0003021 -0.32 4.2
0.0003022 -0.16 4.4
0.0003023 -0.16 4.4
0.0003024 -0.16 4.4
0.0003025 -0.16 4.6
0.0003026 -0.16 4.4
0.0003027 -0.16 4.6
0.0003028 -0.16 4.6
0.0003029 -0.16 4.6
0.000303 -0.16 4.6
0.0003031 0 4.8
0.0003032 0 4.8
0.0003033 0 4.8
0.0003034 0 4.8
0.0003035 0.08 4.8
0.0003036 0.08 5
0.0003037 0 5
0.0003038 0.08 5
0.0003039 0.08 5
0.000304 0.16 4.8
0.0003041 0.16 5.2
0.0003042 0.24 5.2
0.0003043 0.24 5
0.0003044 0.24 5
0.0003045 0.24 5.2
0.0003046 0.24 5.2
0.0003047 0.24 5.2
0.0003048 0.24 5.2
0.0003049 0.24 5.2
0.000305 0.24 5.4
0.0003051 0.32 5.4
0.0003052 0.32 5.4
0.0003053 0.32 5.4
0.0003054 0.32 5.4
0.0003055 0.4 5.4
0.0003056 0.4 5.2
0.0003057 0.4 5.6
0.0003058 0.4 5.4
0.0003059 0.4 5.6
0.000306 0.4 5.4
0.0003061 0.48 5.4
0.0003062 0.56 5.4
0.0003063 0.56 5.6
0.0003064 0.56 5.6
0.0003065 0.56 5.6
0.0003066 0.56 5.6
0.0003067 0.56 5.6
0.0003068 0.56 5.6
0.0003069 0.56 5.6
0.000307 0.64 5.6
0.0003071 0.64 5.6
0.0003072 0.64 5.6
0.0003073 0.72 5.6
0.0003074 0.72 5.4
0.0003075 0.64 5.6
0.0003076 0.72 5.6
0.0003077 0.72 5.6
0.0003078 0.72 5.4
0.0003079 0.72 5.4
0.000308 0.72 5.4
0.0003081 0.8 5.6
0.0003082 0.72 5.6
0.0003083 0.72 5.4
0.0003084 0.8 5.6
0.0003085 0.88 5.6
0.0003086 0.88 5.6
0.0003087 0.8 5.6
0.0003088 0.88 5.4
0.0003089 0.88 5.4
0.000309 0.88 5.4
0.0003091 0.88 5.4
0.0003092 0.88 5.4
0.0003093 0.88 5.2
0.0003094 0.96 5.2
0.0003095 0.88 5.2
0.0003096 0.96 5.4
0.0003097 0.88 5.2
0.0003098 0.96 5.2
0.0003099 0.96 5.2
0.00031 0.96 5.2
0.0003101 0.96 5.2
0.0003102 1.04 5
0.0003103 0.96 5
0.0003104 0.96 5
0.0003105 1.04 5
0.0003106 1.04 5
0.0003107 1.04 5
0.0003108 1.04 5
0.0003109 1.04 5
0.000311 1.04 4.8
0.0003111 1.04 4.8
0.0003112 1.04 4.8
0.0003113 1.04 4.8
0.0003114 1.2 4.8
0.0003115 1.12 4.6
0.0003116 1.12 4.8
0.0003117 1.12 4.6
0.0003118 1.2 4.4
0.0003119 1.2 4.6
0.000312 1.2 4.4
0.0003121 1.2 4.4
0.0003122 1.2 4.4
0.0003123 1.2 4.4
0.0003124 1.2 4.4
0.0003125 1.2 4
0.0003126 1.2 4.2
0.0003127 1.2 4.2
0.0003128 1.2 4
0.0003129 1.2 4
0.000313 1.2 4
0.0003131 1.2 4
0.0003132 1.2 4
0.0003133 1.2 3.8
0.0003134 1.28 4
0.0003135 1.2 3.8
0.0003136 1.2 3.8
0.0003137 1.2 3.6
0.0003138 1.2 3.4
0.0003139 1.28 3.6
0.000314 1.28 3.4
0.0003141 1.2 3.4
0.0003142 1.28 3.4
0.0003143 1.2 3.4
0.0003144 1.28 3.2
0.0003145 1.28 3.2
0.0003146 1.2 3.2
0.0003147 1.28 3
0.0003148 1.28 3.2
0.0003149 1.28 2.8
0.000315 1.28 3
0.0003151 1.28 3
0.0003152 1.28 2.8
0.0003153 1.2 2.8
0.0003154 1.2 2.6
0.0003155 1.28 2.6
0.0003156 1.28 2.4
0.0003157 1.28 2.6
0.0003158 1.28 2.4
0.0003159 1.28 2.4
0.000316 1.2 2.4
0.0003161 1.28 2
0.0003162 1.2 2.2
0.0003163 1.2 2
0.0003164 1.28 2.2
0.0003165 1.28 1.8
0.0003166 1.2 2
0.0003167 1.28 1.8
0.0003168 1.28 1.8
0.0003169 1.2 1.6
0.000317 1.2 1.6
0.0003171 1.28 1.6
0.0003172 1.2 1.4
0.0003173 1.2 1.6
0.0003174 1.28 1.2
0.0003175 1.2 1.2
0.0003176 1.28 1
0.0003177 1.2 1
0.0003178 1.2 1
0.0003179 1.2 0.8
0.000318 1.2 0.8
0.0003181 1.2 0.8
0.0003182 1.2 0.8
0.0003183 1.2 0.8
0.0003184 1.2 0.6
0.0003185 1.2 0.6
0.0003186 1.2 0.4
0.0003187 1.2 0.4
0.0003188 1.2 0.4
0.0003189 1.2 0.2
0.000319 1.2 0.2
0.0003191 1.2 0
0.0003192 1.12 0
0.0003193 1.2 0
0.0003194 1.04 -0.4
0.0003195 1.04 -0.4
0.0003196 1.12 -0.4
0.0003197 1.12 -0.4
0.0003198 1.04 -0.6
0.0003199 1.04 -0.8
0.00032 1.04 -0.8
0.0003201 1.04 -0.6
0.0003202 1.04 -1
0.0003203 1.04 -0.8
0.0003204 1.04 -1
0.0003205 1.04 -1.2
0.0003206 1.04 -1
0.0003207 1.04 -1
0.0003208 1.04 -1.2
0.0003209 0.96 -1.4
0.000321 0.96 -1.4
0.0003211 0.96 -1.6
0.0003212 0.96 -1.4
0.0003213 0.96 -1.6
0.0003214 0.88 -1.6
0.0003215 0.88 -1.8
0.0003216 0.96 -1.8
0.0003217 0.88 -2
0.0003218 0.88 -2.2
0.0003219 0.88 -2
0.000322 0.88 -2.2
0.0003221 0.88 -2.2
0.0003222 0.88 -2.2
0.0003223 0.88 -2.4
0.0003224 0.8 -2.6
0.0003225 0.8 -2.6
0.0003226 0.72 -2.6
0.0003227 0.8 -2.6
0.0003228 0.72 -2.8
0.0003229 0.72 -3
0.000323 0.72 -2.8
0.0003231 0.72 -2.8
0.0003232 0.72 -3
0.0003233 0.72 -3
0.0003234 0.72 -3
0.0003235 0.64 -3.2
0.0003236 0.64 -3.2
0.0003237 0.64 -3.2
0.0003238 0.64 -3.4
0.0003239 0.64 -3.4
0.000324 0.56 -3.4
0.0003241 0.56 -3.4
0.0003242 0.56 -3.6
0.0003243 0.56 -3.8
0.0003244 0.56 -3.8
0.0003245 0.56 -3.8
0.0003246 0.56 -3.8
0.0003247 0.56 -4
0.0003248 0.48 -4
0.0003249 0.4 -4.2
0.000325 0.4 -4.2
0.0003251 0.4 -4.2
0.0003252 0.4 -4.2
0.0003253 0.4 -4.2
0.0003254 0.4 -4.2
0.0003255 0.4 -4.2
0.0003256 0.32 -4.4
0.0003257 0.32 -4.4
0.0003258 0.32 -4.6
0.0003259 0.24 -4.6
0.000326 0.32 -4.6
0.0003261 0.24 -4.8
0.0003262 0.24 -4.6
0.0003263 0.24 -4.8
0.0003264 0.24 -4.8
0.0003265 0.24 -5
0.0003266 0.24 -5
0.0003267 0.16 -4.8
0.0003268 0.16 -5
0.0003269 0.24 -5
0.000327 0.08 -5.2
0.0003271 0.08 -5.2
0.0003272 0.08 -5.4
0.0003273 0.08 -5.4
0.0003274 0.08 -5.2
0.0003275 0.08 -5.4
0.0003276 0 -5.4
0.0003277 0.08 -5.6
0.0003278 0 -5.4
0.0003279 0 -5.6
0.000328 -0.16 -5.4
0.0003281 -0.16 -5.6
0.0003282 -0.16 -5.6
0.0003283 -0.16 -5.6
0.0003284 -0.16 -5.8
0.0003285 -0.16 -5.6
0.0003286 -0.16 -5.8
0.0003287 -0.24 -5.6
0.0003288 -0.16 -5.8
0.0003289 -0.24 -5.6
0.000329 -0.24 -5.8
0.0003291 -0.32 -5.8
0.0003292 -0.32 -5.8
0.0003293 -0.4 -5.8
0.0003294 -0.4 -5.8
0.0003295 -0.4 -6
0.0003296 -0.4 -6
0.0003297 -0.4 -6
0.0003298 -0.4 -6.2
0.0003299 -0.4 -6.2
0.00033 -0.48 -6.2
0.0003301 -0.48 -6.2
0.0003302 -0.48 -6.2
0.0003303 -0.48 -6.2
0.0003304 -0.48 -6.2
0.0003305 -0.48 -6.2
0.0003306 -0.48 -6.2
0.0003307 -0.48 -6.2
0.0003308 -0.64 -6.2
0.0003309 -0.64 -6.4
0.000331 -0.64 -6.2
0.0003311 -0.64 -6.4
0.0003312 -0.64 -6
0.0003313 -0.64 -6.2
0.0003314 -0.72 -6.4
0.0003315 -0.64 -6.4
0.0003316 -0.72 -6.4
0.0003317 -0.72 -6.4
0.0003318 -0.72 -6.4
0.0003319 -0.8 -6.2
0.000332 -0.72 -6.4
0.0003321 -0.8 -6.2
0.0003322 -0.8 -6.2
0.0003323 -0.8 -6.4
0.0003324 -0.88 -6.4
0.0003325 -0.8 -6.4
0.0003326 -0.8 -6.4
0.0003327 -0.8 -6.4
0.0003328 -0.88 -6.4
0.0003329 -0.8 -6.4
0.000333 -0.96 -6.2
0.0003331 -0.96 -6.4
0.0003332 -0.96 -6.4
0.0003333 -0.96 -6.2
0.0003334 -0.96 -6.4
0.0003335 -0.96 -6.2
0.0003336 -0.96 -6.4
0.0003337 -0.96 -6.2
0.0003338 -0.96 -6.2
0.0003339 -1.04 -6.2
0.000334 -1.04 -6
0.0003341 -1.04 -6
0.0003342 -1.12 -6.2
0.0003343 -1.04 -6.2
0.0003344 -1.04 -6.2
0.0003345 -1.12 -6.2
0.0003346 -1.12 -6
0.0003347 -1.12 -6.2
0.0003348 -1.12 -6
0.0003349 -1.12 -6
0.000335 -1.12 -6
0.0003351 -1.12 -5.8
0.0003352 -1.12 -6
0.0003353 -1.12 -5.8
0.0003354 -1.2 -6
0.0003355 -1.12 -5.8
0.0003356 -1.2 -5.6
0.0003357 -1.12 -5.8
0.0003358 -1.28 -5.8
0.0003359 -1.2 -5.8
0.000336 -1.2 -5.6
0.0003361 -1.28 -5.6
0.0003362 -1.2 -5.4
0.0003363 -1.28 -5.6
0.0003364 -1.28 -5.6
0.0003365 -1.28 -5.6
0.0003366 -1.28 -5.6
0.0003367 -1.28 -5.4
0.0003368 -1.28 -5.4
0.0003369 -1.28 -5.2
0.000337 -1.28 -5.4
0.0003371 -1.28 -5
0.0003372 -1.36 -5.2
0.0003373 -1.36 -5.2
0.0003374 -1.36 -5
0.0003375 -1.36 -5.2
0.0003376 -1.36 -5
0.0003377 -1.36 -5
0.0003378 -1.44 -4.8
0.0003379 -1.36 -4.8
0.000338 -1.36 -4.8
0.0003381 -1.36 -4.8
0.0003382 -1.44 -4.8
0.0003383 -1.36 -4.6
0.0003384 -1.44 -4.6
0.0003385 -1.44 -4.6
0.0003386 -1.44 -4.6
0.0003387 -1.36 -4.4
0.0003388 -1.44 -4.4
0.0003389 -1.44 -4.4
0.000339 -1.44 -4.2
0.0003391 -1.36 -4.2
0.0003392 -1.44 -4.2
0.0003393 -1.44 -4
0.0003394 -1.44 -4
0.0003395 -1.44 -4
0.0003396 -1.44 -4
0.0003397 -1.44 -4
0.0003398 -1.44 -4
0.0003399 -1.44 -3.8
0.00034 -1.44 -3.8
0.0003401 -1.44 -3.6
0.0003402 -1.44 -3.6
0.0003403 -1.44 -3.4
0.0003404 -1.44 -3.4
0.0003405 -1.44 -3.4
0.0003406 -1.44 -3.4
0.0003407 -1.44 -3.2
0.0003408 -1.44 -3.2
0.0003409 -1.44 -3.2
0.000341 -1.44 -3
0.0003411 -1.44 -3
0.0003412 -1.36 -3
0.0003413 -1.44 -2.8
0.0003414 -1.36 -2.8
0.0003415 -1.44 -2.6
0.0003416 -1.44 -2.8
0.0003417 -1.36 -2.6
0.0003418 -1.44 -2.6
0.0003419 -1.44 -2.4
0.000342 -1.44 -2.4
0.0003421 -1.44 -2.4
0.0003422 -1.44 -2.4
0.0003423 -1.36 -2.2
0.0003424 -1.36 -2
0.0003425 -1.36 -2.2
0.0003426 -1.36 -2
0.0003427 -1.36 -2
0.0003428 -1.36 -1.8
0.0003429 -1.36 -1.8
0.000343 -1.36 -1.8
0.0003431 -1.36 -1.6
0.0003432 -1.44 -1.6
0.0003433 -1.36 -1.4
0.0003434 -1.36 -1.4
0.0003435 -1.36 -1.4
0.0003436 -1.36 -1.4
0.0003437 -1.36 -1.2
0.0003438 -1.28 -1
0.0003439 -1.28 -1.2
0.000344 -1.36 -0.8
0.0003441 -1.28 -1
0.0003442 -1.28 -0.8
0.0003443 -1.28 -0.8
0.0003444 -1.28 -0.6
0.0003445 -1.28 -0.6
0.0003446 -1.2 -0.6
0.0003447 -1.28 -0.6
0.0003448 -1.28 -0.6
0.0003449 -1.12 0
0.000345 -1.28 0
0.0003451 -1.28 0
0.0003452 -1.2 0
0.0003453 -1.2 0
0.0003454 -1.2 0.2
0.0003455 -1.2 0.2
0.0003456 -1.12 0.4
0.0003457 -1.12 0.4
0.0003458 -1.12 0.8
0.0003459 -1.12 0.6
0.000346 -1.12 0.8
0.0003461 -1.12 0.8
0.0003462 -1.12 1
0.0003463 -1.12 0.8
0.0003464 -1.12 0.8
0.0003465 -1.12 1
0.0003466 -1.04 1
0.0003467 -1.04 1.2
0.0003468 -1.04 1.2
0.0003469 -1.04 1.2
0.000347 -1.04 1.2
0.0003471 -1.04 1.2
0.0003472 -0.96 1.6
0.0003473 -0.96 1.6
0.0003474 -1.04 1.6
0.0003475 -1.04 1.6
0.0003476 -0.96 1.8
0.0003477 -0.96 1.8
0.0003478 -0.96 2
0.0003479 -0.88 2
0.000348 -0.88 2
0.0003481 -0.88 2
0.0003482 -0.88 2
0.0003483 -0.8 2.4
0.0003484 -0.8 2.4
0.0003485 -0.8 2.4
0.0003486 -0.8 2.4
0.0003487 -0.8 2.4
0.0003488 -0.8 2.4
0.0003489 -0.72 2.6
0.000349 -0.72 2.8
0.0003491 -0.72 2.6
0.0003492 -0.72 2.8
0.0003493 -0.72 2.8
0.0003494 -0.72 2.8
0.0003495 -0.72 2.8
0.0003496 -0.64 3
0.0003497 -0.64 3
0.0003498 -0.64 3
0.0003499 -0.64 3.2
0.00035 -0.64 3.2
0.0003501 -0.64 3.2
0.0003502 -0.48 3.4
0.0003503 -0.48 3.4
0.0003504 -0.48 3.4
0.0003505 -0.48 3.4
0.0003506 -0.48 3.6
0.0003507 -0.48 3.6
0.0003508 -0.48 4
0.0003509 -0.48 4
0.000351 -0.48 3.8
0.0003511 -0.4 4
0.0003512 -0.4 4
0.0003513 -0.4 4
0.0003514 -0.4 4
0.0003515 -0.4 4
0.0003516 -0.32 4
0.0003517 -0.4 4.2
0.0003518 -0.32 4
0.0003519 -0.32 4.2
0.000352 -0.24 4.2
0.0003521 -0.32 4.4
0.0003522 -0.16 4.4
0.0003523 -0.24 4.4
0.0003524 -0.16 4.6
0.0003525 -0.16 4.4
0.0003526 -0.16 4.6
0.0003527 -0.16 4.6
0.0003528 -0.16 4.6
0.0003529 -0.16 4.8
0.000353 -0.16 4.8
0.0003531 0 4.8
0.0003532 0 4.8
0.0003533 0 5
0.0003534 0 5
0.0003535 0 5
0.0003536 0 4.8
0.0003537 0.08 4.8
0.0003538 0.08 5
0.0003539 0.08 5
0.000354 0.08 5.2
0.0003541 0.08 5
0.0003542 0.16 5.2
0.0003543 0.24 5.2
0.0003544 0.24 5.2
0.0003545 0.24 5.2
0.0003546 0.24 5.2
0.0003547 0.24 5.2
0.0003548 0.32 5.2
0.0003549 0.24 5.4
0.000355 0.24 5.2
0.0003551 0.32 5.4
0.0003552 0.32 5.2
0.0003553 0.32 5.4
0.0003554 0.32 5.6
0.0003555 0.4 5.4
0.0003556 0.4 5.4
0.0003557 0.4 5.6
0.0003558 0.4 5.6
0.0003559 0.4 5.6
0.000356 0.4 5.6
0.0003561 0.4 5.6
0.0003562 0.56 5.6
0.0003563 0.4 5.6
0.0003564 0.48 5.6
0.0003565 0.56 5.6
0.0003566 0.56 5.6
0.0003567 0.56 5.6
0.0003568 0.56 5.6
0.0003569 0.56 5.6
0.000357 0.64 5.6
0.0003571 0.64 5.4
0.0003572 0.64 5.6
0.0003573 0.64 5.6
0.0003574 0.72 5.6
0.0003575 0.72 5.6
0.0003576 0.64 5.6
0.0003577 0.64 5.6
0.0003578 0.72 5.6
0.0003579 0.72 5.6
0.000358 0.64 5.4
0.0003581 0.72 5.6
0.0003582 0.72 5.4
0.0003583 0.72 5.6
0.0003584 0.72 5.6
0.0003585 0.72 5.6
0.0003586 0.8 5.6
0.0003587 0.88 5.4
0.0003588 0.88 5.4
0.0003589 0.88 5.2
0.000359 0.88 5.4
0.0003591 0.88 5.2
0.0003592 0.88 5.4
0.0003593 0.88 5.4
0.0003594 0.88 5.4
0.0003595 0.96 5.2
0.0003596 0.88 5.2
0.0003597 0.96 5.2
0.0003598 0.96 5.2
0.0003599 0.96 5.4
0.00036 1.04 5.2
0.0003601 0.96 5
0.0003602 0.96 5
0.0003603 0.96 5
0.0003604 1.04 5.2
0.0003605 1.04 5
0.0003606 1.04 5
0.0003607 1.04 5
0.0003608 1.04 5
0.0003609 1.04 4.8
0.000361 1.04 4.8
0.0003611 1.12 5
0.0003612 1.12 4.8
0.0003613 1.12 4.8
0.0003614 1.12 4.6
0.0003615 1.12 4.8
0.0003616 1.2 4.6
0.0003617 1.12 4.6
0.0003618 1.2 4.4
0.0003619 1.2 4.4
0.000362 1.2 4.4
0.0003621 1.2 4.4
0.0003622 1.2 4.4
0.0003623 1.2 4.2
0.0003624 1.2 4.2
0.0003625 1.2 4.2
0.0003626 1.2 4.2
0.0003627 1.2 4.2
0.0003628 1.2 4
0.0003629 1.2 4.2
0.000363 1.2 4
0.0003631 1.2 4
0.0003632 1.2 3.8
0.0003633 1.2 4
0.0003634 1.2 4
0.0003635 1.2 3.8
0.0003636 1.28 3.6
0.0003637 1.28 3.6
0.0003638 1.28 3.6
0.0003639 1.2 3.6
0.000364 1.28 3.4
0.0003641 1.2 3.2
0.0003642 1.28 3.4
0.0003643 1.2 3.2
0.0003644 1.28 3.4
0.0003645 1.2 3.2
0.0003646 1.2 3.2
0.0003647 1.2 3.2
0.0003648 1.2 3
0.0003649 1.28 3
0.000365 1.28 3
0.0003651 1.28 2.8
0.0003652 1.28 2.8
0.0003653 1.28 2.6
0.0003654 1.2 2.6
0.0003655 1.28 2.6
0.0003656 1.2 2.6
0.0003657 1.28 2.4
0.0003658 1.28 2.4
0.0003659 1.2 2.4
0.000366 1.28 2.2
0.0003661 1.28 2.4
0.0003662 1.28 2.2
0.0003663 1.2 2
0.0003664 1.28 2
0.0003665 1.28 1.8
0.0003666 1.2 1.8
0.0003667 1.2 1.8
0.0003668 1.2 1.8
0.0003669 1.28 1.6
0.000367 1.28 1.6
0.0003671 1.2 1.4
0.0003672 1.2 1.4
0.0003673 1.28 1.4
0.0003674 1.28 1.2
0.0003675 1.2 1.2
0.0003676 1.2 1.2
0.0003677 1.2 1.2
0.0003678 1.2 1
0.0003679 1.2 1
0.000368 1.2 0.8
0.0003681 1.2 0.8
0.0003682 1.2 0.8
0.0003683 1.2 0.8
0.0003684 1.2 0.6
0.0003685 1.2 0.6
0.0003686 1.2 0.4
0.0003687 1.2 0.2
0.0003688 1.2 0.4
0.0003689 1.2 0.2
0.000369 1.12 0
0.0003691 1.2 0.2
0.0003692 1.12 0
0.0003693 1.12 0
0.0003694 1.04 0
0.0003695 1.04 0
0.0003696 1.12 -0.4
0.0003697 1.12 -0.4
0.0003698 1.2 -0.6
0.0003699 1.12 -0.6
0.00037 1.04 -0.8
0.0003701 1.04 -0.8
0.0003702 1.04 -0.8
0.0003703 1.04 -0.8
0.0003704 1.04 -1
0.0003705 1.04 -1
0.0003706 0.96 -1.2
0.0003707 1.04 -1.2
0.0003708 1.04 -1.4
0.0003709 1.04 -1.4
0.000371 0.96 -1.4
0.0003711 0.96 -1.4
0.0003712 0.96 -1.6
0.0003713 0.88 -1.6
0.0003714 0.96 -1.8
0.0003715 0.88 -1.8
0.0003716 0.88 -2
0.0003717 0.88 -1.8
0.0003718 0.88 -2
0.0003719 0.88 -2.2
0.000372 0.88 -2.2
0.0003721 0.88 -2.2
0.0003722 0.8 -2.4
0.0003723 0.88 -2.4
0.0003724 0.8 -2.4
0.0003725 0.8 -2.6
0.0003726 0.72 -2.6
0.0003727 0.8 -2.6
0.0003728 0.8 -2.6
0.0003729 0.72 -2.6
0.000373 0.72 -2.8
0.0003731 0.72 -2.8
0.0003732 0.72 -2.8
0.0003733 0.72 -3
0.0003734 0.64 -3
0.0003735 0.64 -3.2
0.0003736 0.64 -3.2
0.0003737 0.64 -3.4
0.0003738 0.64 -3.2
0.0003739 0.64 -3.4
0.000374 0.56 -3.6
0.0003741 0.56 -3.8
0.0003742 0.56 -3.6
0.0003743 0.56 -3.6
0.0003744 0.56 -3.8
0.0003745 0.56 -3.6
0.0003746 0.56 -4
0.0003747 0.56 -4
0.0003748 0.48 -4
0.0003749 0.4 -4
0.000375 0.4 -4
0.0003751 0.4 -4.2
0.0003752 0.4 -4
0.0003753 0.4 -4.2
0.0003754 0.4 -4.2
0.0003755 0.32 -4.4
0.0003756 0.32 -4.4
0.0003757 0.32 -4.6
0.0003758 0.32 -4.4
0.0003759 0.32 -4.6
0.000376 0.24 -4.8
0.0003761 0.24 -4.6
0.0003762 0.24 -4.8
0.0003763 0.24 -4.6
0.0003764 0.24 -4.8
0.0003765 0.24 -4.6
0.0003766 0.16 -5
0.0003767 0.24 -5
0.0003768 0.16 -5
0.0003769 0.16 -5
0.000377 0.08 -5
0.0003771 0.08 -5.2
0.0003772 0.08 -5.2
0.0003773 0 -5.2
0.0003774 0.08 -5.4
0.0003775 0 -5.4
0.0003776 0.08 -5.4
0.0003777 0 -5.4
0.0003778 0 -5.6
0.0003779 0 -5.4
0.000378 0 -5.4
0.0003781 -0.16 -5.4
0.0003782 -0.16 -5.6
0.0003783 -0.16 -5.8
0.0003784 -0.16 -5.6
0.0003785 -0.16 -5.8
0.0003786 -0.16 -5.6
0.0003787 -0.32 -5.8
0.0003788 -0.32 -5.8
0.0003789 -0.32 -5.8
0.000379 -0.32 -5.8
0.0003791 -0.24 -5.8
0.0003792 -0.32 -6
0.0003793 -0.32 -5.8
0.0003794 -0.32 -6
0.0003795 -0.4 -6
0.0003796 -0.4 -6.2
0.0003797 -0.4 -6
0.0003798 -0.4 -6
0.0003799 -0.4 -6
0.00038 -0.48 -6
0.0003801 -0.48 -6.2
0.0003802 -0.48 -6
0.0003803 -0.48 -6.2
0.0003804 -0.48 -6.2
0.0003805 -0.48 -6.2
0.0003806 -0.48 -6.2
0.0003807 -0.48 -6.2
0.0003808 -0.48 -6.2
0.0003809 -0.56 -6.4
0.000381 -0.64 -6.4
0.0003811 -0.64 -6.4
0.0003812 -0.64 -6.4
0.0003813 -0.64 -6.2
0.0003814 -0.64 -6.4
0.0003815 -0.64 -6.4
0.0003816 -0.72 -6.2
0.0003817 -0.72 -6.4
0.0003818 -0.72 -6.2
0.0003819 -0.72 -6.4
0.000382 -0.72 -6.2
0.0003821 -0.8 -6.4
0.0003822 -0.8 -6.2
0.0003823 -0.8 -6.4
0.0003824 -0.8 -6.6
0.0003825 -0.8 -6.2
0.0003826 -0.88 -6.4
0.0003827 -0.8 -6.4
0.0003828 -0.88 -6.4
0.0003829 -0.96 -6.2
0.000383 -0.88 -6.4
0.0003831 -0.96 -6.2
0.0003832 -0.88 -6.2
0.0003833 -0.96 -6.4
0.0003834 -0.96 -6.2
0.0003835 -0.96 -6.2
0.0003836 -1.04 -6.2
0.0003837 -1.04 -6.2
0.0003838 -1.04 -6.2
0.0003839 -1.04 -6.2
0.000384 -1.04 -6.4
0.0003841 -1.04 -6.2
0.0003842 -1.04 -6.4
0.0003843 -1.04 -6
0.0003844 -1.04 -6.2
0.0003845 -1.04 -6
0.0003846 -1.12 -6.2
0.0003847 -1.12 -6.2
0.0003848 -1.12 -6
0.0003849 -1.12 -6
0.000385 -1.12 -5.8
0.0003851 -1.12 -5.8
0.0003852 -1.12 -5.8
0.0003853 -1.12 -6
0.0003854 -1.12 -5.8
0.0003855 -1.12 -5.8
0.0003856 -1.2 -5.8
0.0003857 -1.12 -5.8
0.0003858 -1.2 -5.8
0.0003859 -1.2 -5.6
0.000386 -1.2 -5.6
0.0003861 -1.2 -5.6
0.0003862 -1.28 -5.6
0.0003863 -1.28 -5.8
0.0003864 -1.28 -5.6
0.0003865 -1.36 -5.4
0.0003866 -1.28 -5.4
0.0003867 -1.28 -5.4
0.0003868 -1.28 -5.4
0.0003869 -1.28 -5.4
0.000387 -1.36 -5.2
0.0003871 -1.36 -5.4
0.0003872 -1.36 -5
0.0003873 -1.28 -5
0.0003874 -1.36 -5.2
0.0003875 -1.36 -5
0.0003876 -1.36 -5
0.0003877 -1.36 -5
0.0003878 -1.36 -5
0.0003879 -1.36 -4.8
0.000388 -1.36 -4.8
0.0003881 -1.44 -4.8
0.0003882 -1.36 -4.6
0.0003883 -1.36 -4.8
0.0003884 -1.44 -4.6
0.0003885 -1.36 -4.6
0.0003886 -1.44 -4.4
0.0003887 -1.44 -4.6
0.0003888 -1.44 -4.4
0.0003889 -1.36 -4.4
0.000389 -1.36 -4.2
0.0003891 -1.36 -4.2
0.0003892 -1.44 -4.2
0.0003893 -1.44 -4.2
0.0003894 -1.44 -4.2
0.0003895 -1.44 -4
0.0003896 -1.44 -4
0.0003897 -1.44 -4
0.0003898 -1.44 -3.8
0.0003899 -1.44 -3.8
0.00039 -1.44 -3.6
0.0003901 -1.44 -3.6
0.0003902 -1.44 -3.6
0.0003903 -1.44 -3.4
0.0003904 -1.44 -3.4
0.0003905 -1.44 -3.4
0.0003906 -1.44 -3.4
0.0003907 -1.44 -3.2
0.0003908 -1.44 -3.4
0.0003909 -1.44 -3
0.000391 -1.44 -3.2
0.0003911 -1.44 -3
0.0003912 -1.44 -3
0.0003913 -1.44 -3.2
0.0003914 -1.44 -2.8
0.0003915 -1.44 -3
0.0003916 -1.44 -2.6
0.0003917 -1.44 -2.6
0.0003918 -1.44 -2.6
0.0003919 -1.44 -2.4
0.000392 -1.36 -2.4
0.0003921 -1.44 -2.4
0.0003922 -1.44 -2.2
0.0003923 -1.36 -2.2
0.0003924 -1.36 -2.2
0.0003925 -1.44 -2
0.0003926 -1.36 -2
0.0003927 -1.36 -2
0.0003928 -1.44 -1.8
0.0003929 -1.36 -1.8
0.000393 -1.44 -1.8
0.0003931 -1.36 -1.6
0.0003932 -1.44 -1.6
0.0003933 -1.36 -1.6
0.0003934 -1.36 -1.4
0.0003935 -1.36 -1.2
0.0003936 -1.36 -1.2
0.0003937 -1.36 -1.2
0.0003938 -1.36 -1.2
0.0003939 -1.36 -1
0.000394 -1.36 -1
0.0003941 -1.28 -0.8
0.0003942 -1.28 -0.8
0.0003943 -1.28 -0.8
0.0003944 -1.28 -0.8
0.0003945 -1.28 -0.6
0.0003946 -1.28 -0.4
0.0003947 -1.28 -0.6
0.0003948 -1.2 0
0.0003949 -1.2 0
0.000395 -1.2 0.2
0.0003951 -1.28 0
0.0003952 -1.2 0.2
0.0003953 -1.2 0.2
0.0003954 -1.2 0.2
0.0003955 -1.12 0.2
0.0003956 -1.12 0.4
0.0003957 -1.12 0.4
0.0003958 -1.12 0.4
0.0003959 -1.12 0.6
0.000396 -1.2 0.4
0.0003961 -1.12 0.8
0.0003962 -1.12 0.8
0.0003963 -1.12 0.8
0.0003964 -1.12 0.8
0.0003965 -1.04 1
0.0003966 -1.12 1.2
0.0003967 -1.12 1
0.0003968 -1.04 1.2
0.0003969 -1.04 1.2
0.000397 -1.12 1.4
0.0003971 -1.04 1.4
0.0003972 -1.04 1.6
0.0003973 -1.04 1.6
0.0003974 -0.96 1.6
0.0003975 -0.96 1.8
0.0003976 -0.96 1.8
0.0003977 -0.96 1.8
0.0003978 -0.96 1.8
0.0003979 -0.88 1.8
0.000398 -0.88 2
0.0003981 -0.8 2
0.0003982 -0.8 2.2
0.0003983 -0.8 2.2
0.0003984 -0.8 2.4
0.0003985 -0.8 2.4
0.0003986 -0.8 2.6
0.0003987 -0.8 2.6
0.0003988 -0.8 2.6
0.0003989 -0.72 2.6
0.000399 -0.72 2.6
0.0003991 -0.72 2.8
0.0003992 -0.72 2.8
0.0003993 -0.72 2.8
0.0003994 -0.72 2.8
0.0003995 -0.64 2.8
0.0003996 -0.64 3
0.0003997 -0.64 3
0.0003998 -0.64 3.2
0.0003999 -0.64 3.2
