0 -0.4 -0.16
4e-06 -0.4 -0.16
8e-06 -0.32 0
1.2e-05 -0.24 0
1.6e-05 -0.16 0.08
2e-05 -0.16 0.16
2.4e-05 0 0.32
2.8e-05 0.08 0.32
3.2e-05 0.24 0.4
3.6e-05 0.24 0.48
4e-05 0.32 0.56
4.4e-05 0.4 0.56
4.8e-05 0.4 0.64
5.2e-05 0.56 0.72
5.6e-05 0.56 0.8
6e-05 0.64 0.96
6.4e-05 0.72 0.88
6.8e-05 0.88 1.04
7.2e-05 0.88 1.04
7.6e-05 0.96 1.2
8e-05 0.96 1.28
8.4e-05 1.04 1.28
8.8e-05 1.2 1.36
9.2e-05 1.2 1.44
9.6e-05 1.28 1.52
0.0001 1.36 1.52
0.000104 1.44 1.6
0.000108 1.52 1.68
0.000112 1.6 1.76
0.000116 1.6 1.92
0.00012 1.68 1.92
0.000124 1.84 2
0.000128 1.84 2
0.000132 1.92 2.16
0.000136 1.92 2.16
0.00014 2 2.24
0.000144 2.16 2.32
0.000148 2.16 2.32
0.000152 2.16 2.48
0.000156 2.24 2.48
0.00016 2.32 2.56
0.000164 2.48 2.64
0.000168 2.48 2.72
0.000172 2.56 2.72
0.000176 2.56 2.8
0.00018 2.64 2.88
0.000184 2.72 2.96
0.000188 2.8 3.04
0.000192 2.88 3.04
0.000196 2.88 3.04
0.0002 2.96 3.2
0.000204 3.04 3.28
0.000208 3.12 3.28
0.000212 3.12 3.28
0.000216 3.2 3.36
0.00022 3.2 3.52
0.000224 3.28 3.52
0.000228 3.36 3.6
0.000232 3.44 3.6
0.000236 3.44 3.68
0.00024 3.52 3.76
0.000244 3.6 3.84
0.000248 3.6 3.84
0.000252 3.68 3.92
0.000256 3.76 3.92
0.00026 3.76 4
0.000264 3.84 4.08
0.000268 3.92 4
0.000272 3.92 4.16
0.000276 3.92 4.16
0.00028 4 4.24
0.000284 4.08 4.24
0.000288 4.08 4.32
0.000292 4.16 4.4
0.000296 4.16 4.4
0.0003 4.16 4.48
0.000304 4.32 4.48
0.000308 4.4 4.56
0.000312 4.4 4.64
0.000316 4.48 4.64
0.00032 4.4 4.64
0.000324 4.48 4.64
0.000328 4.56 4.8
0.000332 4.72 4.8
0.000336 4.64 4.88
0.00034 4.64 4.88
0.000344 4.72 4.88
0.000348 4.72 4.88
0.000352 4.72 4.96
0.000356 4.8 4.96
0.00036 4.8 4.96
0.000364 4.88 5.04
0.000368 4.88 5.12
0.000372 4.96 5.12
0.000376 4.96 5.12
0.00038 5.04 5.12
0.000384 5.04 5.2
0.000388 5.04 5.2
0.000392 5.04 5.2
0.000396 5.12 5.2
0.0004 5.12 5.28
0.000404 5.12 5.28
0.000408 5.2 5.36
0.000412 5.2 5.28
0.000416 5.2 5.36
0.00042 5.2 5.44
0.000424 5.28 5.44
0.000428 5.36 5.44
0.000432 5.36 5.44
0.000436 5.36 5.44
0.00044 5.36 5.52
0.000444 5.36 5.44
0.000448 5.36 5.44
0.000452 5.36 5.52
0.000456 5.36 5.6
0.00046 5.36 5.52
0.000464 5.44 5.6
0.000468 5.44 5.52
0.000472 5.36 5.52
0.000476 5.44 5.6
0.00048 5.52 5.6
0.000484 5.44 5.6
0.000488 5.44 5.6
0.000492 5.52 5.6
0.000496 5.44 5.6
0.0005 5.44 5.6
0.000504 5.44 5.52
0.000508 5.52 5.6
0.000512 5.52 5.6
0.000516 5.52 5.6
0.00052 5.44 5.6
0.000524 5.52 5.52
0.000528 5.44 5.6
0.000532 5.52 5.6
0.000536 5.44 5.52
0.00054 5.52 5.52
0.000544 5.44 5.52
0.000548 5.44 5.6
0.000552 5.44 5.52
0.000556 5.44 5.52
0.00056 5.44 5.52
0.000564 5.44 5.44
0.000568 5.44 5.52
0.000572 5.44 5.44
0.000576 5.36 5.44
0.00058 5.36 5.44
0.000584 5.36 5.52
0.000588 5.36 5.44
0.000592 5.36 5.44
0.000596 5.36 5.36
0.0006 5.36 5.36
0.000604 5.36 5.36
0.000608 5.36 5.28
0.000612 5.36 5.28
0.000616 5.28 5.2
0.00062 5.2 5.2
0.000624 5.2 5.2
0.000628 5.2 5.2
0.000632 5.2 5.2
0.000636 5.12 5.12
0.00064 5.12 5.12
0.000644 5.04 5.04
0.000648 5.04 5.12
0.000652 5.04 5.04
0.000656 4.88 4.96
0.00066 5.04 5.04
0.000664 4.88 4.88
0.000668 4.88 4.96
0.000672 4.88 4.88
0.000676 4.88 4.88
0.00068 4.8 4.8
0.000684 4.8 4.72
0.000688 4.72 4.72
0.000692 4.72 4.64
0.000696 4.72 4.64
0.0007 4.72 4.56
0.000704 4.56 4.56
0.000708 4.56 4.48
0.000712 4.56 4.48
0.000716 4.48 4.48
0.00072 4.4 4.4
0.000724 4.4 4.32
0.000728 4.4 4.32
0.000732 4.24 4.24
0.000736 4.24 4.16
0.00074 4.24 4.16
0.000744 4.16 4.16
0.000748 4.08 4
0.000752 4.08 4
0.000756 4.08 3.92
0.00076 4 3.84
0.000764 3.92 3.84
0.000768 3.92 3.84
0.000772 3.84 3.84
0.000776 3.76 3.68
0.00078 3.76 3.68
0.000784 3.68 3.6
0.000788 3.68 3.52
0.000792 3.6 3.44
0.000796 3.52 3.44
0.0008 3.44 3.36
0.000804 3.44 3.36
0.000808 3.44 3.28
0.000812 3.28 3.2
0.000816 3.28 3.12
0.00082 3.2 3.04
0.000824 3.12 3.04
0.000828 3.12 2.96
0.000832 3.04 2.88
0.000836 2.96 2.88
0.00084 2.88 2.8
0.000844 2.8 2.72
0.000848 2.8 2.64
0.000852 2.72 2.56
0.000856 2.64 2.56
0.00086 2.56 2.56
0.000864 2.48 2.4
0.000868 2.48 2.32
0.000872 2.4 2.24
0.000876 2.32 2.24
0.00088 2.32 2.24
0.000884 2.24 2.08
0.000888 2.16 2
0.000892 2.08 2
0.000896 2 1.92
0.0009 2 1.76
0.000904 1.92 1.68
0.000908 1.84 1.68
0.000912 1.84 1.6
0.000916 1.68 1.6
0.00092 1.6 1.52
0.000924 1.52 1.44
0.000928 1.52 1.36
0.000932 1.52 1.28
0.000936 1.36 1.2
0.00094 1.28 1.12
0.000944 1.2 1.12
0.000948 1.2 0.96
0.000952 1.12 0.96
0.000956 1.04 0.8
0.00096 0.96 0.72
0.000964 0.88 0.8
0.000968 0.8 0.64
0.000972 0.72 0.64
0.000976 0.72 0.48
0.00098 0.56 0.4
0.000984 0.56 0.4
0.000988 0.56 0.32
0.000992 0.4 0.16
0.000996 0.32 0.08
0.001 0.24 0.08
0.001004 0.24 0
0.001008 0.08 0
0.001012 0.08 -0.16
0.001016 0 -0.24
0.00102 -0.16 -0.32
0.001024 -0.16 -0.4
0.001028 -0.24 -0.4
0.001032 -0.32 -0.56
0.001036 -0.4 -0.56
0.00104 -0.48 -0.72
0.001044 -0.64 -0.72
0.001048 -0.64 -0.8
0.001052 -0.72 -0.96
0.001056 -0.8 -0.96
0.00106 -0.8 -1.04
0.001064 -0.96 -1.04
0.001068 -1.04 -1.2
0.001072 -1.04 -1.2
0.001076 -1.12 -1.28
0.00108 -1.12 -1.36
0.001084 -1.28 -1.36
0.001088 -1.36 -1.52
0.001092 -1.36 -1.52
0.001096 -1.44 -1.68
0.0011 -1.44 -1.68
0.001104 -1.6 -1.84
0.001108 -1.68 -1.92
0.001112 -1.76 -1.84
0.001116 -1.76 -2
0.00112 -1.92 -2.08
0.001124 -2 -2.16
0.001128 -2 -2.16
0.001132 -2.08 -2.24
0.001136 -2.08 -2.32
0.00114 -2.24 -2.4
0.001144 -2.24 -2.48
0.001148 -2.4 -2.48
0.001152 -2.4 -2.64
0.001156 -2.4 -2.64
0.00116 -2.56 -2.72
0.001164 -2.56 -2.8
0.001168 -2.64 -2.88
0.001172 -2.72 -2.88
0.001176 -2.72 -2.96
0.00118 -2.88 -2.96
0.001184 -2.88 -3.04
0.001188 -2.96 -3.2
0.001192 -3.04 -3.2
0.001196 -3.04 -3.28
0.0012 -3.12 -3.28
0.001204 -3.2 -3.28
0.001208 -3.2 -3.44
0.001212 -3.28 -3.44
0.001216 -3.36 -3.52
0.00122 -3.52 -3.6
0.001224 -3.52 -3.68
0.001228 -3.52 -3.76
0.001232 -3.6 -3.76
0.001236 -3.6 -3.84
0.00124 -3.68 -3.84
0.001244 -3.68 -3.92
0.001248 -3.84 -3.92
0.001252 -3.84 -4.08
0.001256 -3.92 -4.08
0.00126 -3.92 -4.16
0.001264 -4 -4.16
0.001268 -4 -4.16
0.001272 -4.16 -4.32
0.001276 -4.16 -4.32
0.00128 -4.16 -4.4
0.001284 -4.24 -4.4
0.001288 -4.32 -4.48
0.001292 -4.32 -4.48
0.001296 -4.32 -4.48
0.0013 -4.48 -4.56
0.001304 -4.48 -4.56
0.001308 -4.48 -4.72
0.001312 -4.56 -4.72
0.001316 -4.56 -4.8
0.00132 -4.64 -4.8
0.001324 -4.64 -4.88
0.001328 -4.72 -4.88
0.001332 -4.72 -4.88
0.001336 -4.88 -4.96
0.00134 -4.88 -4.88
0.001344 -4.88 -5.04
0.001348 -4.96 -5.04
0.001352 -4.96 -5.12
0.001356 -4.96 -5.12
0.00136 -4.96 -5.12
0.001364 -4.96 -5.2
0.001368 -5.12 -5.2
0.001372 -5.12 -5.28
0.001376 -5.12 -5.28
0.00138 -5.2 -5.28
0.001384 -5.2 -5.36
0.001388 -5.2 -5.36
0.001392 -5.28 -5.36
0.001396 -5.28 -5.44
0.0014 -5.28 -5.44
0.001404 -5.28 -5.36
0.001408 -5.28 -5.44
0.001412 -5.36 -5.52
0.001416 -5.44 -5.44
0.00142 -5.44 -5.52
0.001424 -5.44 -5.52
0.001428 -5.44 -5.52
0.001432 -5.44 -5.52
0.001436 -5.52 -5.6
0.00144 -5.52 -5.6
0.001444 -5.52 -5.6
0.001448 -5.52 -5.68
0.001452 -5.6 -5.68
0.001456 -5.52 -5.68
0.00146 -5.6 -5.6
0.001464 -5.6 -5.68
0.001468 -5.6 -5.68
0.001472 -5.6 -5.68
0.001476 -5.6 -5.68
0.00148 -5.6 -5.68
0.001484 -5.6 -5.76
0.001488 -5.6 -5.68
0.001492 -5.6 -5.76
0.001496 -5.6 -5.68
0.0015 -5.6 -5.76
0.001504 -5.68 -5.76
0.001508 -5.6 -5.76
0.001512 -5.68 -5.76
0.001516 -5.68 -5.68
0.00152 -5.6 -5.76
0.001524 -5.6 -5.68
0.001528 -5.6 -5.68
0.001532 -5.68 -5.68
0.001536 -5.6 -5.68
0.00154 -5.68 -5.68
0.001544 -5.6 -5.68
0.001548 -5.6 -5.68
0.001552 -5.6 -5.6
0.001556 -5.6 -5.68
0.00156 -5.6 -5.68
0.001564 -5.6 -5.6
0.001568 -5.6 -5.6
0.001572 -5.6 -5.6
0.001576 -5.6 -5.6
0.00158 -5.6 -5.52
0.001584 -5.52 -5.52
0.001588 -5.52 -5.52
0.001592 -5.52 -5.52
0.001596 -5.52 -5.52
0.0016 -5.44 -5.44
0.001604 -5.52 -5.44
0.001608 -5.44 -5.44
0.001612 -5.44 -5.44
0.001616 -5.36 -5.36
0.00162 -5.44 -5.36
0.001624 -5.44 -5.28
0.001628 -5.28 -5.36
0.001632 -5.28 -5.36
0.001636 -5.28 -5.2
0.00164 -5.28 -5.2
0.001644 -5.28 -5.2
0.001648 -5.28 -5.2
0.001652 -5.28 -5.2
0.001656 -5.2 -5.12
0.00166 -5.12 -5.12
0.001664 -5.12 -5.12
0.001668 -5.12 -5.04
0.001672 -4.96 -4.96
0.001676 -4.96 -4.88
0.00168 -4.96 -4.88
0.001684 -4.96 -4.88
0.001688 -4.96 -4.88
0.001692 -4.88 -4.8
0.001696 -4.88 -4.8
0.0017 -4.8 -4.72
0.001704 -4.8 -4.72
0.001708 -4.8 -4.64
0.001712 -4.64 -4.56
0.001716 -4.64 -4.56
0.00172 -4.64 -4.56
0.001724 -4.56 -4.48
0.001728 -4.56 -4.4
0.001732 -4.48 -4.4
0.001736 -4.48 -4.32
0.00174 -4.32 -4.32
0.001744 -4.32 -4.24
0.001748 -4.24 -4.16
0.001752 -4.24 -4.16
0.001756 -4.24 -4.08
0.00176 -4.16 -4.08
0.001764 -4.16 -3.92
0.001768 -4.08 -3.92
0.001772 -4 -3.84
0.001776 -4 -3.84
0.00178 -3.92 -3.84
0.001784 -3.84 -3.68
0.001788 -3.84 -3.76
0.001792 -3.76 -3.6
0.001796 -3.68 -3.6
0.0018 -3.68 -3.52
0.001804 -3.6 -3.44
0.001808 -3.6 -3.44
0.001812 -3.52 -3.36
0.001816 -3.44 -3.28
0.00182 -3.36 -3.2
0.001824 -3.28 -3.12
0.001828 -3.28 -3.12
0.001832 -3.2 -3.12
0.001836 -3.12 -2.96
0.00184 -3.04 -2.88
0.001844 -3.04 -2.88
0.001848 -2.96 -2.8
0.001852 -2.88 -2.8
0.001856 -2.88 -2.64
0.00186 -2.72 -2.56
0.001864 -2.72 -2.56
0.001868 -2.64 -2.56
0.001872 -2.56 -2.4
0.001876 -2.56 -2.32
0.00188 -2.4 -2.32
0.001884 -2.4 -2.24
0.001888 -2.32 -2.16
0.001892 -2.24 -2.08
0.001896 -2.24 -2
0.0019 -2.16 -1.92
0.001904 -2.08 -1.92
0.001908 -2 -1.84
0.001912 -1.92 -1.76
0.001916 -1.84 -1.76
0.00192 -1.76 -1.6
0.001924 -1.76 -1.6
0.001928 -1.68 -1.52
0.001932 -1.6 -1.36
0.001936 -1.52 -1.36
0.00194 -1.44 -1.28
0.001944 -1.44 -1.28
0.001948 -1.28 -1.12
0.001952 -1.28 -1.04
0.001956 -1.2 -1.04
0.00196 -1.12 -0.96
0.001964 -1.04 -0.88
0.001968 -1.04 -0.8
0.001972 -0.96 -0.72
0.001976 -0.88 -0.64
0.00198 -0.72 -0.64
0.001984 -0.72 -0.48
0.001988 -0.64 -0.4
0.001992 -0.64 -0.4
0.001996 -0.48 -0.24
0.002 -0.4 -0.24
0.002004 -0.4 -0.16
0.002008 -0.32 0
0.002012 -0.24 0.08
0.002016 -0.16 0.08
0.00202 -0.16 0.16
0.002024 0.08 0.32
0.002028 0.08 0.32
0.002032 0.24 0.4
0.002036 0.24 0.4
0.00204 0.32 0.56
0.002044 0.4 0.64
0.002048 0.4 0.64
0.002052 0.56 0.8
0.002056 0.56 0.88
0.00206 0.64 0.88
0.002064 0.72 0.88
0.002068 0.8 0.96
0.002072 0.88 1.12
0.002076 0.96 1.2
0.00208 1.04 1.28
0.002084 1.2 1.28
0.002088 1.2 1.36
0.002092 1.2 1.44
0.002096 1.28 1.44
0.0021 1.36 1.6
0.002104 1.44 1.6
0.002108 1.52 1.68
0.002112 1.52 1.76
0.002116 1.6 1.76
0.00212 1.68 1.84
0.002124 1.76 2
0.002128 1.84 2
0.002132 1.92 2.08
0.002136 1.92 2.24
0.00214 2 2.24
0.002144 2.08 2.32
0.002148 2.16 2.32
0.002152 2.24 2.48
0.002156 2.32 2.48
0.00216 2.32 2.56
0.002164 2.4 2.64
0.002168 2.48 2.72
0.002172 2.48 2.72
0.002176 2.56 2.8
0.00218 2.64 2.88
0.002184 2.8 2.88
0.002188 2.8 2.96
0.002192 2.8 3.04
0.002196 2.88 3.04
0.0022 2.96 3.12
0.002204 3.04 3.28
0.002208 3.12 3.28
0.002212 3.12 3.28
0.002216 3.2 3.44
0.00222 3.2 3.44
0.002224 3.36 3.52
0.002228 3.44 3.52
0.002232 3.44 3.6
0.002236 3.44 3.76
0.00224 3.52 3.68
0.002244 3.6 3.84
0.002248 3.6 3.84
0.002252 3.68 3.92
0.002256 3.76 3.92
0.00226 3.76 4
0.002264 3.84 4.08
0.002268 3.92 4.08
0.002272 3.92 4.24
0.002276 3.92 4.16
0.00228 4.08 4.24
0.002284 4.08 4.32
0.002288 4.08 4.32
0.002292 4.16 4.4
0.002296 4.16 4.4
0.0023 4.24 4.48
0.002304 4.24 4.48
0.002308 4.32 4.56
0.002312 4.4 4.56
0.002316 4.4 4.64
0.00232 4.48 4.64
0.002324 4.48 4.64
0.002328 4.56 4.8
0.002332 4.56 4.8
0.002336 4.72 4.8
0.00234 4.72 4.8
0.002344 4.72 4.88
0.002348 4.72 4.96
0.002352 4.8 4.96
0.002356 4.8 4.96
0.00236 4.8 4.96
0.002364 4.88 5.04
0.002368 4.88 5.12
0.002372 4.88 5.12
0.002376 5.04 5.12
0.00238 4.96 5.12
0.002384 5.04 5.28
0.002388 5.04 5.2
0.002392 5.04 5.28
0.002396 5.12 5.28
0.0024 5.04 5.28
0.002404 5.12 5.28
0.002408 5.2 5.28
0.002412 5.2 5.28
0.002416 5.2 5.44
0.00242 5.28 5.36
0.002424 5.2 5.36
0.002428 5.28 5.44
0.002432 5.36 5.44
0.002436 5.36 5.44
0.00244 5.36 5.52
0.002444 5.36 5.52
0.002448 5.36 5.44
0.002452 5.36 5.52
0.002456 5.44 5.6
0.00246 5.44 5.52
0.002464 5.44 5.52
0.002468 5.44 5.52
0.002472 5.44 5.52
0.002476 5.44 5.6
0.00248 5.44 5.6
0.002484 5.52 5.68
0.002488 5.52 5.6
0.002492 5.52 5.6
0.002496 5.52 5.6
0.0025 5.52 5.6
0.002504 5.44 5.6
0.002508 5.52 5.6
0.002512 5.52 5.6
0.002516 5.52 5.6
0.00252 5.52 5.6
0.002524 5.52 5.52
0.002528 5.52 5.6
0.002532 5.44 5.6
0.002536 5.52 5.52
0.00254 5.44 5.6
0.002544 5.52 5.52
0.002548 5.44 5.52
0.002552 5.44 5.44
0.002556 5.44 5.52
0.00256 5.44 5.44
0.002564 5.44 5.44
0.002568 5.44 5.52
0.002572 5.44 5.44
0.002576 5.36 5.44
0.00258 5.44 5.44
0.002584 5.36 5.44
0.002588 5.36 5.44
0.002592 5.36 5.36
0.002596 5.36 5.36
0.0026 5.36 5.36
0.002604 5.36 5.28
0.002608 5.2 5.28
0.002612 5.28 5.28
0.002616 5.28 5.2
0.00262 5.28 5.2
0.002624 5.2 5.28
0.002628 5.12 5.12
0.002632 5.12 5.2
0.002636 5.12 5.12
0.00264 5.12 5.12
0.002644 5.12 5.12
0.002648 5.04 5.04
0.002652 5.04 5.04
0.002656 5.04 5.04
0.00266 4.96 4.96
0.002664 4.96 4.88
0.002668 4.88 4.88
0.002672 4.88 4.88
0.002676 4.88 4.88
0.00268 4.8 4.8
0.002684 4.8 4.72
0.002688 4.8 4.72
0.002692 4.72 4.72
0.002696 4.72 4.64
0.0027 4.64 4.56
0.002704 4.72 4.56
0.002708 4.56 4.48
0.002712 4.56 4.48
0.002716 4.48 4.48
0.00272 4.48 4.32
0.002724 4.4 4.32
0.002728 4.4 4.24
0.002732 4.24 4.32
0.002736 4.24 4.16
0.00274 4.24 4.16
0.002744 4.16 4.16
0.002748 4.08 4.08
0.002752 4.08 4
0.002756 4.08 3.92
0.00276 3.92 3.92
0.002764 3.92 3.84
0.002768 3.92 3.84
0.002772 3.84 3.76
0.002776 3.84 3.68
0.00278 3.76 3.68
0.002784 3.76 3.6
0.002788 3.6 3.6
0.002792 3.6 3.52
0.002796 3.52 3.44
0.0028 3.44 3.36
0.002804 3.44 3.36
0.002808 3.44 3.28
0.002812 3.28 3.2
0.002816 3.2 3.2
0.00282 3.2 3.04
0.002824 3.12 3.04
0.002828 3.12 2.96
0.002832 3.04 2.96
0.002836 2.96 2.88
0.00284 2.88 2.8
0.002844 2.8 2.72
0.002848 2.8 2.64
0.002852 2.8 2.64
0.002856 2.64 2.56
0.00286 2.64 2.56
0.002864 2.56 2.4
0.002868 2.48 2.32
0.002872 2.48 2.32
0.002876 2.4 2.24
0.00288 2.32 2.24
0.002884 2.24 2.08
0.002888 2.16 2
0.002892 2.16 1.92
0.002896 2 1.92
0.0029 2 1.84
0.002904 1.84 1.68
0.002908 1.84 1.76
0.002912 1.76 1.6
0.002916 1.76 1.6
0.00292 1.68 1.44
0.002924 1.52 1.36
0.002928 1.52 1.36
0.002932 1.44 1.28
0.002936 1.36 1.2
0.00294 1.28 1.12
0.002944 1.2 1.12
0.002948 1.2 1.04
0.002952 1.12 0.96
0.002956 1.04 0.8
0.00296 0.96 0.72
0.002964 0.88 0.72
0.002968 0.88 0.64
0.002972 0.8 0.64
0.002976 0.72 0.48
0.00298 0.64 0.48
0.002984 0.56 0.4
0.002988 0.48 0.32
0.002992 0.4 0.24
0.002996 0.32 0.16
0.003 0.32 0.08
0.003004 0.24 0
0.003008 0.08 0
0.003012 0.08 -0.24
0.003016 0 -0.32
0.00302 -0.16 -0.24
0.003024 -0.16 -0.4
0.003028 -0.32 -0.48
0.003032 -0.32 -0.56
0.003036 -0.48 -0.56
0.00304 -0.48 -0.64
0.003044 -0.56 -0.8
0.003048 -0.64 -0.88
0.003052 -0.72 -0.88
0.003056 -0.8 -0.88
0.00306 -0.8 -1.04
0.003064 -0.96 -1.04
0.003068 -0.96 -1.2
0.003072 -1.04 -1.28
0.003076 -1.12 -1.28
0.00308 -1.28 -1.36
0.003084 -1.2 -1.36
0.003088 -1.36 -1.52
0.003092 -1.44 -1.6
0.003096 -1.44 -1.68
0.0031 -1.52 -1.76
0.003104 -1.6 -1.84
0.003108 -1.68 -1.84
0.003112 -1.68 -1.84
0.003116 -1.76 -2
0.00312 -1.76 -2
0.003124 -1.92 -2.16
0.003128 -1.92 -2.16
0.003132 -2 -2.24
0.003136 -2.08 -2.32
0.00314 -2.16 -2.32
0.003144 -2.32 -2.4
0.003148 -2.24 -2.48
0.003152 -2.32 -2.56
0.003156 -2.4 -2.64
0.00316 -2.56 -2.72
0.003164 -2.56 -2.8
0.003168 -2.64 -2.8
0.003172 -2.72 -2.88
0.003176 -2.72 -2.96
0.00318 -2.88 -3.04
0.003184 -2.88 -3.04
0.003188 -2.96 -3.12
0.003192 -2.96 -3.2
0.003196 -3.04 -3.28
0.0032 -3.12 -3.36
0.003204 -3.2 -3.44
0.003208 -3.28 -3.52
0.003212 -3.36 -3.44
0.003216 -3.36 -3.52
0.00322 -3.44 -3.6
0.003224 -3.52 -3.68
0.003228 -3.6 -3.76
0.003232 -3.6 -3.76
0.003236 -3.6 -3.84
0.00324 -3.68 -3.84
0.003244 -3.68 -3.92
0.003248 -3.84 -4
0.003252 -3.84 -4.08
0.003256 -3.84 -4.08
0.00326 -4 -4.08
0.003264 -4 -4.24
0.003268 -4 -4.24
0.003272 -4.16 -4.24
0.003276 -4.16 -4.32
0.00328 -4.16 -4.32
0.003284 -4.24 -4.4
0.003288 -4.32 -4.48
0.003292 -4.32 -4.48
0.003296 -4.32 -4.56
0.0033 -4.4 -4.64
0.003304 -4.48 -4.56
0.003308 -4.48 -4.64
0.003312 -4.56 -4.72
0.003316 -4.56 -4.72
0.00332 -4.64 -4.88
0.003324 -4.64 -4.8
0.003328 -4.72 -4.88
0.003332 -4.8 -4.88
0.003336 -4.8 -4.96
0.00334 -4.88 -5.04
0.003344 -4.88 -5.04
0.003348 -4.96 -5.04
0.003352 -4.96 -5.12
0.003356 -4.96 -5.12
0.00336 -4.96 -5.2
0.003364 -5.12 -5.2
0.003368 -5.04 -5.2
0.003372 -5.12 -5.2
0.003376 -5.12 -5.28
0.00338 -5.2 -5.28
0.003384 -5.2 -5.28
0.003388 -5.28 -5.36
0.003392 -5.2 -5.44
0.003396 -5.28 -5.36
0.0034 -5.28 -5.44
0.003404 -5.36 -5.44
0.003408 -5.28 -5.44
0.003412 -5.36 -5.52
0.003416 -5.44 -5.52
0.00342 -5.44 -5.52
0.003424 -5.44 -5.52
0.003428 -5.44 -5.52
0.003432 -5.52 -5.52
0.003436 -5.44 -5.6
0.00344 -5.52 -5.6
0.003444 -5.52 -5.68
0.003448 -5.52 -5.68
0.003452 -5.52 -5.6
0.003456 -5.6 -5.68
0.00346 -5.6 -5.68
0.003464 -5.52 -5.68
0.003468 -5.6 -5.68
0.003472 -5.6 -5.68
0.003476 -5.6 -5.68
0.00348 -5.6 -5.68
0.003484 -5.6 -5.76
0.003488 -5.6 -5.68
0.003492 -5.6 -5.68
0.003496 -5.6 -5.68
0.0035 -5.6 -5.68
0.003504 -5.6 -5.76
0.003508 -5.68 -5.68
0.003512 -5.6 -5.76
0.003516 -5.76 -5.76
0.00352 -5.6 -5.76
0.003524 -5.68 -5.76
0.003528 -5.6 -5.76
0.003532 -5.6 -5.76
0.003536 -5.6 -5.68
0.00354 -5.6 -5.76
0.003544 -5.6 -5.6
0.003548 -5.68 -5.68
0.003552 -5.6 -5.68
0.003556 -5.6 -5.68
0.00356 -5.6 -5.6
0.003564 -5.6 -5.6
0.003568 -5.6 -5.6
0.003572 -5.6 -5.6
0.003576 -5.6 -5.6
0.00358 -5.6 -5.6
0.003584 -5.52 -5.6
0.003588 -5.52 -5.52
0.003592 -5.52 -5.52
0.003596 -5.52 -5.52
0.0036 -5.52 -5.44
0.003604 -5.52 -5.44
0.003608 -5.52 -5.44
0.003612 -5.44 -5.44
0.003616 -5.44 -5.36
0.00362 -5.44 -5.36
0.003624 -5.44 -5.36
0.003628 -5.36 -5.36
0.003632 -5.28 -5.36
0.003636 -5.28 -5.2
0.00364 -5.28 -5.28
0.003644 -5.2 -5.2
0.003648 -5.28 -5.2
0.003652 -5.2 -5.2
0.003656 -5.2 -5.12
0.00366 -5.12 -5.12
0.003664 -5.12 -5.04
0.003668 -5.12 -5.04
0.003672 -4.96 -4.96
0.003676 -4.96 -5.04
0.00368 -4.96 -4.88
0.003684 -4.96 -4.88
0.003688 -4.96 -4.8
0.003692 -4.88 -4.8
0.003696 -4.88 -4.8
0.0037 -4.8 -4.72
0.003704 -4.72 -4.72
0.003708 -4.72 -4.64
0.003712 -4.64 -4.56
0.003716 -4.64 -4.56
0.00372 -4.56 -4.56
0.003724 -4.56 -4.48
0.003728 -4.48 -4.4
0.003732 -4.48 -4.4
0.003736 -4.48 -4.32
0.00374 -4.32 -4.32
0.003744 -4.32 -4.24
0.003748 -4.24 -4.16
0.003752 -4.24 -4.16
0.003756 -4.24 -4
0.00376 -4.16 -4.08
0.003764 -4.16 -4
0.003768 -4 -3.92
0.003772 -4 -3.92
0.003776 -3.92 -3.84
0.00378 -3.84 -3.76
0.003784 -3.84 -3.68
0.003788 -3.76 -3.76
0.003792 -3.76 -3.6
0.003796 -3.68 -3.6
0.0038 -3.68 -3.52
0.003804 -3.6 -3.44
0.003808 -3.52 -3.44
0.003812 -3.52 -3.28
0.003816 -3.44 -3.28
0.00382 -3.36 -3.2
0.003824 -3.28 -3.2
0.003828 -3.28 -3.12
0.003832 -3.2 -3.04
0.003836 -3.12 -2.96
0.00384 -3.04 -2.88
0.003844 -2.96 -2.88
0.003848 -2.96 -2.8
0.003852 -2.88 -2.8
0.003856 -2.88 -2.64
0.00386 -2.72 -2.64
0.003864 -2.72 -2.56
0.003868 -2.64 -2.48
0.003872 -2.56 -2.4
0.003876 -2.56 -2.32
0.00388 -2.4 -2.24
0.003884 -2.4 -2.24
0.003888 -2.32 -2.24
0.003892 -2.24 -2.08
0.003896 -2.24 -2
0.0039 -2.24 -2
0.003904 -2.08 -1.84
0.003908 -2 -1.84
0.003912 -1.92 -1.76
0.003916 -1.92 -1.68
0.00392 -1.76 -1.6
0.003924 -1.68 -1.52
0.003928 -1.68 -1.52
0.003932 -1.6 -1.44
0.003936 -1.52 -1.36
0.00394 -1.52 -1.28
0.003944 -1.36 -1.2
0.003948 -1.36 -1.12
0.003952 -1.28 -1.04
0.003956 -1.2 -1.04
0.00396 -1.12 -0.96
0.003964 -1.12 -0.88
0.003968 -0.96 -0.8
0.003972 -0.96 -0.72
0.003976 -0.8 -0.64
0.00398 -0.8 -0.56
0.003984 -0.72 -0.48
0.003988 -0.64 -0.4
0.003992 -0.56 -0.4
0.003996 -0.48 -0.32
0.004 -0.4 -0.24
0.004004 -0.4 0
0.004008 -0.32 0
0.004012 -0.32 0
0.004016 -0.16 0.08
0.00402 0 0.16
0.004024 0.08 0.32
0.004028 0.08 0.32
0.004032 0.24 0.4
0.004036 0.24 0.48
0.00404 0.24 0.64
0.004044 0.32 0.64
0.004048 0.4 0.64
0.004052 0.56 0.72
0.004056 0.56 0.8
0.00406 0.72 0.96
0.004064 0.72 0.96
0.004068 0.88 1.04
0.004072 0.88 1.12
0.004076 0.96 1.2
0.00408 0.96 1.28
0.004084 1.12 1.28
0.004088 1.2 1.36
0.004092 1.2 1.36
0.004096 1.28 1.52
0.0041 1.36 1.6
0.004104 1.52 1.6
0.004108 1.52 1.68
0.004112 1.6 1.68
0.004116 1.6 1.92
0.00412 1.68 1.92
0.004124 1.84 2
0.004128 1.84 2.08
0.004132 1.84 2.16
0.004136 2 2.16
0.00414 2 2.24
0.004144 2.08 2.32
0.004148 2.16 2.4
0.004152 2.24 2.48
0.004156 2.24 2.48
0.00416 2.32 2.64
0.004164 2.4 2.64
0.004168 2.48 2.72
0.004172 2.56 2.8
0.004176 2.64 2.8
0.00418 2.64 2.96
0.004184 2.8 2.96
0.004188 2.8 2.96
0.004192 2.8 3.04
0.004196 2.88 3.2
0.0042 2.96 3.2
0.004204 3.04 3.2
0.004208 3.12 3.28
0.004212 3.12 3.36
0.004216 3.2 3.44
0.00422 3.2 3.52
0.004224 3.28 3.52
0.004228 3.36 3.52
0.004232 3.44 3.6
0.004236 3.44 3.76
0.00424 3.52 3.76
0.004244 3.52 3.84
0.004248 3.6 3.84
0.004252 3.6 3.92
0.004256 3.76 4
0.00426 3.76 3.92
0.004264 3.84 4
0.004268 3.84 4.08
0.004272 3.92 4.16
0.004276 4 4.16
0.00428 4.08 4.24
0.004284 4.08 4.24
0.004288 4.08 4.24
0.004292 4.08 4.4
0.004296 4.16 4.4
0.0043 4.24 4.48
0.004304 4.4 4.48
0.004308 4.32 4.64
0.004312 4.4 4.64
0.004316 4.4 4.56
0.00432 4.48 4.64
0.004324 4.56 4.72
0.004328 4.56 4.8
0.004332 4.56 4.8
0.004336 4.72 4.8
0.00434 4.72 4.88
0.004344 4.72 4.88
0.004348 4.72 4.96
0.004352 4.8 4.96
0.004356 4.8 5.04
0.00436 4.88 5.04
0.004364 4.88 5.12
0.004368 4.88 5.12
0.004372 4.88 5.12
0.004376 4.96 5.12
0.00438 5.04 5.12
0.004384 5.04 5.2
0.004388 5.04 5.2
0.004392 5.12 5.28
0.004396 5.12 5.2
0.0044 5.12 5.28
0.004404 5.12 5.36
0.004408 5.2 5.28
0.004412 5.2 5.28
0.004416 5.2 5.36
0.00442 5.2 5.44
0.004424 5.2 5.44
0.004428 5.36 5.44
0.004432 5.36 5.44
0.004436 5.36 5.44
0.00444 5.36 5.44
0.004444 5.36 5.52
0.004448 5.36 5.52
0.004452 5.36 5.52
0.004456 5.36 5.6
0.00446 5.36 5.52
0.004464 5.44 5.52
0.004468 5.44 5.52
0.004472 5.44 5.52
0.004476 5.44 5.6
0.00448 5.44 5.52
0.004484 5.44 5.6
0.004488 5.52 5.6
0.004492 5.52 5.6
0.004496 5.52 5.6
0.0045 5.52 5.6
0.004504 5.52 5.6
0.004508 5.44 5.6
0.004512 5.52 5.6
0.004516 5.52 5.6
0.00452 5.52 5.6
0.004524 5.52 5.52
0.004528 5.44 5.6
0.004532 5.44 5.6
0.004536 5.52 5.52
0.00454 5.52 5.6
0.004544 5.52 5.52
0.004548 5.44 5.52
0.004552 5.52 5.52
0.004556 5.44 5.52
0.00456 5.44 5.52
0.004564 5.44 5.52
0.004568 5.44 5.52
0.004572 5.44 5.44
0.004576 5.44 5.44
0.00458 5.44 5.44
0.004584 5.44 5.44
0.004588 5.36 5.44
0.004592 5.36 5.36
0.004596 5.36 5.36
0.0046 5.36 5.36
0.004604 5.28 5.36
0.004608 5.36 5.28
0.004612 5.28 5.28
0.004616 5.28 5.2
0.00462 5.2 5.2
0.004624 5.2 5.28
0.004628 5.2 5.2
0.004632 5.2 5.2
0.004636 5.12 5.12
0.00464 5.04 5.2
0.004644 5.12 5.04
0.004648 5.04 5.04
0.004652 5.04 5.12
0.004656 5.04 4.96
0.00466 5.04 4.96
0.004664 4.88 4.88
0.004668 4.96 4.88
0.004672 4.88 4.8
0.004676 4.8 4.88
0.00468 4.8 4.8
0.004684 4.8 4.8
0.004688 4.8 4.72
0.004692 4.72 4.64
0.004696 4.72 4.64
0.0047 4.64 4.56
0.004704 4.56 4.56
0.004708 4.56 4.48
0.004712 4.48 4.48
0.004716 4.48 4.4
0.00472 4.48 4.32
0.004724 4.4 4.32
0.004728 4.4 4.24
0.004732 4.32 4.24
0.004736 4.24 4.16
0.00474 4.16 4.16
0.004744 4.16 4.16
0.004748 4.08 4.08
0.004752 4.08 4.08
0.004756 4.08 3.92
0.00476 4 3.92
0.004764 4 3.92
0.004768 3.84 3.84
0.004772 3.84 3.76
0.004776 3.84 3.68
0.00478 3.76 3.68
0.004784 3.76 3.6
0.004788 3.68 3.6
0.004792 3.6 3.52
0.004796 3.52 3.44
0.0048 3.44 3.44
0.004804 3.44 3.36
0.004808 3.44 3.28
0.004812 3.36 3.2
0.004816 3.28 3.2
0.00482 3.2 3.12
0.004824 3.2 3.04
0.004828 3.12 2.96
0.004832 2.96 2.96
0.004836 2.96 2.88
0.00484 2.88 2.8
0.004844 2.8 2.72
0.004848 2.8 2.64
0.004852 2.8 2.64
0.004856 2.64 2.56
0.00486 2.56 2.56
0.004864 2.48 2.4
0.004868 2.48 2.32
0.004872 2.48 2.32
0.004876 2.32 2.24
0.00488 2.32 2.24
0.004884 2.24 2.08
0.004888 2.16 2.08
0.004892 2.16 2
0.004896 2.08 1.92
0.0049 2 1.84
0.004904 1.92 1.76
0.004908 1.84 1.76
0.004912 1.76 1.6
0.004916 1.68 1.6
0.00492 1.6 1.44
0.004924 1.52 1.36
0.004928 1.52 1.36
0.004932 1.36 1.28
0.004936 1.36 1.2
0.00494 1.28 1.12
0.004944 1.28 1.12
0.004948 1.2 1.04
0.004952 1.04 0.88
0.004956 1.04 0.88
0.00496 0.96 0.8
0.004964 0.88 0.72
0.004968 0.88 0.64
0.004972 0.72 0.64
0.004976 0.64 0.48
0.00498 0.64 0.48
0.004984 0.56 0.4
0.004988 0.48 0.32
0.004992 0.4 0.24
0.004996 0.32 0.16
0.005 0.24 0.16
0.005004 0.24 0
0.005008 0.08 0
0.005012 0 -0.24
0.005016 0 -0.24
0.00502 -0.16 -0.32
0.005024 -0.16 -0.4
0.005028 -0.24 -0.4
0.005032 -0.4 -0.56
0.005036 -0.48 -0.64
0.00504 -0.48 -0.72
0.005044 -0.48 -0.72
0.005048 -0.64 -0.88
0.005052 -0.72 -0.88
0.005056 -0.8 -0.88
0.00506 -0.8 -1.04
0.005064 -0.88 -1.04
0.005068 -1.04 -1.2
0.005072 -1.04 -1.2
0.005076 -1.12 -1.28
0.00508 -1.12 -1.36
0.005084 -1.28 -1.44
0.005088 -1.36 -1.52
0.005092 -1.36 -1.52
0.005096 -1.44 -1.68
0.0051 -1.52 -1.68
0.005104 -1.6 -1.76
0.005108 -1.68 -1.84
0.005112 -1.68 -1.84
0.005116 -1.76 -2
0.00512 -1.92 -2
0.005124 -2 -2.16
0.005128 -2 -2.16
0.005132 -2.08 -2.32
0.005136 -2.16 -2.32
0.00514 -2.24 -2.32
0.005144 -2.24 -2.48
0.005148 -2.32 -2.48
0.005152 -2.4 -2.64
0.005156 -2.4 -2.56
0.00516 -2.56 -2.72
0.005164 -2.64 -2.72
0.005168 -2.64 -2.8
0.005172 -2.64 -2.88
0.005176 -2.72 -2.96
0.00518 -2.88 -3.04
0.005184 -2.88 -3.04
0.005188 -2.96 -3.2
0.005192 -3.04 -3.2
0.005196 -3.04 -3.28
0.0052 -3.04 -3.28
0.005204 -3.2 -3.36
0.005208 -3.2 -3.44
0.005212 -3.28 -3.44
0.005216 -3.36 -3.6
0.00522 -3.44 -3.6
0.005224 -3.52 -3.6
0.005228 -3.6 -3.76
0.005232 -3.6 -3.76
0.005236 -3.68 -3.84
0.00524 -3.68 -3.84
0.005244 -3.68 -4
0.005248 -3.84 -3.92
0.005252 -3.84 -4.08
0.005256 -3.92 -4.08
0.00526 -4 -4.16
0.005264 -4 -4.16
0.005268 -4 -4.16
0.005272 -4 -4.24
0.005276 -4.16 -4.24
0.00528 -4.24 -4.4
0.005284 -4.24 -4.4
0.005288 -4.32 -4.4
0.005292 -4.32 -4.48
0.005296 -4.4 -4.56
0.0053 -4.32 -4.64
0.005304 -4.48 -4.64
0.005308 -4.56 -4.72
0.005312 -4.56 -4.64
0.005316 -4.64 -4.72
0.00532 -4.64 -4.8
0.005324 -4.64 -4.88
0.005328 -4.72 -4.88
0.005332 -4.8 -4.8
0.005336 -4.8 -4.96
0.00534 -4.88 -4.96
0.005344 -4.88 -5.04
0.005348 -4.96 -5.04
0.005352 -4.96 -5.04
0.005356 -4.96 -5.12
0.00536 -5.04 -5.12
0.005364 -4.96 -5.2
0.005368 -5.04 -5.12
0.005372 -5.12 -5.2
0.005376 -5.12 -5.28
0.00538 -5.2 -5.28
0.005384 -5.2 -5.36
0.005388 -5.2 -5.36
0.005392 -5.2 -5.44
0.005396 -5.28 -5.36
0.0054 -5.28 -5.44
0.005404 -5.28 -5.44
0.005408 -5.28 -5.44
0.005412 -5.36 -5.44
0.005416 -5.44 -5.52
0.00542 -5.44 -5.52
0.005424 -5.44 -5.52
0.005428 -5.44 -5.52
0.005432 -5.44 -5.52
0.005436 -5.44 -5.6
0.00544 -5.52 -5.6
0.005444 -5.52 -5.6
0.005448 -5.6 -5.68
0.005452 -5.52 -5.6
0.005456 -5.52 -5.68
0.00546 -5.6 -5.6
0.005464 -5.6 -5.68
0.005468 -5.6 -5.68
0.005472 -5.6 -5.68
0.005476 -5.6 -5.68
0.00548 -5.6 -5.68
0.005484 -5.6 -5.68
0.005488 -5.6 -5.68
0.005492 -5.6 -5.68
0.005496 -5.6 -5.68
0.0055 -5.6 -5.76
0.005504 -5.68 -5.76
0.005508 -5.6 -5.68
0.005512 -5.68 -5.76
0.005516 -5.6 -5.68
0.00552 -5.76 -5.76
0.005524 -5.6 -5.68
0.005528 -5.68 -5.68
0.005532 -5.6 -5.76
0.005536 -5.68 -5.76
0.00554 -5.68 -5.68
0.005544 -5.6 -5.68
0.005548 -5.6 -5.68
0.005552 -5.6 -5.68
0.005556 -5.6 -5.68
0.00556 -5.6 -5.68
0.005564 -5.6 -5.6
0.005568 -5.6 -5.6
0.005572 -5.6 -5.6
0.005576 -5.6 -5.68
0.00558 -5.6 -5.52
0.005584 -5.52 -5.52
0.005588 -5.52 -5.52
0.005592 -5.52 -5.52
0.005596 -5.52 -5.52
0.0056 -5.44 -5.44
0.005604 -5.44 -5.44
0.005608 -5.44 -5.44
0.005612 -5.52 -5.44
0.005616 -5.44 -5.44
0.00562 -5.44 -5.36
0.005624 -5.36 -5.36
0.005628 -5.28 -5.36
0.005632 -5.28 -5.36
0.005636 -5.28 -5.2
0.00564 -5.28 -5.28
0.005644 -5.28 -5.2
0.005648 -5.2 -5.2
0.005652 -5.2 -5.2
0.005656 -5.2 -5.12
0.00566 -5.12 -5.12
0.005664 -5.12 -5.04
0.005668 -5.12 -5.04
0.005672 -5.04 -4.96
0.005676 -4.96 -4.96
0.00568 -4.96 -4.96
0.005684 -4.96 -4.88
0.005688 -4.88 -4.8
0.005692 -4.88 -4.8
0.005696 -4.88 -4.8
0.0057 -4.8 -4.72
0.005704 -4.8 -4.72
0.005708 -4.8 -4.64
0.005712 -4.72 -4.56
0.005716 -4.64 -4.56
0.00572 -4.56 -4.56
0.005724 -4.48 -4.48
0.005728 -4.56 -4.4
0.005732 -4.48 -4.4
0.005736 -4.32 -4.32
0.00574 -4.32 -4.32
0.005744 -4.32 -4.24
0.005748 -4.24 -4.16
0.005752 -4.24 -4.16
0.005756 -4.16 -4.08
0.00576 -4.16 -4.08
0.005764 -4.16 -4
0.005768 -4.16 -4
0.005772 -4 -3.84
0.005776 -4 -3.84
0.00578 -3.92 -3.76
0.005784 -3.84 -3.68
0.005788 -3.84 -3.76
0.005792 -3.76 -3.68
0.005796 -3.68 -3.6
0.0058 -3.68 -3.52
0.005804 -3.6 -3.44
0.005808 -3.6 -3.44
0.005812 -3.52 -3.36
0.005816 -3.36 -3.28
0.00582 -3.28 -3.2
0.005824 -3.28 -3.2
0.005828 -3.28 -3.12
0.005832 -3.2 -3.04
0.005836 -3.2 -2.96
0.00584 -3.04 -2.88
0.005844 -3.04 -2.88
0.005848 -2.96 -2.8
0.005852 -2.88 -2.8
0.005856 -2.88 -2.72
0.00586 -2.8 -2.64
0.005864 -2.72 -2.64
0.005868 -2.72 -2.48
0.005872 -2.56 -2.32
0.005876 -2.56 -2.32
0.00588 -2.48 -2.32
0.005884 -2.4 -2.24
0.005888 -2.32 -2.16
0.005892 -2.32 -2
0.005896 -2.24 -2
0.0059 -2.08 -2
0.005904 -2.08 -1.92
0.005908 -2 -1.84
0.005912 -1.92 -1.68
0.005916 -1.92 -1.68
0.00592 -1.76 -1.68
0.005924 -1.76 -1.6
0.005928 -1.68 -1.52
0.005932 -1.6 -1.36
0.005936 -1.52 -1.36
0.00594 -1.44 -1.28
0.005944 -1.44 -1.2
0.005948 -1.36 -1.12
0.005952 -1.28 -1.04
0.005956 -1.2 -1.04
0.00596 -1.12 -0.96
0.005964 -1.12 -0.88
0.005968 -1.04 -0.72
0.005972 -0.96 -0.72
0.005976 -0.8 -0.64
0.00598 -0.8 -0.56
0.005984 -0.64 -0.48
0.005988 -0.64 -0.4
0.005992 -0.64 -0.4
0.005996 -0.48 -0.32
0.006 -0.4 -0.24
0.006004 -0.32 -0.16
0.006008 -0.32 0
0.006012 -0.16 0
0.006016 -0.16 0.08
0.00602 0 0.16
0.006024 0 0.32
0.006028 0.08 0.32
0.006032 0.24 0.4
0.006036 0.24 0.48
0.00604 0.24 0.56
0.006044 0.4 0.56
0.006048 0.4 0.64
0.006052 0.56 0.8
0.006056 0.56 0.8
0.00606 0.64 0.88
0.006064 0.72 0.96
0.006068 0.88 1.04
0.006072 0.88 1.12
0.006076 0.96 1.2
0.00608 1.04 1.28
0.006084 1.04 1.28
0.006088 1.2 1.36
0.006092 1.2 1.44
0.006096 1.28 1.52
0.0061 1.28 1.6
0.006104 1.44 1.6
0.006108 1.52 1.76
0.006112 1.6 1.76
0.006116 1.6 1.92
0.00612 1.68 2
0.006124 1.84 2
0.006128 1.84 2.08
0.006132 1.84 2.16
0.006136 1.92 2.24
0.00614 2 2.24
0.006144 2.16 2.32
0.006148 2.16 2.4
0.006152 2.24 2.48
0.006156 2.24 2.48
0.00616 2.32 2.56
0.006164 2.4 2.64
0.006168 2.48 2.72
0.006172 2.56 2.8
0.006176 2.56 2.8
0.00618 2.72 2.88
0.006184 2.72 2.96
0.006188 2.8 3.04
0.006192 2.88 3.04
0.006196 2.88 3.04
0.0062 2.96 3.2
0.006204 2.96 3.2
0.006208 3.12 3.36
0.006212 3.12 3.36
0.006216 3.2 3.44
0.00622 3.2 3.52
0.006224 3.28 3.52
0.006228 3.44 3.6
0.006232 3.44 3.68
0.006236 3.44 3.76
0.00624 3.52 3.68
0.006244 3.6 3.84
0.006248 3.6 3.84
0.006252 3.76 3.92
0.006256 3.76 4
0.00626 3.76 4
0.006264 3.84 4
0.006268 3.84 4.08
0.006272 3.92 4.16
0.006276 3.92 4.16
0.00628 4 4.24
0.006284 4.08 4.24
0.006288 4.08 4.32
0.006292 4.16 4.4
0.006296 4.24 4.4
0.0063 4.24 4.48
0.006304 4.24 4.48
0.006308 4.32 4.56
0.006312 4.4 4.64
0.006316 4.48 4.64
0.00632 4.4 4.64
0.006324 4.56 4.72
0.006328 4.56 4.8
0.006332 4.64 4.8
0.006336 4.72 4.88
0.00634 4.72 4.8
0.006344 4.72 4.88
0.006348 4.72 4.96
0.006352 4.8 4.88
0.006356 4.8 4.96
0.00636 4.8 4.96
0.006364 4.96 5.04
0.006368 4.88 5.04
0.006372 4.88 5.12
0.006376 4.88 5.12
0.00638 4.96 5.2
0.006384 5.04 5.2
0.006388 5.04 5.2
0.006392 5.04 5.2
0.006396 5.12 5.2
0.0064 5.12 5.28
0.006404 5.12 5.28
0.006408 5.2 5.28
0.006412 5.2 5.36
0.006416 5.2 5.36
0.00642 5.2 5.44
0.006424 5.28 5.36
0.006428 5.36 5.44
0.006432 5.36 5.44
0.006436 5.36 5.44
0.00644 5.36 5.44
0.006444 5.36 5.44
0.006448 5.36 5.52
0.006452 5.36 5.52
0.006456 5.36 5.52
0.00646 5.44 5.52
0.006464 5.44 5.52
0.006468 5.36 5.52
0.006472 5.44 5.52
0.006476 5.44 5.6
0.00648 5.52 5.52
0.006484 5.52 5.52
0.006488 5.44 5.52
0.006492 5.44 5.6
0.006496 5.44 5.6
0.0065 5.52 5.52
0.006504 5.44 5.6
0.006508 5.44 5.6
0.006512 5.52 5.6
0.006516 5.52 5.52
0.00652 5.52 5.6
0.006524 5.44 5.52
0.006528 5.52 5.6
0.006532 5.52 5.6
0.006536 5.44 5.6
0.00654 5.52 5.52
0.006544 5.44 5.52
0.006548 5.52 5.6
0.006552 5.44 5.52
0.006556 5.44 5.44
0.00656 5.44 5.52
0.006564 5.44 5.52
0.006568 5.44 5.44
0.006572 5.44 5.44
0.006576 5.44 5.44
0.00658 5.36 5.44
0.006584 5.36 5.44
0.006588 5.36 5.44
0.006592 5.36 5.44
0.006596 5.36 5.44
0.0066 5.36 5.36
0.006604 5.28 5.36
0.006608 5.28 5.28
0.006612 5.28 5.28
0.006616 5.28 5.28
0.00662 5.2 5.28
0.006624 5.12 5.2
0.006628 5.2 5.2
0.006632 5.2 5.2
0.006636 5.12 5.12
0.00664 5.12 5.12
0.006644 5.04 5.12
0.006648 5.04 5.12
0.006652 5.04 5.04
0.006656 5.04 4.96
0.00666 5.04 4.96
0.006664 4.96 4.88
0.006668 4.88 4.88
0.006672 4.88 4.88
0.006676 4.8 4.88
0.00668 4.8 4.8
0.006684 4.8 4.72
0.006688 4.72 4.72
0.006692 4.72 4.72
0.006696 4.72 4.64
0.0067 4.72 4.64
0.006704 4.56 4.56
0.006708 4.56 4.48
0.006712 4.56 4.48
0.006716 4.48 4.48
0.00672 4.48 4.4
0.006724 4.4 4.32
0.006728 4.32 4.32
0.006732 4.4 4.32
0.006736 4.24 4.16
0.00674 4.16 4.16
0.006744 4.16 4.16
0.006748 4.16 4.08
0.006752 4.08 4.08
0.006756 4.08 4
0.00676 4 3.92
0.006764 3.92 3.84
0.006768 3.84 3.92
0.006772 3.84 3.76
0.006776 3.84 3.68
0.00678 3.76 3.68
0.006784 3.68 3.6
0.006788 3.6 3.6
0.006792 3.6 3.52
0.006796 3.52 3.44
0.0068 3.44 3.36
0.006804 3.44 3.28
0.006808 3.44 3.28
0.006812 3.28 3.2
0.006816 3.28 3.2
0.00682 3.2 3.04
0.006824 3.2 3.12
0.006828 3.04 2.96
0.006832 3.04 2.88
0.006836 2.96 2.88
0.00684 2.96 2.8
0.006844 2.8 2.72
0.006848 2.8 2.72
0.006852 2.8 2.64
0.006856 2.64 2.56
0.00686 2.56 2.56
0.006864 2.48 2.4
0.006868 2.48 2.4
0.006872 2.48 2.32
0.006876 2.32 2.24
0.00688 2.24 2.24
0.006884 2.24 2.08
0.006888 2.16 2
0.006892 2.08 2
0.006896 2.08 1.92
0.0069 2 1.76
0.006904 1.92 1.68
0.006908 1.84 1.76
0.006912 1.84 1.6
0.006916 1.68 1.52
0.00692 1.6 1.44
0.006924 1.6 1.36
0.006928 1.52 1.36
0.006932 1.36 1.36
0.006936 1.36 1.2
0.00694 1.28 1.12
0.006944 1.2 1.12
0.006948 1.2 1.04
0.006952 1.12 0.96
0.006956 1.04 0.88
0.00696 0.96 0.8
0.006964 0.88 0.72
0.006968 0.8 0.64
0.006972 0.8 0.64
0.006976 0.64 0.48
0.00698 0.64 0.4
0.006984 0.56 0.32
0.006988 0.48 0.32
0.006992 0.4 0.32
0.006996 0.32 0.16
0.007 0.24 0.16
0.007004 0.24 0
0.007008 0.08 0
0.007012 0.08 -0.16
0.007016 0 -0.24
0.00702 -0.16 -0.32
0.007024 -0.16 -0.4
0.007028 -0.32 -0.4
0.007032 -0.32 -0.48
0.007036 -0.4 -0.56
0.00704 -0.48 -0.72
0.007044 -0.64 -0.72
0.007048 -0.64 -0.8
0.007052 -0.72 -0.88
0.007056 -0.8 -0.96
0.00706 -0.8 -1.04
0.007064 -0.96 -1.12
0.007068 -1.04 -1.2
0.007072 -1.12 -1.2
0.007076 -1.12 -1.28
0.00708 -1.2 -1.36
0.007084 -1.28 -1.44
0.007088 -1.28 -1.52
0.007092 -1.44 -1.6
0.007096 -1.44 -1.68
0.0071 -1.44 -1.76
0.007104 -1.6 -1.76
0.007108 -1.68 -1.84
0.007112 -1.68 -1.92
0.007116 -1.76 -2
0.00712 -1.92 -2.08
0.007124 -1.92 -2.16
0.007128 -2 -2.16
0.007132 -2.08 -2.24
0.007136 -2.08 -2.32
0.00714 -2.24 -2.32
0.007144 -2.32 -2.4
0.007148 -2.32 -2.56
0.007152 -2.4 -2.64
0.007156 -2.4 -2.64
0.00716 -2.56 -2.72
0.007164 -2.56 -2.8
0.007168 -2.72 -2.8
0.007172 -2.72 -2.96
0.007176 -2.72 -2.96
0.00718 -2.88 -3.04
0.007184 -2.88 -3.04
0.007188 -2.96 -3.12
0.007192 -3.04 -3.28
0.007196 -3.04 -3.2
0.0072 -3.04 -3.28
0.007204 -3.2 -3.36
0.007208 -3.28 -3.52
0.007212 -3.28 -3.44
0.007216 -3.36 -3.6
0.00722 -3.44 -3.6
0.007224 -3.52 -3.6
0.007228 -3.52 -3.76
0.007232 -3.6 -3.76
0.007236 -3.68 -3.84
0.00724 -3.68 -3.84
0.007244 -3.76 -3.92
0.007248 -3.68 -4
0.007252 -3.84 -4
0.007256 -3.92 -4
0.00726 -3.92 -4.16
0.007264 -4 -4.24
0.007268 -4 -4.24
0.007272 -4 -4.24
0.007276 -4.16 -4.24
0.00728 -4.16 -4.32
0.007284 -4.24 -4.4
0.007288 -4.32 -4.48
0.007292 -4.32 -4.48
0.007296 -4.32 -4.48
0.0073 -4.4 -4.56
0.007304 -4.48 -4.64
0.007308 -4.56 -4.72
0.007312 -4.56 -4.72
0.007316 -4.56 -4.72
0.00732 -4.64 -4.8
0.007324 -4.64 -4.8
0.007328 -4.64 -4.88
0.007332 -4.64 -4.88
0.007336 -4.8 -4.88
0.00734 -4.88 -4.96
0.007344 -4.88 -4.96
0.007348 -4.88 -5.04
0.007352 -4.96 -5.04
0.007356 -4.96 -5.12
0.00736 -4.96 -5.12
0.007364 -4.96 -5.2
0.007368 -5.12 -5.12
0.007372 -5.12 -5.28
0.007376 -5.12 -5.2
0.00738 -5.2 -5.28
0.007384 -5.2 -5.36
0.007388 -5.2 -5.28
0.007392 -5.28 -5.36
0.007396 -5.28 -5.36
0.0074 -5.28 -5.36
0.007404 -5.28 -5.36
0.007408 -5.36 -5.44
0.007412 -5.36 -5.52
0.007416 -5.36 -5.44
0.00742 -5.44 -5.52
0.007424 -5.44 -5.52
0.007428 -5.44 -5.52
0.007432 -5.52 -5.52
0.007436 -5.52 -5.52
0.00744 -5.44 -5.6
0.007444 -5.52 -5.6
0.007448 -5.6 -5.68
0.007452 -5.52 -5.6
0.007456 -5.6 -5.6
0.00746 -5.6 -5.68
0.007464 -5.6 -5.68
0.007468 -5.6 -5.68
0.007472 -5.6 -5.6
0.007476 -5.6 -5.68
0.00748 -5.6 -5.68
0.007484 -5.6 -5.68
0.007488 -5.6 -5.68
0.007492 -5.6 -5.76
0.007496 -5.6 -5.68
0.0075 -5.6 -5.76
0.007504 -5.68 -5.76
0.007508 -5.68 -5.68
0.007512 -5.68 -5.76
0.007516 -5.68 -5.68
0.00752 -5.68 -5.76
0.007524 -5.76 -5.76
0.007528 -5.68 -5.68
0.007532 -5.68 -5.68
0.007536 -5.68 -5.68
0.00754 -5.68 -5.68
0.007544 -5.6 -5.6
0.007548 -5.6 -5.68
0.007552 -5.6 -5.68
0.007556 -5.6 -5.68
0.00756 -5.6 -5.6
0.007564 -5.6 -5.6
0.007568 -5.6 -5.6
0.007572 -5.6 -5.52
0.007576 -5.6 -5.6
0.00758 -5.52 -5.52
0.007584 -5.52 -5.52
0.007588 -5.52 -5.52
0.007592 -5.52 -5.52
0.007596 -5.52 -5.52
0.0076 -5.44 -5.44
0.007604 -5.52 -5.52
0.007608 -5.44 -5.44
0.007612 -5.44 -5.44
0.007616 -5.44 -5.44
0.00762 -5.44 -5.36
0.007624 -5.36 -5.36
0.007628 -5.36 -5.28
0.007632 -5.28 -5.36
0.007636 -5.28 -5.2
0.00764 -5.28 -5.28
0.007644 -5.28 -5.2
0.007648 -5.2 -5.2
0.007652 -5.28 -5.12
0.007656 -5.2 -5.12
0.00766 -5.12 -5.12
0.007664 -5.12 -5.04
0.007668 -5.12 -5.04
0.007672 -5.12 -4.96
0.007676 -4.96 -4.96
0.00768 -4.96 -4.88
0.007684 -4.96 -4.88
0.007688 -4.96 -4.88
0.007692 -4.88 -4.8
0.007696 -4.88 -4.8
0.0077 -4.88 -4.8
0.007704 -4.8 -4.72
0.007708 -4.72 -4.64
0.007712 -4.64 -4.56
0.007716 -4.64 -4.56
0.00772 -4.64 -4.48
0.007724 -4.56 -4.48
0.007728 -4.48 -4.4
0.007732 -4.48 -4.4
0.007736 -4.4 -4.32
0.00774 -4.4 -4.32
0.007744 -4.4 -4.24
0.007748 -4.24 -4.16
0.007752 -4.32 -4.16
0.007756 -4.24 -4.16
0.00776 -4.16 -4.08
0.007764 -4.08 -4
0.007768 -4 -3.92
0.007772 -4 -3.92
0.007776 -3.92 -3.84
0.00778 -3.92 -3.84
0.007784 -3.84 -3.76
0.007788 -3.76 -3.76
0.007792 -3.68 -3.6
0.007796 -3.68 -3.6
0.0078 -3.68 -3.52
0.007804 -3.6 -3.44
0.007808 -3.52 -3.44
0.007812 -3.52 -3.36
0.007816 -3.44 -3.28
0.00782 -3.36 -3.2
0.007824 -3.28 -3.2
0.007828 -3.28 -3.12
0.007832 -3.2 -3.04
0.007836 -3.2 -2.96
0.00784 -3.04 -2.96
0.007844 -3.04 -2.88
0.007848 -2.96 -2.8
0.007852 -2.96 -2.8
0.007856 -2.88 -2.64
0.00786 -2.72 -2.56
0.007864 -2.72 -2.56
0.007868 -2.72 -2.48
0.007872 -2.56 -2.4
0.007876 -2.56 -2.32
0.00788 -2.4 -2.32
0.007884 -2.4 -2.24
0.007888 -2.32 -2.16
0.007892 -2.32 -2
0.007896 -2.24 -2
0.0079 -2.08 -2
0.007904 -2.08 -1.84
0.007908 -2 -1.84
0.007912 -1.92 -1.76
0.007916 -1.92 -1.68
0.00792 -1.76 -1.68
0.007924 -1.68 -1.52
0.007928 -1.68 -1.44
0.007932 -1.6 -1.36
0.007936 -1.52 -1.36
0.00794 -1.44 -1.28
0.007944 -1.44 -1.2
0.007948 -1.36 -1.04
0.007952 -1.28 -1.04
0.007956 -1.2 -1.04
0.00796 -1.12 -0.88
0.007964 -1.12 -0.88
0.007968 -0.96 -0.72
0.007972 -0.96 -0.72
0.007976 -0.96 -0.64
0.00798 -0.8 -0.56
0.007984 -0.72 -0.48
0.007988 -0.64 -0.4
0.007992 -0.48 -0.4
0.007996 -0.48 -0.24
0.008 -0.48 -0.24
0.008004 -0.4 -0.16
0.008008 -0.32 0
0.008012 -0.32 0
0.008016 -0.16 0.08
0.00802 -0.16 0.16
0.008024 0.08 0.32
0.008028 0.08 0.32
0.008032 0.24 0.4
0.008036 0.24 0.48
0.00804 0.32 0.56
0.008044 0.32 0.64
0.008048 0.4 0.64
0.008052 0.56 0.72
0.008056 0.56 0.8
0.00806 0.64 0.96
0.008064 0.72 0.96
0.008068 0.88 1.04
0.008072 0.88 1.12
0.008076 0.96 1.12
0.00808 1.04 1.28
0.008084 1.04 1.28
0.008088 1.2 1.44
0.008092 1.2 1.44
0.008096 1.28 1.52
0.0081 1.36 1.6
0.008104 1.36 1.6
0.008108 1.52 1.76
0.008112 1.6 1.76
0.008116 1.6 1.84
0.00812 1.68 1.92
0.008124 1.68 2.08
0.008128 1.84 2.08
0.008132 1.92 2.08
0.008136 2 2.24
0.00814 2 2.24
0.008144 2.16 2.32
0.008148 2.16 2.4
0.008152 2.24 2.48
0.008156 2.24 2.48
0.00816 2.32 2.56
0.008164 2.48 2.64
0.008168 2.48 2.72
0.008172 2.56 2.8
0.008176 2.56 2.8
0.00818 2.64 2.96
0.008184 2.8 2.96
0.008188 2.8 3.04
0.008192 2.8 3.04
0.008196 2.88 3.12
0.0082 2.96 3.2
0.008204 2.96 3.28
0.008208 3.12 3.36
0.008212 3.12 3.36
0.008216 3.12 3.36
0.00822 3.2 3.52
0.008224 3.28 3.52
0.008228 3.44 3.52
0.008232 3.44 3.6
0.008236 3.52 3.76
0.00824 3.52 3.76
0.008244 3.6 3.84
0.008248 3.6 3.84
0.008252 3.76 3.92
0.008256 3.76 3.92
0.00826 3.76 4
0.008264 3.76 4
0.008268 3.84 4
0.008272 3.92 4.16
0.008276 4 4.16
0.00828 4.08 4.24
0.008284 4.08 4.24
0.008288 4.08 4.32
0.008292 4.16 4.4
0.008296 4.24 4.4
0.0083 4.24 4.48
0.008304 4.32 4.48
0.008308 4.4 4.56
0.008312 4.4 4.56
0.008316 4.48 4.56
0.00832 4.48 4.64
0.008324 4.56 4.72
0.008328 4.48 4.8
0.008332 4.64 4.8
0.008336 4.72 4.8
0.00834 4.72 4.8
0.008344 4.72 4.88
0.008348 4.72 4.96
0.008352 4.8 4.88
0.008356 4.8 4.96
0.00836 4.88 4.96
0.008364 4.8 5.04
0.008368 4.88 5.04
0.008372 4.88 5.12
0.008376 4.96 5.12
0.00838 5.04 5.12
0.008384 5.04 5.2
0.008388 5.04 5.2
0.008392 5.04 5.2
0.008396 5.12 5.2
0.0084 5.04 5.28
0.008404 5.12 5.28
0.008408 5.2 5.28
0.008412 5.2 5.36
0.008416 5.2 5.36
0.00842 5.2 5.44
0.008424 5.2 5.36
0.008428 5.36 5.44
0.008432 5.28 5.44
0.008436 5.36 5.44
0.00844 5.36 5.44
0.008444 5.36 5.44
0.008448 5.36 5.52
0.008452 5.36 5.44
0.008456 5.44 5.52
0.00846 5.36 5.52
0.008464 5.44 5.52
0.008468 5.44 5.52
0.008472 5.44 5.52
0.008476 5.44 5.52
0.00848 5.44 5.6
0.008484 5.44 5.52
0.008488 5.44 5.6
0.008492 5.44 5.6
0.008496 5.44 5.6
0.0085 5.52 5.6
0.008504 5.52 5.52
0.008508 5.52 5.52
0.008512 5.52 5.6
0.008516 5.44 5.6
0.00852 5.52 5.6
0.008524 5.52 5.6
0.008528 5.44 5.6
0.008532 5.52 5.52
0.008536 5.44 5.52
0.00854 5.52 5.52
0.008544 5.52 5.52
0.008548 5.44 5.6
0.008552 5.44 5.52
0.008556 5.44 5.52
0.00856 5.44 5.52
0.008564 5.44 5.52
0.008568 5.44 5.52
0.008572 5.44 5.44
0.008576 5.36 5.44
0.00858 5.36 5.44
0.008584 5.36 5.44
0.008588 5.36 5.44
0.008592 5.36 5.44
0.008596 5.36 5.36
0.0086 5.36 5.36
0.008604 5.28 5.36
0.008608 5.36 5.36
0.008612 5.28 5.28
0.008616 5.28 5.28
0.00862 5.2 5.2
0.008624 5.12 5.28
0.008628 5.2 5.12
0.008632 5.12 5.2
0.008636 5.12 5.12
0.00864 5.12 5.12
0.008644 5.04 5.12
0.008648 5.04 5.04
0.008652 5.04 5.04
0.008656 5.04 4.96
0.00866 5.04 4.96
0.008664 4.88 4.88
0.008668 4.88 4.96
0.008672 4.88 4.88
0.008676 4.88 4.88
0.00868 4.8 4.8
0.008684 4.8 4.72
0.008688 4.72 4.8
0.008692 4.72 4.64
0.008696 4.72 4.64
0.0087 4.64 4.56
0.008704 4.56 4.64
0.008708 4.56 4.56
0.008712 4.48 4.48
0.008716 4.48 4.48
0.00872 4.4 4.4
0.008724 4.4 4.4
0.008728 4.32 4.32
0.008732 4.24 4.32
0.008736 4.24 4.16
0.00874 4.16 4.16
0.008744 4.16 4.16
0.008748 4.08 4
0.008752 4.16 4
0.008756 4.08 3.92
0.00876 4.08 4
0.008764 3.92 3.92
0.008768 3.84 3.84
0.008772 3.84 3.76
0.008776 3.76 3.76
0.00878 3.76 3.68
0.008784 3.76 3.6
0.008788 3.6 3.52
0.008792 3.6 3.44
0.008796 3.52 3.44
0.0088 3.52 3.36
0.008804 3.44 3.36
0.008808 3.44 3.28
0.008812 3.36 3.2
0.008816 3.28 3.2
0.00882 3.2 3.12
0.008824 3.2 3.04
0.008828 3.12 2.96
0.008832 3.04 2.88
0.008836 2.96 2.88
0.00884 2.88 2.8
0.008844 2.8 2.72
0.008848 2.8 2.56
0.008852 2.72 2.64
0.008856 2.64 2.56
0.00886 2.56 2.56
0.008864 2.48 2.4
0.008868 2.48 2.4
0.008872 2.48 2.32
0.008876 2.32 2.24
0.00888 2.32 2.24
0.008884 2.24 2.08
0.008888 2.16 2
0.008892 2.08 1.92
0.008896 2 1.84
0.0089 2 1.76
0.008904 1.92 1.68
0.008908 1.84 1.68
0.008912 1.76 1.6
0.008916 1.68 1.6
0.00892 1.6 1.44
0.008924 1.6 1.44
0.008928 1.52 1.36
0.008932 1.36 1.2
0.008936 1.36 1.28
0.00894 1.2 1.12
0.008944 1.2 1.04
0.008948 1.2 1.04
0.008952 1.2 0.96
0.008956 1.04 0.88
0.00896 0.96 0.8
0.008964 0.88 0.72
0.008968 0.88 0.64
0.008972 0.8 0.64
0.008976 0.72 0.48
0.00898 0.56 0.48
0.008984 0.56 0.4
0.008988 0.56 0.24
0.008992 0.4 0.24
0.008996 0.32 0.16
0.009 0.24 0.08
0.009004 0.24 0
0.009008 0.08 -0.16
0.009012 0.08 -0.16
0.009016 0 -0.24
0.00902 -0.16 -0.32
0.009024 -0.24 -0.4
0.009028 -0.32 -0.4
0.009032 -0.32 -0.56
0.009036 -0.4 -0.56
0.00904 -0.48 -0.64
0.009044 -0.48 -0.8
0.009048 -0.64 -0.8
0.009052 -0.64 -0.88
0.009056 -0.8 -0.96
0.00906 -0.8 -1.04
0.009064 -0.88 -1.12
0.009068 -1.04 -1.12
0.009072 -1.04 -1.2
0.009076 -1.12 -1.28
0.00908 -1.12 -1.44
0.009084 -1.28 -1.44
0.009088 -1.36 -1.52
0.009092 -1.44 -1.52
0.009096 -1.44 -1.68
0.0091 -1.52 -1.68
0.009104 -1.6 -1.76
0.009108 -1.68 -1.92
0.009112 -1.68 -1.92
0.009116 -1.76 -2.08
0.00912 -1.92 -2
0.009124 -1.92 -2.16
0.009128 -2 -2.16
0.009132 -2.08 -2.24
0.009136 -2.16 -2.32
0.00914 -2.24 -2.4
0.009144 -2.24 -2.56
0.009148 -2.32 -2.48
0.009152 -2.4 -2.64
0.009156 -2.4 -2.64
0.00916 -2.56 -2.72
0.009164 -2.56 -2.8
0.009168 -2.64 -2.8
0.009172 -2.72 -2.88
0.009176 -2.72 -2.88
0.00918 -2.88 -3.04
0.009184 -2.88 -3.12
0.009188 -2.88 -3.12
0.009192 -3.04 -3.2
0.009196 -3.04 -3.28
0.0092 -3.12 -3.36
0.009204 -3.12 -3.28
0.009208 -3.28 -3.36
0.009212 -3.28 -3.52
0.009216 -3.36 -3.52
0.00922 -3.36 -3.6
0.009224 -3.44 -3.6
0.009228 -3.52 -3.76
0.009232 -3.6 -3.76
0.009236 -3.68 -3.84
0.00924 -3.68 -3.84
0.009244 -3.76 -3.92
0.009248 -3.84 -3.92
0.009252 -3.84 -4
0.009256 -3.84 -4
0.00926 -3.92 -4.08
0.009264 -4 -4.24
0.009268 -4 -4.16
0.009272 -4 -4.32
0.009276 -4.16 -4.24
0.00928 -4.16 -4.4
0.009284 -4.24 -4.4
0.009288 -4.24 -4.4
0.009292 -4.32 -4.48
0.009296 -4.4 -4.56
0.0093 -4.48 -4.56
0.009304 -4.48 -4.64
0.009308 -4.48 -4.64
0.009312 -4.56 -4.72
0.009316 -4.56 -4.8
0.00932 -4.64 -4.8
0.009324 -4.64 -4.8
0.009328 -4.72 -4.88
0.009332 -4.72 -4.88
0.009336 -4.8 -4.96
0.00934 -4.88 -4.96
0.009344 -4.88 -4.96
0.009348 -4.88 -5.04
0.009352 -4.96 -5.04
0.009356 -4.96 -5.12
0.00936 -4.96 -5.12
0.009364 -4.96 -5.2
0.009368 -5.04 -5.12
0.009372 -5.12 -5.28
0.009376 -5.12 -5.2
0.00938 -5.2 -5.2
0.009384 -5.2 -5.36
0.009388 -5.2 -5.28
0.009392 -5.28 -5.36
0.009396 -5.28 -5.36
0.0094 -5.28 -5.36
0.009404 -5.28 -5.44
0.009408 -5.36 -5.44
0.009412 -5.44 -5.52
0.009416 -5.36 -5.44
0.00942 -5.44 -5.52
0.009424 -5.44 -5.52
0.009428 -5.44 -5.6
0.009432 -5.44 -5.6
0.009436 -5.52 -5.52
0.00944 -5.52 -5.6
0.009444 -5.52 -5.68
0.009448 -5.6 -5.68
0.009452 -5.52 -5.52
0.009456 -5.52 -5.68
0.00946 -5.6 -5.68
0.009464 -5.6 -5.68
0.009468 -5.6 -5.68
0.009472 -5.6 -5.68
0.009476 -5.6 -5.68
0.00948 -5.6 -5.68
0.009484 -5.6 -5.76
0.009488 -5.6 -5.68
0.009492 -5.6 -5.68
0.009496 -5.76 -5.76
0.0095 -5.76 -5.76
0.009504 -5.68 -5.68
0.009508 -5.6 -5.68
0.009512 -5.6 -5.68
0.009516 -5.76 -5.68
0.00952 -5.68 -5.76
0.009524 -5.68 -5.76
0.009528 -5.6 -5.76
0.009532 -5.68 -5.68
0.009536 -5.6 -5.68
0.00954 -5.6 -5.76
0.009544 -5.6 -5.68
0.009548 -5.6 -5.68
0.009552 -5.68 -5.68
0.009556 -5.6 -5.68
0.00956 -5.6 -5.68
0.009564 -5.6 -5.6
0.009568 -5.6 -5.6
0.009572 -5.6 -5.6
0.009576 -5.6 -5.68
0.00958 -5.52 -5.52
0.009584 -5.52 -5.6
0.009588 -5.52 -5.6
0.009592 -5.52 -5.52
0.009596 -5.52 -5.52
0.0096 -5.52 -5.52
0.009604 -5.52 -5.52
0.009608 -5.44 -5.44
0.009612 -5.44 -5.52
0.009616 -5.44 -5.36
0.00962 -5.44 -5.36
0.009624 -5.36 -5.44
0.009628 -5.36 -5.28
0.009632 -5.28 -5.28
0.009636 -5.28 -5.28
0.00964 -5.28 -5.2
0.009644 -5.2 -5.2
0.009648 -5.28 -5.2
0.009652 -5.2 -5.12
0.009656 -5.2 -5.12
0.00966 -5.12 -5.12
0.009664 -5.12 -5.04
0.009668 -5.12 -5.04
0.009672 -5.04 -4.96
0.009676 -4.96 -4.96
0.00968 -4.96 -4.96
0.009684 -4.96 -4.88
0.009688 -4.88 -4.88
0.009692 -4.88 -4.8
0.009696 -4.88 -4.8
0.0097 -4.88 -4.8
0.009704 -4.8 -4.72
0.009708 -4.8 -4.56
0.009712 -4.8 -4.56
0.009716 -4.64 -4.64
0.00972 -4.56 -4.48
0.009724 -4.56 -4.48
0.009728 -4.48 -4.32
0.009732 -4.56 -4.4
0.009736 -4.48 -4.4
0.00974 -4.4 -4.24
0.009744 -4.32 -4.24
0.009748 -4.32 -4.16
0.009752 -4.32 -4.16
0.009756 -4.24 -4.08
0.00976 -4.16 -4.08
0.009764 -4.16 -4.08
0.009768 -4.16 -3.92
0.009772 -4 -3.92
0.009776 -4 -3.84
0.00978 -4 -3.84
0.009784 -3.84 -3.76
0.009788 -3.84 -3.76
0.009792 -3.68 -3.6
0.009796 -3.68 -3.6
0.0098 -3.68 -3.52
0.009804 -3.6 -3.44
0.009808 -3.52 -3.44
0.009812 -3.52 -3.36
0.009816 -3.44 -3.36
0.00982 -3.36 -3.2
0.009824 -3.28 -3.2
0.009828 -3.28 -3.12
0.009832 -3.2 -3.04
0.009836 -3.2 -2.96
0.00984 -3.04 -2.88
0.009844 -3.04 -2.96
0.009848 -2.96 -2.8
0.009852 -2.88 -2.8
0.009856 -2.88 -2.64
0.00986 -2.8 -2.64
0.009864 -2.72 -2.56
0.009868 -2.64 -2.48
0.009872 -2.56 -2.48
0.009876 -2.56 -2.32
0.00988 -2.4 -2.32
0.009884 -2.4 -2.24
0.009888 -2.32 -2.16
0.009892 -2.24 -2.08
0.009896 -2.16 -2
0.0099 -2.16 -1.92
0.009904 -2.08 -1.84
0.009908 -2 -1.84
0.009912 -1.92 -1.76
0.009916 -1.92 -1.68
0.00992 -1.76 -1.6
0.009924 -1.76 -1.52
0.009928 -1.68 -1.52
0.009932 -1.6 -1.36
0.009936 -1.6 -1.36
0.00994 -1.44 -1.28
0.009944 -1.44 -1.2
0.009948 -1.36 -1.12
0.009952 -1.28 -1.04
0.009956 -1.2 -1.04
0.00996 -1.12 -0.88
0.009964 -1.12 -0.88
0.009968 -1.04 -0.8
0.009972 -0.96 -0.72
0.009976 -0.8 -0.64
0.00998 -0.8 -0.56
0.009984 -0.72 -0.48
0.009988 -0.64 -0.4
0.009992 -0.56 -0.32
0.009996 -0.48 -0.24
0.01 -0.4 -0.16
0.010004 -0.4 -0.16
0.010008 -0.32 -0.16
0.010012 -0.24 0
0.010016 -0.16 0.16
0.01002 0 0.16
0.010024 0.08 0.24
0.010028 0.16 0.32
0.010032 0.16 0.4
0.010036 0.24 0.48
0.01004 0.24 0.48
0.010044 0.4 0.64
0.010048 0.4 0.64
0.010052 0.56 0.72
0.010056 0.56 0.8
0.01006 0.72 0.96
0.010064 0.72 0.96
0.010068 0.72 1.04
0.010072 0.88 1.12
0.010076 0.96 1.12
0.01008 1.04 1.2
0.010084 1.12 1.28
0.010088 1.2 1.44
0.010092 1.2 1.44
0.010096 1.28 1.52
0.0101 1.28 1.6
0.010104 1.44 1.6
0.010108 1.52 1.68
0.010112 1.6 1.76
0.010116 1.6 1.84
0.01012 1.68 1.92
0.010124 1.68 2
0.010128 1.84 2.08
0.010132 1.92 2.08
0.010136 2 2.16
0.01014 2 2.24
0.010144 2.08 2.32
0.010148 2.16 2.32
0.010152 2.16 2.48
0.010156 2.24 2.48
0.01016 2.32 2.56
0.010164 2.4 2.64
0.010168 2.48 2.72
0.010172 2.48 2.8
0.010176 2.56 2.88
0.01018 2.64 2.88
0.010184 2.72 2.96
0.010188 2.8 3.04
0.010192 2.8 3.04
0.010196 2.88 3.2
0.0102 2.96 3.28
0.010204 2.96 3.2
0.010208 3.12 3.28
0.010212 3.12 3.36
0.010216 3.2 3.44
0.01022 3.28 3.44
0.010224 3.28 3.52
0.010228 3.36 3.6
0.010232 3.44 3.6
0.010236 3.52 3.68
0.01024 3.52 3.76
0.010244 3.6 3.76
0.010248 3.6 3.84
0.010252 3.76 3.92
0.010256 3.76 3.92
0.01026 3.76 4
0.010264 3.84 4
0.010268 3.92 4.08
0.010272 3.92 4.16
0.010276 3.92 4.16
0.01028 4.08 4.16
0.010284 4.08 4.24
0.010288 4.08 4.32
0.010292 4.16 4.32
0.010296 4.24 4.32
0.0103 4.24 4.4
0.010304 4.24 4.4
0.010308 4.4 4.56
0.010312 4.4 4.56
0.010316 4.4 4.56
0.01032 4.48 4.64
0.010324 4.48 4.72
0.010328 4.56 4.8
0.010332 4.56 4.72
0.010336 4.64 4.8
0.01034 4.72 4.8
0.010344 4.72 4.88
0.010348 4.72 4.96
0.010352 4.72 4.88
0.010356 4.8 4.96
0.01036 4.8 5.04
0.010364 4.88 5.12
0.010368 4.88 5.12
0.010372 4.88 5.04
0.010376 4.88 5.12
0.01038 5.04 5.12
0.010384 5.04 5.2
0.010388 5.04 5.12
0.010392 5.04 5.28
0.010396 5.12 5.2
0.0104 5.12 5.28
0.010404 5.12 5.28
0.010408 5.2 5.28
0.010412 5.2 5.36
0.010416 5.2 5.36
0.01042 5.36 5.44
0.010424 5.2 5.36
0.010428 5.36 5.44
0.010432 5.36 5.44
0.010436 5.36 5.44
0.01044 5.36 5.44
0.010444 5.36 5.44
0.010448 5.36 5.52
0.010452 5.36 5.44
0.010456 5.36 5.52
0.01046 5.36 5.52
0.010464 5.44 5.52
0.010468 5.44 5.52
0.010472 5.44 5.52
0.010476 5.44 5.6
0.01048 5.44 5.52
0.010484 5.52 5.6
0.010488 5.44 5.6
0.010492 5.52 5.6
0.010496 5.44 5.6
0.0105 5.44 5.6
0.010504 5.52 5.6
0.010508 5.52 5.52
0.010512 5.52 5.6
0.010516 5.52 5.6
0.01052 5.44 5.6
0.010524 5.52 5.6
0.010528 5.44 5.6
0.010532 5.52 5.6
0.010536 5.52 5.52
0.01054 5.52 5.6
0.010544 5.52 5.6
0.010548 5.44 5.6
0.010552 5.44 5.52
0.010556 5.44 5.52
0.01056 5.44 5.52
0.010564 5.44 5.52
0.010568 5.44 5.52
0.010572 5.44 5.44
0.010576 5.36 5.52
0.01058 5.44 5.44
0.010584 5.36 5.44
0.010588 5.36 5.44
0.010592 5.36 5.28
0.010596 5.36 5.44
0.0106 5.36 5.28
0.010604 5.28 5.36
0.010608 5.36 5.28
0.010612 5.36 5.28
0.010616 5.2 5.28
0.01062 5.2 5.2
0.010624 5.2 5.28
0.010628 5.2 5.2
0.010632 5.2 5.2
0.010636 5.12 5.2
0.01064 5.12 5.12
0.010644 5.12 5.04
0.010648 5.04 5.04
0.010652 5.04 5.12
0.010656 5.04 4.96
0.01066 5.04 4.96
0.010664 5.04 4.96
0.010668 4.88 4.96
0.010672 4.88 4.88
0.010676 4.8 4.8
0.01068 4.8 4.8
0.010684 4.72 4.8
0.010688 4.8 4.8
0.010692 4.8 4.72
0.010696 4.64 4.72
0.0107 4.64 4.56
0.010704 4.64 4.56
0.010708 4.56 4.56
0.010712 4.48 4.48
0.010716 4.48 4.48
0.01072 4.4 4.32
0.010724 4.4 4.4
0.010728 4.4 4.24
0.010732 4.32 4.32
0.010736 4.24 4.16
0.01074 4.16 4.16
0.010744 4.24 4.16
0.010748 4.16 4.08
0.010752 4.08 4
0.010756 4.08 3.92
0.01076 4 3.92
0.010764 3.92 3.92
0.010768 3.92 3.84
0.010772 3.84 3.76
0.010776 3.76 3.68
0.01078 3.76 3.76
0.010784 3.68 3.6
0.010788 3.6 3.6
0.010792 3.6 3.52
0.010796 3.52 3.44
0.0108 3.44 3.36
0.010804 3.44 3.28
0.010808 3.36 3.28
0.010812 3.36 3.2
0.010816 3.28 3.2
0.01082 3.2 3.12
0.010824 3.2 3.04
0.010828 3.12 2.96
0.010832 3.04 2.88
0.010836 2.96 2.88
0.01084 2.88 2.72
0.010844 2.8 2.72
0.010848 2.8 2.64
0.010852 2.8 2.64
0.010856 2.64 2.56
0.01086 2.64 2.48
0.010864 2.56 2.4
0.010868 2.48 2.4
0.010872 2.48 2.32
0.010876 2.32 2.24
0.01088 2.24 2.16
0.010884 2.24 2
0.010888 2.16 2
0.010892 2.16 2
0.010896 2 1.84
0.0109 2 1.84
0.010904 2 1.76
0.010908 1.84 1.68
0.010912 1.68 1.6
0.010916 1.68 1.52
0.01092 1.68 1.44
0.010924 1.6 1.36
0.010928 1.52 1.36
0.010932 1.52 1.28
0.010936 1.36 1.2
0.01094 1.28 1.12
0.010944 1.28 1.12
0.010948 1.2 1.04
0.010952 1.12 0.96
0.010956 0.96 0.8
0.01096 0.96 0.72
0.010964 0.88 0.72
0.010968 0.88 0.64
0.010972 0.72 0.56
0.010976 0.72 0.48
0.01098 0.64 0.4
0.010984 0.56 0.4
0.010988 0.56 0.32
0.010992 0.4 0.24
0.010996 0.32 0.16
0.011 0.24 0.16
0.011004 0.24 0
0.011008 0.16 -0.24
0.011012 0.08 -0.24
0.011016 0.08 -0.24
0.01102 -0.16 -0.32
0.011024 -0.16 -0.4
0.011028 -0.32 -0.48
0.011032 -0.4 -0.56
0.011036 -0.48 -0.56
0.01104 -0.48 -0.64
0.011044 -0.48 -0.8
0.011048 -0.64 -0.72
0.011052 -0.72 -0.88
0.011056 -0.8 -0.96
0.01106 -0.88 -1.04
0.011064 -0.96 -1.12
0.011068 -1.04 -1.12
0.011072 -1.12 -1.2
0.011076 -1.12 -1.28
0.01108 -1.12 -1.36
0.011084 -1.28 -1.44
0.011088 -1.36 -1.52
0.011092 -1.44 -1.52
0.011096 -1.44 -1.6
0.0111 -1.44 -1.76
0.011104 -1.6 -1.76
0.011108 -1.68 -1.84
0.011112 -1.76 -1.92
0.011116 -1.76 -2
0.01112 -1.84 -2.08
0.011124 -1.92 -2.16
0.011128 -2 -2.16
0.011132 -2.08 -2.24
0.011136 -2.08 -2.32
0.01114 -2.24 -2.32
0.011144 -2.24 -2.48
0.011148 -2.32 -2.48
0.011152 -2.32 -2.56
0.011156 -2.4 -2.64
0.01116 -2.48 -2.72
0.011164 -2.56 -2.72
0.011168 -2.64 -2.88
0.011172 -2.72 -2.96
0.011176 -2.72 -2.96
0.01118 -2.88 -2.96
0.011184 -2.88 -3.04
0.011188 -2.96 -3.12
0.011192 -3.04 -3.2
0.011196 -2.96 -3.2
0.0112 -3.12 -3.28
0.011204 -3.2 -3.36
0.011208 -3.2 -3.44
0.011212 -3.36 -3.44
0.011216 -3.36 -3.52
0.01122 -3.36 -3.52
0.011224 -3.44 -3.6
0.011228 -3.6 -3.76
0.011232 -3.6 -3.76
0.011236 -3.68 -3.84
0.01124 -3.68 -3.84
0.011244 -3.76 -3.92
0.011248 -3.84 -3.92
0.011252 -3.84 -3.92
0.011256 -3.92 -4.08
0.01126 -3.92 -4.16
0.011264 -4 -4.16
0.011268 -4.08 -4.16
0.011272 -4.08 -4.24
0.011276 -4.24 -4.24
0.01128 -4.16 -4.4
0.011284 -4.24 -4.4
0.011288 -4.32 -4.4
0.011292 -4.32 -4.48
0.011296 -4.32 -4.48
0.0113 -4.48 -4.56
0.011304 -4.48 -4.56
0.011308 -4.48 -4.64
0.011312 -4.48 -4.72
0.011316 -4.64 -4.8
0.01132 -4.64 -4.8
0.011324 -4.64 -4.8
0.011328 -4.8 -4.8
0.011332 -4.72 -4.88
0.011336 -4.8 -4.96
0.01134 -4.88 -5.04
0.011344 -4.88 -4.96
0.011348 -4.96 -5.04
0.011352 -4.96 -5.12
0.011356 -4.96 -5.12
0.01136 -5.04 -5.12
0.011364 -4.96 -5.12
0.011368 -5.04 -5.2
0.011372 -5.12 -5.2
0.011376 -5.12 -5.28
0.01138 -5.12 -5.28
0.011384 -5.2 -5.36
0.011388 -5.2 -5.28
0.011392 -5.28 -5.36
0.011396 -5.28 -5.36
0.0114 -5.28 -5.36
0.011404 -5.28 -5.44
0.011408 -5.36 -5.52
0.011412 -5.44 -5.44
0.011416 -5.44 -5.44
0.01142 -5.44 -5.52
0.011424 -5.44 -5.52
0.011428 -5.44 -5.6
0.011432 -5.44 -5.52
0.011436 -5.52 -5.52
0.01144 -5.52 -5.6
0.011444 -5.52 -5.52
0.011448 -5.52 -5.68
0.011452 -5.52 -5.68
0.011456 -5.6 -5.68
0.01146 -5.6 -5.68
0.011464 -5.6 -5.68
0.011468 -5.6 -5.68
0.011472 -5.6 -5.68
0.011476 -5.6 -5.76
0.01148 -5.6 -5.68
0.011484 -5.68 -5.76
0.011488 -5.6 -5.68
0.011492 -5.6 -5.76
0.011496 -5.6 -5.76
0.0115 -5.68 -5.68
0.011504 -5.6 -5.76
0.011508 -5.76 -5.76
0.011512 -5.6 -5.76
0.011516 -5.6 -5.76
0.01152 -5.6 -5.76
0.011524 -5.6 -5.76
0.011528 -5.68 -5.68
0.011532 -5.76 -5.76
0.011536 -5.6 -5.76
0.01154 -5.68 -5.76
0.011544 -5.6 -5.68
0.011548 -5.68 -5.76
0.011552 -5.68 -5.68
0.011556 -5.6 -5.68
0.01156 -5.6 -5.6
0.011564 -5.6 -5.6
0.011568 -5.6 -5.68
0.011572 -5.6 -5.6
0.011576 -5.6 -5.68
0.01158 -5.6 -5.6
0.011584 -5.52 -5.52
0.011588 -5.52 -5.52
0.011592 -5.52 -5.52
0.011596 -5.44 -5.44
0.0116 -5.52 -5.44
0.011604 -5.52 -5.52
0.011608 -5.44 -5.44
0.011612 -5.44 -5.44
0.011616 -5.44 -5.36
0.01162 -5.36 -5.36
0.011624 -5.36 -5.44
0.011628 -5.44 -5.36
0.011632 -5.28 -5.36
0.011636 -5.28 -5.28
0.01164 -5.28 -5.2
0.011644 -5.28 -5.2
0.011648 -5.28 -5.2
0.011652 -5.2 -5.12
0.011656 -5.2 -5.12
0.01166 -5.12 -5.12
0.011664 -5.12 -5.12
0.011668 -5.12 -5.04
0.011672 -5.04 -4.96
0.011676 -4.96 -4.96
0.01168 -4.96 -4.96
0.011684 -4.96 -4.88
0.011688 -4.96 -4.88
0.011692 -4.88 -4.8
0.011696 -4.88 -4.8
0.0117 -4.8 -4.8
0.011704 -4.8 -4.72
0.011708 -4.72 -4.56
0.011712 -4.64 -4.64
0.011716 -4.64 -4.64
0.01172 -4.56 -4.48
0.011724 -4.56 -4.48
0.011728 -4.56 -4.4
0.011732 -4.48 -4.4
0.011736 -4.48 -4.32
0.01174 -4.4 -4.32
0.011744 -4.32 -4.24
0.011748 -4.32 -4.16
0.011752 -4.32 -4.16
0.011756 -4.16 -4.08
0.01176 -4.16 -4.08
0.011764 -4.08 -4
0.011768 -4 -4
0.011772 -4 -3.92
0.011776 -4 -3.84
0.01178 -3.92 -3.84
0.011784 -3.92 -3.76
0.011788 -3.84 -3.76
0.011792 -3.76 -3.6
0.011796 -3.68 -3.6
0.0118 -3.6 -3.52
0.011804 -3.6 -3.44
0.011808 -3.52 -3.44
0.011812 -3.36 -3.28
0.011816 -3.36 -3.28
0.01182 -3.36 -3.2
0.011824 -3.28 -3.2
0.011828 -3.28 -3.12
0.011832 -3.2 -2.96
0.011836 -3.12 -3.04
0.01184 -3.04 -2.88
0.011844 -3.04 -2.8
0.011848 -2.96 -2.8
0.011852 -2.88 -2.72
0.011856 -2.8 -2.64
0.01186 -2.72 -2.64
0.011864 -2.72 -2.56
0.011868 -2.64 -2.4
0.011872 -2.64 -2.4
0.011876 -2.56 -2.32
0.01188 -2.4 -2.32
0.011884 -2.4 -2.24
0.011888 -2.32 -2.16
0.011892 -2.24 -2.08
0.011896 -2.24 -2
0.0119 -2.24 -2
0.011904 -2.08 -1.84
0.011908 -2 -1.84
0.011912 -1.92 -1.68
0.011916 -1.92 -1.68
0.01192 -1.76 -1.68
0.011924 -1.76 -1.52
0.011928 -1.68 -1.52
0.011932 -1.6 -1.36
0.011936 -1.44 -1.36
0.01194 -1.44 -1.28
0.011944 -1.44 -1.2
0.011948 -1.36 -1.12
0.011952 -1.28 -1.04
0.011956 -1.28 -1.04
0.01196 -1.12 -0.88
0.011964 -1.12 -0.88
0.011968 -1.04 -0.72
0.011972 -0.96 -0.72
0.011976 -0.8 -0.64
0.01198 -0.8 -0.56
0.011984 -0.72 -0.48
0.011988 -0.64 -0.4
0.011992 -0.64 -0.4
0.011996 -0.48 -0.24
0.012 -0.4 -0.24
0.012004 -0.4 -0.16
0.012008 -0.32 -0.16
0.012012 -0.16 0.08
0.012016 -0.16 0.16
0.01202 0 0.16
0.012024 0 0.32
0.012028 0.08 0.32
0.012032 0.24 0.32
0.012036 0.24 0.48
0.01204 0.32 0.56
0.012044 0.32 0.64
0.012048 0.4 0.64
0.012052 0.56 0.8
0.012056 0.56 0.8
0.01206 0.64 0.88
0.012064 0.72 0.96
0.012068 0.8 1.04
0.012072 0.88 1.12
0.012076 0.96 1.12
0.01208 0.96 1.2
0.012084 1.2 1.28
0.012088 1.2 1.36
0.012092 1.2 1.44
0.012096 1.28 1.52
0.0121 1.36 1.52
0.012104 1.36 1.6
0.012108 1.52 1.76
0.012112 1.52 1.68
0.012116 1.6 1.84
0.01212 1.68 1.84
0.012124 1.76 2
0.012128 1.84 2.08
0.012132 1.92 2.16
0.012136 2 2.24
0.01214 2 2.24
0.012144 2.08 2.32
0.012148 2.16 2.32
0.012152 2.24 2.4
0.012156 2.24 2.48
0.01216 2.32 2.56
0.012164 2.4 2.64
0.012168 2.48 2.64
0.012172 2.48 2.72
0.012176 2.64 2.88
0.01218 2.64 2.88
0.012184 2.8 2.88
0.012188 2.72 2.96
0.012192 2.88 3.04
0.012196 2.88 3.12
0.0122 2.88 3.2
0.012204 3.12 3.28
0.012208 3.12 3.28
0.012212 3.2 3.28
0.012216 3.2 3.44
0.01222 3.28 3.44
0.012224 3.28 3.44
0.012228 3.36 3.6
0.012232 3.44 3.6
0.012236 3.44 3.68
0.01224 3.52 3.68
0.012244 3.52 3.84
0.012248 3.6 3.76
0.012252 3.68 3.92
0.012256 3.68 3.92
0.01226 3.76 3.92
0.012264 3.84 4
0.012268 3.84 4
0.012272 3.92 4.16
0.012276 3.92 4.16
0.01228 4.08 4.16
0.012284 4.08 4.24
0.012288 4.08 4.32
0.012292 4.16 4.32
0.012296 4.16 4.4
0.0123 4.24 4.48
0.012304 4.24 4.48
0.012308 4.4 4.56
0.012312 4.4 4.56
0.012316 4.4 4.56
0.01232 4.48 4.64
0.012324 4.48 4.64
0.012328 4.56 4.8
0.012332 4.72 4.8
0.012336 4.64 4.8
0.01234 4.72 4.88
0.012344 4.72 4.88
0.012348 4.72 4.88
0.012352 4.8 4.96
0.012356 4.8 5.04
0.01236 4.8 4.96
0.012364 4.88 5.04
0.012368 4.88 5.04
0.012372 4.96 5.12
0.012376 5.04 5.12
0.01238 5.04 5.12
0.012384 5.04 5.2
0.012388 5.04 5.2
0.012392 5.04 5.2
0.012396 5.12 5.28
0.0124 5.12 5.28
0.012404 5.12 5.28
0.012408 5.12 5.36
0.012412 5.2 5.44
0.012416 5.28 5.28
0.01242 5.28 5.44
0.012424 5.2 5.44
0.012428 5.28 5.44
0.012432 5.36 5.44
0.012436 5.36 5.44
0.01244 5.36 5.44
0.012444 5.36 5.44
0.012448 5.36 5.52
0.012452 5.36 5.52
0.012456 5.36 5.52
0.01246 5.44 5.52
0.012464 5.36 5.52
0.012468 5.36 5.6
0.012472 5.36 5.52
0.012476 5.44 5.6
0.01248 5.44 5.6
0.012484 5.44 5.6
0.012488 5.44 5.6
0.012492 5.52 5.6
0.012496 5.52 5.6
0.0125 5.44 5.52
0.012504 5.44 5.6
0.012508 5.52 5.6
0.012512 5.44 5.6
0.012516 5.52 5.6
0.01252 5.52 5.6
0.012524 5.52 5.6
0.012528 5.52 5.6
0.012532 5.52 5.6
0.012536 5.52 5.52
0.01254 5.52 5.6
0.012544 5.52 5.52
0.012548 5.44 5.6
0.012552 5.52 5.52
0.012556 5.44 5.44
0.01256 5.36 5.52
0.012564 5.44 5.52
0.012568 5.44 5.52
0.012572 5.36 5.44
0.012576 5.36 5.44
0.01258 5.44 5.44
0.012584 5.36 5.44
0.012588 5.36 5.44
0.012592 5.36 5.36
0.012596 5.36 5.44
0.0126 5.36 5.36
0.012604 5.36 5.36
0.012608 5.36 5.28
0.012612 5.28 5.28
0.012616 5.2 5.28
0.01262 5.2 5.2
0.012624 5.2 5.2
0.012628 5.2 5.2
0.012632 5.12 5.2
0.012636 5.12 5.12
0.01264 5.12 5.12
0.012644 5.04 5.12
0.012648 5.04 5.04
0.012652 5.04 5.12
0.012656 5.04 4.96
0.01266 5.04 5.04
0.012664 5.04 4.88
0.012668 4.88 4.88
0.012672 4.88 4.88
0.012676 4.88 4.8
0.01268 4.8 4.8
0.012684 4.72 4.72
0.012688 4.8 4.8
0.012692 4.72 4.72
0.012696 4.72 4.64
0.0127 4.64 4.56
0.012704 4.64 4.56
0.012708 4.56 4.56
0.012712 4.56 4.48
0.012716 4.48 4.48
0.01272 4.4 4.32
0.012724 4.4 4.32
0.012728 4.4 4.24
0.012732 4.32 4.24
0.012736 4.32 4.16
0.01274 4.16 4.16
0.012744 4.24 4.16
0.012748 4.08 4.08
0.012752 4.08 4
0.012756 4 4
0.01276 4.08 3.92
0.012764 3.92 3.92
0.012768 3.92 3.84
0.012772 3.84 3.84
0.012776 3.84 3.68
0.01278 3.76 3.68
0.012784 3.68 3.6
0.012788 3.6 3.6
0.012792 3.52 3.44
0.012796 3.52 3.44
0.0128 3.52 3.36
0.012804 3.44 3.28
0.012808 3.44 3.28
0.012812 3.28 3.2
0.012816 3.28 3.2
0.01282 3.2 3.04
0.012824 3.2 3.04
0.012828 3.12 2.96
0.012832 3.04 2.96
0.012836 2.96 2.88
0.01284 2.88 2.72
0.012844 2.88 2.72
0.012848 2.8 2.64
0.012852 2.8 2.64
0.012856 2.64 2.56
0.01286 2.56 2.4
0.012864 2.56 2.4
0.012868 2.48 2.32
0.012872 2.48 2.32
0.012876 2.32 2.24
0.01288 2.32 2.16
0.012884 2.24 2.08
0.012888 2.16 2
0.012892 2.16 1.92
0.012896 2 1.84
0.0129 1.92 1.76
0.012904 1.92 1.76
0.012908 1.84 1.68
0.012912 1.76 1.6
0.012916 1.68 1.52
0.01292 1.6 1.44
0.012924 1.52 1.36
0.012928 1.52 1.36
0.012932 1.52 1.2
0.012936 1.36 1.2
0.01294 1.28 1.12
0.012944 1.2 1.12
0.012948 1.2 0.96
0.012952 1.12 0.88
0.012956 1.04 0.88
0.01296 0.96 0.72
0.012964 0.88 0.8
0.012968 0.8 0.64
0.012972 0.72 0.56
0.012976 0.64 0.48
0.01298 0.56 0.48
0.012984 0.56 0.32
0.012988 0.48 0.32
0.012992 0.4 0.24
0.012996 0.32 0.16
0.013 0.32 0.08
0.013004 0.24 0
0.013008 0.08 -0.16
0.013012 0.08 -0.16
0.013016 0 -0.24
0.01302 -0.16 -0.32
0.013024 -0.16 -0.4
0.013028 -0.24 -0.48
0.013032 -0.32 -0.56
0.013036 -0.4 -0.56
0.01304 -0.48 -0.64
0.013044 -0.56 -0.8
0.013048 -0.64 -0.72
0.013052 -0.72 -0.88
0.013056 -0.72 -0.96
0.01306 -0.88 -1.04
0.013064 -0.88 -1.12
0.013068 -1.04 -1.12
0.013072 -1.12 -1.2
0.013076 -1.12 -1.28
0.01308 -1.2 -1.36
0.013084 -1.28 -1.36
0.013088 -1.28 -1.6
0.013092 -1.44 -1.52
0.013096 -1.44 -1.68
0.0131 -1.44 -1.76
0.013104 -1.6 -1.76
0.013108 -1.68 -1.84
0.013112 -1.68 -1.92
0.013116 -1.76 -2
0.01312 -1.84 -2
0.013124 -1.92 -2.16
0.013128 -2 -2.16
0.013132 -2.08 -2.24
0.013136 -2.08 -2.32
0.01314 -2.24 -2.32
0.013144 -2.24 -2.48
0.013148 -2.32 -2.48
0.013152 -2.4 -2.64
0.013156 -2.48 -2.64
0.01316 -2.48 -2.64
0.013164 -2.56 -2.8
0.013168 -2.64 -2.88
0.013172 -2.72 -2.88
0.013176 -2.72 -2.88
0.01318 -2.88 -3.04
0.013184 -2.88 -3.04
0.013188 -2.96 -3.2
0.013192 -3.04 -3.28
0.013196 -3.04 -3.2
0.0132 -3.12 -3.36
0.013204 -3.2 -3.36
0.013208 -3.28 -3.44
0.013212 -3.28 -3.44
0.013216 -3.28 -3.52
0.01322 -3.36 -3.6
0.013224 -3.52 -3.68
0.013228 -3.52 -3.76
0.013232 -3.6 -3.76
0.013236 -3.68 -3.84
0.01324 -3.68 -3.84
0.013244 -3.68 -3.92
0.013248 -3.76 -3.92
0.013252 -3.84 -4
0.013256 -3.92 -4.08
0.01326 -4 -4.16
0.013264 -3.92 -4.16
0.013268 -4 -4.16
0.013272 -4 -4.24
0.013276 -4.16 -4.32
0.01328 -4.16 -4.4
0.013284 -4.24 -4.4
0.013288 -4.24 -4.48
0.013292 -4.32 -4.48
0.013296 -4.32 -4.48
0.0133 -4.4 -4.56
0.013304 -4.48 -4.56
0.013308 -4.48 -4.64
0.013312 -4.48 -4.72
0.013316 -4.56 -4.8
0.01332 -4.64 -4.8
0.013324 -4.64 -4.8
0.013328 -4.64 -4.88
0.013332 -4.8 -4.88
0.013336 -4.8 -4.96
0.01334 -4.88 -4.96
0.013344 -4.88 -5.04
0.013348 -4.88 -5.12
0.013352 -4.96 -5.04
0.013356 -4.96 -5.12
0.01336 -4.96 -5.12
0.013364 -4.96 -5.12
0.013368 -5.12 -5.2
0.013372 -5.12 -5.28
0.013376 -5.2 -5.28
0.01338 -5.2 -5.28
0.013384 -5.12 -5.36
0.013388 -5.2 -5.28
0.013392 -5.28 -5.36
0.013396 -5.28 -5.36
0.0134 -5.28 -5.36
0.013404 -5.28 -5.44
0.013408 -5.28 -5.44
0.013412 -5.44 -5.44
0.013416 -5.44 -5.52
0.01342 -5.44 -5.52
0.013424 -5.44 -5.52
0.013428 -5.44 -5.6
0.013432 -5.52 -5.52
0.013436 -5.52 -5.52
0.01344 -5.52 -5.68
0.013444 -5.52 -5.6
0.013448 -5.52 -5.6
0.013452 -5.6 -5.6
0.013456 -5.52 -5.68
0.01346 -5.52 -5.68
0.013464 -5.6 -5.68
0.013468 -5.6 -5.68
0.013472 -5.6 -5.68
0.013476 -5.6 -5.68
0.01348 -5.6 -5.68
0.013484 -5.6 -5.76
0.013488 -5.6 -5.68
0.013492 -5.6 -5.68
0.013496 -5.6 -5.76
0.0135 -5.6 -5.68
0.013504 -5.6 -5.68
0.013508 -5.68 -5.76
0.013512 -5.76 -5.76
0.013516 -5.6 -5.76
0.01352 -5.76 -5.76
0.013524 -5.6 -5.76
0.013528 -5.6 -5.68
0.013532 -5.6 -5.76
0.013536 -5.68 -5.68
0.01354 -5.6 -5.76
0.013544 -5.6 -5.68
0.013548 -5.6 -5.68
0.013552 -5.68 -5.76
0.013556 -5.6 -5.68
0.01356 -5.6 -5.6
0.013564 -5.6 -5.68
0.013568 -5.6 -5.68
0.013572 -5.6 -5.6
0.013576 -5.6 -5.68
0.01358 -5.52 -5.52
0.013584 -5.52 -5.52
0.013588 -5.6 -5.6
0.013592 -5.52 -5.52
0.013596 -5.52 -5.52
0.0136 -5.52 -5.52
0.013604 -5.44 -5.44
0.013608 -5.52 -5.44
0.013612 -5.44 -5.44
0.013616 -5.44 -5.44
0.01362 -5.44 -5.44
0.013624 -5.36 -5.36
0.013628 -5.28 -5.36
0.013632 -5.28 -5.28
0.013636 -5.28 -5.28
0.01364 -5.28 -5.28
0.013644 -5.28 -5.2
0.013648 -5.2 -5.2
0.013652 -5.2 -5.2
0.013656 -5.12 -5.12
0.01366 -5.12 -5.12
0.013664 -5.12 -5.12
0.013668 -5.12 -5.04
0.013672 -5.12 -4.96
0.013676 -4.96 -4.96
0.01368 -4.96 -4.88
0.013684 -4.96 -4.88
0.013688 -4.96 -4.88
0.013692 -4.88 -4.8
0.013696 -4.8 -4.8
0.0137 -4.8 -4.8
0.013704 -4.8 -4.72
0.013708 -4.8 -4.64
0.013712 -4.64 -4.56
0.013716 -4.64 -4.56
0.01372 -4.56 -4.48
0.013724 -4.56 -4.48
0.013728 -4.48 -4.4
0.013732 -4.48 -4.48
0.013736 -4.48 -4.32
0.01374 -4.32 -4.24
0.013744 -4.32 -4.24
0.013748 -4.32 -4.24
0.013752 -4.24 -4.16
0.013756 -4.16 -4.08
0.01376 -4.16 -4.08
0.013764 -4.16 -4
0.013768 -4 -3.92
0.013772 -4 -3.92
0.013776 -3.92 -3.76
0.01378 -3.84 -3.84
0.013784 -3.92 -3.68
0.013788 -3.84 -3.68
0.013792 -3.84 -3.6
0.013796 -3.68 -3.6
0.0138 -3.68 -3.52
0.013804 -3.6 -3.52
0.013808 -3.52 -3.44
0.013812 -3.52 -3.28
0.013816 -3.36 -3.28
0.01382 -3.36 -3.2
0.013824 -3.36 -3.2
0.013828 -3.28 -3.12
0.013832 -3.2 -2.96
0.013836 -3.12 -2.96
0.01384 -3.04 -2.96
0.013844 -3.04 -2.88
0.013848 -2.96 -2.8
0.013852 -2.96 -2.72
0.013856 -2.88 -2.72
0.01386 -2.72 -2.64
0.013864 -2.72 -2.56
0.013868 -2.64 -2.48
0.013872 -2.56 -2.48
0.013876 -2.48 -2.32
0.01388 -2.4 -2.32
0.013884 -2.4 -2.24
0.013888 -2.32 -2.16
0.013892 -2.32 -2.08
0.013896 -2.24 -2
0.0139 -2.08 -1.92
0.013904 -2.08 -1.84
0.013908 -2 -1.84
0.013912 -1.92 -1.76
0.013916 -1.92 -1.68
0.01392 -1.76 -1.68
0.013924 -1.76 -1.52
0.013928 -1.68 -1.52
0.013932 -1.6 -1.36
0.013936 -1.52 -1.36
0.01394 -1.44 -1.28
0.013944 -1.44 -1.2
0.013948 -1.36 -1.12
0.013952 -1.28 -1.04
0.013956 -1.2 -1.04
0.01396 -1.12 -0.88
0.013964 -1.04 -0.88
0.013968 -1.04 -0.8
0.013972 -0.96 -0.8
0.013976 -0.8 -0.64
0.01398 -0.8 -0.56
0.013984 -0.72 -0.56
0.013988 -0.64 -0.4
0.013992 -0.64 -0.4
0.013996 -0.48 -0.32
0.014 -0.48 -0.24
0.014004 -0.4 -0.16
0.014008 -0.32 -0.16
0.014012 -0.16 0.08
0.014016 -0.16 0.16
0.01402 0 0.16
0.014024 0 0.32
0.014028 0.16 0.32
0.014032 0.24 0.4
0.014036 0.24 0.48
0.01404 0.32 0.48
0.014044 0.4 0.64
0.014048 0.4 0.64
0.014052 0.56 0.72
0.014056 0.64 0.8
0.01406 0.72 0.88
0.014064 0.72 0.96
0.014068 0.88 1.04
0.014072 0.88 1.12
0.014076 0.96 1.12
0.01408 1.04 1.28
0.014084 1.12 1.28
0.014088 1.2 1.36
0.014092 1.2 1.44
0.014096 1.28 1.52
0.0141 1.36 1.6
0.014104 1.44 1.6
0.014108 1.52 1.68
0.014112 1.52 1.68
0.014116 1.6 1.84
0.01412 1.68 1.92
0.014124 1.76 2
0.014128 1.84 2.08
0.014132 1.84 2.08
0.014136 2 2.24
0.01414 2 2.24
0.014144 2.08 2.32
0.014148 2.16 2.32
0.014152 2.24 2.4
0.014156 2.32 2.56
0.01416 2.32 2.56
0.014164 2.32 2.64
0.014168 2.48 2.64
0.014172 2.48 2.72
0.014176 2.56 2.8
0.01418 2.64 2.88
0.014184 2.8 2.96
0.014188 2.8 2.96
0.014192 2.8 3.04
0.014196 2.88 3.2
0.0142 2.96 3.2
0.014204 2.96 3.2
0.014208 3.04 3.28
0.014212 3.12 3.28
0.014216 3.2 3.36
0.01422 3.2 3.52
0.014224 3.28 3.44
0.014228 3.44 3.6
0.014232 3.44 3.6
0.014236 3.44 3.68
0.01424 3.52 3.68
0.014244 3.6 3.84
0.014248 3.68 3.84
0.014252 3.76 3.92
0.014256 3.76 3.92
0.01426 3.76 3.92
0.014264 3.84 4.08
0.014268 3.84 4
0.014272 3.92 4.16
0.014276 3.92 4.16
0.01428 4.08 4.16
0.014284 4.08 4.24
0.014288 4.16 4.32
0.014292 4.16 4.4
0.014296 4.16 4.4
0.0143 4.24 4.48
0.014304 4.24 4.48
0.014308 4.4 4.56
0.014312 4.4 4.56
0.014316 4.48 4.56
0.01432 4.48 4.72
0.014324 4.56 4.64
0.014328 4.56 4.72
0.014332 4.64 4.8
0.014336 4.64 4.88
0.01434 4.64 4.8
0.014344 4.72 4.88
0.014348 4.72 4.88
0.014352 4.72 4.88
0.014356 4.8 5.04
0.01436 4.88 4.96
0.014364 4.88 5.12
0.014368 4.88 5.12
0.014372 4.96 5.12
0.014376 4.88 5.2
0.01438 5.04 5.12
0.014384 5.04 5.2
0.014388 5.04 5.2
0.014392 5.04 5.28
0.014396 5.12 5.2
0.0144 5.12 5.28
0.014404 5.2 5.28
0.014408 5.12 5.28
0.014412 5.2 5.44
0.014416 5.2 5.36
0.01442 5.2 5.44
0.014424 5.28 5.36
0.014428 5.36 5.44
0.014432 5.36 5.44
0.014436 5.28 5.44
0.01444 5.36 5.52
0.014444 5.36 5.44
0.014448 5.36 5.52
0.014452 5.36 5.52
0.014456 5.36 5.52
0.01446 5.36 5.52
0.014464 5.44 5.52
0.014468 5.44 5.52
0.014472 5.44 5.52
0.014476 5.44 5.52
0.01448 5.44 5.52
0.014484 5.52 5.6
0.014488 5.44 5.52
0.014492 5.52 5.6
0.014496 5.52 5.6
0.0145 5.52 5.6
0.014504 5.52 5.6
0.014508 5.52 5.6
0.014512 5.52 5.6
0.014516 5.52 5.52
0.01452 5.52 5.6
0.014524 5.52 5.6
0.014528 5.44 5.6
0.014532 5.52 5.6
0.014536 5.52 5.52
0.01454 5.52 5.6
0.014544 5.52 5.6
0.014548 5.44 5.52
0.014552 5.44 5.52
0.014556 5.44 5.52
0.01456 5.44 5.52
0.014564 5.44 5.52
0.014568 5.44 5.52
0.014572 5.36 5.44
0.014576 5.44 5.44
0.01458 5.36 5.44
0.014584 5.36 5.44
0.014588 5.36 5.44
0.014592 5.36 5.36
0.014596 5.36 5.44
0.0146 5.36 5.36
0.014604 5.36 5.28
0.014608 5.28 5.28
0.014612 5.28 5.28
0.014616 5.28 5.28
0.01462 5.2 5.2
0.014624 5.2 5.28
0.014628 5.2 5.2
0.014632 5.2 5.2
0.014636 5.2 5.12
0.01464 5.12 5.12
0.014644 5.12 5.04
0.014648 5.04 5.12
0.014652 5.04 5.04
0.014656 5.04 4.96
0.01466 5.04 4.96
0.014664 5.04 4.88
0.014668 4.88 4.88
0.014672 4.88 4.88
0.014676 4.8 4.8
0.01468 4.8 4.8
0.014684 4.8 4.72
0.014688 4.8 4.72
0.014692 4.72 4.72
0.014696 4.72 4.64
0.0147 4.72 4.56
0.014704 4.64 4.56
0.014708 4.56 4.56
0.014712 4.48 4.48
0.014716 4.48 4.48
0.01472 4.48 4.4
0.014724 4.4 4.32
0.014728 4.4 4.24
0.014732 4.4 4.24
0.014736 4.24 4.24
0.01474 4.24 4.08
0.014744 4.24 4.16
0.014748 4.08 4
0.014752 4.08 4
0.014756 4.08 3.92
0.01476 4 3.92
0.014764 3.92 3.92
0.014768 3.92 3.76
0.014772 3.84 3.84
0.014776 3.84 3.68
0.01478 3.76 3.68
0.014784 3.76 3.6
0.014788 3.6 3.52
0.014792 3.6 3.44
0.014796 3.52 3.52
0.0148 3.52 3.36
0.014804 3.44 3.28
0.014808 3.44 3.28
0.014812 3.36 3.2
0.014816 3.28 3.12
0.01482 3.2 3.04
0.014824 3.12 3.04
0.014828 3.12 2.96
0.014832 2.96 2.96
0.014836 2.96 2.88
0.01484 2.88 2.72
0.014844 2.88 2.72
0.014848 2.8 2.64
0.014852 2.72 2.56
0.014856 2.64 2.56
0.01486 2.64 2.48
0.014864 2.56 2.4
0.014868 2.48 2.32
0.014872 2.48 2.32
0.014876 2.32 2.24
0.01488 2.24 2.16
0.014884 2.24 2.08
0.014888 2.16 2
0.014892 2.16 1.92
0.014896 2 1.84
0.0149 1.92 1.84
0.014904 1.92 1.68
0.014908 1.84 1.68
0.014912 1.84 1.6
0.014916 1.68 1.52
0.01492 1.6 1.44
0.014924 1.52 1.36
0.014928 1.52 1.36
0.014932 1.52 1.28
0.014936 1.36 1.2
0.01494 1.28 1.12
0.014944 1.28 1.12
0.014948 1.2 0.96
0.014952 1.12 0.88
0.014956 1.04 0.88
0.01496 0.96 0.72
0.014964 0.88 0.8
0.014968 0.88 0.64
0.014972 0.72 0.64
0.014976 0.64 0.56
0.01498 0.64 0.4
0.014984 0.56 0.4
0.014988 0.48 0.24
0.014992 0.32 0.32
0.014996 0.32 0.16
0.015 0.24 0.08
0.015004 0.24 0
0.015008 0.16 -0.16
0.015012 0.08 -0.16
0.015016 0 -0.32
0.01502 -0.16 -0.24
0.015024 -0.16 -0.4
0.015028 -0.32 -0.4
0.015032 -0.32 -0.48
0.015036 -0.4 -0.56
0.01504 -0.48 -0.72
0.015044 -0.56 -0.8
0.015048 -0.64 -0.8
0.015052 -0.72 -0.88
0.015056 -0.8 -0.96
0.01506 -0.8 -1.04
0.015064 -0.96 -1.04
0.015068 -1.04 -1.04
0.015072 -1.04 -1.28
0.015076 -1.12 -1.28
0.01508 -1.12 -1.36
0.015084 -1.28 -1.36
0.015088 -1.36 -1.52
0.015092 -1.44 -1.6
0.015096 -1.44 -1.68
0.0151 -1.52 -1.68
0.015104 -1.6 -1.68
0.015108 -1.68 -1.92
0.015112 -1.76 -1.92
0.015116 -1.76 -2
0.01512 -1.84 -2
0.015124 -1.92 -2.08
0.015128 -2 -2.24
0.015132 -2.08 -2.24
0.015136 -2.08 -2.32
0.01514 -2.24 -2.32
0.015144 -2.24 -2.48
0.015148 -2.32 -2.48
0.015152 -2.4 -2.64
0.015156 -2.4 -2.64
0.01516 -2.4 -2.64
0.015164 -2.56 -2.8
0.015168 -2.64 -2.88
0.015172 -2.64 -2.88
0.015176 -2.72 -2.88
0.01518 -2.88 -3.04
0.015184 -2.88 -3.12
0.015188 -2.96 -3.12
0.015192 -2.96 -3.2
0.015196 -3.04 -3.2
0.0152 -3.04 -3.36
0.015204 -3.2 -3.36
0.015208 -3.28 -3.44
0.015212 -3.28 -3.52
0.015216 -3.36 -3.52
0.01522 -3.52 -3.6
0.015224 -3.52 -3.68
0.015228 -3.52 -3.76
0.015232 -3.6 -3.76
0.015236 -3.6 -3.84
0.01524 -3.68 -3.84
0.015244 -3.76 -3.92
0.015248 -3.68 -3.92
0.015252 -3.84 -4
0.015256 -3.92 -4.08
0.01526 -3.92 -4.08
0.015264 -4 -4.24
0.015268 -4 -4.16
0.015272 -4.16 -4.24
0.015276 -4.16 -4.32
0.01528 -4.24 -4.32
0.015284 -4.24 -4.4
0.015288 -4.32 -4.48
0.015292 -4.32 -4.56
0.015296 -4.4 -4.56
0.0153 -4.32 -4.56
0.015304 -4.48 -4.64
0.015308 -4.48 -4.72
0.015312 -4.56 -4.72
0.015316 -4.56 -4.72
0.01532 -4.64 -4.8
0.015324 -4.72 -4.8
0.015328 -4.64 -4.88
0.015332 -4.72 -4.88
0.015336 -4.8 -4.96
0.01534 -4.88 -4.96
0.015344 -4.88 -5.04
0.015348 -4.96 -5.04
0.015352 -4.96 -5.12
0.015356 -4.96 -5.12
0.01536 -4.96 -5.12
0.015364 -5.04 -5.2
0.015368 -5.04 -5.2
0.015372 -5.12 -5.2
0.015376 -5.2 -5.2
0.01538 -5.12 -5.28
0.015384 -5.2 -5.36
0.015388 -5.2 -5.28
0.015392 -5.28 -5.44
0.015396 -5.28 -5.36
0.0154 -5.28 -5.36
0.015404 -5.28 -5.44
0.015408 -5.28 -5.44
0.015412 -5.36 -5.52
0.015416 -5.44 -5.52
0.01542 -5.36 -5.52
0.015424 -5.44 -5.52
0.015428 -5.44 -5.6
0.015432 -5.44 -5.52
0.015436 -5.52 -5.52
0.01544 -5.52 -5.68
0.015444 -5.52 -5.6
0.015448 -5.52 -5.68
0.015452 -5.52 -5.6
0.015456 -5.6 -5.68
0.01546 -5.6 -5.68
0.015464 -5.6 -5.68
0.015468 -5.6 -5.68
0.015472 -5.6 -5.68
0.015476 -5.6 -5.76
0.01548 -5.6 -5.68
0.015484 -5.6 -5.76
0.015488 -5.6 -5.68
0.015492 -5.68 -5.68
0.015496 -5.6 -5.76
0.0155 -5.6 -5.68
0.015504 -5.68 -5.76
0.015508 -5.6 -5.68
0.015512 -5.6 -5.76
0.015516 -5.68 -5.76
0.01552 -5.68 -5.76
0.015524 -5.6 -5.76
0.015528 -5.6 -5.76
0.015532 -5.68 -5.76
0.015536 -5.6 -5.68
0.01554 -5.6 -5.76
0.015544 -5.6 -5.68
0.015548 -5.6 -5.68
0.015552 -5.6 -5.68
0.015556 -5.6 -5.68
0.01556 -5.6 -5.68
0.015564 -5.6 -5.6
0.015568 -5.6 -5.68
0.015572 -5.6 -5.6
0.015576 -5.6 -5.6
0.01558 -5.6 -5.52
0.015584 -5.52 -5.6
0.015588 -5.52 -5.52
0.015592 -5.52 -5.52
0.015596 -5.52 -5.52
0.0156 -5.52 -5.44
0.015604 -5.52 -5.44
0.015608 -5.44 -5.44
0.015612 -5.44 -5.44
0.015616 -5.44 -5.36
0.01562 -5.36 -5.36
0.015624 -5.36 -5.44
0.015628 -5.44 -5.28
0.015632 -5.28 -5.28
0.015636 -5.28 -5.2
0.01564 -5.28 -5.2
0.015644 -5.28 -5.2
0.015648 -5.28 -5.2
0.015652 -5.2 -5.2
0.015656 -5.2 -5.12
0.01566 -5.12 -5.12
0.015664 -5.12 -5.04
0.015668 -5.12 -5.04
0.015672 -5.12 -4.96
0.015676 -4.96 -4.96
0.01568 -4.96 -4.96
0.015684 -4.96 -4.8
0.015688 -4.96 -4.8
0.015692 -4.88 -4.8
0.015696 -4.88 -4.8
0.0157 -4.8 -4.8
0.015704 -4.8 -4.64
0.015708 -4.8 -4.72
0.015712 -4.64 -4.64
0.015716 -4.64 -4.56
0.01572 -4.64 -4.48
0.015724 -4.56 -4.48
0.015728 -4.56 -4.4
0.015732 -4.48 -4.4
0.015736 -4.48 -4.4
0.01574 -4.32 -4.24
0.015744 -4.32 -4.24
0.015748 -4.32 -4.16
0.015752 -4.24 -4.16
0.015756 -4.24 -4.08
0.01576 -4.16 -4
0.015764 -4.16 -4
0.015768 -4.08 -4
0.015772 -4 -3.84
0.015776 -3.92 -3.84
0.01578 -3.92 -3.84
0.015784 -3.84 -3.68
0.015788 -3.84 -3.76
0.015792 -3.76 -3.6
0.015796 -3.68 -3.52
0.0158 -3.68 -3.52
0.015804 -3.6 -3.52
0.015808 -3.52 -3.44
0.015812 -3.52 -3.36
0.015816 -3.44 -3.28
0.01582 -3.36 -3.2
0.015824 -3.28 -3.2
0.015828 -3.28 -3.12
0.015832 -3.2 -3.04
0.015836 -3.12 -2.96
0.01584 -3.04 -2.88
0.015844 -3.04 -2.88
0.015848 -2.96 -2.8
0.015852 -2.96 -2.72
0.015856 -2.8 -2.64
0.01586 -2.8 -2.64
0.015864 -2.72 -2.64
0.015868 -2.64 -2.48
0.015872 -2.56 -2.4
0.015876 -2.56 -2.32
0.01588 -2.4 -2.32
0.015884 -2.4 -2.24
0.015888 -2.4 -2.16
0.015892 -2.24 -2.08
0.015896 -2.24 -2
0.0159 -2.24 -2
0.015904 -2.08 -1.92
0.015908 -2 -1.84
0.015912 -1.92 -1.76
0.015916 -1.84 -1.68
0.01592 -1.76 -1.6
0.015924 -1.76 -1.52
0.015928 -1.68 -1.52
0.015932 -1.6 -1.44
0.015936 -1.6 -1.36
0.01594 -1.44 -1.28
0.015944 -1.44 -1.2
0.015948 -1.36 -1.2
0.015952 -1.28 -1.04
0.015956 -1.2 -1.04
0.01596 -1.12 -0.88
0.015964 -1.12 -0.88
0.015968 -0.96 -0.8
0.015972 -0.96 -0.72
0.015976 -0.8 -0.64
0.01598 -0.8 -0.56
0.015984 -0.72 -0.56
0.015988 -0.64 -0.4
0.015992 -0.48 -0.4
0.015996 -0.48 -0.24
