0 -1.44 -5.8
2e-07 -1.44 -5.8
4e-07 1.76 -0.6
6e-07 1.84 -0.8
8e-07 1.84 -0.8
1e-06 1.68 -1
1.2e-06 1.68 -0.8
1.4e-06 1.68 -0.8
1.6e-06 1.76 -1
1.8e-06 1.68 -1
2e-06 1.68 -1
2.2e-06 1.68 -1.2
2.4e-06 1.68 -1
2.6e-06 1.6 -1.2
2.8e-06 1.6 -1.2
3e-06 1.6 -1.4
3.2e-06 1.6 -1.4
3.4e-06 1.52 -1.4
3.6e-06 1.52 -1.4
3.8e-06 1.52 -1.4
4e-06 1.52 -1.6
4.2e-06 1.52 -1.6
4.4e-06 1.52 -1.6
4.6e-06 1.36 -1.8
4.8e-06 1.44 -1.8
5e-06 1.36 -1.8
5.2e-06 1.36 -1.8
5.4e-06 1.36 -1.8
5.6e-06 1.36 -2
5.8e-06 1.36 -2
6e-06 1.28 -2
6.2e-06 1.28 -2
6.4e-06 1.28 -2.2
6.6e-06 1.28 -2
6.8e-06 1.28 -2.2
7e-06 1.2 -2.2
7.2e-06 1.2 -2.2
7.4e-06 1.2 -2.4
7.6e-06 1.2 -2.4
7.8e-06 1.2 -2.4
8e-06 1.12 -2.6
8.2e-06 1.2 -2.6
8.4e-06 1.04 -2.6
8.6e-06 1.04 -2.6
8.8e-06 1.04 -2.6
9e-06 1.04 -2.8
9.2e-06 1.04 -2.8
9.4e-06 0.96 -2.8
9.6e-06 0.96 -3
9.8e-06 0.96 -2.8
1e-05 0.96 -3
1.02e-05 0.88 -3
1.04e-05 0.88 -3
1.06e-05 0.88 -3.2
1.08e-05 0.88 -3.2
1.1e-05 0.88 -3
1.12e-05 0.88 -3.2
1.14e-05 0.8 -3.2
1.16e-05 0.72 -3.2
1.18e-05 0.72 -3.2
1.2e-05 0.64 -3.4
1.22e-05 0.72 -3.4
1.24e-05 0.72 -3.4
1.26e-05 0.64 -3.4
1.28e-05 0.64 -3.4
1.3e-05 0.56 -3.4
1.32e-05 0.56 -3.4
1.34e-05 0.56 -3.4
1.36e-05 0.56 -3.8
1.38e-05 0.56 -3.8
1.4e-05 0.48 -3.8
1.42e-05 0.48 -3.8
1.44e-05 0.4 -3.6
1.46e-05 0.4 -3.8
1.48e-05 0.4 -4
1.5e-05 0.4 -3.8
1.52e-05 0.32 -3.8
1.54e-05 0.32 -4
1.56e-05 0.32 -4
1.58e-05 0.24 -4.2
1.6e-05 0.24 -4
1.62e-05 0.24 -4
1.64e-05 0.24 -4.2
1.66e-05 0.24 -4.2
1.68e-05 0.24 -4
1.7e-05 0.24 -4.4
1.72e-05 0.08 -4.6
1.74e-05 0.08 -4.4
1.76e-05 0.08 -4.4
1.78e-05 0 -4.2
1.8e-05 0.08 -4.6
1.82e-05 0 -4.4
1.84e-05 0 -4.4
1.86e-05 -0.16 -4.6
1.88e-05 0 -4.6
1.9e-05 -0.16 -4.6
1.92e-05 -0.16 -4.8
1.94e-05 -0.24 -4.8
1.96e-05 -0.16 -4.6
1.98e-05 -0.16 -4.8
2e-05 -0.24 -4.8
2.02e-05 -0.16 -4.8
2.04e-05 -0.32 -5
2.06e-05 -0.32 -5
2.08e-05 -0.32 -5
2.1e-05 -0.4 -4.8
2.12e-05 -0.4 -4.8
2.14e-05 -0.4 -5
2.16e-05 -0.4 -5
2.18e-05 -0.48 -5
2.2e-05 -0.48 -5.2
2.22e-05 -0.48 -5.2
2.24e-05 -0.48 -5.2
2.26e-05 -0.48 -5.2
2.28e-05 -0.56 -5
2.3e-05 -0.56 -5.2
2.32e-05 -0.64 -5
2.34e-05 -0.64 -5
2.36e-05 -0.64 -5.2
2.38e-05 -0.64 -5.4
2.4e-05 -0.64 -5.4
2.42e-05 -0.72 -5.4
2.44e-05 -0.72 -5.4
2.46e-05 -0.72 -5.4
2.48e-05 -0.72 -5.6
2.5e-05 -0.8 -5.4
2.52e-05 -0.8 -5.6
2.54e-05 -0.8 -5.6
2.56e-05 -0.8 -5.6
2.58e-05 -0.8 -5.6
2.6e-05 -0.96 -5.6
2.62e-05 -0.88 -5.6
2.64e-05 -0.96 -5.6
2.66e-05 -0.96 -5.8
2.68e-05 -1.04 -5.8
2.7e-05 -1.04 -5.8
2.72e-05 -1.04 -5.8
2.74e-05 -1.12 -5.8
2.76e-05 -1.04 -5.8
2.78e-05 -1.12 -5.6
2.8e-05 -1.12 -5.6
2.82e-05 -1.12 -5.8
2.84e-05 -1.12 -5.8
2.86e-05 -1.12 -6
2.88e-05 -1.2 -6
2.9e-05 -1.28 -5.8
2.92e-05 -1.28 -5.8
2.94e-05 -1.28 -5.8
2.96e-05 -1.28 -5.8
2.98e-05 -1.36 -5.8
3e-05 -1.36 -5.8
3.02e-05 -1.36 -6
3.04e-05 -1.36 -6.2
3.06e-05 -1.36 -5.8
3.08e-05 -1.44 -6.2
3.1e-05 -1.44 -6
3.12e-05 -1.44 -5.8
3.14e-05 -1.44 -6
3.16e-05 -1.44 -6
3.18e-05 -1.44 -6.2
3.2e-05 -1.52 -6
3.22e-05 -1.6 -6.2
3.24e-05 -1.6 -6.2
3.26e-05 -1.6 -6.2
3.28e-05 -1.6 -6.2
3.3e-05 -1.6 -6
3.32e-05 -1.6 -6.2
3.34e-05 -1.68 -6.2
3.36e-05 -1.68 -6.2
3.38e-05 -1.68 -6.4
3.4e-05 -1.76 -6.4
3.42e-05 -1.76 -6.4
3.44e-05 -1.76 -6.2
3.46e-05 -1.76 -6.2
3.48e-05 -1.76 -6.2
3.5e-05 -1.76 -6.2
3.52e-05 -1.76 -6.2
3.54e-05 -1.76 -6.4
3.56e-05 -1.76 -6.2
3.58e-05 -1.76 -6.2
3.6e-05 -1.92 -6.2
3.62e-05 -1.92 -6.2
3.64e-05 -1.92 -6.2
3.66e-05 -1.92 -6.2
3.68e-05 -1.92 -6.2
3.7e-05 -1.92 -6.4
3.72e-05 -2 -6.4
3.74e-05 -2 -6.4
3.76e-05 -2 -6.2
3.78e-05 -2 -6.2
3.8e-05 -2.08 -6.2
3.82e-05 -2.08 -6.2
3.84e-05 -2.08 -6.4
3.86e-05 -2 -6.4
3.88e-05 -2.08 -6.2
3.9e-05 -2.08 -6.2
3.92e-05 -2.08 -6.4
3.94e-05 -2.08 -6.2
3.96e-05 -2.08 -6.2
3.98e-05 -2.08 -6.2
4e-05 -2.16 -6.4
4.02e-05 -2.16 -6.4
4.04e-05 -2.24 -6.4
4.06e-05 -2.24 -6.2
4.08e-05 -2.24 -6.2
4.1e-05 -2.24 -6.2
4.12e-05 -2.32 -6.2
4.14e-05 -2.32 -6.2
4.16e-05 -2.32 -6.2
4.18e-05 -2.32 -6.4
4.2e-05 -2.4 -6.2
4.22e-05 -2.4 -6.2
4.24e-05 -2.32 -6.2
4.26e-05 -2.32 -6.2
4.28e-05 -2.4 -6
4.3e-05 -2.4 -6
4.32e-05 -2.4 -6
4.34e-05 -2.4 -6.2
4.36e-05 -2.4 -6.2
4.38e-05 -2.4 -6.2
4.4e-05 -2.4 -5.8
4.42e-05 -2.4 -6
4.44e-05 -2.48 -6
4.46e-05 -2.4 -5.8
4.48e-05 -2.4 -5.8
4.5e-05 -2.48 -6
4.52e-05 -2.56 -5.8
4.54e-05 -2.48 -6
4.56e-05 -2.48 -6
4.58e-05 -2.48 -6
4.6e-05 -2.56 -5.8
4.62e-05 -2.56 -5.8
4.64e-05 -2.64 -5.8
4.66e-05 -2.56 -5.8
4.68e-05 -2.56 -5.8
4.7e-05 -2.56 -5.8
4.72e-05 -2.64 -5.8
4.74e-05 -2.56 -5.8
4.76e-05 -2.64 -5.8
4.78e-05 -2.56 -5.6
4.8e-05 -2.64 -5.8
4.82e-05 -2.64 -5.6
4.84e-05 -2.56 -5.8
4.86e-05 -2.72 -5.6
4.88e-05 -2.64 -5.6
4.9e-05 -2.64 -5.6
4.92e-05 -2.72 -5.6
4.94e-05 -2.72 -5.6
4.96e-05 -2.64 -5.6
4.98e-05 -2.72 -5.6
5e-05 -2.72 -5.6
5.02e-05 -2.72 -5.6
5.04e-05 -2.72 -5.4
5.06e-05 -2.72 -5.6
5.08e-05 -2.72 -5.6
5.1e-05 -2.72 -5.4
5.12e-05 -2.72 -5.4
5.14e-05 -2.8 -5.4
5.16e-05 -2.72 -5.4
5.18e-05 -2.72 -5.4
5.2e-05 -2.72 -5.2
5.22e-05 -2.72 -5.2
5.24e-05 -2.72 -5
5.26e-05 -2.72 -5
5.28e-05 -2.72 -5.2
5.3e-05 -2.8 -5
5.32e-05 -2.8 -5
5.34e-05 -2.72 -5
5.36e-05 -2.88 -5
5.38e-05 -2.8 -5
5.4e-05 -2.8 -5
5.42e-05 -2.8 -4.8
5.44e-05 -2.8 -5
5.46e-05 -2.88 -5
5.48e-05 -2.88 -5
5.5e-05 -2.72 -4.8
5.52e-05 -2.72 -4.8
5.54e-05 -2.8 -4.8
5.56e-05 -2.72 -4.8
5.58e-05 -2.72 -4.8
5.6e-05 -2.8 -4.8
5.62e-05 -2.88 -4.8
5.64e-05 -2.88 -4.6
5.66e-05 -2.88 -4.6
5.68e-05 -2.8 -4.6
5.7e-05 -2.88 -4.6
5.72e-05 -2.88 -4.4
5.74e-05 -2.88 -4.4
5.76e-05 -2.88 -4.4
5.78e-05 -2.88 -4.4
5.8e-05 -2.88 -4.4
5.82e-05 -2.8 -4.4
5.84e-05 -2.88 -4.4
5.86e-05 -2.88 -4.2
5.88e-05 -2.88 -4.4
5.9e-05 -2.8 -4.2
5.92e-05 -2.88 -4.2
5.94e-05 -2.8 -4.2
5.96e-05 -2.8 -4.2
5.98e-05 -2.8 -4
6e-05 -2.88 -4
6.02e-05 -2.72 -4
6.04e-05 -2.72 -4
6.06e-05 -2.88 -4
6.08e-05 -2.8 -3.8
6.1e-05 -2.8 -3.8
6.12e-05 -2.8 -3.8
6.14e-05 -2.8 -3.8
6.16e-05 -2.8 -3.6
6.18e-05 -2.88 -3.6
6.2e-05 -2.72 -3.6
6.22e-05 -2.72 -3.4
6.24e-05 -2.72 -3.4
6.26e-05 -2.72 -3.4
6.28e-05 -2.72 -3.4
6.3e-05 -2.72 -3.4
6.32e-05 -2.72 -3.4
6.34e-05 -2.8 -3.4
6.36e-05 -2.72 -3.2
6.38e-05 -2.72 -3.2
6.4e-05 -2.72 -3.2
6.42e-05 -2.72 -3.2
6.44e-05 -2.72 -3.2
6.46e-05 -2.72 -3.2
6.48e-05 -2.72 -3
6.5e-05 -2.72 -3
6.52e-05 -2.72 -3
6.54e-05 -2.64 -2.8
6.56e-05 -2.64 -2.8
6.58e-05 -2.64 -2.8
6.6e-05 -2.72 -2.8
6.62e-05 -2.64 -2.8
6.64e-05 -2.64 -2.6
6.66e-05 -2.64 -2.6
6.68e-05 -2.64 -2.6
6.7e-05 -2.64 -2.6
6.72e-05 -2.64 -2.4
6.74e-05 -2.64 -2.4
6.76e-05 -2.56 -2.4
6.78e-05 -2.64 -2.4
6.8e-05 -2.56 -2.6
6.82e-05 -2.56 -2.4
6.84e-05 -2.56 -2.4
6.86e-05 -2.56 -2.4
6.88e-05 -2.56 -2.2
6.9e-05 -2.56 -2.2
6.92e-05 -2.56 -2
6.94e-05 -2.48 -2
6.96e-05 -2.56 -2.2
6.98e-05 -2.48 -2
7e-05 -2.4 -2
7.02e-05 -2.4 -1.8
7.04e-05 -2.4 -1.6
7.06e-05 -2.4 -1.6
7.08e-05 -2.4 -1.6
7.1e-05 -2.4 -1.6
7.12e-05 -2.4 -1.6
7.14e-05 -2.4 -1.6
7.16e-05 -2.4 -1.6
7.18e-05 -2.4 -1.6
7.2e-05 -2.4 -1.4
7.22e-05 -2.32 -1.4
7.24e-05 -2.32 -1.4
7.26e-05 -2.32 -1.2
7.28e-05 -2.32 -1.4
7.3e-05 -2.32 -1.4
7.32e-05 -2.32 -1.2
7.34e-05 -2.24 -1.2
7.36e-05 -2.24 -1
7.38e-05 -2.24 -0.8
7.4e-05 -2.24 -1
7.42e-05 -2.24 -1
7.44e-05 -2.24 -0.8
7.46e-05 -2.24 -0.8
7.48e-05 -2.24 -0.8
7.5e-05 -2.08 -0.8
7.52e-05 -2.08 -0.6
7.54e-05 -2.08 -0.6
7.56e-05 -2.08 -0.6
7.58e-05 -2.08 -0.6
7.6e-05 -2.08 -0.6
7.62e-05 -2 -0.6
7.64e-05 -2 -0.4
7.66e-05 -2 -0.4
7.68e-05 -2 0
7.7e-05 -2 0
7.72e-05 -2 0
7.74e-05 -2 0
7.76e-05 -2 0
7.78e-05 -1.92 0.2
7.8e-05 -1.92 0
7.82e-05 -1.92 0
7.84e-05 -1.92 0.2
7.86e-05 -1.84 0.2
7.88e-05 -1.92 0.4
7.9e-05 -1.84 0.4
7.92e-05 -1.76 0.4
7.94e-05 -1.76 0.4
7.96e-05 -1.76 0.4
7.98e-05 -1.76 0.6
8e-05 -1.76 0.4
8.02e-05 -1.76 0.6
8.04e-05 -1.68 1
8.06e-05 -1.76 0.8
8.08e-05 -1.68 0.8
8.1e-05 -1.68 0.8
8.12e-05 -1.68 0.8
8.14e-05 -1.6 0.8
8.16e-05 -1.6 1
8.18e-05 -1.6 1
8.2e-05 -1.6 1
8.22e-05 -1.44 1.2
8.24e-05 -1.52 1.2
8.26e-05 -1.52 1
8.28e-05 -1.44 1.2
8.3e-05 -1.44 1.2
8.32e-05 -1.44 1.2
8.34e-05 -1.44 1.2
8.36e-05 -1.44 1.6
8.38e-05 -1.36 1.6
8.4e-05 -1.36 1.6
8.42e-05 -1.36 1.6
8.44e-05 -1.36 1.6
8.46e-05 -1.28 1.6
8.48e-05 -1.28 1.8
8.5e-05 -1.28 1.8
8.52e-05 -1.28 1.8
8.54e-05 -1.28 1.8
8.56e-05 -1.2 1.8
8.58e-05 -1.2 1.8
8.6e-05 -1.12 1.8
8.62e-05 -1.12 2
8.64e-05 -1.12 2
8.66e-05 -1.12 2
8.68e-05 -1.12 2.2
8.7e-05 -1.12 2.2
8.72e-05 -1.12 2.4
8.74e-05 -1.04 2.4
8.76e-05 -1.04 2.4
8.78e-05 -1.04 2.4
8.8e-05 -0.96 2.4
8.82e-05 -0.96 2.4
8.84e-05 -0.96 2.4
8.86e-05 -0.96 2.4
8.88e-05 -0.96 2.6
8.9e-05 -0.8 2.6
8.92e-05 -0.8 2.6
8.94e-05 -0.8 2.6
8.96e-05 -0.8 2.6
8.98e-05 -0.72 2.8
9e-05 -0.72 2.6
9.02e-05 -0.72 2.8
9.04e-05 -0.72 2.8
9.06e-05 -0.72 2.8
9.08e-05 -0.64 3
9.1e-05 -0.64 3
9.12e-05 -0.64 3
9.14e-05 -0.56 3.2
9.16e-05 -0.64 3
9.18e-05 -0.48 3.2
9.2e-05 -0.48 3.2
9.22e-05 -0.48 3.2
9.24e-05 -0.48 3.2
9.26e-05 -0.48 3.4
9.28e-05 -0.4 3.4
9.3e-05 -0.4 3.2
9.32e-05 -0.4 3.2
9.34e-05 -0.4 3.4
9.36e-05 -0.4 3.4
9.38e-05 -0.32 3.6
9.4e-05 -0.32 3.6
9.42e-05 -0.32 3.6
9.44e-05 -0.24 3.6
9.46e-05 -0.16 3.6
9.48e-05 -0.32 3.6
9.5e-05 -0.16 3.6
9.52e-05 -0.16 3.6
9.54e-05 -0.16 3.8
9.56e-05 -0.16 3.8
9.58e-05 0 3.8
9.6e-05 0 3.8
9.62e-05 0 4
9.64e-05 0 4
9.66e-05 0 4
9.68e-05 0.08 4
9.7e-05 0.08 4
9.72e-05 0.08 4
9.74e-05 0.16 4
9.76e-05 0.24 4
9.78e-05 0.08 4
9.8e-05 0.24 4
9.82e-05 0.24 4
9.84e-05 0.24 4.2
9.86e-05 0.24 4.2
9.88e-05 0.32 4.2
9.9e-05 0.32 4.4
9.92e-05 0.32 4.4
9.94e-05 0.32 4.4
9.96e-05 0.4 4.4
9.98e-05 0.4 4.4
0.0001 0.4 4.4
0.0001002 0.48 4.4
0.0001004 0.4 4.4
0.0001006 0.48 4.4
0.0001008 0.56 4.4
0.000101 0.56 4.6
0.0001012 0.56 4.4
0.0001014 0.56 4.8
0.0001016 0.56 4.6
0.0001018 0.64 4.8
0.000102 0.64 4.8
0.0001022 0.64 4.6
0.0001024 0.72 4.8
0.0001026 0.64 4.6
0.0001028 0.72 4.8
0.000103 0.72 4.8
0.0001032 0.72 4.8
0.0001034 0.72 4.8
0.0001036 0.8 5
0.0001038 0.88 4.8
0.000104 0.88 5
0.0001042 0.88 5
0.0001044 0.88 5
0.0001046 0.96 5
0.0001048 0.88 5.2
0.000105 0.96 5.2
0.0001052 0.96 5
0.0001054 0.96 5
0.0001056 1.04 5
0.0001058 1.04 5
0.000106 1.04 5
0.0001062 1.04 5.2
0.0001064 1.12 5.2
0.0001066 1.2 5.2
0.0001068 1.12 5.4
0.000107 1.2 5.2
0.0001072 1.2 5.2
0.0001074 1.2 5.2
0.0001076 1.2 5.2
0.0001078 1.2 5.2
0.000108 1.28 5.4
0.0001082 1.2 5.2
0.0001084 1.28 5.2
0.0001086 1.28 5.2
0.0001088 1.28 5.4
0.000109 1.36 5.2
0.0001092 1.36 5.4
0.0001094 1.36 5.4
0.0001096 1.44 5.4
0.0001098 1.36 5.4
0.00011 1.52 5.4
0.0001102 1.44 5.6
0.0001104 1.52 5.4
0.0001106 1.52 5.4
0.0001108 1.52 5.6
0.000111 1.52 5.4
0.0001112 1.52 5.6
0.0001114 1.52 5.6
0.0001116 1.6 5.6
0.0001118 1.6 5.6
0.000112 1.6 5.6
0.0001122 1.6 5.4
0.0001124 1.6 5.4
0.0001126 1.68 5.4
0.0001128 1.68 5.4
0.000113 1.68 5.6
0.0001132 1.76 5.6
0.0001134 1.76 5.6
0.0001136 1.84 5.4
0.0001138 1.76 5.4
0.000114 1.84 5.6
0.0001142 1.84 5.6
0.0001144 1.84 5.6
0.0001146 1.84 5.6
0.0001148 1.84 5.6
0.000115 1.84 5.6
0.0001152 1.84 5.6
0.0001154 1.92 5.4
0.0001156 1.92 5.4
0.0001158 1.92 5.4
0.000116 2 5.4
0.0001162 1.92 5.4
0.0001164 2 5.6
0.0001166 2 5.4
0.0001168 2 5.6
0.000117 2 5.4
0.0001172 2 5.2
0.0001174 2 5.4
0.0001176 2 5.2
0.0001178 2.08 5.4
0.000118 2.16 5.4
0.0001182 2.16 5.4
0.0001184 2.16 5.6
0.0001186 2.16 5.4
0.0001188 2.16 5.2
0.000119 2.16 5.4
0.0001192 2.16 5.4
0.0001194 2.16 5.4
0.0001196 2.16 5.4
0.0001198 2.24 5.4
0.00012 2.24 5.4
0.0001202 2.24 5.4
0.0001204 2.24 5.4
0.0001206 2.24 5.2
0.0001208 2.24 5.2
0.000121 2.32 5.2
0.0001212 2.32 5.2
0.0001214 2.32 5.4
0.0001216 2.32 5.4
0.0001218 2.32 5.4
0.000122 2.32 5.4
0.0001222 2.32 5
0.0001224 2.32 5
0.0001226 2.32 5
0.0001228 2.32 5
0.000123 2.32 5.2
0.0001232 2.4 5
0.0001234 2.4 5.2
0.0001236 2.4 5.2
0.0001238 2.48 5
0.000124 2.48 5.2
0.0001242 2.48 5.2
0.0001244 2.48 5
0.0001246 2.48 5
0.0001248 2.48 5
0.000125 2.48 5
0.0001252 2.48 5
0.0001254 2.48 4.8
0.0001256 2.48 4.8
0.0001258 2.48 4.8
0.000126 2.48 4.8
0.0001262 2.48 4.8
0.0001264 2.48 4.8
0.0001266 2.56 4.8
0.0001268 2.56 4.8
0.000127 2.48 4.8
0.0001272 2.48 4.6
0.0001274 2.56 4.6
0.0001276 2.56 4.6
0.0001278 2.56 4.6
0.000128 2.56 4.8
0.0001282 2.56 4.6
0.0001284 2.56 4.4
0.0001286 2.56 4.4
0.0001288 2.64 4.6
0.000129 2.64 4.4
0.0001292 2.56 4.2
0.0001294 2.64 4.2
0.0001296 2.56 4.4
0.0001298 2.64 4.4
0.00013 2.56 4.2
0.0001302 2.64 4.2
0.0001304 2.64 4
0.0001306 2.64 4.2
0.0001308 2.64 4
0.000131 2.64 4.2
0.0001312 2.64 4
0.0001314 2.64 4.2
0.0001316 2.64 4.2
0.0001318 2.64 4.2
0.000132 2.64 4
0.0001322 2.64 4
0.0001324 2.64 4
0.0001326 2.72 4
0.0001328 2.64 3.8
0.000133 2.64 4
0.0001332 2.64 4
0.0001334 2.64 3.8
0.0001336 2.64 3.8
0.0001338 2.64 3.6
0.000134 2.64 3.6
0.0001342 2.64 3.6
0.0001344 2.64 3.6
0.0001346 2.64 3.6
0.0001348 2.64 3.6
0.000135 2.64 3.6
0.0001352 2.64 3.4
0.0001354 2.64 3.4
0.0001356 2.64 3.4
0.0001358 2.64 3.4
0.000136 2.64 3.4
0.0001362 2.64 3.4
0.0001364 2.56 3.4
0.0001366 2.64 3.2
0.0001368 2.64 3.2
0.000137 2.56 3.2
0.0001372 2.64 3.2
0.0001374 2.64 3.2
0.0001376 2.64 3
0.0001378 2.56 3
0.000138 2.64 3.2
0.0001382 2.64 3
0.0001384 2.64 3
0.0001386 2.56 2.8
0.0001388 2.56 2.8
0.000139 2.56 2.8
0.0001392 2.64 2.6
0.0001394 2.56 2.6
0.0001396 2.56 2.6
0.0001398 2.56 2.6
0.00014 2.56 2.6
0.0001402 2.56 2.6
0.0001404 2.48 2.4
0.0001406 2.56 2.4
0.0001408 2.48 2.4
0.000141 2.56 2.4
0.0001412 2.56 2.4
0.0001414 2.56 2.4
0.0001416 2.48 2.2
0.0001418 2.48 2.2
0.000142 2.48 2.4
0.0001422 2.48 2
0.0001424 2.48 2.2
0.0001426 2.48 2.2
0.0001428 2.48 2
0.000143 2.48 2
0.0001432 2.48 2
0.0001434 2.48 1.8
0.0001436 2.48 1.8
0.0001438 2.48 1.8
0.000144 2.48 1.8
0.0001442 2.48 1.6
0.0001444 2.48 1.8
0.0001446 2.48 1.6
0.0001448 2.48 1.6
0.000145 2.4 1.6
0.0001452 2.48 1.2
0.0001454 2.32 1.4
0.0001456 2.32 1.4
0.0001458 2.32 1.4
0.000146 2.32 1.4
0.0001462 2.32 1.2
0.0001464 2.32 1.2
0.0001466 2.24 1
0.0001468 2.32 1.2
0.000147 2.32 1
0.0001472 2.32 1
0.0001474 2.24 1
0.0001476 2.24 1
0.0001478 2.16 1
0.000148 2.24 0.8
0.0001482 2.24 0.8
0.0001484 2.24 0.8
0.0001486 2.16 0.8
0.0001488 2.16 0.8
0.000149 2.16 0.8
0.0001492 2.16 0.8
0.0001494 2.16 0.4
0.0001496 2.16 0.4
0.0001498 2.16 0.4
0.00015 2.16 0.4
0.0001502 2.16 0.2
0.0001504 2.16 0.4
0.0001506 2 0.2
0.0001508 2 0.2
0.000151 2 0.2
0.0001512 2.08 0.2
0.0001514 2 0
0.0001516 2 0
0.0001518 2 0
0.000152 2 0
0.0001522 1.92 0
0.0001524 1.92 -0.4
0.0001526 1.92 0
0.0001528 1.92 -0.4
0.000153 1.92 -0.4
0.0001532 1.92 -0.4
0.0001534 1.92 -0.6
0.0001536 1.84 -0.6
0.0001538 1.84 -0.6
0.000154 1.84 -0.6
0.0001542 1.84 -0.8
0.0001544 1.84 -0.8
0.0001546 1.76 -0.8
0.0001548 1.76 -1
0.000155 1.68 -1
0.0001552 1.68 -1
0.0001554 1.68 -1
0.0001556 1.68 -1
0.0001558 1.68 -1
0.000156 1.6 -1
0.0001562 1.6 -1.2
0.0001564 1.6 -1.4
0.0001566 1.6 -1.2
0.0001568 1.6 -1.4
0.000157 1.6 -1.4
0.0001572 1.6 -1.4
0.0001574 1.52 -1.6
0.0001576 1.52 -1.6
0.0001578 1.52 -1.6
0.000158 1.52 -1.8
0.0001582 1.44 -1.8
0.0001584 1.44 -1.8
0.0001586 1.36 -1.8
0.0001588 1.36 -1.8
0.000159 1.36 -1.8
0.0001592 1.36 -1.8
0.0001594 1.36 -1.8
0.0001596 1.36 -2.2
0.0001598 1.28 -2.2
0.00016 1.28 -2.2
0.0001602 1.28 -2.2
0.0001604 1.28 -2.2
0.0001606 1.28 -2.2
0.0001608 1.28 -2.2
0.000161 1.2 -2.2
0.0001612 1.2 -2.4
0.0001614 1.2 -2.4
0.0001616 1.2 -2.4
0.0001618 1.2 -2.6
0.000162 1.04 -2.4
0.0001622 1.12 -2.6
0.0001624 1.04 -2.6
0.0001626 1.04 -2.6
0.0001628 1.04 -2.6
0.000163 0.96 -2.8
0.0001632 0.96 -2.8
0.0001634 0.96 -2.8
0.0001636 0.96 -3
0.0001638 0.96 -2.8
0.000164 0.88 -3
0.0001642 0.88 -3
0.0001644 0.88 -3.2
0.0001646 0.88 -3.2
0.0001648 0.88 -3.2
0.000165 0.8 -3.4
0.0001652 0.72 -3.4
0.0001654 0.72 -3.2
0.0001656 0.72 -3.4
0.0001658 0.72 -3.2
0.000166 0.72 -3.4
0.0001662 0.64 -3.4
0.0001664 0.64 -3.6
0.0001666 0.64 -3.6
0.0001668 0.56 -3.6
0.000167 0.56 -3.6
0.0001672 0.56 -3.6
0.0001674 0.56 -3.8
0.0001676 0.56 -3.6
0.0001678 0.48 -3.8
0.000168 0.4 -4
0.0001682 0.48 -3.8
0.0001684 0.4 -4
0.0001686 0.4 -4
0.0001688 0.4 -3.8
0.000169 0.4 -4
0.0001692 0.32 -4
0.0001694 0.32 -4
0.0001696 0.32 -4.2
0.0001698 0.24 -4.2
0.00017 0.24 -4.2
0.0001702 0.24 -4.2
0.0001704 0.24 -4.2
0.0001706 0.24 -4.2
0.0001708 0.24 -4.2
0.000171 0.08 -4.2
0.0001712 0.08 -4.4
0.0001714 0.08 -4.4
0.0001716 0.08 -4.6
0.0001718 0.08 -4.6
0.000172 0 -4.6
0.0001722 0 -4.4
0.0001724 0 -4.6
0.0001726 -0.16 -4.6
0.0001728 -0.16 -4.8
0.000173 -0.16 -4.6
0.0001732 -0.16 -4.6
0.0001734 -0.16 -4.8
0.0001736 -0.24 -4.8
0.0001738 -0.24 -4.6
0.000174 -0.24 -4.8
0.0001742 -0.32 -4.8
0.0001744 -0.32 -5
0.0001746 -0.32 -5
0.0001748 -0.32 -5
0.000175 -0.4 -5
0.0001752 -0.4 -5
0.0001754 -0.4 -5
0.0001756 -0.4 -5
0.0001758 -0.48 -5
0.000176 -0.48 -5
0.0001762 -0.48 -5.2
0.0001764 -0.48 -5.2
0.0001766 -0.56 -5.2
0.0001768 -0.56 -5.2
0.000177 -0.64 -5.2
0.0001772 -0.64 -5
0.0001774 -0.64 -5.4
0.0001776 -0.64 -5.4
0.0001778 -0.72 -5.4
0.000178 -0.72 -5.6
0.0001782 -0.72 -5.4
0.0001784 -0.72 -5.4
0.0001786 -0.72 -5.6
0.0001788 -0.8 -5.4
0.000179 -0.8 -5.4
0.0001792 -0.8 -5.6
0.0001794 -0.88 -5.6
0.0001796 -0.88 -5.6
0.0001798 -0.96 -5.8
0.00018 -0.96 -5.8
0.0001802 -0.96 -5.8
0.0001804 -0.96 -5.6
0.0001806 -1.04 -5.6
0.0001808 -1.04 -5.8
0.000181 -1.04 -5.6
0.0001812 -1.12 -5.8
0.0001814 -1.04 -5.8
0.0001816 -1.12 -5.8
0.0001818 -1.12 -5.8
0.000182 -1.12 -5.8
0.0001822 -1.12 -5.8
0.0001824 -1.2 -5.8
0.0001826 -1.2 -5.8
0.0001828 -1.2 -5.8
0.000183 -1.28 -6
0.0001832 -1.28 -6
0.0001834 -1.28 -6.2
0.0001836 -1.28 -6
0.0001838 -1.36 -6
0.000184 -1.36 -6.2
0.0001842 -1.36 -6
0.0001844 -1.44 -6
0.0001846 -1.44 -6.2
0.0001848 -1.44 -6.2
0.000185 -1.44 -6.2
0.0001852 -1.44 -6
0.0001854 -1.44 -6
0.0001856 -1.44 -6
0.0001858 -1.44 -6.2
0.000186 -1.52 -6.2
0.0001862 -1.44 -6.2
0.0001864 -1.6 -6.2
0.0001866 -1.6 -6.2
0.0001868 -1.6 -6.2
0.000187 -1.68 -6.2
0.0001872 -1.68 -6
0.0001874 -1.68 -6.2
0.0001876 -1.68 -6.2
0.0001878 -1.68 -6.2
0.000188 -1.68 -6.2
0.0001882 -1.76 -6.2
0.0001884 -1.76 -6.2
0.0001886 -1.76 -6.2
0.0001888 -1.76 -6.2
0.000189 -1.76 -6.2
0.0001892 -1.84 -6.2
0.0001894 -1.76 -6.4
0.0001896 -1.84 -6.4
0.0001898 -1.84 -6.2
0.00019 -1.92 -6.4
0.0001902 -1.92 -6.2
0.0001904 -1.92 -6.2
0.0001906 -1.92 -6.2
0.0001908 -2 -6.4
0.000191 -2 -6.4
0.0001912 -2 -6.2
0.0001914 -2 -6.4
0.0001916 -2 -6.2
0.0001918 -2 -6.4
0.000192 -2 -6.4
0.0001922 -2.08 -6.2
0.0001924 -2.08 -6.4
0.0001926 -2.08 -6.4
0.0001928 -2.08 -6.2
0.000193 -2.08 -6.4
0.0001932 -2.08 -6.2
0.0001934 -2.16 -6.2
0.0001936 -2.08 -6.2
0.0001938 -2.24 -6.2
0.000194 -2.16 -6.2
0.0001942 -2.24 -6.4
0.0001944 -2.24 -6.2
0.0001946 -2.24 -6.2
0.0001948 -2.32 -6.2
0.000195 -2.24 -6.4
0.0001952 -2.24 -6
0.0001954 -2.32 -6.2
0.0001956 -2.32 -6.2
0.0001958 -2.32 -6.2
0.000196 -2.4 -6.2
0.0001962 -2.32 -6.2
0.0001964 -2.32 -6.4
0.0001966 -2.4 -6.2
0.0001968 -2.32 -6
0.000197 -2.4 -6.2
0.0001972 -2.4 -6.2
0.0001974 -2.4 -6
0.0001976 -2.4 -6.2
0.0001978 -2.4 -6
0.000198 -2.4 -6
0.0001982 -2.4 -6
0.0001984 -2.4 -6
0.0001986 -2.48 -6
0.0001988 -2.48 -5.8
0.000199 -2.48 -6
0.0001992 -2.56 -5.8
0.0001994 -2.4 -6
0.0001996 -2.56 -5.8
0.0001998 -2.56 -5.8
0.0002 -2.56 -5.8
0.0002002 -2.56 -5.8
0.0002004 -2.56 -5.8
0.0002006 -2.64 -5.8
0.0002008 -2.56 -5.8
0.000201 -2.56 -5.8
0.0002012 -2.56 -5.8
0.0002014 -2.64 -5.8
0.0002016 -2.64 -5.8
0.0002018 -2.64 -5.6
0.000202 -2.64 -5.8
0.0002022 -2.64 -5.8
0.0002024 -2.72 -5.6
0.0002026 -2.72 -5.6
0.0002028 -2.64 -5.6
0.000203 -2.64 -5.4
0.0002032 -2.72 -5.6
0.0002034 -2.64 -5.6
0.0002036 -2.72 -5.6
0.0002038 -2.72 -5.6
0.000204 -2.72 -5.4
0.0002042 -2.72 -5.6
0.0002044 -2.72 -5.6
0.0002046 -2.72 -5.4
0.0002048 -2.72 -5.4
0.000205 -2.72 -5.4
0.0002052 -2.72 -5.2
0.0002054 -2.72 -5.2
0.0002056 -2.72 -5.4
0.0002058 -2.72 -5.4
0.000206 -2.72 -5.4
0.0002062 -2.72 -5.2
0.0002064 -2.8 -5.2
0.0002066 -2.72 -5.2
0.0002068 -2.8 -5
0.000207 -2.8 -5.2
0.0002072 -2.72 -5.2
0.0002074 -2.88 -5
0.0002076 -2.88 -5
0.0002078 -2.72 -4.8
0.000208 -2.8 -4.8
0.0002082 -2.8 -4.8
0.0002084 -2.88 -5
0.0002086 -2.8 -5
0.0002088 -2.88 -5
0.000209 -2.88 -4.8
0.0002092 -2.8 -4.8
0.0002094 -2.8 -4.8
0.0002096 -2.8 -4.8
0.0002098 -2.8 -4.6
0.00021 -2.88 -4.6
0.0002102 -2.88 -4.6
0.0002104 -2.8 -4.6
0.0002106 -2.88 -4.8
0.0002108 -2.8 -4.6
0.000211 -2.8 -4.6
0.0002112 -2.8 -4.4
0.0002114 -2.88 -4.4
0.0002116 -2.88 -4.4
0.0002118 -2.8 -4.4
0.000212 -2.8 -4.4
0.0002122 -2.88 -4.4
0.0002124 -2.88 -4.2
0.0002126 -2.88 -4.2
0.0002128 -2.88 -4.2
0.000213 -2.8 -4
0.0002132 -2.72 -4.2
0.0002134 -2.88 -4.2
0.0002136 -2.72 -4.2
0.0002138 -2.88 -4.2
0.000214 -2.8 -4.2
0.0002142 -2.8 -4
0.0002144 -2.72 -4
0.0002146 -2.8 -4
0.0002148 -2.8 -3.8
0.000215 -2.72 -3.8
0.0002152 -2.8 -3.6
0.0002154 -2.72 -3.6
0.0002156 -2.72 -3.8
0.0002158 -2.72 -3.6
0.000216 -2.72 -3.8
0.0002162 -2.8 -3.6
0.0002164 -2.72 -3.4
0.0002166 -2.72 -3.4
0.0002168 -2.72 -3.4
0.000217 -2.72 -3.4
0.0002172 -2.72 -3.4
0.0002174 -2.72 -3.4
0.0002176 -2.72 -3.4
0.0002178 -2.72 -3.2
0.000218 -2.72 -3.2
0.0002182 -2.64 -3
0.0002184 -2.72 -3.2
0.0002186 -2.72 -3.2
0.0002188 -2.72 -3
0.000219 -2.72 -3.2
0.0002192 -2.64 -3
0.0002194 -2.64 -2.6
0.0002196 -2.72 -2.6
0.0002198 -2.64 -2.6
0.00022 -2.64 -2.6
0.0002202 -2.64 -2.6
0.0002204 -2.64 -2.8
0.0002206 -2.64 -2.8
0.0002208 -2.56 -2.6
0.000221 -2.56 -2.6
0.0002212 -2.56 -2.6
0.0002214 -2.56 -2.4
0.0002216 -2.56 -2.4
0.0002218 -2.56 -2.4
0.000222 -2.56 -2.4
0.0002222 -2.56 -2.4
0.0002224 -2.48 -2.2
0.0002226 -2.56 -2.2
0.0002228 -2.4 -2.4
0.000223 -2.48 -2
0.0002232 -2.48 -2
0.0002234 -2.4 -2
0.0002236 -2.48 -1.8
0.0002238 -2.4 -2
0.000224 -2.4 -2
0.0002242 -2.4 -1.8
0.0002244 -2.4 -1.8
0.0002246 -2.4 -1.6
0.0002248 -2.4 -1.6
0.000225 -2.4 -1.6
0.0002252 -2.4 -1.4
0.0002254 -2.4 -1.6
0.0002256 -2.32 -1.6
0.0002258 -2.32 -1.4
0.000226 -2.32 -1.4
0.0002262 -2.32 -1.4
0.0002264 -2.32 -1.2
0.0002266 -2.32 -1.4
0.0002268 -2.24 -1.2
0.000227 -2.24 -1.2
0.0002272 -2.24 -1
0.0002274 -2.24 -1.2
0.0002276 -2.24 -1
0.0002278 -2.24 -1
0.000228 -2.16 -1
0.0002282 -2.16 -0.8
0.0002284 -2.16 -0.8
0.0002286 -2.08 -1
0.0002288 -2.08 -0.8
0.000229 -2.08 -0.8
0.0002292 -2.16 -0.6
0.0002294 -2.08 -0.6
0.0002296 -2.08 -0.4
0.0002298 -2.08 0
0.00023 -2.08 -0.4
0.0002302 -2 -0.4
0.0002304 -2 -0.4
0.0002306 -2 -0.4
0.0002308 -2.08 0
0.000231 -2 0
0.0002312 -2 0
0.0002314 -2 0.2
0.0002316 -1.92 0.2
0.0002318 -2 0.2
0.000232 -1.92 0.2
0.0002322 -1.92 0
0.0002324 -1.84 0.4
0.0002326 -1.84 0.2
0.0002328 -1.84 0.4
0.000233 -1.76 0.4
0.0002332 -1.84 0.4
0.0002334 -1.76 0.4
0.0002336 -1.76 0.4
0.0002338 -1.76 0.6
0.000234 -1.76 0.6
0.0002342 -1.76 0.6
0.0002344 -1.76 0.8
0.0002346 -1.6 0.8
0.0002348 -1.68 0.8
0.000235 -1.68 0.8
0.0002352 -1.6 0.8
0.0002354 -1.6 0.8
0.0002356 -1.6 1
0.0002358 -1.6 1
0.000236 -1.6 1
0.0002362 -1.52 1
0.0002364 -1.52 1.2
0.0002366 -1.44 1.2
0.0002368 -1.44 1.2
0.000237 -1.44 1.2
0.0002372 -1.44 1.2
0.0002374 -1.44 1.4
0.0002376 -1.44 1.4
0.0002378 -1.36 1.6
0.000238 -1.36 1.6
0.0002382 -1.36 1.6
0.0002384 -1.28 1.6
0.0002386 -1.36 1.6
0.0002388 -1.28 1.8
0.000239 -1.28 1.8
0.0002392 -1.28 1.8
0.0002394 -1.28 1.8
0.0002396 -1.28 1.8
0.0002398 -1.12 2
0.00024 -1.12 2
0.0002402 -1.12 2
0.0002404 -1.12 2
0.0002406 -1.12 2
0.0002408 -1.04 2
0.000241 -1.12 2.2
0.0002412 -1.04 2.2
0.0002414 -1.04 2.4
0.0002416 -1.04 2.2
0.0002418 -0.96 2.4
0.000242 -0.96 2.4
0.0002422 -0.96 2.4
0.0002424 -0.96 2.6
0.0002426 -0.96 2.6
0.0002428 -0.88 2.6
0.000243 -0.8 2.6
0.0002432 -0.8 2.6
0.0002434 -0.8 2.6
0.0002436 -0.8 2.6
0.0002438 -0.72 2.8
0.000244 -0.72 2.8
0.0002442 -0.64 2.8
0.0002444 -0.64 3
0.0002446 -0.64 2.8
0.0002448 -0.64 3
0.000245 -0.64 3
0.0002452 -0.64 3
0.0002454 -0.64 3.2
0.0002456 -0.48 3.2
0.0002458 -0.48 3.2
0.000246 -0.48 3.2
0.0002462 -0.48 3.2
0.0002464 -0.48 3.2
0.0002466 -0.48 3.2
0.0002468 -0.4 3.4
0.000247 -0.4 3.4
0.0002472 -0.4 3.4
0.0002474 -0.4 3.4
0.0002476 -0.32 3.4
0.0002478 -0.32 3.4
0.000248 -0.32 3.4
0.0002482 -0.32 3.4
0.0002484 -0.32 3.6
0.0002486 -0.24 3.4
0.0002488 -0.16 3.8
0.000249 -0.16 3.8
0.0002492 -0.16 3.8
0.0002494 -0.16 4
0.0002496 -0.16 3.8
0.0002498 0 3.6
0.00025 0 4
0.0002502 0 4
0.0002504 0 4
0.0002506 0 4
0.0002508 0.08 4
0.000251 0.08 4
0.0002512 0.08 4
0.0002514 0.16 4
0.0002516 0.24 4
0.0002518 0.16 4
0.000252 0.24 4.2
0.0002522 0.24 4.2
0.0002524 0.24 4.2
0.0002526 0.24 4.2
0.0002528 0.32 4.4
0.000253 0.32 4.2
0.0002532 0.4 4.2
0.0002534 0.32 4.4
0.0002536 0.4 4.4
0.0002538 0.4 4.6
0.000254 0.4 4.6
0.0002542 0.4 4.6
0.0002544 0.48 4.6
0.0002546 0.48 4.6
0.0002548 0.56 4.4
0.000255 0.56 4.4
0.0002552 0.56 4.6
0.0002554 0.56 4.8
0.0002556 0.64 4.6
0.0002558 0.64 4.6
0.000256 0.64 4.8
0.0002562 0.72 4.8
0.0002564 0.64 4.6
0.0002566 0.72 4.8
0.0002568 0.72 4.8
0.000257 0.72 4.8
0.0002572 0.8 5
0.0002574 0.88 5
0.0002576 0.88 5
0.0002578 0.88 4.8
0.000258 0.88 4.8
0.0002582 0.88 4.8
0.0002584 0.88 4.8
0.0002586 0.96 5
0.0002588 0.96 5.2
0.000259 0.96 5.2
0.0002592 0.96 5.2
0.0002594 1.04 5.2
0.0002596 1.04 5
0.0002598 1.04 5
0.00026 1.04 5
0.0002602 1.2 5.2
0.0002604 1.04 5
0.0002606 1.12 5.2
0.0002608 1.2 5.2
0.000261 1.2 5.2
0.0002612 1.2 5.2
0.0002614 1.2 5.2
0.0002616 1.28 5.2
0.0002618 1.2 5.2
0.000262 1.28 5.2
0.0002622 1.28 5.4
0.0002624 1.28 5.4
0.0002626 1.36 5.4
0.0002628 1.28 5.2
0.000263 1.36 5.2
0.0002632 1.36 5.2
0.0002634 1.36 5.4
0.0002636 1.44 5.4
0.0002638 1.44 5.4
0.000264 1.52 5.6
0.0002642 1.44 5.4
0.0002644 1.52 5.6
0.0002646 1.52 5.4
0.0002648 1.52 5.4
0.000265 1.52 5.4
0.0002652 1.6 5.6
0.0002654 1.52 5.4
0.0002656 1.6 5.6
0.0002658 1.6 5.4
0.000266 1.6 5.4
0.0002662 1.68 5.6
0.0002664 1.6 5.4
0.0002666 1.68 5.4
0.0002668 1.68 5.6
0.000267 1.68 5.6
0.0002672 1.76 5.6
0.0002674 1.76 5.6
0.0002676 1.68 5.6
0.0002678 1.76 5.4
0.000268 1.84 5.6
0.0002682 1.84 5.2
0.0002684 1.92 5.4
0.0002686 1.84 5.6
0.0002688 1.84 5.4
0.000269 1.84 5.6
0.0002692 1.92 5.6
0.0002694 1.92 5.6
0.0002696 1.92 5.6
0.0002698 2 5.6
0.00027 2 5.6
0.0002702 1.92 5.4
0.0002704 2 5.4
0.0002706 2 5.6
0.0002708 2 5.6
0.000271 2 5.6
0.0002712 2.08 5.4
0.0002714 2 5.4
0.0002716 2 5.4
0.0002718 2.08 5.2
0.000272 2.16 5.6
0.0002722 2.16 5.6
0.0002724 2.16 5.6
0.0002726 2.16 5.6
0.0002728 2.16 5.4
0.000273 2.16 5.4
0.0002732 2.16 5.2
0.0002734 2.16 5.4
0.0002736 2.16 5.2
0.0002738 2.24 5.4
0.000274 2.24 5.4
0.0002742 2.24 5.6
0.0002744 2.24 5.4
0.0002746 2.24 5.2
0.0002748 2.32 5.2
0.000275 2.24 5.2
0.0002752 2.32 5
0.0002754 2.32 5.2
0.0002756 2.32 5.4
0.0002758 2.32 5.4
0.000276 2.32 5.2
0.0002762 2.32 5.2
0.0002764 2.32 5
0.0002766 2.32 5.2
0.0002768 2.4 5
0.000277 2.4 5
0.0002772 2.48 5
0.0002774 2.4 5.2
0.0002776 2.4 5
0.0002778 2.48 5
0.000278 2.48 5
0.0002782 2.48 5
0.0002784 2.48 5
0.0002786 2.48 5.2
0.0002788 2.48 5
0.000279 2.48 5
0.0002792 2.48 5
0.0002794 2.48 4.8
0.0002796 2.48 4.8
0.0002798 2.48 4.8
0.00028 2.48 5
0.0002802 2.56 4.6
0.0002804 2.56 4.8
0.0002806 2.48 4.8
0.0002808 2.56 4.8
0.000281 2.56 4.8
0.0002812 2.56 4.6
0.0002814 2.56 4.4
0.0002816 2.48 4.8
0.0002818 2.56 4.6
0.000282 2.56 4.6
0.0002822 2.56 4.6
0.0002824 2.56 4.6
0.0002826 2.56 4.4
0.0002828 2.64 4.2
0.000283 2.64 4.4
0.0002832 2.56 4.4
0.0002834 2.64 4.4
0.0002836 2.64 4.4
0.0002838 2.64 4.4
0.000284 2.64 4.4
0.0002842 2.64 4.2
0.0002844 2.64 4.4
0.0002846 2.64 4.2
0.0002848 2.64 4.2
0.000285 2.64 4.2
0.0002852 2.64 4.2
0.0002854 2.64 4.2
0.0002856 2.64 4.2
0.0002858 2.64 4.2
0.000286 2.64 4
0.0002862 2.64 4
0.0002864 2.64 4
0.0002866 2.64 4
0.0002868 2.64 4
0.000287 2.64 3.8
0.0002872 2.64 3.8
0.0002874 2.64 3.8
0.0002876 2.64 3.8
0.0002878 2.64 3.6
0.000288 2.64 3.6
0.0002882 2.64 3.6
0.0002884 2.64 3.6
0.0002886 2.64 3.6
0.0002888 2.64 3.4
0.000289 2.64 3.4
0.0002892 2.72 3.4
0.0002894 2.64 3.4
0.0002896 2.72 3.4
0.0002898 2.64 3.4
0.00029 2.64 3.4
0.0002902 2.64 3.2
0.0002904 2.72 3.2
0.0002906 2.56 3.4
0.0002908 2.64 3.2
0.000291 2.64 3.2
0.0002912 2.64 3.2
0.0002914 2.64 3.2
0.0002916 2.64 3
0.0002918 2.56 3
0.000292 2.64 3
0.0002922 2.56 3
0.0002924 2.64 2.8
0.0002926 2.64 3
0.0002928 2.56 2.6
0.000293 2.56 2.8
0.0002932 2.56 2.8
0.0002934 2.56 2.8
0.0002936 2.64 2.8
0.0002938 2.56 2.6
0.000294 2.56 2.6
0.0002942 2.56 2.6
0.0002944 2.56 2.4
0.0002946 2.56 2.6
0.0002948 2.56 2.4
0.000295 2.56 2.4
0.0002952 2.56 2.4
0.0002954 2.48 2.2
0.0002956 2.48 2.4
0.0002958 2.48 2.2
0.000296 2.56 2.2
0.0002962 2.56 2.2
0.0002964 2.48 2
0.0002966 2.48 2
0.0002968 2.48 2
0.000297 2.48 2
0.0002972 2.48 1.8
0.0002974 2.48 1.8
0.0002976 2.48 1.8
0.0002978 2.48 1.8
0.000298 2.4 1.6
0.0002982 2.48 1.8
0.0002984 2.48 1.6
0.0002986 2.48 1.8
0.0002988 2.4 1.4
0.000299 2.32 1.4
0.0002992 2.4 1.6
0.0002994 2.32 1.2
0.0002996 2.32 1.4
0.0002998 2.32 1.2
0.0003 2.32 1.2
0.0003002 2.32 1.2
0.0003004 2.32 1.2
0.0003006 2.24 1
0.0003008 2.32 1
0.000301 2.24 1
0.0003012 2.24 1
0.0003014 2.24 1
0.0003016 2.24 0.8
0.0003018 2.24 0.8
0.000302 2.24 0.8
0.0003022 2.24 0.6
0.0003024 2.24 0.6
0.0003026 2.24 0.6
0.0003028 2.24 0.8
0.000303 2.16 0.8
0.0003032 2.16 0.6
0.0003034 2.16 0.4
0.0003036 2.16 0.4
0.0003038 2.16 0.4
0.000304 2.08 0.4
0.0003042 2.16 0.2
0.0003044 2 0.2
0.0003046 2 0.2
0.0003048 2 0.2
0.000305 2 0
0.0003052 2 0.2
0.0003054 2 0
0.0003056 2 0
0.0003058 2 0
0.000306 2 -0.4
0.0003062 2 0
0.0003064 1.92 -0.4
0.0003066 1.92 -0.4
0.0003068 1.92 0
0.000307 1.92 -0.6
0.0003072 1.92 -0.6
0.0003074 1.84 -0.6
0.0003076 1.84 -0.6
0.0003078 1.84 -0.6
0.000308 1.76 -0.8
0.0003082 1.84 -0.8
0.0003084 1.84 -0.8
0.0003086 1.76 -0.8
0.0003088 1.76 -1
0.000309 1.76 -1
0.0003092 1.68 -1
0.0003094 1.68 -1.2
0.0003096 1.68 -1
0.0003098 1.68 -1
0.00031 1.6 -1.2
0.0003102 1.6 -1.2
0.0003104 1.68 -1.4
0.0003106 1.6 -1.6
0.0003108 1.6 -1.4
0.000311 1.52 -1.4
0.0003112 1.52 -1.6
0.0003114 1.52 -1.4
0.0003116 1.52 -1.4
0.0003118 1.52 -1.6
0.000312 1.52 -1.6
0.0003122 1.44 -1.8
0.0003124 1.52 -1.6
0.0003126 1.36 -1.8
0.0003128 1.36 -1.8
0.000313 1.44 -1.8
0.0003132 1.36 -1.8
0.0003134 1.36 -1.8
0.0003136 1.28 -2
0.0003138 1.28 -2.2
0.000314 1.28 -2.2
0.0003142 1.28 -2.2
0.0003144 1.28 -2.4
0.0003146 1.2 -2.2
0.0003148 1.2 -2.2
0.000315 1.2 -2.4
0.0003152 1.2 -2.2
0.0003154 1.2 -2.4
0.0003156 1.2 -2.6
0.0003158 1.04 -2.6
0.000316 1.04 -2.6
0.0003162 1.04 -2.6
0.0003164 1.04 -2.6
0.0003166 1.04 -2.6
0.0003168 1.04 -2.6
0.000317 1.04 -2.8
0.0003172 0.96 -3
0.0003174 0.96 -3
0.0003176 0.96 -3
0.0003178 0.88 -3
0.000318 0.88 -3
0.0003182 0.88 -3
0.0003184 0.88 -3
0.0003186 0.88 -3
0.0003188 0.88 -3.2
0.000319 0.72 -3.4
0.0003192 0.72 -3.2
0.0003194 0.8 -3.4
0.0003196 0.72 -3.4
0.0003198 0.72 -3.2
0.00032 0.72 -3.4
0.0003202 0.72 -3.4
0.0003204 0.64 -3.4
0.0003206 0.56 -3.8
0.0003208 0.56 -3.4
0.000321 0.56 -3.6
0.0003212 0.56 -3.6
0.0003214 0.56 -3.6
0.0003216 0.4 -3.8
0.0003218 0.48 -3.8
0.000322 0.4 -3.8
0.0003222 0.4 -3.8
0.0003224 0.4 -4
0.0003226 0.32 -4
0.0003228 0.32 -4
0.000323 0.32 -4
0.0003232 0.32 -3.8
0.0003234 0.32 -4
0.0003236 0.32 -4
0.0003238 0.32 -4.2
0.000324 0.24 -4.2
0.0003242 0.24 -4.2
0.0003244 0.24 -4.2
0.0003246 0.24 -4.2
0.0003248 0.24 -4.2
0.000325 0.08 -4.2
0.0003252 0.08 -4.4
0.0003254 0.08 -4.4
0.0003256 0.08 -4.6
0.0003258 0 -4.4
0.000326 0 -4.6
0.0003262 0 -4.6
0.0003264 -0.16 -4.6
0.0003266 -0.16 -4.6
0.0003268 -0.16 -4.6
0.000327 -0.16 -4.8
0.0003272 -0.16 -4.8
0.0003274 -0.16 -4.6
0.0003276 -0.24 -4.8
0.0003278 -0.32 -4.8
0.000328 -0.32 -4.8
0.0003282 -0.32 -4.8
0.0003284 -0.32 -5
0.0003286 -0.4 -5
0.0003288 -0.32 -4.8
0.000329 -0.4 -5
0.0003292 -0.4 -5
0.0003294 -0.4 -5
0.0003296 -0.48 -5
0.0003298 -0.48 -5.2
0.00033 -0.48 -5
0.0003302 -0.56 -5
0.0003304 -0.48 -5
0.0003306 -0.48 -5.4
0.0003308 -0.64 -5
0.000331 -0.64 -5.4
0.0003312 -0.64 -5.2
0.0003314 -0.72 -5.2
0.0003316 -0.72 -5.4
0.0003318 -0.72 -5.4
0.000332 -0.72 -5.4
0.0003322 -0.72 -5.6
0.0003324 -0.8 -5.6
0.0003326 -0.8 -5.4
0.0003328 -0.8 -5.4
0.000333 -0.8 -5.6
0.0003332 -0.88 -5.4
0.0003334 -0.88 -5.6
0.0003336 -0.96 -5.6
0.0003338 -0.96 -5.6
0.000334 -1.04 -5.6
0.0003342 -0.96 -5.6
0.0003344 -0.96 -5.8
0.0003346 -1.04 -5.6
0.0003348 -1.04 -5.6
0.000335 -1.12 -5.8
0.0003352 -1.12 -5.8
0.0003354 -1.04 -5.8
0.0003356 -1.12 -5.8
0.0003358 -1.12 -5.8
0.000336 -1.12 -5.8
0.0003362 -1.12 -5.8
0.0003364 -1.2 -5.8
0.0003366 -1.2 -5.8
0.0003368 -1.28 -5.8
0.000337 -1.2 -6
0.0003372 -1.28 -6
0.0003374 -1.28 -5.8
0.0003376 -1.28 -6
0.0003378 -1.28 -6
0.000338 -1.36 -5.8
0.0003382 -1.36 -5.8
0.0003384 -1.36 -6
0.0003386 -1.44 -6
0.0003388 -1.44 -6
0.000339 -1.44 -6
0.0003392 -1.44 -6
0.0003394 -1.44 -6
0.0003396 -1.44 -6.2
0.0003398 -1.52 -6.2
0.00034 -1.52 -6.2
0.0003402 -1.6 -6.2
0.0003404 -1.6 -6.2
0.0003406 -1.6 -6
0.0003408 -1.6 -6.2
0.000341 -1.6 -6.2
0.0003412 -1.68 -6.2
0.0003414 -1.68 -6.2
0.0003416 -1.68 -6.4
0.0003418 -1.76 -6.2
0.000342 -1.76 -6.2
0.0003422 -1.76 -6.2
0.0003424 -1.68 -6.2
0.0003426 -1.76 -6.2
0.0003428 -1.76 -6
0.000343 -1.76 -6.4
0.0003432 -1.76 -6.4
0.0003434 -1.92 -6.2
0.0003436 -1.84 -6.4
0.0003438 -1.92 -6.2
0.000344 -1.92 -6.4
0.0003442 -1.92 -6.4
0.0003444 -1.92 -6.4
0.0003446 -2 -6.4
0.0003448 -1.92 -6.2
0.000345 -1.92 -6.2
0.0003452 -2 -6.4
0.0003454 -2 -6.2
0.0003456 -2 -6.2
0.0003458 -2 -6.2
0.000346 -2.08 -6.2
0.0003462 -2.08 -6.2
0.0003464 -2.08 -6.4
0.0003466 -2.08 -6.4
0.0003468 -2.08 -6.4
0.000347 -2.08 -6.4
0.0003472 -2.16 -6.2
0.0003474 -2.08 -6.2
0.0003476 -2.24 -6.2
0.0003478 -2.24 -6.2
0.000348 -2.24 -6.2
0.0003482 -2.24 -6.2
0.0003484 -2.24 -6.2
0.0003486 -2.24 -6.4
0.0003488 -2.24 -6.2
0.000349 -2.24 -6.2
0.0003492 -2.32 -6.2
0.0003494 -2.32 -6.2
0.0003496 -2.32 -6.2
0.0003498 -2.32 -6.2
0.00035 -2.32 -6.4
0.0003502 -2.32 -6.4
0.0003504 -2.32 -6.2
0.0003506 -2.4 -6
0.0003508 -2.32 -6
0.000351 -2.4 -6
0.0003512 -2.4 -6
0.0003514 -2.4 -6.2
0.0003516 -2.4 -6.2
0.0003518 -2.4 -6.2
0.000352 -2.4 -6.2
0.0003522 -2.56 -5.8
0.0003524 -2.48 -5.8
0.0003526 -2.48 -6
0.0003528 -2.4 -5.8
0.000353 -2.56 -6
0.0003532 -2.56 -6
0.0003534 -2.56 -6
0.0003536 -2.56 -6.2
0.0003538 -2.56 -5.8
0.000354 -2.56 -5.8
0.0003542 -2.56 -5.8
0.0003544 -2.56 -5.8
0.0003546 -2.56 -5.8
0.0003548 -2.56 -5.8
0.000355 -2.56 -5.8
0.0003552 -2.56 -5.8
0.0003554 -2.64 -5.8
0.0003556 -2.56 -5.8
0.0003558 -2.64 -5.6
0.000356 -2.72 -5.6
0.0003562 -2.64 -5.8
0.0003564 -2.64 -5.8
0.0003566 -2.64 -5.8
0.0003568 -2.64 -5.6
0.000357 -2.72 -5.6
0.0003572 -2.72 -5.6
0.0003574 -2.72 -5.6
0.0003576 -2.72 -5.4
0.0003578 -2.72 -5.6
0.000358 -2.72 -5.4
0.0003582 -2.72 -5.6
0.0003584 -2.72 -5.6
0.0003586 -2.72 -5.6
0.0003588 -2.72 -5.4
0.000359 -2.72 -5.2
0.0003592 -2.72 -5.4
0.0003594 -2.72 -5.4
0.0003596 -2.8 -5.4
0.0003598 -2.8 -5.4
0.00036 -2.72 -5.4
0.0003602 -2.72 -5.4
0.0003604 -2.8 -5.4
0.0003606 -2.72 -5
0.0003608 -2.72 -5
0.000361 -2.72 -5
0.0003612 -2.88 -5
0.0003614 -2.72 -5.2
0.0003616 -2.88 -5.2
0.0003618 -2.8 -5
0.000362 -2.8 -5
0.0003622 -2.8 -4.8
0.0003624 -2.88 -4.8
0.0003626 -2.88 -4.8
0.0003628 -2.72 -5
0.000363 -2.88 -4.8
0.0003632 -2.88 -4.8
0.0003634 -2.8 -4.6
0.0003636 -2.8 -4.8
0.0003638 -2.72 -4.6
0.000364 -2.88 -4.6
0.0003642 -2.8 -4.6
0.0003644 -2.8 -4.4
0.0003646 -2.88 -4.6
0.0003648 -2.72 -4.6
0.000365 -2.88 -4.6
0.0003652 -2.8 -4.4
0.0003654 -2.88 -4.4
0.0003656 -2.72 -4.2
0.0003658 -2.88 -4.2
0.000366 -2.88 -4.4
0.0003662 -2.88 -4.2
0.0003664 -2.88 -4.2
0.0003666 -2.88 -4.2
0.0003668 -2.72 -4.2
0.000367 -2.8 -4.2
0.0003672 -2.8 -4
0.0003674 -2.72 -4
0.0003676 -2.8 -4
0.0003678 -2.88 -4
0.000368 -2.8 -4
0.0003682 -2.72 -4
0.0003684 -2.8 -4
0.0003686 -2.8 -4
0.0003688 -2.72 -3.8
0.000369 -2.8 -3.8
0.0003692 -2.72 -3.6
0.0003694 -2.72 -3.6
0.0003696 -2.8 -3.8
0.0003698 -2.72 -3.6
0.00037 -2.72 -3.6
0.0003702 -2.72 -3.4
0.0003704 -2.72 -3.4
0.0003706 -2.72 -3.4
0.0003708 -2.72 -3.2
0.000371 -2.72 -3.2
0.0003712 -2.72 -3.4
0.0003714 -2.72 -3.4
0.0003716 -2.72 -3.2
0.0003718 -2.72 -3.2
0.000372 -2.64 -3.2
0.0003722 -2.72 -3
0.0003724 -2.72 -3
0.0003726 -2.64 -3
0.0003728 -2.64 -3
0.000373 -2.64 -3
0.0003732 -2.64 -3
0.0003734 -2.72 -2.8
0.0003736 -2.64 -2.8
0.0003738 -2.64 -2.6
0.000374 -2.64 -2.6
0.0003742 -2.64 -2.6
0.0003744 -2.64 -2.6
0.0003746 -2.64 -2.6
0.0003748 -2.56 -2.6
0.000375 -2.64 -2.6
0.0003752 -2.56 -2.4
0.0003754 -2.56 -2.4
0.0003756 -2.56 -2.4
0.0003758 -2.48 -2.4
0.000376 -2.56 -2.2
0.0003762 -2.56 -2.4
0.0003764 -2.56 -2.2
0.0003766 -2.56 -2.2
0.0003768 -2.48 -2.2
0.000377 -2.48 -2
0.0003772 -2.4 -2
0.0003774 -2.48 -1.8
0.0003776 -2.4 -1.8
0.0003778 -2.4 -1.8
0.000378 -2.4 -1.8
0.0003782 -2.4 -1.8
0.0003784 -2.4 -1.6
0.0003786 -2.4 -1.8
0.0003788 -2.4 -1.6
0.000379 -2.4 -1.4
0.0003792 -2.4 -1.6
0.0003794 -2.32 -1.6
0.0003796 -2.4 -1.4
0.0003798 -2.4 -1.4
0.00038 -2.4 -1.4
0.0003802 -2.32 -1.4
0.0003804 -2.32 -1.2
0.0003806 -2.24 -1.2
0.0003808 -2.32 -1.2
0.000381 -2.32 -1
0.0003812 -2.24 -1
0.0003814 -2.24 -1
0.0003816 -2.24 -1
0.0003818 -2.24 -1
0.000382 -2.24 -0.8
0.0003822 -2.16 -0.8
0.0003824 -2.16 -0.6
0.0003826 -2.24 -0.8
0.0003828 -2.08 -0.8
0.000383 -2.08 -0.6
0.0003832 -2.08 -0.6
0.0003834 -2.08 -0.6
0.0003836 -2.08 -0.4
0.0003838 -2.08 -0.6
0.000384 -2 -0.4
0.0003842 -2.08 0
0.0003844 -2 0
0.0003846 -2 -0.4
0.0003848 -2 0
0.000385 -1.92 0
0.0003852 -2 0
0.0003854 -1.92 0
0.0003856 -1.92 0
0.0003858 -1.92 0.2
0.000386 -1.92 0.2
0.0003862 -1.84 0
0.0003864 -1.76 0.2
0.0003866 -1.92 0.4
0.0003868 -1.76 0.4
0.000387 -1.76 0.4
0.0003872 -1.76 0.4
0.0003874 -1.76 0.6
0.0003876 -1.76 0.4
0.0003878 -1.76 0.6
0.000388 -1.68 0.8
0.0003882 -1.76 0.8
0.0003884 -1.68 0.8
0.0003886 -1.68 0.8
0.0003888 -1.68 0.8
0.000389 -1.6 1
0.0003892 -1.6 1
0.0003894 -1.6 0.8
0.0003896 -1.6 1
0.0003898 -1.6 1
0.00039 -1.6 1.2
0.0003902 -1.44 1.2
0.0003904 -1.52 1.2
0.0003906 -1.44 1.2
0.0003908 -1.44 1.2
0.000391 -1.44 1.4
0.0003912 -1.44 1.4
0.0003914 -1.44 1.6
0.0003916 -1.44 1.6
0.0003918 -1.36 1.6
0.000392 -1.36 1.8
0.0003922 -1.36 1.6
0.0003924 -1.36 1.6
0.0003926 -1.28 1.8
0.0003928 -1.28 1.8
0.000393 -1.28 1.8
0.0003932 -1.28 2
0.0003934 -1.28 1.8
0.0003936 -1.12 2
0.0003938 -1.12 2
0.000394 -1.12 2
0.0003942 -1.12 2
0.0003944 -1.12 2
0.0003946 -1.12 2.2
0.0003948 -1.12 2.2
0.000395 -1.04 2.4
0.0003952 -1.04 2.4
0.0003954 -1.04 2.4
0.0003956 -0.96 2.4
0.0003958 -0.96 2.4
0.000396 -0.96 2.4
0.0003962 -0.88 2.4
0.0003964 -0.96 2.6
0.0003966 -0.8 2.6
0.0003968 -0.88 2.6
0.000397 -0.8 2.6
0.0003972 -0.8 2.6
0.0003974 -0.8 2.8
0.0003976 -0.8 2.8
0.0003978 -0.72 2.6
0.000398 -0.72 2.8
0.0003982 -0.72 3
0.0003984 -0.64 3
0.0003986 -0.64 3
0.0003988 -0.64 3
0.000399 -0.64 3
0.0003992 -0.64 3.2
0.0003994 -0.64 3.2
0.0003996 -0.56 3.2
0.0003998 -0.48 3.2
0.0004 -0.48 3.2
0.0004002 -0.48 3.2
0.0004004 -0.48 3.2
0.0004006 -0.48 3.2
0.0004008 -0.48 3.2
0.000401 -0.4 3.2
0.0004012 -0.4 3.4
0.0004014 -0.32 3.4
0.0004016 -0.32 3.6
0.0004018 -0.32 3.6
0.000402 -0.32 3.6
0.0004022 -0.24 3.6
0.0004024 -0.16 3.6
0.0004026 -0.16 3.6
0.0004028 -0.16 3.6
0.000403 -0.16 3.8
0.0004032 -0.16 4
0.0004034 -0.16 3.6
0.0004036 0 3.8
0.0004038 0 3.6
0.000404 0 3.8
0.0004042 0 4
0.0004044 0.08 4
0.0004046 0.08 4
0.0004048 0.08 4
0.000405 0.16 4
0.0004052 0.16 4.2
0.0004054 0.16 4
0.0004056 0.24 4.2
0.0004058 0.24 4.2
0.000406 0.24 4.2
0.0004062 0.24 4.2
0.0004064 0.24 4.2
0.0004066 0.32 4.4
0.0004068 0.32 4.4
0.000407 0.4 4.4
0.0004072 0.32 4.2
0.0004074 0.4 4.2
0.0004076 0.4 4.4
0.0004078 0.4 4.4
0.000408 0.4 4.4
0.0004082 0.48 4.6
0.0004084 0.56 4.6
0.0004086 0.56 4.6
0.0004088 0.56 4.6
0.000409 0.56 4.6
0.0004092 0.56 4.6
0.0004094 0.56 4.6
0.0004096 0.72 4.8
0.0004098 0.72 4.6
0.00041 0.64 4.8
0.0004102 0.72 4.8
0.0004104 0.72 4.8
0.0004106 0.72 4.8
0.0004108 0.72 4.6
0.000411 0.88 4.8
0.0004112 0.8 4.8
0.0004114 0.8 5
0.0004116 0.88 4.8
0.0004118 0.88 5
0.000412 0.88 5
0.0004122 0.88 4.8
0.0004124 0.96 4.8
0.0004126 0.96 5
0.0004128 0.96 4.8
0.000413 1.04 5
0.0004132 1.04 5.2
0.0004134 1.04 5.2
0.0004136 1.04 5
0.0004138 1.04 5.2
0.000414 1.04 5
0.0004142 1.12 5.2
0.0004144 1.12 5
0.0004146 1.12 5.2
0.0004148 1.2 5.2
0.000415 1.2 5.4
0.0004152 1.2 5.2
0.0004154 1.2 5.2
0.0004156 1.2 5.2
0.0004158 1.28 5.2
0.000416 1.28 5.2
0.0004162 1.28 5.4
0.0004164 1.36 5.4
0.0004166 1.36 5.4
0.0004168 1.36 5.4
0.000417 1.36 5.4
0.0004172 1.36 5.2
0.0004174 1.36 5.2
0.0004176 1.44 5.4
0.0004178 1.44 5.2
0.000418 1.44 5.6
0.0004182 1.52 5.6
0.0004184 1.52 5.6
0.0004186 1.52 5.4
0.0004188 1.52 5.4
0.000419 1.6 5.4
0.0004192 1.6 5.4
0.0004194 1.52 5.2
0.0004196 1.6 5.4
0.0004198 1.6 5.6
0.00042 1.6 5.4
0.0004202 1.68 5.6
0.0004204 1.68 5.6
0.0004206 1.68 5.4
0.0004208 1.68 5.6
0.000421 1.68 5.6
0.0004212 1.76 5.6
0.0004214 1.76 5.6
0.0004216 1.84 5.6
0.0004218 1.84 5.6
0.000422 1.84 5.4
0.0004222 1.84 5.6
0.0004224 1.84 5.4
0.0004226 1.84 5.6
0.0004228 1.84 5.4
0.000423 1.92 5.6
0.0004232 1.92 5.6
0.0004234 1.92 5.6
0.0004236 1.92 5.6
0.0004238 2 5.6
0.000424 1.92 5.4
0.0004242 2 5.6
0.0004244 2 5.4
0.0004246 2 5.4
0.0004248 2 5.6
0.000425 2 5.4
0.0004252 2.08 5.6
0.0004254 2.08 5.4
0.0004256 2.08 5.4
0.0004258 2.16 5.4
0.000426 2.08 5.6
0.0004262 2.16 5.4
0.0004264 2.16 5.4
0.0004266 2.16 5.4
0.0004268 2.16 5.4
0.000427 2.16 5.4
0.0004272 2.16 5.4
0.0004274 2.16 5.4
0.0004276 2.16 5.2
0.0004278 2.24 5.4
0.000428 2.24 5.2
0.0004282 2.24 5.4
0.0004284 2.32 5.2
0.0004286 2.24 5.4
0.0004288 2.24 5.4
0.000429 2.24 5.2
0.0004292 2.32 5.2
0.0004294 2.32 5.2
0.0004296 2.32 5.2
0.0004298 2.32 5.2
0.00043 2.4 5.2
0.0004302 2.32 5.2
0.0004304 2.4 5.2
0.0004306 2.4 5.2
0.0004308 2.4 5
0.000431 2.32 5.2
0.0004312 2.4 5.2
0.0004314 2.32 5
0.0004316 2.48 5.2
0.0004318 2.48 5
0.000432 2.48 5
0.0004322 2.48 5
0.0004324 2.48 5
0.0004326 2.48 5
0.0004328 2.48 5
0.000433 2.48 5
0.0004332 2.48 5
0.0004334 2.48 4.8
0.0004336 2.48 4.8
0.0004338 2.48 4.8
0.000434 2.48 4.8
0.0004342 2.56 4.8
0.0004344 2.48 4.8
0.0004346 2.48 4.8
0.0004348 2.48 4.6
0.000435 2.48 4.6
0.0004352 2.56 4.6
0.0004354 2.56 4.6
0.0004356 2.56 4.6
0.0004358 2.56 4.6
0.000436 2.56 4.6
0.0004362 2.64 4.4
0.0004364 2.56 4.4
0.0004366 2.64 4.4
0.0004368 2.64 4.4
0.000437 2.64 4.4
0.0004372 2.56 4.6
0.0004374 2.64 4.4
0.0004376 2.64 4.4
0.0004378 2.56 4.4
0.000438 2.64 4.2
0.0004382 2.56 4.2
0.0004384 2.64 4.2
0.0004386 2.64 4.2
0.0004388 2.64 4.2
0.000439 2.64 4.2
0.0004392 2.64 4.2
0.0004394 2.64 4.2
0.0004396 2.64 4
0.0004398 2.64 4
0.00044 2.64 3.8
0.0004402 2.64 3.8
0.0004404 2.64 4
0.0004406 2.64 4
0.0004408 2.64 3.8
0.000441 2.64 4
0.0004412 2.64 4
0.0004414 2.64 3.8
0.0004416 2.64 3.6
0.0004418 2.64 3.8
0.000442 2.64 3.6
0.0004422 2.64 3.6
0.0004424 2.64 3.6
0.0004426 2.72 3.6
0.0004428 2.64 3.4
0.000443 2.64 3.6
0.0004432 2.64 3.4
0.0004434 2.64 3.4
0.0004436 2.64 3.4
0.0004438 2.64 3.4
0.000444 2.64 3.4
0.0004442 2.64 3.2
0.0004444 2.64 3.2
0.0004446 2.64 3.2
0.0004448 2.64 3.2
0.000445 2.64 3
0.0004452 2.64 3.2
0.0004454 2.64 2.8
0.0004456 2.64 3
0.0004458 2.64 3
0.000446 2.64 3
0.0004462 2.64 3
0.0004464 2.56 2.8
0.0004466 2.56 2.8
0.0004468 2.64 2.8
0.000447 2.64 2.6
0.0004472 2.56 2.8
0.0004474 2.64 2.8
0.0004476 2.56 2.6
0.0004478 2.56 2.6
0.000448 2.56 2.6
0.0004482 2.56 2.4
0.0004484 2.56 2.4
0.0004486 2.56 2.4
0.0004488 2.56 2.4
0.000449 2.56 2.6
0.0004492 2.56 2.4
0.0004494 2.48 2.2
0.0004496 2.56 2.2
0.0004498 2.56 2
0.00045 2.56 2
0.0004502 2.48 2
0.0004504 2.48 2
0.0004506 2.48 2.2
0.0004508 2.48 2
0.000451 2.48 2
0.0004512 2.48 2
0.0004514 2.48 1.8
0.0004516 2.48 1.6
0.0004518 2.48 1.8
0.000452 2.48 1.6
0.0004522 2.48 1.6
0.0004524 2.48 1.6
0.0004526 2.4 1.6
0.0004528 2.48 1.6
0.000453 2.48 1.6
0.0004532 2.32 1.2
0.0004534 2.32 1.2
0.0004536 2.4 1.2
0.0004538 2.32 1.2
0.000454 2.32 1.4
0.0004542 2.32 1.2
0.0004544 2.32 1.2
0.0004546 2.32 1.2
0.0004548 2.32 1
0.000455 2.32 0.8
0.0004552 2.24 0.8
0.0004554 2.24 0.8
0.0004556 2.24 1
0.0004558 2.24 0.8
0.000456 2.24 0.8
0.0004562 2.16 0.8
0.0004564 2.24 0.6
0.0004566 2.16 0.6
0.0004568 2.16 0.4
0.000457 2.16 0.4
0.0004572 2.16 0.6
0.0004574 2.16 0.4
0.0004576 2.16 0.4
0.0004578 2.08 0.4
0.000458 2.08 0.4
0.0004582 2.08 0.2
0.0004584 2.16 0.2
0.0004586 2 0.2
0.0004588 2 0.2
0.000459 2 0.2
0.0004592 2 0
0.0004594 2 0
0.0004596 2 0
0.0004598 1.92 0
0.00046 1.92 -0.4
0.0004602 1.92 -0.4
0.0004604 1.92 -0.6
0.0004606 1.92 -0.4
0.0004608 1.92 -0.4
0.000461 1.84 -0.4
0.0004612 1.84 -0.6
0.0004614 1.84 -0.6
0.0004616 1.84 -0.8
0.0004618 1.84 -0.8
0.000462 1.84 -0.8
0.0004622 1.84 -0.8
0.0004624 1.84 -0.8
0.0004626 1.76 -1
0.0004628 1.68 -1
0.000463 1.68 -1
0.0004632 1.68 -1.2
0.0004634 1.68 -1
0.0004636 1.68 -1.2
0.0004638 1.6 -1
0.000464 1.6 -1.2
0.0004642 1.6 -1.2
0.0004644 1.6 -1.2
0.0004646 1.52 -1.4
0.0004648 1.6 -1.4
0.000465 1.52 -1.6
0.0004652 1.52 -1.6
0.0004654 1.52 -1.6
0.0004656 1.52 -1.6
0.0004658 1.52 -1.6
0.000466 1.52 -1.6
0.0004662 1.44 -1.8
0.0004664 1.44 -1.8
0.0004666 1.44 -2
0.0004668 1.36 -2
0.000467 1.36 -1.8
0.0004672 1.36 -2
0.0004674 1.36 -2
0.0004676 1.28 -2.2
0.0004678 1.28 -2.2
0.000468 1.28 -2.2
0.0004682 1.2 -2.4
0.0004684 1.2 -2.4
0.0004686 1.2 -2.4
0.0004688 1.2 -2.4
0.000469 1.2 -2.2
0.0004692 1.2 -2.4
0.0004694 1.12 -2.4
0.0004696 1.12 -2.4
0.0004698 1.2 -2.6
0.00047 1.04 -2.6
0.0004702 1.04 -2.6
0.0004704 0.96 -2.8
0.0004706 0.96 -2.8
0.0004708 0.96 -2.6
0.000471 0.96 -2.8
0.0004712 0.88 -2.8
0.0004714 0.96 -3
0.0004716 0.88 -3
0.0004718 0.88 -3
0.000472 0.88 -3
0.0004722 0.88 -3
0.0004724 0.88 -3
0.0004726 0.8 -3.2
0.0004728 0.88 -3.2
0.000473 0.8 -3.2
0.0004732 0.72 -3.4
0.0004734 0.72 -3.2
0.0004736 0.72 -3.4
0.0004738 0.64 -3.4
0.000474 0.64 -3.4
0.0004742 0.72 -3.6
0.0004744 0.64 -3.4
0.0004746 0.56 -3.6
0.0004748 0.56 -3.6
0.000475 0.56 -3.6
0.0004752 0.56 -3.8
0.0004754 0.56 -3.8
0.0004756 0.56 -3.8
0.0004758 0.56 -3.8
0.000476 0.4 -3.8
0.0004762 0.4 -3.8
0.0004764 0.4 -4
0.0004766 0.32 -4
0.0004768 0.32 -4
0.000477 0.32 -4
0.0004772 0.32 -4
0.0004774 0.32 -4
0.0004776 0.24 -4.2
0.0004778 0.24 -4.2
0.000478 0.24 -4.2
0.0004782 0.24 -4.2
0.0004784 0.24 -4.2
0.0004786 0.24 -4.2
0.0004788 0.16 -4.4
0.000479 0.08 -4.4
0.0004792 0.08 -4.4
0.0004794 0.08 -4.6
0.0004796 0.08 -4.6
0.0004798 0 -4.4
0.00048 0 -4.4
0.0004802 -0.16 -4.6
0.0004804 0 -4.6
0.0004806 -0.16 -4.6
0.0004808 -0.16 -4.8
0.000481 -0.16 -4.8
0.0004812 -0.16 -4.8
0.0004814 -0.24 -4.8
0.0004816 -0.24 -4.8
0.0004818 -0.32 -4.8
0.000482 -0.32 -5
0.0004822 -0.32 -5
0.0004824 -0.32 -5
0.0004826 -0.4 -5
0.0004828 -0.4 -5
0.000483 -0.4 -5
0.0004832 -0.48 -5
0.0004834 -0.48 -5
0.0004836 -0.48 -5
0.0004838 -0.48 -5.2
0.000484 -0.48 -5.2
0.0004842 -0.56 -5.4
0.0004844 -0.56 -5.2
0.0004846 -0.56 -5.4
0.0004848 -0.64 -5.2
0.000485 -0.64 -5.2
0.0004852 -0.64 -5.2
0.0004854 -0.72 -5.4
0.0004856 -0.72 -5.4
0.0004858 -0.72 -5.4
0.000486 -0.72 -5.4
0.0004862 -0.72 -5.4
0.0004864 -0.8 -5.4
0.0004866 -0.8 -5.6
0.0004868 -0.8 -5.6
0.000487 -0.8 -5.6
0.0004872 -0.88 -5.6
0.0004874 -0.88 -5.6
0.0004876 -0.88 -5.8
0.0004878 -0.96 -5.6
0.000488 -0.96 -5.8
0.0004882 -0.96 -5.8
0.0004884 -1.04 -5.8
0.0004886 -1.04 -5.8
0.0004888 -1.04 -5.8
0.000489 -1.04 -5.8
0.0004892 -1.12 -5.8
0.0004894 -1.12 -5.8
0.0004896 -1.12 -5.8
0.0004898 -1.12 -5.8
0.00049 -1.12 -5.8
0.0004902 -1.12 -5.8
0.0004904 -1.12 -5.8
0.0004906 -1.2 -5.8
0.0004908 -1.28 -6
0.000491 -1.28 -5.8
0.0004912 -1.28 -5.8
0.0004914 -1.28 -5.8
0.0004916 -1.28 -5.8
0.0004918 -1.36 -6.2
0.000492 -1.36 -6
0.0004922 -1.36 -6
0.0004924 -1.44 -6.2
0.0004926 -1.36 -6.2
0.0004928 -1.44 -6.2
0.000493 -1.44 -6
0.0004932 -1.44 -6
0.0004934 -1.44 -6
0.0004936 -1.52 -6
0.0004938 -1.52 -6.2
0.000494 -1.6 -6.2
0.0004942 -1.52 -6.4
0.0004944 -1.6 -6.4
0.0004946 -1.6 -6.2
0.0004948 -1.68 -6.2
0.000495 -1.6 -6.2
0.0004952 -1.6 -6
0.0004954 -1.68 -6.2
0.0004956 -1.68 -6.2
0.0004958 -1.68 -6.4
0.000496 -1.76 -6.2
0.0004962 -1.76 -6.2
0.0004964 -1.76 -6.2
0.0004966 -1.76 -6.2
0.0004968 -1.76 -6.4
0.000497 -1.84 -6.4
0.0004972 -1.84 -6.4
0.0004974 -1.92 -6.4
0.0004976 -1.84 -6.4
0.0004978 -1.84 -6.2
0.000498 -1.92 -6.4
0.0004982 -1.92 -6.2
0.0004984 -2 -6.2
0.0004986 -1.92 -6.2
0.0004988 -2 -6.4
0.000499 -2 -6.4
0.0004992 -2 -6.4
0.0004994 -2.08 -6.2
0.0004996 -2.08 -6.2
0.0004998 -2.08 -6.2
0.0005 -2.08 -6.2
0.0005002 -2.08 -6.2
0.0005004 -2.08 -6.2
0.0005006 -2.08 -6.4
0.0005008 -2.16 -6.4
0.000501 -2.16 -6.4
0.0005012 -2.24 -6.4
0.0005014 -2.16 -6.2
0.0005016 -2.24 -6.2
0.0005018 -2.24 -6.4
0.000502 -2.24 -6.2
0.0005022 -2.24 -6.4
0.0005024 -2.24 -6.4
0.0005026 -2.24 -6.2
0.0005028 -2.32 -6.4
0.000503 -2.24 -6.2
0.0005032 -2.32 -6.2
0.0005034 -2.32 -6.2
0.0005036 -2.32 -6.2
0.0005038 -2.4 -6.2
0.000504 -2.32 -6.2
0.0005042 -2.4 -6.4
0.0005044 -2.4 -6.2
0.0005046 -2.4 -6.2
0.0005048 -2.4 -6.2
0.000505 -2.4 -6
0.0005052 -2.4 -6
0.0005054 -2.4 -6
0.0005056 -2.4 -6
0.0005058 -2.4 -6.2
0.000506 -2.4 -6
0.0005062 -2.4 -6.2
0.0005064 -2.48 -6.2
0.0005066 -2.4 -6
0.0005068 -2.48 -5.8
0.000507 -2.48 -6
0.0005072 -2.56 -6
0.0005074 -2.56 -6
0.0005076 -2.56 -5.8
0.0005078 -2.56 -6
0.000508 -2.56 -5.8
0.0005082 -2.64 -5.8
0.0005084 -2.56 -5.8
0.0005086 -2.56 -5.8
0.0005088 -2.56 -5.8
0.000509 -2.56 -5.8
0.0005092 -2.64 -5.8
0.0005094 -2.64 -5.8
0.0005096 -2.64 -5.8
0.0005098 -2.64 -5.6
0.00051 -2.64 -5.6
0.0005102 -2.64 -5.6
0.0005104 -2.64 -5.6
0.0005106 -2.72 -5.6
0.0005108 -2.72 -5.6
0.000511 -2.72 -5.6
0.0005112 -2.72 -5.8
0.0005114 -2.72 -5.6
0.0005116 -2.72 -5.4
0.0005118 -2.72 -5.6
0.000512 -2.72 -5.4
0.0005122 -2.72 -5.4
0.0005124 -2.72 -5.6
0.0005126 -2.72 -5.4
0.0005128 -2.72 -5.4
0.000513 -2.72 -5.4
0.0005132 -2.72 -5.2
0.0005134 -2.8 -5.4
0.0005136 -2.72 -5.2
0.0005138 -2.72 -5.4
0.000514 -2.72 -5.4
0.0005142 -2.72 -5.2
0.0005144 -2.72 -5.2
0.0005146 -2.8 -5.2
0.0005148 -2.72 -5
0.000515 -2.72 -5
0.0005152 -2.8 -5.2
0.0005154 -2.8 -5
0.0005156 -2.8 -5
0.0005158 -2.72 -5
0.000516 -2.8 -4.8
0.0005162 -2.88 -5
0.0005164 -2.8 -4.8
0.0005166 -2.72 -4.8
0.0005168 -2.8 -4.8
0.000517 -2.88 -4.8
0.0005172 -2.8 -4.8
0.0005174 -2.8 -4.8
0.0005176 -2.72 -4.6
0.0005178 -2.8 -4.6
0.000518 -2.88 -4.6
0.0005182 -2.88 -4.6
0.0005184 -2.72 -4.6
0.0005186 -2.8 -4.6
0.0005188 -2.88 -4.6
0.000519 -2.8 -4.4
0.0005192 -2.8 -4.4
0.0005194 -2.8 -4.4
0.0005196 -2.8 -4.4
0.0005198 -2.8 -4.4
0.00052 -2.72 -4.2
0.0005202 -2.88 -4.2
0.0005204 -2.8 -4.2
0.0005206 -2.8 -4.2
0.0005208 -2.88 -4.2
0.000521 -2.72 -4.2
0.0005212 -2.88 -4.2
0.0005214 -2.88 -4
0.0005216 -2.72 -4
0.0005218 -2.72 -4
0.000522 -2.8 -3.8
0.0005222 -2.88 -3.8
0.0005224 -2.88 -3.8
0.0005226 -2.88 -3.6
0.0005228 -2.72 -3.8
0.000523 -2.88 -3.6
0.0005232 -2.72 -3.8
0.0005234 -2.72 -3.8
0.0005236 -2.72 -3.6
0.0005238 -2.72 -3.8
0.000524 -2.72 -3.4
0.0005242 -2.72 -3.4
0.0005244 -2.72 -3.4
0.0005246 -2.72 -3.2
0.0005248 -2.72 -3.4
0.000525 -2.72 -3.2
0.0005252 -2.72 -3.2
0.0005254 -2.72 -3.4
0.0005256 -2.72 -3.2
0.0005258 -2.72 -3.2
0.000526 -2.72 -3.2
0.0005262 -2.72 -3
0.0005264 -2.72 -3
0.0005266 -2.72 -3
0.0005268 -2.72 -3
0.000527 -2.64 -3
0.0005272 -2.64 -2.8
0.0005274 -2.64 -3
0.0005276 -2.64 -2.8
0.0005278 -2.64 -2.6
0.000528 -2.64 -2.6
0.0005282 -2.64 -2.6
0.0005284 -2.64 -2.6
0.0005286 -2.64 -2.6
0.0005288 -2.56 -2.6
0.000529 -2.64 -2.4
0.0005292 -2.56 -2.6
0.0005294 -2.56 -2.4
0.0005296 -2.56 -2.4
0.0005298 -2.56 -2.2
0.00053 -2.56 -2.2
0.0005302 -2.56 -2.4
0.0005304 -2.56 -2.2
0.0005306 -2.56 -2.2
0.0005308 -2.48 -2.2
0.000531 -2.4 -2
0.0005312 -2.48 -2
0.0005314 -2.4 -1.8
0.0005316 -2.4 -1.8
0.0005318 -2.4 -1.8
0.000532 -2.4 -1.8
0.0005322 -2.4 -1.8
0.0005324 -2.4 -1.6
0.0005326 -2.4 -1.6
0.0005328 -2.32 -1.6
0.000533 -2.4 -1.6
0.0005332 -2.4 -1.6
0.0005334 -2.4 -1.6
0.0005336 -2.4 -1.4
0.0005338 -2.32 -1.4
0.000534 -2.32 -1.2
0.0005342 -2.32 -1.4
0.0005344 -2.32 -1.2
0.0005346 -2.24 -1
0.0005348 -2.24 -1
0.000535 -2.32 -1
0.0005352 -2.24 -1
0.0005354 -2.24 -1
0.0005356 -2.24 -0.8
0.0005358 -2.24 -1
0.000536 -2.24 -0.8
0.0005362 -2.16 -0.8
0.0005364 -2.16 -0.8
0.0005366 -2.16 -0.8
0.0005368 -2.08 -0.6
0.000537 -2.08 -0.6
0.0005372 -2 -0.6
0.0005374 -2.08 -0.6
0.0005376 -2.08 -0.4
0.0005378 -2.08 -0.4
0.000538 -2 -0.4
0.0005382 -2.08 -0.6
0.0005384 -2 -0.4
0.0005386 -2 0
0.0005388 -1.92 0
0.000539 -1.92 0
0.0005392 -1.92 0
0.0005394 -1.92 0.2
0.0005396 -1.92 0.2
0.0005398 -1.92 0.2
0.00054 -1.92 0.2
0.0005402 -1.92 0.2
0.0005404 -1.92 0.2
0.0005406 -1.76 0.4
0.0005408 -1.76 0.4
0.000541 -1.76 0.4
0.0005412 -1.76 0.6
0.0005414 -1.76 0.4
0.0005416 -1.68 0.6
0.0005418 -1.76 0.6
0.000542 -1.68 0.8
0.0005422 -1.68 0.8
0.0005424 -1.68 0.8
0.0005426 -1.68 0.8
0.0005428 -1.6 1
0.000543 -1.6 1
0.0005432 -1.6 0.8
0.0005434 -1.6 0.8
0.0005436 -1.6 1
0.0005438 -1.52 1.2
0.000544 -1.52 1.2
0.0005442 -1.52 1.2
0.0005444 -1.44 1.2
0.0005446 -1.44 1.2
0.0005448 -1.44 1.2
0.000545 -1.44 1.2
0.0005452 -1.44 1.4
0.0005454 -1.36 1.4
0.0005456 -1.36 1.6
0.0005458 -1.36 1.6
0.000546 -1.36 1.6
0.0005462 -1.36 1.8
0.0005464 -1.28 1.6
0.0005466 -1.28 1.6
0.0005468 -1.28 1.8
0.000547 -1.28 1.8
0.0005472 -1.28 1.8
0.0005474 -1.28 2
0.0005476 -1.12 2
0.0005478 -1.12 2.2
0.000548 -1.12 2
0.0005482 -1.12 2
0.0005484 -1.12 2
0.0005486 -1.04 2
0.0005488 -1.04 2.4
0.000549 -1.04 2.4
0.0005492 -1.04 2.4
0.0005494 -0.96 2.4
0.0005496 -0.96 2.6
0.0005498 -0.88 2.4
0.00055 -0.96 2.4
0.0005502 -0.88 2.4
0.0005504 -0.88 2.4
0.0005506 -0.8 2.6
0.0005508 -0.8 2.6
0.000551 -0.8 2.8
0.0005512 -0.8 2.8
0.0005514 -0.8 2.8
0.0005516 -0.72 2.8
0.0005518 -0.72 2.8
0.000552 -0.72 2.8
0.0005522 -0.64 2.8
0.0005524 -0.64 3
0.0005526 -0.64 3
0.0005528 -0.64 3.2
0.000553 -0.56 3
0.0005532 -0.56 3
0.0005534 -0.64 3.2
0.0005536 -0.48 3
0.0005538 -0.48 3.2
0.000554 -0.48 3.4
0.0005542 -0.48 3.4
0.0005544 -0.4 3.2
0.0005546 -0.4 3.4
0.0005548 -0.4 3.4
0.000555 -0.32 3.2
0.0005552 -0.32 3.4
0.0005554 -0.4 3.4
0.0005556 -0.32 3.6
0.0005558 -0.32 3.8
0.000556 -0.32 3.6
0.0005562 -0.16 3.6
0.0005564 -0.16 3.6
0.0005566 -0.16 3.6
0.0005568 -0.16 3.6
0.000557 -0.16 3.6
0.0005572 -0.16 3.8
0.0005574 -0.16 4
0.0005576 -0.16 4
0.0005578 0 4
0.000558 0.08 4
0.0005582 0 4
0.0005584 0.08 4
0.0005586 0.08 4
0.0005588 0.08 4
0.000559 0.24 4.2
0.0005592 0.24 4.2
0.0005594 0.24 4.2
0.0005596 0.24 4.2
0.0005598 0.24 4.2
0.00056 0.24 4.2
0.0005602 0.24 4.2
0.0005604 0.24 4.2
0.0005606 0.32 4.2
0.0005608 0.32 4.4
0.000561 0.4 4.4
0.0005612 0.4 4.4
0.0005614 0.4 4.4
0.0005616 0.4 4.4
0.0005618 0.4 4.4
0.000562 0.4 4.4
0.0005622 0.48 4.6
0.0005624 0.56 4.6
0.0005626 0.56 4.6
0.0005628 0.56 4.6
0.000563 0.56 4.6
0.0005632 0.56 4.6
0.0005634 0.64 4.6
0.0005636 0.64 4.8
0.0005638 0.64 4.8
0.000564 0.72 4.8
0.0005642 0.72 4.8
0.0005644 0.72 4.8
0.0005646 0.72 4.8
0.0005648 0.8 5
0.000565 0.8 4.8
0.0005652 0.88 5
0.0005654 0.88 5
0.0005656 0.88 4.8
0.0005658 0.88 5
0.000566 0.88 5
0.0005662 0.96 5
0.0005664 0.96 5
0.0005666 0.96 5
0.0005668 0.96 5.2
0.000567 0.96 5
0.0005672 0.96 5.2
0.0005674 1.04 5.2
0.0005676 1.04 5.2
0.0005678 1.04 5
0.000568 1.12 5
0.0005682 1.12 5.2
0.0005684 1.2 5
0.0005686 1.2 5.2
0.0005688 1.2 5.2
0.000569 1.2 5.2
0.0005692 1.2 5.2
0.0005694 1.2 5.2
0.0005696 1.28 5.2
0.0005698 1.28 5.2
0.00057 1.28 5.2
0.0005702 1.36 5.4
0.0005704 1.28 5.4
0.0005706 1.36 5.2
0.0005708 1.36 5.6
0.000571 1.44 5.4
0.0005712 1.36 5.6
0.0005714 1.44 5.4
0.0005716 1.52 5.2
0.0005718 1.52 5.4
0.000572 1.52 5.4
0.0005722 1.52 5.4
0.0005724 1.52 5.4
0.0005726 1.52 5.4
0.0005728 1.52 5.6
0.000573 1.52 5.4
0.0005732 1.52 5.6
0.0005734 1.6 5.6
0.0005736 1.6 5.4
0.0005738 1.6 5.6
0.000574 1.68 5.6
0.0005742 1.68 5.6
0.0005744 1.68 5.6
0.0005746 1.68 5.4
0.0005748 1.76 5.6
0.000575 1.76 5.4
0.0005752 1.84 5.6
0.0005754 1.84 5.4
0.0005756 1.76 5.6
0.0005758 1.84 5.6
0.000576 1.84 5.6
0.0005762 1.84 5.6
0.0005764 1.92 5.6
0.0005766 1.92 5.6
0.0005768 1.92 5.6
0.000577 1.92 5.6
0.0005772 1.92 5.6
0.0005774 1.92 5.4
0.0005776 2 5.4
0.0005778 2 5.6
0.000578 2 5.4
0.0005782 2 5.4
0.0005784 2 5.6
0.0005786 2 5.4
0.0005788 2 5.6
0.000579 2 5.6
0.0005792 2.08 5.6
0.0005794 2.08 5.4
0.0005796 2.16 5.4
0.0005798 2.16 5.6
0.00058 2.16 5.4
0.0005802 2.16 5.6
0.0005804 2.16 5.4
0.0005806 2.16 5.4
0.0005808 2.16 5.4
0.000581 2.16 5.2
0.0005812 2.16 5.2
0.0005814 2.16 5.4
0.0005816 2.24 5.4
0.0005818 2.24 5.4
0.000582 2.24 5.4
0.0005822 2.24 5.4
0.0005824 2.24 5.2
0.0005826 2.24 5.2
0.0005828 2.32 5.2
0.000583 2.32 5.2
0.0005832 2.32 5.4
0.0005834 2.32 5.4
0.0005836 2.32 5.4
0.0005838 2.32 5.2
0.000584 2.32 5
0.0005842 2.32 5.2
0.0005844 2.4 5.2
0.0005846 2.4 5
0.0005848 2.4 5.2
0.000585 2.4 5
0.0005852 2.4 5
0.0005854 2.48 5
0.0005856 2.48 5
0.0005858 2.48 5
0.000586 2.48 5
0.0005862 2.48 5
0.0005864 2.48 4.8
0.0005866 2.48 5
0.0005868 2.48 5
0.000587 2.48 4.8
0.0005872 2.48 4.8
0.0005874 2.48 4.8
0.0005876 2.48 4.8
0.0005878 2.48 4.8
0.000588 2.56 4.8
0.0005882 2.48 4.8
0.0005884 2.56 4.8
0.0005886 2.48 4.8
0.0005888 2.48 4.8
0.000589 2.56 4.8
0.0005892 2.56 4.6
0.0005894 2.64 4.8
0.0005896 2.56 4.4
0.0005898 2.56 4.6
0.00059 2.56 4.6
0.0005902 2.64 4.4
0.0005904 2.64 4.6
0.0005906 2.56 4.4
0.0005908 2.64 4.2
0.000591 2.64 4.4
0.0005912 2.64 4.4
0.0005914 2.64 4.2
0.0005916 2.64 4.4
0.0005918 2.56 4.4
0.000592 2.64 4.2
0.0005922 2.64 4.2
0.0005924 2.64 4
0.0005926 2.64 4
0.0005928 2.56 4.2
0.000593 2.64 4
0.0005932 2.64 4.2
0.0005934 2.64 4.2
0.0005936 2.64 4
0.0005938 2.64 4
0.000594 2.64 3.8
0.0005942 2.72 3.8
0.0005944 2.64 4
0.0005946 2.56 3.8
0.0005948 2.64 3.8
0.000595 2.72 3.8
0.0005952 2.64 3.6
0.0005954 2.64 3.8
0.0005956 2.64 3.6
0.0005958 2.72 3.6
0.000596 2.64 3.6
0.0005962 2.64 3.6
0.0005964 2.64 3.6
0.0005966 2.64 3.6
0.0005968 2.64 3.4
0.000597 2.64 3.6
0.0005972 2.72 3.4
0.0005974 2.64 3.2
0.0005976 2.64 3.2
0.0005978 2.64 3.2
0.000598 2.64 3.2
0.0005982 2.64 3.4
0.0005984 2.64 3.4
0.0005986 2.64 3.2
0.0005988 2.64 3.2
0.000599 2.64 3
0.0005992 2.56 3
0.0005994 2.64 3.2
0.0005996 2.56 2.8
0.0005998 2.56 2.8
0.0006 2.56 3
0.0006002 2.64 2.8
0.0006004 2.64 2.8
0.0006006 2.64 3
0.0006008 2.64 2.6
0.000601 2.64 2.6
0.0006012 2.56 2.6
0.0006014 2.56 2.6
0.0006016 2.56 2.8
0.0006018 2.56 2.6
0.000602 2.56 2.6
0.0006022 2.56 2.4
0.0006024 2.56 2.4
0.0006026 2.56 2.4
0.0006028 2.48 2.4
0.000603 2.48 2.4
0.0006032 2.56 2.4
0.0006034 2.56 2.4
0.0006036 2.48 2.2
0.0006038 2.48 2.2
0.000604 2.48 2
0.0006042 2.48 2
0.0006044 2.48 2
0.0006046 2.48 1.8
0.0006048 2.48 1.8
0.000605 2.48 2
0.0006052 2.48 1.8
0.0006054 2.48 1.8
0.0006056 2.48 1.8
0.0006058 2.48 1.6
0.000606 2.48 1.6
0.0006062 2.48 1.6
0.0006064 2.4 1.6
0.0006066 2.32 1.6
0.0006068 2.4 1.6
0.000607 2.48 1.4
0.0006072 2.32 1.4
0.0006074 2.32 1.2
0.0006076 2.32 1.2
0.0006078 2.32 1.2
0.000608 2.32 1.2
0.0006082 2.32 1.2
0.0006084 2.32 1.2
0.0006086 2.32 1
0.0006088 2.24 1
0.000609 2.24 1
0.0006092 2.24 1
0.0006094 2.24 0.8
0.0006096 2.24 0.8
0.0006098 2.24 0.8
0.00061 2.24 0.8
0.0006102 2.16 0.8
0.0006104 2.16 0.8
0.0006106 2.16 0.6
0.0006108 2.16 0.4
0.000611 2.16 0.6
0.0006112 2.16 0.2
0.0006114 2.16 0.4
0.0006116 2.16 0.4
0.0006118 2.08 0.4
0.000612 2.16 0.2
0.0006122 2.08 0.2
0.0006124 2.08 0.2
0.0006126 2.08 0
0.0006128 2 0.2
0.000613 2 0.2
0.0006132 2 0
0.0006134 1.92 0
0.0006136 1.92 0
0.0006138 2 0
0.000614 1.92 -0.4
0.0006142 1.92 -0.4
0.0006144 1.92 -0.4
0.0006146 1.84 -0.6
0.0006148 1.84 -0.6
0.000615 1.84 -0.4
0.0006152 1.84 -0.8
0.0006154 1.84 -0.6
0.0006156 1.84 -0.8
0.0006158 1.84 -0.8
0.000616 1.84 -0.8
0.0006162 1.76 -0.8
0.0006164 1.84 -1
0.0006166 1.68 -0.8
0.0006168 1.68 -1
0.000617 1.76 -1
0.0006172 1.68 -1.2
0.0006174 1.68 -1
0.0006176 1.6 -1.2
0.0006178 1.68 -1.2
0.000618 1.6 -1.2
0.0006182 1.6 -1.4
0.0006184 1.6 -1.2
0.0006186 1.52 -1.6
0.0006188 1.52 -1.6
0.000619 1.52 -1.6
0.0006192 1.52 -1.6
0.0006194 1.52 -1.6
0.0006196 1.52 -1.6
0.0006198 1.52 -1.6
0.00062 1.44 -1.6
0.0006202 1.36 -1.6
0.0006204 1.36 -1.8
0.0006206 1.36 -1.8
0.0006208 1.36 -2
0.000621 1.36 -1.8
0.0006212 1.36 -2
0.0006214 1.36 -2
0.0006216 1.28 -2.2
0.0006218 1.28 -2
0.000622 1.28 -2.2
0.0006222 1.28 -2.2
0.0006224 1.2 -2.2
0.0006226 1.2 -2.4
0.0006228 1.2 -2.4
0.000623 1.2 -2.4
0.0006232 1.2 -2.6
0.0006234 1.04 -2.4
0.0006236 1.04 -2.6
0.0006238 1.2 -2.6
0.000624 1.04 -2.6
0.0006242 1.04 -2.6
0.0006244 1.04 -2.8
0.0006246 1.04 -2.8
0.0006248 0.96 -2.8
0.000625 0.96 -2.8
0.0006252 0.88 -3
0.0006254 0.88 -3
0.0006256 0.88 -3
0.0006258 0.88 -3
0.000626 0.88 -3
0.0006262 0.8 -3
0.0006264 0.88 -3.2
0.0006266 0.8 -3.2
0.0006268 0.72 -3.2
0.000627 0.72 -3.4
0.0006272 0.72 -3.4
0.0006274 0.72 -3.4
0.0006276 0.64 -3.4
0.0006278 0.64 -3.4
0.000628 0.64 -3.4
0.0006282 0.56 -3.4
0.0006284 0.56 -3.6
0.0006286 0.56 -3.4
0.0006288 0.56 -3.6
0.000629 0.56 -3.6
0.0006292 0.56 -3.6
0.0006294 0.56 -3.8
0.0006296 0.48 -3.8
0.0006298 0.4 -3.8
0.00063 0.4 -4
0.0006302 0.32 -4
0.0006304 0.4 -3.8
0.0006306 0.32 -4.2
0.0006308 0.32 -3.8
0.000631 0.24 -4
0.0006312 0.24 -4
0.0006314 0.32 -4
0.0006316 0.24 -4.2
0.0006318 0.24 -4.4
0.000632 0.24 -4.2
0.0006322 0.24 -4.4
0.0006324 0.16 -4.2
0.0006326 0.08 -4.2
0.0006328 0.08 -4.4
0.000633 0.08 -4.4
0.0006332 0.08 -4.4
0.0006334 0.08 -4.6
0.0006336 0.08 -4.6
0.0006338 0 -4.6
0.000634 0 -4.6
0.0006342 -0.16 -4.6
0.0006344 -0.16 -4.6
0.0006346 -0.16 -4.6
0.0006348 -0.16 -4.8
0.000635 -0.24 -4.8
0.0006352 -0.16 -4.8
0.0006354 -0.32 -4.8
0.0006356 -0.32 -5
0.0006358 -0.24 -4.8
0.000636 -0.32 -4.8
0.0006362 -0.32 -4.8
0.0006364 -0.32 -4.8
0.0006366 -0.4 -5
0.0006368 -0.4 -5
0.000637 -0.4 -5
0.0006372 -0.48 -5
0.0006374 -0.48 -5
0.0006376 -0.48 -5
0.0006378 -0.48 -5.2
0.000638 -0.48 -5.2
0.0006382 -0.56 -5.4
0.0006384 -0.48 -5.4
0.0006386 -0.64 -5.4
0.0006388 -0.64 -5.4
0.000639 -0.64 -5.2
0.0006392 -0.72 -5.4
0.0006394 -0.72 -5.4
0.0006396 -0.72 -5.4
0.0006398 -0.72 -5.6
0.00064 -0.72 -5.4
0.0006402 -0.72 -5.6
0.0006404 -0.8 -5.6
0.0006406 -0.8 -5.6
0.0006408 -0.8 -5.6
0.000641 -0.88 -5.6
0.0006412 -0.8 -5.6
0.0006414 -0.96 -5.6
0.0006416 -0.96 -5.8
0.0006418 -0.96 -5.8
0.000642 -1.04 -5.8
0.0006422 -1.04 -5.8
0.0006424 -1.04 -5.6
0.0006426 -1.04 -5.6
0.0006428 -1.04 -5.6
0.000643 -1.04 -5.8
0.0006432 -1.12 -5.8
0.0006434 -1.12 -5.8
0.0006436 -1.12 -5.8
0.0006438 -1.12 -5.8
0.000644 -1.12 -5.8
0.0006442 -1.2 -5.8
0.0006444 -1.12 -5.8
0.0006446 -1.2 -5.8
0.0006448 -1.28 -6
0.000645 -1.28 -6
0.0006452 -1.28 -6
0.0006454 -1.36 -6
0.0006456 -1.28 -6
0.0006458 -1.36 -6
0.000646 -1.36 -6
0.0006462 -1.36 -6
0.0006464 -1.44 -6
0.0006466 -1.44 -6.2
0.0006468 -1.44 -6.2
0.000647 -1.44 -6
0.0006472 -1.52 -6.2
0.0006474 -1.44 -6
0.0006476 -1.44 -6
0.0006478 -1.52 -6
0.000648 -1.6 -6
0.0006482 -1.6 -6.2
0.0006484 -1.6 -6.4
0.0006486 -1.6 -6.2
0.0006488 -1.68 -6.2
0.000649 -1.68 -6.2
0.0006492 -1.68 -6
0.0006494 -1.68 -6.2
0.0006496 -1.68 -6.2
0.0006498 -1.76 -6.2
0.00065 -1.76 -6.4
0.0006502 -1.76 -6.2
0.0006504 -1.76 -6.4
0.0006506 -1.76 -6.2
0.0006508 -1.76 -6.2
0.000651 -1.76 -6.2
0.0006512 -1.76 -6.4
0.0006514 -1.92 -6.2
0.0006516 -1.92 -6.4
0.0006518 -1.92 -6.4
0.000652 -1.92 -6.2
0.0006522 -1.92 -6.2
0.0006524 -1.92 -6.2
0.0006526 -2 -6.2
0.0006528 -1.92 -6.2
0.000653 -2 -6.2
0.0006532 -2 -6.2
0.0006534 -2 -6.2
0.0006536 -2 -6.4
0.0006538 -2 -6.2
0.000654 -2.08 -6.2
0.0006542 -2.08 -6.2
0.0006544 -2.08 -6.2
0.0006546 -2.08 -6.2
0.0006548 -2.08 -6.2
0.000655 -2.16 -6.4
0.0006552 -2.16 -6.4
0.0006554 -2.24 -6.2
0.0006556 -2.24 -6.2
0.0006558 -2.24 -6.2
0.000656 -2.24 -6.2
0.0006562 -2.24 -6.2
0.0006564 -2.24 -6.2
0.0006566 -2.24 -6.4
0.0006568 -2.32 -6.4
0.000657 -2.32 -6.2
0.0006572 -2.32 -6.2
0.0006574 -2.32 -6.2
0.0006576 -2.4 -6.2
0.0006578 -2.32 -6.2
0.000658 -2.32 -6.2
0.0006582 -2.4 -6.2
0.0006584 -2.4 -6.4
0.0006586 -2.4 -6.2
0.0006588 -2.4 -6
0.000659 -2.4 -6
0.0006592 -2.4 -6
0.0006594 -2.4 -6.2
0.0006596 -2.4 -6
0.0006598 -2.48 -6
0.00066 -2.4 -6
0.0006602 -2.56 -5.8
0.0006604 -2.48 -6
0.0006606 -2.48 -6
0.0006608 -2.48 -5.8
0.000661 -2.56 -5.8
0.0006612 -2.56 -6
0.0006614 -2.48 -5.8
0.0006616 -2.56 -6
0.0006618 -2.56 -6
0.000662 -2.56 -5.8
0.0006622 -2.64 -5.8
0.0006624 -2.56 -5.8
0.0006626 -2.64 -5.8
0.0006628 -2.64 -5.8
0.000663 -2.64 -5.8
0.0006632 -2.64 -5.8
0.0006634 -2.56 -5.8
0.0006636 -2.64 -5.8
0.0006638 -2.64 -5.8
0.000664 -2.64 -5.8
0.0006642 -2.72 -5.6
0.0006644 -2.64 -5.6
0.0006646 -2.72 -5.6
0.0006648 -2.72 -5.6
0.000665 -2.72 -5.6
0.0006652 -2.72 -5.4
0.0006654 -2.72 -5.6
0.0006656 -2.72 -5.4
0.0006658 -2.72 -5.6
0.000666 -2.72 -5.4
0.0006662 -2.64 -5.6
0.0006664 -2.72 -5.4
0.0006666 -2.72 -5.4
0.0006668 -2.72 -5.4
0.000667 -2.72 -5.4
0.0006672 -2.72 -5.2
0.0006674 -2.72 -5.4
0.0006676 -2.72 -5.2
0.0006678 -2.8 -5.2
0.000668 -2.72 -5.2
0.0006682 -2.72 -5
0.0006684 -2.72 -5.2
0.0006686 -2.72 -5
0.0006688 -2.72 -5
0.000669 -2.72 -5
0.0006692 -2.72 -5
0.0006694 -2.72 -4.8
0.0006696 -2.8 -5
0.0006698 -2.88 -4.8
0.00067 -2.8 -5
0.0006702 -2.8 -4.8
0.0006704 -2.72 -4.8
0.0006706 -2.72 -4.8
0.0006708 -2.88 -4.8
0.000671 -2.88 -4.8
0.0006712 -2.88 -4.8
0.0006714 -2.88 -4.8
0.0006716 -2.88 -4.6
0.0006718 -2.72 -4.6
0.000672 -2.8 -4.6
0.0006722 -2.88 -4.4
0.0006724 -2.88 -4.6
0.0006726 -2.8 -4.6
0.0006728 -2.8 -4.6
0.000673 -2.88 -4.4
0.0006732 -2.8 -4.4
0.0006734 -2.88 -4.4
0.0006736 -2.88 -4.2
0.0006738 -2.88 -4.4
0.000674 -2.8 -4.2
0.0006742 -2.88 -4.2
0.0006744 -2.88 -4.2
0.0006746 -2.8 -4.2
0.0006748 -2.88 -4.2
0.000675 -2.8 -4
0.0006752 -2.8 -4
0.0006754 -2.8 -4
0.0006756 -2.88 -4
0.0006758 -2.8 -4
0.000676 -2.8 -4
0.0006762 -2.72 -3.8
0.0006764 -2.8 -4
0.0006766 -2.72 -3.8
0.0006768 -2.8 -3.6
0.000677 -2.72 -3.6
0.0006772 -2.72 -3.6
0.0006774 -2.72 -3.6
0.0006776 -2.72 -3.6
0.0006778 -2.72 -3.4
0.000678 -2.8 -3.6
0.0006782 -2.72 -3.4
0.0006784 -2.72 -3.4
0.0006786 -2.72 -3.4
0.0006788 -2.8 -3.2
0.000679 -2.72 -3.2
0.0006792 -2.72 -3.4
0.0006794 -2.72 -3.2
0.0006796 -2.72 -3
0.0006798 -2.72 -3
0.00068 -2.72 -3
0.0006802 -2.72 -3
0.0006804 -2.72 -3
0.0006806 -2.72 -2.8
0.0006808 -2.72 -3
0.000681 -2.72 -3
0.0006812 -2.64 -2.8
0.0006814 -2.72 -2.8
0.0006816 -2.72 -2.6
0.0006818 -2.64 -2.6
0.000682 -2.64 -2.4
0.0006822 -2.64 -2.4
0.0006824 -2.64 -2.6
0.0006826 -2.64 -2.6
0.0006828 -2.64 -2.4
0.000683 -2.56 -2.6
0.0006832 -2.56 -2.4
0.0006834 -2.56 -2.2
0.0006836 -2.56 -2.4
0.0006838 -2.56 -2.2
0.000684 -2.56 -2.2
0.0006842 -2.56 -2.2
0.0006844 -2.56 -2.2
0.0006846 -2.56 -2.2
0.0006848 -2.48 -2
0.000685 -2.48 -2
0.0006852 -2.48 -2
0.0006854 -2.4 -1.8
0.0006856 -2.4 -1.8
0.0006858 -2.4 -2
0.000686 -2.4 -1.8
0.0006862 -2.4 -1.8
0.0006864 -2.4 -1.8
0.0006866 -2.4 -1.6
0.0006868 -2.4 -1.4
0.000687 -2.4 -1.4
0.0006872 -2.4 -1.4
0.0006874 -2.4 -1.6
0.0006876 -2.32 -1.6
0.0006878 -2.32 -1.4
0.000688 -2.32 -1.6
0.0006882 -2.32 -1.4
0.0006884 -2.24 -1
0.0006886 -2.24 -1.2
0.0006888 -2.24 -1.2
0.000689 -2.24 -1
0.0006892 -2.24 -1
0.0006894 -2.24 -1
0.0006896 -2.24 -1
0.0006898 -2.24 -1
0.00069 -2.16 -0.8
0.0006902 -2.08 -0.8
0.0006904 -2.08 -0.6
0.0006906 -2.08 -0.6
0.0006908 -2.08 -0.8
0.000691 -2.08 -0.6
0.0006912 -2.08 -0.6
0.0006914 -2 -0.4
0.0006916 -2.08 -0.4
0.0006918 -2.08 0
0.000692 -2 0
0.0006922 -1.92 0
0.0006924 -2 0
0.0006926 -2 0
0.0006928 -1.92 0
0.000693 -1.92 0
0.0006932 -1.92 0
0.0006934 -1.92 0.2
0.0006936 -1.92 0.2
0.0006938 -1.92 0.4
0.000694 -1.92 0.2
0.0006942 -1.84 0.2
0.0006944 -1.76 0.4
0.0006946 -1.84 0.4
0.0006948 -1.76 0.4
0.000695 -1.76 0.6
0.0006952 -1.76 0.4
0.0006954 -1.76 0.8
0.0006956 -1.68 0.8
0.0006958 -1.68 0.4
0.000696 -1.68 0.6
0.0006962 -1.68 0.8
0.0006964 -1.68 0.8
0.0006966 -1.6 0.8
0.0006968 -1.68 1
0.000697 -1.6 1
0.0006972 -1.6 1
0.0006974 -1.6 1
0.0006976 -1.44 1
0.0006978 -1.52 1
0.000698 -1.44 1
0.0006982 -1.44 1.2
0.0006984 -1.44 1.4
0.0006986 -1.44 1.6
0.0006988 -1.44 1.2
0.000699 -1.44 1.2
0.0006992 -1.36 1.2
0.0006994 -1.36 1.6
0.0006996 -1.36 1.6
0.0006998 -1.36 1.6
0.0007 -1.28 1.8
0.0007002 -1.28 1.8
0.0007004 -1.28 1.6
0.0007006 -1.28 1.8
0.0007008 -1.28 1.8
0.000701 -1.28 1.6
0.0007012 -1.2 1.8
0.0007014 -1.12 2
0.0007016 -1.12 2
0.0007018 -1.12 2.2
0.000702 -1.12 2
0.0007022 -1.12 2.2
0.0007024 -1.12 2.2
0.0007026 -1.12 2
0.0007028 -1.04 2.2
0.000703 -1.04 2.2
0.0007032 -1.04 2.4
0.0007034 -1.04 2.4
0.0007036 -0.96 2.4
0.0007038 -0.96 2.6
0.000704 -0.96 2.4
0.0007042 -0.88 2.4
0.0007044 -0.8 2.6
0.0007046 -0.8 2.6
0.0007048 -0.8 2.6
0.000705 -0.8 2.8
0.0007052 -0.72 2.6
0.0007054 -0.72 2.8
0.0007056 -0.72 2.8
0.0007058 -0.72 2.8
0.000706 -0.64 2.8
0.0007062 -0.72 2.8
0.0007064 -0.64 3
0.0007066 -0.64 3.2
0.0007068 -0.48 3.2
0.000707 -0.64 3.2
0.0007072 -0.48 3.2
0.0007074 -0.48 3.2
0.0007076 -0.48 3.2
0.0007078 -0.48 3.2
0.000708 -0.48 3.2
0.0007082 -0.48 3.4
0.0007084 -0.48 3.4
0.0007086 -0.4 3.4
0.0007088 -0.32 3.4
0.000709 -0.4 3.4
0.0007092 -0.32 3.4
0.0007094 -0.32 3.4
0.0007096 -0.32 3.6
0.0007098 -0.32 3.4
0.00071 -0.24 3.8
0.0007102 -0.32 3.6
0.0007104 -0.16 3.6
0.0007106 -0.16 3.6
0.0007108 -0.16 3.8
0.000711 -0.16 3.8
0.0007112 -0.16 3.8
0.0007114 0 3.8
0.0007116 0 4
0.0007118 0.08 4
0.000712 0 4
0.0007122 0.08 4
0.0007124 0.08 4
0.0007126 0.08 4
0.0007128 0.16 4
0.000713 0.16 4
0.0007132 0.24 4
0.0007134 0.24 4
0.0007136 0.24 4.2
0.0007138 0.24 4.2
0.000714 0.24 4.2
0.0007142 0.24 4.2
0.0007144 0.32 4.2
0.0007146 0.32 4.4
0.0007148 0.4 4.4
0.000715 0.4 4.4
0.0007152 0.4 4.4
0.0007154 0.4 4.4
0.0007156 0.4 4.4
0.0007158 0.48 4.4
0.000716 0.48 4.6
0.0007162 0.56 4.6
0.0007164 0.56 4.6
0.0007166 0.56 4.6
0.0007168 0.56 4.6
0.000717 0.56 4.8
0.0007172 0.56 4.6
0.0007174 0.64 4.6
0.0007176 0.64 4.6
0.0007178 0.64 4.8
0.000718 0.72 4.8
0.0007182 0.72 4.8
0.0007184 0.72 4.8
0.0007186 0.72 4.8
0.0007188 0.88 4.8
0.000719 0.88 5
0.0007192 0.8 5
0.0007194 0.88 4.8
0.0007196 0.88 5
0.0007198 0.88 5
0.00072 0.96 5
0.0007202 0.96 5
0.0007204 0.96 5
0.0007206 0.96 5
0.0007208 0.96 5
0.000721 1.04 5
0.0007212 1.04 5.2
0.0007214 1.04 5.2
0.0007216 1.04 5.2
0.0007218 1.04 5.2
0.000722 1.04 5.2
0.0007222 1.2 5.2
0.0007224 1.2 5.4
0.0007226 1.2 5
0.0007228 1.2 5.2
0.000723 1.2 5.4
0.0007232 1.2 5.2
0.0007234 1.28 5.2
0.0007236 1.28 5.2
0.0007238 1.28 5.4
0.000724 1.28 5.2
0.0007242 1.36 5.4
0.0007244 1.36 5.2
0.0007246 1.36 5.4
0.0007248 1.36 5.4
0.000725 1.36 5.4
0.0007252 1.36 5.4
0.0007254 1.44 5.4
0.0007256 1.44 5.4
0.0007258 1.52 5.4
0.000726 1.52 5.4
0.0007262 1.52 5.6
0.0007264 1.52 5.6
0.0007266 1.52 5.6
0.0007268 1.6 5.4
0.000727 1.6 5.6
0.0007272 1.6 5.4
0.0007274 1.6 5.6
0.0007276 1.6 5.6
0.0007278 1.6 5.6
0.000728 1.68 5.4
0.0007282 1.68 5.4
0.0007284 1.68 5.4
0.0007286 1.68 5.2
0.0007288 1.76 5.6
0.000729 1.68 5.6
0.0007292 1.76 5.6
0.0007294 1.84 5.6
0.0007296 1.84 5.6
0.0007298 1.84 5.6
0.00073 1.84 5.4
0.0007302 1.84 5.4
0.0007304 1.84 5.6
0.0007306 1.84 5.4
0.0007308 1.84 5.6
0.000731 1.92 5.6
0.0007312 2 5.6
0.0007314 2 5.6
0.0007316 2 5.4
0.0007318 2 5.4
0.000732 2 5.6
0.0007322 2 5.4
0.0007324 2 5.6
0.0007326 2 5.6
0.0007328 2.08 5.6
0.000733 2.08 5.6
0.0007332 2.16 5.4
0.0007334 2.16 5.2
0.0007336 2.16 5.4
0.0007338 2.08 5.4
0.000734 2.16 5.2
0.0007342 2.16 5.4
0.0007344 2.16 5.4
0.0007346 2.16 5.6
0.0007348 2.16 5.4
0.000735 2.16 5.2
0.0007352 2.16 5.2
0.0007354 2.24 5.2
0.0007356 2.24 5.4
0.0007358 2.24 5.2
0.000736 2.24 5.4
0.0007362 2.24 5.4
0.0007364 2.32 5.4
0.0007366 2.32 5.2
0.0007368 2.32 5.2
0.000737 2.32 5.2
0.0007372 2.32 5.2
0.0007374 2.32 5.4
0.0007376 2.32 5.4
0.0007378 2.32 5
0.000738 2.32 5.2
0.0007382 2.32 5.2
0.0007384 2.4 5
0.0007386 2.48 5
0.0007388 2.4 5
0.000739 2.4 5
0.0007392 2.48 5.2
0.0007394 2.4 5
0.0007396 2.48 5
0.0007398 2.48 5
0.00074 2.48 5
0.0007402 2.48 5
0.0007404 2.48 5
0.0007406 2.48 4.8
0.0007408 2.48 5
0.000741 2.48 5
0.0007412 2.48 5
0.0007414 2.56 4.8
0.0007416 2.48 4.8
0.0007418 2.48 4.8
0.000742 2.56 4.8
0.0007422 2.56 4.8
0.0007424 2.56 4.8
0.0007426 2.48 4.8
0.0007428 2.56 4.6
0.000743 2.56 4.8
0.0007432 2.48 4.6
0.0007434 2.56 4.4
0.0007436 2.56 4.4
0.0007438 2.64 4.4
0.000744 2.56 4.4
0.0007442 2.56 4.6
0.0007444 2.64 4.4
0.0007446 2.64 4.4
0.0007448 2.64 4.2
0.000745 2.64 4.2
0.0007452 2.64 4.2
0.0007454 2.64 4.2
0.0007456 2.64 4.2
0.0007458 2.64 4.2
0.000746 2.56 4.2
0.0007462 2.64 4.2
0.0007464 2.64 4.2
0.0007466 2.72 4
0.0007468 2.64 4
0.000747 2.64 4.2
0.0007472 2.64 4
0.0007474 2.64 4
0.0007476 2.64 4.2
0.0007478 2.64 4
0.000748 2.64 4
0.0007482 2.72 4
0.0007484 2.64 3.8
0.0007486 2.64 3.8
0.0007488 2.64 3.6
0.000749 2.64 3.8
0.0007492 2.64 3.8
0.0007494 2.64 3.6
0.0007496 2.64 3.6
0.0007498 2.64 3.6
0.00075 2.72 3.4
0.0007502 2.56 3.4
0.0007504 2.64 3.4
0.0007506 2.64 3.4
0.0007508 2.64 3.6
0.000751 2.64 3.4
0.0007512 2.64 3.4
0.0007514 2.64 3.4
0.0007516 2.64 3.4
0.0007518 2.64 3.2
0.000752 2.64 3.2
0.0007522 2.64 3.2
0.0007524 2.64 3.2
0.0007526 2.64 3.2
0.0007528 2.64 3.2
0.000753 2.64 3.2
0.0007532 2.64 3.2
0.0007534 2.64 3
0.0007536 2.56 3.2
0.0007538 2.64 2.8
0.000754 2.56 2.8
0.0007542 2.56 2.8
0.0007544 2.56 2.8
0.0007546 2.56 2.6
0.0007548 2.56 2.6
0.000755 2.56 2.6
0.0007552 2.56 2.6
0.0007554 2.56 2.6
0.0007556 2.56 2.6
0.0007558 2.56 2.6
0.000756 2.56 2.6
0.0007562 2.56 2.4
0.0007564 2.56 2.4
0.0007566 2.56 2.4
0.0007568 2.56 2.4
0.000757 2.56 2.4
0.0007572 2.48 2.2
0.0007574 2.48 2.2
0.0007576 2.48 2.2
0.0007578 2.48 2.2
0.000758 2.48 2
0.0007582 2.48 2
0.0007584 2.48 2
0.0007586 2.48 2
0.0007588 2.48 2
0.000759 2.48 2
0.0007592 2.48 1.8
0.0007594 2.48 1.8
0.0007596 2.48 1.6
0.0007598 2.4 1.6
0.00076 2.48 1.6
0.0007602 2.48 1.6
0.0007604 2.4 1.6
0.0007606 2.32 1.6
0.0007608 2.4 1.4
0.000761 2.32 1.4
0.0007612 2.4 1.4
0.0007614 2.32 1.2
0.0007616 2.32 1.4
0.0007618 2.32 1.2
0.000762 2.32 1.2
0.0007622 2.32 1
0.0007624 2.32 1
0.0007626 2.24 1
0.0007628 2.32 1
0.000763 2.24 1
0.0007632 2.24 0.8
0.0007634 2.24 0.8
0.0007636 2.24 0.8
0.0007638 2.24 0.8
0.000764 2.16 0.8
0.0007642 2.16 0.6
0.0007644 2.16 0.6
0.0007646 2.16 0.4
0.0007648 2.16 0.4
0.000765 2.16 0.4
0.0007652 2.16 0.4
0.0007654 2.16 0.4
0.0007656 2.16 0.2
0.0007658 2.16 0.2
0.000766 2 0.2
0.0007662 2 0
0.0007664 2.08 0.2
0.0007666 2 0.2
0.0007668 2.08 0
0.000767 2 0
0.0007672 2 0
0.0007674 2 0
0.0007676 1.92 -0.4
0.0007678 1.92 0
0.000768 1.92 0
0.0007682 1.92 -0.4
0.0007684 1.92 -0.4
0.0007686 1.92 -0.4
0.0007688 1.92 -0.6
0.000769 1.92 -0.6
0.0007692 1.84 -0.8
0.0007694 1.84 -0.8
0.0007696 1.84 -0.6
0.0007698 1.84 -1
0.00077 1.76 -0.8
0.0007702 1.76 -0.8
0.0007704 1.76 -1
0.0007706 1.68 -1
0.0007708 1.68 -1
0.000771 1.68 -1
0.0007712 1.68 -1.2
0.0007714 1.68 -1.4
0.0007716 1.6 -1.2
0.0007718 1.6 -1.2
0.000772 1.6 -1.4
0.0007722 1.6 -1.4
0.0007724 1.6 -1.4
0.0007726 1.52 -1.4
0.0007728 1.52 -1.6
0.000773 1.52 -1.6
0.0007732 1.52 -1.6
0.0007734 1.52 -1.6
0.0007736 1.52 -1.6
0.0007738 1.52 -1.6
0.000774 1.52 -1.6
0.0007742 1.36 -2
0.0007744 1.36 -1.8
0.0007746 1.36 -2
0.0007748 1.36 -2
0.000775 1.36 -1.8
0.0007752 1.36 -2
0.0007754 1.28 -2
0.0007756 1.2 -2
0.0007758 1.28 -2.2
0.000776 1.2 -2.2
0.0007762 1.2 -2.2
0.0007764 1.2 -2.4
0.0007766 1.2 -2.4
0.0007768 1.2 -2.4
0.000777 1.2 -2.4
0.0007772 1.2 -2.4
0.0007774 1.12 -2.6
0.0007776 1.12 -2.6
0.0007778 1.04 -2.6
0.000778 1.04 -2.8
0.0007782 1.04 -2.6
0.0007784 0.96 -2.6
0.0007786 0.96 -2.6
0.0007788 0.96 -3
0.000779 0.96 -3
0.0007792 0.96 -3
0.0007794 0.88 -3
0.0007796 0.88 -3
0.0007798 0.88 -3.2
0.00078 0.88 -3
0.0007802 0.88 -3
0.0007804 0.88 -3.2
0.0007806 0.8 -3
0.0007808 0.72 -3.2
0.000781 0.72 -3.4
0.0007812 0.72 -3.4
0.0007814 0.72 -3.4
0.0007816 0.72 -3.4
0.0007818 0.64 -3.4
0.000782 0.56 -3.4
0.0007822 0.56 -3.4
0.0007824 0.56 -3.6
0.0007826 0.56 -3.8
0.0007828 0.56 -3.6
0.000783 0.56 -3.8
0.0007832 0.56 -3.8
0.0007834 0.48 -3.8
0.0007836 0.48 -3.8
0.0007838 0.4 -3.8
0.000784 0.4 -3.8
0.0007842 0.4 -4
0.0007844 0.4 -4
0.0007846 0.32 -4.2
0.0007848 0.32 -4
0.000785 0.24 -4
0.0007852 0.24 -4.2
0.0007854 0.24 -4.2
0.0007856 0.24 -4.2
0.0007858 0.24 -4.2
0.000786 0.24 -4.4
0.0007862 0.24 -4.2
0.0007864 0.08 -4.4
0.0007866 0.08 -4.4
0.0007868 0.08 -4.2
0.000787 0.08 -4.4
0.0007872 0.08 -4.4
0.0007874 0 -4.6
0.0007876 0 -4.8
0.0007878 0 -4.6
0.000788 -0.16 -4.8
0.0007882 0 -4.6
0.0007884 -0.16 -4.6
0.0007886 -0.16 -4.6
0.0007888 -0.16 -4.6
0.000789 -0.16 -4.8
0.0007892 -0.16 -4.8
0.0007894 -0.24 -5
0.0007896 -0.32 -5
0.0007898 -0.32 -4.8
0.00079 -0.32 -5
0.0007902 -0.32 -4.8
0.0007904 -0.4 -5
0.0007906 -0.4 -5
0.0007908 -0.4 -5
0.000791 -0.48 -5
0.0007912 -0.48 -5.2
0.0007914 -0.48 -5.2
0.0007916 -0.48 -5
0.0007918 -0.48 -5
0.000792 -0.56 -5.2
0.0007922 -0.56 -5
0.0007924 -0.56 -5.2
0.0007926 -0.64 -5.4
0.0007928 -0.64 -5.4
0.000793 -0.64 -5.4
0.0007932 -0.72 -5.4
0.0007934 -0.64 -5.4
0.0007936 -0.64 -5.4
0.0007938 -0.72 -5.4
0.000794 -0.72 -5.6
0.0007942 -0.8 -5.6
0.0007944 -0.8 -5.6
0.0007946 -0.8 -5.6
0.0007948 -0.88 -5.6
0.000795 -0.8 -5.6
0.0007952 -0.96 -5.6
0.0007954 -0.96 -5.4
0.0007956 -0.96 -5.6
0.0007958 -0.96 -5.6
0.000796 -0.96 -5.8
0.0007962 -1.04 -5.8
0.0007964 -1.04 -5.8
0.0007966 -1.12 -5.6
0.0007968 -1.12 -5.6
0.000797 -1.12 -5.8
0.0007972 -1.12 -5.6
0.0007974 -1.12 -6
0.0007976 -1.12 -5.8
0.0007978 -1.12 -5.8
0.000798 -1.12 -5.8
0.0007982 -1.2 -5.8
0.0007984 -1.2 -5.8
0.0007986 -1.28 -6
0.0007988 -1.28 -6
0.000799 -1.28 -6
0.0007992 -1.36 -6
0.0007994 -1.36 -6
0.0007996 -1.36 -5.8
0.0007998 -1.36 -6
