0 -5.28 -5.6
2e-06 -5.28 -5.6
4e-06 5.36 5.44
6e-06 5.36 5.52
8e-06 5.36 5.44
1e-05 5.36 5.44
1.2e-05 5.36 5.44
1.4e-05 5.36 5.44
1.6e-05 5.36 5.44
1.8e-05 5.36 5.44
2e-05 5.36 5.44
2.2e-05 5.36 5.44
2.4e-05 5.36 5.36
2.6e-05 5.36 5.36
2.8e-05 5.36 5.36
3e-05 5.36 5.36
3.2e-05 5.2 5.44
3.4e-05 5.36 5.44
3.6e-05 5.28 5.28
3.8e-05 5.36 5.28
4e-05 5.36 5.28
4.2e-05 5.28 5.28
4.4e-05 5.2 5.28
4.6e-05 5.28 5.2
4.8e-05 5.2 5.28
5e-05 5.2 5.28
5.2e-05 5.2 5.2
5.4e-05 5.2 5.12
5.6e-05 5.2 5.12
5.8e-05 5.12 5.12
6e-05 5.2 5.12
6.2e-05 5.12 5.12
6.4e-05 5.12 5.12
6.6e-05 5.12 5.04
6.8e-05 5.12 5.04
7e-05 5.12 5.04
7.2e-05 5.12 4.96
7.4e-05 5.12 4.96
7.6e-05 5.04 4.96
7.8e-05 5.04 4.88
8e-05 5.04 4.88
8.2e-05 5.04 4.88
8.4e-05 5.04 4.88
8.6e-05 5.04 4.8
8.8e-05 4.96 4.8
9e-05 4.88 4.8
9.2e-05 4.88 4.8
9.4e-05 4.88 4.72
9.6e-05 4.88 4.64
9.8e-05 4.8 4.64
0.0001 4.8 4.64
0.000102 4.8 4.64
0.000104 4.8 4.64
0.000106 4.72 4.56
0.000108 4.72 4.56
0.00011 4.72 4.56
0.000112 4.72 4.48
0.000114 4.72 4.4
0.000116 4.64 4.4
0.000118 4.64 4.4
0.00012 4.56 4.4
0.000122 4.56 4.32
0.000124 4.56 4.32
0.000126 4.56 4.32
0.000128 4.48 4.16
0.00013 4.48 4.24
0.000132 4.4 4.24
0.000134 4.4 4.16
0.000136 4.4 4.08
0.000138 4.4 4.16
0.00014 4.4 4.08
0.000142 4.32 4
0.000144 4.24 4
0.000146 4.24 3.92
0.000148 4.24 3.92
0.00015 4.16 3.84
0.000152 4.16 3.84
0.000154 4.16 3.84
0.000156 4.08 3.76
0.000158 4.08 3.76
0.00016 4.08 3.76
0.000162 4 3.68
0.000164 4 3.6
0.000166 4 3.6
0.000168 3.92 3.52
0.00017 3.92 3.52
0.000172 3.84 3.44
0.000174 3.84 3.44
0.000176 3.76 3.44
0.000178 3.76 3.28
0.00018 3.76 3.36
0.000182 3.76 3.28
0.000184 3.68 3.28
0.000186 3.6 3.2
0.000188 3.6 3.2
0.00019 3.6 3.12
0.000192 3.52 3.04
0.000194 3.52 3.04
0.000196 3.44 3.04
0.000198 3.44 2.96
0.0002 3.44 2.88
0.000202 3.44 2.88
0.000204 3.28 2.8
0.000206 3.28 2.72
0.000208 3.28 2.72
0.00021 3.2 2.72
0.000212 3.12 2.72
0.000214 3.12 2.64
0.000216 3.12 2.64
0.000218 3.12 2.64
0.00022 2.96 2.48
0.000222 2.96 2.4
0.000224 2.96 2.48
0.000226 2.88 2.32
0.000228 2.8 2.32
0.00023 2.8 2.32
0.000232 2.8 2.24
0.000234 2.8 2.16
0.000236 2.64 2.16
0.000238 2.64 2.16
0.00024 2.64 2
0.000242 2.56 2
0.000244 2.48 2
0.000246 2.48 2
0.000248 2.48 1.84
0.00025 2.48 1.84
0.000252 2.32 1.76
0.000254 2.32 1.76
0.000256 2.24 1.6
0.000258 2.24 1.6
0.00026 2.24 1.6
0.000262 2.16 1.52
0.000264 2.16 1.44
0.000266 2.16 1.52
0.000268 2 1.44
0.00027 2 1.36
0.000272 1.92 1.36
0.000274 1.92 1.28
0.000276 1.84 1.2
0.000278 1.84 1.2
0.00028 1.76 1.2
0.000282 1.68 1.12
0.000284 1.6 1.04
0.000286 1.6 1.04
0.000288 1.6 0.96
0.00029 1.52 0.88
0.000292 1.52 0.8
0.000294 1.52 0.8
0.000296 1.44 0.72
0.000298 1.36 0.72
0.0003 1.28 0.64
0.000302 1.28 0.64
0.000304 1.2 0.56
0.000306 1.2 0.48
0.000308 1.2 0.48
0.00031 1.04 0.4
0.000312 1.04 0.4
0.000314 1.04 0.32
0.000316 0.96 0.32
0.000318 0.88 0.16
0.00032 0.88 0.16
0.000322 0.8 0.24
0.000324 0.72 0.08
0.000326 0.72 0.08
0.000328 0.64 0
0.00033 0.64 0
0.000332 0.56 -0.24
0.000334 0.56 -0.24
0.000336 0.48 -0.24
0.000338 0.4 -0.24
0.00034 0.4 -0.32
0.000342 0.32 -0.4
0.000344 0.32 -0.4
0.000346 0.24 -0.48
0.000348 0.24 -0.56
0.00035 0.24 -0.56
0.000352 0.08 -0.64
0.000354 0.08 -0.64
0.000356 0.08 -0.72
0.000358 0 -0.72
0.00036 0 -0.88
0.000362 -0.16 -0.88
0.000364 -0.32 -0.96
0.000366 -0.24 -0.96
0.000368 -0.32 -1.04
0.00037 -0.4 -1.04
0.000372 -0.4 -1.12
0.000374 -0.48 -1.2
0.000376 -0.48 -1.28
0.000378 -0.48 -1.2
0.00038 -0.56 -1.28
0.000382 -0.64 -1.36
0.000384 -0.64 -1.36
0.000386 -0.72 -1.44
0.000388 -0.8 -1.6
0.00039 -0.8 -1.52
0.000392 -0.8 -1.6
0.000394 -0.96 -1.6
0.000396 -1.04 -1.68
0.000398 -1.04 -1.68
0.0004 -1.04 -1.76
0.000402 -1.12 -1.84
0.000404 -1.12 -1.92
0.000406 -1.2 -1.92
0.000408 -1.28 -1.92
0.00041 -1.28 -2
0.000412 -1.36 -2.08
0.000414 -1.36 -2
0.000416 -1.44 -2.16
0.000418 -1.44 -2.16
0.00042 -1.44 -2.24
0.000422 -1.52 -2.32
0.000424 -1.6 -2.32
0.000426 -1.6 -2.48
0.000428 -1.68 -2.4
0.00043 -1.76 -2.48
0.000432 -1.76 -2.56
0.000434 -1.76 -2.48
0.000436 -1.84 -2.56
0.000438 -1.92 -2.56
0.00044 -1.92 -2.64
0.000442 -2 -2.64
0.000444 -2.08 -2.8
0.000446 -2.08 -2.8
0.000448 -2.08 -2.8
0.00045 -2.16 -2.88
0.000452 -2.24 -2.96
0.000454 -2.24 -2.96
0.000456 -2.24 -3.04
0.000458 -2.32 -3.04
0.00046 -2.4 -3.12
0.000462 -2.4 -3.12
0.000464 -2.4 -3.2
0.000466 -2.56 -3.2
0.000468 -2.56 -3.28
0.00047 -2.56 -3.28
0.000472 -2.64 -3.28
0.000474 -2.64 -3.36
0.000476 -2.72 -3.44
0.000478 -2.72 -3.36
0.00048 -2.8 -3.6
0.000482 -2.88 -3.6
0.000484 -2.88 -3.6
0.000486 -2.88 -3.6
0.000488 -2.96 -3.68
0.00049 -2.96 -3.6
0.000492 -3.04 -3.68
0.000494 -3.12 -3.76
0.000496 -3.2 -3.76
0.000498 -3.2 -3.84
0.0005 -3.2 -3.92
0.000502 -3.2 -3.92
0.000504 -3.28 -3.92
0.000506 -3.28 -3.92
0.000508 -3.28 -4
0.00051 -3.36 -4
0.000512 -3.36 -4.08
0.000514 -3.52 -4.16
0.000516 -3.52 -4.16
0.000518 -3.52 -4.16
0.00052 -3.52 -4.24
0.000522 -3.68 -4.24
0.000524 -3.6 -4.24
0.000526 -3.68 -4.24
0.000528 -3.68 -4.32
0.00053 -3.68 -4.32
0.000532 -3.84 -4.4
0.000534 -3.84 -4.4
0.000536 -3.84 -4.48
0.000538 -3.92 -4.48
0.00054 -3.92 -4.48
0.000542 -3.92 -4.48
0.000544 -4 -4.56
0.000546 -4 -4.56
0.000548 -4 -4.56
0.00055 -4.08 -4.72
0.000552 -4.16 -4.72
0.000554 -4.16 -4.72
0.000556 -4.16 -4.8
0.000558 -4.24 -4.72
0.00056 -4.24 -4.88
0.000562 -4.24 -4.8
0.000564 -4.32 -4.8
0.000566 -4.32 -4.88
0.000568 -4.32 -4.88
0.00057 -4.32 -4.88
0.000572 -4.4 -5.04
0.000574 -4.48 -5.04
0.000576 -4.48 -4.96
0.000578 -4.48 -5.04
0.00058 -4.56 -5.04
0.000582 -4.56 -5.04
0.000584 -4.56 -5.04
0.000586 -4.64 -5.2
0.000588 -4.56 -5.12
0.00059 -4.64 -5.12
0.000592 -4.64 -5.2
0.000594 -4.72 -5.2
0.000596 -4.8 -5.2
0.000598 -4.8 -5.2
0.0006 -4.8 -5.2
0.000602 -4.8 -5.2
0.000604 -4.88 -5.28
0.000606 -4.88 -5.28
0.000608 -4.88 -5.36
0.00061 -4.88 -5.36
0.000612 -4.96 -5.36
0.000614 -4.96 -5.36
0.000616 -4.96 -5.36
0.000618 -4.96 -5.36
0.00062 -4.96 -5.44
0.000622 -5.04 -5.52
0.000624 -5.12 -5.52
0.000626 -5.12 -5.44
0.000628 -5.12 -5.52
0.00063 -5.12 -5.52
0.000632 -5.12 -5.44
0.000634 -5.12 -5.52
0.000636 -5.2 -5.6
0.000638 -5.12 -5.52
0.00064 -5.2 -5.52
0.000642 -5.2 -5.6
0.000644 -5.28 -5.52
0.000646 -5.2 -5.6
0.000648 -5.28 -5.6
0.00065 -5.28 -5.6
0.000652 -5.28 -5.6
0.000654 -5.28 -5.6
0.000656 -5.28 -5.68
0.000658 -5.28 -5.68
0.00066 -5.28 -5.68
0.000662 -5.28 -5.68
0.000664 -5.36 -5.68
0.000666 -5.44 -5.68
0.000668 -5.36 -5.68
0.00067 -5.44 -5.68
0.000672 -5.44 -5.68
0.000674 -5.44 -5.68
0.000676 -5.44 -5.68
0.000678 -5.44 -5.76
0.00068 -5.44 -5.76
0.000682 -5.52 -5.68
0.000684 -5.44 -5.76
0.000686 -5.52 -5.76
0.000688 -5.44 -5.68
0.00069 -5.52 -5.76
0.000692 -5.52 -5.76
0.000694 -5.52 -5.68
0.000696 -5.52 -5.68
0.000698 -5.52 -5.76
0.0007 -5.6 -5.76
0.000702 -5.52 -5.76
0.000704 -5.52 -5.68
0.000706 -5.52 -5.76
0.000708 -5.52 -5.76
0.00071 -5.52 -5.68
0.000712 -5.6 -5.68
0.000714 -5.52 -5.68
0.000716 -5.52 -5.68
0.000718 -5.6 -5.68
0.00072 -5.6 -5.76
0.000722 -5.6 -5.68
0.000724 -5.52 -5.68
0.000726 -5.6 -5.68
0.000728 -5.52 -5.68
0.00073 -5.6 -5.6
0.000732 -5.52 -5.6
0.000734 -5.52 -5.68
0.000736 -5.6 -5.68
0.000738 -5.6 -5.68
0.00074 -5.6 -5.68
0.000742 -5.52 -5.68
0.000744 -5.52 -5.52
0.000746 -5.52 -5.6
0.000748 -5.52 -5.6
0.00075 -5.52 -5.6
0.000752 -5.52 -5.52
0.000754 -5.52 -5.6
0.000756 -5.52 -5.6
0.000758 -5.52 -5.52
0.00076 -5.52 -5.52
0.000762 -5.6 -5.52
0.000764 -5.52 -5.44
0.000766 -5.44 -5.52
0.000768 -5.52 -5.52
0.00077 -5.44 -5.52
0.000772 -5.44 -5.44
0.000774 -5.52 -5.36
0.000776 -5.44 -5.44
0.000778 -5.44 -5.44
0.00078 -5.44 -5.28
0.000782 -5.44 -5.36
0.000784 -5.36 -5.36
0.000786 -5.44 -5.36
0.000788 -5.44 -5.28
0.00079 -5.36 -5.36
0.000792 -5.28 -5.28
0.000794 -5.28 -5.2
0.000796 -5.28 -5.2
0.000798 -5.28 -5.2
0.0008 -5.28 -5.2
0.000802 -5.28 -5.2
0.000804 -5.28 -5.2
0.000806 -5.28 -5.12
0.000808 -5.28 -5.04
0.00081 -5.2 -5.12
0.000812 -5.28 -5.12
0.000814 -5.28 -5.04
0.000816 -5.2 -5.04
0.000818 -5.2 -5.04
0.00082 -5.12 -4.88
0.000822 -5.12 -4.88
0.000824 -5.12 -4.88
0.000826 -5.12 -4.96
0.000828 -5.12 -4.88
0.00083 -5.04 -4.88
0.000832 -4.96 -4.88
0.000834 -4.96 -4.88
0.000836 -4.96 -4.72
0.000838 -4.96 -4.72
0.00084 -4.96 -4.72
0.000842 -4.96 -4.64
0.000844 -4.96 -4.64
0.000846 -4.88 -4.72
0.000848 -4.8 -4.56
0.00085 -4.8 -4.56
0.000852 -4.8 -4.56
0.000854 -4.8 -4.56
0.000856 -4.8 -4.48
0.000858 -4.8 -4.48
0.00086 -4.64 -4.48
0.000862 -4.64 -4.4
0.000864 -4.64 -4.4
0.000866 -4.64 -4.32
0.000868 -4.56 -4.24
0.00087 -4.64 -4.24
0.000872 -4.56 -4.24
0.000874 -4.56 -4.16
0.000876 -4.48 -4.16
0.000878 -4.48 -4.08
0.00088 -4.48 -4.08
0.000882 -4.4 -4.08
0.000884 -4.32 -4.08
0.000886 -4.32 -4
0.000888 -4.32 -4
0.00089 -4.32 -3.92
0.000892 -4.24 -3.84
0.000894 -4.24 -3.84
0.000896 -4.16 -3.84
0.000898 -4.16 -3.76
0.0009 -4.16 -3.76
0.000902 -4.16 -3.76
0.000904 -4.08 -3.68
0.000906 -4.08 -3.68
0.000908 -4 -3.6
0.00091 -4 -3.52
0.000912 -4 -3.52
0.000914 -3.92 -3.52
0.000916 -3.92 -3.44
0.000918 -3.84 -3.44
0.00092 -3.84 -3.44
0.000922 -3.84 -3.36
0.000924 -3.68 -3.28
0.000926 -3.68 -3.28
0.000928 -3.68 -3.12
0.00093 -3.6 -3.12
0.000932 -3.6 -3.12
0.000934 -3.6 -3.04
0.000936 -3.6 -2.96
0.000938 -3.52 -3.04
0.00094 -3.52 -2.96
0.000942 -3.36 -2.88
0.000944 -3.36 -2.88
0.000946 -3.36 -2.88
0.000948 -3.28 -2.72
0.00095 -3.28 -2.72
0.000952 -3.2 -2.72
0.000954 -3.2 -2.64
0.000956 -3.2 -2.64
0.000958 -3.04 -2.64
0.00096 -3.04 -2.56
0.000962 -3.04 -2.48
0.000964 -3.04 -2.4
0.000966 -2.96 -2.4
0.000968 -2.88 -2.32
0.00097 -2.88 -2.32
0.000972 -2.88 -2.24
0.000974 -2.72 -2.24
0.000976 -2.72 -2.16
0.000978 -2.72 -2.16
0.00098 -2.72 -2.08
0.000982 -2.64 -2.08
0.000984 -2.64 -1.92
0.000986 -2.64 -1.92
0.000988 -2.48 -1.92
0.00099 -2.4 -1.84
0.000992 -2.4 -1.84
0.000994 -2.4 -1.84
0.000996 -2.32 -1.76
0.000998 -2.32 -1.68
0.001 -2.24 -1.6
0.001002 -2.24 -1.6
0.001004 -2.16 -1.44
0.001006 -2.16 -1.52
0.001008 -2.08 -1.44
0.00101 -2.08 -1.36
0.001012 -2 -1.36
0.001014 -2 -1.36
0.001016 -1.92 -1.28
0.001018 -1.92 -1.2
0.00102 -1.76 -1.12
0.001022 -1.76 -1.04
0.001024 -1.76 -1.04
0.001026 -1.76 -1.04
0.001028 -1.68 -0.96
0.00103 -1.6 -0.88
0.001032 -1.52 -0.88
0.001034 -1.52 -0.88
0.001036 -1.44 -0.8
0.001038 -1.44 -0.72
0.00104 -1.44 -0.64
0.001042 -1.36 -0.64
0.001044 -1.36 -0.56
0.001046 -1.12 -0.48
0.001048 -1.28 -0.4
0.00105 -1.12 -0.48
0.001052 -1.12 -0.4
0.001054 -1.12 -0.32
0.001056 -0.96 -0.32
0.001058 -1.04 -0.24
0.00106 -0.96 -0.16
0.001062 -0.88 0
0.001064 -0.8 0
0.001066 -0.8 0
0.001068 -0.8 0.08
0.00107 -0.72 0.08
0.001072 -0.64 0.16
0.001074 -0.64 0.16
0.001076 -0.48 0.32
0.001078 -0.48 0.32
0.00108 -0.48 0.32
0.001082 -0.4 0.4
0.001084 -0.32 0.4
0.001086 -0.4 0.48
0.001088 -0.32 0.48
0.00109 -0.24 0.56
0.001092 -0.16 0.64
0.001094 -0.16 0.64
0.001096 0 0.8
0.001098 0 0.8
0.0011 0.08 0.8
0.001102 0.16 0.88
0.001104 0.24 0.96
0.001106 0.24 0.96
0.001108 0.24 1.04
0.00111 0.32 1.04
0.001112 0.32 1.12
0.001114 0.4 1.12
0.001116 0.4 1.12
0.001118 0.56 1.28
0.00112 0.56 1.28
0.001122 0.56 1.28
0.001124 0.64 1.36
0.001126 0.72 1.44
0.001128 0.72 1.52
0.00113 0.72 1.44
0.001132 0.88 1.6
0.001134 0.88 1.68
0.001136 0.88 1.6
0.001138 0.96 1.68
0.00114 0.96 1.76
0.001142 1.04 1.76
0.001144 1.12 1.76
0.001146 1.2 1.84
0.001148 1.2 1.92
0.00115 1.2 2
0.001152 1.28 2.08
0.001154 1.28 2.08
0.001156 1.36 2.16
0.001158 1.36 2.16
0.00116 1.52 2.24
0.001162 1.52 2.24
0.001164 1.52 2.32
0.001166 1.6 2.32
0.001168 1.6 2.4
0.00117 1.68 2.4
0.001172 1.68 2.48
0.001174 1.68 2.56
0.001176 1.84 2.56
0.001178 1.84 2.56
0.00118 1.92 2.64
0.001182 1.92 2.72
0.001184 1.92 2.72
0.001186 2 2.72
0.001188 2.08 2.88
0.00119 2.16 2.88
0.001192 2.16 2.88
0.001194 2.16 2.96
0.001196 2.24 2.96
0.001198 2.24 2.96
0.0012 2.32 3.04
0.001202 2.32 3.12
0.001204 2.48 3.2
0.001206 2.48 3.2
0.001208 2.48 3.28
0.00121 2.48 3.28
0.001212 2.56 3.28
0.001214 2.56 3.36
0.001216 2.64 3.36
0.001218 2.64 3.36
0.00122 2.8 3.44
0.001222 2.8 3.52
0.001224 2.8 3.52
0.001226 2.8 3.6
0.001228 2.88 3.6
0.00123 2.96 3.68
0.001232 2.96 3.68
0.001234 2.96 3.76
0.001236 3.12 3.68
0.001238 3.12 3.84
0.00124 3.12 3.84
0.001242 3.2 3.84
0.001244 3.2 3.92
0.001246 3.2 3.92
0.001248 3.28 3.92
0.00125 3.28 4
0.001252 3.36 4
0.001254 3.36 4
0.001256 3.44 4.08
0.001258 3.44 4.16
0.00126 3.52 4.16
0.001262 3.52 4.16
0.001264 3.52 4.24
0.001266 3.6 4.24
0.001268 3.6 4.24
0.00127 3.6 4.32
0.001272 3.76 4.32
0.001274 3.76 4.32
0.001276 3.76 4.32
0.001278 3.76 4.48
0.00128 3.76 4.48
0.001282 3.84 4.48
0.001284 3.92 4.56
0.001286 3.92 4.56
0.001288 3.92 4.56
0.00129 3.92 4.56
0.001292 4 4.64
0.001294 4.08 4.72
0.001296 4.08 4.72
0.001298 4.08 4.72
0.0013 4.16 4.8
0.001302 4.16 4.8
0.001304 4.16 4.8
0.001306 4.16 4.8
0.001308 4.24 4.88
0.00131 4.32 4.88
0.001312 4.24 4.88
0.001314 4.4 4.88
0.001316 4.4 4.96
0.001318 4.4 4.88
0.00132 4.4 4.96
0.001322 4.48 5.04
0.001324 4.48 4.96
0.001326 4.48 5.04
0.001328 4.48 5.12
0.00133 4.56 5.12
0.001332 4.56 5.04
0.001334 4.56 5.2
0.001336 4.64 5.2
0.001338 4.72 5.2
0.00134 4.64 5.12
0.001342 4.72 5.2
0.001344 4.72 5.2
0.001346 4.72 5.12
0.001348 4.72 5.2
0.00135 4.72 5.28
0.001352 4.8 5.28
0.001354 4.88 5.36
0.001356 4.88 5.36
0.001358 4.88 5.36
0.00136 4.88 5.36
0.001362 4.88 5.36
0.001364 4.88 5.36
0.001366 4.88 5.44
0.001368 4.96 5.44
0.00137 4.96 5.44
0.001372 5.04 5.44
0.001374 5.04 5.44
0.001376 5.04 5.44
0.001378 5.04 5.44
0.00138 5.04 5.44
0.001382 5.04 5.52
0.001384 5.12 5.52
0.001386 5.12 5.52
0.001388 5.12 5.52
0.00139 5.12 5.52
0.001392 5.12 5.52
0.001394 5.2 5.52
0.001396 5.12 5.52
0.001398 5.2 5.52
0.0014 5.2 5.52
0.001402 5.2 5.52
0.001404 5.2 5.52
0.001406 5.2 5.6
0.001408 5.28 5.6
0.00141 5.2 5.52
0.001412 5.28 5.6
0.001414 5.2 5.6
0.001416 5.28 5.52
0.001418 5.36 5.6
0.00142 5.36 5.6
0.001422 5.36 5.6
0.001424 5.36 5.6
0.001426 5.36 5.6
0.001428 5.36 5.6
0.00143 5.36 5.52
0.001432 5.36 5.6
0.001434 5.36 5.6
0.001436 5.36 5.6
0.001438 5.36 5.6
0.00144 5.36 5.6
0.001442 5.36 5.6
0.001444 5.36 5.6
0.001446 5.36 5.6
0.001448 5.44 5.68
0.00145 5.36 5.6
0.001452 5.44 5.52
0.001454 5.36 5.52
0.001456 5.36 5.6
0.001458 5.36 5.52
0.00146 5.36 5.52
0.001462 5.36 5.6
0.001464 5.36 5.52
0.001466 5.36 5.52
0.001468 5.36 5.52
0.00147 5.36 5.6
0.001472 5.36 5.44
0.001474 5.36 5.52
0.001476 5.44 5.52
0.001478 5.36 5.52
0.00148 5.36 5.52
0.001482 5.36 5.52
0.001484 5.36 5.44
0.001486 5.36 5.44
0.001488 5.36 5.44
0.00149 5.36 5.44
0.001492 5.36 5.44
0.001494 5.36 5.44
0.001496 5.36 5.36
0.001498 5.36 5.44
0.0015 5.36 5.44
0.001502 5.36 5.36
0.001504 5.36 5.36
0.001506 5.36 5.36
0.001508 5.36 5.28
0.00151 5.36 5.2
0.001512 5.28 5.28
0.001514 5.2 5.28
0.001516 5.2 5.2
0.001518 5.2 5.28
0.00152 5.2 5.2
0.001522 5.2 5.2
0.001524 5.2 5.12
0.001526 5.2 5.2
0.001528 5.12 5.12
0.00153 5.12 5.12
0.001532 5.12 5.12
0.001534 5.2 5.12
0.001536 5.12 5.12
0.001538 5.12 5.12
0.00154 5.12 5.04
0.001542 5.04 4.96
0.001544 5.04 4.96
0.001546 5.04 4.96
0.001548 5.04 4.88
0.00155 5.04 4.96
0.001552 5.04 4.88
0.001554 5.04 4.88
0.001556 4.96 4.88
0.001558 4.96 4.8
0.00156 4.96 4.88
0.001562 4.96 4.8
0.001564 4.88 4.72
0.001566 4.88 4.72
0.001568 4.8 4.72
0.00157 4.8 4.64
0.001572 4.8 4.64
0.001574 4.8 4.64
0.001576 4.8 4.64
0.001578 4.72 4.56
0.00158 4.72 4.48
0.001582 4.72 4.56
0.001584 4.72 4.48
0.001586 4.72 4.4
0.001588 4.72 4.4
0.00159 4.56 4.48
0.001592 4.56 4.4
0.001594 4.56 4.32
0.001596 4.48 4.32
0.001598 4.48 4.24
0.0016 4.48 4.16
0.001602 4.48 4.16
0.001604 4.4 4.16
0.001606 4.4 4.08
0.001608 4.4 4.08
0.00161 4.4 4.08
0.001612 4.4 4
0.001614 4.24 4
0.001616 4.24 3.92
0.001618 4.24 3.92
0.00162 4.24 3.84
0.001622 4.16 3.84
0.001624 4.08 3.84
0.001626 4.08 3.84
0.001628 4.08 3.68
0.00163 4.08 3.68
0.001632 4.08 3.68
0.001634 4 3.68
0.001636 3.92 3.6
0.001638 3.92 3.6
0.00164 3.92 3.52
0.001642 3.84 3.52
0.001644 3.84 3.44
0.001646 3.84 3.44
0.001648 3.76 3.36
0.00165 3.76 3.36
0.001652 3.76 3.28
0.001654 3.68 3.28
0.001656 3.6 3.2
0.001658 3.6 3.2
0.00166 3.6 3.2
0.001662 3.52 3.04
0.001664 3.52 3.04
0.001666 3.44 3.04
0.001668 3.44 2.96
0.00167 3.44 2.96
0.001672 3.36 2.88
0.001674 3.44 2.88
0.001676 3.28 2.72
0.001678 3.28 2.8
0.00168 3.2 2.72
0.001682 3.12 2.72
0.001684 3.2 2.64
0.001686 3.12 2.64
0.001688 3.12 2.56
0.00169 2.96 2.56
0.001692 2.96 2.4
0.001694 2.96 2.4
0.001696 2.96 2.4
0.001698 2.88 2.32
0.0017 2.8 2.32
0.001702 2.8 2.32
0.001704 2.8 2.24
0.001706 2.8 2.08
0.001708 2.72 2.16
0.00171 2.64 2.08
0.001712 2.56 2
0.001714 2.48 2
0.001716 2.48 1.92
0.001718 2.48 1.92
0.00172 2.4 1.84
0.001722 2.32 1.84
0.001724 2.32 1.76
0.001726 2.32 1.68
0.001728 2.24 1.68
0.00173 2.24 1.68
0.001732 2.16 1.6
0.001734 2.16 1.52
0.001736 2.16 1.44
0.001738 2 1.44
0.00174 2 1.36
0.001742 1.92 1.36
0.001744 1.92 1.28
0.001746 1.92 1.28
0.001748 1.84 1.2
0.00175 1.84 1.12
0.001752 1.68 1.12
0.001754 1.68 1.04
0.001756 1.68 0.96
0.001758 1.52 1.04
0.00176 1.52 0.96
0.001762 1.52 0.88
0.001764 1.52 0.8
0.001766 1.36 0.72
0.001768 1.36 0.72
0.00177 1.28 0.64
0.001772 1.28 0.64
0.001774 1.2 0.56
0.001776 1.2 0.56
0.001778 1.2 0.48
0.00178 1.04 0.4
0.001782 1.04 0.4
0.001784 1.04 0.4
0.001786 0.96 0.32
0.001788 0.88 0.32
0.00179 0.88 0.16
0.001792 0.88 0.16
0.001794 0.72 0.08
0.001796 0.72 0
0.001798 0.64 0
0.0018 0.64 0
0.001802 0.64 -0.16
0.001804 0.56 -0.24
0.001806 0.56 -0.24
0.001808 0.48 -0.24
0.00181 0.4 -0.32
0.001812 0.4 -0.4
0.001814 0.32 -0.4
0.001816 0.32 -0.48
0.001818 0.24 -0.56
0.00182 0.24 -0.64
0.001822 0.24 -0.56
0.001824 0.08 -0.72
0.001826 0 -0.72
0.001828 0 -0.72
0.00183 -0.16 -0.8
0.001832 -0.16 -0.88
0.001834 -0.16 -0.88
0.001836 -0.16 -0.96
0.001838 -0.32 -1.04
0.00184 -0.32 -1.04
0.001842 -0.4 -1.04
0.001844 -0.4 -1.2
0.001846 -0.48 -1.2
0.001848 -0.48 -1.28
0.00185 -0.56 -1.28
0.001852 -0.64 -1.28
0.001854 -0.64 -1.36
0.001856 -0.64 -1.36
0.001858 -0.72 -1.44
0.00186 -0.8 -1.52
0.001862 -0.8 -1.6
0.001864 -0.88 -1.6
0.001866 -0.96 -1.68
0.001868 -1.04 -1.68
0.00187 -0.96 -1.68
0.001872 -1.12 -1.76
0.001874 -1.12 -1.92
0.001876 -1.12 -1.92
0.001878 -1.28 -1.92
0.00188 -1.28 -2
0.001882 -1.28 -2
0.001884 -1.44 -2
0.001886 -1.36 -2.16
0.001888 -1.44 -2.24
0.00189 -1.44 -2.24
0.001892 -1.52 -2.24
0.001894 -1.6 -2.32
0.001896 -1.6 -2.32
0.001898 -1.6 -2.32
0.0019 -1.76 -2.48
0.001902 -1.76 -2.48
0.001904 -1.76 -2.48
0.001906 -1.84 -2.56
0.001908 -1.92 -2.64
0.00191 -1.92 -2.72
0.001912 -2 -2.64
0.001914 -2.08 -2.72
0.001916 -2 -2.8
0.001918 -2.08 -2.88
0.00192 -2.16 -2.8
0.001922 -2.24 -2.88
0.001924 -2.24 -2.96
0.001926 -2.32 -2.96
0.001928 -2.4 -2.96
0.00193 -2.4 -3.04
0.001932 -2.4 -3.12
0.001934 -2.4 -3.12
0.001936 -2.56 -3.2
0.001938 -2.56 -3.28
0.00194 -2.64 -3.2
0.001942 -2.56 -3.28
0.001944 -2.64 -3.36
0.001946 -2.72 -3.44
0.001948 -2.72 -3.44
0.00195 -2.72 -3.52
0.001952 -2.88 -3.52
0.001954 -2.88 -3.52
0.001956 -2.96 -3.6
0.001958 -2.96 -3.68
0.00196 -2.96 -3.68
0.001962 -3.04 -3.68
0.001964 -3.04 -3.68
0.001966 -3.04 -3.84
0.001968 -3.2 -3.84
0.00197 -3.2 -3.84
0.001972 -3.2 -3.92
0.001974 -3.28 -3.92
0.001976 -3.28 -3.92
0.001978 -3.36 -4
0.00198 -3.36 -4
0.001982 -3.36 -4.08
0.001984 -3.36 -4.08
0.001986 -3.52 -4.16
0.001988 -3.52 -4.16
0.00199 -3.6 -4.24
0.001992 -3.6 -4.24
0.001994 -3.68 -4.24
0.001996 -3.68 -4.24
0.001998 -3.68 -4.24
0.002 -3.76 -4.4
0.002002 -3.68 -4.4
0.002004 -3.84 -4.48
0.002006 -3.84 -4.48
0.002008 -3.84 -4.48
0.00201 -3.92 -4.48
0.002012 -4 -4.48
0.002014 -4 -4.56
0.002016 -4 -4.64
0.002018 -4 -4.56
0.00202 -4 -4.64
0.002022 -4 -4.72
0.002024 -4.16 -4.72
0.002026 -4.16 -4.72
0.002028 -4.16 -4.8
0.00203 -4.24 -4.88
0.002032 -4.24 -4.8
0.002034 -4.24 -4.88
0.002036 -4.32 -4.88
0.002038 -4.32 -4.88
0.00204 -4.32 -4.88
0.002042 -4.4 -5.04
0.002044 -4.48 -5.04
0.002046 -4.48 -4.96
0.002048 -4.48 -5.04
0.00205 -4.56 -5.04
0.002052 -4.56 -5.04
0.002054 -4.56 -5.12
0.002056 -4.56 -5.12
0.002058 -4.64 -5.2
0.00206 -4.64 -5.12
0.002062 -4.64 -5.2
0.002064 -4.72 -5.2
0.002066 -4.8 -5.2
0.002068 -4.72 -5.2
0.00207 -4.8 -5.28
0.002072 -4.88 -5.28
0.002074 -4.8 -5.28
0.002076 -4.8 -5.28
0.002078 -4.88 -5.36
0.00208 -4.88 -5.36
0.002082 -4.88 -5.36
0.002084 -4.96 -5.44
0.002086 -4.96 -5.44
0.002088 -4.96 -5.36
0.00209 -4.96 -5.44
0.002092 -4.96 -5.44
0.002094 -4.96 -5.44
0.002096 -5.04 -5.44
0.002098 -5.12 -5.52
0.0021 -5.12 -5.52
0.002102 -5.12 -5.44
0.002104 -5.12 -5.44
0.002106 -5.2 -5.52
0.002108 -5.2 -5.52
0.00211 -5.2 -5.6
0.002112 -5.2 -5.6
0.002114 -5.2 -5.6
0.002116 -5.2 -5.6
0.002118 -5.28 -5.6
0.00212 -5.28 -5.6
0.002122 -5.28 -5.68
0.002124 -5.28 -5.52
0.002126 -5.28 -5.68
0.002128 -5.28 -5.6
0.00213 -5.28 -5.68
0.002132 -5.28 -5.6
0.002134 -5.28 -5.68
0.002136 -5.44 -5.68
0.002138 -5.36 -5.68
0.00214 -5.44 -5.68
0.002142 -5.44 -5.68
0.002144 -5.44 -5.6
0.002146 -5.36 -5.68
0.002148 -5.44 -5.76
0.00215 -5.44 -5.68
0.002152 -5.44 -5.68
0.002154 -5.44 -5.76
0.002156 -5.52 -5.68
0.002158 -5.44 -5.68
0.00216 -5.44 -5.6
0.002162 -5.52 -5.76
0.002164 -5.52 -5.68
0.002166 -5.44 -5.68
0.002168 -5.52 -5.76
0.00217 -5.52 -5.76
0.002172 -5.52 -5.68
0.002174 -5.52 -5.76
0.002176 -5.52 -5.68
0.002178 -5.52 -5.68
0.00218 -5.52 -5.68
0.002182 -5.6 -5.68
0.002184 -5.52 -5.76
0.002186 -5.52 -5.68
0.002188 -5.6 -5.68
0.00219 -5.52 -5.76
0.002192 -5.52 -5.76
0.002194 -5.52 -5.68
0.002196 -5.6 -5.68
0.002198 -5.52 -5.76
0.0022 -5.52 -5.68
0.002202 -5.52 -5.6
0.002204 -5.6 -5.68
0.002206 -5.6 -5.68
0.002208 -5.52 -5.68
0.00221 -5.52 -5.6
0.002212 -5.52 -5.68
0.002214 -5.52 -5.6
0.002216 -5.52 -5.52
0.002218 -5.52 -5.52
0.00222 -5.52 -5.52
0.002222 -5.52 -5.6
0.002224 -5.52 -5.6
0.002226 -5.52 -5.52
0.002228 -5.52 -5.52
0.00223 -5.52 -5.52
0.002232 -5.44 -5.52
0.002234 -5.52 -5.52
0.002236 -5.44 -5.44
0.002238 -5.44 -5.44
0.00224 -5.44 -5.44
0.002242 -5.44 -5.44
0.002244 -5.44 -5.36
0.002246 -5.44 -5.44
0.002248 -5.44 -5.44
0.00225 -5.44 -5.36
0.002252 -5.44 -5.36
0.002254 -5.44 -5.36
0.002256 -5.36 -5.36
0.002258 -5.36 -5.28
0.00226 -5.36 -5.36
0.002262 -5.36 -5.36
0.002264 -5.28 -5.28
0.002266 -5.28 -5.2
0.002268 -5.28 -5.2
0.00227 -5.28 -5.2
0.002272 -5.28 -5.12
0.002274 -5.28 -5.12
0.002276 -5.28 -5.12
0.002278 -5.28 -5.12
0.00228 -5.28 -5.12
0.002282 -5.2 -5.12
0.002284 -5.2 -5.04
0.002286 -5.2 -5.04
0.002288 -5.12 -5.04
0.00229 -5.12 -5.04
0.002292 -5.12 -4.96
0.002294 -5.12 -4.88
0.002296 -5.12 -4.88
0.002298 -5.04 -4.88
0.0023 -5.04 -4.8
0.002302 -4.96 -4.88
0.002304 -5.04 -4.88
0.002306 -4.96 -4.8
0.002308 -4.96 -4.72
0.00231 -4.96 -4.72
0.002312 -4.96 -4.72
0.002314 -4.88 -4.64
0.002316 -4.88 -4.72
0.002318 -4.88 -4.64
0.00232 -4.88 -4.64
0.002322 -4.8 -4.56
0.002324 -4.8 -4.48
0.002326 -4.8 -4.48
0.002328 -4.8 -4.4
0.00233 -4.8 -4.4
0.002332 -4.72 -4.4
0.002334 -4.64 -4.4
0.002336 -4.64 -4.32
0.002338 -4.64 -4.32
0.00234 -4.56 -4.24
0.002342 -4.56 -4.24
0.002344 -4.48 -4.24
0.002346 -4.56 -4.24
0.002348 -4.48 -4.16
0.00235 -4.48 -4.08
0.002352 -4.48 -4.08
0.002354 -4.32 -4
0.002356 -4.32 -4
0.002358 -4.32 -3.92
0.00236 -4.24 -3.92
0.002362 -4.24 -3.92
0.002364 -4.24 -3.84
0.002366 -4.16 -3.84
0.002368 -4.16 -3.84
0.00237 -4.16 -3.76
0.002372 -4.08 -3.76
0.002374 -4.16 -3.76
0.002376 -4.08 -3.68
0.002378 -4 -3.6
0.00238 -4 -3.6
0.002382 -4 -3.6
0.002384 -3.92 -3.44
0.002386 -3.84 -3.44
0.002388 -3.84 -3.52
0.00239 -3.84 -3.36
0.002392 -3.84 -3.28
0.002394 -3.84 -3.36
0.002396 -3.68 -3.28
0.002398 -3.68 -3.2
0.0024 -3.68 -3.12
0.002402 -3.6 -3.2
0.002404 -3.6 -3.04
0.002406 -3.52 -3.12
0.002408 -3.52 -2.96
0.00241 -3.52 -2.96
0.002412 -3.44 -2.88
0.002414 -3.36 -2.88
0.002416 -3.36 -2.88
0.002418 -3.28 -2.8
0.00242 -3.28 -2.8
0.002422 -3.2 -2.72
0.002424 -3.2 -2.72
0.002426 -3.2 -2.64
0.002428 -3.12 -2.56
0.00243 -3.04 -2.64
0.002432 -3.04 -2.56
0.002434 -3.04 -2.48
0.002436 -2.96 -2.4
0.002438 -2.96 -2.4
0.00244 -2.88 -2.32
0.002442 -2.88 -2.24
0.002444 -2.8 -2.24
0.002446 -2.72 -2.24
0.002448 -2.72 -2.16
0.00245 -2.64 -2.16
0.002452 -2.64 -2
0.002454 -2.56 -2
0.002456 -2.56 -2
0.002458 -2.56 -1.92
0.00246 -2.56 -1.92
0.002462 -2.48 -1.84
0.002464 -2.4 -1.76
0.002466 -2.4 -1.68
0.002468 -2.32 -1.68
0.00247 -2.24 -1.6
0.002472 -2.24 -1.68
0.002474 -2.24 -1.52
0.002476 -2.08 -1.44
0.002478 -2.08 -1.44
0.00248 -2.08 -1.44
0.002482 -2.08 -1.36
0.002484 -2 -1.28
0.002486 -2 -1.36
0.002488 -1.92 -1.28
0.00249 -1.84 -1.04
0.002492 -1.76 -1.12
0.002494 -1.76 -1.04
0.002496 -1.68 -0.96
0.002498 -1.68 -0.96
0.0025 -1.6 -0.96
0.002502 -1.6 -0.88
0.002504 -1.52 -0.8
0.002506 -1.44 -0.8
0.002508 -1.44 -0.72
0.00251 -1.36 -0.72
0.002512 -1.36 -0.64
0.002514 -1.28 -0.64
0.002516 -1.2 -0.56
0.002518 -1.12 -0.48
0.00252 -1.12 -0.48
0.002522 -1.12 -0.4
0.002524 -1.04 -0.4
0.002526 -1.04 -0.32
0.002528 -1.04 -0.32
0.00253 -0.96 -0.24
0.002532 -0.96 -0.16
0.002534 -0.8 0
0.002536 -0.8 0
0.002538 -0.8 0
0.00254 -0.72 0.08
0.002542 -0.72 0.08
0.002544 -0.64 0.16
0.002546 -0.56 0.24
0.002548 -0.48 0.32
0.00255 -0.48 0.32
0.002552 -0.48 0.32
0.002554 -0.4 0.4
0.002556 -0.32 0.4
0.002558 -0.32 0.48
0.00256 -0.32 0.56
0.002562 -0.16 0.64
0.002564 -0.16 0.64
0.002566 0 0.72
0.002568 0 0.72
0.00257 0.08 0.8
0.002572 0.08 0.8
0.002574 0.16 0.96
0.002576 0.16 0.96
0.002578 0.24 1.04
0.00258 0.24 1.04
0.002582 0.32 1.12
0.002584 0.4 1.12
0.002586 0.4 1.28
0.002588 0.48 1.2
0.00259 0.48 1.28
0.002592 0.56 1.36
0.002594 0.56 1.36
0.002596 0.72 1.44
0.002598 0.64 1.44
0.0026 0.72 1.44
0.002602 0.8 1.6
0.002604 0.88 1.6
0.002606 0.88 1.6
0.002608 0.96 1.68
0.00261 0.96 1.68
0.002612 1.04 1.68
0.002614 1.04 1.84
0.002616 1.12 1.92
0.002618 1.2 1.92
0.00262 1.2 2
0.002622 1.2 2
0.002624 1.28 2.08
0.002626 1.36 2.08
0.002628 1.36 2.08
0.00263 1.44 2.24
0.002632 1.52 2.24
0.002634 1.52 2.32
0.002636 1.52 2.32
0.002638 1.6 2.4
0.00264 1.6 2.4
0.002642 1.68 2.48
0.002644 1.68 2.56
0.002646 1.84 2.56
0.002648 1.84 2.56
0.00265 1.92 2.64
0.002652 1.92 2.64
0.002654 2 2.72
0.002656 2 2.72
0.002658 2 2.88
0.00266 2.08 2.88
0.002662 2.16 2.88
0.002664 2.16 2.88
0.002666 2.24 2.96
0.002668 2.24 2.96
0.00267 2.32 3.04
0.002672 2.32 3.04
0.002674 2.32 3.12
0.002676 2.48 3.2
0.002678 2.48 3.28
0.00268 2.48 3.2
0.002682 2.48 3.28
0.002684 2.56 3.28
0.002686 2.64 3.36
0.002688 2.72 3.36
0.00269 2.64 3.44
0.002692 2.8 3.44
0.002694 2.88 3.6
0.002696 2.8 3.52
0.002698 2.88 3.6
0.0027 2.88 3.6
0.002702 2.96 3.68
0.002704 2.96 3.68
0.002706 3.04 3.68
0.002708 3.04 3.76
0.00271 3.12 3.84
0.002712 3.12 3.84
0.002714 3.2 3.92
0.002716 3.2 3.92
0.002718 3.28 3.92
0.00272 3.28 4
0.002722 3.28 4
0.002724 3.44 3.92
0.002726 3.44 4.08
0.002728 3.44 4.16
0.00273 3.44 4.24
0.002732 3.52 4.16
0.002734 3.52 4.16
0.002736 3.6 4.24
0.002738 3.6 4.24
0.00274 3.6 4.24
0.002742 3.76 4.32
0.002744 3.68 4.32
0.002746 3.76 4.4
0.002748 3.76 4.4
0.00275 3.76 4.48
0.002752 3.84 4.48
0.002754 3.92 4.56
0.002756 3.92 4.56
0.002758 3.92 4.64
0.00276 3.92 4.56
0.002762 4 4.56
0.002764 4.08 4.64
0.002766 4.08 4.72
0.002768 4.08 4.64
0.00277 4.16 4.8
0.002772 4.16 4.8
0.002774 4.16 4.8
0.002776 4.24 4.8
0.002778 4.24 4.88
0.00278 4.32 4.88
0.002782 4.24 4.88
0.002784 4.24 4.88
0.002786 4.32 4.96
0.002788 4.4 4.96
0.00279 4.4 4.96
0.002792 4.48 5.04
0.002794 4.48 5.04
0.002796 4.48 5.04
0.002798 4.56 5.04
0.0028 4.56 5.04
0.002802 4.56 5.12
0.002804 4.56 5.12
0.002806 4.64 5.12
0.002808 4.64 5.2
0.00281 4.72 5.12
0.002812 4.72 5.2
0.002814 4.72 5.2
0.002816 4.72 5.2
0.002818 4.72 5.2
0.00282 4.72 5.28
0.002822 4.8 5.28
0.002824 4.8 5.28
0.002826 4.8 5.36
0.002828 4.88 5.28
0.00283 4.88 5.28
0.002832 4.88 5.36
0.002834 4.96 5.28
0.002836 4.96 5.36
0.002838 4.96 5.36
0.00284 5.04 5.44
0.002842 5.04 5.44
0.002844 5.04 5.44
0.002846 5.04 5.44
0.002848 5.04 5.44
0.00285 5.04 5.44
0.002852 5.04 5.44
0.002854 5.12 5.44
0.002856 5.04 5.52
0.002858 5.04 5.44
0.00286 5.12 5.52
0.002862 5.2 5.52
0.002864 5.12 5.52
0.002866 5.12 5.52
0.002868 5.12 5.52
0.00287 5.2 5.6
0.002872 5.2 5.52
0.002874 5.2 5.52
0.002876 5.28 5.52
0.002878 5.2 5.52
0.00288 5.2 5.6
0.002882 5.2 5.6
0.002884 5.28 5.6
0.002886 5.36 5.6
0.002888 5.36 5.52
0.00289 5.36 5.6
0.002892 5.36 5.6
0.002894 5.36 5.52
0.002896 5.36 5.6
0.002898 5.36 5.6
0.0029 5.36 5.6
0.002902 5.36 5.6
0.002904 5.36 5.52
0.002906 5.36 5.6
0.002908 5.36 5.52
0.00291 5.36 5.6
0.002912 5.36 5.6
0.002914 5.36 5.6
0.002916 5.36 5.6
0.002918 5.36 5.6
0.00292 5.36 5.6
0.002922 5.36 5.52
0.002924 5.36 5.6
0.002926 5.44 5.6
0.002928 5.36 5.6
0.00293 5.44 5.52
0.002932 5.36 5.52
0.002934 5.36 5.6
0.002936 5.44 5.52
0.002938 5.36 5.52
0.00294 5.44 5.52
0.002942 5.36 5.52
0.002944 5.36 5.44
0.002946 5.36 5.52
0.002948 5.36 5.52
0.00295 5.36 5.52
0.002952 5.36 5.52
0.002954 5.36 5.52
0.002956 5.36 5.52
0.002958 5.36 5.44
0.00296 5.36 5.44
0.002962 5.36 5.52
0.002964 5.36 5.44
0.002966 5.36 5.44
0.002968 5.36 5.44
0.00297 5.36 5.36
0.002972 5.28 5.36
0.002974 5.36 5.36
0.002976 5.36 5.36
0.002978 5.28 5.28
0.00298 5.28 5.28
0.002982 5.2 5.28
0.002984 5.2 5.28
0.002986 5.2 5.28
0.002988 5.2 5.2
0.00299 5.2 5.2
0.002992 5.28 5.2
0.002994 5.2 5.2
0.002996 5.2 5.12
0.002998 5.12 5.12
0.003 5.2 5.12
0.003002 5.12 5.12
0.003004 5.12 5.12
0.003006 5.12 5.12
0.003008 5.12 5.04
0.00301 5.04 5.04
0.003012 5.12 5.04
0.003014 5.12 4.96
0.003016 5.04 4.96
0.003018 5.04 4.96
0.00302 5.04 4.88
0.003022 5.04 4.8
0.003024 5.04 4.88
0.003026 4.96 4.88
0.003028 5.04 4.8
0.00303 4.96 4.8
0.003032 4.88 4.8
0.003034 4.88 4.8
0.003036 4.88 4.72
0.003038 4.88 4.64
0.00304 4.8 4.72
0.003042 4.8 4.64
0.003044 4.8 4.56
0.003046 4.8 4.64
0.003048 4.8 4.56
0.00305 4.72 4.56
0.003052 4.72 4.48
0.003054 4.72 4.48
0.003056 4.72 4.4
0.003058 4.64 4.4
0.00306 4.56 4.4
0.003062 4.64 4.32
0.003064 4.56 4.32
0.003066 4.56 4.32
0.003068 4.56 4.24
0.00307 4.48 4.16
0.003072 4.48 4.16
0.003074 4.48 4.24
0.003076 4.4 4.16
0.003078 4.4 4.08
0.00308 4.32 4.08
0.003082 4.4 4.08
0.003084 4.32 4
0.003086 4.24 3.92
0.003088 4.24 3.92
0.00309 4.24 3.92
0.003092 4.24 3.84
0.003094 4.16 3.84
0.003096 4.08 3.84
0.003098 4.08 3.76
0.0031 4.08 3.76
0.003102 4.08 3.76
0.003104 4.08 3.68
0.003106 4 3.6
0.003108 3.92 3.6
0.00311 3.92 3.52
0.003112 3.84 3.52
0.003114 3.84 3.44
0.003116 3.84 3.44
0.003118 3.76 3.36
0.00312 3.76 3.28
0.003122 3.76 3.36
0.003124 3.76 3.36
0.003126 3.68 3.28
0.003128 3.6 3.2
0.00313 3.6 3.2
0.003132 3.6 3.12
0.003134 3.44 3.12
0.003136 3.52 3.04
0.003138 3.44 3.04
0.00314 3.44 2.96
0.003142 3.44 2.88
0.003144 3.28 2.88
0.003146 3.28 2.8
0.003148 3.28 2.72
0.00315 3.2 2.72
0.003152 3.2 2.72
0.003154 3.2 2.64
0.003156 3.12 2.64
0.003158 3.12 2.56
0.00316 2.96 2.64
0.003162 3.04 2.48
0.003164 2.96 2.48
0.003166 2.88 2.4
0.003168 2.88 2.4
0.00317 2.88 2.24
0.003172 2.8 2.32
0.003174 2.8 2.24
0.003176 2.8 2.24
0.003178 2.64 2.08
0.00318 2.64 2.08
0.003182 2.64 2
0.003184 2.56 2
0.003186 2.48 2
0.003188 2.48 1.92
0.00319 2.48 1.92
0.003192 2.48 1.84
0.003194 2.32 1.76
0.003196 2.32 1.68
0.003198 2.24 1.68
0.0032 2.24 1.6
0.003202 2.16 1.6
0.003204 2.16 1.6
0.003206 2.08 1.44
0.003208 2.16 1.44
0.00321 2 1.36
0.003212 2 1.36
0.003214 1.92 1.28
0.003216 1.92 1.28
0.003218 1.84 1.2
0.00322 1.84 1.12
0.003222 1.76 1.12
0.003224 1.68 1.04
0.003226 1.68 1.04
0.003228 1.6 1.04
0.00323 1.6 0.96
0.003232 1.52 0.88
0.003234 1.52 0.8
0.003236 1.44 0.8
0.003238 1.36 0.72
0.00324 1.36 0.72
0.003242 1.28 0.64
0.003244 1.2 0.64
0.003246 1.2 0.64
0.003248 1.2 0.56
0.00325 1.12 0.48
0.003252 1.04 0.4
0.003254 1.04 0.32
0.003256 0.96 0.24
0.003258 0.96 0.24
0.00326 0.88 0.16
0.003262 0.88 0.16
0.003264 0.88 0.16
0.003266 0.72 0.08
0.003268 0.72 0
0.00327 0.64 0
0.003272 0.64 0
0.003274 0.56 -0.24
0.003276 0.56 -0.24
0.003278 0.4 -0.24
0.00328 0.4 -0.32
0.003282 0.4 -0.4
0.003284 0.32 -0.4
0.003286 0.24 -0.4
0.003288 0.24 -0.56
0.00329 0.24 -0.56
0.003292 0.24 -0.64
0.003294 0.08 -0.64
0.003296 0 -0.64
0.003298 0 -0.8
0.0033 -0.16 -0.72
0.003302 -0.16 -0.8
0.003304 -0.16 -0.88
0.003306 -0.16 -0.96
0.003308 -0.32 -0.96
0.00331 -0.32 -1.04
0.003312 -0.4 -1.04
0.003314 -0.4 -1.12
0.003316 -0.48 -1.2
0.003318 -0.48 -1.28
0.00332 -0.56 -1.28
0.003322 -0.64 -1.28
0.003324 -0.64 -1.36
0.003326 -0.72 -1.36
0.003328 -0.72 -1.36
0.00333 -0.8 -1.6
0.003332 -0.8 -1.6
0.003334 -0.88 -1.6
0.003336 -0.96 -1.68
0.003338 -0.96 -1.68
0.00334 -1.04 -1.68
0.003342 -1.12 -1.76
0.003344 -1.12 -1.84
0.003346 -1.12 -1.92
0.003348 -1.12 -1.92
0.00335 -1.28 -1.92
0.003352 -1.36 -2
0.003354 -1.36 -2
0.003356 -1.44 -2.08
0.003358 -1.44 -2.16
0.00336 -1.44 -2.16
0.003362 -1.44 -2.24
0.003364 -1.6 -2.32
0.003366 -1.68 -2.4
0.003368 -1.68 -2.32
0.00337 -1.76 -2.4
0.003372 -1.76 -2.48
0.003374 -1.76 -2.56
0.003376 -1.92 -2.56
0.003378 -1.92 -2.64
0.00338 -1.92 -2.64
0.003382 -1.92 -2.72
0.003384 -2 -2.72
0.003386 -2.08 -2.8
0.003388 -2.08 -2.88
0.00339 -2.16 -2.88
0.003392 -2.24 -2.88
0.003394 -2.24 -2.96
0.003396 -2.24 -2.96
0.003398 -2.32 -2.96
0.0034 -2.4 -3.04
0.003402 -2.4 -3.12
0.003404 -2.4 -3.12
0.003406 -2.48 -3.2
0.003408 -2.48 -3.2
0.00341 -2.56 -3.28
0.003412 -2.56 -3.2
0.003414 -2.64 -3.28
0.003416 -2.72 -3.44
0.003418 -2.72 -3.36
0.00342 -2.72 -3.52
0.003422 -2.8 -3.52
0.003424 -2.88 -3.6
0.003426 -2.88 -3.52
0.003428 -2.96 -3.6
0.00343 -2.96 -3.68
0.003432 -3.04 -3.68
0.003434 -3.04 -3.76
0.003436 -3.12 -3.76
0.003438 -3.12 -3.84
0.00344 -3.2 -3.84
0.003442 -3.2 -3.92
0.003444 -3.2 -3.92
0.003446 -3.28 -3.92
0.003448 -3.28 -3.92
0.00345 -3.36 -4
0.003452 -3.36 -4.08
0.003454 -3.44 -4.08
0.003456 -3.52 -4.16
0.003458 -3.52 -4.16
0.00346 -3.6 -4.24
0.003462 -3.6 -4.16
0.003464 -3.6 -4.24
0.003466 -3.68 -4.24
0.003468 -3.68 -4.24
0.00347 -3.68 -4.32
0.003472 -3.76 -4.4
0.003474 -3.84 -4.4
0.003476 -3.92 -4.4
0.003478 -3.92 -4.48
0.00348 -3.92 -4.48
0.003482 -3.92 -4.48
0.003484 -4 -4.56
0.003486 -4 -4.56
0.003488 -4 -4.64
0.00349 -4 -4.64
0.003492 -4.08 -4.72
0.003494 -4.08 -4.72
0.003496 -4.16 -4.8
0.003498 -4.16 -4.8
0.0035 -4.24 -4.8
0.003502 -4.24 -4.8
0.003504 -4.32 -4.88
0.003506 -4.24 -4.88
0.003508 -4.32 -4.88
0.00351 -4.32 -4.88
0.003512 -4.4 -4.88
0.003514 -4.4 -5.04
0.003516 -4.48 -5.04
0.003518 -4.48 -5.04
0.00352 -4.56 -5.04
0.003522 -4.56 -5.04
0.003524 -4.56 -5.04
0.003526 -4.56 -5.12
0.003528 -4.64 -5.2
0.00353 -4.64 -5.12
0.003532 -4.64 -5.2
0.003534 -4.64 -5.2
0.003536 -4.64 -5.2
0.003538 -4.8 -5.2
0.00354 -4.72 -5.2
0.003542 -4.8 -5.2
0.003544 -4.88 -5.36
0.003546 -4.8 -5.28
0.003548 -4.88 -5.36
0.00355 -4.88 -5.28
0.003552 -4.96 -5.36
0.003554 -4.96 -5.36
0.003556 -4.96 -5.36
0.003558 -4.96 -5.36
0.00356 -4.96 -5.36
0.003562 -4.96 -5.44
0.003564 -5.04 -5.44
0.003566 -5.04 -5.44
0.003568 -5.12 -5.44
0.00357 -5.12 -5.52
0.003572 -5.12 -5.52
0.003574 -5.2 -5.52
0.003576 -5.12 -5.52
0.003578 -5.12 -5.52
0.00358 -5.2 -5.52
0.003582 -5.2 -5.52
0.003584 -5.2 -5.6
0.003586 -5.28 -5.6
0.003588 -5.28 -5.6
0.00359 -5.28 -5.6
0.003592 -5.28 -5.6
0.003594 -5.28 -5.6
0.003596 -5.28 -5.6
0.003598 -5.28 -5.68
0.0036 -5.36 -5.68
0.003602 -5.28 -5.68
0.003604 -5.28 -5.68
0.003606 -5.36 -5.68
0.003608 -5.36 -5.68
0.00361 -5.36 -5.68
0.003612 -5.36 -5.68
0.003614 -5.44 -5.68
0.003616 -5.44 -5.68
0.003618 -5.44 -5.68
0.00362 -5.44 -5.76
0.003622 -5.44 -5.76
0.003624 -5.44 -5.68
0.003626 -5.44 -5.76
0.003628 -5.52 -5.76
0.00363 -5.52 -5.68
0.003632 -5.44 -5.76
0.003634 -5.44 -5.76
0.003636 -5.44 -5.68
0.003638 -5.52 -5.76
0.00364 -5.52 -5.76
0.003642 -5.52 -5.76
0.003644 -5.52 -5.76
0.003646 -5.52 -5.68
0.003648 -5.52 -5.76
0.00365 -5.6 -5.76
0.003652 -5.52 -5.68
0.003654 -5.52 -5.76
0.003656 -5.52 -5.76
0.003658 -5.6 -5.76
0.00366 -5.6 -5.68
0.003662 -5.52 -5.76
0.003664 -5.6 -5.76
0.003666 -5.52 -5.68
0.003668 -5.6 -5.68
0.00367 -5.6 -5.68
0.003672 -5.52 -5.68
0.003674 -5.52 -5.6
0.003676 -5.6 -5.68
0.003678 -5.6 -5.68
0.00368 -5.52 -5.6
0.003682 -5.52 -5.68
0.003684 -5.52 -5.68
0.003686 -5.52 -5.52
0.003688 -5.52 -5.6
0.00369 -5.52 -5.6
0.003692 -5.52 -5.52
0.003694 -5.52 -5.52
0.003696 -5.52 -5.6
0.003698 -5.52 -5.52
0.0037 -5.52 -5.52
0.003702 -5.52 -5.52
0.003704 -5.52 -5.52
0.003706 -5.52 -5.52
0.003708 -5.52 -5.44
0.00371 -5.44 -5.44
0.003712 -5.44 -5.52
0.003714 -5.44 -5.44
0.003716 -5.44 -5.44
0.003718 -5.44 -5.44
0.00372 -5.44 -5.36
0.003722 -5.44 -5.36
0.003724 -5.44 -5.36
0.003726 -5.44 -5.36
0.003728 -5.36 -5.28
0.00373 -5.44 -5.28
0.003732 -5.36 -5.36
0.003734 -5.36 -5.28
0.003736 -5.28 -5.2
0.003738 -5.28 -5.28
0.00374 -5.28 -5.2
0.003742 -5.28 -5.12
0.003744 -5.28 -5.2
0.003746 -5.28 -5.2
0.003748 -5.28 -5.12
0.00375 -5.2 -5.12
0.003752 -5.2 -5.12
0.003754 -5.2 -5.04
0.003756 -5.2 -5.04
0.003758 -5.2 -4.96
0.00376 -5.2 -4.96
0.003762 -5.12 -4.96
0.003764 -5.12 -4.96
0.003766 -5.12 -4.96
0.003768 -5.12 -4.88
0.00377 -5.04 -4.88
0.003772 -5.04 -4.8
0.003774 -4.96 -4.8
0.003776 -4.96 -4.8
0.003778 -4.96 -4.72
0.00378 -4.96 -4.72
0.003782 -4.96 -4.72
0.003784 -4.96 -4.64
0.003786 -4.88 -4.64
0.003788 -4.96 -4.72
0.00379 -4.88 -4.64
0.003792 -4.8 -4.56
0.003794 -4.8 -4.56
0.003796 -4.8 -4.56
0.003798 -4.8 -4.48
0.0038 -4.72 -4.48
0.003802 -4.72 -4.48
0.003804 -4.64 -4.4
0.003806 -4.64 -4.4
0.003808 -4.64 -4.32
0.00381 -4.56 -4.24
0.003812 -4.64 -4.24
0.003814 -4.56 -4.16
0.003816 -4.56 -4.16
0.003818 -4.56 -4.16
0.00382 -4.4 -4.16
0.003822 -4.4 -4.08
0.003824 -4.48 -4.08
0.003826 -4.32 -4
0.003828 -4.32 -3.92
0.00383 -4.32 -3.92
0.003832 -4.24 -3.92
0.003834 -4.24 -3.84
0.003836 -4.24 -3.84
0.003838 -4.16 -3.84
0.00384 -4.16 -3.68
0.003842 -4.16 -3.68
0.003844 -4.16 -3.76
0.003846 -4 -3.68
0.003848 -4 -3.6
0.00385 -4 -3.6
0.003852 -4 -3.6
0.003854 -3.92 -3.52
0.003856 -3.92 -3.44
0.003858 -3.92 -3.44
0.00386 -3.84 -3.44
0.003862 -3.76 -3.36
0.003864 -3.84 -3.36
0.003866 -3.76 -3.28
0.003868 -3.68 -3.2
0.00387 -3.68 -3.12
0.003872 -3.68 -3.12
0.003874 -3.6 -3.12
0.003876 -3.52 -3.12
0.003878 -3.52 -3.04
0.00388 -3.52 -3.04
0.003882 -3.52 -2.96
0.003884 -3.44 -2.88
0.003886 -3.36 -2.88
0.003888 -3.36 -2.88
0.00389 -3.36 -2.72
0.003892 -3.28 -2.72
0.003894 -3.28 -2.72
0.003896 -3.2 -2.64
0.003898 -3.12 -2.56
0.0039 -3.12 -2.56
0.003902 -3.04 -2.56
0.003904 -3.04 -2.48
0.003906 -3.04 -2.4
0.003908 -2.96 -2.4
0.00391 -2.96 -2.32
0.003912 -2.88 -2.24
0.003914 -2.88 -2.24
0.003916 -2.72 -2.24
0.003918 -2.72 -2.16
0.00392 -2.72 -2.08
0.003922 -2.72 -2.08
0.003924 -2.64 -2
0.003926 -2.56 -1.92
0.003928 -2.56 -1.92
0.00393 -2.56 -1.84
0.003932 -2.4 -1.84
0.003934 -2.4 -1.76
0.003936 -2.4 -1.84
0.003938 -2.32 -1.68
0.00394 -2.32 -1.68
0.003942 -2.24 -1.6
0.003944 -2.24 -1.6
0.003946 -2.16 -1.52
0.003948 -2.16 -1.44
0.00395 -2.08 -1.44
0.003952 -2 -1.36
0.003954 -2 -1.28
0.003956 -1.92 -1.36
0.003958 -1.92 -1.28
0.00396 -1.92 -1.2
0.003962 -1.76 -1.12
0.003964 -1.76 -1.04
0.003966 -1.68 -1.04
0.003968 -1.68 -0.96
0.00397 -1.6 -0.96
0.003972 -1.6 -0.96
0.003974 -1.44 -0.88
0.003976 -1.44 -0.8
0.003978 -1.44 -0.8
0.00398 -1.44 -0.72
0.003982 -1.36 -0.64
0.003984 -1.36 -0.56
0.003986 -1.28 -0.56
0.003988 -1.28 -0.48
0.00399 -1.28 -0.48
0.003992 -1.12 -0.4
0.003994 -1.12 -0.4
0.003996 -1.04 -0.24
0.003998 -1.04 -0.24
0.004 -0.96 -0.24
0.004002 -0.96 -0.16
0.004004 -0.8 0
0.004006 -0.8 0
0.004008 -0.8 0
0.00401 -0.72 0.08
0.004012 -0.72 0.08
0.004014 -0.64 0.16
0.004016 -0.56 0.24
0.004018 -0.56 0.32
0.00402 -0.48 0.32
0.004022 -0.48 0.32
0.004024 -0.4 0.4
0.004026 -0.4 0.48
0.004028 -0.32 0.48
0.00403 -0.32 0.48
0.004032 -0.16 0.56
0.004034 -0.16 0.64
0.004036 -0.16 0.72
0.004038 0 0.8
0.00404 0 0.8
0.004042 0.08 0.8
0.004044 0.08 0.88
0.004046 0.24 0.96
0.004048 0.24 0.96
0.00405 0.24 0.96
0.004052 0.24 1.12
0.004054 0.4 1.12
0.004056 0.4 1.12
0.004058 0.4 1.2
0.00406 0.48 1.28
0.004062 0.56 1.28
0.004064 0.64 1.36
0.004066 0.64 1.36
0.004068 0.64 1.44
0.00407 0.72 1.52
0.004072 0.8 1.6
0.004074 0.88 1.6
0.004076 0.88 1.6
0.004078 0.88 1.68
0.00408 0.96 1.68
0.004082 0.96 1.76
0.004084 1.04 1.84
0.004086 1.04 1.76
0.004088 1.12 1.92
0.00409 1.2 2
0.004092 1.2 2
0.004094 1.28 2.08
0.004096 1.36 2.16
0.004098 1.36 2.08
0.0041 1.36 2.24
0.004102 1.52 2.24
0.004104 1.52 2.32
0.004106 1.6 2.32
0.004108 1.52 2.4
0.00411 1.6 2.4
0.004112 1.68 2.48
0.004114 1.68 2.48
0.004116 1.76 2.56
0.004118 1.84 2.56
0.00412 1.84 2.64
0.004122 1.92 2.64
0.004124 1.92 2.72
0.004126 2 2.72
0.004128 2 2.8
0.00413 2.08 2.88
0.004132 2.16 2.88
0.004134 2.16 2.88
0.004136 2.24 2.96
0.004138 2.24 2.96
0.00414 2.32 2.96
0.004142 2.32 3.04
0.004144 2.4 3.12
0.004146 2.4 3.2
0.004148 2.48 3.2
0.00415 2.48 3.28
0.004152 2.48 3.28
0.004154 2.56 3.28
0.004156 2.56 3.28
0.004158 2.64 3.36
0.00416 2.64 3.44
0.004162 2.64 3.44
0.004164 2.8 3.52
0.004166 2.8 3.52
0.004168 2.88 3.6
0.00417 2.88 3.6
0.004172 2.96 3.68
0.004174 2.96 3.68
0.004176 3.04 3.76
0.004178 3.04 3.84
0.00418 3.04 3.84
0.004182 3.12 3.84
0.004184 3.12 3.84
0.004186 3.2 3.92
0.004188 3.28 3.92
0.00419 3.28 3.92
0.004192 3.36 3.92
0.004194 3.36 4
0.004196 3.44 4.08
0.004198 3.44 4.08
0.0042 3.44 4.16
0.004202 3.44 4.16
0.004204 3.52 4.16
0.004206 3.52 4.24
0.004208 3.6 4.24
0.00421 3.6 4.24
0.004212 3.68 4.32
0.004214 3.68 4.32
0.004216 3.68 4.4
0.004218 3.76 4.4
0.00422 3.84 4.48
0.004222 3.84 4.48
0.004224 3.84 4.48
0.004226 3.92 4.48
0.004228 3.92 4.56
0.00423 4 4.56
0.004232 4 4.56
0.004234 4.08 4.64
0.004236 4.08 4.72
0.004238 4.08 4.72
0.00424 4.08 4.72
0.004242 4.16 4.8
0.004244 4.16 4.8
0.004246 4.24 4.8
0.004248 4.24 4.8
0.00425 4.24 4.88
0.004252 4.24 4.88
0.004254 4.32 4.88
0.004256 4.32 4.96
0.004258 4.4 4.96
0.00426 4.4 4.96
0.004262 4.4 5.04
0.004264 4.4 5.04
0.004266 4.48 4.96
0.004268 4.48 4.96
0.00427 4.48 5.04
0.004272 4.56 5.12
0.004274 4.56 5.12
0.004276 4.56 5.12
0.004278 4.72 5.2
0.00428 4.64 5.2
0.004282 4.72 5.2
0.004284 4.72 5.2
0.004286 4.72 5.2
0.004288 4.72 5.2
0.00429 4.8 5.2
0.004292 4.8 5.28
0.004294 4.8 5.28
0.004296 4.88 5.28
0.004298 4.88 5.36
0.0043 4.88 5.36
0.004302 4.88 5.28
0.004304 4.88 5.36
0.004306 4.88 5.36
0.004308 4.96 5.36
0.00431 4.96 5.36
0.004312 5.04 5.44
0.004314 5.04 5.44
0.004316 5.04 5.44
0.004318 5.04 5.44
0.00432 5.04 5.44
0.004322 5.04 5.44
0.004324 5.04 5.44
0.004326 5.04 5.44
0.004328 5.12 5.52
0.00433 5.12 5.52
0.004332 5.12 5.52
0.004334 5.12 5.52
0.004336 5.12 5.52
0.004338 5.2 5.52
0.00434 5.2 5.52
0.004342 5.2 5.52
0.004344 5.2 5.52
0.004346 5.2 5.52
0.004348 5.2 5.6
0.00435 5.28 5.6
0.004352 5.2 5.6
0.004354 5.28 5.52
0.004356 5.28 5.6
0.004358 5.2 5.52
0.00436 5.36 5.6
0.004362 5.28 5.6
0.004364 5.28 5.6
0.004366 5.36 5.6
0.004368 5.36 5.68
0.00437 5.36 5.68
0.004372 5.36 5.6
0.004374 5.36 5.6
0.004376 5.36 5.6
0.004378 5.36 5.6
0.00438 5.36 5.6
0.004382 5.36 5.6
0.004384 5.36 5.68
0.004386 5.36 5.6
0.004388 5.36 5.6
0.00439 5.36 5.6
0.004392 5.36 5.52
0.004394 5.36 5.52
0.004396 5.36 5.6
0.004398 5.36 5.6
0.0044 5.36 5.6
0.004402 5.36 5.52
0.004404 5.44 5.6
0.004406 5.36 5.52
0.004408 5.36 5.52
0.00441 5.36 5.52
0.004412 5.44 5.52
0.004414 5.36 5.52
0.004416 5.36 5.44
0.004418 5.36 5.52
0.00442 5.36 5.44
0.004422 5.36 5.44
0.004424 5.36 5.52
0.004426 5.36 5.52
0.004428 5.36 5.44
0.00443 5.36 5.44
0.004432 5.36 5.44
0.004434 5.36 5.44
0.004436 5.36 5.44
0.004438 5.36 5.36
0.00444 5.36 5.44
0.004442 5.36 5.36
0.004444 5.36 5.36
0.004446 5.36 5.28
0.004448 5.28 5.28
0.00445 5.28 5.2
0.004452 5.2 5.28
0.004454 5.28 5.28
0.004456 5.28 5.28
0.004458 5.2 5.2
0.00446 5.2 5.28
0.004462 5.2 5.2
0.004464 5.2 5.2
0.004466 5.2 5.2
0.004468 5.2 5.2
0.00447 5.2 5.12
0.004472 5.12 5.12
0.004474 5.12 5.04
0.004476 5.12 5.04
0.004478 5.12 5.04
0.00448 5.12 5.04
0.004482 5.12 5.04
0.004484 5.04 4.96
0.004486 5.04 4.96
0.004488 5.04 4.88
0.00449 5.04 4.96
0.004492 5.04 4.88
0.004494 4.96 4.88
0.004496 5.04 4.88
0.004498 4.96 4.8
0.0045 4.88 4.8
0.004502 4.88 4.8
0.004504 4.96 4.8
0.004506 4.88 4.72
0.004508 4.88 4.64
0.00451 4.8 4.72
0.004512 4.88 4.64
0.004514 4.8 4.64
0.004516 4.8 4.64
0.004518 4.72 4.56
0.00452 4.72 4.56
0.004522 4.72 4.56
0.004524 4.72 4.48
0.004526 4.64 4.48
0.004528 4.64 4.4
0.00453 4.56 4.4
0.004532 4.56 4.4
0.004534 4.56 4.32
0.004536 4.56 4.32
0.004538 4.48 4.24
0.00454 4.48 4.24
0.004542 4.48 4.16
0.004544 4.48 4.16
0.004546 4.4 4.16
0.004548 4.4 4.16
0.00455 4.4 4
0.004552 4.32 4.16
0.004554 4.24 4
0.004556 4.24 3.92
0.004558 4.24 3.92
0.00456 4.16 3.92
0.004562 4.16 3.84
0.004564 4.16 3.84
0.004566 4.08 3.84
0.004568 4.16 3.84
0.00457 4.08 3.68
0.004572 4.08 3.68
0.004574 4.08 3.68
0.004576 4 3.6
0.004578 3.92 3.6
0.00458 3.92 3.6
0.004582 3.92 3.52
0.004584 3.84 3.44
0.004586 3.84 3.44
0.004588 3.76 3.44
0.00459 3.76 3.36
0.004592 3.76 3.36
0.004594 3.76 3.28
0.004596 3.76 3.28
0.004598 3.6 3.2
0.0046 3.6 3.12
0.004602 3.6 3.2
0.004604 3.52 3.04
0.004606 3.44 3.04
0.004608 3.44 3.04
0.00461 3.44 2.96
0.004612 3.36 2.96
0.004614 3.44 2.88
0.004616 3.28 2.88
0.004618 3.28 2.8
0.00462 3.2 2.8
0.004622 3.2 2.72
0.004624 3.12 2.64
0.004626 3.12 2.64
0.004628 3.12 2.56
0.00463 3.04 2.56
0.004632 3.04 2.56
0.004634 2.96 2.48
0.004636 2.96 2.4
0.004638 2.88 2.4
0.00464 2.88 2.32
0.004642 2.8 2.32
0.004644 2.8 2.24
0.004646 2.8 2.24
0.004648 2.72 2.16
0.00465 2.64 2.16
0.004652 2.56 2
0.004654 2.56 1.92
0.004656 2.56 1.92
0.004658 2.48 2
0.00466 2.48 1.92
0.004662 2.4 1.84
0.004664 2.32 1.84
0.004666 2.24 1.76
0.004668 2.24 1.68
0.00467 2.24 1.6
0.004672 2.16 1.6
0.004674 2.16 1.52
0.004676 2.16 1.44
0.004678 2.08 1.44
0.00468 2 1.44
0.004682 2 1.28
0.004684 2 1.28
0.004686 1.92 1.28
0.004688 1.84 1.2
0.00469 1.84 1.28
0.004692 1.84 1.12
0.004694 1.68 1.12
0.004696 1.68 1.04
0.004698 1.6 1.04
0.0047 1.52 0.96
0.004702 1.52 0.88
0.004704 1.52 0.8
0.004706 1.52 0.8
0.004708 1.44 0.72
0.00471 1.36 0.72
0.004712 1.28 0.64
0.004714 1.28 0.64
0.004716 1.2 0.56
0.004718 1.2 0.56
0.00472 1.12 0.48
0.004722 1.12 0.48
0.004724 1.04 0.32
0.004726 0.96 0.32
0.004728 0.96 0.24
0.00473 0.88 0.24
0.004732 0.88 0.08
0.004734 0.8 0.16
0.004736 0.88 0.08
0.004738 0.72 0
0.00474 0.64 0
0.004742 0.64 -0.16
0.004744 0.56 -0.16
0.004746 0.56 -0.16
0.004748 0.56 -0.24
0.00475 0.4 -0.32
0.004752 0.4 -0.32
0.004754 0.32 -0.4
0.004756 0.32 -0.4
0.004758 0.24 -0.48
0.00476 0.24 -0.56
0.004762 0.24 -0.64
0.004764 0.08 -0.64
0.004766 0.08 -0.72
0.004768 0 -0.8
0.00477 -0.16 -0.72
0.004772 -0.16 -0.8
0.004774 -0.16 -0.88
0.004776 -0.16 -0.96
0.004778 -0.32 -0.96
0.00478 -0.32 -1.04
0.004782 -0.4 -1.12
0.004784 -0.4 -1.04
0.004786 -0.48 -1.2
0.004788 -0.48 -1.2
0.00479 -0.48 -1.2
0.004792 -0.56 -1.28
0.004794 -0.64 -1.36
0.004796 -0.72 -1.44
0.004798 -0.72 -1.36
0.0048 -0.8 -1.52
0.004802 -0.8 -1.6
0.004804 -0.88 -1.6
0.004806 -0.96 -1.6
0.004808 -0.96 -1.68
0.00481 -1.04 -1.68
0.004812 -1.12 -1.76
0.004814 -1.12 -1.76
0.004816 -1.12 -1.92
0.004818 -1.12 -1.92
0.00482 -1.28 -1.92
0.004822 -1.28 -2.08
0.004824 -1.36 -2.08
0.004826 -1.36 -2
0.004828 -1.44 -2.16
0.00483 -1.44 -2.24
0.004832 -1.52 -2.24
0.004834 -1.6 -2.24
0.004836 -1.6 -2.32
0.004838 -1.68 -2.32
0.00484 -1.68 -2.32
0.004842 -1.76 -2.4
0.004844 -1.76 -2.48
0.004846 -1.76 -2.56
0.004848 -1.92 -2.56
0.00485 -1.92 -2.64
0.004852 -1.92 -2.8
0.004854 -2 -2.72
0.004856 -2.08 -2.8
0.004858 -2.08 -2.8
0.00486 -2.08 -2.88
0.004862 -2.08 -2.8
0.004864 -2.24 -2.88
0.004866 -2.24 -2.96
0.004868 -2.32 -2.96
0.00487 -2.32 -2.96
0.004872 -2.32 -3.2
0.004874 -2.4 -3.2
0.004876 -2.48 -3.12
0.004878 -2.56 -3.2
0.00488 -2.56 -3.28
0.004882 -2.56 -3.2
0.004884 -2.64 -3.28
0.004886 -2.72 -3.36
0.004888 -2.72 -3.44
0.00489 -2.8 -3.44
0.004892 -2.8 -3.52
0.004894 -2.88 -3.6
0.004896 -2.96 -3.6
0.004898 -2.96 -3.6
0.0049 -2.96 -3.6
0.004902 -3.04 -3.68
0.004904 -3.04 -3.76
0.004906 -3.04 -3.76
0.004908 -3.04 -3.84
0.00491 -3.2 -3.92
0.004912 -3.2 -3.84
0.004914 -3.28 -3.92
0.004916 -3.28 -3.92
0.004918 -3.28 -3.92
0.00492 -3.36 -4
0.004922 -3.36 -4
0.004924 -3.36 -4.08
0.004926 -3.52 -4.08
0.004928 -3.52 -4.16
0.00493 -3.52 -4.16
0.004932 -3.6 -4.24
0.004934 -3.6 -4.24
0.004936 -3.6 -4.24
0.004938 -3.68 -4.24
0.00494 -3.68 -4.24
0.004942 -3.68 -4.4
0.004944 -3.76 -4.4
0.004946 -3.84 -4.48
0.004948 -3.84 -4.48
0.00495 -3.84 -4.56
0.004952 -3.92 -4.48
0.004954 -3.92 -4.48
0.004956 -4 -4.56
0.004958 -4 -4.56
0.00496 -4.08 -4.64
0.004962 -4 -4.64
0.004964 -4.16 -4.72
0.004966 -4.16 -4.72
0.004968 -4.16 -4.72
0.00497 -4.24 -4.8
0.004972 -4.24 -4.88
0.004974 -4.32 -4.8
0.004976 -4.32 -4.8
0.004978 -4.4 -4.88
0.00498 -4.32 -4.88
0.004982 -4.4 -4.88
0.004984 -4.48 -5.04
0.004986 -4.4 -4.96
0.004988 -4.48 -5.04
0.00499 -4.48 -5.04
0.004992 -4.56 -5.12
0.004994 -4.56 -5.04
0.004996 -4.56 -5.04
0.004998 -4.64 -5.12
0.005 -4.64 -5.2
0.005002 -4.64 -5.2
0.005004 -4.64 -5.12
0.005006 -4.72 -5.2
0.005008 -4.8 -5.2
0.00501 -4.8 -5.2
0.005012 -4.8 -5.2
0.005014 -4.8 -5.28
0.005016 -4.8 -5.28
0.005018 -4.88 -5.28
0.00502 -4.88 -5.36
0.005022 -4.96 -5.36
0.005024 -4.96 -5.36
0.005026 -4.96 -5.36
0.005028 -4.96 -5.44
0.00503 -4.96 -5.36
0.005032 -5.04 -5.44
0.005034 -4.96 -5.44
0.005036 -5.04 -5.44
0.005038 -5.12 -5.44
0.00504 -5.12 -5.52
0.005042 -5.12 -5.52
0.005044 -5.12 -5.52
0.005046 -5.12 -5.52
0.005048 -5.12 -5.52
0.00505 -5.2 -5.52
0.005052 -5.2 -5.52
0.005054 -5.2 -5.6
0.005056 -5.2 -5.6
0.005058 -5.28 -5.52
0.00506 -5.28 -5.6
0.005062 -5.28 -5.6
0.005064 -5.28 -5.6
0.005066 -5.28 -5.52
0.005068 -5.28 -5.6
0.00507 -5.28 -5.68
0.005072 -5.28 -5.68
0.005074 -5.36 -5.68
0.005076 -5.28 -5.68
0.005078 -5.28 -5.68
0.00508 -5.36 -5.68
0.005082 -5.44 -5.68
0.005084 -5.36 -5.76
0.005086 -5.36 -5.68
0.005088 -5.52 -5.68
0.00509 -5.44 -5.76
0.005092 -5.52 -5.68
0.005094 -5.52 -5.68
0.005096 -5.44 -5.76
0.005098 -5.52 -5.76
0.0051 -5.52 -5.76
0.005102 -5.52 -5.76
0.005104 -5.44 -5.76
0.005106 -5.52 -5.76
0.005108 -5.52 -5.76
0.00511 -5.52 -5.76
0.005112 -5.52 -5.76
0.005114 -5.52 -5.76
0.005116 -5.52 -5.76
0.005118 -5.6 -5.76
0.00512 -5.52 -5.76
0.005122 -5.52 -5.68
0.005124 -5.52 -5.68
0.005126 -5.52 -5.76
0.005128 -5.6 -5.76
0.00513 -5.6 -5.68
0.005132 -5.6 -5.76
0.005134 -5.6 -5.76
0.005136 -5.6 -5.68
0.005138 -5.6 -5.68
0.00514 -5.6 -5.76
0.005142 -5.6 -5.68
0.005144 -5.6 -5.68
0.005146 -5.6 -5.68
0.005148 -5.6 -5.68
0.00515 -5.52 -5.68
0.005152 -5.6 -5.6
0.005154 -5.52 -5.6
0.005156 -5.6 -5.6
0.005158 -5.52 -5.6
0.00516 -5.52 -5.52
0.005162 -5.52 -5.6
0.005164 -5.52 -5.52
0.005166 -5.52 -5.52
0.005168 -5.52 -5.6
0.00517 -5.52 -5.52
0.005172 -5.52 -5.52
0.005174 -5.52 -5.52
0.005176 -5.52 -5.52
0.005178 -5.44 -5.44
0.00518 -5.44 -5.44
0.005182 -5.44 -5.52
0.005184 -5.44 -5.44
0.005186 -5.44 -5.44
0.005188 -5.44 -5.44
0.00519 -5.44 -5.44
0.005192 -5.44 -5.36
0.005194 -5.44 -5.36
0.005196 -5.44 -5.36
0.005198 -5.36 -5.36
0.0052 -5.44 -5.36
0.005202 -5.44 -5.28
0.005204 -5.36 -5.2
0.005206 -5.28 -5.28
0.005208 -5.36 -5.2
0.00521 -5.28 -5.2
0.005212 -5.28 -5.2
0.005214 -5.28 -5.2
0.005216 -5.28 -5.12
0.005218 -5.28 -5.12
0.00522 -5.2 -5.12
0.005222 -5.2 -5.12
0.005224 -5.2 -5.12
0.005226 -5.2 -5.12
0.005228 -5.2 -4.96
0.00523 -5.2 -4.96
0.005232 -5.2 -4.96
0.005234 -5.12 -4.88
0.005236 -5.12 -4.88
0.005238 -5.12 -4.88
0.00524 -5.04 -4.88
0.005242 -5.04 -4.88
0.005244 -4.96 -4.8
0.005246 -5.04 -4.8
0.005248 -4.96 -4.72
0.00525 -4.96 -4.8
0.005252 -4.96 -4.72
0.005254 -4.88 -4.72
0.005256 -4.96 -4.56
0.005258 -4.88 -4.64
0.00526 -4.88 -4.56
0.005262 -4.8 -4.56
0.005264 -4.88 -4.48
0.005266 -4.8 -4.56
0.005268 -4.8 -4.48
0.00527 -4.72 -4.48
0.005272 -4.72 -4.4
0.005274 -4.64 -4.4
0.005276 -4.64 -4.4
0.005278 -4.64 -4.32
0.00528 -4.56 -4.32
0.005282 -4.64 -4.24
0.005284 -4.56 -4.16
0.005286 -4.48 -4.16
0.005288 -4.48 -4.24
0.00529 -4.48 -4.08
0.005292 -4.48 -4.08
0.005294 -4.48 -4.08
0.005296 -4.32 -4.08
0.005298 -4.32 -4
0.0053 -4.32 -3.92
0.005302 -4.32 -3.92
0.005304 -4.24 -3.92
0.005306 -4.24 -3.84
0.005308 -4.24 -3.84
0.00531 -4.16 -3.84
0.005312 -4.16 -3.76
0.005314 -4.16 -3.76
0.005316 -4 -3.68
0.005318 -4 -3.6
0.00532 -4 -3.6
0.005322 -4 -3.6
0.005324 -4 -3.52
0.005326 -3.92 -3.52
0.005328 -3.92 -3.44
0.00533 -3.84 -3.44
0.005332 -3.84 -3.44
0.005334 -3.76 -3.36
0.005336 -3.68 -3.36
0.005338 -3.68 -3.28
0.00534 -3.68 -3.2
0.005342 -3.68 -3.2
0.005344 -3.6 -3.12
0.005346 -3.6 -3.12
0.005348 -3.52 -2.96
0.00535 -3.52 -3.04
0.005352 -3.44 -2.96
0.005354 -3.36 -2.96
0.005356 -3.36 -2.88
0.005358 -3.36 -2.88
0.00536 -3.28 -2.8
0.005362 -3.28 -2.72
0.005364 -3.28 -2.72
0.005366 -3.2 -2.72
0.005368 -3.2 -2.64
0.00537 -3.2 -2.56
0.005372 -3.04 -2.56
0.005374 -3.04 -2.48
0.005376 -2.96 -2.48
0.005378 -2.96 -2.4
0.00538 -2.96 -2.4
0.005382 -2.88 -2.32
0.005384 -2.8 -2.24
0.005386 -2.88 -2.32
0.005388 -2.8 -2.24
0.00539 -2.72 -2.16
0.005392 -2.72 -2.16
0.005394 -2.64 -2
0.005396 -2.64 -1.92
0.005398 -2.56 -1.92
0.0054 -2.56 -1.92
0.005402 -2.4 -1.92
0.005404 -2.4 -1.84
0.005406 -2.4 -1.84
0.005408 -2.4 -1.76
0.00541 -2.32 -1.68
0.005412 -2.32 -1.6
0.005414 -2.24 -1.6
0.005416 -2.16 -1.52
0.005418 -2.08 -1.52
0.00542 -2.08 -1.44
0.005422 -2.08 -1.52
0.005424 -2 -1.36
0.005426 -1.92 -1.28
0.005428 -1.92 -1.28
0.00543 -1.92 -1.2
0.005432 -1.76 -1.12
0.005434 -1.76 -1.04
0.005436 -1.76 -1.04
0.005438 -1.68 -1.04
0.00544 -1.68 -0.88
0.005442 -1.6 -0.96
0.005444 -1.6 -0.88
0.005446 -1.44 -0.8
0.005448 -1.44 -0.8
0.00545 -1.44 -0.72
0.005452 -1.44 -0.64
0.005454 -1.36 -0.64
0.005456 -1.28 -0.56
0.005458 -1.28 -0.56
0.00546 -1.12 -0.48
0.005462 -1.12 -0.4
0.005464 -1.12 -0.4
0.005466 -1.12 -0.32
0.005468 -1.04 -0.24
0.00547 -1.04 -0.24
0.005472 -0.96 -0.24
0.005474 -0.8 -0.16
0.005476 -0.8 0
0.005478 -0.8 0
0.00548 -0.8 0
0.005482 -0.72 0.08
0.005484 -0.64 0.16
0.005486 -0.56 0.16
0.005488 -0.48 0.24
0.00549 -0.48 0.32
0.005492 -0.48 0.4
0.005494 -0.48 0.4
0.005496 -0.4 0.48
0.005498 -0.32 0.48
0.0055 -0.32 0.56
0.005502 -0.32 0.64
0.005504 -0.16 0.64
0.005506 -0.16 0.64
0.005508 0 0.72
0.00551 0 0.8
0.005512 0.08 0.8
0.005514 0.08 0.8
0.005516 0.24 0.96
0.005518 0.24 0.96
0.00552 0.24 0.96
0.005522 0.32 1.04
0.005524 0.32 1.12
0.005526 0.4 1.2
0.005528 0.4 1.2
0.00553 0.4 1.28
0.005532 0.56 1.28
0.005534 0.64 1.28
0.005536 0.56 1.28
0.005538 0.64 1.44
0.00554 0.72 1.44
0.005542 0.72 1.44
0.005544 0.88 1.6
0.005546 0.88 1.6
0.005548 0.88 1.68
0.00555 0.96 1.68
0.005552 0.96 1.76
0.005554 1.04 1.76
0.005556 1.04 1.84
0.005558 1.12 1.92
0.00556 1.2 1.92
0.005562 1.28 1.92
0.005564 1.28 2
0.005566 1.28 2.08
0.005568 1.36 2.08
0.00557 1.36 2.16
0.005572 1.44 2.16
0.005574 1.52 2.24
0.005576 1.52 2.32
0.005578 1.6 2.32
0.00558 1.6 2.48
0.005582 1.68 2.48
0.005584 1.68 2.48
0.005586 1.68 2.56
0.005588 1.84 2.56
0.00559 1.84 2.56
0.005592 1.84 2.64
0.005594 1.92 2.72
0.005596 2 2.72
0.005598 2 2.8
0.0056 2.08 2.88
0.005602 2 2.88
0.005604 2.16 2.96
0.005606 2.16 2.96
0.005608 2.24 2.96
0.00561 2.24 2.96
0.005612 2.32 2.96
0.005614 2.32 3.12
0.005616 2.48 3.12
0.005618 2.48 3.2
0.00562 2.48 3.2
0.005622 2.48 3.28
0.005624 2.56 3.28
0.005626 2.64 3.28
0.005628 2.64 3.28
0.00563 2.72 3.44
0.005632 2.8 3.44
0.005634 2.8 3.52
0.005636 2.8 3.6
0.005638 2.88 3.6
0.00564 2.88 3.6
0.005642 2.96 3.68
0.005644 2.96 3.6
0.005646 2.96 3.68
0.005648 3.04 3.68
0.00565 3.12 3.84
0.005652 3.12 3.84
0.005654 3.2 3.84
0.005656 3.2 3.92
0.005658 3.2 3.92
0.00566 3.28 3.92
0.005662 3.28 4
0.005664 3.28 4
0.005666 3.36 4.08
0.005668 3.44 4
0.00567 3.44 4.16
0.005672 3.52 4.16
0.005674 3.52 4.16
0.005676 3.6 4.24
0.005678 3.52 4.24
0.00568 3.6 4.24
0.005682 3.68 4.24
0.005684 3.76 4.32
0.005686 3.76 4.4
0.005688 3.76 4.4
0.00569 3.76 4.4
0.005692 3.76 4.48
0.005694 3.84 4.56
0.005696 3.84 4.48
0.005698 3.92 4.56
0.0057 3.92 4.56
0.005702 4.08 4.56
0.005704 4 4.64
0.005706 4.08 4.72
0.005708 4.08 4.64
0.00571 4.16 4.72
0.005712 4.16 4.72
0.005714 4.16 4.8
0.005716 4.24 4.8
0.005718 4.16 4.8
0.00572 4.24 4.88
0.005722 4.32 4.88
0.005724 4.32 4.88
0.005726 4.4 4.88
0.005728 4.4 4.96
0.00573 4.4 4.96
0.005732 4.4 4.96
0.005734 4.4 5.04
0.005736 4.48 4.96
0.005738 4.48 4.96
0.00574 4.48 4.96
0.005742 4.56 5.12
0.005744 4.56 5.12
0.005746 4.64 5.12
0.005748 4.64 5.2
0.00575 4.72 5.2
0.005752 4.72 5.2
0.005754 4.72 5.2
0.005756 4.72 5.2
0.005758 4.72 5.2
0.00576 4.8 5.28
0.005762 4.72 5.28
0.005764 4.8 5.28
0.005766 4.8 5.28
0.005768 4.8 5.28
0.00577 4.88 5.36
0.005772 4.88 5.28
0.005774 4.88 5.36
0.005776 4.88 5.36
0.005778 4.88 5.44
0.00578 5.04 5.44
0.005782 5.04 5.44
0.005784 4.96 5.44
0.005786 5.04 5.52
0.005788 5.04 5.36
0.00579 5.04 5.44
0.005792 5.04 5.44
0.005794 5.04 5.44
0.005796 5.04 5.44
0.005798 5.12 5.52
0.0058 5.04 5.52
0.005802 5.12 5.52
0.005804 5.12 5.52
0.005806 5.2 5.52
0.005808 5.2 5.44
0.00581 5.2 5.52
0.005812 5.2 5.6
0.005814 5.2 5.52
0.005816 5.2 5.52
0.005818 5.2 5.6
0.00582 5.28 5.6
0.005822 5.36 5.52
0.005824 5.2 5.52
0.005826 5.28 5.6
0.005828 5.28 5.6
0.00583 5.36 5.6
0.005832 5.36 5.6
0.005834 5.36 5.6
0.005836 5.36 5.6
0.005838 5.36 5.6
0.00584 5.36 5.6
0.005842 5.36 5.6
0.005844 5.36 5.52
0.005846 5.36 5.6
0.005848 5.36 5.6
0.00585 5.36 5.6
0.005852 5.36 5.52
0.005854 5.36 5.6
0.005856 5.36 5.6
0.005858 5.36 5.6
0.00586 5.36 5.6
0.005862 5.36 5.6
0.005864 5.36 5.52
0.005866 5.36 5.6
0.005868 5.36 5.52
0.00587 5.44 5.6
0.005872 5.36 5.52
0.005874 5.36 5.52
0.005876 5.44 5.6
0.005878 5.44 5.52
0.00588 5.44 5.52
0.005882 5.36 5.52
0.005884 5.36 5.52
0.005886 5.36 5.52
0.005888 5.36 5.52
0.00589 5.36 5.6
0.005892 5.36 5.44
0.005894 5.36 5.44
0.005896 5.36 5.52
0.005898 5.36 5.52
0.0059 5.36 5.36
0.005902 5.36 5.44
0.005904 5.36 5.44
0.005906 5.36 5.36
0.005908 5.36 5.36
0.00591 5.36 5.44
0.005912 5.36 5.44
0.005914 5.36 5.36
0.005916 5.36 5.36
0.005918 5.36 5.28
0.00592 5.28 5.2
0.005922 5.36 5.28
0.005924 5.2 5.28
0.005926 5.2 5.28
0.005928 5.2 5.2
0.00593 5.2 5.28
0.005932 5.28 5.2
0.005934 5.2 5.2
0.005936 5.2 5.12
0.005938 5.2 5.2
0.00594 5.2 5.2
0.005942 5.2 5.12
0.005944 5.2 5.12
0.005946 5.12 5.12
0.005948 5.12 5.12
0.00595 5.12 5.04
0.005952 5.12 5.04
0.005954 5.04 5.04
0.005956 5.04 4.88
0.005958 5.04 4.96
0.00596 5.04 4.96
0.005962 5.04 4.88
0.005964 5.04 4.88
0.005966 4.96 4.88
0.005968 4.96 4.88
0.00597 4.96 4.8
0.005972 4.88 4.8
0.005974 4.88 4.8
0.005976 4.88 4.72
0.005978 4.88 4.72
0.00598 4.88 4.64
0.005982 4.88 4.72
0.005984 4.8 4.64
0.005986 4.8 4.64
0.005988 4.72 4.56
0.00599 4.72 4.56
0.005992 4.72 4.48
0.005994 4.72 4.48
0.005996 4.72 4.4
0.005998 4.72 4.4
0.006 4.64 4.4
0.006002 4.64 4.4
0.006004 4.56 4.4
0.006006 4.64 4.32
0.006008 4.56 4.24
0.00601 4.56 4.32
0.006012 4.48 4.16
0.006014 4.48 4.16
0.006016 4.48 4.16
0.006018 4.4 4.16
0.00602 4.4 4.08
0.006022 4.4 4.16
0.006024 4.4 4
0.006026 4.24 4
0.006028 4.32 3.92
0.00603 4.24 3.92
0.006032 4.16 3.84
0.006034 4.16 3.84
0.006036 4.16 3.84
0.006038 4.16 3.84
0.00604 4.08 3.84
0.006042 4.08 3.68
0.006044 4.08 3.68
0.006046 4 3.6
0.006048 3.92 3.52
0.00605 3.92 3.6
0.006052 3.92 3.52
0.006054 3.92 3.52
0.006056 3.84 3.44
0.006058 3.76 3.52
0.00606 3.76 3.44
0.006062 3.76 3.36
0.006064 3.76 3.28
0.006066 3.68 3.28
0.006068 3.6 3.2
0.00607 3.6 3.12
0.006072 3.6 3.12
0.006074 3.52 3.04
0.006076 3.52 2.96
0.006078 3.44 3.04
0.00608 3.44 2.96
0.006082 3.44 2.96
0.006084 3.36 2.88
0.006086 3.36 2.88
0.006088 3.28 2.8
0.00609 3.28 2.8
0.006092 3.2 2.72
0.006094 3.2 2.72
0.006096 3.12 2.72
0.006098 3.12 2.64
0.0061 3.04 2.56
0.006102 3.04 2.56
0.006104 2.96 2.4
0.006106 2.96 2.4
0.006108 2.88 2.4
0.00611 2.88 2.4
0.006112 2.8 2.32
0.006114 2.8 2.24
0.006116 2.8 2.24
0.006118 2.8 2.24
0.00612 2.64 2.16
0.006122 2.64 2.16
0.006124 2.56 2
0.006126 2.48 1.92
0.006128 2.48 1.92
0.00613 2.48 1.84
0.006132 2.4 1.76
0.006134 2.32 1.84
0.006136 2.32 1.76
0.006138 2.32 1.76
0.00614 2.24 1.68
0.006142 2.24 1.6
0.006144 2.16 1.6
0.006146 2.16 1.44
0.006148 2.08 1.44
0.00615 2 1.44
0.006152 2 1.36
0.006154 2 1.36
0.006156 1.92 1.28
0.006158 1.84 1.28
0.00616 1.84 1.2
0.006162 1.76 1.12
0.006164 1.68 1.12
0.006166 1.68 1.04
0.006168 1.68 0.96
0.00617 1.6 0.96
0.006172 1.52 0.96
0.006174 1.52 0.88
0.006176 1.52 0.8
0.006178 1.36 0.8
0.00618 1.36 0.72
0.006182 1.28 0.64
0.006184 1.28 0.64
0.006186 1.2 0.64
0.006188 1.28 0.56
0.00619 1.2 0.48
0.006192 1.2 0.48
0.006194 1.12 0.4
0.006196 1.04 0.32
0.006198 0.96 0.24
0.0062 0.88 0.32
0.006202 0.88 0.16
0.006204 0.88 0.16
0.006206 0.88 0.16
0.006208 0.72 0.08
0.00621 0.72 0
0.006212 0.64 -0.16
0.006214 0.64 -0.16
0.006216 0.56 -0.24
0.006218 0.56 -0.32
0.00622 0.56 -0.32
0.006222 0.4 -0.32
0.006224 0.4 -0.4
0.006226 0.32 -0.4
0.006228 0.32 -0.4
0.00623 0.24 -0.56
0.006232 0.24 -0.56
0.006234 0.24 -0.56
0.006236 0.08 -0.64
0.006238 0.08 -0.72
0.00624 0 -0.72
0.006242 0 -0.8
0.006244 -0.16 -0.88
0.006246 -0.16 -0.96
0.006248 -0.32 -0.96
0.00625 -0.32 -1.04
0.006252 -0.32 -1.04
0.006254 -0.4 -1.2
0.006256 -0.4 -1.12
0.006258 -0.48 -1.2
0.00626 -0.48 -1.2
0.006262 -0.64 -1.28
0.006264 -0.64 -1.28
0.006266 -0.64 -1.36
0.006268 -0.72 -1.44
0.00627 -0.72 -1.44
0.006272 -0.8 -1.52
0.006274 -0.8 -1.6
0.006276 -0.88 -1.6
0.006278 -0.96 -1.68
0.00628 -0.96 -1.76
0.006282 -1.04 -1.84
0.006284 -1.12 -1.76
0.006286 -1.12 -1.84
0.006288 -1.12 -1.92
0.00629 -1.2 -1.92
0.006292 -1.28 -2
0.006294 -1.36 -2
0.006296 -1.36 -2
0.006298 -1.44 -2.16
0.0063 -1.44 -2.16
0.006302 -1.52 -2.24
0.006304 -1.6 -2.24
0.006306 -1.6 -2.32
0.006308 -1.68 -2.4
0.00631 -1.68 -2.48
0.006312 -1.68 -2.4
0.006314 -1.76 -2.48
0.006316 -1.76 -2.48
0.006318 -1.84 -2.56
0.00632 -1.92 -2.64
0.006322 -1.92 -2.64
0.006324 -2 -2.72
0.006326 -2 -2.8
0.006328 -2.08 -2.8
0.00633 -2.08 -2.88
0.006332 -2.08 -2.88
0.006334 -2.24 -2.88
0.006336 -2.24 -2.96
0.006338 -2.24 -3.04
0.00634 -2.32 -3.04
0.006342 -2.4 -3.12
0.006344 -2.4 -3.12
0.006346 -2.4 -3.2
0.006348 -2.56 -3.2
0.00635 -2.56 -3.28
0.006352 -2.56 -3.28
0.006354 -2.64 -3.36
0.006356 -2.64 -3.36
0.006358 -2.72 -3.52
0.00636 -2.72 -3.44
0.006362 -2.72 -3.52
0.006364 -2.88 -3.6
0.006366 -2.88 -3.6
0.006368 -2.88 -3.6
0.00637 -2.96 -3.6
0.006372 -2.96 -3.68
0.006374 -3.04 -3.76
0.006376 -3.04 -3.76
0.006378 -3.04 -3.84
0.00638 -3.2 -3.84
0.006382 -3.2 -3.84
0.006384 -3.2 -3.84
0.006386 -3.28 -3.92
0.006388 -3.28 -3.92
0.00639 -3.36 -4
0.006392 -3.36 -4.08
0.006394 -3.44 -4.08
0.006396 -3.44 -4.16
0.006398 -3.52 -4.16
0.0064 -3.6 -4.16
0.006402 -3.52 -4.24
0.006404 -3.6 -4.16
0.006406 -3.68 -4.24
0.006408 -3.6 -4.24
0.00641 -3.68 -4.32
0.006412 -3.68 -4.32
0.006414 -3.68 -4.4
0.006416 -3.84 -4.4
0.006418 -3.84 -4.48
0.00642 -3.84 -4.56
0.006422 -3.92 -4.56
0.006424 -4 -4.48
0.006426 -3.92 -4.56
0.006428 -4 -4.56
0.00643 -4 -4.56
0.006432 -4 -4.64
0.006434 -4 -4.72
0.006436 -4.16 -4.72
0.006438 -4.24 -4.72
0.00644 -4.24 -4.8
0.006442 -4.16 -4.8
0.006444 -4.24 -4.8
0.006446 -4.24 -4.88
0.006448 -4.32 -4.88
0.00645 -4.32 -4.88
0.006452 -4.32 -4.96
0.006454 -4.4 -4.96
0.006456 -4.48 -5.04
0.006458 -4.48 -4.96
0.00646 -4.48 -4.96
0.006462 -4.48 -5.12
0.006464 -4.56 -5.04
0.006466 -4.56 -5.04
0.006468 -4.64 -5.04
0.00647 -4.64 -5.2
0.006472 -4.64 -5.12
0.006474 -4.64 -5.2
0.006476 -4.64 -5.2
0.006478 -4.8 -5.2
0.00648 -4.8 -5.2
0.006482 -4.8 -5.2
0.006484 -4.8 -5.28
0.006486 -4.88 -5.28
0.006488 -4.88 -5.28
0.00649 -4.88 -5.36
0.006492 -4.88 -5.36
0.006494 -4.88 -5.36
0.006496 -4.96 -5.36
0.006498 -4.96 -5.44
0.0065 -4.96 -5.36
0.006502 -4.96 -5.44
0.006504 -4.96 -5.44
0.006506 -5.04 -5.52
0.006508 -5.04 -5.44
0.00651 -5.12 -5.44
0.006512 -5.12 -5.52
0.006514 -5.12 -5.52
0.006516 -5.12 -5.52
0.006518 -5.12 -5.52
0.00652 -5.2 -5.6
0.006522 -5.2 -5.52
0.006524 -5.2 -5.52
0.006526 -5.2 -5.6
0.006528 -5.2 -5.6
0.00653 -5.2 -5.52
0.006532 -5.28 -5.6
0.006534 -5.28 -5.68
0.006536 -5.28 -5.6
0.006538 -5.28 -5.6
0.00654 -5.28 -5.6
0.006542 -5.28 -5.68
0.006544 -5.28 -5.68
0.006546 -5.36 -5.68
0.006548 -5.36 -5.68
0.00655 -5.44 -5.68
0.006552 -5.36 -5.68
0.006554 -5.36 -5.68
0.006556 -5.44 -5.76
0.006558 -5.44 -5.68
0.00656 -5.44 -5.76
0.006562 -5.52 -5.76
0.006564 -5.44 -5.68
0.006566 -5.44 -5.68
0.006568 -5.44 -5.76
0.00657 -5.52 -5.76
0.006572 -5.52 -5.68
0.006574 -5.52 -5.76
0.006576 -5.52 -5.68
0.006578 -5.52 -5.76
0.00658 -5.52 -5.68
0.006582 -5.6 -5.76
0.006584 -5.44 -5.76
0.006586 -5.52 -5.76
0.006588 -5.52 -5.76
0.00659 -5.52 -5.76
0.006592 -5.52 -5.68
0.006594 -5.52 -5.68
0.006596 -5.52 -5.76
0.006598 -5.6 -5.76
0.0066 -5.6 -5.76
0.006602 -5.52 -5.68
0.006604 -5.6 -5.76
0.006606 -5.52 -5.68
0.006608 -5.52 -5.68
0.00661 -5.6 -5.68
0.006612 -5.6 -5.76
0.006614 -5.52 -5.68
0.006616 -5.52 -5.68
0.006618 -5.6 -5.68
0.00662 -5.52 -5.68
0.006622 -5.6 -5.6
0.006624 -5.6 -5.6
0.006626 -5.6 -5.6
0.006628 -5.52 -5.6
0.00663 -5.6 -5.6
0.006632 -5.52 -5.6
0.006634 -5.52 -5.52
0.006636 -5.52 -5.52
0.006638 -5.52 -5.6
0.00664 -5.52 -5.52
0.006642 -5.52 -5.52
0.006644 -5.52 -5.52
0.006646 -5.52 -5.52
0.006648 -5.52 -5.52
0.00665 -5.52 -5.44
0.006652 -5.52 -5.52
0.006654 -5.44 -5.52
0.006656 -5.52 -5.44
0.006658 -5.44 -5.44
0.00666 -5.44 -5.36
0.006662 -5.44 -5.36
0.006664 -5.36 -5.36
0.006666 -5.36 -5.36
0.006668 -5.36 -5.36
0.00667 -5.36 -5.36
0.006672 -5.36 -5.28
0.006674 -5.36 -5.36
0.006676 -5.36 -5.28
0.006678 -5.28 -5.2
0.00668 -5.28 -5.2
0.006682 -5.28 -5.2
0.006684 -5.28 -5.12
0.006686 -5.28 -5.12
0.006688 -5.28 -5.12
0.00669 -5.28 -5.12
0.006692 -5.28 -5.12
0.006694 -5.2 -5.12
0.006696 -5.28 -5.12
0.006698 -5.12 -5.04
0.0067 -5.2 -4.96
0.006702 -5.2 -4.96
0.006704 -5.12 -4.96
0.006706 -5.12 -4.88
0.006708 -5.04 -4.88
0.00671 -5.12 -4.88
0.006712 -5.04 -4.88
0.006714 -4.96 -4.8
0.006716 -4.96 -4.88
0.006718 -4.96 -4.8
0.00672 -4.96 -4.72
0.006722 -4.88 -4.72
0.006724 -4.88 -4.72
0.006726 -4.88 -4.72
0.006728 -4.96 -4.64
0.00673 -4.88 -4.64
0.006732 -4.8 -4.56
0.006734 -4.8 -4.48
0.006736 -4.8 -4.48
0.006738 -4.8 -4.48
0.00674 -4.8 -4.48
0.006742 -4.72 -4.4
0.006744 -4.72 -4.4
0.006746 -4.64 -4.32
0.006748 -4.64 -4.24
0.00675 -4.64 -4.32
0.006752 -4.64 -4.24
0.006754 -4.56 -4.24
0.006756 -4.56 -4.24
0.006758 -4.56 -4.16
0.00676 -4.48 -4.16
0.006762 -4.48 -4.08
0.006764 -4.48 -4.08
0.006766 -4.32 -4.08
0.006768 -4.4 -4.08
0.00677 -4.32 -3.92
0.006772 -4.32 -3.92
0.006774 -4.24 -3.92
0.006776 -4.24 -3.84
0.006778 -4.16 -3.76
0.00678 -4.16 -3.84
0.006782 -4.16 -3.76
0.006784 -4.08 -3.68
0.006786 -4.08 -3.76
0.006788 -4.08 -3.6
0.00679 -4 -3.6
0.006792 -4 -3.52
0.006794 -4 -3.6
0.006796 -4 -3.52
0.006798 -3.92 -3.44
0.0068 -3.84 -3.44
0.006802 -3.84 -3.36
0.006804 -3.76 -3.28
0.006806 -3.84 -3.36
0.006808 -3.68 -3.28
0.00681 -3.68 -3.2
0.006812 -3.68 -3.2
0.006814 -3.68 -3.12
0.006816 -3.6 -3.12
0.006818 -3.6 -3.04
0.00682 -3.6 -3.04
0.006822 -3.52 -2.96
0.006824 -3.52 -2.96
0.006826 -3.36 -2.88
0.006828 -3.36 -2.8
0.00683 -3.36 -2.8
0.006832 -3.28 -2.72
0.006834 -3.28 -2.64
0.006836 -3.28 -2.72
0.006838 -3.2 -2.64
0.00684 -3.2 -2.64
0.006842 -3.04 -2.56
0.006844 -3.04 -2.56
0.006846 -3.04 -2.4
0.006848 -3.04 -2.32
0.00685 -2.88 -2.4
0.006852 -2.96 -2.32
0.006854 -2.88 -2.32
0.006856 -2.88 -2.24
0.006858 -2.72 -2.16
0.00686 -2.72 -2.16
0.006862 -2.72 -2
0.006864 -2.64 -2.08
0.006866 -2.64 -2
0.006868 -2.56 -1.92
0.00687 -2.56 -1.92
0.006872 -2.48 -1.84
0.006874 -2.4 -1.84
0.006876 -2.4 -1.76
0.006878 -2.32 -1.76
0.00688 -2.32 -1.76
0.006882 -2.32 -1.6
0.006884 -2.24 -1.6
0.006886 -2.24 -1.52
0.006888 -2.16 -1.44
0.00689 -2.08 -1.44
0.006892 -2.08 -1.52
0.006894 -2 -1.36
0.006896 -2 -1.36
0.006898 -1.92 -1.28
0.0069 -1.84 -1.2
0.006902 -1.84 -1.12
0.006904 -1.76 -1.12
0.006906 -1.76 -1.12
0.006908 -1.68 -1.04
0.00691 -1.68 -0.96
0.006912 -1.6 -0.96
0.006914 -1.52 -0.88
0.006916 -1.6 -0.8
0.006918 -1.44 -0.8
0.00692 -1.36 -0.64
0.006922 -1.44 -0.72
0.006924 -1.36 -0.64
0.006926 -1.36 -0.56
0.006928 -1.28 -0.56
0.00693 -1.28 -0.56
0.006932 -1.12 -0.48
0.006934 -1.12 -0.4
0.006936 -1.12 -0.4
0.006938 -1.04 -0.24
0.00694 -0.96 -0.24
0.006942 -0.96 -0.24
0.006944 -0.88 -0.16
0.006946 -0.88 0
0.006948 -0.8 -0.16
0.00695 -0.8 0.08
0.006952 -0.72 0.08
0.006954 -0.64 0.16
0.006956 -0.64 0.16
0.006958 -0.48 0.24
0.00696 -0.56 0.32
0.006962 -0.48 0.32
0.006964 -0.48 0.32
0.006966 -0.4 0.48
0.006968 -0.4 0.48
0.00697 -0.32 0.48
0.006972 -0.32 0.56
0.006974 -0.24 0.64
0.006976 -0.16 0.72
0.006978 -0.16 0.72
0.00698 0 0.8
0.006982 0 0.8
0.006984 0.08 0.8
0.006986 0.16 0.88
0.006988 0.24 0.96
0.00699 0.24 0.96
0.006992 0.32 1.04
0.006994 0.32 1.12
0.006996 0.4 1.12
0.006998 0.4 1.2
0.007 0.56 1.28
0.007002 0.56 1.36
0.007004 0.56 1.28
0.007006 0.56 1.36
0.007008 0.64 1.44
0.00701 0.72 1.44
0.007012 0.72 1.52
0.007014 0.8 1.6
0.007016 0.88 1.6
0.007018 0.88 1.6
0.00702 0.96 1.68
0.007022 0.96 1.76
0.007024 1.04 1.76
0.007026 1.04 1.84
0.007028 1.04 1.84
0.00703 1.2 1.92
0.007032 1.2 2
0.007034 1.28 2
0.007036 1.36 2.08
0.007038 1.36 2.24
0.00704 1.36 2.16
0.007042 1.36 2.24
0.007044 1.52 2.24
0.007046 1.52 2.24
0.007048 1.6 2.32
0.00705 1.6 2.4
0.007052 1.68 2.4
0.007054 1.68 2.48
0.007056 1.68 2.48
0.007058 1.84 2.56
0.00706 1.84 2.56
0.007062 1.84 2.64
0.007064 1.92 2.64
0.007066 2 2.72
0.007068 2 2.8
0.00707 2.08 2.88
0.007072 2.16 2.88
0.007074 2.16 2.88
0.007076 2.16 2.88
0.007078 2.16 2.96
0.00708 2.24 2.96
0.007082 2.32 3.04
0.007084 2.32 3.04
0.007086 2.48 3.2
0.007088 2.48 3.2
0.00709 2.48 3.2
0.007092 2.48 3.28
0.007094 2.56 3.36
0.007096 2.56 3.28
0.007098 2.64 3.28
0.0071 2.72 3.36
0.007102 2.72 3.44
0.007104 2.8 3.44
0.007106 2.8 3.52
0.007108 2.88 3.6
0.00711 2.8 3.52
0.007112 2.96 3.6
0.007114 2.96 3.6
0.007116 2.96 3.68
0.007118 3.04 3.68
0.00712 3.12 3.76
0.007122 3.12 3.84
0.007124 3.2 3.84
0.007126 3.2 3.92
0.007128 3.2 3.84
0.00713 3.28 3.92
0.007132 3.28 3.92
0.007134 3.36 3.92
0.007136 3.36 4.08
0.007138 3.44 4
0.00714 3.44 4.08
0.007142 3.44 4.16
0.007144 3.52 4.16
0.007146 3.52 4.16
0.007148 3.6 4.24
0.00715 3.6 4.32
0.007152 3.6 4.32
0.007154 3.68 4.24
0.007156 3.76 4.32
0.007158 3.76 4.32
0.00716 3.84 4.4
0.007162 3.84 4.48
0.007164 3.84 4.56
0.007166 3.84 4.48
0.007168 3.92 4.56
0.00717 3.92 4.56
0.007172 3.92 4.56
0.007174 4.08 4.56
0.007176 4.08 4.72
0.007178 4.08 4.72
0.00718 4.08 4.8
0.007182 4.16 4.72
0.007184 4.16 4.8
0.007186 4.16 4.8
0.007188 4.24 4.8
0.00719 4.24 4.8
0.007192 4.24 4.88
0.007194 4.24 4.88
0.007196 4.4 4.88
0.007198 4.4 4.96
0.0072 4.4 4.96
0.007202 4.4 4.96
0.007204 4.48 4.96
0.007206 4.48 5.04
0.007208 4.48 5.04
0.00721 4.48 5.04
0.007212 4.48 5.04
0.007214 4.56 5.12
0.007216 4.56 5.12
0.007218 4.56 5.12
0.00722 4.64 5.2
0.007222 4.72 5.12
0.007224 4.72 5.2
0.007226 4.72 5.2
0.007228 4.72 5.2
0.00723 4.8 5.2
0.007232 4.8 5.28
0.007234 4.8 5.28
0.007236 4.88 5.28
0.007238 4.88 5.28
0.00724 4.8 5.28
0.007242 4.88 5.36
0.007244 4.8 5.28
0.007246 4.88 5.36
0.007248 4.88 5.36
0.00725 5.04 5.44
0.007252 5.04 5.36
0.007254 5.04 5.44
0.007256 5.04 5.44
0.007258 5.04 5.44
0.00726 5.04 5.44
0.007262 5.04 5.52
0.007264 5.04 5.44
0.007266 5.12 5.44
0.007268 5.04 5.52
0.00727 5.12 5.52
0.007272 5.04 5.52
0.007274 5.12 5.52
0.007276 5.12 5.52
0.007278 5.2 5.52
0.00728 5.2 5.52
0.007282 5.2 5.52
0.007284 5.2 5.6
0.007286 5.2 5.52
0.007288 5.2 5.52
0.00729 5.2 5.6
0.007292 5.2 5.6
0.007294 5.36 5.6
0.007296 5.36 5.6
0.007298 5.2 5.6
0.0073 5.36 5.52
0.007302 5.36 5.52
0.007304 5.36 5.6
0.007306 5.36 5.52
0.007308 5.36 5.52
0.00731 5.36 5.6
0.007312 5.36 5.6
0.007314 5.36 5.6
0.007316 5.36 5.6
0.007318 5.36 5.6
0.00732 5.36 5.6
0.007322 5.36 5.52
0.007324 5.36 5.6
0.007326 5.36 5.6
0.007328 5.36 5.6
0.00733 5.36 5.6
0.007332 5.36 5.6
0.007334 5.36 5.52
0.007336 5.36 5.52
0.007338 5.44 5.52
0.00734 5.36 5.6
0.007342 5.36 5.52
0.007344 5.44 5.52
0.007346 5.36 5.6
0.007348 5.36 5.52
0.00735 5.36 5.52
0.007352 5.36 5.52
0.007354 5.36 5.52
0.007356 5.36 5.52
0.007358 5.36 5.44
0.00736 5.36 5.52
0.007362 5.36 5.52
0.007364 5.36 5.44
0.007366 5.36 5.44
0.007368 5.36 5.44
0.00737 5.36 5.44
0.007372 5.36 5.44
0.007374 5.36 5.44
0.007376 5.36 5.44
0.007378 5.36 5.36
0.00738 5.36 5.44
0.007382 5.36 5.44
0.007384 5.36 5.44
0.007386 5.36 5.28
0.007388 5.36 5.36
0.00739 5.36 5.28
0.007392 5.28 5.28
0.007394 5.36 5.28
0.007396 5.36 5.28
0.007398 5.2 5.28
0.0074 5.2 5.2
0.007402 5.2 5.28
0.007404 5.2 5.2
0.007406 5.2 5.12
0.007408 5.2 5.12
0.00741 5.2 5.12
0.007412 5.2 5.12
0.007414 5.12 5.12
0.007416 5.12 5.12
0.007418 5.2 5.04
0.00742 5.12 5.04
0.007422 5.12 4.96
0.007424 5.12 4.96
0.007426 5.04 4.96
0.007428 5.04 4.96
0.00743 5.04 4.96
0.007432 5.04 4.96
0.007434 5.04 4.88
0.007436 5.04 4.88
0.007438 5.04 4.88
0.00744 5.04 4.8
0.007442 4.96 4.8
0.007444 5.04 4.8
0.007446 4.88 4.72
0.007448 4.88 4.64
0.00745 4.88 4.64
0.007452 4.8 4.72
0.007454 4.8 4.64
0.007456 4.8 4.64
0.007458 4.8 4.56
0.00746 4.8 4.56
0.007462 4.72 4.48
0.007464 4.72 4.48
0.007466 4.72 4.48
0.007468 4.72 4.48
0.00747 4.72 4.4
0.007472 4.64 4.48
0.007474 4.56 4.32
0.007476 4.56 4.32
0.007478 4.56 4.32
0.00748 4.56 4.24
0.007482 4.48 4.24
0.007484 4.48 4.16
0.007486 4.48 4.16
0.007488 4.48 4.16
0.00749 4.4 4.08
0.007492 4.4 4.08
0.007494 4.4 4
0.007496 4.24 4
0.007498 4.32 3.92
0.0075 4.24 3.92
0.007502 4.16 3.84
0.007504 4.16 3.84
0.007506 4.16 3.76
0.007508 4.08 3.76
0.00751 4.08 3.76
0.007512 4.08 3.68
0.007514 4.08 3.76
0.007516 3.92 3.68
0.007518 3.92 3.6
0.00752 3.92 3.6
0.007522 3.92 3.52
0.007524 3.92 3.52
0.007526 3.84 3.36
0.007528 3.84 3.44
0.00753 3.76 3.36
0.007532 3.76 3.36
0.007534 3.76 3.28
0.007536 3.76 3.28
0.007538 3.68 3.2
0.00754 3.6 3.2
0.007542 3.6 3.12
0.007544 3.52 3.2
0.007546 3.52 3.04
0.007548 3.52 3.04
0.00755 3.44 2.96
0.007552 3.44 2.96
0.007554 3.44 2.88
0.007556 3.28 2.88
0.007558 3.28 2.88
0.00756 3.28 2.72
0.007562 3.2 2.72
0.007564 3.2 2.72
0.007566 3.2 2.64
0.007568 3.12 2.64
0.00757 3.12 2.56
0.007572 3.12 2.56
0.007574 2.96 2.4
0.007576 2.96 2.4
0.007578 2.96 2.4
0.00758 2.88 2.4
0.007582 2.8 2.32
0.007584 2.8 2.32
0.007586 2.8 2.24
0.007588 2.8 2.24
0.00759 2.64 2.16
0.007592 2.56 2.08
0.007594 2.64 2
0.007596 2.56 2
0.007598 2.48 1.92
0.0076 2.48 2
0.007602 2.4 1.84
0.007604 2.4 1.76
0.007606 2.32 1.76
0.007608 2.32 1.76
0.00761 2.24 1.6
0.007612 2.24 1.6
0.007614 2.16 1.6
0.007616 2.16 1.52
0.007618 2.08 1.44
0.00762 2.08 1.52
0.007622 2 1.44
0.007624 1.92 1.36
0.007626 1.84 1.28
0.007628 1.84 1.28
0.00763 1.84 1.2
0.007632 1.76 1.2
0.007634 1.68 1.12
0.007636 1.68 1.12
0.007638 1.68 1.04
0.00764 1.6 1.04
0.007642 1.52 0.96
0.007644 1.52 0.88
0.007646 1.52 0.8
0.007648 1.52 0.8
0.00765 1.44 0.72
0.007652 1.36 0.64
0.007654 1.28 0.64
0.007656 1.2 0.72
0.007658 1.28 0.56
0.00766 1.2 0.48
0.007662 1.12 0.48
0.007664 1.12 0.4
0.007666 1.04 0.32
0.007668 0.96 0.32
0.00767 0.96 0.32
0.007672 0.88 0.16
0.007674 0.88 0.16
0.007676 0.8 0.08
0.007678 0.72 0.16
0.00768 0.72 0
0.007682 0.64 0
0.007684 0.56 -0.16
0.007686 0.56 -0.24
0.007688 0.56 -0.24
0.00769 0.56 -0.24
0.007692 0.4 -0.32
0.007694 0.4 -0.32
0.007696 0.32 -0.4
0.007698 0.24 -0.48
0.0077 0.24 -0.56
0.007702 0.24 -0.56
0.007704 0.16 -0.64
0.007706 0.08 -0.64
0.007708 0.08 -0.72
0.00771 0 -0.8
0.007712 0 -0.8
0.007714 -0.16 -0.88
0.007716 -0.16 -0.88
0.007718 -0.16 -0.96
0.00772 -0.32 -0.96
0.007722 -0.24 -1.04
0.007724 -0.4 -1.04
0.007726 -0.4 -1.2
0.007728 -0.48 -1.2
0.00773 -0.48 -1.28
0.007732 -0.64 -1.28
0.007734 -0.64 -1.36
0.007736 -0.64 -1.36
0.007738 -0.64 -1.44
0.00774 -0.72 -1.52
0.007742 -0.8 -1.52
0.007744 -0.8 -1.6
0.007746 -0.88 -1.6
0.007748 -0.96 -1.6
0.00775 -1.04 -1.68
0.007752 -1.04 -1.76
0.007754 -1.04 -1.76
0.007756 -1.12 -1.84
0.007758 -1.2 -1.92
0.00776 -1.28 -2
0.007762 -1.28 -1.92
0.007764 -1.28 -2
0.007766 -1.36 -2.08
0.007768 -1.44 -2
0.00777 -1.44 -2.16
0.007772 -1.44 -2.24
0.007774 -1.44 -2.24
0.007776 -1.6 -2.24
0.007778 -1.6 -2.32
0.00778 -1.6 -2.4
0.007782 -1.68 -2.4
0.007784 -1.76 -2.48
0.007786 -1.76 -2.56
0.007788 -1.84 -2.56
0.00779 -1.92 -2.56
0.007792 -1.92 -2.64
0.007794 -2 -2.72
0.007796 -2 -2.8
0.007798 -2.08 -2.88
0.0078 -2.08 -2.8
0.007802 -2.08 -2.88
0.007804 -2.16 -2.88
0.007806 -2.24 -2.88
0.007808 -2.32 -2.96
0.00781 -2.32 -3.04
0.007812 -2.32 -3.04
0.007814 -2.4 -3.2
0.007816 -2.48 -3.12
0.007818 -2.4 -3.2
0.00782 -2.48 -3.2
0.007822 -2.56 -3.28
0.007824 -2.64 -3.28
0.007826 -2.64 -3.28
0.007828 -2.72 -3.36
0.00783 -2.72 -3.44
0.007832 -2.72 -3.44
0.007834 -2.88 -3.52
0.007836 -2.88 -3.6
0.007838 -2.88 -3.6
0.00784 -2.96 -3.6
0.007842 -2.96 -3.68
0.007844 -3.04 -3.68
0.007846 -3.04 -3.76
0.007848 -3.04 -3.76
0.00785 -3.2 -3.84
0.007852 -3.2 -3.92
0.007854 -3.28 -3.84
0.007856 -3.2 -3.92
0.007858 -3.28 -3.92
0.00786 -3.36 -3.92
0.007862 -3.28 -4
0.007864 -3.44 -4.08
0.007866 -3.44 -4.08
0.007868 -3.52 -4.16
0.00787 -3.6 -4.16
0.007872 -3.6 -4.16
0.007874 -3.6 -4.24
0.007876 -3.6 -4.24
0.007878 -3.68 -4.32
0.00788 -3.68 -4.32
0.007882 -3.68 -4.32
0.007884 -3.76 -4.4
0.007886 -3.84 -4.48
0.007888 -3.84 -4.4
0.00789 -3.92 -4.48
0.007892 -3.92 -4.56
0.007894 -3.92 -4.48
0.007896 -4 -4.56
0.007898 -4 -4.56
0.0079 -4 -4.64
0.007902 -4 -4.64
0.007904 -4.08 -4.72
0.007906 -4.16 -4.8
0.007908 -4.16 -4.72
0.00791 -4.24 -4.8
0.007912 -4.24 -4.8
0.007914 -4.24 -4.8
0.007916 -4.32 -4.8
0.007918 -4.32 -4.88
0.00792 -4.32 -4.88
0.007922 -4.4 -4.88
0.007924 -4.32 -4.96
0.007926 -4.48 -4.96
0.007928 -4.48 -5.04
0.00793 -4.48 -4.96
0.007932 -4.56 -5.04
0.007934 -4.48 -5.12
0.007936 -4.56 -5.04
0.007938 -4.64 -5.12
0.00794 -4.64 -5.12
0.007942 -4.64 -5.2
0.007944 -4.64 -5.12
0.007946 -4.64 -5.2
0.007948 -4.64 -5.2
0.00795 -4.8 -5.2
0.007952 -4.8 -5.2
0.007954 -4.8 -5.28
0.007956 -4.8 -5.28
0.007958 -4.8 -5.28
0.00796 -4.88 -5.36
0.007962 -4.88 -5.36
0.007964 -4.96 -5.36
0.007966 -4.96 -5.36
0.007968 -4.96 -5.44
0.00797 -4.96 -5.44
0.007972 -4.96 -5.44
0.007974 -4.96 -5.44
0.007976 -4.96 -5.52
0.007978 -5.12 -5.44
0.00798 -5.04 -5.44
0.007982 -5.12 -5.52
0.007984 -5.12 -5.52
0.007986 -5.12 -5.52
0.007988 -5.12 -5.52
0.00799 -5.12 -5.52
0.007992 -5.2 -5.6
0.007994 -5.2 -5.52
0.007996 -5.2 -5.6
0.007998 -5.2 -5.6
