0 0.32 0.64
1e-07 0.32 0.64
2e-07 0.48 0.72
3e-07 0.72 0.64
4e-07 0.8 0.72
5e-07 0.96 0.72
6e-07 1.12 0.72
7e-07 1.28 0.72
8e-07 1.44 0.8
9e-07 1.6 0.8
1e-06 1.68 0.8
1.1e-06 1.92 0.88
1.2e-06 2 0.72
1.3e-06 2.08 0.88
1.4e-06 2.24 0.88
1.5e-06 2.4 0.88
1.6e-06 2.56 0.88
1.7e-06 2.72 0.96
1.8e-06 2.88 0.88
1.9e-06 2.96 0.8
2e-06 3.2 0.96
2.1e-06 3.2 0.88
2.2e-06 3.36 0.96
2.3e-06 3.52 0.88
2.4e-06 3.6 0.88
2.5e-06 3.68 0.96
2.6e-06 3.84 0.96
2.7e-06 3.92 0.96
2.8e-06 4 0.96
2.9e-06 4.16 0.96
3e-06 4.32 0.96
3.1e-06 4.32 0.96
3.2e-06 4.48 1.04
3.3e-06 4.56 0.96
3.4e-06 4.64 1.04
3.5e-06 4.8 0.96
3.6e-06 4.88 0.96
3.7e-06 4.96 0.88
3.8e-06 5.04 1.04
3.9e-06 5.12 0.96
4e-06 5.2 0.96
4.1e-06 5.28 0.96
4.2e-06 5.36 0.88
4.3e-06 5.44 0.96
4.4e-06 5.44 0.96
4.5e-06 5.52 0.96
4.6e-06 5.6 0.88
4.7e-06 5.6 0.88
4.8e-06 5.76 0.96
4.9e-06 5.76 0.88
5e-06 5.76 0.96
5.1e-06 5.84 0.88
5.2e-06 5.84 0.88
5.3e-06 5.92 0.8
5.4e-06 5.92 0.88
5.5e-06 6 0.8
5.6e-06 5.92 0.8
5.7e-06 6 0.8
5.8e-06 5.92 0.72
5.9e-06 6.08 0.72
6e-06 6.08 0.72
6.1e-06 6.08 0.72
6.2e-06 6.08 0.64
6.3e-06 6.08 0.72
6.4e-06 6 0.64
6.5e-06 5.92 0.64
6.6e-06 5.92 0.64
6.7e-06 5.92 0.56
6.8e-06 5.92 0.64
6.9e-06 5.92 0.64
7e-06 5.84 0.64
7.1e-06 5.84 0.56
7.2e-06 5.84 0.56
7.3e-06 5.76 0.48
7.4e-06 5.76 0.48
7.5e-06 5.6 0.48
7.6e-06 5.6 0.4
7.7e-06 5.52 0.4
7.8e-06 5.44 0.4
7.9e-06 5.44 0.32
8e-06 5.28 0.32
8.1e-06 5.28 0.32
8.2e-06 5.2 0.4
8.3e-06 5.12 0.24
8.4e-06 4.96 0.24
8.5e-06 4.96 0.16
8.6e-06 4.8 0.16
8.7e-06 4.8 0.16
8.8e-06 4.64 0.08
8.9e-06 4.56 0.16
9e-06 4.48 0
9.1e-06 4.4 0.08
9.2e-06 4.32 0
9.3e-06 4.16 0
9.4e-06 4.16 0
9.5e-06 3.92 0
9.6e-06 3.84 0
9.7e-06 3.76 -0.16
9.8e-06 3.6 -0.16
9.9e-06 3.52 -0.24
1e-05 3.36 -0.24
1.01e-05 3.28 -0.24
1.02e-05 3.04 -0.24
1.03e-05 2.96 -0.24
1.04e-05 2.88 -0.32
1.05e-05 2.72 -0.32
1.06e-05 2.56 -0.4
1.07e-05 2.4 -0.32
1.08e-05 2.32 -0.48
1.09e-05 2.16 -0.4
1.1e-05 2 -0.48
1.11e-05 1.92 -0.56
1.12e-05 1.68 -0.56
1.13e-05 1.6 -0.56
1.14e-05 1.44 -0.56
1.15e-05 1.28 -0.56
1.16e-05 1.12 -0.64
1.17e-05 0.96 -0.64
1.18e-05 0.8 -0.64
1.19e-05 0.72 -0.64
1.2e-05 0.56 -0.72
1.21e-05 0.4 -0.72
1.22e-05 0.24 -0.72
1.23e-05 0.08 -0.72
1.24e-05 -0.16 -0.8
1.25e-05 -0.32 -0.8
1.26e-05 -0.4 -0.8
1.27e-05 -0.56 -0.8
1.28e-05 -0.8 -0.88
1.29e-05 -0.96 -0.96
1.3e-05 -1.04 -0.88
1.31e-05 -1.2 -0.96
1.32e-05 -1.36 -0.96
1.33e-05 -1.52 -0.96
1.34e-05 -1.68 -0.96
1.35e-05 -1.84 -0.96
1.36e-05 -2 -1.04
1.37e-05 -2.08 -0.96
1.38e-05 -2.24 -0.96
1.39e-05 -2.32 -1.04
1.4e-05 -2.48 -0.96
1.41e-05 -2.64 -1.04
1.42e-05 -2.8 -1.04
1.43e-05 -2.96 -1.04
1.44e-05 -2.96 -1.04
1.45e-05 -3.2 -1.04
1.46e-05 -3.28 -1.04
1.47e-05 -3.44 -1.04
1.48e-05 -3.6 -1.12
1.49e-05 -3.68 -1.12
1.5e-05 -3.84 -1.2
1.51e-05 -3.92 -1.12
1.52e-05 -4.08 -1.12
1.53e-05 -4.16 -1.12
1.54e-05 -4.24 -1.2
1.55e-05 -4.4 -1.2
1.56e-05 -4.48 -1.12
1.57e-05 -4.56 -1.12
1.58e-05 -4.72 -1.12
1.59e-05 -4.8 -1.2
1.6e-05 -4.88 -1.12
1.61e-05 -4.96 -1.12
1.62e-05 -5.04 -1.12
1.63e-05 -5.2 -1.04
1.64e-05 -5.2 -1.12
1.65e-05 -5.28 -1.12
1.66e-05 -5.36 -1.2
1.67e-05 -5.44 -1.04
1.68e-05 -5.52 -1.12
1.69e-05 -5.52 -1.04
1.7e-05 -5.6 -1.12
1.71e-05 -5.68 -1.04
1.72e-05 -5.76 -1.04
1.73e-05 -5.76 -1.04
1.74e-05 -5.84 -1.04
1.75e-05 -5.92 -1.04
1.76e-05 -5.84 -1.04
1.77e-05 -6 -1.04
1.78e-05 -6 -1.04
1.79e-05 -6 -1.04
1.8e-05 -6.08 -0.96
1.81e-05 -6.08 -0.96
1.82e-05 -6.08 -0.96
1.83e-05 -6.08 -0.88
1.84e-05 -6.16 -0.96
1.85e-05 -6.16 -0.96
1.86e-05 -6.08 -0.96
1.87e-05 -6.16 -0.88
1.88e-05 -6.08 -0.88
1.89e-05 -6.16 -0.88
1.9e-05 -6.08 -0.8
1.91e-05 -6 -0.8
1.92e-05 -6.08 -0.72
1.93e-05 -6 -0.72
1.94e-05 -6 -0.72
1.95e-05 -6 -0.72
1.96e-05 -5.84 -0.72
1.97e-05 -5.84 -0.64
1.98e-05 -5.84 -0.72
1.99e-05 -5.76 -0.64
2e-05 -5.76 -0.64
2.01e-05 -5.68 -0.56
2.02e-05 -5.6 -0.64
2.03e-05 -5.52 -0.56
2.04e-05 -5.52 -0.56
2.05e-05 -5.44 -0.56
2.06e-05 -5.36 -0.48
2.07e-05 -5.36 -0.48
2.08e-05 -5.2 -0.4
2.09e-05 -5.12 -0.4
2.1e-05 -5.12 -0.4
2.11e-05 -4.88 -0.32
2.12e-05 -4.88 -0.32
2.13e-05 -4.8 -0.24
2.14e-05 -4.72 -0.24
2.15e-05 -4.56 -0.24
2.16e-05 -4.48 -0.24
2.17e-05 -4.4 -0.16
2.18e-05 -4.24 -0.16
2.19e-05 -4.16 -0.16
2.2e-05 -4.08 -0.16
2.21e-05 -3.92 -0.16
2.22e-05 -3.84 0
2.23e-05 -3.76 0
2.24e-05 -3.6 0
2.25e-05 -3.52 0
2.26e-05 -3.28 0
2.27e-05 -3.2 0.08
2.28e-05 -3.04 0.16
2.29e-05 -2.96 0.16
2.3e-05 -2.8 0.16
2.31e-05 -2.64 0.16
2.32e-05 -2.56 0.32
2.33e-05 -2.4 0.32
2.34e-05 -2.24 0.32
2.35e-05 -2.08 0.32
2.36e-05 -2 0.32
2.37e-05 -1.84 0.32
2.38e-05 -1.68 0.4
2.39e-05 -1.6 0.4
2.4e-05 -1.36 0.4
2.41e-05 -1.2 0.4
2.42e-05 -1.04 0.4
2.43e-05 -0.96 0.48
2.44e-05 -0.8 0.56
2.45e-05 -0.64 0.56
2.46e-05 -0.4 0.48
2.47e-05 -0.32 0.64
2.48e-05 -0.16 0.64
2.49e-05 0.08 0.64
2.5e-05 0.32 0.64
2.51e-05 0.4 0.64
2.52e-05 0.48 0.72
2.53e-05 0.64 0.64
2.54e-05 0.8 0.72
2.55e-05 0.96 0.72
2.56e-05 1.12 0.72
2.57e-05 1.28 0.72
2.58e-05 1.36 0.72
2.59e-05 1.52 0.8
2.6e-05 1.68 0.8
2.61e-05 1.76 0.8
2.62e-05 2 0.8
2.63e-05 2.16 0.88
2.64e-05 2.24 0.88
2.65e-05 2.4 0.88
2.66e-05 2.56 0.96
2.67e-05 2.72 0.88
2.68e-05 2.88 0.96
2.69e-05 2.96 0.96
2.7e-05 3.12 0.96
2.71e-05 3.2 0.88
2.72e-05 3.28 0.96
2.73e-05 3.52 0.96
2.74e-05 3.6 0.88
2.75e-05 3.76 0.96
2.76e-05 3.84 0.96
2.77e-05 3.92 0.96
2.78e-05 4 0.96
2.79e-05 4.16 0.96
2.8e-05 4.24 0.96
2.81e-05 4.4 0.96
2.82e-05 4.48 0.96
2.83e-05 4.56 0.96
2.84e-05 4.8 1.04
2.85e-05 4.8 0.96
2.86e-05 4.88 0.96
2.87e-05 4.96 0.96
2.88e-05 5.12 0.96
2.89e-05 5.12 0.96
2.9e-05 5.2 0.96
2.91e-05 5.28 0.96
2.92e-05 5.28 0.96
2.93e-05 5.44 0.96
2.94e-05 5.52 0.88
2.95e-05 5.52 0.96
2.96e-05 5.6 0.88
2.97e-05 5.6 0.8
2.98e-05 5.68 0.88
2.99e-05 5.76 0.96
3e-05 5.84 0.96
3.01e-05 5.84 0.8
3.02e-05 5.84 0.88
3.03e-05 5.92 0.88
3.04e-05 5.92 0.8
3.05e-05 5.92 0.88
3.06e-05 6 0.8
3.07e-05 6 0.8
3.08e-05 6 0.72
3.09e-05 6.08 0.8
3.1e-05 6 0.8
3.11e-05 6.08 0.72
3.12e-05 6.08 0.72
3.13e-05 6 0.64
3.14e-05 6 0.72
3.15e-05 5.92 0.64
3.16e-05 6 0.64
3.17e-05 5.92 0.56
3.18e-05 5.92 0.56
3.19e-05 5.84 0.64
3.2e-05 5.84 0.56
3.21e-05 5.84 0.56
3.22e-05 5.76 0.48
3.23e-05 5.76 0.56
3.24e-05 5.68 0.48
3.25e-05 5.6 0.48
3.26e-05 5.6 0.4
3.27e-05 5.52 0.4
3.28e-05 5.44 0.4
3.29e-05 5.44 0.4
3.3e-05 5.36 0.4
3.31e-05 5.28 0.32
3.32e-05 5.12 0.32
3.33e-05 5.12 0.24
3.34e-05 5.04 0.32
3.35e-05 4.96 0.24
3.36e-05 4.88 0.16
3.37e-05 4.8 0.24
3.38e-05 4.64 0.08
3.39e-05 4.56 0.08
3.4e-05 4.48 0.08
3.41e-05 4.4 0.08
3.42e-05 4.24 0
3.43e-05 4.16 0
3.44e-05 4 0
3.45e-05 3.92 -0.16
3.46e-05 3.84 0
3.47e-05 3.68 -0.24
3.48e-05 3.6 -0.16
3.49e-05 3.52 -0.16
3.5e-05 3.36 -0.24
3.51e-05 3.28 -0.24
3.52e-05 3.04 -0.32
3.53e-05 2.96 -0.32
3.54e-05 2.8 -0.32
3.55e-05 2.72 -0.32
3.56e-05 2.56 -0.4
3.57e-05 2.4 -0.4
3.58e-05 2.24 -0.4
3.59e-05 2.08 -0.4
3.6e-05 2 -0.48
3.61e-05 1.84 -0.48
3.62e-05 1.76 -0.48
3.63e-05 1.6 -0.56
3.64e-05 1.44 -0.48
3.65e-05 1.28 -0.56
3.66e-05 1.12 -0.64
3.67e-05 0.96 -0.64
3.68e-05 0.8 -0.72
3.69e-05 0.72 -0.64
3.7e-05 0.48 -0.72
3.71e-05 0.32 -0.64
3.72e-05 0.32 -0.8
3.73e-05 0.08 -0.72
3.74e-05 0 -0.72
3.75e-05 -0.32 -0.8
3.76e-05 -0.4 -0.8
3.77e-05 -0.56 -0.8
3.78e-05 -0.8 -0.88
3.79e-05 -0.96 -0.88
3.8e-05 -1.04 -0.88
3.81e-05 -1.2 -0.88
3.82e-05 -1.36 -0.88
3.83e-05 -1.44 -0.96
3.84e-05 -1.68 -0.96
3.85e-05 -1.84 -0.96
3.86e-05 -1.92 -1.04
3.87e-05 -2 -1.04
3.88e-05 -2.24 -1.04
3.89e-05 -2.4 -1.04
3.9e-05 -2.48 -1.04
3.91e-05 -2.64 -1.04
3.92e-05 -2.8 -1.04
3.93e-05 -2.88 -1.12
3.94e-05 -3.12 -1.04
3.95e-05 -3.2 -1.04
3.96e-05 -3.28 -1.04
3.97e-05 -3.44 -1.04
3.98e-05 -3.6 -1.12
3.99e-05 -3.68 -1.04
4e-05 -3.84 -1.12
4.01e-05 -3.92 -1.04
4.02e-05 -4.08 -1.12
4.03e-05 -4.16 -1.2
4.04e-05 -4.24 -1.12
4.05e-05 -4.4 -1.12
4.06e-05 -4.48 -1.12
4.07e-05 -4.56 -1.2
4.08e-05 -4.72 -1.12
4.09e-05 -4.8 -1.2
4.1e-05 -4.88 -1.04
4.11e-05 -4.96 -1.12
4.12e-05 -5.04 -1.12
4.13e-05 -5.12 -1.12
4.14e-05 -5.2 -1.12
4.15e-05 -5.36 -1.12
4.16e-05 -5.36 -1.12
4.17e-05 -5.44 -1.04
4.18e-05 -5.52 -1.12
4.19e-05 -5.6 -1.12
4.2e-05 -5.68 -1.04
4.21e-05 -5.68 -1.12
4.22e-05 -5.76 -1.04
4.23e-05 -5.76 -1.04
4.24e-05 -5.84 -1.04
4.25e-05 -5.92 -1.04
4.26e-05 -6 -1.04
4.27e-05 -6 -1.04
4.28e-05 -6 -1.04
4.29e-05 -6.08 -0.96
4.3e-05 -6.08 -1.04
4.31e-05 -6.08 -0.96
4.32e-05 -6.08 -0.88
4.33e-05 -6.16 -0.96
4.34e-05 -6.08 -0.96
4.35e-05 -6.08 -0.96
4.36e-05 -6.16 -0.88
4.37e-05 -6.16 -0.96
4.38e-05 -6.08 -0.88
4.39e-05 -6.08 -0.88
4.4e-05 -6.08 -0.8
4.41e-05 -6.08 -0.8
4.42e-05 -6.08 -0.8
4.43e-05 -6 -0.72
4.44e-05 -6.08 -0.8
4.45e-05 -6 -0.72
4.46e-05 -5.92 -0.72
4.47e-05 -5.92 -0.64
4.48e-05 -5.84 -0.64
4.49e-05 -5.76 -0.64
4.5e-05 -5.68 -0.56
4.51e-05 -5.68 -0.64
4.52e-05 -5.6 -0.56
4.53e-05 -5.52 -0.56
4.54e-05 -5.52 -0.48
4.55e-05 -5.44 -0.56
4.56e-05 -5.44 -0.4
4.57e-05 -5.2 -0.48
4.58e-05 -5.2 -0.48
4.59e-05 -5.2 -0.4
4.6e-05 -5.04 -0.4
4.61e-05 -4.88 -0.32
4.62e-05 -4.88 -0.32
4.63e-05 -4.8 -0.32
4.64e-05 -4.72 -0.32
4.65e-05 -4.56 -0.24
4.66e-05 -4.48 -0.24
4.67e-05 -4.4 -0.16
4.68e-05 -4.24 -0.16
4.69e-05 -4.16 -0.16
4.7e-05 -4 0
4.71e-05 -3.92 -0.16
4.72e-05 -3.84 0.08
4.73e-05 -3.76 0
4.74e-05 -3.6 0.08
4.75e-05 -3.44 0
4.76e-05 -3.28 0
4.77e-05 -3.2 0.08
4.78e-05 -3.12 0.08
4.79e-05 -2.96 0.16
4.8e-05 -2.8 0.16
4.81e-05 -2.64 0.16
4.82e-05 -2.56 0.24
4.83e-05 -2.32 0.24
4.84e-05 -2.24 0.32
4.85e-05 -2.08 0.32
4.86e-05 -1.92 0.32
4.87e-05 -1.84 0.32
4.88e-05 -1.68 0.4
4.89e-05 -1.52 0.4
4.9e-05 -1.36 0.4
4.91e-05 -1.28 0.48
4.92e-05 -1.04 0.4
4.93e-05 -0.96 0.48
4.94e-05 -0.8 0.48
4.95e-05 -0.64 0.48
4.96e-05 -0.48 0.48
4.97e-05 -0.32 0.56
4.98e-05 0 0.64
4.99e-05 0.08 0.56
5e-05 0.16 0.64
5.01e-05 0.4 0.64
5.02e-05 0.48 0.72
5.03e-05 0.72 0.72
5.04e-05 0.8 0.72
5.05e-05 1.04 0.72
5.06e-05 1.12 0.72
5.07e-05 1.28 0.72
5.08e-05 1.36 0.72
5.09e-05 1.6 0.8
5.1e-05 1.68 0.8
5.11e-05 1.76 0.8
5.12e-05 2 0.8
5.13e-05 2.16 0.8
5.14e-05 2.24 0.88
5.15e-05 2.4 0.88
5.16e-05 2.56 0.88
5.17e-05 2.72 0.8
5.18e-05 2.88 0.96
5.19e-05 2.96 0.96
5.2e-05 3.04 0.96
5.21e-05 3.2 0.96
5.22e-05 3.36 0.96
5.23e-05 3.52 0.96
5.24e-05 3.6 0.96
5.25e-05 3.68 0.96
5.26e-05 3.84 0.88
5.27e-05 4 0.88
5.28e-05 4 0.96
5.29e-05 4.16 0.88
5.3e-05 4.24 0.96
5.31e-05 4.32 0.96
5.32e-05 4.56 0.96
5.33e-05 4.56 0.96
5.34e-05 4.64 0.96
5.35e-05 4.8 0.96
5.36e-05 4.88 0.96
5.37e-05 4.96 0.96
5.38e-05 5.04 0.96
5.39e-05 5.12 1.04
5.4e-05 5.2 0.96
5.41e-05 5.28 0.96
5.42e-05 5.36 0.96
5.43e-05 5.44 0.96
5.44e-05 5.44 0.96
5.45e-05 5.52 0.96
5.46e-05 5.6 0.96
5.47e-05 5.6 0.8
5.48e-05 5.76 0.88
5.49e-05 5.76 0.88
5.5e-05 5.76 0.88
5.51e-05 5.84 0.8
5.52e-05 5.84 0.8
5.53e-05 5.92 0.8
5.54e-05 5.92 0.8
5.55e-05 6 0.8
5.56e-05 5.92 0.72
5.57e-05 6 0.8
5.58e-05 6 0.8
5.59e-05 6 0.72
5.6e-05 6 0.72
5.61e-05 6 0.8
5.62e-05 6.08 0.72
5.63e-05 6.08 0.64
5.64e-05 6 0.72
5.65e-05 5.92 0.72
5.66e-05 5.92 0.64
5.67e-05 5.92 0.64
5.68e-05 5.92 0.56
5.69e-05 5.92 0.64
5.7e-05 5.84 0.48
5.71e-05 5.84 0.56
5.72e-05 5.84 0.48
5.73e-05 5.76 0.48
5.74e-05 5.68 0.4
5.75e-05 5.6 0.48
5.76e-05 5.52 0.4
5.77e-05 5.52 0.4
5.78e-05 5.44 0.4
5.79e-05 5.44 0.4
5.8e-05 5.36 0.4
5.81e-05 5.28 0.32
5.82e-05 5.2 0.32
5.83e-05 5.12 0.32
5.84e-05 5.04 0.16
5.85e-05 4.96 0.24
5.86e-05 4.88 0.16
5.87e-05 4.8 0.16
5.88e-05 4.64 0.08
5.89e-05 4.56 0.16
5.9e-05 4.48 0.08
5.91e-05 4.4 0.08
5.92e-05 4.32 0.08
5.93e-05 4.16 0
5.94e-05 4 0
5.95e-05 4 0
5.96e-05 3.84 0
5.97e-05 3.68 -0.16
5.98e-05 3.6 -0.16
5.99e-05 3.52 -0.16
6e-05 3.36 -0.32
6.01e-05 3.2 -0.24
6.02e-05 3.12 -0.32
6.03e-05 2.96 -0.24
6.04e-05 2.88 -0.32
6.05e-05 2.72 -0.4
6.06e-05 2.56 -0.32
6.07e-05 2.4 -0.4
6.08e-05 2.32 -0.4
6.09e-05 2.24 -0.48
6.1e-05 2 -0.4
6.11e-05 1.92 -0.48
6.12e-05 1.68 -0.48
6.13e-05 1.6 -0.56
6.14e-05 1.44 -0.56
6.15e-05 1.28 -0.56
6.16e-05 1.12 -0.64
6.17e-05 0.96 -0.64
6.18e-05 0.8 -0.64
6.19e-05 0.72 -0.72
6.2e-05 0.48 -0.72
6.21e-05 0.4 -0.72
6.22e-05 0.24 -0.72
6.23e-05 0.08 -0.72
6.24e-05 -0.16 -0.8
6.25e-05 -0.32 -0.88
6.26e-05 -0.4 -0.8
6.27e-05 -0.64 -0.88
6.28e-05 -0.72 -0.8
6.29e-05 -0.88 -0.88
6.3e-05 -1.04 -0.96
6.31e-05 -1.2 -0.88
6.32e-05 -1.36 -0.96
6.33e-05 -1.52 -0.96
6.34e-05 -1.68 -0.96
6.35e-05 -1.84 -0.96
6.36e-05 -2 -1.04
6.37e-05 -2.08 -1.04
6.38e-05 -2.16 -1.04
6.39e-05 -2.4 -1.04
6.4e-05 -2.48 -1.04
6.41e-05 -2.64 -1.04
6.42e-05 -2.8 -1.04
6.43e-05 -2.96 -1.12
6.44e-05 -2.96 -1.12
6.45e-05 -3.2 -1.12
6.46e-05 -3.28 -1.04
6.47e-05 -3.44 -1.04
6.48e-05 -3.6 -1.12
6.49e-05 -3.68 -1.12
6.5e-05 -3.84 -1.12
6.51e-05 -3.92 -1.12
6.52e-05 -4.08 -1.12
6.53e-05 -4.16 -1.12
6.54e-05 -4.32 -1.12
6.55e-05 -4.4 -1.2
6.56e-05 -4.48 -1.04
6.57e-05 -4.56 -1.12
6.58e-05 -4.72 -1.12
6.59e-05 -4.8 -1.12
6.6e-05 -4.88 -1.12
6.61e-05 -4.96 -1.12
6.62e-05 -5.04 -1.12
6.63e-05 -5.12 -1.12
6.64e-05 -5.2 -1.12
6.65e-05 -5.28 -1.04
6.66e-05 -5.36 -1.12
6.67e-05 -5.44 -1.04
6.68e-05 -5.52 -1.12
6.69e-05 -5.6 -1.04
6.7e-05 -5.6 -1.12
6.71e-05 -5.76 -1.04
6.72e-05 -5.68 -1.04
6.73e-05 -5.76 -1.04
6.74e-05 -5.84 -1.04
6.75e-05 -5.84 -1.04
6.76e-05 -6 -1.04
6.77e-05 -6 -1.04
6.78e-05 -6 -1.04
6.79e-05 -6.08 -0.96
6.8e-05 -6.08 -1.04
6.81e-05 -6.08 -0.88
6.82e-05 -6.08 -0.96
6.83e-05 -6.16 -0.96
6.84e-05 -6.16 -0.88
6.85e-05 -6.16 -0.96
6.86e-05 -6.16 -0.88
6.87e-05 -6.16 -0.88
6.88e-05 -6.08 -0.8
6.89e-05 -6.08 -0.88
6.9e-05 -6.08 -0.88
6.91e-05 -6.08 -0.88
6.92e-05 -6 -0.88
6.93e-05 -6 -0.72
6.94e-05 -6 -0.8
6.95e-05 -6 -0.72
6.96e-05 -5.84 -0.72
6.97e-05 -5.92 -0.72
6.98e-05 -5.84 -0.64
6.99e-05 -5.84 -0.64
7e-05 -5.68 -0.64
7.01e-05 -5.68 -0.64
7.02e-05 -5.6 -0.48
7.03e-05 -5.52 -0.56
7.04e-05 -5.52 -0.48
7.05e-05 -5.44 -0.48
7.06e-05 -5.36 -0.48
7.07e-05 -5.36 -0.48
7.08e-05 -5.2 -0.48
7.09e-05 -5.12 -0.4
7.1e-05 -5.04 -0.4
7.11e-05 -4.88 -0.32
7.12e-05 -4.88 -0.32
7.13e-05 -4.8 -0.32
7.14e-05 -4.72 -0.32
7.15e-05 -4.56 -0.32
7.16e-05 -4.48 -0.24
7.17e-05 -4.4 -0.24
7.18e-05 -4.24 -0.16
7.19e-05 -4.24 -0.24
7.2e-05 -4.08 -0.16
7.21e-05 -3.92 0
7.22e-05 -3.84 0
7.23e-05 -3.68 0
7.24e-05 -3.52 0
7.25e-05 -3.52 0.08
7.26e-05 -3.28 0.08
7.27e-05 -3.2 0.08
7.28e-05 -3.12 0.08
7.29e-05 -2.96 0.16
7.3e-05 -2.8 0.16
7.31e-05 -2.64 0.16
7.32e-05 -2.56 0.32
7.33e-05 -2.32 0.24
7.34e-05 -2.24 0.32
7.35e-05 -2.16 0.32
7.36e-05 -2 0.32
7.37e-05 -1.84 0.32
7.38e-05 -1.68 0.32
7.39e-05 -1.52 0.4
7.4e-05 -1.36 0.32
7.41e-05 -1.2 0.4
7.42e-05 -1.04 0.4
7.43e-05 -0.96 0.48
7.44e-05 -0.8 0.48
7.45e-05 -0.64 0.56
7.46e-05 -0.4 0.48
7.47e-05 -0.32 0.56
7.48e-05 -0.24 0.64
7.49e-05 0.08 0.56
7.5e-05 0.32 0.64
7.51e-05 0.4 0.64
7.52e-05 0.48 0.64
7.53e-05 0.64 0.64
7.54e-05 0.72 0.72
7.55e-05 0.96 0.72
7.56e-05 1.12 0.72
7.57e-05 1.28 0.8
7.58e-05 1.44 0.8
7.59e-05 1.6 0.8
7.6e-05 1.68 0.8
7.61e-05 1.92 0.8
7.62e-05 2 0.8
7.63e-05 2.08 0.8
7.64e-05 2.24 0.88
7.65e-05 2.4 0.8
7.66e-05 2.56 0.88
7.67e-05 2.72 0.88
7.68e-05 2.88 0.88
7.69e-05 2.96 0.96
7.7e-05 3.04 0.88
7.71e-05 3.2 0.96
7.72e-05 3.36 0.96
7.73e-05 3.52 0.96
7.74e-05 3.52 0.96
7.75e-05 3.68 0.96
7.76e-05 3.84 0.96
7.77e-05 3.92 0.96
7.78e-05 4 1.04
7.79e-05 4.16 0.96
7.8e-05 4.24 0.96
7.81e-05 4.32 0.96
7.82e-05 4.48 0.96
7.83e-05 4.56 0.96
7.84e-05 4.64 0.96
7.85e-05 4.8 0.96
7.86e-05 4.88 0.96
7.87e-05 4.96 0.96
7.88e-05 5.04 0.88
7.89e-05 5.12 0.96
7.9e-05 5.2 0.96
7.91e-05 5.28 0.96
7.92e-05 5.44 0.96
7.93e-05 5.44 0.96
7.94e-05 5.44 0.96
7.95e-05 5.52 0.88
7.96e-05 5.6 0.96
7.97e-05 5.6 0.96
7.98e-05 5.68 0.96
7.99e-05 5.68 0.96
8e-05 5.84 0.88
8.01e-05 5.84 0.88
8.02e-05 5.84 0.8
8.03e-05 5.92 0.88
8.04e-05 5.92 0.8
8.05e-05 5.92 0.8
8.06e-05 6 0.72
8.07e-05 6.08 0.8
8.08e-05 6 0.8
8.09e-05 6 0.8
8.1e-05 6.08 0.8
8.11e-05 6.08 0.72
8.12e-05 6.08 0.72
8.13e-05 6.08 0.72
8.14e-05 6 0.72
8.15e-05 6 0.64
8.16e-05 5.92 0.64
8.17e-05 5.92 0.64
8.18e-05 5.92 0.56
8.19e-05 5.92 0.64
8.2e-05 5.84 0.56
8.21e-05 5.84 0.48
8.22e-05 5.76 0.56
8.23e-05 5.76 0.48
8.24e-05 5.76 0.48
8.25e-05 5.6 0.48
8.26e-05 5.52 0.48
8.27e-05 5.52 0.32
8.28e-05 5.44 0.4
8.29e-05 5.44 0.4
8.3e-05 5.36 0.32
8.31e-05 5.2 0.32
8.32e-05 5.12 0.24
8.33e-05 5.12 0.24
8.34e-05 5.04 0.24
8.35e-05 4.96 0.24
8.36e-05 4.88 0.16
8.37e-05 4.8 0.16
8.38e-05 4.72 0.16
8.39e-05 4.56 0.08
8.4e-05 4.48 0.08
8.41e-05 4.32 0.08
8.42e-05 4.24 0.08
8.43e-05 4.16 0
8.44e-05 4.08 0
8.45e-05 3.92 0
8.46e-05 3.84 -0.16
8.47e-05 3.68 0
8.48e-05 3.6 -0.24
8.49e-05 3.52 -0.16
8.5e-05 3.36 -0.24
8.51e-05 3.2 -0.24
8.52e-05 3.04 -0.32
8.53e-05 2.96 -0.32
8.54e-05 2.88 -0.32
8.55e-05 2.64 -0.4
8.56e-05 2.56 -0.32
8.57e-05 2.4 -0.4
8.58e-05 2.24 -0.4
8.59e-05 2.16 -0.48
8.6e-05 2 -0.4
8.61e-05 1.92 -0.48
8.62e-05 1.76 -0.48
8.63e-05 1.6 -0.56
8.64e-05 1.36 -0.56
8.65e-05 1.28 -0.56
8.66e-05 1.12 -0.64
8.67e-05 0.96 -0.64
8.68e-05 0.8 -0.64
8.69e-05 0.72 -0.64
8.7e-05 0.48 -0.64
8.71e-05 0.32 -0.72
8.72e-05 0.16 -0.64
8.73e-05 0.08 -0.88
8.74e-05 -0.16 -0.8
8.75e-05 -0.32 -0.8
8.76e-05 -0.4 -0.88
8.77e-05 -0.64 -0.88
8.78e-05 -0.72 -0.88
8.79e-05 -0.96 -0.88
8.8e-05 -1.04 -0.88
8.81e-05 -1.2 -0.88
8.82e-05 -1.36 -0.96
8.83e-05 -1.52 -0.88
8.84e-05 -1.68 -0.96
8.85e-05 -1.84 -0.96
8.86e-05 -2 -0.96
8.87e-05 -2.08 -0.96
8.88e-05 -2.24 -0.96
8.89e-05 -2.4 -1.04
8.9e-05 -2.48 -1.04
8.91e-05 -2.64 -1.04
8.92e-05 -2.8 -1.04
8.93e-05 -2.96 -1.04
8.94e-05 -3.04 -1.12
8.95e-05 -3.2 -1.04
8.96e-05 -3.28 -1.12
8.97e-05 -3.44 -1.04
8.98e-05 -3.6 -1.12
8.99e-05 -3.6 -1.12
9e-05 -3.84 -1.2
9.01e-05 -3.92 -1.12
9.02e-05 -4.08 -1.12
9.03e-05 -4.16 -1.12
9.04e-05 -4.24 -1.2
9.05e-05 -4.32 -1.12
9.06e-05 -4.48 -1.12
9.07e-05 -4.56 -1.12
9.08e-05 -4.72 -1.12
9.09e-05 -4.8 -1.12
9.1e-05 -4.88 -1.2
9.11e-05 -4.96 -1.12
9.12e-05 -5.04 -1.12
9.13e-05 -5.2 -1.12
9.14e-05 -5.2 -1.2
9.15e-05 -5.28 -1.2
9.16e-05 -5.36 -1.12
9.17e-05 -5.44 -1.12
9.18e-05 -5.52 -1.04
9.19e-05 -5.52 -1.12
9.2e-05 -5.6 -1.04
9.21e-05 -5.68 -1.04
9.22e-05 -5.76 -1.04
9.23e-05 -5.76 -1.04
9.24e-05 -5.84 -1.04
9.25e-05 -5.84 -1.04
9.26e-05 -5.92 -1.04
9.27e-05 -6 -1.04
9.28e-05 -6 -1.04
9.29e-05 -6 -1.04
9.3e-05 -6.08 -1.04
9.31e-05 -6.08 -1.04
9.32e-05 -6.08 -0.96
9.33e-05 -6.16 -0.96
9.34e-05 -6.16 -0.88
9.35e-05 -6.16 -0.96
9.36e-05 -6.16 -0.88
9.37e-05 -6.08 -0.88
9.38e-05 -6.16 -0.88
9.39e-05 -6.08 -0.8
9.4e-05 -6.08 -0.8
9.41e-05 -6.08 -0.8
9.42e-05 -6.08 -0.8
9.43e-05 -6.08 -0.72
9.44e-05 -6 -0.8
9.45e-05 -6 -0.8
9.46e-05 -6 -0.72
9.47e-05 -5.84 -0.72
9.48e-05 -5.84 -0.72
9.49e-05 -5.76 -0.72
9.5e-05 -5.76 -0.64
9.51e-05 -5.68 -0.56
9.52e-05 -5.68 -0.56
9.53e-05 -5.52 -0.56
9.54e-05 -5.52 -0.48
9.55e-05 -5.44 -0.48
9.56e-05 -5.36 -0.48
9.57e-05 -5.36 -0.4
9.58e-05 -5.2 -0.4
9.59e-05 -5.2 -0.4
9.6e-05 -5.04 -0.4
9.61e-05 -4.88 -0.32
9.62e-05 -4.88 -0.32
9.63e-05 -4.8 -0.32
9.64e-05 -4.72 -0.24
9.65e-05 -4.56 -0.24
9.66e-05 -4.48 -0.24
9.67e-05 -4.4 -0.24
9.68e-05 -4.24 -0.16
9.69e-05 -4.16 -0.16
9.7e-05 -4.08 -0.16
9.71e-05 -3.92 0
9.72e-05 -3.84 0
9.73e-05 -3.76 0.08
9.74e-05 -3.6 0
9.75e-05 -3.44 0.08
9.76e-05 -3.28 0.08
9.77e-05 -3.2 0.08
9.78e-05 -3.12 0.16
9.79e-05 -2.96 0.16
9.8e-05 -2.8 0.16
9.81e-05 -2.64 0.16
9.82e-05 -2.56 0.32
9.83e-05 -2.32 0.32
9.84e-05 -2.24 0.32
9.85e-05 -2.16 0.32
9.86e-05 -2 0.32
9.87e-05 -1.84 0.4
9.88e-05 -1.68 0.32
9.89e-05 -1.52 0.4
9.9e-05 -1.36 0.4
9.91e-05 -1.2 0.48
9.92e-05 -1.12 0.48
9.93e-05 -0.88 0.48
9.94e-05 -0.8 0.56
9.95e-05 -0.64 0.48
9.96e-05 -0.4 0.56
9.97e-05 -0.24 0.56
9.98e-05 -0.16 0.64
9.99e-05 0.08 0.64
0.0001 0.24 0.64
0.0001001 0.32 0.64
0.0001002 0.48 0.64
0.0001003 0.72 0.72
0.0001004 0.88 0.64
0.0001005 0.96 0.72
0.0001006 1.12 0.72
0.0001007 1.28 0.8
0.0001008 1.44 0.72
0.0001009 1.6 0.72
0.000101 1.68 0.8
0.0001011 1.84 0.8
0.0001012 2 0.8
0.0001013 2.08 0.8
0.0001014 2.32 0.88
0.0001015 2.4 0.8
0.0001016 2.56 0.88
0.0001017 2.72 0.88
0.0001018 2.88 0.88
0.0001019 2.96 0.96
0.000102 3.04 0.88
0.0001021 3.2 0.96
0.0001022 3.36 0.96
0.0001023 3.52 0.88
0.0001024 3.68 0.88
0.0001025 3.68 0.96
0.0001026 3.84 0.96
0.0001027 4 0.96
0.0001028 4.08 1.04
0.0001029 4.16 0.96
0.000103 4.24 0.96
0.0001031 4.32 0.96
0.0001032 4.56 1.04
0.0001033 4.64 0.96
0.0001034 4.64 0.96
0.0001035 4.8 0.96
0.0001036 4.88 0.88
0.0001037 4.96 1.04
0.0001038 5.12 0.96
0.0001039 5.12 0.96
0.000104 5.2 0.96
0.0001041 5.28 0.88
0.0001042 5.36 0.96
0.0001043 5.44 0.96
0.0001044 5.44 0.96
0.0001045 5.52 0.88
0.0001046 5.52 0.96
0.0001047 5.6 0.96
0.0001048 5.76 0.88
0.0001049 5.76 0.96
0.000105 5.84 0.88
0.0001051 5.84 0.88
0.0001052 5.84 0.8
0.0001053 5.92 0.88
0.0001054 5.92 0.88
0.0001055 5.92 0.8
0.0001056 5.92 0.8
0.0001057 6.08 0.72
0.0001058 6 0.8
0.0001059 6.08 0.72
0.000106 6.08 0.72
0.0001061 6.08 0.72
0.0001062 5.92 0.64
0.0001063 6 0.64
0.0001064 6.08 0.72
0.0001065 6 0.64
0.0001066 5.92 0.64
0.0001067 5.92 0.64
0.0001068 5.92 0.64
0.0001069 5.84 0.64
0.000107 5.84 0.48
0.0001071 5.76 0.48
0.0001072 5.76 0.48
0.0001073 5.76 0.4
0.0001074 5.76 0.56
0.0001075 5.68 0.4
0.0001076 5.6 0.4
0.0001077 5.52 0.32
0.0001078 5.44 0.4
0.0001079 5.44 0.32
0.000108 5.36 0.32
0.0001081 5.28 0.32
0.0001082 5.2 0.24
0.0001083 5.12 0.32
0.0001084 5.12 0.24
0.0001085 4.96 0.24
0.0001086 4.88 0.16
0.0001087 4.8 0.08
0.0001088 4.64 0.16
0.0001089 4.56 0.08
0.000109 4.48 0.08
0.0001091 4.4 0.08
0.0001092 4.24 0.08
0.0001093 4.16 0
0.0001094 4.08 0
0.0001095 3.92 0
0.0001096 3.84 0
0.0001097 3.76 0
0.0001098 3.6 -0.16
0.0001099 3.52 -0.16
0.00011 3.36 -0.24
0.0001101 3.28 -0.32
0.0001102 3.2 -0.24
0.0001103 2.96 -0.32
0.0001104 2.88 -0.32
0.0001105 2.72 -0.32
0.0001106 2.56 -0.4
0.0001107 2.4 -0.4
0.0001108 2.32 -0.4
0.0001109 2.08 -0.48
0.000111 2 -0.48
0.0001111 1.84 -0.48
0.0001112 1.68 -0.56
0.0001113 1.6 -0.56
0.0001114 1.44 -0.64
0.0001115 1.28 -0.64
0.0001116 1.12 -0.56
0.0001117 0.96 -0.64
0.0001118 0.8 -0.64
0.0001119 0.64 -0.72
0.000112 0.48 -0.64
0.0001121 0.4 -0.72
0.0001122 0.24 -0.64
0.0001123 0.08 -0.72
0.0001124 0 -0.72
0.0001125 -0.32 -0.8
0.0001126 -0.4 -0.8
0.0001127 -0.56 -0.8
0.0001128 -0.8 -0.96
0.0001129 -0.96 -0.8
0.000113 -1.04 -0.96
0.0001131 -1.2 -0.96
0.0001132 -1.36 -0.96
0.0001133 -1.52 -0.96
0.0001134 -1.68 -0.96
0.0001135 -1.84 -0.96
0.0001136 -1.92 -0.96
0.0001137 -2.08 -1.04
0.0001138 -2.24 -1.04
0.0001139 -2.32 -0.96
0.000114 -2.48 -0.96
0.0001141 -2.64 -1.04
0.0001142 -2.8 -1.04
0.0001143 -2.96 -1.04
0.0001144 -3.04 -1.12
0.0001145 -3.2 -1.04
0.0001146 -3.28 -1.04
0.0001147 -3.44 -1.04
0.0001148 -3.6 -1.12
0.0001149 -3.76 -1.12
0.000115 -3.84 -1.12
0.0001151 -3.92 -1.12
0.0001152 -4.08 -1.04
0.0001153 -4.16 -1.2
0.0001154 -4.24 -1.2
0.0001155 -4.4 -1.2
0.0001156 -4.48 -1.2
0.0001157 -4.56 -1.12
0.0001158 -4.64 -1.2
0.0001159 -4.8 -1.12
0.000116 -4.88 -1.12
0.0001161 -4.96 -1.04
0.0001162 -5.12 -1.12
0.0001163 -5.12 -1.2
0.0001164 -5.2 -1.12
0.0001165 -5.36 -1.12
0.0001166 -5.36 -1.12
0.0001167 -5.44 -1.12
0.0001168 -5.52 -1.04
0.0001169 -5.52 -1.12
0.000117 -5.6 -1.04
0.0001171 -5.68 -1.04
0.0001172 -5.76 -1.04
0.0001173 -5.76 -1.04
0.0001174 -5.84 -1.04
0.0001175 -5.84 -1.04
0.0001176 -5.84 -1.04
0.0001177 -6 -0.96
0.0001178 -6 -1.04
0.0001179 -6 -1.04
0.000118 -6.08 -0.96
0.0001181 -6.08 -0.96
0.0001182 -6.08 -0.96
0.0001183 -6.08 -0.96
0.0001184 -6.08 -0.88
0.0001185 -6.08 -0.96
0.0001186 -6.16 -0.88
0.0001187 -6.16 -0.88
0.0001188 -6.16 -0.8
0.0001189 -6.08 -0.8
0.000119 -6.08 -0.8
0.0001191 -6.08 -0.72
0.0001192 -6 -0.72
0.0001193 -6.08 -0.72
0.0001194 -6 -0.72
0.0001195 -5.92 -0.72
0.0001196 -6 -0.64
0.0001197 -5.84 -0.72
0.0001198 -5.84 -0.64
0.0001199 -5.76 -0.72
0.00012 -5.76 -0.64
0.0001201 -5.76 -0.56
0.0001202 -5.68 -0.64
0.0001203 -5.52 -0.56
0.0001204 -5.52 -0.56
0.0001205 -5.44 -0.56
0.0001206 -5.36 -0.48
0.0001207 -5.2 -0.4
0.0001208 -5.2 -0.4
0.0001209 -5.12 -0.4
0.000121 -5.04 -0.32
0.0001211 -4.88 -0.32
0.0001212 -4.88 -0.32
0.0001213 -4.8 -0.32
0.0001214 -4.72 -0.24
0.0001215 -4.56 -0.24
0.0001216 -4.48 -0.24
0.0001217 -4.4 -0.24
0.0001218 -4.24 -0.24
0.0001219 -4.08 -0.16
0.000122 -4.08 -0.16
0.0001221 -3.92 0
0.0001222 -3.84 0
0.0001223 -3.76 0
0.0001224 -3.6 0
0.0001225 -3.52 0
0.0001226 -3.36 0.08
0.0001227 -3.2 0.08
0.0001228 -3.12 0.16
0.0001229 -2.96 0.16
0.000123 -2.8 0.16
0.0001231 -2.64 0.16
0.0001232 -2.56 0.32
0.0001233 -2.32 0.32
0.0001234 -2.24 0.32
0.0001235 -2.16 0.32
0.0001236 -1.92 0.24
0.0001237 -1.84 0.4
0.0001238 -1.68 0.4
0.0001239 -1.52 0.4
0.000124 -1.36 0.4
0.0001241 -1.2 0.4
0.0001242 -1.04 0.48
0.0001243 -0.96 0.48
0.0001244 -0.72 0.64
0.0001245 -0.64 0.48
0.0001246 -0.4 0.56
0.0001247 -0.32 0.56
0.0001248 -0.16 0.64
0.0001249 0.08 0.64
0.000125 0.24 0.64
0.0001251 0.32 0.64
0.0001252 0.48 0.64
0.0001253 0.64 0.64
0.0001254 0.8 0.72
0.0001255 0.96 0.72
0.0001256 1.12 0.8
0.0001257 1.28 0.72
0.0001258 1.44 0.72
0.0001259 1.6 0.8
0.000126 1.68 0.8
0.0001261 1.92 0.8
0.0001262 2 0.88
0.0001263 2.08 0.88
0.0001264 2.24 0.88
0.0001265 2.4 0.88
0.0001266 2.56 0.88
0.0001267 2.64 0.88
0.0001268 2.88 0.88
0.0001269 2.96 0.88
0.000127 3.04 0.88
0.0001271 3.28 0.96
0.0001272 3.36 0.96
0.0001273 3.52 0.88
0.0001274 3.6 0.96
0.0001275 3.76 0.96
0.0001276 3.84 0.96
0.0001277 3.92 0.96
0.0001278 4 0.96
0.0001279 4.16 0.96
0.000128 4.24 0.96
0.0001281 4.48 1.04
0.0001282 4.48 0.96
0.0001283 4.64 0.96
0.0001284 4.72 0.96
0.0001285 4.8 0.96
0.0001286 4.88 0.96
0.0001287 4.96 0.96
0.0001288 5.04 0.96
0.0001289 5.12 0.96
0.000129 5.2 0.96
0.0001291 5.28 0.88
0.0001292 5.36 0.96
0.0001293 5.44 0.88
0.0001294 5.44 0.88
0.0001295 5.52 0.96
0.0001296 5.6 0.88
0.0001297 5.68 0.88
0.0001298 5.76 0.88
0.0001299 5.76 0.88
0.00013 5.76 0.8
0.0001301 5.84 0.88
0.0001302 5.84 0.88
0.0001303 5.84 0.8
0.0001304 5.92 0.8
0.0001305 5.92 0.8
0.0001306 6 0.8
0.0001307 5.92 0.72
0.0001308 6.08 0.8
0.0001309 6.08 0.8
0.000131 6 0.72
0.0001311 6 0.72
0.0001312 6 0.64
0.0001313 6.08 0.72
0.0001314 6.08 0.64
0.0001315 5.92 0.64
0.0001316 5.92 0.56
0.0001317 5.92 0.64
0.0001318 5.92 0.64
0.0001319 5.92 0.56
0.000132 5.84 0.64
0.0001321 5.84 0.48
0.0001322 5.76 0.56
0.0001323 5.76 0.48
0.0001324 5.76 0.48
0.0001325 5.68 0.48
0.0001326 5.6 0.4
0.0001327 5.52 0.4
0.0001328 5.44 0.32
0.0001329 5.44 0.4
0.000133 5.28 0.32
0.0001331 5.28 0.32
0.0001332 5.2 0.32
0.0001333 5.12 0.32
0.0001334 5.12 0.24
0.0001335 4.96 0.24
0.0001336 4.88 0.32
0.0001337 4.8 0.08
0.0001338 4.72 0.16
0.0001339 4.64 0.08
0.000134 4.48 0.08
0.0001341 4.48 0
0.0001342 4.24 0
0.0001343 4.16 0
0.0001344 4.08 0
0.0001345 3.92 0
0.0001346 3.84 -0.16
0.0001347 3.76 0
0.0001348 3.6 -0.24
0.0001349 3.52 -0.24
0.000135 3.36 -0.24
0.0001351 3.2 -0.24
0.0001352 3.12 -0.24
0.0001353 2.96 -0.32
0.0001354 2.8 -0.32
0.0001355 2.64 -0.32
0.0001356 2.56 -0.4
0.0001357 2.4 -0.4
0.0001358 2.32 -0.4
0.0001359 2.24 -0.4
0.000136 2.08 -0.48
0.0001361 1.84 -0.48
0.0001362 1.76 -0.56
0.0001363 1.6 -0.56
0.0001364 1.44 -0.56
0.0001365 1.28 -0.64
0.0001366 1.12 -0.64
0.0001367 0.96 -0.64
0.0001368 0.8 -0.64
0.0001369 0.64 -0.72
0.000137 0.56 -0.64
0.0001371 0.4 -0.72
0.0001372 0.16 -0.72
0.0001373 0.08 -0.72
0.0001374 0 -0.8
0.0001375 -0.32 -0.8
0.0001376 -0.4 -0.88
0.0001377 -0.64 -0.88
0.0001378 -0.72 -0.88
0.0001379 -0.96 -0.88
0.000138 -1.04 -0.88
0.0001381 -1.2 -0.88
0.0001382 -1.36 -0.96
0.0001383 -1.52 -0.96
0.0001384 -1.68 -0.96
0.0001385 -1.84 -0.96
0.0001386 -2 -1.04
0.0001387 -2.16 -1.04
0.0001388 -2.24 -1.04
0.0001389 -2.4 -0.96
0.000139 -2.48 -1.04
0.0001391 -2.64 -1.04
0.0001392 -2.8 -1.04
0.0001393 -2.96 -1.04
0.0001394 -3.12 -1.04
0.0001395 -3.2 -1.04
0.0001396 -3.28 -1.04
0.0001397 -3.44 -1.12
0.0001398 -3.52 -1.04
0.0001399 -3.68 -1.12
0.00014 -3.76 -1.04
0.0001401 -3.92 -1.12
0.0001402 -4.08 -1.2
0.0001403 -4.16 -1.12
0.0001404 -4.24 -1.12
0.0001405 -4.4 -1.12
0.0001406 -4.48 -1.12
0.0001407 -4.56 -1.12
0.0001408 -4.72 -1.2
0.0001409 -4.8 -1.12
0.000141 -4.88 -1.12
0.0001411 -4.88 -1.12
0.0001412 -5.04 -1.04
0.0001413 -5.2 -1.2
0.0001414 -5.2 -1.12
0.0001415 -5.28 -1.12
0.0001416 -5.44 -1.04
0.0001417 -5.44 -1.04
0.0001418 -5.52 -1.04
0.0001419 -5.52 -1.12
0.000142 -5.68 -1.12
0.0001421 -5.76 -1.04
0.0001422 -5.76 -1.04
0.0001423 -5.76 -1.04
0.0001424 -5.84 -1.04
0.0001425 -5.84 -1.04
0.0001426 -5.84 -1.04
0.0001427 -6 -1.04
0.0001428 -6 -1.04
0.0001429 -6.08 -1.04
0.000143 -6 -0.96
0.0001431 -6.08 -0.96
0.0001432 -6.08 -0.96
0.0001433 -6.16 -0.96
0.0001434 -6.16 -0.96
0.0001435 -6.08 -0.88
0.0001436 -6.08 -0.96
0.0001437 -6.08 -0.88
0.0001438 -6.08 -0.88
0.0001439 -6.08 -0.88
0.000144 -6.16 -0.88
0.0001441 -6.08 -0.8
0.0001442 -6 -0.72
0.0001443 -6.08 -0.8
0.0001444 -6 -0.72
0.0001445 -6 -0.72
0.0001446 -5.92 -0.64
0.0001447 -5.84 -0.72
0.0001448 -5.84 -0.64
0.0001449 -5.76 -0.64
0.000145 -5.76 -0.56
0.0001451 -5.68 -0.56
0.0001452 -5.6 -0.64
0.0001453 -5.52 -0.56
0.0001454 -5.52 -0.56
0.0001455 -5.52 -0.48
0.0001456 -5.36 -0.48
0.0001457 -5.36 -0.48
0.0001458 -5.2 -0.4
0.0001459 -5.12 -0.4
0.000146 -5.04 -0.32
0.0001461 -4.88 -0.4
0.0001462 -4.88 -0.32
0.0001463 -4.8 -0.32
0.0001464 -4.72 -0.24
0.0001465 -4.56 -0.24
0.0001466 -4.48 -0.24
0.0001467 -4.4 -0.16
0.0001468 -4.24 -0.16
0.0001469 -4.16 0
0.000147 -4.08 -0.16
0.0001471 -3.92 0
0.0001472 -3.76 0
0.0001473 -3.76 0
0.0001474 -3.6 0.08
0.0001475 -3.52 0
0.0001476 -3.36 0.08
0.0001477 -3.28 0.08
0.0001478 -3.12 0.16
0.0001479 -2.96 0.08
0.000148 -2.8 0.16
0.0001481 -2.64 0.24
0.0001482 -2.56 0.24
0.0001483 -2.32 0.32
0.0001484 -2.24 0.32
0.0001485 -2.16 0.32
0.0001486 -2 0.32
0.0001487 -1.84 0.4
0.0001488 -1.68 0.32
0.0001489 -1.52 0.4
0.000149 -1.36 0.4
0.0001491 -1.2 0.4
0.0001492 -1.04 0.48
0.0001493 -0.96 0.48
0.0001494 -0.72 0.48
0.0001495 -0.64 0.48
0.0001496 -0.4 0.56
0.0001497 -0.32 0.64
0.0001498 -0.24 0.56
0.0001499 0 0.64
0.00015 0.16 0.64
0.0001501 0.32 0.64
0.0001502 0.48 0.64
0.0001503 0.64 0.72
0.0001504 0.8 0.72
0.0001505 0.96 0.72
0.0001506 1.12 0.72
0.0001507 1.28 0.72
0.0001508 1.44 0.72
0.0001509 1.6 0.8
0.000151 1.68 0.8
0.0001511 1.84 0.8
0.0001512 1.92 0.8
0.0001513 2.16 0.88
0.0001514 2.24 0.88
0.0001515 2.4 0.88
0.0001516 2.56 0.8
0.0001517 2.72 0.96
0.0001518 2.88 0.88
0.0001519 2.96 0.96
0.000152 3.12 0.96
0.0001521 3.28 0.96
0.0001522 3.36 0.96
0.0001523 3.52 0.96
0.0001524 3.6 0.96
0.0001525 3.68 0.88
0.0001526 3.84 0.96
0.0001527 3.92 0.96
0.0001528 4 0.96
0.0001529 4.16 0.96
0.000153 4.24 0.96
0.0001531 4.4 0.96
0.0001532 4.48 0.96
0.0001533 4.64 0.96
0.0001534 4.64 0.96
0.0001535 4.8 0.96
0.0001536 4.88 0.96
0.0001537 4.96 0.96
0.0001538 5.12 0.96
0.0001539 5.12 0.96
0.000154 5.2 0.96
0.0001541 5.28 0.96
0.0001542 5.36 0.96
0.0001543 5.44 0.96
0.0001544 5.44 0.96
0.0001545 5.52 0.96
0.0001546 5.6 0.88
0.0001547 5.6 0.88
0.0001548 5.76 0.88
0.0001549 5.76 0.8
0.000155 5.76 0.8
0.0001551 5.84 0.8
0.0001552 5.92 0.8
0.0001553 5.92 0.8
0.0001554 5.92 0.8
0.0001555 5.92 0.8
0.0001556 5.92 0.8
0.0001557 6 0.72
0.0001558 6 0.8
0.0001559 6.08 0.72
0.000156 6.08 0.72
0.0001561 6.08 0.72
0.0001562 6 0.64
0.0001563 6 0.72
0.0001564 6.08 0.72
0.0001565 6.08 0.64
0.0001566 6 0.64
0.0001567 5.92 0.64
0.0001568 5.92 0.64
0.0001569 5.92 0.56
0.000157 5.84 0.64
0.0001571 5.84 0.48
0.0001572 5.84 0.48
0.0001573 5.76 0.48
0.0001574 5.76 0.48
0.0001575 5.68 0.48
0.0001576 5.6 0.4
0.0001577 5.6 0.4
0.0001578 5.44 0.32
0.0001579 5.44 0.4
0.000158 5.44 0.32
0.0001581 5.28 0.32
0.0001582 5.2 0.32
0.0001583 5.12 0.24
0.0001584 5.12 0.24
0.0001585 4.96 0.16
0.0001586 4.88 0.16
0.0001587 4.8 0.08
0.0001588 4.72 0.16
0.0001589 4.64 0.08
0.000159 4.48 0.08
0.0001591 4.48 0.08
0.0001592 4.24 0
0.0001593 4.16 0
0.0001594 4 -0.16
0.0001595 4 0
0.0001596 3.84 -0.16
0.0001597 3.68 -0.16
0.0001598 3.68 -0.16
0.0001599 3.44 -0.24
0.00016 3.36 -0.24
0.0001601 3.2 -0.32
0.0001602 3.12 -0.24
0.0001603 2.96 -0.32
0.0001604 2.88 -0.32
0.0001605 2.64 -0.32
0.0001606 2.56 -0.4
0.0001607 2.4 -0.32
0.0001608 2.32 -0.4
0.0001609 2.24 -0.4
0.000161 1.92 -0.48
0.0001611 1.92 -0.48
0.0001612 1.68 -0.48
0.0001613 1.6 -0.56
0.0001614 1.44 -0.56
0.0001615 1.28 -0.64
0.0001616 1.2 -0.56
0.0001617 0.96 -0.64
0.0001618 0.8 -0.64
0.0001619 0.64 -0.72
0.000162 0.48 -0.72
0.0001621 0.4 -0.72
0.0001622 0.24 -0.8
0.0001623 0.08 -0.72
0.0001624 -0.16 -0.8
0.0001625 -0.24 -0.8
0.0001626 -0.4 -0.88
0.0001627 -0.64 -0.88
0.0001628 -0.72 -0.8
0.0001629 -0.96 -0.88
0.000163 -1.04 -0.8
0.0001631 -1.2 -0.88
0.0001632 -1.36 -0.96
0.0001633 -1.52 -1.04
0.0001634 -1.6 -0.96
0.0001635 -1.84 -0.96
0.0001636 -1.92 -0.96
0.0001637 -2.08 -0.96
0.0001638 -2.24 -1.04
0.0001639 -2.32 -0.96
0.000164 -2.56 -1.04
0.0001641 -2.64 -1.04
0.0001642 -2.8 -1.04
0.0001643 -2.96 -1.04
0.0001644 -2.96 -1.04
0.0001645 -3.2 -1.04
0.0001646 -3.28 -1.04
0.0001647 -3.44 -1.12
0.0001648 -3.6 -1.12
0.0001649 -3.6 -1.12
0.000165 -3.84 -1.04
0.0001651 -3.92 -1.12
0.0001652 -4.08 -1.04
0.0001653 -4.16 -1.04
0.0001654 -4.24 -1.2
0.0001655 -4.4 -1.12
0.0001656 -4.48 -1.12
0.0001657 -4.56 -1.2
0.0001658 -4.72 -1.12
0.0001659 -4.8 -1.12
0.000166 -4.88 -1.12
0.0001661 -4.96 -1.12
0.0001662 -5.04 -1.04
0.0001663 -5.12 -1.12
0.0001664 -5.2 -1.04
0.0001665 -5.28 -1.12
0.0001666 -5.36 -1.12
0.0001667 -5.44 -1.04
0.0001668 -5.52 -1.12
0.0001669 -5.52 -1.12
0.000167 -5.68 -1.04
0.0001671 -5.76 -1.04
0.0001672 -5.76 -1.04
0.0001673 -5.84 -1.12
0.0001674 -5.84 -1.04
0.0001675 -5.84 -1.04
0.0001676 -6 -1.04
0.0001677 -6 -1.04
0.0001678 -6 -1.04
0.0001679 -6.08 -1.04
0.000168 -6.08 -0.96
0.0001681 -6.08 -0.96
0.0001682 -6.08 -0.96
0.0001683 -6.08 -0.88
0.0001684 -6.08 -0.96
0.0001685 -6.16 -0.96
0.0001686 -6.16 -0.88
0.0001687 -6.08 -0.88
0.0001688 -6.08 -0.88
0.0001689 -6.16 -0.88
0.000169 -6.08 -0.88
0.0001691 -6.08 -0.8
0.0001692 -6 -0.8
0.0001693 -6 -0.8
0.0001694 -6 -0.72
0.0001695 -6 -0.72
0.0001696 -5.92 -0.72
0.0001697 -5.84 -0.72
0.0001698 -5.84 -0.64
0.0001699 -5.76 -0.64
0.00017 -5.68 -0.64
0.0001701 -5.68 -0.56
0.0001702 -5.68 -0.56
0.0001703 -5.52 -0.48
0.0001704 -5.52 -0.48
0.0001705 -5.44 -0.48
0.0001706 -5.36 -0.48
0.0001707 -5.28 -0.4
0.0001708 -5.2 -0.4
0.0001709 -5.12 -0.4
0.000171 -5.04 -0.32
0.0001711 -4.96 -0.4
0.0001712 -4.88 -0.32
0.0001713 -4.88 -0.4
0.0001714 -4.72 -0.32
0.0001715 -4.56 -0.24
0.0001716 -4.48 -0.24
0.0001717 -4.4 -0.16
0.0001718 -4.24 -0.24
0.0001719 -4.16 -0.16
0.000172 -4 0
0.0001721 -3.92 0
0.0001722 -3.84 0
0.0001723 -3.76 0
0.0001724 -3.6 0.08
0.0001725 -3.44 0
0.0001726 -3.28 0.08
0.0001727 -3.2 0.08
0.0001728 -3.04 0.08
0.0001729 -2.96 0.16
0.000173 -2.8 0.16
0.0001731 -2.64 0.16
0.0001732 -2.56 0.24
0.0001733 -2.32 0.32
0.0001734 -2.24 0.32
0.0001735 -2.16 0.32
0.0001736 -2 0.32
0.0001737 -1.84 0.4
0.0001738 -1.68 0.4
0.0001739 -1.52 0.4
0.000174 -1.36 0.4
0.0001741 -1.2 0.4
0.0001742 -1.04 0.48
0.0001743 -0.96 0.48
0.0001744 -0.72 0.48
0.0001745 -0.64 0.48
0.0001746 -0.4 0.48
0.0001747 -0.32 0.64
0.0001748 -0.16 0.64
0.0001749 0.08 0.56
0.000175 0.16 0.64
0.0001751 0.4 0.64
0.0001752 0.48 0.72
0.0001753 0.72 0.64
0.0001754 0.8 0.72
0.0001755 0.96 0.72
0.0001756 1.12 0.72
0.0001757 1.28 0.72
0.0001758 1.36 0.72
0.0001759 1.52 0.8
0.000176 1.68 0.8
0.0001761 1.92 0.8
0.0001762 2 0.8
0.0001763 2.16 0.88
0.0001764 2.24 0.8
0.0001765 2.4 0.88
0.0001766 2.56 0.88
0.0001767 2.72 0.88
0.0001768 2.8 0.88
0.0001769 2.96 0.88
0.000177 3.04 0.88
0.0001771 3.28 0.96
0.0001772 3.36 0.96
0.0001773 3.52 0.96
0.0001774 3.6 0.96
0.0001775 3.68 0.96
0.0001776 3.84 0.96
0.0001777 3.92 0.96
0.0001778 4 0.96
0.0001779 4.16 0.96
0.000178 4.32 0.96
0.0001781 4.32 0.96
0.0001782 4.48 0.96
0.0001783 4.56 0.96
0.0001784 4.64 0.96
0.0001785 4.8 0.88
0.0001786 4.88 0.96
0.0001787 4.96 0.96
0.0001788 5.12 0.96
0.0001789 5.12 0.96
0.000179 5.2 0.96
0.0001791 5.28 0.96
0.0001792 5.28 0.96
0.0001793 5.44 0.96
0.0001794 5.44 0.96
0.0001795 5.52 0.96
0.0001796 5.6 0.96
0.0001797 5.6 0.96
0.0001798 5.76 0.88
0.0001799 5.76 0.8
0.00018 5.84 0.88
0.0001801 5.84 0.8
0.0001802 5.84 0.88
0.0001803 5.92 0.88
0.0001804 5.92 0.8
0.0001805 5.92 0.8
0.0001806 6 0.8
0.0001807 6 0.8
0.0001808 6.08 0.8
0.0001809 6.08 0.8
0.000181 6.08 0.72
0.0001811 6.08 0.72
0.0001812 6.08 0.72
0.0001813 6.08 0.72
0.0001814 6.08 0.64
0.0001815 6.08 0.64
0.0001816 5.92 0.64
0.0001817 5.92 0.64
0.0001818 5.92 0.64
0.0001819 5.92 0.64
0.000182 5.84 0.56
0.0001821 5.84 0.48
0.0001822 5.84 0.48
0.0001823 5.76 0.48
0.0001824 5.76 0.4
0.0001825 5.6 0.48
0.0001826 5.6 0.4
0.0001827 5.52 0.4
0.0001828 5.44 0.4
0.0001829 5.44 0.4
0.000183 5.28 0.4
0.0001831 5.28 0.32
0.0001832 5.12 0.32
0.0001833 5.12 0.32
0.0001834 5.04 0.24
0.0001835 4.96 0.16
0.0001836 4.88 0.08
0.0001837 4.8 0.16
0.0001838 4.72 0.08
0.0001839 4.64 0.16
0.000184 4.48 0.08
0.0001841 4.4 0.08
0.0001842 4.24 0
0.0001843 4.16 0.08
0.0001844 4.16 0
0.0001845 3.92 0
0.0001846 3.84 0
0.0001847 3.68 -0.16
0.0001848 3.6 -0.16
0.0001849 3.52 -0.16
0.000185 3.36 -0.24
0.0001851 3.28 -0.24
0.0001852 3.04 -0.32
0.0001853 2.96 -0.32
0.0001854 2.88 -0.4
0.0001855 2.72 -0.32
0.0001856 2.56 -0.4
0.0001857 2.4 -0.4
0.0001858 2.32 -0.4
0.0001859 2.24 -0.4
0.000186 2 -0.56
0.0001861 1.92 -0.48
0.0001862 1.76 -0.48
0.0001863 1.6 -0.56
0.0001864 1.44 -0.56
0.0001865 1.28 -0.56
0.0001866 1.12 -0.64
0.0001867 0.96 -0.56
0.0001868 0.8 -0.64
0.0001869 0.64 -0.64
0.000187 0.48 -0.72
0.0001871 0.4 -0.72
0.0001872 0.32 -0.8
0.0001873 0.08 -0.8
0.0001874 0 -0.72
0.0001875 -0.32 -0.88
0.0001876 -0.48 -0.88
0.0001877 -0.56 -0.88
0.0001878 -0.8 -0.88
0.0001879 -0.96 -0.96
0.000188 -1.04 -0.88
0.0001881 -1.2 -0.96
0.0001882 -1.36 -0.96
0.0001883 -1.52 -0.88
0.0001884 -1.68 -0.96
0.0001885 -1.76 -0.96
0.0001886 -1.92 -0.96
0.0001887 -2 -0.96
0.0001888 -2.24 -0.96
0.0001889 -2.32 -0.96
0.000189 -2.56 -1.04
0.0001891 -2.64 -1.04
0.0001892 -2.8 -1.04
0.0001893 -2.96 -1.12
0.0001894 -3.12 -1.04
0.0001895 -3.2 -1.04
0.0001896 -3.28 -1.04
0.0001897 -3.44 -1.2
0.0001898 -3.6 -1.12
0.0001899 -3.6 -1.12
0.00019 -3.84 -1.12
0.0001901 -3.92 -1.04
0.0001902 -4 -1.12
0.0001903 -4.24 -1.12
0.0001904 -4.24 -1.2
0.0001905 -4.4 -1.04
0.0001906 -4.56 -1.12
0.0001907 -4.56 -1.12
0.0001908 -4.72 -1.12
0.0001909 -4.8 -1.2
0.000191 -4.88 -1.04
0.0001911 -4.96 -1.12
0.0001912 -5.04 -1.12
0.0001913 -5.2 -1.2
0.0001914 -5.2 -1.12
0.0001915 -5.28 -1.12
0.0001916 -5.36 -1.12
0.0001917 -5.44 -1.12
0.0001918 -5.52 -1.04
0.0001919 -5.52 -1.04
0.000192 -5.68 -1.04
0.0001921 -5.68 -1.04
0.0001922 -5.76 -1.12
0.0001923 -5.84 -1.04
0.0001924 -5.84 -1.04
0.0001925 -5.84 -1.04
0.0001926 -5.84 -1.04
0.0001927 -5.92 -1.04
0.0001928 -6 -0.96
0.0001929 -6 -1.04
0.000193 -6.08 -0.96
0.0001931 -6.08 -0.96
0.0001932 -6.08 -0.96
0.0001933 -6.16 -0.96
0.0001934 -6.16 -0.96
0.0001935 -6.16 -0.88
0.0001936 -6.16 -0.96
0.0001937 -6.16 -0.88
0.0001938 -6.16 -0.8
0.0001939 -6.16 -0.8
0.000194 -6.08 -0.88
0.0001941 -6.08 -0.8
0.0001942 -6.08 -0.72
0.0001943 -6 -0.8
0.0001944 -6 -0.72
0.0001945 -6 -0.72
0.0001946 -5.84 -0.72
0.0001947 -5.92 -0.72
0.0001948 -5.76 -0.72
0.0001949 -5.76 -0.64
0.000195 -5.76 -0.64
0.0001951 -5.68 -0.56
0.0001952 -5.68 -0.64
0.0001953 -5.52 -0.56
0.0001954 -5.52 -0.48
0.0001955 -5.44 -0.48
0.0001956 -5.36 -0.4
0.0001957 -5.28 -0.4
0.0001958 -5.2 -0.4
0.0001959 -5.12 -0.4
0.000196 -5.04 -0.4
0.0001961 -4.88 -0.32
0.0001962 -4.88 -0.32
0.0001963 -4.8 -0.32
0.0001964 -4.72 -0.32
0.0001965 -4.56 -0.24
0.0001966 -4.48 -0.24
0.0001967 -4.4 -0.24
0.0001968 -4.24 -0.24
0.0001969 -4.24 -0.16
0.000197 -4.08 -0.16
0.0001971 -3.92 -0.16
0.0001972 -3.76 0
0.0001973 -3.68 0
0.0001974 -3.6 0.08
0.0001975 -3.44 0
0.0001976 -3.28 0.16
0.0001977 -3.2 0.08
0.0001978 -2.96 0.08
0.0001979 -2.96 0.16
0.000198 -2.8 0.16
0.0001981 -2.64 0.24
0.0001982 -2.56 0.24
0.0001983 -2.32 0.24
0.0001984 -2.24 0.32
0.0001985 -2.16 0.32
0.0001986 -1.92 0.32
0.0001987 -1.84 0.32
0.0001988 -1.68 0.4
0.0001989 -1.6 0.4
0.000199 -1.36 0.4
0.0001991 -1.2 0.4
0.0001992 -1.04 0.4
0.0001993 -0.96 0.48
0.0001994 -0.72 0.48
0.0001995 -0.64 0.56
0.0001996 -0.4 0.56
0.0001997 -0.32 0.56
0.0001998 -0.24 0.64
0.0001999 0.08 0.64
0.0002 0.24 0.64
0.0002001 0.32 0.56
0.0002002 0.48 0.72
0.0002003 0.64 0.72
0.0002004 0.8 0.72
0.0002005 0.96 0.72
0.0002006 1.12 0.72
0.0002007 1.28 0.8
0.0002008 1.44 0.72
0.0002009 1.6 0.8
0.000201 1.68 0.72
0.0002011 1.92 0.88
0.0002012 2 0.8
0.0002013 2.16 0.88
0.0002014 2.24 0.8
0.0002015 2.4 0.8
0.0002016 2.56 0.8
0.0002017 2.64 0.88
0.0002018 2.88 0.88
0.0002019 2.96 0.88
0.000202 3.04 0.88
0.0002021 3.2 0.8
0.0002022 3.36 0.96
0.0002023 3.52 0.96
0.0002024 3.6 0.96
0.0002025 3.68 0.96
0.0002026 3.84 0.96
0.0002027 3.92 1.04
0.0002028 4 0.96
0.0002029 4.16 0.96
0.000203 4.24 0.96
0.0002031 4.32 0.96
0.0002032 4.56 0.96
0.0002033 4.56 0.96
0.0002034 4.64 0.96
0.0002035 4.8 0.96
0.0002036 4.88 0.96
0.0002037 4.96 0.96
0.0002038 5.12 0.96
0.0002039 5.12 0.96
0.000204 5.2 0.96
0.0002041 5.28 0.96
0.0002042 5.28 0.88
0.0002043 5.44 0.96
0.0002044 5.44 0.88
0.0002045 5.52 0.88
0.0002046 5.6 0.96
0.0002047 5.6 0.88
0.0002048 5.76 0.88
0.0002049 5.76 0.88
0.000205 5.84 0.96
0.0002051 5.84 0.88
0.0002052 5.92 0.88
0.0002053 5.92 0.88
0.0002054 5.92 0.8
0.0002055 5.92 0.8
0.0002056 5.92 0.8
0.0002057 5.92 0.8
0.0002058 6.08 0.72
0.0002059 6 0.8
0.000206 6 0.72
0.0002061 6.08 0.72
0.0002062 6.08 0.72
0.0002063 6.08 0.72
0.0002064 5.92 0.64
0.0002065 6 0.64
0.0002066 6 0.64
0.0002067 5.92 0.64
0.0002068 5.92 0.64
0.0002069 5.92 0.64
0.000207 5.92 0.56
0.0002071 5.84 0.56
0.0002072 5.84 0.48
0.0002073 5.76 0.48
0.0002074 5.76 0.4
0.0002075 5.6 0.48
0.0002076 5.52 0.4
0.0002077 5.52 0.4
0.0002078 5.44 0.4
0.0002079 5.44 0.32
0.000208 5.28 0.4
0.0002081 5.2 0.24
0.0002082 5.2 0.32
0.0002083 5.12 0.24
0.0002084 5.12 0.24
0.0002085 4.96 0.16
0.0002086 4.8 0.16
0.0002087 4.8 0.16
0.0002088 4.64 0.08
0.0002089 4.56 0.16
0.000209 4.48 0.08
0.0002091 4.4 0.08
0.0002092 4.24 0
0.0002093 4.16 0
0.0002094 4 0
0.0002095 3.92 0
0.0002096 3.84 0
0.0002097 3.76 -0.16
0.0002098 3.6 -0.16
0.0002099 3.52 -0.24
0.00021 3.36 -0.16
0.0002101 3.2 -0.24
0.0002102 3.2 -0.24
0.0002103 2.96 -0.32
0.0002104 2.88 -0.32
0.0002105 2.72 -0.32
0.0002106 2.56 -0.4
0.0002107 2.4 -0.4
0.0002108 2.32 -0.4
0.0002109 2.16 -0.48
0.000211 2 -0.4
0.0002111 1.92 -0.56
0.0002112 1.68 -0.48
0.0002113 1.6 -0.56
0.0002114 1.36 -0.56
0.0002115 1.28 -0.56
0.0002116 1.12 -0.64
0.0002117 1.04 -0.64
0.0002118 0.8 -0.64
0.0002119 0.64 -0.64
0.000212 0.56 -0.72
0.0002121 0.4 -0.64
0.0002122 0.24 -0.8
0.0002123 0.08 -0.72
0.0002124 -0.16 -0.72
0.0002125 -0.32 -0.8
0.0002126 -0.4 -0.88
0.0002127 -0.64 -0.88
0.0002128 -0.72 -0.88
0.0002129 -0.88 -0.88
0.000213 -1.04 -0.96
0.0002131 -1.2 -0.96
0.0002132 -1.36 -0.96
0.0002133 -1.52 -0.96
0.0002134 -1.68 -0.96
0.0002135 -1.84 -0.96
0.0002136 -1.92 -0.96
0.0002137 -2.08 -0.96
0.0002138 -2.24 -1.04
0.0002139 -2.32 -0.96
0.000214 -2.48 -1.04
0.0002141 -2.64 -1.04
0.0002142 -2.8 -1.04
0.0002143 -2.96 -1.12
0.0002144 -3.12 -1.04
0.0002145 -3.2 -1.04
0.0002146 -3.28 -1.12
0.0002147 -3.44 -1.2
0.0002148 -3.6 -1.12
0.0002149 -3.76 -1.12
0.000215 -3.84 -1.2
0.0002151 -3.92 -1.04
0.0002152 -4.08 -1.2
0.0002153 -4.16 -1.12
0.0002154 -4.24 -1.12
0.0002155 -4.4 -1.12
0.0002156 -4.48 -1.12
0.0002157 -4.56 -1.2
0.0002158 -4.72 -1.12
0.0002159 -4.8 -1.2
0.000216 -4.88 -1.12
0.0002161 -4.88 -1.12
0.0002162 -5.12 -1.12
0.0002163 -5.12 -1.12
0.0002164 -5.2 -1.2
0.0002165 -5.28 -1.12
0.0002166 -5.36 -1.2
0.0002167 -5.44 -1.04
0.0002168 -5.52 -1.12
0.0002169 -5.52 -1.04
0.000217 -5.6 -1.04
0.0002171 -5.6 -1.12
0.0002172 -5.76 -1.04
0.0002173 -5.76 -1.12
0.0002174 -5.84 -1.04
0.0002175 -5.84 -1.04
0.0002176 -6 -1.04
0.0002177 -6 -1.04
0.0002178 -6 -1.04
0.0002179 -6.08 -0.96
0.000218 -6.08 -1.04
0.0002181 -6.08 -0.96
0.0002182 -6 -0.96
0.0002183 -6.08 -0.96
0.0002184 -6.16 -0.96
0.0002185 -6.16 -0.96
0.0002186 -6.16 -0.88
0.0002187 -6.16 -0.88
0.0002188 -6.08 -0.88
0.0002189 -6.08 -0.88
0.000219 -6.16 -0.8
0.0002191 -6.08 -0.8
0.0002192 -6 -0.8
0.0002193 -6 -0.8
0.0002194 -6 -0.8
0.0002195 -6 -0.72
0.0002196 -6 -0.72
0.0002197 -5.84 -0.64
0.0002198 -5.84 -0.64
0.0002199 -5.84 -0.64
0.00022 -5.68 -0.64
0.0002201 -5.68 -0.64
0.0002202 -5.6 -0.64
0.0002203 -5.6 -0.64
0.0002204 -5.52 -0.48
0.0002205 -5.36 -0.56
0.0002206 -5.36 -0.4
0.0002207 -5.28 -0.48
0.0002208 -5.2 -0.4
0.0002209 -5.12 -0.4
0.000221 -5.04 -0.4
0.0002211 -4.88 -0.32
0.0002212 -4.88 -0.32
0.0002213 -4.8 -0.24
0.0002214 -4.64 -0.32
0.0002215 -4.56 -0.24
0.0002216 -4.56 -0.24
0.0002217 -4.4 -0.24
0.0002218 -4.24 -0.16
0.0002219 -4.16 -0.24
0.000222 -4.08 -0.16
0.0002221 -3.92 0
0.0002222 -3.84 0
0.0002223 -3.76 0
0.0002224 -3.6 0
0.0002225 -3.44 0.08
0.0002226 -3.36 0.08
0.0002227 -3.2 0.16
0.0002228 -2.96 0.08
0.0002229 -2.96 0.16
0.000223 -2.8 0.16
0.0002231 -2.64 0.24
0.0002232 -2.56 0.24
0.0002233 -2.32 0.24
0.0002234 -2.32 0.32
0.0002235 -2.16 0.32
0.0002236 -2 0.4
0.0002237 -1.84 0.4
0.0002238 -1.68 0.32
0.0002239 -1.6 0.4
0.000224 -1.36 0.4
0.0002241 -1.2 0.4
0.0002242 -1.04 0.4
0.0002243 -0.96 0.56
0.0002244 -0.8 0.48
0.0002245 -0.64 0.56
0.0002246 -0.48 0.64
0.0002247 -0.32 0.64
0.0002248 -0.16 0.56
0.0002249 0.08 0.56
0.000225 0.16 0.64
0.0002251 0.4 0.64
0.0002252 0.48 0.72
0.0002253 0.72 0.64
0.0002254 0.8 0.72
0.0002255 1.04 0.64
0.0002256 1.12 0.72
0.0002257 1.28 0.8
0.0002258 1.44 0.8
0.0002259 1.6 0.8
0.000226 1.68 0.8
0.0002261 1.84 0.8
0.0002262 2 0.8
0.0002263 2.08 0.88
0.0002264 2.32 0.88
0.0002265 2.4 0.8
0.0002266 2.56 0.88
0.0002267 2.64 0.88
0.0002268 2.88 0.96
0.0002269 2.96 0.88
0.000227 3.04 0.88
0.0002271 3.2 0.96
0.0002272 3.36 0.88
0.0002273 3.52 0.88
0.0002274 3.6 0.96
0.0002275 3.76 0.96
0.0002276 3.84 0.96
0.0002277 3.92 0.96
0.0002278 4.08 0.96
0.0002279 4.16 0.96
0.000228 4.32 1.04
0.0002281 4.32 0.96
0.0002282 4.48 0.96
0.0002283 4.56 0.96
0.0002284 4.64 0.96
0.0002285 4.8 0.96
0.0002286 4.88 0.96
0.0002287 4.96 0.96
0.0002288 5.04 0.96
0.0002289 5.12 1.04
0.000229 5.2 0.88
0.0002291 5.2 0.96
0.0002292 5.44 0.88
0.0002293 5.44 0.96
0.0002294 5.44 0.88
0.0002295 5.52 0.88
0.0002296 5.6 0.88
0.0002297 5.68 0.96
0.0002298 5.76 0.96
0.0002299 5.76 0.88
0.00023 5.84 0.88
0.0002301 5.84 0.8
0.0002302 5.84 0.88
0.0002303 5.92 0.88
0.0002304 5.92 0.8
0.0002305 5.92 0.88
0.0002306 5.92 0.8
0.0002307 6.08 0.8
0.0002308 6 0.8
0.0002309 6.08 0.72
0.000231 6 0.72
0.0002311 6 0.72
0.0002312 6.08 0.72
0.0002313 6.08 0.64
0.0002314 6 0.72
0.0002315 6 0.64
0.0002316 6 0.64
0.0002317 6 0.64
0.0002318 5.92 0.64
0.0002319 5.92 0.64
0.000232 5.84 0.56
0.0002321 5.84 0.48
0.0002322 5.76 0.48
0.0002323 5.76 0.48
0.0002324 5.76 0.48
0.0002325 5.6 0.4
0.0002326 5.6 0.4
0.0002327 5.52 0.32
0.0002328 5.52 0.4
0.0002329 5.44 0.4
0.000233 5.28 0.32
0.0002331 5.28 0.32
0.0002332 5.2 0.32
0.0002333 5.12 0.32
0.0002334 5.12 0.24
0.0002335 4.96 0.24
0.0002336 4.88 0.16
0.0002337 4.8 0.16
0.0002338 4.64 0.16
0.0002339 4.64 0.16
0.000234 4.48 0.08
0.0002341 4.32 0.08
0.0002342 4.32 0
0.0002343 4.16 0
0.0002344 4.08 0
0.0002345 4 -0.16
0.0002346 3.84 0
0.0002347 3.68 -0.16
0.0002348 3.6 -0.24
0.0002349 3.52 -0.24
0.000235 3.36 -0.24
0.0002351 3.2 -0.24
0.0002352 3.2 -0.24
0.0002353 2.96 -0.24
0.0002354 2.88 -0.32
0.0002355 2.64 -0.32
0.0002356 2.56 -0.32
0.0002357 2.4 -0.32
0.0002358 2.24 -0.4
0.0002359 2.24 -0.4
0.000236 2 -0.48
0.0002361 1.92 -0.56
0.0002362 1.68 -0.48
0.0002363 1.6 -0.56
0.0002364 1.36 -0.56
0.0002365 1.28 -0.64
0.0002366 1.12 -0.64
0.0002367 0.96 -0.64
0.0002368 0.8 -0.64
0.0002369 0.72 -0.64
0.000237 0.48 -0.72
0.0002371 0.4 -0.72
0.0002372 0.32 -0.72
0.0002373 0.08 -0.8
0.0002374 -0.16 -0.72
0.0002375 -0.32 -0.8
0.0002376 -0.4 -0.8
0.0002377 -0.56 -0.88
0.0002378 -0.72 -0.8
0.0002379 -0.96 -0.88
0.000238 -1.04 -0.96
0.0002381 -1.2 -0.88
0.0002382 -1.36 -0.96
0.0002383 -1.52 -0.88
0.0002384 -1.68 -0.96
0.0002385 -1.84 -0.96
0.0002386 -2 -1.04
0.0002387 -2.16 -1.04
0.0002388 -2.24 -0.96
0.0002389 -2.4 -1.04
0.000239 -2.56 -1.04
0.0002391 -2.64 -1.04
0.0002392 -2.8 -1.04
0.0002393 -2.96 -1.04
0.0002394 -3.04 -1.04
0.0002395 -3.2 -1.04
0.0002396 -3.28 -1.04
0.0002397 -3.44 -1.04
0.0002398 -3.6 -1.12
0.0002399 -3.6 -1.04
0.00024 -3.84 -1.04
0.0002401 -3.92 -1.2
0.0002402 -4.08 -1.12
0.0002403 -4.16 -1.12
0.0002404 -4.24 -1.12
0.0002405 -4.4 -1.12
0.0002406 -4.48 -1.04
0.0002407 -4.64 -1.12
0.0002408 -4.72 -1.12
0.0002409 -4.8 -1.12
0.000241 -4.88 -1.12
0.0002411 -4.88 -1.12
0.0002412 -5.04 -1.2
0.0002413 -5.12 -1.12
0.0002414 -5.2 -1.2
0.0002415 -5.36 -1.04
0.0002416 -5.36 -1.2
0.0002417 -5.44 -1.04
0.0002418 -5.52 -1.12
0.0002419 -5.52 -1.2
0.000242 -5.68 -1.04
0.0002421 -5.68 -1.04
0.0002422 -5.68 -1.04
0.0002423 -5.76 -1.04
0.0002424 -5.84 -1.04
0.0002425 -5.84 -1.04
0.0002426 -6 -1.04
0.0002427 -6 -1.04
0.0002428 -6 -1.04
0.0002429 -6 -0.96
0.000243 -6.08 -0.96
0.0002431 -6 -0.96
0.0002432 -6.08 -0.96
0.0002433 -6.16 -0.96
0.0002434 -6.16 -0.96
0.0002435 -6.08 -0.96
0.0002436 -6.08 -0.88
0.0002437 -6.08 -0.96
0.0002438 -6.08 -0.88
0.0002439 -6.16 -0.88
0.000244 -6.08 -0.8
0.0002441 -6.08 -0.88
0.0002442 -6.08 -0.8
0.0002443 -6.08 -0.72
0.0002444 -6 -0.72
0.0002445 -6 -0.64
0.0002446 -5.84 -0.72
0.0002447 -5.84 -0.72
0.0002448 -5.84 -0.64
0.0002449 -5.84 -0.64
0.000245 -5.76 -0.64
0.0002451 -5.68 -0.64
0.0002452 -5.68 -0.56
0.0002453 -5.52 -0.56
0.0002454 -5.44 -0.56
0.0002455 -5.44 -0.48
0.0002456 -5.44 -0.56
0.0002457 -5.28 -0.4
0.0002458 -5.2 -0.48
0.0002459 -5.2 -0.4
0.000246 -5.04 -0.4
0.0002461 -4.96 -0.32
0.0002462 -4.88 -0.32
0.0002463 -4.8 -0.24
0.0002464 -4.72 -0.24
0.0002465 -4.56 -0.24
0.0002466 -4.48 -0.24
0.0002467 -4.4 -0.24
0.0002468 -4.24 -0.16
0.0002469 -4.16 -0.16
0.000247 -4.08 0
0.0002471 -3.92 0
0.0002472 -3.84 0
0.0002473 -3.76 0
0.0002474 -3.6 0
0.0002475 -3.44 0.08
0.0002476 -3.28 0.08
0.0002477 -3.2 0.08
0.0002478 -3.12 0.08
0.0002479 -2.96 0.16
0.000248 -2.88 0.16
0.0002481 -2.64 0.24
0.0002482 -2.56 0.32
0.0002483 -2.32 0.16
0.0002484 -2.32 0.32
0.0002485 -2.16 0.32
0.0002486 -2 0.32
0.0002487 -1.84 0.32
0.0002488 -1.68 0.4
0.0002489 -1.52 0.4
0.000249 -1.36 0.4
0.0002491 -1.2 0.48
0.0002492 -1.04 0.48
0.0002493 -0.96 0.48
0.0002494 -0.72 0.48
0.0002495 -0.64 0.48
0.0002496 -0.4 0.64
0.0002497 -0.32 0.56
0.0002498 -0.16 0.64
0.0002499 0 0.56
0.00025 0.16 0.64
0.0002501 0.32 0.64
0.0002502 0.48 0.72
0.0002503 0.64 0.72
0.0002504 0.8 0.64
0.0002505 0.96 0.72
0.0002506 1.12 0.72
0.0002507 1.28 0.8
0.0002508 1.36 0.72
0.0002509 1.6 0.8
0.000251 1.68 0.8
0.0002511 1.84 0.8
0.0002512 2 0.8
0.0002513 2.16 0.8
0.0002514 2.32 0.88
0.0002515 2.4 0.88
0.0002516 2.56 0.96
0.0002517 2.72 0.88
0.0002518 2.88 0.96
0.0002519 2.96 0.96
0.000252 3.04 0.88
0.0002521 3.28 0.96
0.0002522 3.36 0.96
0.0002523 3.52 0.96
0.0002524 3.6 0.96
0.0002525 3.68 0.96
0.0002526 3.84 0.96
0.0002527 3.92 0.96
0.0002528 4.08 0.96
0.0002529 4.16 0.96
0.000253 4.32 0.96
0.0002531 4.32 0.88
0.0002532 4.48 0.96
0.0002533 4.56 0.96
0.0002534 4.8 0.96
0.0002535 4.8 0.96
0.0002536 4.88 0.96
0.0002537 4.96 1.04
0.0002538 5.04 0.96
0.0002539 5.12 0.96
0.000254 5.2 0.96
0.0002541 5.28 0.96
0.0002542 5.28 0.96
0.0002543 5.44 0.88
0.0002544 5.44 0.96
0.0002545 5.52 0.88
0.0002546 5.68 0.96
0.0002547 5.76 0.88
0.0002548 5.76 0.88
0.0002549 5.76 0.88
0.000255 5.76 0.88
0.0002551 5.84 0.88
0.0002552 5.92 0.8
0.0002553 5.92 0.88
0.0002554 5.92 0.8
0.0002555 5.92 0.88
0.0002556 6 0.8
0.0002557 6 0.8
0.0002558 6.08 0.8
0.0002559 6.08 0.72
0.000256 6.08 0.8
0.0002561 6.08 0.72
0.0002562 6.08 0.72
0.0002563 6.08 0.72
0.0002564 6 0.64
0.0002565 6 0.64
0.0002566 5.92 0.64
0.0002567 5.92 0.64
0.0002568 5.92 0.56
0.0002569 5.84 0.64
0.000257 5.92 0.48
0.0002571 5.84 0.48
0.0002572 5.76 0.56
0.0002573 5.76 0.48
0.0002574 5.76 0.48
0.0002575 5.6 0.4
0.0002576 5.6 0.4
0.0002577 5.52 0.4
0.0002578 5.52 0.4
0.0002579 5.44 0.32
0.000258 5.28 0.32
0.0002581 5.28 0.32
0.0002582 5.2 0.24
0.0002583 5.12 0.32
0.0002584 4.96 0.32
0.0002585 4.96 0.24
0.0002586 4.88 0.16
0.0002587 4.8 0.16
0.0002588 4.64 0.08
0.0002589 4.56 0.16
0.000259 4.48 0.16
0.0002591 4.4 0
0.0002592 4.24 0.08
0.0002593 4.16 0
0.0002594 4.08 0
0.0002595 3.92 0
0.0002596 3.84 0
0.0002597 3.76 -0.16
0.0002598 3.6 -0.24
0.0002599 3.52 -0.16
0.00026 3.44 -0.24
0.0002601 3.28 -0.24
0.0002602 3.2 -0.32
0.0002603 2.96 -0.32
0.0002604 2.88 -0.32
0.0002605 2.72 -0.32
0.0002606 2.56 -0.4
0.0002607 2.4 -0.4
0.0002608 2.24 -0.4
0.0002609 2.16 -0.4
0.000261 2.08 -0.4
0.0002611 1.92 -0.48
0.0002612 1.68 -0.56
0.0002613 1.6 -0.56
0.0002614 1.44 -0.56
0.0002615 1.28 -0.56
0.0002616 1.12 -0.64
0.0002617 1.04 -0.64
0.0002618 0.8 -0.72
0.0002619 0.72 -0.72
0.000262 0.56 -0.72
0.0002621 0.4 -0.72
0.0002622 0.16 -0.72
0.0002623 0.08 -0.8
0.0002624 -0.16 -0.72
0.0002625 -0.32 -0.8
0.0002626 -0.4 -0.8
0.0002627 -0.56 -0.8
0.0002628 -0.72 -0.88
0.0002629 -0.88 -0.88
0.000263 -1.04 -0.96
0.0002631 -1.2 -0.88
0.0002632 -1.36 -0.96
0.0002633 -1.52 -0.88
0.0002634 -1.68 -0.96
0.0002635 -1.76 -0.96
0.0002636 -1.92 -0.96
0.0002637 -2.08 -1.04
0.0002638 -2.24 -1.04
0.0002639 -2.32 -1.04
0.000264 -2.48 -1.04
0.0002641 -2.64 -1.04
0.0002642 -2.8 -1.04
0.0002643 -2.96 -1.04
0.0002644 -3.04 -1.04
0.0002645 -3.2 -1.04
0.0002646 -3.28 -1.12
0.0002647 -3.44 -1.04
0.0002648 -3.6 -1.12
0.0002649 -3.6 -1.04
0.000265 -3.76 -1.04
0.0002651 -3.92 -1.04
0.0002652 -4.08 -1.12
0.0002653 -4.16 -1.2
0.0002654 -4.24 -1.04
0.0002655 -4.4 -1.12
0.0002656 -4.48 -1.12
0.0002657 -4.56 -1.2
0.0002658 -4.72 -1.12
0.0002659 -4.8 -1.12
0.000266 -4.88 -1.12
0.0002661 -4.88 -1.12
0.0002662 -5.04 -1.2
0.0002663 -5.12 -1.12
0.0002664 -5.2 -1.12
0.0002665 -5.36 -1.12
0.0002666 -5.36 -1.04
0.0002667 -5.44 -1.12
0.0002668 -5.52 -1.12
0.0002669 -5.52 -1.12
0.000267 -5.6 -1.04
0.0002671 -5.68 -1.04
0.0002672 -5.68 -1.04
0.0002673 -5.76 -1.12
0.0002674 -5.76 -1.12
0.0002675 -5.84 -1.04
0.0002676 -5.84 -1.04
0.0002677 -6 -1.04
0.0002678 -6 -1.04
0.0002679 -6 -0.96
0.000268 -6 -0.96
0.0002681 -6.08 -0.96
0.0002682 -6.08 -0.96
0.0002683 -6.16 -0.96
0.0002684 -6.08 -0.88
0.0002685 -6.16 -0.96
0.0002686 -6.16 -0.88
0.0002687 -6.16 -0.88
0.0002688 -6.16 -0.88
0.0002689 -6.08 -0.8
0.000269 -6.08 -0.88
0.0002691 -6.08 -0.88
0.0002692 -6 -0.8
0.0002693 -6.08 -0.8
0.0002694 -6 -0.8
0.0002695 -6 -0.72
0.0002696 -5.84 -0.72
0.0002697 -5.84 -0.72
0.0002698 -5.84 -0.64
0.0002699 -5.76 -0.64
0.00027 -5.68 -0.56
0.0002701 -5.68 -0.64
0.0002702 -5.52 -0.56
0.0002703 -5.52 -0.56
0.0002704 -5.52 -0.56
0.0002705 -5.44 -0.48
0.0002706 -5.36 -0.48
0.0002707 -5.36 -0.4
0.0002708 -5.2 -0.48
0.0002709 -5.12 -0.4
0.000271 -5.04 -0.4
0.0002711 -4.88 -0.4
0.0002712 -4.88 -0.32
0.0002713 -4.8 -0.32
0.0002714 -4.72 -0.32
0.0002715 -4.56 -0.32
0.0002716 -4.48 -0.24
0.0002717 -4.4 -0.24
0.0002718 -4.24 -0.16
0.0002719 -4.08 -0.16
0.000272 -4.08 0
0.0002721 -3.92 0
0.0002722 -3.84 -0.16
0.0002723 -3.68 0
0.0002724 -3.6 0.08
0.0002725 -3.44 0.08
0.0002726 -3.28 0.08
0.0002727 -3.2 0.08
0.0002728 -3.04 0.08
0.0002729 -2.96 0.08
0.000273 -2.8 0.16
0.0002731 -2.64 0.16
0.0002732 -2.48 0.32
0.0002733 -2.4 0.24
0.0002734 -2.24 0.24
0.0002735 -2.16 0.32
0.0002736 -1.92 0.32
0.0002737 -1.84 0.4
0.0002738 -1.68 0.32
0.0002739 -1.52 0.4
0.000274 -1.36 0.4
0.0002741 -1.28 0.48
0.0002742 -1.04 0.48
0.0002743 -0.96 0.48
0.0002744 -0.72 0.48
0.0002745 -0.64 0.48
0.0002746 -0.48 0.64
0.0002747 -0.32 0.56
0.0002748 -0.16 0.64
0.0002749 0.08 0.64
0.000275 0.16 0.64
0.0002751 0.32 0.64
0.0002752 0.48 0.64
0.0002753 0.64 0.72
0.0002754 0.8 0.64
0.0002755 0.96 0.72
0.0002756 1.12 0.72
0.0002757 1.28 0.8
0.0002758 1.44 0.72
0.0002759 1.6 0.8
0.000276 1.76 0.8
0.0002761 1.84 0.72
0.0002762 2 0.8
0.0002763 2.16 0.88
0.0002764 2.24 0.88
0.0002765 2.4 0.8
0.0002766 2.56 0.88
0.0002767 2.72 0.8
0.0002768 2.88 0.88
0.0002769 2.96 0.96
0.000277 3.12 0.88
0.0002771 3.2 0.96
0.0002772 3.36 0.96
0.0002773 3.52 0.96
0.0002774 3.6 1.04
0.0002775 3.68 0.96
0.0002776 3.84 0.96
0.0002777 4 0.96
0.0002778 4.08 0.96
0.0002779 4.16 0.96
0.000278 4.24 0.96
0.0002781 4.32 0.96
0.0002782 4.48 0.96
0.0002783 4.56 0.96
0.0002784 4.72 0.88
0.0002785 4.8 0.96
0.0002786 4.88 0.96
0.0002787 4.96 0.96
0.0002788 5.04 0.96
0.0002789 5.2 0.96
0.000279 5.2 0.96
0.0002791 5.28 0.96
0.0002792 5.28 0.96
0.0002793 5.44 0.96
0.0002794 5.44 0.96
0.0002795 5.6 0.96
0.0002796 5.6 0.96
0.0002797 5.6 0.88
0.0002798 5.76 0.88
0.0002799 5.76 0.88
0.00028 5.76 0.8
0.0002801 5.84 0.88
0.0002802 5.84 0.88
0.0002803 5.92 0.8
0.0002804 5.92 0.8
0.0002805 6 0.8
0.0002806 6 0.72
0.0002807 5.92 0.8
0.0002808 6 0.8
0.0002809 6.08 0.72
0.000281 6.08 0.72
0.0002811 6.08 0.72
0.0002812 6 0.72
0.0002813 6.08 0.72
0.0002814 5.92 0.72
0.0002815 6 0.72
0.0002816 6 0.64
0.0002817 5.92 0.64
0.0002818 5.92 0.64
0.0002819 5.92 0.64
0.000282 5.84 0.48
0.0002821 5.76 0.56
0.0002822 5.76 0.56
0.0002823 5.76 0.48
0.0002824 5.68 0.48
0.0002825 5.6 0.48
0.0002826 5.6 0.4
0.0002827 5.52 0.4
0.0002828 5.52 0.32
0.0002829 5.44 0.32
0.000283 5.44 0.32
0.0002831 5.2 0.32
0.0002832 5.2 0.24
0.0002833 5.12 0.32
0.0002834 5.04 0.24
0.0002835 4.96 0.24
0.0002836 4.88 0.16
0.0002837 4.8 0.16
0.0002838 4.72 0.08
0.0002839 4.64 0.08
0.000284 4.48 0.16
0.0002841 4.32 0.08
0.0002842 4.24 0
0.0002843 4.16 0.08
0.0002844 4.08 0
0.0002845 4 0.08
0.0002846 3.92 -0.16
0.0002847 3.84 -0.16
0.0002848 3.68 -0.16
0.0002849 3.52 -0.16
0.000285 3.36 -0.24
0.0002851 3.28 -0.24
0.0002852 3.12 -0.32
0.0002853 3.04 -0.32
0.0002854 2.88 -0.32
0.0002855 2.72 -0.4
0.0002856 2.56 -0.4
0.0002857 2.4 -0.4
0.0002858 2.32 -0.4
0.0002859 2.16 -0.4
0.000286 2 -0.48
0.0002861 1.92 -0.4
0.0002862 1.68 -0.56
0.0002863 1.6 -0.48
0.0002864 1.44 -0.56
0.0002865 1.28 -0.56
0.0002866 1.12 -0.64
0.0002867 1.04 -0.64
0.0002868 0.96 -0.64
0.0002869 0.72 -0.72
0.000287 0.48 -0.72
0.0002871 0.4 -0.72
0.0002872 0.16 -0.72
0.0002873 0.08 -0.8
0.0002874 -0.16 -0.8
0.0002875 -0.32 -0.88
0.0002876 -0.4 -0.88
0.0002877 -0.56 -0.88
0.0002878 -0.72 -0.88
0.0002879 -0.88 -0.88
0.000288 -1.04 -0.96
0.0002881 -1.2 -0.88
0.0002882 -1.36 -0.88
0.0002883 -1.52 -0.88
0.0002884 -1.68 -0.96
0.0002885 -1.84 -0.96
0.0002886 -1.92 -0.96
0.0002887 -2.16 -1.04
0.0002888 -2.24 -0.96
0.0002889 -2.32 -1.04
0.000289 -2.48 -1.04
0.0002891 -2.64 -1.04
0.0002892 -2.8 -1.04
0.0002893 -2.88 -1.04
0.0002894 -3.12 -1.04
0.0002895 -3.2 -1.04
0.0002896 -3.28 -1.04
0.0002897 -3.44 -1.12
0.0002898 -3.6 -1.12
0.0002899 -3.76 -1.12
0.00029 -3.76 -1.04
0.0002901 -3.92 -1.2
0.0002902 -4.08 -1.12
0.0002903 -4.16 -1.12
0.0002904 -4.24 -1.12
0.0002905 -4.4 -1.04
0.0002906 -4.48 -1.2
0.0002907 -4.56 -1.2
0.0002908 -4.72 -1.2
0.0002909 -4.8 -1.12
0.000291 -4.88 -1.12
0.0002911 -5.04 -1.12
0.0002912 -5.04 -1.12
0.0002913 -5.12 -1.12
0.0002914 -5.2 -1.12
0.0002915 -5.36 -1.12
0.0002916 -5.36 -1.04
0.0002917 -5.44 -1.12
0.0002918 -5.52 -1.04
0.0002919 -5.52 -1.04
0.000292 -5.68 -1.04
0.0002921 -5.68 -1.04
0.0002922 -5.76 -1.12
0.0002923 -5.84 -1.04
0.0002924 -5.84 -1.04
0.0002925 -5.84 -1.04
0.0002926 -5.92 -1.12
0.0002927 -5.92 -1.04
0.0002928 -6 -1.04
0.0002929 -6 -0.96
0.000293 -6.08 -0.96
0.0002931 -6.16 -0.96
0.0002932 -6.08 -0.96
0.0002933 -6.08 -0.96
0.0002934 -6.16 -0.88
0.0002935 -6.08 -0.96
0.0002936 -6.08 -0.88
0.0002937 -6.16 -0.88
0.0002938 -6.16 -0.88
0.0002939 -6.16 -0.88
0.000294 -6.08 -0.88
0.0002941 -6.08 -0.72
0.0002942 -6.08 -0.88
0.0002943 -6.08 -0.8
0.0002944 -6.08 -0.72
0.0002945 -6 -0.8
0.0002946 -5.84 -0.72
0.0002947 -5.84 -0.72
0.0002948 -5.84 -0.64
0.0002949 -5.76 -0.64
0.000295 -5.76 -0.64
0.0002951 -5.68 -0.64
0.0002952 -5.6 -0.64
0.0002953 -5.52 -0.56
0.0002954 -5.44 -0.48
0.0002955 -5.44 -0.4
0.0002956 -5.36 -0.48
0.0002957 -5.2 -0.4
0.0002958 -5.2 -0.4
0.0002959 -5.2 -0.4
0.000296 -5.12 -0.4
0.0002961 -4.96 -0.4
0.0002962 -4.88 -0.32
0.0002963 -4.8 -0.32
0.0002964 -4.72 -0.24
0.0002965 -4.56 -0.32
0.0002966 -4.48 -0.24
0.0002967 -4.4 -0.32
0.0002968 -4.32 -0.16
0.0002969 -4.16 0
0.000297 -4.08 -0.16
0.0002971 -3.92 0
0.0002972 -3.84 0
0.0002973 -3.76 0
0.0002974 -3.6 0
0.0002975 -3.44 0.08
0.0002976 -3.28 0.08
0.0002977 -3.2 0.08
0.0002978 -3.12 0.16
0.0002979 -2.96 0.08
0.000298 -2.8 0.24
0.0002981 -2.64 0.24
0.0002982 -2.56 0.24
0.0002983 -2.48 0.24
0.0002984 -2.32 0.24
0.0002985 -2.16 0.32
0.0002986 -2 0.4
0.0002987 -1.84 0.4
0.0002988 -1.68 0.32
0.0002989 -1.52 0.4
0.000299 -1.36 0.4
0.0002991 -1.2 0.4
0.0002992 -1.04 0.56
0.0002993 -0.96 0.48
0.0002994 -0.88 0.48
0.0002995 -0.64 0.48
0.0002996 -0.4 0.56
0.0002997 -0.32 0.56
0.0002998 -0.24 0.64
0.0002999 0.08 0.64
0.0003 0.16 0.56
0.0003001 0.4 0.64
0.0003002 0.48 0.64
0.0003003 0.64 0.64
0.0003004 0.8 0.64
0.0003005 0.96 0.72
0.0003006 1.04 0.72
0.0003007 1.28 0.72
0.0003008 1.36 0.8
0.0003009 1.6 0.8
0.000301 1.68 0.8
0.0003011 1.76 0.8
0.0003012 2 0.88
0.0003013 2.08 0.8
0.0003014 2.24 0.8
0.0003015 2.4 0.8
0.0003016 2.56 0.8
0.0003017 2.64 0.88
0.0003018 2.88 0.88
0.0003019 2.96 0.96
0.000302 3.12 0.96
0.0003021 3.2 0.96
0.0003022 3.36 0.96
0.0003023 3.52 0.96
0.0003024 3.6 0.96
0.0003025 3.68 0.88
0.0003026 3.84 0.96
0.0003027 3.84 0.96
0.0003028 4.08 0.96
0.0003029 4.16 1.04
0.000303 4.24 0.96
0.0003031 4.32 0.96
0.0003032 4.48 0.96
0.0003033 4.64 1.04
0.0003034 4.72 0.96
0.0003035 4.8 0.96
0.0003036 4.88 0.96
0.0003037 4.96 0.96
0.0003038 5.12 0.96
0.0003039 5.12 0.96
0.000304 5.12 0.96
0.0003041 5.28 0.96
0.0003042 5.28 0.96
0.0003043 5.44 0.88
0.0003044 5.52 0.96
0.0003045 5.52 0.96
0.0003046 5.6 0.88
0.0003047 5.68 0.96
0.0003048 5.68 0.88
0.0003049 5.76 0.88
0.000305 5.76 0.88
0.0003051 5.84 0.88
0.0003052 5.84 0.88
0.0003053 5.92 0.88
0.0003054 5.92 0.8
0.0003055 6 0.8
0.0003056 5.92 0.8
0.0003057 6.08 0.8
0.0003058 6.08 0.72
0.0003059 6 0.72
0.000306 6 0.72
0.0003061 6 0.72
0.0003062 6.08 0.72
0.0003063 6 0.72
0.0003064 6.08 0.64
0.0003065 5.92 0.64
0.0003066 5.92 0.56
0.0003067 5.92 0.64
0.0003068 5.92 0.64
0.0003069 5.84 0.56
0.000307 5.84 0.56
0.0003071 5.92 0.48
0.0003072 5.76 0.64
0.0003073 5.76 0.48
0.0003074 5.6 0.48
0.0003075 5.6 0.4
0.0003076 5.6 0.4
0.0003077 5.52 0.4
0.0003078 5.44 0.32
0.0003079 5.44 0.4
0.000308 5.44 0.32
0.0003081 5.28 0.32
0.0003082 5.2 0.32
0.0003083 5.12 0.32
0.0003084 5.12 0.24
0.0003085 4.96 0.16
0.0003086 4.88 0.16
0.0003087 4.8 0.08
0.0003088 4.64 0.16
0.0003089 4.56 0.08
0.000309 4.48 0.08
0.0003091 4.4 0.08
0.0003092 4.24 0
0.0003093 4.24 0
0.0003094 4.16 0
0.0003095 4 0
0.0003096 3.84 -0.16
0.0003097 3.68 0
0.0003098 3.6 -0.16
0.0003099 3.52 -0.16
0.00031 3.36 -0.16
0.0003101 3.2 -0.24
0.0003102 3.12 -0.24
0.0003103 2.96 -0.32
0.0003104 2.88 -0.24
0.0003105 2.64 -0.4
0.0003106 2.56 -0.4
0.0003107 2.4 -0.4
0.0003108 2.32 -0.48
0.0003109 2.08 -0.4
0.000311 2.08 -0.48
0.0003111 1.92 -0.48
0.0003112 1.76 -0.56
0.0003113 1.6 -0.56
0.0003114 1.36 -0.56
0.0003115 1.28 -0.64
0.0003116 1.12 -0.56
0.0003117 0.96 -0.64
0.0003118 0.8 -0.64
0.0003119 0.64 -0.64
0.000312 0.48 -0.64
0.0003121 0.4 -0.72
0.0003122 0.32 -0.72
0.0003123 0.08 -0.72
0.0003124 0 -0.8
0.0003125 -0.32 -0.72
0.0003126 -0.4 -0.88
0.0003127 -0.56 -0.8
0.0003128 -0.72 -0.88
0.0003129 -0.88 -0.88
0.000313 -1.04 -0.96
0.0003131 -1.2 -0.96
0.0003132 -1.36 -0.88
0.0003133 -1.52 -0.96
0.0003134 -1.68 -0.88
0.0003135 -1.84 -0.96
0.0003136 -1.92 -1.04
0.0003137 -2.16 -0.96
0.0003138 -2.16 -0.96
0.0003139 -2.32 -0.96
0.000314 -2.48 -1.04
0.0003141 -2.64 -1.04
0.0003142 -2.8 -1.04
0.0003143 -2.88 -1.04
0.0003144 -3.04 -1.04
0.0003145 -3.12 -1.04
0.0003146 -3.28 -1.04
0.0003147 -3.44 -1.04
0.0003148 -3.6 -1.04
0.0003149 -3.68 -1.12
0.000315 -3.76 -1.04
0.0003151 -3.92 -1.2
0.0003152 -3.92 -1.12
0.0003153 -4.16 -1.12
0.0003154 -4.24 -1.2
0.0003155 -4.4 -1.2
0.0003156 -4.48 -1.12
0.0003157 -4.56 -1.2
0.0003158 -4.72 -1.12
0.0003159 -4.8 -1.04
0.000316 -4.88 -1.2
0.0003161 -4.88 -1.12
0.0003162 -5.04 -1.12
0.0003163 -5.2 -1.12
0.0003164 -5.2 -1.12
0.0003165 -5.36 -1.12
0.0003166 -5.36 -1.04
0.0003167 -5.44 -1.2
0.0003168 -5.52 -1.04
0.0003169 -5.52 -1.12
0.000317 -5.68 -1.12
0.0003171 -5.68 -1.04
0.0003172 -5.68 -1.04
0.0003173 -5.84 -1.04
0.0003174 -5.84 -1.04
0.0003175 -5.84 -1.04
0.0003176 -5.92 -1.04
0.0003177 -6 -1.04
0.0003178 -6 -1.04
0.0003179 -6.08 -1.04
0.000318 -6.08 -1.04
0.0003181 -6.08 -0.96
0.0003182 -6.08 -0.96
0.0003183 -6.08 -0.96
0.0003184 -6.16 -0.96
0.0003185 -6.16 -0.96
0.0003186 -6.16 -0.88
0.0003187 -6.08 -0.88
0.0003188 -6.16 -0.88
0.0003189 -6.16 -0.8
0.000319 -6.08 -0.88
0.0003191 -6.08 -0.8
0.0003192 -6.08 -0.8
0.0003193 -6.08 -0.72
0.0003194 -6 -0.72
0.0003195 -6 -0.72
0.0003196 -6 -0.64
0.0003197 -5.92 -0.72
0.0003198 -5.84 -0.64
0.0003199 -5.76 -0.64
0.00032 -5.76 -0.64
0.0003201 -5.68 -0.64
0.0003202 -5.68 -0.64
0.0003203 -5.52 -0.56
0.0003204 -5.52 -0.56
0.0003205 -5.44 -0.48
0.0003206 -5.44 -0.56
0.0003207 -5.36 -0.48
0.0003208 -5.2 -0.4
0.0003209 -5.12 -0.4
0.000321 -5.04 -0.32
0.0003211 -4.88 -0.32
0.0003212 -4.88 -0.32
0.0003213 -4.8 -0.32
0.0003214 -4.72 -0.24
0.0003215 -4.56 -0.24
0.0003216 -4.48 -0.24
0.0003217 -4.4 -0.24
0.0003218 -4.24 -0.24
0.0003219 -4.16 -0.16
0.000322 -4.08 -0.16
0.0003221 -3.92 0
0.0003222 -3.84 0
0.0003223 -3.76 0
0.0003224 -3.6 0.08
0.0003225 -3.52 0.08
0.0003226 -3.36 0.08
0.0003227 -3.2 0.08
0.0003228 -3.12 0.08
0.0003229 -2.96 0.16
0.000323 -2.8 0.16
0.0003231 -2.64 0.16
0.0003232 -2.56 0.16
0.0003233 -2.4 0.24
0.0003234 -2.24 0.16
0.0003235 -2 0.32
0.0003236 -2 0.32
0.0003237 -1.84 0.32
0.0003238 -1.68 0.4
0.0003239 -1.52 0.4
0.000324 -1.36 0.48
0.0003241 -1.28 0.48
0.0003242 -1.04 0.56
0.0003243 -0.88 0.48
0.0003244 -0.8 0.48
0.0003245 -0.64 0.64
0.0003246 -0.48 0.56
0.0003247 -0.32 0.56
0.0003248 0 0.56
0.0003249 0.08 0.64
0.000325 0.24 0.64
0.0003251 0.32 0.72
0.0003252 0.48 0.64
0.0003253 0.64 0.72
0.0003254 0.8 0.72
0.0003255 0.96 0.72
0.0003256 1.12 0.72
0.0003257 1.28 0.8
0.0003258 1.36 0.8
0.0003259 1.6 0.72
0.000326 1.68 0.8
0.0003261 1.92 0.8
0.0003262 2 0.8
0.0003263 2.24 0.88
0.0003264 2.24 0.8
0.0003265 2.4 0.88
0.0003266 2.56 0.96
0.0003267 2.72 0.96
0.0003268 2.8 0.8
0.0003269 2.96 0.88
0.000327 3.04 0.88
0.0003271 3.2 0.88
0.0003272 3.36 0.96
0.0003273 3.44 0.88
0.0003274 3.6 0.88
0.0003275 3.68 0.96
0.0003276 3.84 0.96
0.0003277 3.92 0.96
0.0003278 4 0.96
0.0003279 4.16 1.04
0.000328 4.24 0.96
0.0003281 4.4 0.96
0.0003282 4.56 0.96
0.0003283 4.64 1.04
0.0003284 4.64 1.04
0.0003285 4.8 0.96
0.0003286 4.8 0.96
0.0003287 4.96 0.96
0.0003288 5.04 0.96
0.0003289 5.12 0.88
0.000329 5.2 0.96
0.0003291 5.28 0.96
0.0003292 5.28 0.96
0.0003293 5.44 0.88
0.0003294 5.44 0.88
0.0003295 5.52 0.96
0.0003296 5.52 0.96
0.0003297 5.68 0.96
0.0003298 5.76 0.88
0.0003299 5.76 0.88
0.00033 5.84 0.8
0.0003301 5.84 0.88
0.0003302 5.84 0.88
0.0003303 5.92 0.8
0.0003304 5.92 0.88
0.0003305 5.92 0.8
0.0003306 6.08 0.88
0.0003307 5.92 0.8
0.0003308 6.08 0.8
0.0003309 6 0.72
0.000331 6.08 0.72
0.0003311 6.08 0.72
0.0003312 6.08 0.72
0.0003313 6.08 0.72
0.0003314 6 0.64
0.0003315 6 0.64
0.0003316 5.92 0.64
0.0003317 5.92 0.64
0.0003318 5.92 0.64
0.0003319 5.92 0.48
0.000332 5.92 0.56
0.0003321 5.76 0.56
0.0003322 5.76 0.56
0.0003323 5.76 0.48
0.0003324 5.76 0.4
0.0003325 5.68 0.48
0.0003326 5.6 0.4
0.0003327 5.52 0.4
0.0003328 5.44 0.32
0.0003329 5.44 0.4
0.000333 5.36 0.32
0.0003331 5.2 0.32
0.0003332 5.2 0.32
0.0003333 5.12 0.24
0.0003334 5.12 0.32
0.0003335 4.96 0.16
0.0003336 4.88 0.16
0.0003337 4.8 0.16
0.0003338 4.8 0.16
0.0003339 4.64 0.16
0.000334 4.48 0.08
0.0003341 4.4 0
0.0003342 4.32 0
0.0003343 4.16 0
0.0003344 4.08 -0.16
0.0003345 3.92 -0.16
0.0003346 3.84 0
0.0003347 3.84 -0.16
0.0003348 3.6 -0.24
0.0003349 3.52 -0.24
0.000335 3.36 -0.16
0.0003351 3.28 -0.24
0.0003352 3.12 -0.16
0.0003353 2.96 -0.32
0.0003354 2.88 -0.32
0.0003355 2.64 -0.32
0.0003356 2.56 -0.4
0.0003357 2.4 -0.4
0.0003358 2.32 -0.4
0.0003359 2.24 -0.4
0.000336 2 -0.48
0.0003361 1.92 -0.48
0.0003362 1.68 -0.48
0.0003363 1.6 -0.56
0.0003364 1.44 -0.56
0.0003365 1.28 -0.64
0.0003366 1.12 -0.56
0.0003367 1.04 -0.64
0.0003368 0.8 -0.64
0.0003369 0.64 -0.72
0.000337 0.48 -0.64
0.0003371 0.4 -0.72
0.0003372 0.16 -0.72
0.0003373 0.08 -0.72
0.0003374 -0.16 -0.8
0.0003375 -0.32 -0.72
0.0003376 -0.48 -0.8
0.0003377 -0.64 -0.8
0.0003378 -0.72 -0.88
0.0003379 -0.96 -0.88
0.000338 -1.04 -0.88
0.0003381 -1.2 -0.96
0.0003382 -1.36 -0.88
0.0003383 -1.52 -0.96
0.0003384 -1.68 -0.96
0.0003385 -1.84 -1.04
0.0003386 -1.92 -1.04
0.0003387 -2.16 -0.96
0.0003388 -2.24 -1.04
0.0003389 -2.32 -0.96
0.000339 -2.48 -1.04
0.0003391 -2.64 -1.04
0.0003392 -2.8 -1.04
0.0003393 -2.96 -1.04
0.0003394 -3.04 -1.04
0.0003395 -3.2 -1.12
0.0003396 -3.28 -1.04
0.0003397 -3.44 -1.12
0.0003398 -3.6 -1.04
0.0003399 -3.68 -1.04
0.00034 -3.84 -1.04
0.0003401 -3.92 -1.2
0.0003402 -4.08 -1.12
0.0003403 -4.16 -1.04
0.0003404 -4.24 -1.2
0.0003405 -4.4 -1.04
0.0003406 -4.48 -1.12
0.0003407 -4.56 -1.12
0.0003408 -4.72 -1.12
0.0003409 -4.8 -1.2
0.000341 -4.88 -1.12
0.0003411 -5.04 -1.12
0.0003412 -5.12 -1.2
0.0003413 -5.12 -1.12
0.0003414 -5.2 -1.12
0.0003415 -5.36 -1.12
0.0003416 -5.36 -1.12
0.0003417 -5.44 -1.12
0.0003418 -5.44 -1.12
0.0003419 -5.52 -1.12
0.000342 -5.68 -1.04
0.0003421 -5.68 -1.04
0.0003422 -5.76 -1.12
0.0003423 -5.84 -1.04
0.0003424 -5.84 -1.04
0.0003425 -5.84 -0.96
0.0003426 -5.92 -0.96
0.0003427 -6 -1.04
0.0003428 -6 -0.96
0.0003429 -6 -0.96
0.000343 -6.08 -0.96
0.0003431 -6.08 -1.04
0.0003432 -6.08 -0.96
0.0003433 -6.16 -0.96
0.0003434 -6.16 -0.96
0.0003435 -6.08 -0.88
0.0003436 -6.08 -0.96
0.0003437 -6.08 -0.88
0.0003438 -6.08 -0.88
0.0003439 -6.08 -0.8
0.000344 -6.08 -0.88
0.0003441 -6.08 -0.8
0.0003442 -6.08 -0.8
0.0003443 -6.08 -0.8
0.0003444 -6 -0.72
0.0003445 -6 -0.72
0.0003446 -6 -0.72
0.0003447 -5.84 -0.64
0.0003448 -5.84 -0.64
0.0003449 -5.76 -0.64
0.000345 -5.76 -0.64
0.0003451 -5.76 -0.56
0.0003452 -5.68 -0.56
0.0003453 -5.52 -0.56
0.0003454 -5.52 -0.56
0.0003455 -5.44 -0.56
0.0003456 -5.36 -0.48
0.0003457 -5.28 -0.56
0.0003458 -5.2 -0.4
0.0003459 -5.12 -0.4
0.000346 -5.12 -0.32
0.0003461 -5.04 -0.4
0.0003462 -4.88 -0.32
0.0003463 -4.8 -0.24
0.0003464 -4.72 -0.24
0.0003465 -4.56 -0.24
0.0003466 -4.48 -0.24
0.0003467 -4.4 -0.16
0.0003468 -4.24 -0.16
0.0003469 -4.24 -0.16
0.000347 -4.08 -0.16
0.0003471 -3.92 0
0.0003472 -3.84 0
0.0003473 -3.76 0
0.0003474 -3.6 0.08
0.0003475 -3.52 0
0.0003476 -3.36 0.08
0.0003477 -3.28 0.08
0.0003478 -3.12 0.08
0.0003479 -2.96 0.16
0.000348 -2.8 0.16
0.0003481 -2.64 0.32
0.0003482 -2.56 0.16
0.0003483 -2.32 0.32
0.0003484 -2.24 0.24
0.0003485 -2.16 0.32
0.0003486 -1.92 0.32
0.0003487 -1.84 0.32
0.0003488 -1.68 0.4
0.0003489 -1.52 0.32
0.000349 -1.36 0.4
0.0003491 -1.28 0.4
0.0003492 -1.12 0.48
0.0003493 -0.96 0.48
0.0003494 -0.8 0.48
0.0003495 -0.64 0.48
0.0003496 -0.48 0.64
0.0003497 -0.32 0.64
0.0003498 -0.16 0.64
0.0003499 0.08 0.64
0.00035 0.16 0.64
0.0003501 0.4 0.72
0.0003502 0.48 0.64
0.0003503 0.64 0.64
0.0003504 0.8 0.72
0.0003505 0.96 0.72
0.0003506 1.12 0.8
0.0003507 1.28 0.72
0.0003508 1.36 0.8
0.0003509 1.6 0.8
0.000351 1.68 0.8
0.0003511 1.76 0.8
0.0003512 2 0.8
0.0003513 2.08 0.8
0.0003514 2.32 0.88
0.0003515 2.4 0.96
0.0003516 2.56 0.88
0.0003517 2.64 0.88
0.0003518 2.88 0.96
0.0003519 2.96 0.88
0.000352 3.12 0.96
0.0003521 3.2 0.96
0.0003522 3.36 0.96
0.0003523 3.52 0.88
0.0003524 3.6 0.96
0.0003525 3.68 0.96
0.0003526 3.84 0.88
0.0003527 3.92 0.96
0.0003528 4.08 0.96
0.0003529 4.16 0.96
0.000353 4.32 0.96
0.0003531 4.4 0.96
0.0003532 4.48 0.96
0.0003533 4.56 0.96
0.0003534 4.64 0.96
0.0003535 4.8 0.96
0.0003536 4.88 1.04
0.0003537 4.96 0.96
0.0003538 5.12 1.04
0.0003539 5.12 0.96
0.000354 5.2 0.96
0.0003541 5.2 0.96
0.0003542 5.44 0.96
0.0003543 5.44 0.88
0.0003544 5.44 0.88
0.0003545 5.52 0.96
0.0003546 5.6 0.96
0.0003547 5.6 0.88
0.0003548 5.68 0.8
0.0003549 5.76 0.88
0.000355 5.76 0.88
0.0003551 5.76 0.88
0.0003552 5.84 0.88
0.0003553 5.92 0.88
0.0003554 5.92 0.8
0.0003555 5.92 0.88
0.0003556 5.92 0.8
0.0003557 6 0.8
0.0003558 6 0.8
0.0003559 6.08 0.8
0.000356 6.08 0.72
0.0003561 6.08 0.8
0.0003562 6.08 0.64
0.0003563 6.08 0.72
0.0003564 5.92 0.64
0.0003565 5.92 0.64
0.0003566 5.92 0.72
0.0003567 6 0.56
0.0003568 5.92 0.64
0.0003569 5.84 0.56
0.000357 5.84 0.56
0.0003571 5.76 0.48
0.0003572 5.76 0.48
0.0003573 5.76 0.48
0.0003574 5.76 0.48
0.0003575 5.68 0.48
0.0003576 5.52 0.4
0.0003577 5.52 0.4
0.0003578 5.44 0.4
0.0003579 5.44 0.4
0.000358 5.36 0.32
0.0003581 5.28 0.32
0.0003582 5.2 0.32
0.0003583 5.12 0.24
0.0003584 5.04 0.24
0.0003585 4.96 0.16
0.0003586 4.8 0.16
0.0003587 4.8 0.16
0.0003588 4.72 0.16
0.0003589 4.56 0.16
0.000359 4.48 0.08
0.0003591 4.32 0.08
0.0003592 4.24 0
0.0003593 4.24 0
0.0003594 4 0
0.0003595 3.92 0
0.0003596 3.84 0
0.0003597 3.68 -0.24
0.0003598 3.6 -0.16
0.0003599 3.52 -0.24
0.00036 3.36 -0.24
0.0003601 3.2 -0.24
0.0003602 3.12 -0.32
0.0003603 2.96 -0.32
0.0003604 2.88 -0.32
0.0003605 2.72 -0.32
0.0003606 2.56 -0.4
0.0003607 2.48 -0.4
0.0003608 2.32 -0.4
0.0003609 2.24 -0.4
0.000361 2 -0.48
0.0003611 1.92 -0.48
0.0003612 1.76 -0.48
0.0003613 1.6 -0.48
0.0003614 1.44 -0.48
0.0003615 1.28 -0.64
0.0003616 1.12 -0.56
0.0003617 0.96 -0.64
0.0003618 0.8 -0.64
0.0003619 0.64 -0.72
0.000362 0.48 -0.72
0.0003621 0.4 -0.72
0.0003622 0.16 -0.8
0.0003623 0.08 -0.72
0.0003624 0 -0.8
0.0003625 -0.32 -0.8
0.0003626 -0.4 -0.8
0.0003627 -0.64 -0.8
0.0003628 -0.72 -0.8
0.0003629 -0.96 -0.96
0.000363 -1.04 -0.88
0.0003631 -1.2 -0.96
0.0003632 -1.36 -0.88
0.0003633 -1.52 -0.96
0.0003634 -1.68 -0.96
0.0003635 -1.84 -0.96
0.0003636 -1.92 -1.04
0.0003637 -2 -0.96
0.0003638 -2.24 -1.04
0.0003639 -2.32 -1.04
0.000364 -2.56 -1.04
0.0003641 -2.64 -1.04
0.0003642 -2.8 -1.04
0.0003643 -2.88 -1.04
0.0003644 -3.04 -1.04
0.0003645 -3.2 -1.04
0.0003646 -3.28 -1.04
0.0003647 -3.44 -1.04
0.0003648 -3.6 -1.04
0.0003649 -3.6 -1.04
0.000365 -3.76 -1.2
0.0003651 -3.92 -1.04
0.0003652 -4 -1.2
0.0003653 -4.16 -1.12
0.0003654 -4.24 -1.12
0.0003655 -4.4 -1.12
0.0003656 -4.48 -1.12
0.0003657 -4.56 -1.12
0.0003658 -4.72 -1.12
0.0003659 -4.8 -1.12
0.000366 -4.88 -1.04
0.0003661 -5.04 -1.12
0.0003662 -5.04 -1.04
0.0003663 -5.12 -1.12
0.0003664 -5.2 -1.04
0.0003665 -5.28 -1.12
0.0003666 -5.36 -1.12
0.0003667 -5.44 -1.04
0.0003668 -5.52 -1.2
0.0003669 -5.52 -1.04
0.000367 -5.6 -1.04
0.0003671 -5.68 -1.04
0.0003672 -5.76 -1.04
0.0003673 -5.84 -1.04
0.0003674 -5.84 -1.04
0.0003675 -5.84 -1.04
0.0003676 -5.92 -0.96
0.0003677 -6 -1.04
0.0003678 -6 -0.96
0.0003679 -6.08 -0.96
0.000368 -6.08 -1.04
0.0003681 -6.08 -0.96
0.0003682 -6.08 -0.96
0.0003683 -6.16 -0.96
0.0003684 -6.16 -0.96
0.0003685 -6.08 -0.88
0.0003686 -6.08 -0.88
0.0003687 -6.08 -0.88
0.0003688 -6.16 -0.88
0.0003689 -6.08 -0.88
0.000369 -6.08 -0.8
0.0003691 -6.08 -0.88
0.0003692 -6 -0.8
0.0003693 -6.08 -0.8
0.0003694 -6 -0.72
0.0003695 -6 -0.72
0.0003696 -5.92 -0.72
0.0003697 -5.84 -0.64
0.0003698 -5.84 -0.64
0.0003699 -5.76 -0.64
0.00037 -5.68 -0.64
0.0003701 -5.68 -0.56
0.0003702 -5.68 -0.56
0.0003703 -5.52 -0.56
0.0003704 -5.52 -0.48
0.0003705 -5.44 -0.56
0.0003706 -5.36 -0.4
0.0003707 -5.2 -0.48
0.0003708 -5.2 -0.4
0.0003709 -5.12 -0.4
0.000371 -5.04 -0.32
0.0003711 -4.96 -0.4
0.0003712 -4.88 -0.4
0.0003713 -4.72 -0.24
0.0003714 -4.72 -0.32
0.0003715 -4.56 -0.24
0.0003716 -4.48 -0.24
0.0003717 -4.4 -0.16
0.0003718 -4.32 0
0.0003719 -4.16 0
0.000372 -4.08 0
0.0003721 -3.92 0
0.0003722 -3.84 0.08
0.0003723 -3.68 -0.16
0.0003724 -3.6 0.08
0.0003725 -3.52 0
0.0003726 -3.28 0.08
0.0003727 -3.2 0.08
0.0003728 -3.12 0.08
0.0003729 -2.96 0.16
0.000373 -2.8 0.16
0.0003731 -2.64 0.24
0.0003732 -2.56 0.24
0.0003733 -2.32 0.24
0.0003734 -2.24 0.32
0.0003735 -2.16 0.32
0.0003736 -2 0.4
0.0003737 -1.84 0.4
0.0003738 -1.68 0.4
0.0003739 -1.52 0.4
0.000374 -1.36 0.48
0.0003741 -1.28 0.4
0.0003742 -1.04 0.4
0.0003743 -0.96 0.4
0.0003744 -0.72 0.48
0.0003745 -0.64 0.48
0.0003746 -0.48 0.56
0.0003747 -0.32 0.64
0.0003748 -0.16 0.56
0.0003749 0 0.56
0.000375 0.16 0.64
0.0003751 0.32 0.64
0.0003752 0.48 0.72
0.0003753 0.64 0.64
0.0003754 0.8 0.72
0.0003755 0.96 0.72
0.0003756 1.12 0.72
0.0003757 1.28 0.72
0.0003758 1.44 0.72
0.0003759 1.6 0.72
0.000376 1.68 0.72
0.0003761 1.84 0.8
0.0003762 2 0.8
0.0003763 2.08 0.8
0.0003764 2.24 0.8
0.0003765 2.4 0.88
0.0003766 2.56 0.88
0.0003767 2.72 0.88
0.0003768 2.8 0.96
0.0003769 2.96 0.96
0.000377 3.2 0.96
0.0003771 3.2 0.96
0.0003772 3.36 0.96
0.0003773 3.52 0.96
0.0003774 3.6 0.96
0.0003775 3.68 0.96
0.0003776 3.84 0.96
0.0003777 3.92 0.96
0.0003778 4.08 0.96
0.0003779 4.16 0.96
0.000378 4.32 0.96
0.0003781 4.4 0.96
0.0003782 4.48 0.96
0.0003783 4.56 0.96
0.0003784 4.64 0.96
0.0003785 4.8 0.96
0.0003786 4.88 0.96
0.0003787 4.96 0.96
0.0003788 5.12 0.96
0.0003789 5.12 0.96
0.000379 5.2 0.96
0.0003791 5.28 0.96
0.0003792 5.36 0.96
0.0003793 5.44 0.96
0.0003794 5.44 0.96
0.0003795 5.52 0.96
0.0003796 5.6 0.88
0.0003797 5.68 0.88
0.0003798 5.76 0.88
0.0003799 5.76 0.8
0.00038 5.76 0.88
0.0003801 5.84 0.88
0.0003802 5.84 0.88
0.0003803 5.92 0.8
0.0003804 5.92 0.8
0.0003805 5.92 0.8
0.0003806 5.92 0.8
0.0003807 6 0.8
0.0003808 6 0.72
0.0003809 6.08 0.8
0.000381 6.08 0.72
0.0003811 6.08 0.72
0.0003812 6.08 0.72
0.0003813 6 0.64
0.0003814 5.92 0.72
0.0003815 5.92 0.64
0.0003816 5.92 0.72
0.0003817 5.92 0.64
0.0003818 5.92 0.64
0.0003819 5.92 0.56
0.000382 5.84 0.56
0.0003821 5.84 0.56
0.0003822 5.84 0.48
0.0003823 5.76 0.48
0.0003824 5.76 0.48
0.0003825 5.6 0.4
0.0003826 5.6 0.4
0.0003827 5.52 0.4
0.0003828 5.52 0.4
0.0003829 5.44 0.32
0.000383 5.36 0.32
0.0003831 5.28 0.32
0.0003832 5.2 0.32
0.0003833 5.12 0.32
0.0003834 5.12 0.16
0.0003835 4.96 0.24
0.0003836 4.88 0.16
0.0003837 4.8 0.16
0.0003838 4.64 0.16
0.0003839 4.56 0.16
0.000384 4.48 0.08
0.0003841 4.48 0.08
0.0003842 4.24 0.08
0.0003843 4.16 0
0.0003844 4.16 0
0.0003845 4 0
0.0003846 3.84 0
0.0003847 3.84 0
0.0003848 3.68 -0.16
0.0003849 3.52 -0.24
0.000385 3.36 -0.24
0.0003851 3.28 -0.24
0.0003852 3.2 -0.32
0.0003853 2.96 -0.24
0.0003854 2.88 -0.4
0.0003855 2.72 -0.32
0.0003856 2.56 -0.4
0.0003857 2.4 -0.4
0.0003858 2.32 -0.4
0.0003859 2.24 -0.4
0.000386 2 -0.48
0.0003861 1.92 -0.48
0.0003862 1.76 -0.48
0.0003863 1.6 -0.56
0.0003864 1.44 -0.56
0.0003865 1.28 -0.56
0.0003866 1.12 -0.56
0.0003867 0.96 -0.64
0.0003868 0.8 -0.64
0.0003869 0.72 -0.64
0.000387 0.48 -0.72
0.0003871 0.4 -0.72
0.0003872 0.24 -0.72
0.0003873 0.08 -0.72
0.0003874 0 -0.8
0.0003875 -0.32 -0.8
0.0003876 -0.48 -0.88
0.0003877 -0.56 -0.88
0.0003878 -0.72 -0.8
0.0003879 -0.88 -0.88
0.000388 -1.04 -0.88
0.0003881 -1.2 -0.88
0.0003882 -1.28 -0.88
0.0003883 -1.44 -0.88
0.0003884 -1.68 -0.96
0.0003885 -1.84 -0.96
0.0003886 -1.92 -0.96
0.0003887 -2.08 -0.88
0.0003888 -2.24 -1.04
0.0003889 -2.32 -1.04
0.000389 -2.48 -1.04
0.0003891 -2.64 -1.04
0.0003892 -2.8 -1.04
0.0003893 -2.88 -1.04
0.0003894 -2.96 -1.04
0.0003895 -3.2 -1.12
0.0003896 -3.28 -1.04
0.0003897 -3.44 -1.04
0.0003898 -3.6 -1.12
0.0003899 -3.68 -1.04
0.00039 -3.84 -1.12
0.0003901 -3.92 -1.12
0.0003902 -4 -1.04
0.0003903 -4.16 -1.12
0.0003904 -4.24 -1.12
0.0003905 -4.4 -1.2
0.0003906 -4.48 -1.12
0.0003907 -4.56 -1.2
0.0003908 -4.72 -1.04
0.0003909 -4.8 -1.12
0.000391 -4.88 -1.12
0.0003911 -5.04 -1.2
0.0003912 -5.12 -1.12
0.0003913 -5.12 -1.12
0.0003914 -5.2 -1.2
0.0003915 -5.28 -1.04
0.0003916 -5.36 -1.2
0.0003917 -5.44 -1.04
0.0003918 -5.52 -1.12
0.0003919 -5.6 -1.04
0.000392 -5.6 -1.12
0.0003921 -5.68 -1.12
0.0003922 -5.76 -1.04
0.0003923 -5.76 -1.12
0.0003924 -5.84 -1.04
0.0003925 -5.92 -1.04
0.0003926 -5.84 -1.04
0.0003927 -6 -0.96
0.0003928 -6.08 -1.04
0.0003929 -6 -1.04
0.000393 -6.08 -0.96
0.0003931 -6.08 -0.96
0.0003932 -6.08 -0.96
0.0003933 -6.08 -0.88
0.0003934 -6.08 -0.96
0.0003935 -6.16 -0.88
0.0003936 -6.16 -0.88
0.0003937 -6.08 -0.88
0.0003938 -6.08 -0.8
0.0003939 -6.08 -0.88
0.000394 -6.08 -0.8
0.0003941 -6.08 -0.8
0.0003942 -6.08 -0.8
0.0003943 -6.08 -0.8
0.0003944 -6 -0.8
0.0003945 -6 -0.72
0.0003946 -6 -0.72
0.0003947 -5.84 -0.64
0.0003948 -5.84 -0.72
0.0003949 -5.76 -0.64
0.000395 -5.76 -0.64
0.0003951 -5.68 -0.56
0.0003952 -5.68 -0.56
0.0003953 -5.52 -0.56
0.0003954 -5.52 -0.48
0.0003955 -5.44 -0.48
0.0003956 -5.36 -0.4
0.0003957 -5.28 -0.48
0.0003958 -5.2 -0.4
0.0003959 -5.2 -0.4
0.000396 -5.12 -0.4
0.0003961 -4.88 -0.4
0.0003962 -4.88 -0.4
0.0003963 -4.8 -0.32
0.0003964 -4.72 -0.24
0.0003965 -4.56 -0.24
0.0003966 -4.48 -0.32
0.0003967 -4.4 -0.24
0.0003968 -4.32 -0.16
0.0003969 -4.16 -0.16
0.000397 -4.08 0
0.0003971 -3.92 -0.16
0.0003972 -3.84 0
0.0003973 -3.68 0.08
0.0003974 -3.6 0.08
0.0003975 -3.44 0.08
0.0003976 -3.28 0.08
0.0003977 -3.2 0.08
0.0003978 -3.12 0.08
0.0003979 -2.88 0.16
0.000398 -2.8 0.16
0.0003981 -2.64 0.16
0.0003982 -2.56 0.24
0.0003983 -2.48 0.16
0.0003984 -2.24 0.24
0.0003985 -2.16 0.32
0.0003986 -2 0.4
0.0003987 -1.84 0.32
0.0003988 -1.68 0.4
0.0003989 -1.52 0.4
0.000399 -1.44 0.4
0.0003991 -1.28 0.4
0.0003992 -1.04 0.48
0.0003993 -0.96 0.48
0.0003994 -0.8 0.48
0.0003995 -0.64 0.56
0.0003996 -0.48 0.48
0.0003997 -0.32 0.48
0.0003998 -0.16 0.56
0.0003999 0.08 0.64
