0 -4.72 -0.96
4e-08 -4.72 -0.96
8e-08 4.8 0.8
1.2e-07 4.88 0.8
1.6e-07 4.88 0.8
2e-07 4.96 0.8
2.4e-07 4.96 0.8
2.8e-07 4.96 0.88
3.2e-07 5.04 0.8
3.6e-07 5.12 0.88
4e-07 5.12 0.88
4.4e-07 5.2 0.88
4.8e-07 5.2 0.88
5.2e-07 5.28 0.88
5.6e-07 5.28 0.88
6e-07 5.28 0.88
6.4e-07 5.44 0.96
6.8e-07 5.44 0.96
7.2e-07 5.44 0.88
7.6e-07 5.44 0.96
8e-07 5.52 0.96
8.4e-07 5.52 0.96
8.8e-07 5.52 0.96
9.2e-07 5.6 0.96
9.6e-07 5.6 0.96
1e-06 5.6 0.96
1.04e-06 5.6 0.96
1.08e-06 5.68 0.96
1.12e-06 5.76 0.96
1.16e-06 5.76 0.96
1.2e-06 5.76 0.96
1.24e-06 5.76 0.96
1.28e-06 5.76 0.96
1.32e-06 5.76 1.04
1.36e-06 5.84 1.04
1.4e-06 5.84 0.96
1.44e-06 5.84 0.96
1.48e-06 5.84 0.96
1.52e-06 5.92 0.96
1.56e-06 5.84 0.96
1.6e-06 5.92 0.96
1.64e-06 5.92 0.96
1.68e-06 5.92 1.04
1.72e-06 5.92 1.04
1.76e-06 5.92 1.04
1.8e-06 6 1.04
1.84e-06 6 1.04
1.88e-06 6 1.04
1.92e-06 6 1.04
1.96e-06 6.08 0.96
2e-06 6 1.04
2.04e-06 6 1.04
2.08e-06 6 1.04
2.12e-06 5.92 0.96
2.16e-06 6.08 1.04
2.2e-06 6.08 1.04
2.24e-06 6 1.04
2.28e-06 6.08 1.04
2.32e-06 6 1.04
2.36e-06 6.08 1.04
2.4e-06 6.08 1.04
2.44e-06 5.92 1.04
2.48e-06 5.92 1.04
2.52e-06 5.92 1.04
2.56e-06 6 1.04
2.6e-06 5.92 1.04
2.64e-06 5.92 1.04
2.68e-06 5.92 1.04
2.72e-06 5.92 1.04
2.76e-06 5.92 0.96
2.8e-06 5.84 0.96
2.84e-06 5.92 1.04
2.88e-06 5.84 1.04
2.92e-06 5.84 1.04
2.96e-06 5.84 1.04
3e-06 5.84 0.96
3.04e-06 5.84 1.04
3.08e-06 5.76 0.96
3.12e-06 5.76 1.04
3.16e-06 5.76 1.04
3.2e-06 5.76 0.96
3.24e-06 5.68 0.96
3.28e-06 5.68 0.96
3.32e-06 5.6 0.96
3.36e-06 5.6 0.96
3.4e-06 5.6 0.96
3.44e-06 5.52 0.96
3.48e-06 5.52 1.04
3.52e-06 5.52 0.96
3.56e-06 5.52 0.96
3.6e-06 5.44 0.96
3.64e-06 5.44 0.96
3.68e-06 5.44 0.96
3.72e-06 5.36 0.96
3.76e-06 5.36 0.96
3.8e-06 5.28 0.96
3.84e-06 5.2 0.96
3.88e-06 5.28 0.96
3.92e-06 5.2 0.88
3.96e-06 5.2 0.96
4e-06 5.12 0.96
4.04e-06 5.12 0.88
4.08e-06 5.04 0.88
4.12e-06 4.96 0.88
4.16e-06 4.96 0.96
4.2e-06 4.88 0.96
4.24e-06 4.88 0.8
4.28e-06 4.8 0.8
4.32e-06 4.8 0.88
4.36e-06 4.72 0.8
4.4e-06 4.64 0.8
4.44e-06 4.64 0.8
4.48e-06 4.56 0.8
4.52e-06 4.56 0.72
4.56e-06 4.56 0.8
4.6e-06 4.48 0.72
4.64e-06 4.4 0.8
4.68e-06 4.32 0.8
4.72e-06 4.32 0.8
4.76e-06 4.24 0.72
4.8e-06 4.16 0.72
4.84e-06 4.16 0.72
4.88e-06 4.16 0.72
4.92e-06 4 0.72
4.96e-06 4 0.64
5e-06 3.92 0.64
5.04e-06 3.84 0.72
5.08e-06 3.84 0.64
5.12e-06 3.76 0.72
5.16e-06 3.68 0.56
5.2e-06 3.68 0.64
5.24e-06 3.68 0.72
5.28e-06 3.6 0.64
5.32e-06 3.52 0.56
5.36e-06 3.44 0.64
5.4e-06 3.36 0.64
5.44e-06 3.28 0.64
5.48e-06 3.2 0.56
5.52e-06 3.2 0.48
5.56e-06 3.12 0.56
5.6e-06 3.04 0.48
5.64e-06 2.96 0.48
5.68e-06 2.96 0.48
5.72e-06 2.88 0.56
5.76e-06 2.8 0.48
5.8e-06 2.72 0.56
5.84e-06 2.64 0.4
5.88e-06 2.56 0.48
5.92e-06 2.56 0.4
5.96e-06 2.48 0.48
6e-06 2.4 0.48
6.04e-06 2.4 0.4
6.08e-06 2.32 0.4
6.12e-06 2.24 0.4
6.16e-06 2.16 0.32
6.2e-06 2.08 0.32
6.24e-06 2 0.32
6.28e-06 1.92 0.4
6.32e-06 1.92 0.32
6.36e-06 1.76 0.32
6.4e-06 1.76 0.32
6.44e-06 1.6 0.32
6.48e-06 1.6 0.32
6.52e-06 1.52 0.32
6.56e-06 1.44 0.16
6.6e-06 1.36 0.24
6.64e-06 1.28 0.32
6.68e-06 1.28 0.24
6.72e-06 1.2 0.24
6.76e-06 1.04 0.16
6.8e-06 1.12 0.16
6.84e-06 0.96 0.16
6.88e-06 0.8 0.16
6.92e-06 0.8 0.08
6.96e-06 0.72 0.08
7e-06 0.64 0.16
7.04e-06 0.64 0.16
7.08e-06 0.48 0.08
7.12e-06 0.48 0.08
7.16e-06 0.32 0.08
7.2e-06 0.32 0.08
7.24e-06 0.32 0
7.28e-06 0.16 0
7.32e-06 0.08 0
7.36e-06 0 0
7.4e-06 0 0.08
7.44e-06 -0.16 -0.16
7.48e-06 -0.24 0
7.52e-06 -0.32 0
7.56e-06 -0.4 0
7.6e-06 -0.56 -0.16
7.64e-06 -0.56 -0.16
7.68e-06 -0.64 -0.16
7.72e-06 -0.72 -0.16
7.76e-06 -0.72 -0.16
7.8e-06 -0.88 -0.24
7.84e-06 -0.96 -0.24
7.88e-06 -0.96 -0.24
7.92e-06 -1.04 -0.32
7.96e-06 -1.2 -0.24
8e-06 -1.2 -0.32
8.04e-06 -1.28 -0.32
8.08e-06 -1.36 -0.24
8.12e-06 -1.36 -0.32
8.16e-06 -1.52 -0.32
8.2e-06 -1.52 -0.4
8.24e-06 -1.6 -0.32
8.28e-06 -1.68 -0.4
8.32e-06 -1.76 -0.32
8.36e-06 -1.84 -0.4
8.4e-06 -1.92 -0.4
8.44e-06 -2 -0.4
8.48e-06 -2 -0.48
8.52e-06 -2.16 -0.4
8.56e-06 -2.16 -0.48
8.6e-06 -2.24 -0.4
8.64e-06 -2.32 -0.4
8.68e-06 -2.4 -0.56
8.72e-06 -2.48 -0.48
8.76e-06 -2.48 -0.56
8.8e-06 -2.64 -0.4
8.84e-06 -2.64 -0.56
8.88e-06 -2.8 -0.56
8.92e-06 -2.8 -0.56
8.96e-06 -2.88 -0.56
9e-06 -2.96 -0.56
9.04e-06 -2.96 -0.64
9.08e-06 -3.04 -0.64
9.12e-06 -3.12 -0.56
9.16e-06 -3.12 -0.64
9.2e-06 -3.28 -0.64
9.24e-06 -3.28 -0.64
9.28e-06 -3.36 -0.64
9.32e-06 -3.52 -0.64
9.36e-06 -3.52 -0.72
9.4e-06 -3.6 -0.64
9.44e-06 -3.6 -0.72
9.48e-06 -3.6 -0.72
9.52e-06 -3.76 -0.72
9.56e-06 -3.76 -0.72
9.6e-06 -3.84 -0.88
9.64e-06 -3.92 -0.72
9.68e-06 -3.92 -0.72
9.72e-06 -4 -0.72
9.76e-06 -4.08 -0.8
9.8e-06 -4.16 -0.8
9.84e-06 -4.16 -0.8
9.88e-06 -4.24 -0.8
9.92e-06 -4.24 -0.88
9.96e-06 -4.4 -0.88
1e-05 -4.48 -0.88
1.004e-05 -4.4 -0.88
1.008e-05 -4.48 -0.88
1.012e-05 -4.56 -0.88
1.016e-05 -4.56 -0.88
1.02e-05 -4.56 -0.88
1.024e-05 -4.72 -0.96
1.028e-05 -4.72 -0.96
1.032e-05 -4.8 -0.96
1.036e-05 -4.8 -0.88
1.04e-05 -4.88 -0.88
1.044e-05 -4.88 -0.96
1.048e-05 -4.96 -0.96
1.052e-05 -5.04 -0.96
1.056e-05 -5.04 -0.96
1.06e-05 -5.04 -0.96
1.064e-05 -5.12 -1.04
1.068e-05 -5.12 -1.04
1.072e-05 -5.12 -1.04
1.076e-05 -5.2 -1.04
1.08e-05 -5.36 -1.04
1.084e-05 -5.28 -1.04
1.088e-05 -5.36 -1.04
1.092e-05 -5.44 -1.04
1.096e-05 -5.44 -1.04
1.1e-05 -5.44 -1.04
1.104e-05 -5.44 -1.12
1.108e-05 -5.52 -1.04
1.112e-05 -5.52 -1.04
1.116e-05 -5.52 -1.04
1.12e-05 -5.52 -1.12
1.124e-05 -5.6 -1.04
1.128e-05 -5.68 -1.12
1.132e-05 -5.76 -1.2
1.136e-05 -5.76 -1.2
1.14e-05 -5.68 -1.04
1.144e-05 -5.76 -1.12
1.148e-05 -5.84 -1.04
1.152e-05 -5.76 -1.2
1.156e-05 -5.84 -1.12
1.16e-05 -5.84 -1.2
1.164e-05 -5.84 -1.12
1.168e-05 -5.84 -1.2
1.172e-05 -5.92 -1.2
1.176e-05 -5.84 -1.2
1.18e-05 -6 -1.12
1.184e-05 -5.92 -1.2
1.188e-05 -6 -1.28
1.192e-05 -6 -1.2
1.196e-05 -6.08 -1.2
1.2e-05 -6 -1.2
1.204e-05 -6.08 -1.2
1.208e-05 -6.08 -1.2
1.212e-05 -6.08 -1.2
1.216e-05 -6.08 -1.2
1.22e-05 -6.08 -1.2
1.224e-05 -6.08 -1.2
1.228e-05 -6.08 -1.2
1.232e-05 -6.08 -1.12
1.236e-05 -6.08 -1.2
1.24e-05 -6.08 -1.2
1.244e-05 -6.08 -1.28
1.248e-05 -6.08 -1.2
1.252e-05 -6.16 -1.2
1.256e-05 -6.08 -1.28
1.26e-05 -6.08 -1.28
1.264e-05 -6.08 -1.2
1.268e-05 -6.16 -1.2
1.272e-05 -6.16 -1.2
1.276e-05 -6.08 -1.28
1.28e-05 -6.08 -1.2
1.284e-05 -6.08 -1.2
1.288e-05 -6.08 -1.2
1.292e-05 -6.08 -1.2
1.296e-05 -6.08 -1.2
1.3e-05 -6.08 -1.2
1.304e-05 -6.08 -1.2
1.308e-05 -6 -1.2
1.312e-05 -6 -1.2
1.316e-05 -6.08 -1.2
1.32e-05 -6 -1.2
1.324e-05 -5.92 -1.2
1.328e-05 -6 -1.2
1.332e-05 -6 -1.2
1.336e-05 -6 -1.12
1.34e-05 -5.84 -1.12
1.344e-05 -5.84 -1.2
1.348e-05 -5.84 -1.2
1.352e-05 -5.84 -1.2
1.356e-05 -5.84 -1.12
1.36e-05 -5.76 -1.2
1.364e-05 -5.76 -1.12
1.368e-05 -5.76 -1.2
1.372e-05 -5.68 -1.2
1.376e-05 -5.68 -1.12
1.38e-05 -5.68 -1.2
1.384e-05 -5.68 -1.12
1.388e-05 -5.52 -1.2
1.392e-05 -5.52 -1.12
1.396e-05 -5.52 -1.2
1.4e-05 -5.52 -1.12
1.404e-05 -5.52 -1.12
1.408e-05 -5.44 -1.04
1.412e-05 -5.44 -1.04
1.416e-05 -5.44 -1.12
1.42e-05 -5.36 -1.12
1.424e-05 -5.36 -1.04
1.428e-05 -5.28 -1.04
1.432e-05 -5.2 -1.04
1.436e-05 -5.2 -1.12
1.44e-05 -5.2 -1.04
1.444e-05 -5.2 -1.04
1.448e-05 -5.12 -1.04
1.452e-05 -5.04 -1.04
1.456e-05 -5.04 -1.04
1.46e-05 -4.96 -1.04
1.464e-05 -4.88 -1.04
1.468e-05 -4.88 -1.04
1.472e-05 -4.88 -1.04
1.476e-05 -4.88 -1.04
1.48e-05 -4.8 -0.96
1.484e-05 -4.72 -1.04
1.488e-05 -4.72 -1.04
1.492e-05 -4.56 -0.96
1.496e-05 -4.56 -0.96
1.5e-05 -4.48 -0.96
1.504e-05 -4.48 -0.96
1.508e-05 -4.48 -0.96
1.512e-05 -4.32 -0.96
1.516e-05 -4.24 -0.88
1.52e-05 -4.24 -0.88
1.524e-05 -4.24 -0.96
1.528e-05 -4.16 -0.88
1.532e-05 -4.08 -0.88
1.536e-05 -4 -0.88
1.54e-05 -4 -0.88
1.544e-05 -3.92 -0.88
1.548e-05 -3.92 -0.88
1.552e-05 -3.76 -0.72
1.556e-05 -3.84 -0.8
1.56e-05 -3.76 -0.88
1.564e-05 -3.6 -0.8
1.568e-05 -3.6 -0.72
1.572e-05 -3.52 -0.72
1.576e-05 -3.44 -0.8
1.58e-05 -3.44 -0.8
1.584e-05 -3.36 -0.72
1.588e-05 -3.28 -0.72
1.592e-05 -3.2 -0.72
1.596e-05 -3.2 -0.8
1.6e-05 -3.12 -0.64
1.604e-05 -3.04 -0.64
1.608e-05 -2.96 -0.72
1.612e-05 -2.96 -0.64
1.616e-05 -2.88 -0.64
1.62e-05 -2.8 -0.64
1.624e-05 -2.72 -0.56
1.628e-05 -2.64 -0.64
1.632e-05 -2.56 -0.64
1.636e-05 -2.48 -0.64
1.64e-05 -2.4 -0.56
1.644e-05 -2.48 -0.64
1.648e-05 -2.32 -0.56
1.652e-05 -2.24 -0.56
1.656e-05 -2.24 -0.56
1.66e-05 -2.16 -0.48
1.664e-05 -2 -0.56
1.668e-05 -2 -0.48
1.672e-05 -1.92 -0.48
1.676e-05 -1.84 -0.4
1.68e-05 -1.84 -0.48
1.684e-05 -1.68 -0.48
1.688e-05 -1.68 -0.4
1.692e-05 -1.52 -0.4
1.696e-05 -1.52 -0.4
1.7e-05 -1.44 -0.4
1.704e-05 -1.36 -0.4
1.708e-05 -1.28 -0.4
1.712e-05 -1.2 -0.4
1.716e-05 -1.2 -0.32
1.72e-05 -1.04 -0.32
1.724e-05 -1.04 -0.32
1.728e-05 -0.96 -0.32
1.732e-05 -0.88 -0.32
1.736e-05 -0.8 -0.32
1.74e-05 -0.72 -0.32
1.744e-05 -0.72 -0.24
1.748e-05 -0.56 -0.24
1.752e-05 -0.56 -0.24
1.756e-05 -0.4 -0.32
1.76e-05 -0.32 -0.16
1.764e-05 -0.32 -0.24
1.768e-05 -0.24 -0.24
1.772e-05 0 -0.24
1.776e-05 0 -0.16
1.78e-05 0.08 0
1.784e-05 0.16 0
1.788e-05 0.24 0
1.792e-05 0.32 0
1.796e-05 0.4 0
1.8e-05 0.48 0
1.804e-05 0.48 0
1.808e-05 0.64 0
1.812e-05 0.64 0
1.816e-05 0.72 0
1.82e-05 0.8 0.08
1.824e-05 0.96 0
1.828e-05 0.96 0
1.832e-05 1.04 0.08
1.836e-05 1.04 0.08
1.84e-05 1.12 0.16
1.844e-05 1.28 0.08
1.848e-05 1.28 0.16
1.852e-05 1.36 0.16
1.856e-05 1.44 0.16
1.86e-05 1.52 0.16
1.864e-05 1.6 0.16
1.868e-05 1.6 0.24
1.872e-05 1.76 0.16
1.876e-05 1.76 0.16
1.88e-05 1.92 0.24
1.884e-05 1.92 0.32
1.888e-05 2 0.32
1.892e-05 2.08 0.24
1.896e-05 2.08 0.32
1.9e-05 2.24 0.24
1.904e-05 2.24 0.32
1.908e-05 2.4 0.4
1.912e-05 2.4 0.32
1.916e-05 2.48 0.32
1.92e-05 2.56 0.32
1.924e-05 2.56 0.4
1.928e-05 2.72 0.32
1.932e-05 2.72 0.4
1.936e-05 2.88 0.4
1.94e-05 2.88 0.4
1.944e-05 2.88 0.4
1.948e-05 2.96 0.4
1.952e-05 3.04 0.4
1.956e-05 3.2 0.48
1.96e-05 3.2 0.56
1.964e-05 3.2 0.48
1.968e-05 3.28 0.48
1.972e-05 3.36 0.56
1.976e-05 3.52 0.56
1.98e-05 3.52 0.56
1.984e-05 3.52 0.48
1.988e-05 3.6 0.48
1.992e-05 3.6 0.64
1.996e-05 3.68 0.48
2e-05 3.84 0.56
2.004e-05 3.84 0.64
2.008e-05 3.92 0.64
2.012e-05 3.92 0.64
2.016e-05 4 0.64
2.02e-05 4.08 0.64
2.024e-05 4.16 0.64
2.028e-05 4.16 0.72
2.032e-05 4.24 0.64
2.036e-05 4.24 0.64
2.04e-05 4.24 0.64
2.044e-05 4.32 0.64
2.048e-05 4.48 0.72
2.052e-05 4.48 0.72
2.056e-05 4.48 0.72
2.06e-05 4.56 0.72
2.064e-05 4.64 0.72
2.068e-05 4.64 0.72
2.072e-05 4.64 0.72
2.076e-05 4.8 0.72
2.08e-05 4.8 0.8
2.084e-05 4.8 0.88
2.088e-05 4.88 0.8
2.092e-05 4.88 0.8
2.096e-05 4.96 0.8
2.1e-05 4.96 0.8
2.104e-05 5.12 0.8
2.108e-05 5.12 0.8
2.112e-05 5.12 0.8
2.116e-05 5.12 0.8
2.12e-05 5.2 0.88
2.124e-05 5.2 0.88
2.128e-05 5.2 0.88
2.132e-05 5.28 0.88
2.136e-05 5.28 0.88
2.14e-05 5.36 0.96
2.144e-05 5.44 0.88
2.148e-05 5.44 0.88
2.152e-05 5.44 0.96
2.156e-05 5.44 0.96
2.16e-05 5.52 0.96
2.164e-05 5.52 0.88
2.168e-05 5.52 0.96
2.172e-05 5.6 0.96
2.176e-05 5.6 0.96
2.18e-05 5.76 0.96
2.184e-05 5.6 0.96
2.188e-05 5.68 0.96
2.192e-05 5.76 1.04
2.196e-05 5.76 0.96
2.2e-05 5.76 0.96
2.204e-05 5.76 1.04
2.208e-05 5.76 1.04
2.212e-05 5.76 0.96
2.216e-05 5.84 0.96
2.22e-05 5.84 0.96
2.224e-05 5.84 0.96
2.228e-05 5.84 1.04
2.232e-05 5.84 0.96
2.236e-05 5.92 0.96
2.24e-05 5.92 1.04
2.244e-05 5.92 1.04
2.248e-05 5.92 1.04
2.252e-05 5.92 0.96
2.256e-05 5.92 1.04
2.26e-05 5.92 1.04
2.264e-05 6 1.04
2.268e-05 5.92 1.04
2.272e-05 6 0.96
2.276e-05 6 1.12
2.28e-05 6 1.04
2.284e-05 6 1.04
2.288e-05 6.08 0.96
2.292e-05 6 1.04
2.296e-05 6.08 1.04
2.3e-05 6 1.04
2.304e-05 6 1.04
2.308e-05 6 1.04
2.312e-05 5.92 1.04
2.316e-05 5.92 1.04
2.32e-05 5.92 0.96
2.324e-05 5.92 1.04
2.328e-05 5.92 1.04
2.332e-05 5.92 1.04
2.336e-05 5.92 0.96
2.34e-05 5.92 0.96
2.344e-05 5.92 1.04
2.348e-05 5.92 1.04
2.352e-05 5.92 1.04
2.356e-05 5.92 0.96
2.36e-05 5.84 0.96
2.364e-05 5.84 0.96
2.368e-05 5.84 1.04
2.372e-05 5.76 0.96
2.376e-05 5.84 1.04
2.38e-05 5.76 1.04
2.384e-05 5.76 1.04
2.388e-05 5.76 0.96
2.392e-05 5.76 0.96
2.396e-05 5.68 0.96
2.4e-05 5.68 1.04
2.404e-05 5.6 0.96
2.408e-05 5.6 0.96
2.412e-05 5.6 0.96
2.416e-05 5.52 0.96
2.42e-05 5.52 0.96
2.424e-05 5.52 0.96
2.428e-05 5.52 0.96
2.432e-05 5.44 0.88
2.436e-05 5.44 0.96
2.44e-05 5.44 0.96
2.444e-05 5.44 0.96
2.448e-05 5.28 0.88
2.452e-05 5.28 0.96
2.456e-05 5.28 0.96
2.46e-05 5.2 0.88
2.464e-05 5.2 0.88
2.468e-05 5.12 0.88
2.472e-05 5.12 0.96
2.476e-05 5.12 0.88
2.48e-05 5.04 0.88
2.484e-05 4.96 0.88
2.488e-05 4.96 0.88
2.492e-05 4.96 0.88
2.496e-05 4.88 0.8
2.5e-05 4.88 0.8
2.504e-05 4.8 0.8
2.508e-05 4.8 0.8
2.512e-05 4.8 0.88
2.516e-05 4.72 0.8
2.52e-05 4.64 0.8
2.524e-05 4.56 0.8
2.528e-05 4.56 0.8
2.532e-05 4.48 0.8
2.536e-05 4.48 0.8
2.54e-05 4.32 0.8
2.544e-05 4.4 0.8
2.548e-05 4.24 0.72
2.552e-05 4.24 0.72
2.556e-05 4.16 0.72
2.56e-05 4.16 0.72
2.564e-05 4.16 0.72
2.568e-05 4.08 0.72
2.572e-05 3.92 0.72
2.576e-05 3.92 0.64
2.58e-05 3.84 0.72
2.584e-05 3.84 0.64
2.588e-05 3.84 0.64
2.592e-05 3.68 0.64
2.596e-05 3.6 0.72
2.6e-05 3.52 0.64
2.604e-05 3.52 0.64
2.608e-05 3.52 0.64
2.612e-05 3.36 0.64
2.616e-05 3.36 0.64
2.62e-05 3.28 0.56
2.624e-05 3.2 0.48
2.628e-05 3.2 0.64
2.632e-05 3.04 0.56
2.636e-05 3.04 0.56
2.64e-05 2.96 0.48
2.644e-05 2.88 0.48
2.648e-05 2.88 0.48
2.652e-05 2.8 0.56
2.656e-05 2.72 0.48
2.66e-05 2.64 0.48
2.664e-05 2.56 0.48
2.668e-05 2.56 0.48
2.672e-05 2.4 0.48
2.676e-05 2.4 0.4
2.68e-05 2.24 0.4
2.684e-05 2.24 0.4
2.688e-05 2.24 0.4
2.692e-05 2.08 0.32
2.696e-05 2.08 0.32
2.7e-05 2 0.4
2.704e-05 1.92 0.4
2.708e-05 1.84 0.32
2.712e-05 1.76 0.32
2.716e-05 1.68 0.32
2.72e-05 1.68 0.32
2.724e-05 1.6 0.32
2.728e-05 1.52 0.24
2.732e-05 1.44 0.24
2.736e-05 1.36 0.32
2.74e-05 1.28 0.24
2.744e-05 1.28 0.16
2.748e-05 1.12 0.08
2.752e-05 1.04 0.16
2.756e-05 1.04 0.16
2.76e-05 0.96 0.24
2.764e-05 0.8 0.16
2.768e-05 0.72 0.16
2.772e-05 0.72 0.08
2.776e-05 0.64 0.08
2.78e-05 0.64 0.16
2.784e-05 0.48 0
2.788e-05 0.32 0.08
2.792e-05 0.32 0.08
2.796e-05 0.32 0
2.8e-05 0.16 0
2.804e-05 0.08 0
2.808e-05 0.08 0
2.812e-05 0 0
2.816e-05 -0.16 0
2.82e-05 -0.24 0
2.824e-05 -0.32 0
2.828e-05 -0.4 0
2.832e-05 -0.48 0
2.836e-05 -0.56 -0.16
2.84e-05 -0.64 -0.24
2.844e-05 -0.72 -0.16
2.848e-05 -0.72 -0.24
2.852e-05 -0.88 -0.16
2.856e-05 -0.88 -0.24
2.86e-05 -0.96 -0.24
2.864e-05 -1.04 -0.24
2.868e-05 -1.04 -0.24
2.872e-05 -1.2 -0.24
2.876e-05 -1.28 -0.24
2.88e-05 -1.28 -0.24
2.884e-05 -1.36 -0.32
2.888e-05 -1.52 -0.32
2.892e-05 -1.52 -0.32
2.896e-05 -1.6 -0.32
2.9e-05 -1.68 -0.32
2.904e-05 -1.68 -0.4
2.908e-05 -1.84 -0.4
2.912e-05 -1.92 -0.4
2.916e-05 -2 -0.4
2.92e-05 -2 -0.4
2.924e-05 -2.08 -0.4
2.928e-05 -2.16 -0.4
2.932e-05 -2.24 -0.4
2.936e-05 -2.32 -0.48
2.94e-05 -2.32 -0.4
2.944e-05 -2.4 -0.48
2.948e-05 -2.48 -0.48
2.952e-05 -2.56 -0.48
2.956e-05 -2.64 -0.48
2.96e-05 -2.64 -0.56
2.964e-05 -2.8 -0.56
2.968e-05 -2.88 -0.56
2.972e-05 -2.88 -0.64
2.976e-05 -2.96 -0.64
2.98e-05 -2.96 -0.56
2.984e-05 -3.12 -0.64
2.988e-05 -3.12 -0.56
2.992e-05 -3.2 -0.64
2.996e-05 -3.28 -0.64
3e-05 -3.28 -0.72
3.004e-05 -3.44 -0.64
3.008e-05 -3.52 -0.72
3.012e-05 -3.52 -0.72
3.016e-05 -3.52 -0.72
3.02e-05 -3.6 -0.72
3.024e-05 -3.6 -0.64
3.028e-05 -3.76 -0.72
3.032e-05 -3.84 -0.8
3.036e-05 -3.84 -0.72
3.04e-05 -3.92 -0.72
3.044e-05 -3.92 -0.72
3.048e-05 -4 -0.8
3.052e-05 -4.16 -0.8
3.056e-05 -4.16 -0.8
3.06e-05 -4.24 -0.8
3.064e-05 -4.24 -0.88
3.068e-05 -4.24 -0.88
3.072e-05 -4.4 -0.88
3.076e-05 -4.4 -0.88
3.08e-05 -4.4 -0.88
3.084e-05 -4.56 -0.96
3.088e-05 -4.56 -0.88
3.092e-05 -4.56 -0.88
3.096e-05 -4.72 -0.96
3.1e-05 -4.72 -0.96
3.104e-05 -4.72 -0.96
3.108e-05 -4.8 -0.88
3.112e-05 -4.8 -0.96
3.116e-05 -4.88 -0.96
3.12e-05 -4.88 -0.96
3.124e-05 -4.96 -0.96
3.128e-05 -5.04 -0.96
3.132e-05 -5.04 -1.04
3.136e-05 -5.04 -0.96
3.14e-05 -5.04 -1.04
3.144e-05 -5.2 -1.04
3.148e-05 -5.2 -1.04
3.152e-05 -5.2 -1.04
3.156e-05 -5.2 -1.04
3.16e-05 -5.36 -1.04
3.164e-05 -5.36 -0.96
3.168e-05 -5.36 -1.04
3.172e-05 -5.36 -1.04
3.176e-05 -5.44 -1.04
3.18e-05 -5.52 -1.04
3.184e-05 -5.52 -1.04
3.188e-05 -5.52 -1.12
3.192e-05 -5.52 -1.12
3.196e-05 -5.52 -1.04
3.2e-05 -5.6 -1.12
3.204e-05 -5.68 -1.04
3.208e-05 -5.68 -1.2
3.212e-05 -5.68 -1.2
3.216e-05 -5.76 -1.12
3.22e-05 -5.76 -1.12
3.224e-05 -5.76 -1.12
3.228e-05 -5.76 -1.2
3.232e-05 -5.76 -1.12
3.236e-05 -5.84 -1.04
3.24e-05 -5.84 -1.2
3.244e-05 -5.84 -1.2
3.248e-05 -6 -1.2
3.252e-05 -5.84 -1.2
3.256e-05 -6 -1.2
3.26e-05 -6 -1.2
3.264e-05 -6 -1.2
3.268e-05 -6 -1.12
3.272e-05 -6.08 -1.2
3.276e-05 -6.08 -1.2
3.28e-05 -6 -1.2
3.284e-05 -6.08 -1.2
3.288e-05 -6.08 -1.12
3.292e-05 -6.08 -1.2
3.296e-05 -6.08 -1.2
3.3e-05 -6.08 -1.2
3.304e-05 -6.08 -1.2
3.308e-05 -6.08 -1.2
3.312e-05 -6.08 -1.28
3.316e-05 -6.08 -1.2
3.32e-05 -6.08 -1.2
3.324e-05 -6.08 -1.2
3.328e-05 -6.16 -1.2
3.332e-05 -6.08 -1.2
3.336e-05 -6.08 -1.2
3.34e-05 -6.08 -1.2
3.344e-05 -6.16 -1.2
3.348e-05 -6.08 -1.2
3.352e-05 -6.08 -1.2
3.356e-05 -6.08 -1.2
3.36e-05 -6.08 -1.2
3.364e-05 -6.08 -1.2
3.368e-05 -6.08 -1.2
3.372e-05 -6 -1.2
3.376e-05 -6.08 -1.2
3.38e-05 -6 -1.28
3.384e-05 -6.08 -1.2
3.388e-05 -6 -1.2
3.392e-05 -6 -1.2
3.396e-05 -6 -1.2
3.4e-05 -6 -1.2
3.404e-05 -6 -1.2
3.408e-05 -5.92 -1.2
3.412e-05 -6 -1.12
3.416e-05 -5.92 -1.2
3.42e-05 -5.84 -1.2
3.424e-05 -5.84 -1.2
3.428e-05 -5.84 -1.2
3.432e-05 -5.76 -1.2
3.436e-05 -5.76 -1.2
3.44e-05 -5.76 -1.2
3.444e-05 -5.76 -1.12
3.448e-05 -5.68 -1.12
3.452e-05 -5.68 -1.12
3.456e-05 -5.68 -1.2
3.46e-05 -5.68 -1.12
3.464e-05 -5.68 -1.12
3.468e-05 -5.52 -1.2
3.472e-05 -5.52 -1.2
3.476e-05 -5.52 -1.2
3.48e-05 -5.44 -1.12
3.484e-05 -5.44 -1.12
3.488e-05 -5.44 -1.04
3.492e-05 -5.44 -1.12
3.496e-05 -5.36 -1.04
3.5e-05 -5.36 -1.04
3.504e-05 -5.28 -1.04
3.508e-05 -5.2 -1.04
3.512e-05 -5.2 -1.12
3.516e-05 -5.2 -0.96
3.52e-05 -5.2 -1.04
3.524e-05 -5.12 -1.04
3.528e-05 -5.04 -1.04
3.532e-05 -5.04 -0.96
3.536e-05 -4.96 -0.96
3.54e-05 -4.96 -1.04
3.544e-05 -4.88 -1.04
3.548e-05 -4.88 -1.04
3.552e-05 -4.88 -0.96
3.556e-05 -4.8 -0.96
3.56e-05 -4.72 -1.04
3.564e-05 -4.64 -0.96
3.568e-05 -4.56 -0.96
3.572e-05 -4.56 -0.96
3.576e-05 -4.48 -1.04
3.58e-05 -4.48 -0.96
3.584e-05 -4.4 -0.96
3.588e-05 -4.4 -0.88
3.592e-05 -4.24 -0.88
3.596e-05 -4.24 -0.96
3.6e-05 -4.24 -0.96
3.604e-05 -4.16 -0.96
3.608e-05 -4.08 -0.88
3.612e-05 -4.08 -0.88
3.616e-05 -3.92 -0.88
3.62e-05 -3.92 -0.8
3.624e-05 -3.92 -0.88
3.628e-05 -3.84 -0.88
3.632e-05 -3.76 -0.88
3.636e-05 -3.76 -0.88
3.64e-05 -3.6 -0.8
3.644e-05 -3.6 -0.8
3.648e-05 -3.6 -0.8
3.652e-05 -3.52 -0.8
3.656e-05 -3.44 -0.72
3.66e-05 -3.36 -0.72
3.664e-05 -3.28 -0.8
3.668e-05 -3.2 -0.8
3.672e-05 -3.2 -0.64
3.676e-05 -3.12 -0.72
3.68e-05 -3.04 -0.72
3.684e-05 -2.96 -0.64
3.688e-05 -2.88 -0.64
3.692e-05 -2.88 -0.64
3.696e-05 -2.8 -0.64
3.7e-05 -2.64 -0.64
3.704e-05 -2.64 -0.64
3.708e-05 -2.56 -0.56
3.712e-05 -2.48 -0.64
3.716e-05 -2.48 -0.56
3.72e-05 -2.32 -0.64
3.724e-05 -2.32 -0.56
3.728e-05 -2.24 -0.56
3.732e-05 -2.16 -0.48
3.736e-05 -2.16 -0.48
3.74e-05 -2 -0.56
3.744e-05 -1.92 -0.48
3.748e-05 -1.84 -0.48
3.752e-05 -1.84 -0.48
3.756e-05 -1.68 -0.48
3.76e-05 -1.68 -0.56
3.764e-05 -1.68 -0.4
3.768e-05 -1.6 -0.4
3.772e-05 -1.44 -0.4
3.776e-05 -1.36 -0.4
3.78e-05 -1.36 -0.4
3.784e-05 -1.28 -0.4
3.788e-05 -1.2 -0.4
3.792e-05 -1.04 -0.32
3.796e-05 -1.04 -0.4
3.8e-05 -0.96 -0.32
3.804e-05 -0.96 -0.24
3.808e-05 -0.88 -0.32
3.812e-05 -0.72 -0.32
3.816e-05 -0.64 -0.24
3.82e-05 -0.64 -0.32
3.824e-05 -0.48 -0.32
3.828e-05 -0.48 -0.24
3.832e-05 -0.4 -0.24
3.836e-05 -0.32 -0.16
3.84e-05 -0.24 -0.16
3.844e-05 0 -0.24
3.848e-05 0 -0.16
3.852e-05 0.08 0
3.856e-05 0.08 0
3.86e-05 0.16 0
3.864e-05 0.32 -0.16
3.868e-05 0.32 0
3.872e-05 0.4 0
3.876e-05 0.48 0
3.88e-05 0.48 0
3.884e-05 0.56 0
3.888e-05 0.72 0.08
3.892e-05 0.72 0
3.896e-05 0.8 0.08
3.9e-05 0.96 0.08
3.904e-05 0.96 0.08
3.908e-05 1.12 0.08
3.912e-05 1.12 0.08
3.916e-05 1.2 0.16
3.92e-05 1.28 0.08
3.924e-05 1.28 0.08
3.928e-05 1.36 0.16
3.932e-05 1.44 0.16
3.936e-05 1.6 0.16
3.94e-05 1.68 0.16
3.944e-05 1.68 0.24
3.948e-05 1.84 0.16
3.952e-05 1.84 0.16
3.956e-05 1.92 0.24
3.96e-05 1.92 0.32
3.964e-05 2.08 0.32
3.968e-05 2.08 0.32
3.972e-05 2.16 0.32
3.976e-05 2.24 0.32
3.98e-05 2.32 0.32
3.984e-05 2.4 0.32
3.988e-05 2.4 0.32
3.992e-05 2.56 0.32
3.996e-05 2.56 0.4
4e-05 2.64 0.32
4.004e-05 2.72 0.32
4.008e-05 2.72 0.4
4.012e-05 2.88 0.4
4.016e-05 2.88 0.4
4.02e-05 2.96 0.4
4.024e-05 3.04 0.48
4.028e-05 3.12 0.48
4.032e-05 3.2 0.48
4.036e-05 3.2 0.48
4.04e-05 3.28 0.48
4.044e-05 3.36 0.48
4.048e-05 3.36 0.56
4.052e-05 3.44 0.56
4.056e-05 3.52 0.48
4.06e-05 3.52 0.56
4.064e-05 3.6 0.56
4.068e-05 3.68 0.56
4.072e-05 3.68 0.48
4.076e-05 3.84 0.56
4.08e-05 3.84 0.56
4.084e-05 3.92 0.64
4.088e-05 3.92 0.64
4.092e-05 4 0.64
4.096e-05 4.08 0.64
4.1e-05 4.16 0.72
4.104e-05 4.16 0.64
4.108e-05 4.16 0.64
4.112e-05 4.24 0.64
4.116e-05 4.32 0.72
4.12e-05 4.32 0.72
4.124e-05 4.4 0.72
4.128e-05 4.48 0.72
4.132e-05 4.56 0.64
4.136e-05 4.56 0.72
4.14e-05 4.64 0.8
4.144e-05 4.64 0.8
4.148e-05 4.72 0.72
4.152e-05 4.8 0.8
4.156e-05 4.8 0.8
4.16e-05 4.88 0.8
4.164e-05 4.88 0.8
4.168e-05 4.96 0.8
4.172e-05 4.96 0.8
4.176e-05 4.96 0.8
4.18e-05 5.12 0.8
4.184e-05 5.12 0.8
4.188e-05 5.12 0.88
4.192e-05 5.12 0.88
4.196e-05 5.2 0.88
4.2e-05 5.2 0.88
4.204e-05 5.2 0.88
4.208e-05 5.36 0.96
4.212e-05 5.28 0.88
4.216e-05 5.44 0.88
4.22e-05 5.44 0.96
4.224e-05 5.44 0.96
4.228e-05 5.44 0.96
4.232e-05 5.44 0.88
4.236e-05 5.52 0.88
4.24e-05 5.52 0.96
4.244e-05 5.52 0.96
4.248e-05 5.6 1.04
4.252e-05 5.6 0.96
4.256e-05 5.6 0.96
4.26e-05 5.68 0.96
4.264e-05 5.68 0.96
4.268e-05 5.68 0.96
4.272e-05 5.76 0.96
4.276e-05 5.76 1.04
4.28e-05 5.76 0.96
4.284e-05 5.84 0.96
4.288e-05 5.84 0.96
4.292e-05 5.84 0.96
4.296e-05 5.84 1.04
4.3e-05 5.84 0.96
4.304e-05 5.84 0.96
4.308e-05 5.92 0.96
4.312e-05 5.92 1.04
4.316e-05 5.92 1.04
4.32e-05 5.92 1.04
4.324e-05 5.92 1.04
4.328e-05 5.92 0.96
4.332e-05 5.92 1.04
4.336e-05 6 0.96
4.34e-05 5.92 1.04
4.344e-05 5.92 0.96
4.348e-05 6 1.04
4.352e-05 5.92 1.12
4.356e-05 5.92 1.04
4.36e-05 6 0.96
4.364e-05 6 0.96
4.368e-05 6.08 1.12
4.372e-05 6 0.96
4.376e-05 6.08 1.04
4.38e-05 6 1.04
4.384e-05 6 1.04
4.388e-05 6 1.04
4.392e-05 5.92 1.04
4.396e-05 5.92 1.04
4.4e-05 5.92 1.04
4.404e-05 5.92 1.04
4.408e-05 5.92 1.04
4.412e-05 5.92 0.96
4.416e-05 5.92 1.04
4.42e-05 5.92 1.04
4.424e-05 5.92 1.04
4.428e-05 5.84 1.04
4.432e-05 5.92 0.96
4.436e-05 5.92 1.04
4.44e-05 5.92 1.04
4.444e-05 5.84 0.96
4.448e-05 5.84 1.04
4.452e-05 5.76 0.96
4.456e-05 5.76 1.04
4.46e-05 5.76 0.96
4.464e-05 5.76 1.04
4.468e-05 5.76 1.04
4.472e-05 5.76 1.04
4.476e-05 5.6 1.04
4.48e-05 5.6 0.96
4.484e-05 5.6 0.96
4.488e-05 5.52 0.96
4.492e-05 5.6 0.96
4.496e-05 5.6 0.96
4.5e-05 5.52 0.96
4.504e-05 5.52 0.96
4.508e-05 5.44 0.96
4.512e-05 5.44 0.96
4.516e-05 5.44 0.88
4.52e-05 5.44 0.96
4.524e-05 5.44 0.96
4.528e-05 5.28 0.96
4.532e-05 5.2 0.96
4.536e-05 5.2 0.88
4.54e-05 5.2 0.96
4.544e-05 5.12 0.96
4.548e-05 5.12 0.88
4.552e-05 5.04 0.96
4.556e-05 5.04 0.8
4.56e-05 4.96 0.96
4.564e-05 4.96 0.8
4.568e-05 4.88 0.96
4.572e-05 4.88 0.8
4.576e-05 4.88 0.88
4.58e-05 4.8 0.88
4.584e-05 4.8 0.8
4.588e-05 4.72 0.8
4.592e-05 4.64 0.8
4.596e-05 4.64 0.88
4.6e-05 4.64 0.88
4.604e-05 4.56 0.8
4.608e-05 4.48 0.8
4.612e-05 4.4 0.8
4.616e-05 4.48 0.8
4.62e-05 4.32 0.72
4.624e-05 4.24 0.72
4.628e-05 4.16 0.72
4.632e-05 4.16 0.72
4.636e-05 4.16 0.8
4.64e-05 4.16 0.64
4.644e-05 4 0.64
4.648e-05 3.92 0.64
4.652e-05 3.92 0.72
4.656e-05 3.84 0.64
4.66e-05 3.84 0.64
4.664e-05 3.76 0.72
4.668e-05 3.68 0.72
4.672e-05 3.68 0.64
4.676e-05 3.6 0.56
4.68e-05 3.52 0.56
4.684e-05 3.44 0.64
4.688e-05 3.36 0.64
4.692e-05 3.28 0.56
4.696e-05 3.28 0.56
4.7e-05 3.2 0.56
4.704e-05 3.2 0.64
4.708e-05 3.04 0.48
4.712e-05 3.04 0.56
4.716e-05 2.96 0.48
4.72e-05 2.88 0.56
4.724e-05 2.88 0.48
4.728e-05 2.72 0.48
4.732e-05 2.72 0.48
4.736e-05 2.64 0.48
4.74e-05 2.56 0.48
4.744e-05 2.56 0.4
4.748e-05 2.4 0.4
4.752e-05 2.4 0.4
4.756e-05 2.32 0.4
4.76e-05 2.24 0.4
4.764e-05 2.16 0.32
4.768e-05 2.08 0.4
4.772e-05 2 0.32
4.776e-05 1.92 0.4
4.78e-05 1.92 0.32
4.784e-05 1.84 0.32
4.788e-05 1.76 0.32
4.792e-05 1.68 0.32
4.796e-05 1.6 0.32
4.8e-05 1.6 0.24
4.804e-05 1.44 0.24
4.808e-05 1.36 0.24
4.812e-05 1.36 0.24
4.816e-05 1.28 0.16
4.82e-05 1.2 0.16
4.824e-05 1.12 0.24
4.828e-05 1.04 0.16
4.832e-05 0.96 0.16
4.836e-05 0.96 0.16
4.84e-05 0.8 0.16
4.844e-05 0.8 0.16
4.848e-05 0.72 0.08
4.852e-05 0.64 0.08
4.856e-05 0.48 0
4.86e-05 0.48 0.08
4.864e-05 0.4 0.16
4.868e-05 0.32 0.08
4.872e-05 0.32 0
4.876e-05 0.16 0
4.88e-05 0.08 0.08
4.884e-05 0 0
4.888e-05 0 0
4.892e-05 -0.16 0
4.896e-05 -0.24 0
4.9e-05 -0.32 0
4.904e-05 -0.4 0
4.908e-05 -0.48 -0.16
4.912e-05 -0.56 0
4.916e-05 -0.64 0
4.92e-05 -0.64 -0.16
4.924e-05 -0.72 -0.24
4.928e-05 -0.88 -0.24
4.932e-05 -0.88 -0.24
4.936e-05 -0.96 -0.24
4.94e-05 -1.04 -0.24
4.944e-05 -1.2 -0.32
4.948e-05 -1.2 -0.24
4.952e-05 -1.28 -0.24
4.956e-05 -1.36 -0.32
4.96e-05 -1.36 -0.32
4.964e-05 -1.52 -0.4
4.968e-05 -1.52 -0.32
4.972e-05 -1.68 -0.32
4.976e-05 -1.68 -0.32
4.98e-05 -1.76 -0.4
4.984e-05 -1.84 -0.4
4.988e-05 -1.92 -0.32
4.992e-05 -2 -0.4
4.996e-05 -2 -0.4
5e-05 -2.08 -0.48
5.004e-05 -2.16 -0.4
5.008e-05 -2.24 -0.4
5.012e-05 -2.32 -0.48
5.016e-05 -2.32 -0.48
5.02e-05 -2.48 -0.4
5.024e-05 -2.48 -0.48
5.028e-05 -2.64 -0.56
5.032e-05 -2.64 -0.56
5.036e-05 -2.72 -0.56
5.04e-05 -2.8 -0.56
5.044e-05 -2.88 -0.56
5.048e-05 -2.88 -0.64
5.052e-05 -2.96 -0.64
5.056e-05 -3.04 -0.56
5.06e-05 -3.12 -0.56
5.064e-05 -3.2 -0.64
5.068e-05 -3.28 -0.64
5.072e-05 -3.28 -0.64
5.076e-05 -3.28 -0.64
5.08e-05 -3.44 -0.64
5.084e-05 -3.52 -0.72
5.088e-05 -3.52 -0.72
5.092e-05 -3.6 -0.72
5.096e-05 -3.6 -0.72
5.1e-05 -3.6 -0.72
5.104e-05 -3.84 -0.8
5.108e-05 -3.84 -0.72
5.112e-05 -3.92 -0.72
5.116e-05 -3.92 -0.8
5.12e-05 -3.92 -0.72
5.124e-05 -4.08 -0.8
5.128e-05 -4.08 -0.72
5.132e-05 -4.16 -0.88
5.136e-05 -4.24 -0.88
5.14e-05 -4.24 -0.88
5.144e-05 -4.32 -0.8
5.148e-05 -4.4 -0.8
5.152e-05 -4.4 -0.88
5.156e-05 -4.48 -0.88
5.16e-05 -4.48 -0.88
5.164e-05 -4.56 -0.88
5.168e-05 -4.64 -0.88
5.172e-05 -4.72 -0.88
5.176e-05 -4.72 -0.88
5.18e-05 -4.72 -0.96
5.184e-05 -4.8 -0.96
5.188e-05 -4.88 -0.96
5.192e-05 -4.88 -0.96
5.196e-05 -4.88 -0.96
5.2e-05 -4.96 -0.96
5.204e-05 -5.04 -0.96
5.208e-05 -5.04 -1.04
5.212e-05 -5.12 -0.96
5.216e-05 -5.12 -1.04
5.22e-05 -5.2 -1.04
5.224e-05 -5.2 -1.04
5.228e-05 -5.2 -1.04
5.232e-05 -5.28 -1.04
5.236e-05 -5.36 -1.04
5.24e-05 -5.36 -1.04
5.244e-05 -5.44 -1.12
5.248e-05 -5.44 -1.12
5.252e-05 -5.44 -1.04
5.256e-05 -5.52 -1.04
5.26e-05 -5.52 -1.04
5.264e-05 -5.52 -1.04
5.268e-05 -5.52 -1.04
5.272e-05 -5.68 -1.04
5.276e-05 -5.68 -1.12
5.28e-05 -5.68 -1.04
5.284e-05 -5.68 -1.12
5.288e-05 -5.76 -1.12
5.292e-05 -5.68 -1.2
5.296e-05 -5.76 -1.12
5.3e-05 -5.84 -1.12
5.304e-05 -5.84 -1.12
5.308e-05 -5.84 -1.12
5.312e-05 -5.84 -1.2
5.316e-05 -5.84 -1.2
5.32e-05 -5.84 -1.12
5.324e-05 -5.92 -1.12
5.328e-05 -5.92 -1.12
5.332e-05 -6 -1.2
5.336e-05 -6 -1.2
5.34e-05 -6 -1.2
5.344e-05 -6 -1.12
5.348e-05 -6 -1.2
5.352e-05 -6 -1.2
5.356e-05 -6.08 -1.2
5.36e-05 -6.08 -1.2
5.364e-05 -6.08 -1.2
5.368e-05 -6.08 -1.2
5.372e-05 -6.08 -1.28
5.376e-05 -6.08 -1.2
5.38e-05 -6.08 -1.2
5.384e-05 -6.16 -1.2
5.388e-05 -6.08 -1.2
5.392e-05 -6.08 -1.2
5.396e-05 -6.08 -1.2
5.4e-05 -6.08 -1.28
5.404e-05 -6.08 -1.2
5.408e-05 -6.08 -1.2
5.412e-05 -6.08 -1.2
5.416e-05 -6.16 -1.2
5.42e-05 -6.08 -1.2
5.424e-05 -6.08 -1.2
5.428e-05 -6.08 -1.2
5.432e-05 -6.08 -1.2
5.436e-05 -6.08 -1.28
5.44e-05 -6.08 -1.2
5.444e-05 -6.08 -1.2
5.448e-05 -6.08 -1.2
5.452e-05 -6 -1.2
5.456e-05 -6 -1.2
5.46e-05 -6 -1.2
5.464e-05 -6 -1.2
5.468e-05 -6 -1.2
5.472e-05 -6 -1.2
5.476e-05 -6 -1.2
5.48e-05 -6 -1.2
5.484e-05 -6 -1.2
5.488e-05 -5.92 -1.2
5.492e-05 -5.84 -1.2
5.496e-05 -5.84 -1.2
5.5e-05 -5.84 -1.2
5.504e-05 -5.84 -1.2
5.508e-05 -5.84 -1.2
5.512e-05 -5.76 -1.12
5.516e-05 -5.76 -1.12
5.52e-05 -5.68 -1.12
5.524e-05 -5.68 -1.12
5.528e-05 -5.68 -1.2
5.532e-05 -5.68 -1.2
5.536e-05 -5.68 -1.12
5.54e-05 -5.68 -1.12
5.544e-05 -5.6 -1.2
5.548e-05 -5.52 -1.12
5.552e-05 -5.44 -1.12
5.556e-05 -5.52 -1.2
5.56e-05 -5.44 -1.2
5.564e-05 -5.44 -1.04
5.568e-05 -5.36 -1.12
5.572e-05 -5.36 -1.04
5.576e-05 -5.28 -1.04
5.58e-05 -5.2 -1.04
5.584e-05 -5.2 -1.04
5.588e-05 -5.2 -1.04
5.592e-05 -5.2 -1.04
5.596e-05 -5.12 -1.12
5.6e-05 -5.12 -1.04
5.604e-05 -5.04 -1.04
5.608e-05 -5.04 -1.04
5.612e-05 -4.88 -1.04
5.616e-05 -4.88 -1.04
5.62e-05 -4.88 -1.04
5.624e-05 -4.8 -0.96
5.628e-05 -4.8 -0.96
5.632e-05 -4.72 -1.04
5.636e-05 -4.72 -1.04
5.64e-05 -4.56 -0.96
5.644e-05 -4.56 -0.96
5.648e-05 -4.56 -0.96
5.652e-05 -4.48 -1.04
5.656e-05 -4.4 -0.96
5.66e-05 -4.4 -0.96
5.664e-05 -4.4 -0.96
5.668e-05 -4.24 -0.96
5.672e-05 -4.24 -0.96
5.676e-05 -4.16 -0.88
5.68e-05 -4.16 -0.88
5.684e-05 -4.08 -0.96
5.688e-05 -3.92 -0.88
5.692e-05 -3.92 -0.88
5.696e-05 -3.92 -0.8
5.7e-05 -3.92 -0.88
5.704e-05 -3.76 -0.88
5.708e-05 -3.76 -0.88
5.712e-05 -3.68 -0.8
5.716e-05 -3.6 -0.8
5.72e-05 -3.6 -0.88
5.724e-05 -3.52 -0.8
5.728e-05 -3.44 -0.8
5.732e-05 -3.44 -0.72
5.736e-05 -3.28 -0.64
5.74e-05 -3.28 -0.72
5.744e-05 -3.28 -0.72
5.748e-05 -3.12 -0.64
5.752e-05 -3.12 -0.72
5.756e-05 -2.96 -0.72
5.76e-05 -2.96 -0.64
5.764e-05 -2.88 -0.64
5.768e-05 -2.8 -0.64
5.772e-05 -2.8 -0.64
5.776e-05 -2.64 -0.64
5.78e-05 -2.64 -0.64
5.784e-05 -2.56 -0.56
5.788e-05 -2.56 -0.64
5.792e-05 -2.32 -0.64
5.796e-05 -2.32 -0.56
5.8e-05 -2.32 -0.56
5.804e-05 -2.24 -0.56
5.808e-05 -2.16 -0.56
5.812e-05 -2.08 -0.56
5.816e-05 -2 -0.56
5.82e-05 -1.92 -0.48
5.824e-05 -1.84 -0.48
5.828e-05 -1.84 -0.48
5.832e-05 -1.68 -0.48
5.836e-05 -1.68 -0.48
5.84e-05 -1.6 -0.4
5.844e-05 -1.52 -0.48
5.848e-05 -1.44 -0.48
5.852e-05 -1.36 -0.4
5.856e-05 -1.36 -0.32
5.86e-05 -1.28 -0.4
5.864e-05 -1.12 -0.4
5.868e-05 -1.12 -0.32
5.872e-05 -1.04 -0.32
5.876e-05 -0.96 -0.32
5.88e-05 -0.88 -0.32
5.884e-05 -0.88 -0.32
5.888e-05 -0.72 -0.24
5.892e-05 -0.64 -0.24
5.896e-05 -0.56 -0.24
5.9e-05 -0.56 -0.24
5.904e-05 -0.48 -0.24
5.908e-05 -0.32 -0.24
5.912e-05 -0.24 -0.24
5.916e-05 -0.24 -0.16
5.92e-05 -0.16 -0.24
5.924e-05 0 0
5.928e-05 0.08 -0.16
5.932e-05 0.16 -0.16
5.936e-05 0.24 -0.16
5.94e-05 0.32 0
5.944e-05 0.32 -0.16
5.948e-05 0.4 -0.16
5.952e-05 0.48 0
5.956e-05 0.48 0
5.96e-05 0.64 0
5.964e-05 0.72 0.08
5.968e-05 0.8 0
5.972e-05 0.8 0.08
5.976e-05 0.96 0.08
5.98e-05 0.96 0.08
5.984e-05 1.04 0.08
5.988e-05 1.12 0.08
5.992e-05 1.12 0.16
5.996e-05 1.28 0.16
6e-05 1.36 0.16
6.004e-05 1.44 0.16
6.008e-05 1.44 0.16
6.012e-05 1.6 0.16
6.016e-05 1.6 0.16
6.02e-05 1.68 0.16
6.024e-05 1.76 0.32
6.028e-05 1.76 0.24
6.032e-05 1.92 0.24
6.036e-05 2 0.24
6.04e-05 2.08 0.32
6.044e-05 2.08 0.24
6.048e-05 2.24 0.32
6.052e-05 2.24 0.32
6.056e-05 2.32 0.32
6.06e-05 2.4 0.32
6.064e-05 2.48 0.4
6.068e-05 2.56 0.32
6.072e-05 2.56 0.32
6.076e-05 2.64 0.32
6.08e-05 2.72 0.4
6.084e-05 2.88 0.48
6.088e-05 2.88 0.4
6.092e-05 2.88 0.4
6.096e-05 2.96 0.4
6.1e-05 3.04 0.4
6.104e-05 3.2 0.48
6.108e-05 3.2 0.48
6.112e-05 3.28 0.48
6.116e-05 3.28 0.48
6.12e-05 3.28 0.48
6.124e-05 3.44 0.48
6.128e-05 3.52 0.48
6.132e-05 3.52 0.56
6.136e-05 3.52 0.56
6.14e-05 3.68 0.56
6.144e-05 3.68 0.56
6.148e-05 3.76 0.64
6.152e-05 3.84 0.64
6.156e-05 3.84 0.64
6.16e-05 3.92 0.64
6.164e-05 3.92 0.64
6.168e-05 4 0.64
6.172e-05 4.16 0.64
6.176e-05 4.16 0.64
6.18e-05 4.24 0.64
6.184e-05 4.24 0.64
6.188e-05 4.24 0.72
6.192e-05 4.32 0.72
6.196e-05 4.48 0.72
6.2e-05 4.48 0.72
6.204e-05 4.48 0.72
6.208e-05 4.56 0.8
6.212e-05 4.64 0.8
6.216e-05 4.64 0.72
6.22e-05 4.64 0.72
6.224e-05 4.72 0.8
6.228e-05 4.8 0.8
6.232e-05 4.8 0.8
6.236e-05 4.88 0.8
6.24e-05 4.88 0.8
6.244e-05 4.96 0.8
6.248e-05 4.96 0.8
6.252e-05 4.96 0.8
6.256e-05 5.04 0.88
6.26e-05 5.12 0.8
6.264e-05 5.12 0.8
6.268e-05 5.12 0.8
6.272e-05 5.12 0.88
6.276e-05 5.2 0.88
6.28e-05 5.28 0.88
6.284e-05 5.28 0.88
6.288e-05 5.28 0.88
6.292e-05 5.44 0.88
6.296e-05 5.44 0.96
6.3e-05 5.44 0.88
6.304e-05 5.44 0.88
6.308e-05 5.52 0.96
6.312e-05 5.52 0.96
6.316e-05 5.6 0.96
6.32e-05 5.6 0.88
6.324e-05 5.6 0.96
6.328e-05 5.68 0.96
6.332e-05 5.68 0.96
6.336e-05 5.76 0.96
6.34e-05 5.76 0.96
6.344e-05 5.76 0.96
6.348e-05 5.76 0.96
6.352e-05 5.76 1.04
6.356e-05 5.76 0.96
6.36e-05 5.84 0.96
6.364e-05 5.84 1.04
6.368e-05 5.84 1.04
6.372e-05 5.84 1.04
6.376e-05 5.92 0.96
6.38e-05 5.84 1.04
6.384e-05 5.92 1.04
6.388e-05 5.92 1.04
6.392e-05 5.92 0.96
6.396e-05 5.92 1.04
6.4e-05 5.92 1.04
6.404e-05 5.92 1.04
6.408e-05 5.92 1.04
6.412e-05 5.92 0.96
6.416e-05 6 1.04
6.42e-05 6 1.04
6.424e-05 6 1.04
6.428e-05 6 1.04
6.432e-05 6 0.96
6.436e-05 6 1.04
6.44e-05 6.08 1.04
6.444e-05 6 1.04
6.448e-05 5.92 1.04
6.452e-05 5.92 1.04
6.456e-05 6 1.04
6.46e-05 6 1.04
6.464e-05 6 1.04
6.468e-05 5.92 0.96
6.472e-05 6 1.04
6.476e-05 5.92 1.04
6.48e-05 5.92 1.04
6.484e-05 5.92 1.04
6.488e-05 5.92 1.04
6.492e-05 5.92 1.04
6.496e-05 5.92 1.04
6.5e-05 5.92 1.04
6.504e-05 5.92 1.04
6.508e-05 5.84 1.04
6.512e-05 5.84 1.04
6.516e-05 5.84 0.96
6.52e-05 5.84 0.96
6.524e-05 5.76 1.04
6.528e-05 5.84 1.04
6.532e-05 5.84 1.04
6.536e-05 5.76 0.96
6.54e-05 5.76 0.96
6.544e-05 5.76 1.04
6.548e-05 5.76 1.04
6.552e-05 5.6 1.04
6.556e-05 5.6 0.96
6.56e-05 5.6 0.96
6.564e-05 5.6 0.96
6.568e-05 5.52 0.96
6.572e-05 5.52 0.96
6.576e-05 5.52 0.96
6.58e-05 5.44 0.96
6.584e-05 5.44 0.96
6.588e-05 5.44 0.96
6.592e-05 5.44 0.96
6.596e-05 5.36 0.96
6.6e-05 5.28 0.96
6.604e-05 5.28 0.88
6.608e-05 5.28 0.88
6.612e-05 5.2 0.88
6.616e-05 5.2 0.96
6.62e-05 5.12 0.88
6.624e-05 5.12 0.88
6.628e-05 5.12 0.88
6.632e-05 5.04 0.88
6.636e-05 4.96 0.96
6.64e-05 4.96 0.8
6.644e-05 4.96 0.8
6.648e-05 4.88 0.88
6.652e-05 4.8 0.88
6.656e-05 4.8 0.88
6.66e-05 4.8 0.8
6.664e-05 4.72 0.88
6.668e-05 4.64 0.8
6.672e-05 4.64 0.8
6.676e-05 4.64 0.8
6.68e-05 4.48 0.8
6.684e-05 4.48 0.8
6.688e-05 4.32 0.8
6.692e-05 4.32 0.8
6.696e-05 4.32 0.72
6.7e-05 4.24 0.72
6.704e-05 4.16 0.8
6.708e-05 4.16 0.72
6.712e-05 4.16 0.72
6.716e-05 4 0.72
6.72e-05 4 0.72
6.724e-05 4 0.8
6.728e-05 3.84 0.64
6.732e-05 3.84 0.72
6.736e-05 3.76 0.56
6.74e-05 3.76 0.72
6.744e-05 3.68 0.64
6.748e-05 3.6 0.64
6.752e-05 3.52 0.64
6.756e-05 3.52 0.64
6.76e-05 3.44 0.64
6.764e-05 3.36 0.56
6.768e-05 3.28 0.64
6.772e-05 3.28 0.64
6.776e-05 3.2 0.64
6.78e-05 3.2 0.56
6.784e-05 3.04 0.48
6.788e-05 2.96 0.56
6.792e-05 2.96 0.48
6.796e-05 2.88 0.56
6.8e-05 2.88 0.4
6.804e-05 2.72 0.48
6.808e-05 2.64 0.48
6.812e-05 2.56 0.48
6.816e-05 2.56 0.48
6.82e-05 2.56 0.4
6.824e-05 2.4 0.48
6.828e-05 2.32 0.4
6.832e-05 2.32 0.4
6.836e-05 2.24 0.4
6.84e-05 2.16 0.32
6.844e-05 2.08 0.32
6.848e-05 2 0.32
6.852e-05 1.92 0.32
6.856e-05 1.84 0.32
6.86e-05 1.76 0.32
6.864e-05 1.76 0.32
6.868e-05 1.6 0.24
6.872e-05 1.6 0.32
6.876e-05 1.52 0.24
6.88e-05 1.44 0.32
6.884e-05 1.36 0.32
6.888e-05 1.36 0.24
6.892e-05 1.28 0.16
6.896e-05 1.12 0.16
6.9e-05 1.12 0.24
6.904e-05 1.04 0.16
6.908e-05 0.96 0.16
6.912e-05 0.96 0.16
6.916e-05 0.8 0.16
6.92e-05 0.72 0.16
6.924e-05 0.64 0.08
6.928e-05 0.64 0.08
6.932e-05 0.48 0.08
6.936e-05 0.4 0.08
6.94e-05 0.32 0.08
6.944e-05 0.32 0
6.948e-05 0.32 0.08
6.952e-05 0.16 0
6.956e-05 0.08 0
6.96e-05 0 0
6.964e-05 0 0
6.968e-05 -0.24 0
6.972e-05 -0.32 -0.16
6.976e-05 -0.4 -0.16
6.98e-05 -0.4 -0.16
6.984e-05 -0.48 -0.16
6.988e-05 -0.56 0
6.992e-05 -0.64 -0.16
6.996e-05 -0.72 -0.24
7e-05 -0.72 -0.24
7.004e-05 -0.88 -0.16
7.008e-05 -0.96 -0.16
7.012e-05 -1.04 -0.24
7.016e-05 -1.04 -0.24
7.02e-05 -1.2 -0.32
7.024e-05 -1.28 -0.24
7.028e-05 -1.28 -0.32
7.032e-05 -1.36 -0.32
7.036e-05 -1.36 -0.32
7.04e-05 -1.52 -0.32
7.044e-05 -1.6 -0.32
7.048e-05 -1.68 -0.4
7.052e-05 -1.68 -0.4
7.056e-05 -1.84 -0.4
7.06e-05 -1.92 -0.32
7.064e-05 -1.92 -0.4
7.068e-05 -2 -0.4
7.072e-05 -2 -0.4
7.076e-05 -2.16 -0.4
7.08e-05 -2.24 -0.4
7.084e-05 -2.32 -0.48
7.088e-05 -2.32 -0.56
7.092e-05 -2.4 -0.48
7.096e-05 -2.48 -0.4
7.1e-05 -2.56 -0.48
7.104e-05 -2.64 -0.56
7.108e-05 -2.64 -0.56
7.112e-05 -2.8 -0.48
7.116e-05 -2.8 -0.56
7.12e-05 -2.88 -0.56
7.124e-05 -2.96 -0.64
7.128e-05 -2.96 -0.56
7.132e-05 -3.04 -0.64
7.136e-05 -3.12 -0.64
7.14e-05 -3.2 -0.64
7.144e-05 -3.28 -0.72
7.148e-05 -3.28 -0.64
7.152e-05 -3.44 -0.72
7.156e-05 -3.44 -0.72
7.16e-05 -3.52 -0.64
7.164e-05 -3.52 -0.64
7.168e-05 -3.6 -0.72
7.172e-05 -3.6 -0.8
7.176e-05 -3.68 -0.72
7.18e-05 -3.84 -0.72
7.184e-05 -3.84 -0.72
7.188e-05 -3.92 -0.72
7.192e-05 -3.92 -0.8
7.196e-05 -4 -0.8
7.2e-05 -4.08 -0.8
7.204e-05 -4.08 -0.8
7.208e-05 -4.24 -0.88
7.212e-05 -4.24 -0.88
7.216e-05 -4.24 -0.88
7.22e-05 -4.24 -0.8
7.224e-05 -4.4 -0.88
7.228e-05 -4.4 -0.88
7.232e-05 -4.48 -0.88
7.236e-05 -4.48 -0.88
7.24e-05 -4.56 -0.88
7.244e-05 -4.64 -0.96
7.248e-05 -4.72 -0.96
7.252e-05 -4.72 -0.88
7.256e-05 -4.8 -0.96
7.26e-05 -4.8 -0.96
7.264e-05 -4.88 -0.96
7.268e-05 -4.88 -0.96
7.272e-05 -4.96 -0.96
7.276e-05 -4.96 -1.04
7.28e-05 -5.04 -0.96
7.284e-05 -5.12 -1.04
7.288e-05 -5.12 -0.96
7.292e-05 -5.12 -0.96
7.296e-05 -5.2 -0.96
7.3e-05 -5.2 -1.04
7.304e-05 -5.28 -1.04
7.308e-05 -5.2 -1.04
7.312e-05 -5.36 -1.04
7.316e-05 -5.36 -1.04
7.32e-05 -5.36 -1.04
7.324e-05 -5.44 -1.04
7.328e-05 -5.52 -1.04
7.332e-05 -5.52 -1.12
7.336e-05 -5.52 -1.12
7.34e-05 -5.52 -1.12
7.344e-05 -5.6 -1.04
7.348e-05 -5.52 -1.04
7.352e-05 -5.68 -1.12
7.356e-05 -5.68 -1.04
7.36e-05 -5.76 -1.04
7.364e-05 -5.76 -1.12
7.368e-05 -5.68 -1.12
7.372e-05 -5.76 -1.2
7.376e-05 -5.76 -1.12
7.38e-05 -5.76 -1.12
7.384e-05 -5.84 -1.2
7.388e-05 -5.84 -1.2
7.392e-05 -5.84 -1.2
7.396e-05 -5.84 -1.12
7.4e-05 -5.92 -1.2
7.404e-05 -5.92 -1.2
7.408e-05 -5.92 -1.2
7.412e-05 -6 -1.12
7.416e-05 -6 -1.2
7.42e-05 -6 -1.2
7.424e-05 -6.08 -1.28
7.428e-05 -6 -1.2
7.432e-05 -6.08 -1.2
7.436e-05 -6.08 -1.28
7.44e-05 -6.08 -1.2
7.444e-05 -6.08 -1.2
7.448e-05 -6.08 -1.2
7.452e-05 -6.08 -1.2
7.456e-05 -6.08 -1.2
7.46e-05 -6.08 -1.2
7.464e-05 -6.08 -1.2
7.468e-05 -6.08 -1.2
7.472e-05 -6.16 -1.2
7.476e-05 -6.08 -1.28
7.48e-05 -6.08 -1.2
7.484e-05 -6.08 -1.2
7.488e-05 -6.16 -1.2
7.492e-05 -6.08 -1.2
7.496e-05 -6.16 -1.28
7.5e-05 -6.08 -1.28
7.504e-05 -6.08 -1.2
7.508e-05 -6.08 -1.2
7.512e-05 -6.16 -1.28
7.516e-05 -6.08 -1.2
7.52e-05 -6.08 -1.2
7.524e-05 -6.08 -1.28
7.528e-05 -6.08 -1.28
7.532e-05 -6.08 -1.28
7.536e-05 -6 -1.2
7.54e-05 -6 -1.2
7.544e-05 -6 -1.2
7.548e-05 -6 -1.28
7.552e-05 -6 -1.2
7.556e-05 -6 -1.12
7.56e-05 -5.92 -1.2
7.564e-05 -5.84 -1.2
7.568e-05 -5.84 -1.2
7.572e-05 -5.84 -1.12
7.576e-05 -5.84 -1.12
7.58e-05 -5.84 -1.2
7.584e-05 -5.76 -1.12
7.588e-05 -5.76 -1.2
7.592e-05 -5.76 -1.2
7.596e-05 -5.76 -1.2
7.6e-05 -5.68 -1.2
7.604e-05 -5.68 -1.12
7.608e-05 -5.68 -1.12
7.612e-05 -5.52 -1.12
7.616e-05 -5.68 -1.2
7.62e-05 -5.52 -1.12
7.624e-05 -5.52 -1.12
7.628e-05 -5.52 -1.12
7.632e-05 -5.44 -1.04
7.636e-05 -5.44 -1.04
7.64e-05 -5.36 -1.04
7.644e-05 -5.36 -1.04
7.648e-05 -5.36 -1.04
7.652e-05 -5.2 -1.04
7.656e-05 -5.2 -1.04
7.66e-05 -5.2 -1.04
7.664e-05 -5.2 -1.04
7.668e-05 -5.12 -1.04
7.672e-05 -5.12 -1.04
7.676e-05 -5.04 -1.04
7.68e-05 -5.04 -1.04
7.684e-05 -5.04 -1.04
7.688e-05 -4.88 -1.04
7.692e-05 -4.88 -1.04
7.696e-05 -4.88 -0.96
7.7e-05 -4.8 -0.96
7.704e-05 -4.72 -1.04
7.708e-05 -4.72 -0.96
7.712e-05 -4.72 -0.96
7.716e-05 -4.56 -0.96
7.72e-05 -4.56 -0.96
7.724e-05 -4.56 -0.96
7.728e-05 -4.48 -0.88
7.732e-05 -4.4 -0.96
7.736e-05 -4.4 -0.96
7.74e-05 -4.32 -1.04
7.744e-05 -4.32 -0.88
7.748e-05 -4.24 -0.88
7.752e-05 -4.16 -0.88
7.756e-05 -4.08 -0.88
7.76e-05 -4.08 -0.96
7.764e-05 -3.92 -0.88
7.768e-05 -3.92 -0.8
7.772e-05 -3.92 -0.88
7.776e-05 -3.84 -0.88
7.78e-05 -3.76 -0.88
7.784e-05 -3.68 -0.88
7.788e-05 -3.6 -0.8
7.792e-05 -3.6 -0.8
7.796e-05 -3.52 -0.8
7.8e-05 -3.52 -0.72
7.804e-05 -3.44 -0.72
7.808e-05 -3.36 -0.72
7.812e-05 -3.28 -0.72
7.816e-05 -3.2 -0.72
7.82e-05 -3.2 -0.64
7.824e-05 -3.12 -0.72
7.828e-05 -3.04 -0.72
7.832e-05 -3.04 -0.72
7.836e-05 -2.96 -0.64
7.84e-05 -2.88 -0.64
7.844e-05 -2.8 -0.64
7.848e-05 -2.8 -0.64
7.852e-05 -2.64 -0.64
7.856e-05 -2.56 -0.56
7.86e-05 -2.56 -0.56
7.864e-05 -2.48 -0.56
7.868e-05 -2.4 -0.56
7.872e-05 -2.32 -0.56
7.876e-05 -2.24 -0.56
7.88e-05 -2.16 -0.56
7.884e-05 -2.16 -0.56
7.888e-05 -2 -0.56
7.892e-05 -2 -0.48
7.896e-05 -1.92 -0.48
7.9e-05 -1.84 -0.56
7.904e-05 -1.84 -0.48
7.908e-05 -1.68 -0.48
7.912e-05 -1.68 -0.4
7.916e-05 -1.52 -0.4
7.92e-05 -1.52 -0.4
7.924e-05 -1.36 -0.4
7.928e-05 -1.36 -0.32
7.932e-05 -1.28 -0.4
7.936e-05 -1.2 -0.4
7.94e-05 -1.2 -0.4
7.944e-05 -1.04 -0.32
7.948e-05 -1.04 -0.32
7.952e-05 -0.88 -0.32
7.956e-05 -0.88 -0.32
7.96e-05 -0.8 -0.32
7.964e-05 -0.72 -0.24
7.968e-05 -0.64 -0.24
7.972e-05 -0.56 -0.24
7.976e-05 -0.48 -0.24
7.98e-05 -0.4 -0.24
7.984e-05 -0.32 -0.24
7.988e-05 -0.24 -0.24
7.992e-05 -0.16 -0.16
7.996e-05 0 -0.16
8e-05 0 -0.16
8.004e-05 0.08 -0.24
8.008e-05 0.16 -0.16
8.012e-05 0.24 0
8.016e-05 0.32 0
8.02e-05 0.32 0
8.024e-05 0.48 0
8.028e-05 0.48 0
8.032e-05 0.64 0
8.036e-05 0.64 0.08
8.04e-05 0.8 0
8.044e-05 0.8 0
8.048e-05 0.8 0.08
8.052e-05 0.96 0
8.056e-05 0.96 0.08
8.06e-05 1.12 0.08
8.064e-05 1.12 0.08
8.068e-05 1.28 0.16
8.072e-05 1.28 0.08
8.076e-05 1.36 0.16
8.08e-05 1.44 0.16
8.084e-05 1.6 0.16
8.088e-05 1.6 0.24
8.092e-05 1.6 0.16
8.096e-05 1.68 0.24
8.1e-05 1.76 0.24
8.104e-05 1.92 0.32
8.108e-05 1.92 0.24
8.112e-05 2 0.24
8.116e-05 2.08 0.32
8.12e-05 2.16 0.32
8.124e-05 2.24 0.32
8.128e-05 2.32 0.24
8.132e-05 2.32 0.32
8.136e-05 2.4 0.32
8.14e-05 2.48 0.32
8.144e-05 2.56 0.32
8.148e-05 2.64 0.4
8.152e-05 2.72 0.4
8.156e-05 2.72 0.4
8.16e-05 2.88 0.4
8.164e-05 2.88 0.4
8.168e-05 2.88 0.4
8.172e-05 3.04 0.4
8.176e-05 3.12 0.48
8.18e-05 3.2 0.48
8.184e-05 3.2 0.48
8.188e-05 3.28 0.48
8.192e-05 3.28 0.48
8.196e-05 3.36 0.48
8.2e-05 3.44 0.48
8.204e-05 3.52 0.48
8.208e-05 3.6 0.64
8.212e-05 3.6 0.56
8.216e-05 3.68 0.56
8.22e-05 3.68 0.56
8.224e-05 3.84 0.56
8.228e-05 3.84 0.64
8.232e-05 3.92 0.64
8.236e-05 3.92 0.64
8.24e-05 4 0.64
8.244e-05 4 0.64
8.248e-05 4.16 0.64
8.252e-05 4.16 0.64
8.256e-05 4.24 0.72
8.26e-05 4.24 0.72
8.264e-05 4.32 0.72
8.268e-05 4.32 0.72
8.272e-05 4.48 0.72
8.276e-05 4.48 0.72
8.28e-05 4.48 0.8
8.284e-05 4.56 0.72
8.288e-05 4.64 0.72
8.292e-05 4.64 0.72
8.296e-05 4.64 0.72
8.3e-05 4.8 0.8
8.304e-05 4.8 0.8
8.308e-05 4.88 0.8
8.312e-05 4.88 0.8
8.316e-05 4.96 0.8
8.32e-05 4.96 0.8
8.324e-05 4.96 0.8
8.328e-05 5.04 0.8
8.332e-05 5.12 0.8
8.336e-05 5.12 0.88
8.34e-05 5.12 0.88
8.344e-05 5.12 0.8
8.348e-05 5.2 0.88
8.352e-05 5.2 0.88
8.356e-05 5.28 0.8
8.36e-05 5.36 0.88
8.364e-05 5.28 0.96
8.368e-05 5.36 0.96
8.372e-05 5.44 0.96
8.376e-05 5.44 0.8
8.38e-05 5.44 0.96
8.384e-05 5.52 0.88
8.388e-05 5.52 0.96
8.392e-05 5.52 0.96
8.396e-05 5.6 0.96
8.4e-05 5.6 0.96
8.404e-05 5.6 0.96
8.408e-05 5.76 0.96
8.412e-05 5.76 0.96
8.416e-05 5.76 0.96
8.42e-05 5.76 0.96
8.424e-05 5.76 1.04
8.428e-05 5.76 0.96
8.432e-05 5.84 0.96
8.436e-05 5.84 0.96
8.44e-05 5.84 1.04
8.444e-05 5.84 1.04
8.448e-05 5.92 0.96
8.452e-05 5.84 0.96
8.456e-05 5.84 1.04
8.46e-05 5.92 1.04
8.464e-05 5.92 1.04
8.468e-05 5.92 0.96
8.472e-05 5.92 1.04
8.476e-05 5.92 1.04
8.48e-05 5.92 1.04
8.484e-05 5.92 1.04
8.488e-05 6 0.96
8.492e-05 5.92 1.04
8.496e-05 6.08 1.04
8.5e-05 5.92 1.04
8.504e-05 6.08 1.04
8.508e-05 6 1.04
8.512e-05 6.08 1.04
8.516e-05 6 0.96
8.52e-05 6 0.96
8.524e-05 6 1.04
8.528e-05 6.08 1.04
8.532e-05 6 1.04
8.536e-05 6 1.04
8.54e-05 6 1.04
8.544e-05 6 1.04
8.548e-05 5.92 1.04
8.552e-05 5.92 1.04
8.556e-05 5.92 1.04
8.56e-05 5.92 1.04
8.564e-05 5.92 1.04
8.568e-05 5.92 1.04
8.572e-05 5.92 1.04
8.576e-05 5.92 0.96
8.58e-05 5.92 1.04
8.584e-05 5.84 1.04
8.588e-05 5.92 1.04
8.592e-05 5.84 0.96
8.596e-05 5.76 0.96
8.6e-05 5.76 1.04
8.604e-05 5.76 0.96
8.608e-05 5.76 1.04
8.612e-05 5.76 0.96
8.616e-05 5.76 0.96
8.62e-05 5.68 0.96
8.624e-05 5.68 0.96
8.628e-05 5.68 0.96
8.632e-05 5.6 0.96
8.636e-05 5.6 0.96
8.64e-05 5.6 0.88
8.644e-05 5.6 0.96
8.648e-05 5.52 0.96
8.652e-05 5.52 0.96
8.656e-05 5.52 0.96
8.66e-05 5.44 0.96
8.664e-05 5.44 0.96
8.668e-05 5.44 0.96
8.672e-05 5.36 0.96
8.676e-05 5.28 0.96
8.68e-05 5.28 0.88
8.684e-05 5.28 0.88
8.688e-05 5.2 0.96
8.692e-05 5.2 0.96
8.696e-05 5.12 0.88
8.7e-05 5.12 0.88
8.704e-05 5.04 0.96
8.708e-05 4.96 0.88
8.712e-05 4.96 0.96
8.716e-05 4.96 0.8
8.72e-05 4.88 0.88
8.724e-05 4.88 0.88
8.728e-05 4.8 0.88
8.732e-05 4.8 0.8
8.736e-05 4.72 0.8
8.74e-05 4.64 0.88
8.744e-05 4.64 0.8
8.748e-05 4.56 0.8
8.752e-05 4.56 0.72
8.756e-05 4.48 0.8
8.76e-05 4.48 0.8
8.764e-05 4.4 0.72
8.768e-05 4.32 0.72
8.772e-05 4.24 0.72
8.776e-05 4.24 0.72
8.78e-05 4.16 0.8
8.784e-05 4.16 0.72
8.788e-05 4.08 0.72
8.792e-05 4 0.72
8.796e-05 4 0.72
8.8e-05 3.92 0.64
8.804e-05 3.84 0.64
8.808e-05 3.84 0.64
8.812e-05 3.76 0.64
8.816e-05 3.68 0.64
8.82e-05 3.68 0.56
8.824e-05 3.6 0.64
8.828e-05 3.52 0.64
8.832e-05 3.52 0.64
8.836e-05 3.36 0.56
8.84e-05 3.36 0.56
8.844e-05 3.28 0.64
8.848e-05 3.28 0.64
8.852e-05 3.2 0.56
8.856e-05 3.2 0.56
8.86e-05 3.04 0.48
8.864e-05 2.96 0.56
8.868e-05 2.88 0.48
8.872e-05 2.88 0.48
8.876e-05 2.8 0.48
8.88e-05 2.64 0.48
8.884e-05 2.64 0.48
8.888e-05 2.56 0.4
8.892e-05 2.56 0.4
8.896e-05 2.4 0.4
8.9e-05 2.4 0.48
8.904e-05 2.32 0.48
8.908e-05 2.24 0.4
8.912e-05 2.24 0.32
8.916e-05 2.16 0.4
8.92e-05 2 0.4
8.924e-05 2 0.32
8.928e-05 1.92 0.32
8.932e-05 1.84 0.32
8.936e-05 1.76 0.4
8.94e-05 1.68 0.32
8.944e-05 1.6 0.24
8.948e-05 1.6 0.24
8.952e-05 1.52 0.32
8.956e-05 1.44 0.32
8.96e-05 1.36 0.24
8.964e-05 1.28 0.16
8.968e-05 1.2 0.24
8.972e-05 1.12 0.32
8.976e-05 1.04 0.24
8.98e-05 0.96 0.16
8.984e-05 0.96 0.08
8.988e-05 0.8 0.16
8.992e-05 0.8 0.16
8.996e-05 0.64 0.08
9e-05 0.64 0.08
9.004e-05 0.64 0.16
9.008e-05 0.48 0.08
9.012e-05 0.48 0.08
9.016e-05 0.32 0
9.02e-05 0.32 0
9.024e-05 0.16 0.08
9.028e-05 0.16 0
9.032e-05 0.08 0
9.036e-05 0 0
9.04e-05 -0.24 0
9.044e-05 -0.24 0
9.048e-05 -0.32 0
9.052e-05 -0.4 -0.16
9.056e-05 -0.4 0
9.06e-05 -0.56 0
9.064e-05 -0.64 -0.16
9.068e-05 -0.64 -0.16
9.072e-05 -0.72 -0.24
9.076e-05 -0.88 -0.24
9.08e-05 -0.88 -0.24
9.084e-05 -1.04 -0.24
9.088e-05 -1.04 -0.24
9.092e-05 -1.12 -0.24
9.096e-05 -1.2 -0.32
9.1e-05 -1.2 -0.24
9.104e-05 -1.36 -0.32
9.108e-05 -1.36 -0.32
9.112e-05 -1.44 -0.32
9.116e-05 -1.6 -0.32
9.12e-05 -1.6 -0.4
9.124e-05 -1.68 -0.4
9.128e-05 -1.68 -0.32
9.132e-05 -1.84 -0.32
9.136e-05 -1.84 -0.4
9.14e-05 -2 -0.4
9.144e-05 -2 -0.4
9.148e-05 -2.08 -0.4
9.152e-05 -2.16 -0.4
9.156e-05 -2.24 -0.48
9.16e-05 -2.32 -0.48
9.164e-05 -2.32 -0.48
9.168e-05 -2.4 -0.48
9.172e-05 -2.48 -0.48
9.176e-05 -2.64 -0.48
9.18e-05 -2.64 -0.56
9.184e-05 -2.64 -0.56
9.188e-05 -2.8 -0.56
9.192e-05 -2.88 -0.64
9.196e-05 -2.96 -0.56
9.2e-05 -2.96 -0.56
9.204e-05 -2.96 -0.56
9.208e-05 -3.12 -0.64
9.212e-05 -3.2 -0.64
9.216e-05 -3.2 -0.64
9.22e-05 -3.28 -0.64
9.224e-05 -3.36 -0.64
9.228e-05 -3.44 -0.72
9.232e-05 -3.52 -0.64
9.236e-05 -3.52 -0.64
9.24e-05 -3.6 -0.64
9.244e-05 -3.6 -0.72
9.248e-05 -3.76 -0.8
9.252e-05 -3.84 -0.72
9.256e-05 -3.84 -0.72
9.26e-05 -3.92 -0.72
9.264e-05 -3.92 -0.8
9.268e-05 -3.92 -0.8
9.272e-05 -3.92 -0.8
9.276e-05 -4.16 -0.88
9.28e-05 -4.16 -0.8
9.284e-05 -4.24 -0.88
9.288e-05 -4.24 -0.8
9.292e-05 -4.24 -0.88
9.296e-05 -4.4 -0.88
9.3e-05 -4.4 -0.88
9.304e-05 -4.48 -0.96
9.308e-05 -4.48 -0.8
9.312e-05 -4.56 -0.88
9.316e-05 -4.64 -0.88
9.32e-05 -4.64 -0.96
9.324e-05 -4.72 -0.96
9.328e-05 -4.72 -0.88
9.332e-05 -4.8 -0.96
9.336e-05 -4.8 -0.96
9.34e-05 -4.88 -1.04
9.344e-05 -4.88 -0.96
9.348e-05 -4.96 -0.96
9.352e-05 -5.04 -0.96
9.356e-05 -5.12 -0.96
9.36e-05 -5.04 -0.96
9.364e-05 -5.12 -1.04
9.368e-05 -5.12 -0.96
9.372e-05 -5.2 -1.04
9.376e-05 -5.2 -1.04
9.38e-05 -5.2 -1.04
9.384e-05 -5.28 -1.04
9.388e-05 -5.36 -1.12
9.392e-05 -5.44 -1.04
9.396e-05 -5.36 -1.04
9.4e-05 -5.44 -1.04
9.404e-05 -5.44 -1.04
9.408e-05 -5.52 -1.04
9.412e-05 -5.52 -1.04
9.416e-05 -5.52 -1.04
9.42e-05 -5.52 -1.04
9.424e-05 -5.6 -1.12
9.428e-05 -5.68 -1.12
9.432e-05 -5.68 -1.04
9.436e-05 -5.76 -1.12
9.44e-05 -5.76 -1.12
9.444e-05 -5.76 -1.12
9.448e-05 -5.76 -1.12
9.452e-05 -5.84 -1.12
9.456e-05 -5.84 -1.2
9.46e-05 -5.84 -1.12
9.464e-05 -5.84 -1.2
9.468e-05 -5.92 -1.12
9.472e-05 -5.84 -1.12
9.476e-05 -5.84 -1.2
9.48e-05 -5.92 -1.2
9.484e-05 -6 -1.12
9.488e-05 -6 -1.2
9.492e-05 -6 -1.28
9.496e-05 -6 -1.2
9.5e-05 -6.08 -1.2
9.504e-05 -6.08 -1.2
9.508e-05 -6.08 -1.2
9.512e-05 -6.08 -1.2
9.516e-05 -6.08 -1.2
9.52e-05 -6.08 -1.2
9.524e-05 -6.08 -1.2
9.528e-05 -6.08 -1.2
9.532e-05 -6.08 -1.28
9.536e-05 -6.08 -1.2
9.54e-05 -6.16 -1.2
9.544e-05 -6.08 -1.2
9.548e-05 -6.08 -1.28
9.552e-05 -6.16 -1.2
9.556e-05 -6.08 -1.2
9.56e-05 -6.08 -1.2
9.564e-05 -6.08 -1.2
9.568e-05 -6.08 -1.2
9.572e-05 -6.16 -1.2
9.576e-05 -6.08 -1.2
9.58e-05 -6.16 -1.28
9.584e-05 -6.08 -1.2
9.588e-05 -6 -1.28
9.592e-05 -6.08 -1.12
9.596e-05 -6 -1.2
9.6e-05 -6.08 -1.2
9.604e-05 -6.08 -1.2
9.608e-05 -6 -1.2
9.612e-05 -6 -1.2
9.616e-05 -6 -1.28
9.62e-05 -6 -1.28
9.624e-05 -6 -1.2
9.628e-05 -6 -1.2
9.632e-05 -5.92 -1.2
9.636e-05 -5.84 -1.2
9.64e-05 -5.84 -1.2
9.644e-05 -5.84 -1.2
9.648e-05 -5.84 -1.2
9.652e-05 -5.84 -1.2
9.656e-05 -5.84 -1.2
9.66e-05 -5.76 -1.2
9.664e-05 -5.76 -1.12
9.668e-05 -5.76 -1.2
9.672e-05 -5.68 -1.2
9.676e-05 -5.68 -1.2
9.68e-05 -5.68 -1.04
9.684e-05 -5.6 -1.12
9.688e-05 -5.52 -1.12
9.692e-05 -5.52 -1.12
9.696e-05 -5.52 -1.04
9.7e-05 -5.52 -1.04
9.704e-05 -5.44 -1.12
9.708e-05 -5.44 -1.12
9.712e-05 -5.44 -1.12
9.716e-05 -5.36 -1.04
9.72e-05 -5.36 -1.04
9.724e-05 -5.36 -1.12
9.728e-05 -5.36 -1.04
9.732e-05 -5.2 -1.12
9.736e-05 -5.2 -1.04
9.74e-05 -5.2 -1.12
9.744e-05 -5.12 -1.12
9.748e-05 -5.04 -1.04
9.752e-05 -5.04 -1.04
9.756e-05 -5.04 -1.04
9.76e-05 -5.04 -1.04
9.764e-05 -4.96 -0.96
9.768e-05 -4.88 -0.96
9.772e-05 -4.88 -1.04
9.776e-05 -4.8 -1.04
9.78e-05 -4.72 -1.04
9.784e-05 -4.72 -0.96
9.788e-05 -4.64 -1.04
9.792e-05 -4.56 -1.04
9.796e-05 -4.56 -1.04
9.8e-05 -4.56 -0.96
9.804e-05 -4.48 -0.96
9.808e-05 -4.48 -0.96
9.812e-05 -4.4 -0.96
9.816e-05 -4.24 -0.96
9.82e-05 -4.24 -0.88
9.824e-05 -4.24 -0.88
9.828e-05 -4.16 -0.96
9.832e-05 -4.08 -0.88
9.836e-05 -4.08 -0.88
9.84e-05 -3.92 -0.88
9.844e-05 -3.92 -0.88
9.848e-05 -3.84 -0.88
9.852e-05 -3.84 -0.8
9.856e-05 -3.76 -0.8
9.86e-05 -3.68 -0.8
9.864e-05 -3.6 -0.88
9.868e-05 -3.6 -0.88
9.872e-05 -3.52 -0.8
9.876e-05 -3.44 -0.72
9.88e-05 -3.44 -0.8
9.884e-05 -3.28 -0.8
9.888e-05 -3.28 -0.72
9.892e-05 -3.2 -0.72
9.896e-05 -3.2 -0.64
9.9e-05 -3.12 -0.72
9.904e-05 -2.96 -0.72
9.908e-05 -2.96 -0.64
9.912e-05 -2.96 -0.72
9.916e-05 -2.88 -0.72
9.92e-05 -2.8 -0.64
9.924e-05 -2.72 -0.56
9.928e-05 -2.64 -0.64
9.932e-05 -2.56 -0.64
9.936e-05 -2.48 -0.64
9.94e-05 -2.4 -0.64
9.944e-05 -2.32 -0.56
9.948e-05 -2.32 -0.64
9.952e-05 -2.24 -0.56
9.956e-05 -2.24 -0.56
9.96e-05 -2.16 -0.48
9.964e-05 -2 -0.4
9.968e-05 -2 -0.56
9.972e-05 -1.92 -0.48
9.976e-05 -1.84 -0.48
9.98e-05 -1.68 -0.4
9.984e-05 -1.68 -0.4
9.988e-05 -1.68 -0.4
9.992e-05 -1.52 -0.4
9.996e-05 -1.52 -0.4
0.0001 -1.36 -0.4
0.00010004 -1.36 -0.4
0.00010008 -1.2 -0.4
0.00010012 -1.2 -0.4
0.00010016 -1.04 -0.4
0.0001002 -1.04 -0.32
0.00010024 -0.96 -0.32
0.00010028 -0.88 -0.32
0.00010032 -0.88 -0.32
0.00010036 -0.72 -0.32
0.0001004 -0.64 -0.32
0.00010044 -0.64 -0.32
0.00010048 -0.56 -0.24
0.00010052 -0.4 -0.24
0.00010056 -0.4 -0.24
0.0001006 -0.32 -0.24
0.00010064 -0.24 -0.24
0.00010068 -0.16 -0.24
0.00010072 0 -0.16
0.00010076 0 -0.16
0.0001008 0.16 -0.16
0.00010084 0.16 -0.16
0.00010088 0.24 0
0.00010092 0.32 -0.16
0.00010096 0.4 0
0.000101 0.4 0
0.00010104 0.56 0.08
0.00010108 0.64 0
0.00010112 0.72 0
0.00010116 0.72 0
0.0001012 0.8 0
0.00010124 0.96 0.08
0.00010128 1.04 0
0.00010132 1.04 0.08
0.00010136 1.04 0.08
0.0001014 1.12 0.08
0.00010144 1.28 0.08
0.00010148 1.28 0.08
0.00010152 1.36 0.16
0.00010156 1.52 0.16
0.0001016 1.6 0.24
0.00010164 1.6 0.16
0.00010168 1.68 0.16
0.00010172 1.76 0.24
0.00010176 1.84 0.24
0.0001018 1.84 0.24
0.00010184 2 0.24
0.00010188 2 0.24
0.00010192 2.08 0.24
0.00010196 2.24 0.32
0.000102 2.24 0.32
0.00010204 2.32 0.32
0.00010208 2.4 0.32
0.00010212 2.4 0.32
0.00010216 2.48 0.32
0.0001022 2.56 0.4
0.00010224 2.64 0.32
0.00010228 2.72 0.4
0.00010232 2.8 0.4
0.00010236 2.88 0.4
0.0001024 2.88 0.4
0.00010244 2.96 0.48
0.00010248 3.04 0.48
0.00010252 3.12 0.4
0.00010256 3.12 0.4
0.0001026 3.28 0.48
0.00010264 3.28 0.56
0.00010268 3.36 0.48
0.00010272 3.36 0.48
0.00010276 3.44 0.48
0.0001028 3.52 0.48
0.00010284 3.6 0.56
0.00010288 3.6 0.56
0.00010292 3.68 0.48
0.00010296 3.68 0.56
0.000103 3.84 0.64
0.00010304 3.84 0.64
0.00010308 3.92 0.64
0.00010312 3.92 0.64
0.00010316 4 0.64
0.0001032 4.08 0.64
0.00010324 4.16 0.64
0.00010328 4.16 0.64
0.00010332 4.24 0.72
0.00010336 4.24 0.72
0.0001034 4.32 0.72
0.00010344 4.4 0.72
0.00010348 4.32 0.72
0.00010352 4.48 0.72
0.00010356 4.48 0.72
0.0001036 4.56 0.72
0.00010364 4.56 0.72
0.00010368 4.64 0.8
0.00010372 4.72 0.8
0.00010376 4.72 0.8
0.0001038 4.8 0.8
0.00010384 4.88 0.8
0.00010388 4.88 0.88
0.00010392 4.88 0.8
0.00010396 4.96 0.8
0.000104 4.96 0.8
0.00010404 5.12 0.88
0.00010408 5.12 0.8
0.00010412 5.12 0.8
0.00010416 5.12 0.8
0.0001042 5.2 0.88
0.00010424 5.28 0.88
0.00010428 5.28 0.88
0.00010432 5.28 0.88
0.00010436 5.28 0.96
0.0001044 5.44 0.88
0.00010444 5.44 0.96
0.00010448 5.44 0.88
0.00010452 5.44 0.88
0.00010456 5.52 0.96
0.0001046 5.52 0.88
0.00010464 5.52 0.96
0.00010468 5.6 0.88
0.00010472 5.52 0.96
0.00010476 5.6 0.96
0.0001048 5.6 0.96
0.00010484 5.6 0.96
0.00010488 5.68 0.96
0.00010492 5.76 0.96
0.00010496 5.76 0.96
0.000105 5.76 0.96
0.00010504 5.76 0.96
0.00010508 5.84 0.96
0.00010512 5.76 1.04
0.00010516 5.84 0.96
0.0001052 5.84 0.96
0.00010524 5.84 1.04
0.00010528 5.84 0.96
0.00010532 5.92 1.04
0.00010536 5.92 0.96
0.0001054 5.92 0.96
0.00010544 5.92 1.04
0.00010548 5.92 1.04
0.00010552 6 1.04
0.00010556 6 1.04
0.0001056 5.92 1.04
0.00010564 6 1.04
0.00010568 5.92 1.04
0.00010572 5.92 1.04
0.00010576 5.92 1.04
0.0001058 6.08 1.04
0.00010584 6.08 1.04
0.00010588 6 1.04
0.00010592 6.08 0.96
0.00010596 6.08 1.04
0.000106 5.92 1.04
0.00010604 5.92 1.04
0.00010608 6 1.04
0.00010612 6.08 1.04
0.00010616 5.92 1.04
0.0001062 5.92 1.04
0.00010624 6 1.04
0.00010628 6 1.04
0.00010632 5.92 1.04
0.00010636 5.92 1.12
0.0001064 5.92 1.04
0.00010644 5.92 1.04
0.00010648 5.84 1.04
0.00010652 5.84 1.04
0.00010656 5.92 1.04
0.0001066 5.84 0.96
0.00010664 5.92 1.04
0.00010668 5.84 1.04
0.00010672 5.84 1.04
0.00010676 5.84 0.96
0.0001068 5.76 0.96
0.00010684 5.76 1.04
0.00010688 5.76 1.04
0.00010692 5.76 1.04
0.00010696 5.68 0.96
0.000107 5.68 0.96
0.00010704 5.68 0.96
0.00010708 5.6 0.96
0.00010712 5.52 1.04
0.00010716 5.6 0.96
0.0001072 5.52 0.96
0.00010724 5.52 0.96
0.00010728 5.52 0.96
0.00010732 5.44 0.96
0.00010736 5.44 0.96
0.0001074 5.44 0.96
0.00010744 5.36 0.96
0.00010748 5.36 0.96
0.00010752 5.28 0.96
0.00010756 5.28 0.96
0.0001076 5.2 0.96
0.00010764 5.2 0.88
0.00010768 5.12 0.88
0.00010772 5.12 0.96
0.00010776 5.12 0.96
0.0001078 5.04 0.96
0.00010784 4.96 0.8
0.00010788 4.96 0.88
0.00010792 4.96 0.88
0.00010796 4.88 0.88
0.000108 4.88 0.8
0.00010804 4.8 0.8
0.00010808 4.8 0.8
0.00010812 4.8 0.8
0.00010816 4.72 0.8
0.0001082 4.64 0.8
0.00010824 4.56 0.8
0.00010828 4.56 0.8
0.00010832 4.48 0.8
0.00010836 4.48 0.8
0.0001084 4.32 0.8
0.00010844 4.24 0.8
0.00010848 4.24 0.72
0.00010852 4.16 0.72
0.00010856 4.16 0.72
0.0001086 4.08 0.72
0.00010864 4.08 0.72
0.00010868 4 0.72
0.00010872 3.92 0.72
0.00010876 3.84 0.64
0.0001088 3.84 0.72
0.00010884 3.84 0.72
0.00010888 3.76 0.72
0.00010892 3.68 0.64
0.00010896 3.6 0.64
0.000109 3.52 0.64
0.00010904 3.52 0.64
0.00010908 3.52 0.56
0.00010912 3.36 0.56
0.00010916 3.28 0.56
0.0001092 3.28 0.56
0.00010924 3.2 0.48
0.00010928 3.2 0.56
0.00010932 3.04 0.56
0.00010936 2.96 0.48
0.0001094 2.96 0.48
0.00010944 2.88 0.48
0.00010948 2.88 0.48
0.00010952 2.72 0.48
0.00010956 2.64 0.48
0.0001096 2.56 0.48
0.00010964 2.56 0.4
0.00010968 2.56 0.4
0.00010972 2.4 0.4
0.00010976 2.4 0.4
0.0001098 2.32 0.4
0.00010984 2.24 0.4
0.00010988 2.24 0.4
0.00010992 2.08 0.4
0.00010996 2.08 0.4
0.00011 1.92 0.32
0.00011004 1.92 0.32
0.00011008 1.84 0.32
0.00011012 1.76 0.32
0.00011016 1.68 0.32
0.0001102 1.6 0.24
0.00011024 1.6 0.32
0.00011028 1.44 0.32
0.00011032 1.36 0.24
0.00011036 1.36 0.24
0.0001104 1.28 0.16
0.00011044 1.2 0.24
0.00011048 1.12 0.16
0.00011052 1.04 0.16
0.00011056 0.96 0.16
0.0001106 0.96 0.16
0.00011064 0.8 0.16
0.00011068 0.8 0.08
0.00011072 0.72 0.08
0.00011076 0.64 0.08
0.0001108 0.64 0.08
0.00011084 0.48 0.08
0.00011088 0.4 0.08
0.00011092 0.32 0.08
0.00011096 0.32 0.08
0.000111 0.16 0.08
0.00011104 0.08 0
0.00011108 0 0
0.00011112 0 0
0.00011116 0 0
0.0001112 -0.32 0
0.00011124 -0.32 0
0.00011128 -0.4 -0.16
0.00011132 -0.4 0
0.00011136 -0.56 -0.24
0.0001114 -0.64 -0.16
0.00011144 -0.64 -0.24
0.00011148 -0.72 -0.16
0.00011152 -0.88 -0.24
0.00011156 -0.96 -0.24
0.0001116 -1.04 -0.24
0.00011164 -1.04 -0.24
0.00011168 -1.04 -0.24
0.00011172 -1.2 -0.24
0.00011176 -1.28 -0.32
0.0001118 -1.28 -0.32
0.00011184 -1.36 -0.24
0.00011188 -1.52 -0.24
0.00011192 -1.6 -0.32
0.00011196 -1.6 -0.32
0.000112 -1.68 -0.4
0.00011204 -1.68 -0.32
0.00011208 -1.84 -0.4
0.00011212 -1.92 -0.4
0.00011216 -1.92 -0.4
0.0001122 -2 -0.4
0.00011224 -2.16 -0.4
0.00011228 -2.16 -0.48
0.00011232 -2.24 -0.48
0.00011236 -2.32 -0.4
0.0001124 -2.32 -0.48
0.00011244 -2.48 -0.56
0.00011248 -2.56 -0.56
0.00011252 -2.56 -0.48
0.00011256 -2.64 -0.4
0.0001126 -2.64 -0.56
0.00011264 -2.8 -0.64
0.00011268 -2.8 -0.64
0.00011272 -2.96 -0.56
0.00011276 -2.96 -0.56
0.0001128 -2.96 -0.56
0.00011284 -3.12 -0.64
0.00011288 -3.12 -0.64
0.00011292 -3.2 -0.64
0.00011296 -3.28 -0.72
0.000113 -3.28 -0.64
0.00011304 -3.44 -0.72
0.00011308 -3.52 -0.64
0.00011312 -3.52 -0.72
0.00011316 -3.6 -0.72
0.0001132 -3.6 -0.72
0.00011324 -3.68 -0.72
0.00011328 -3.76 -0.72
0.00011332 -3.84 -0.8
0.00011336 -3.92 -0.8
0.0001134 -3.92 -0.72
0.00011344 -4 -0.72
0.00011348 -4.08 -0.72
0.00011352 -4.08 -0.88
0.00011356 -4.16 -0.8
0.0001136 -4.24 -0.8
0.00011364 -4.24 -0.72
0.00011368 -4.32 -0.8
0.00011372 -4.4 -0.88
0.00011376 -4.4 -0.88
0.0001138 -4.48 -0.8
0.00011384 -4.56 -0.8
0.00011388 -4.56 -0.88
0.00011392 -4.64 -0.88
0.00011396 -4.64 -0.96
0.000114 -4.72 -0.96
0.00011404 -4.8 -0.96
0.00011408 -4.8 -0.96
0.00011412 -4.8 -0.88
0.00011416 -4.88 -0.96
0.0001142 -4.88 -0.96
0.00011424 -4.88 -0.96
0.00011428 -5.04 -1.04
0.00011432 -5.04 -0.96
0.00011436 -5.12 -0.96
0.0001144 -5.2 -1.04
0.00011444 -5.2 -1.04
0.00011448 -5.2 -1.04
0.00011452 -5.2 -1.04
0.00011456 -5.2 -1.04
0.0001146 -5.28 -1.04
0.00011464 -5.36 -1.04
0.00011468 -5.36 -1.04
0.00011472 -5.44 -1.04
0.00011476 -5.44 -1.04
0.0001148 -5.52 -1.04
0.00011484 -5.52 -1.04
0.00011488 -5.52 -1.12
0.00011492 -5.52 -1.12
0.00011496 -5.52 -1.12
0.000115 -5.6 -1.12
0.00011504 -5.68 -1.12
0.00011508 -5.68 -1.04
0.00011512 -5.76 -1.2
0.00011516 -5.76 -1.12
0.0001152 -5.76 -1.12
0.00011524 -5.76 -1.12
0.00011528 -5.76 -1.12
0.00011532 -5.76 -1.12
0.00011536 -5.84 -1.12
0.0001154 -5.84 -1.12
0.00011544 -5.92 -1.12
0.00011548 -5.92 -1.2
0.00011552 -5.84 -1.2
0.00011556 -6 -1.12
0.0001156 -6 -1.2
0.00011564 -6 -1.12
0.00011568 -6 -1.2
0.00011572 -6 -1.2
0.00011576 -6 -1.12
0.0001158 -6 -1.2
0.00011584 -6 -1.2
0.00011588 -6 -1.2
0.00011592 -6 -1.12
0.00011596 -6.08 -1.2
0.000116 -6.08 -1.2
0.00011604 -6.08 -1.2
0.00011608 -6.08 -1.12
0.00011612 -6.08 -1.2
0.00011616 -6.08 -1.28
0.0001162 -6.08 -1.2
0.00011624 -6.08 -1.2
0.00011628 -6.08 -1.2
0.00011632 -6.08 -1.2
0.00011636 -6.08 -1.2
0.0001164 -6.08 -1.2
0.00011644 -6.08 -1.28
0.00011648 -6.08 -1.2
0.00011652 -6.08 -1.2
0.00011656 -6.08 -1.2
0.0001166 -6.08 -1.2
0.00011664 -6.08 -1.2
0.00011668 -6.08 -1.2
0.00011672 -6.08 -1.28
0.00011676 -6.08 -1.2
0.0001168 -6.08 -1.2
0.00011684 -6 -1.2
0.00011688 -6 -1.2
0.00011692 -6 -1.2
0.00011696 -6 -1.2
0.000117 -5.92 -1.12
0.00011704 -6 -1.2
0.00011708 -5.92 -1.2
0.00011712 -5.92 -1.2
0.00011716 -5.84 -1.12
0.0001172 -5.92 -1.12
0.00011724 -5.84 -1.2
0.00011728 -5.84 -1.2
0.00011732 -5.84 -1.2
0.00011736 -5.76 -1.12
0.0001174 -5.76 -1.2
0.00011744 -5.76 -1.2
0.00011748 -5.68 -1.2
0.00011752 -5.68 -1.12
0.00011756 -5.68 -1.12
0.0001176 -5.68 -1.12
0.00011764 -5.6 -1.12
0.00011768 -5.52 -1.12
0.00011772 -5.52 -1.12
0.00011776 -5.52 -1.12
0.0001178 -5.44 -1.2
0.00011784 -5.44 -1.04
0.00011788 -5.36 -1.12
0.00011792 -5.36 -1.04
0.00011796 -5.36 -1.2
0.000118 -5.36 -1.04
0.00011804 -5.2 -1.04
0.00011808 -5.2 -1.04
0.00011812 -5.2 -1.04
0.00011816 -5.12 -1.12
0.0001182 -5.12 -1.04
0.00011824 -5.04 -1.04
0.00011828 -5.04 -1.04
0.00011832 -5.04 -1.04
0.00011836 -5.04 -1.04
0.0001184 -4.96 -1.04
0.00011844 -4.88 -1.04
0.00011848 -4.8 -1.04
0.00011852 -4.8 -1.04
0.00011856 -4.72 -1.04
0.0001186 -4.72 -0.96
0.00011864 -4.56 -1.04
0.00011868 -4.56 -0.96
0.00011872 -4.56 -0.96
0.00011876 -4.48 -0.88
0.0001188 -4.48 -0.96
0.00011884 -4.4 -0.96
0.00011888 -4.32 -0.88
0.00011892 -4.24 -0.88
0.00011896 -4.24 -0.88
0.000119 -4.24 -0.88
0.00011904 -4.16 -0.96
0.00011908 -4.08 -0.88
0.00011912 -4.08 -0.88
0.00011916 -3.92 -0.88
0.0001192 -3.92 -0.88
0.00011924 -3.84 -0.8
0.00011928 -3.76 -0.88
0.00011932 -3.76 -0.8
0.00011936 -3.68 -0.8
0.0001194 -3.6 -0.8
0.00011944 -3.6 -0.8
0.00011948 -3.52 -0.72
0.00011952 -3.44 -0.8
0.00011956 -3.44 -0.8
0.0001196 -3.28 -0.72
0.00011964 -3.28 -0.72
0.00011968 -3.2 -0.72
0.00011972 -3.12 -0.72
0.00011976 -3.04 -0.72
0.0001198 -3.04 -0.64
0.00011984 -2.96 -0.64
0.00011988 -2.88 -0.64
0.00011992 -2.88 -0.72
0.00011996 -2.64 -0.64
0.00012 -2.64 -0.56
0.00012004 -2.64 -0.64
0.00012008 -2.56 -0.64
0.00012012 -2.48 -0.64
0.00012016 -2.4 -0.56
0.0001202 -2.32 -0.56
0.00012024 -2.32 -0.56
0.00012028 -2.24 -0.56
0.00012032 -2.16 -0.56
0.00012036 -2.08 -0.48
0.0001204 -2 -0.48
0.00012044 -2 -0.48
0.00012048 -1.92 -0.48
0.00012052 -1.84 -0.4
0.00012056 -1.68 -0.4
0.0001206 -1.68 -0.4
0.00012064 -1.6 -0.48
0.00012068 -1.52 -0.4
0.00012072 -1.44 -0.4
0.00012076 -1.36 -0.4
0.0001208 -1.36 -0.4
0.00012084 -1.28 -0.32
0.00012088 -1.2 -0.32
0.00012092 -1.12 -0.32
0.00012096 -1.04 -0.4
0.000121 -0.96 -0.32
0.00012104 -0.88 -0.24
0.00012108 -0.72 -0.24
0.00012112 -0.72 -0.24
0.00012116 -0.64 -0.32
0.0001212 -0.56 -0.24
0.00012124 -0.56 -0.24
0.00012128 -0.4 -0.24
0.00012132 -0.4 -0.24
0.00012136 -0.32 -0.24
0.0001214 -0.24 -0.16
0.00012144 0 -0.16
0.00012148 0 -0.24
0.00012152 0.08 -0.16
0.00012156 0.08 -0.16
0.0001216 0.24 0
0.00012164 0.32 -0.16
0.00012168 0.4 -0.16
0.00012172 0.4 0
0.00012176 0.48 0.08
0.0001218 0.64 0
0.00012184 0.64 0
0.00012188 0.72 0
0.00012192 0.8 0
0.00012196 0.8 0
0.000122 0.96 0.08
0.00012204 0.96 0
0.00012208 1.04 0.08
0.00012212 1.12 0.08
0.00012216 1.28 0.16
0.0001222 1.28 0.16
0.00012224 1.36 0.08
0.00012228 1.44 0.16
0.00012232 1.52 0.16
0.00012236 1.6 0.16
0.0001224 1.68 0.16
0.00012244 1.68 0.16
0.00012248 1.76 0.24
0.00012252 1.84 0.16
0.00012256 1.92 0.24
0.0001226 1.92 0.16
0.00012264 2 0.32
0.00012268 2.08 0.32
0.00012272 2.24 0.24
0.00012276 2.24 0.32
0.0001228 2.32 0.32
0.00012284 2.4 0.4
0.00012288 2.4 0.32
0.00012292 2.56 0.32
0.00012296 2.56 0.32
0.000123 2.64 0.4
0.00012304 2.72 0.4
0.00012308 2.8 0.4
0.00012312 2.88 0.32
0.00012316 2.88 0.4
0.0001232 2.96 0.4
0.00012324 3.04 0.48
0.00012328 3.12 0.48
0.00012332 3.2 0.48
0.00012336 3.28 0.48
0.0001234 3.28 0.48
0.00012344 3.36 0.48
0.00012348 3.36 0.48
0.00012352 3.52 0.56
0.00012356 3.52 0.56
0.0001236 3.6 0.56
0.00012364 3.68 0.48
0.00012368 3.68 0.56
0.00012372 3.76 0.64
0.00012376 3.84 0.56
0.0001238 3.92 0.56
0.00012384 3.92 0.56
0.00012388 4 0.64
0.00012392 4 0.64
0.00012396 4 0.64
0.000124 4.16 0.72
0.00012404 4.16 0.64
0.00012408 4.24 0.72
0.00012412 4.32 0.72
0.00012416 4.32 0.72
0.0001242 4.4 0.72
0.00012424 4.48 0.72
0.00012428 4.48 0.72
0.00012432 4.56 0.72
0.00012436 4.56 0.72
0.0001244 4.56 0.72
0.00012444 4.64 0.8
0.00012448 4.72 0.72
0.00012452 4.8 0.8
0.00012456 4.88 0.8
0.0001246 4.88 0.8
0.00012464 4.96 0.8
0.00012468 4.96 0.8
0.00012472 4.96 0.72
0.00012476 5.04 0.8
0.0001248 5.12 0.88
0.00012484 5.12 0.8
0.00012488 5.12 0.8
0.00012492 5.2 0.8
0.00012496 5.2 0.88
0.000125 5.2 0.8
0.00012504 5.28 0.88
0.00012508 5.28 0.88
0.00012512 5.44 0.96
0.00012516 5.44 0.96
0.0001252 5.44 0.96
0.00012524 5.44 0.88
0.00012528 5.44 0.96
0.00012532 5.52 0.88
0.00012536 5.52 0.88
0.0001254 5.6 0.96
0.00012544 5.6 0.96
0.00012548 5.6 0.96
0.00012552 5.6 0.96
0.00012556 5.6 0.96
0.0001256 5.76 0.96
0.00012564 5.6 0.96
0.00012568 5.76 1.04
0.00012572 5.76 0.96
0.00012576 5.76 0.96
0.0001258 5.76 0.96
0.00012584 5.76 1.04
0.00012588 5.84 1.04
0.00012592 5.84 0.96
0.00012596 5.92 0.96
0.000126 5.92 1.04
0.00012604 5.92 1.04
0.00012608 5.92 0.96
0.00012612 5.92 0.96
0.00012616 5.92 1.04
0.0001262 5.92 1.04
0.00012624 5.92 0.96
0.00012628 5.92 1.04
0.00012632 5.92 0.96
0.00012636 5.92 1.12
0.0001264 6 1.04
0.00012644 5.92 1.04
0.00012648 6 0.96
0.00012652 6 1.04
0.00012656 6.08 1.04
0.0001266 5.92 0.96
0.00012664 6 1.04
0.00012668 6 1.04
0.00012672 5.92 1.12
0.00012676 5.92 1.04
0.0001268 5.92 1.04
0.00012684 5.92 1.04
0.00012688 6 1.04
0.00012692 6 1.04
0.00012696 6 1.04
0.000127 5.92 1.04
0.00012704 5.92 1.04
0.00012708 5.92 1.04
0.00012712 5.92 1.04
0.00012716 5.92 1.04
0.0001272 5.84 1.04
0.00012724 5.92 0.96
0.00012728 5.92 0.96
0.00012732 5.84 1.04
0.00012736 5.92 1.04
0.0001274 5.84 1.04
0.00012744 5.84 1.04
0.00012748 5.76 1.04
0.00012752 5.76 0.96
0.00012756 5.76 0.96
0.0001276 5.76 0.96
0.00012764 5.76 0.96
0.00012768 5.76 1.04
0.00012772 5.68 0.96
0.00012776 5.6 0.96
0.0001278 5.68 1.04
0.00012784 5.6 0.96
0.00012788 5.6 0.96
0.00012792 5.6 0.96
0.00012796 5.52 1.04
0.000128 5.52 0.96
0.00012804 5.44 0.96
0.00012808 5.44 0.96
0.00012812 5.44 1.04
0.00012816 5.44 0.96
0.0001282 5.36 0.96
0.00012824 5.28 0.96
0.00012828 5.28 0.96
0.00012832 5.28 0.96
0.00012836 5.2 0.96
0.0001284 5.2 0.8
0.00012844 5.2 0.96
0.00012848 5.12 0.88
0.00012852 5.12 0.96
0.00012856 5.04 0.96
0.0001286 5.04 0.88
0.00012864 4.96 0.88
0.00012868 4.96 0.88
0.00012872 4.88 0.8
0.00012876 4.8 0.8
0.0001288 4.8 0.88
0.00012884 4.72 0.8
0.00012888 4.72 0.8
0.00012892 4.64 0.8
0.00012896 4.64 0.8
0.000129 4.56 0.88
0.00012904 4.48 0.8
0.00012908 4.48 0.72
0.00012912 4.4 0.8
0.00012916 4.32 0.72
0.0001292 4.32 0.8
0.00012924 4.24 0.72
0.00012928 4.16 0.72
0.00012932 4.16 0.72
0.00012936 4.16 0.72
0.0001294 4 0.72
0.00012944 4 0.72
0.00012948 4 0.64
0.00012952 3.84 0.64
0.00012956 3.84 0.72
0.0001296 3.84 0.64
0.00012964 3.68 0.64
0.00012968 3.68 0.64
0.00012972 3.6 0.64
0.00012976 3.52 0.64
0.0001298 3.52 0.64
0.00012984 3.44 0.64
0.00012988 3.36 0.64
0.00012992 3.28 0.56
0.00012996 3.28 0.64
0.00013 3.2 0.48
0.00013004 3.2 0.56
0.00013008 3.04 0.56
0.00013012 2.96 0.48
0.00013016 2.96 0.48
0.0001302 2.88 0.48
0.00013024 2.8 0.56
0.00013028 2.72 0.48
0.00013032 2.64 0.4
0.00013036 2.64 0.4
0.0001304 2.56 0.4
0.00013044 2.56 0.48
0.00013048 2.4 0.48
0.00013052 2.32 0.4
0.00013056 2.24 0.4
0.0001306 2.24 0.4
0.00013064 2.08 0.4
0.00013068 2.08 0.32
0.00013072 2 0.32
0.00013076 1.92 0.32
0.0001308 1.92 0.4
0.00013084 1.76 0.32
0.00013088 1.68 0.32
0.00013092 1.6 0.32
0.00013096 1.6 0.32
0.000131 1.6 0.32
0.00013104 1.44 0.24
0.00013108 1.36 0.16
0.00013112 1.28 0.24
0.00013116 1.28 0.16
0.0001312 1.2 0.24
0.00013124 1.12 0.16
0.00013128 1.04 0.16
0.00013132 0.96 0.16
0.00013136 0.88 0.16
0.0001314 0.8 0.08
0.00013144 0.72 0.16
0.00013148 0.72 0.08
0.00013152 0.64 0.08
0.00013156 0.48 0.08
0.0001316 0.48 0
0.00013164 0.4 0
0.00013168 0.32 0
0.00013172 0.16 0
0.00013176 0.16 0
0.0001318 0.08 0.08
0.00013184 0 0
0.00013188 0 0
0.00013192 -0.24 -0.16
0.00013196 -0.32 0
0.000132 -0.32 0
0.00013204 -0.4 0
0.00013208 -0.56 -0.16
0.00013212 -0.56 -0.24
0.00013216 -0.64 -0.24
0.0001322 -0.72 -0.16
0.00013224 -0.8 -0.16
0.00013228 -0.88 -0.24
0.00013232 -0.96 -0.24
0.00013236 -1.04 -0.24
0.0001324 -1.04 -0.16
0.00013244 -1.2 -0.32
0.00013248 -1.28 -0.32
0.00013252 -1.28 -0.24
0.00013256 -1.36 -0.32
0.0001326 -1.36 -0.32
0.00013264 -1.52 -0.32
0.00013268 -1.6 -0.32
0.00013272 -1.6 -0.32
0.00013276 -1.68 -0.4
0.0001328 -1.76 -0.4
0.00013284 -1.84 -0.4
0.00013288 -1.92 -0.4
0.00013292 -2 -0.4
0.00013296 -2.16 -0.4
0.000133 -2.16 -0.48
0.00013304 -2.16 -0.48
0.00013308 -2.24 -0.4
0.00013312 -2.32 -0.4
0.00013316 -2.4 -0.48
0.0001332 -2.48 -0.56
0.00013324 -2.56 -0.56
0.00013328 -2.64 -0.48
0.00013332 -2.64 -0.56
0.00013336 -2.64 -0.56
0.0001334 -2.8 -0.56
0.00013344 -2.88 -0.56
0.00013348 -2.96 -0.56
0.00013352 -2.96 -0.64
0.00013356 -3.12 -0.64
0.0001336 -3.12 -0.64
0.00013364 -3.2 -0.64
0.00013368 -3.28 -0.64
0.00013372 -3.28 -0.64
0.00013376 -3.28 -0.64
0.0001338 -3.44 -0.64
0.00013384 -3.52 -0.64
0.00013388 -3.6 -0.72
0.00013392 -3.6 -0.72
0.00013396 -3.6 -0.72
0.000134 -3.76 -0.64
0.00013404 -3.76 -0.72
0.00013408 -3.84 -0.8
0.00013412 -3.92 -0.8
0.00013416 -3.92 -0.72
0.0001342 -4.08 -0.8
0.00013424 -4.08 -0.72
0.00013428 -4.08 -0.88
0.00013432 -4.16 -0.8
0.00013436 -4.24 -0.88
0.0001344 -4.24 -0.88
0.00013444 -4.32 -0.88
0.00013448 -4.4 -0.88
0.00013452 -4.48 -0.88
0.00013456 -4.48 -0.88
0.0001346 -4.56 -0.88
0.00013464 -4.56 -0.88
0.00013468 -4.56 -0.96
0.00013472 -4.72 -0.88
0.00013476 -4.72 -1.04
0.0001348 -4.8 -0.96
0.00013484 -4.8 -0.96
0.00013488 -4.88 -0.88
0.00013492 -4.88 -0.96
0.00013496 -4.88 -1.04
0.000135 -5.04 -1.04
0.00013504 -5.04 -0.96
0.00013508 -5.04 -0.96
0.00013512 -5.12 -1.04
0.00013516 -5.12 -1.04
0.0001352 -5.2 -1.04
0.00013524 -5.2 -1.04
0.00013528 -5.2 -1.04
0.00013532 -5.28 -1.04
0.00013536 -5.36 -0.96
0.0001354 -5.36 -1.04
0.00013544 -5.36 -1.04
0.00013548 -5.44 -1.04
0.00013552 -5.44 -1.04
0.00013556 -5.52 -0.96
0.0001356 -5.52 -1.04
0.00013564 -5.6 -1.04
0.00013568 -5.52 -1.12
0.00013572 -5.6 -1.04
0.00013576 -5.68 -1.12
0.0001358 -5.68 -1.12
0.00013584 -5.68 -1.04
0.00013588 -5.68 -1.12
0.00013592 -5.68 -1.04
0.00013596 -5.76 -1.04
0.000136 -5.76 -1.12
0.00013604 -5.84 -1.12
0.00013608 -5.84 -1.2
0.00013612 -5.84 -1.2
0.00013616 -5.84 -1.2
0.0001362 -5.84 -1.2
0.00013624 -6 -1.12
0.00013628 -5.92 -1.2
0.00013632 -5.92 -1.12
0.00013636 -6 -1.2
0.0001364 -6 -1.2
0.00013644 -6 -1.2
0.00013648 -6 -1.2
0.00013652 -6 -1.2
0.00013656 -6.08 -1.2
0.0001366 -6.08 -1.12
0.00013664 -6.08 -1.12
0.00013668 -6.08 -1.2
0.00013672 -6.08 -1.28
0.00013676 -6.08 -1.2
0.0001368 -6.16 -1.2
0.00013684 -6.08 -1.2
0.00013688 -6.08 -1.2
0.00013692 -6.16 -1.2
0.00013696 -6.08 -1.2
0.000137 -6.16 -1.2
0.00013704 -6.08 -1.2
0.00013708 -6.08 -1.2
0.00013712 -6.16 -1.28
0.00013716 -6.08 -1.12
0.0001372 -6.08 -1.2
0.00013724 -6.08 -1.2
0.00013728 -6.08 -1.2
0.00013732 -6.08 -1.2
0.00013736 -6.08 -1.2
0.0001374 -6.08 -1.28
0.00013744 -6.08 -1.2
0.00013748 -6.08 -1.2
0.00013752 -6.08 -1.2
0.00013756 -6 -1.2
0.0001376 -6.08 -1.28
0.00013764 -6.08 -1.2
0.00013768 -6 -1.2
0.00013772 -6 -1.2
0.00013776 -5.84 -1.2
0.0001378 -6 -1.28
0.00013784 -6 -1.2
0.00013788 -5.84 -1.2
0.00013792 -5.84 -1.2
0.00013796 -5.84 -1.2
0.000138 -5.84 -1.2
0.00013804 -5.84 -1.2
0.00013808 -5.76 -1.12
0.00013812 -5.84 -1.2
0.00013816 -5.76 -1.2
0.0001382 -5.76 -1.12
0.00013824 -5.68 -1.2
0.00013828 -5.68 -1.2
0.00013832 -5.68 -1.12
0.00013836 -5.6 -1.2
0.0001384 -5.6 -1.12
0.00013844 -5.52 -1.12
0.00013848 -5.52 -1.12
0.00013852 -5.52 -1.2
0.00013856 -5.52 -1.12
0.0001386 -5.44 -1.04
0.00013864 -5.44 -1.12
0.00013868 -5.36 -1.12
0.00013872 -5.36 -1.12
0.00013876 -5.2 -1.04
0.0001388 -5.28 -1.04
0.00013884 -5.2 -1.04
0.00013888 -5.2 -1.04
0.00013892 -5.2 -1.04
0.00013896 -5.12 -1.04
0.000139 -5.04 -1.04
0.00013904 -5.04 -1.04
0.00013908 -4.96 -1.04
0.00013912 -4.88 -1.04
0.00013916 -4.88 -1.04
0.0001392 -4.8 -1.04
0.00013924 -4.8 -0.96
0.00013928 -4.8 -0.96
0.00013932 -4.72 -0.96
0.00013936 -4.56 -0.96
0.0001394 -4.56 -0.96
0.00013944 -4.56 -0.96
0.00013948 -4.48 -0.96
0.00013952 -4.48 -0.96
0.00013956 -4.4 -0.96
0.0001396 -4.4 -0.96
0.00013964 -4.24 -0.88
0.00013968 -4.24 -0.96
0.00013972 -4.24 -0.96
0.00013976 -4.16 -0.96
0.0001398 -4.08 -0.88
0.00013984 -4.08 -0.88
0.00013988 -4.08 -0.88
0.00013992 -3.92 -0.88
0.00013996 -3.92 -0.88
0.00014 -3.84 -0.8
0.00014004 -3.76 -0.88
0.00014008 -3.76 -0.88
0.00014012 -3.68 -0.8
0.00014016 -3.6 -0.8
0.0001402 -3.52 -0.8
0.00014024 -3.52 -0.8
0.00014028 -3.44 -0.8
0.00014032 -3.44 -0.8
0.00014036 -3.28 -0.8
0.0001404 -3.2 -0.64
0.00014044 -3.2 -0.72
0.00014048 -3.12 -0.72
0.00014052 -3.04 -0.72
0.00014056 -2.96 -0.64
0.0001406 -2.96 -0.72
0.00014064 -2.8 -0.64
0.00014068 -2.8 -0.64
0.00014072 -2.64 -0.64
0.00014076 -2.64 -0.64
0.0001408 -2.64 -0.64
0.00014084 -2.56 -0.64
0.00014088 -2.48 -0.64
0.00014092 -2.32 -0.56
0.00014096 -2.32 -0.56
0.000141 -2.32 -0.56
0.00014104 -2.24 -0.56
0.00014108 -2.16 -0.48
0.00014112 -2.08 -0.56
0.00014116 -1.92 -0.48
0.0001412 -1.92 -0.56
0.00014124 -1.84 -0.4
0.00014128 -1.84 -0.48
0.00014132 -1.68 -0.4
0.00014136 -1.68 -0.56
0.0001414 -1.6 -0.4
0.00014144 -1.52 -0.4
0.00014148 -1.44 -0.4
0.00014152 -1.36 -0.4
0.00014156 -1.36 -0.4
0.0001416 -1.2 -0.32
0.00014164 -1.2 -0.32
0.00014168 -1.04 -0.32
0.00014172 -1.04 -0.32
0.00014176 -0.96 -0.24
0.0001418 -0.88 -0.32
0.00014184 -0.8 -0.32
0.00014188 -0.72 -0.32
0.00014192 -0.64 -0.24
0.00014196 -0.56 -0.24
0.000142 -0.4 -0.24
0.00014204 -0.4 -0.32
0.00014208 -0.4 -0.24
0.00014212 -0.32 -0.24
0.00014216 -0.24 -0.24
0.0001422 0 -0.16
0.00014224 0.08 -0.24
0.00014228 0.08 0
0.00014232 0.16 0
0.00014236 0.16 -0.16
0.0001424 0.32 -0.16
0.00014244 0.32 0
0.00014248 0.48 0
0.00014252 0.48 0
0.00014256 0.64 0
0.0001426 0.64 0
0.00014264 0.72 0.08
0.00014268 0.8 0.08
0.00014272 0.96 0
0.00014276 0.96 0.08
0.0001428 1.04 0.08
0.00014284 1.12 0.08
0.00014288 1.12 0.08
0.00014292 1.28 0.08
0.00014296 1.28 0.08
0.000143 1.36 0.16
0.00014304 1.44 0.16
0.00014308 1.44 0.08
0.00014312 1.6 0.16
0.00014316 1.6 0.24
0.0001432 1.76 0.24
0.00014324 1.76 0.32
0.00014328 1.84 0.16
0.00014332 1.84 0.24
0.00014336 2 0.32
0.0001434 2.08 0.32
0.00014344 2.16 0.24
0.00014348 2.24 0.32
0.00014352 2.32 0.4
0.00014356 2.32 0.32
0.0001436 2.4 0.32
0.00014364 2.56 0.32
0.00014368 2.56 0.32
0.00014372 2.64 0.4
0.00014376 2.64 0.32
0.0001438 2.8 0.4
0.00014384 2.88 0.4
0.00014388 2.88 0.48
0.00014392 2.88 0.48
0.00014396 2.96 0.4
0.000144 3.12 0.4
0.00014404 3.12 0.4
0.00014408 3.2 0.48
0.00014412 3.28 0.48
0.00014416 3.28 0.4
0.0001442 3.36 0.48
0.00014424 3.44 0.56
0.00014428 3.52 0.64
0.00014432 3.52 0.48
0.00014436 3.52 0.48
0.0001444 3.68 0.56
0.00014444 3.68 0.64
0.00014448 3.76 0.56
0.00014452 3.84 0.64
0.00014456 3.92 0.64
0.0001446 3.92 0.64
0.00014464 3.92 0.64
0.00014468 4.16 0.64
0.00014472 4.16 0.64
0.00014476 4.16 0.72
0.0001448 4.24 0.72
0.00014484 4.24 0.72
0.00014488 4.32 0.64
0.00014492 4.32 0.72
0.00014496 4.4 0.72
0.000145 4.48 0.72
0.00014504 4.56 0.72
0.00014508 4.56 0.72
0.00014512 4.56 0.8
0.00014516 4.72 0.8
0.0001452 4.8 0.8
0.00014524 4.8 0.72
0.00014528 4.8 0.72
0.00014532 4.8 0.8
0.00014536 4.88 0.8
0.0001454 4.88 0.8
0.00014544 4.96 0.8
0.00014548 4.96 0.8
0.00014552 4.96 0.88
0.00014556 5.12 0.8
0.0001456 5.12 0.88
0.00014564 5.12 0.88
0.00014568 5.2 0.96
0.00014572 5.2 0.8
0.00014576 5.28 0.8
0.0001458 5.28 0.96
0.00014584 5.28 0.96
0.00014588 5.44 0.96
0.00014592 5.44 0.88
0.00014596 5.44 0.88
0.000146 5.44 0.96
0.00014604 5.52 0.96
0.00014608 5.52 0.96
0.00014612 5.52 0.96
0.00014616 5.52 1.04
0.0001462 5.6 0.96
0.00014624 5.6 0.96
0.00014628 5.6 0.96
0.00014632 5.68 0.88
0.00014636 5.68 0.96
0.0001464 5.76 0.96
0.00014644 5.76 0.96
0.00014648 5.76 0.96
0.00014652 5.76 0.96
0.00014656 5.84 0.96
0.0001466 5.76 0.96
0.00014664 5.84 0.96
0.00014668 5.84 1.04
0.00014672 5.92 1.04
0.00014676 5.84 0.96
0.0001468 5.92 0.96
0.00014684 5.92 1.04
0.00014688 5.92 1.04
0.00014692 5.92 1.04
0.00014696 5.92 0.96
0.000147 5.92 1.04
0.00014704 5.92 1.04
0.00014708 6 1.04
0.00014712 5.92 1.04
0.00014716 5.92 0.96
0.0001472 5.92 1.04
0.00014724 6 1.04
0.00014728 5.92 1.04
0.00014732 6.08 1.04
0.00014736 6 0.96
0.0001474 6.08 1.04
0.00014744 6 1.04
0.00014748 5.92 1.04
0.00014752 6.08 0.96
0.00014756 5.92 1.04
0.0001476 5.92 1.04
0.00014764 6 1.04
0.00014768 5.92 1.04
0.00014772 5.92 0.96
0.00014776 5.92 1.04
0.0001478 5.92 1.04
0.00014784 5.92 1.04
0.00014788 5.92 1.04
0.00014792 5.92 1.04
0.00014796 5.92 1.04
0.000148 5.92 1.04
0.00014804 5.84 1.04
0.00014808 5.92 1.04
0.00014812 5.84 1.04
0.00014816 5.84 1.04
0.0001482 5.84 0.96
0.00014824 5.76 1.04
0.00014828 5.84 1.04
0.00014832 5.76 1.04
0.00014836 5.76 1.04
0.0001484 5.76 0.96
0.00014844 5.76 0.96
0.00014848 5.76 0.96
0.00014852 5.6 1.04
0.00014856 5.6 0.96
0.0001486 5.6 0.96
0.00014864 5.6 0.96
0.00014868 5.52 1.04
0.00014872 5.52 0.96
0.00014876 5.52 0.96
0.0001488 5.44 0.88
0.00014884 5.44 0.96
0.00014888 5.44 0.96
0.00014892 5.36 0.96
0.00014896 5.28 0.96
0.000149 5.36 0.96
0.00014904 5.2 0.96
0.00014908 5.28 0.96
0.00014912 5.2 0.96
0.00014916 5.2 0.96
0.0001492 5.12 0.96
0.00014924 5.12 0.88
0.00014928 5.04 0.96
0.00014932 5.04 0.88
0.00014936 4.96 0.88
0.0001494 4.96 0.88
0.00014944 4.88 0.8
0.00014948 4.88 0.8
0.00014952 4.8 0.88
0.00014956 4.8 0.88
0.0001496 4.72 0.88
0.00014964 4.72 0.8
0.00014968 4.64 0.8
0.00014972 4.64 0.8
0.00014976 4.64 0.88
0.0001498 4.48 0.8
0.00014984 4.48 0.72
0.00014988 4.32 0.8
0.00014992 4.32 0.72
0.00014996 4.24 0.8
0.00015 4.24 0.72
0.00015004 4.16 0.72
0.00015008 4.16 0.72
0.00015012 4.16 0.8
0.00015016 4 0.72
0.0001502 4 0.72
0.00015024 3.92 0.72
0.00015028 3.92 0.72
0.00015032 3.84 0.64
0.00015036 3.84 0.64
0.0001504 3.68 0.64
0.00015044 3.68 0.64
0.00015048 3.6 0.64
0.00015052 3.52 0.64
0.00015056 3.52 0.56
0.0001506 3.36 0.56
0.00015064 3.36 0.64
0.00015068 3.28 0.48
0.00015072 3.2 0.56
0.00015076 3.2 0.56
0.0001508 3.12 0.64
0.00015084 3.04 0.56
0.00015088 2.96 0.48
0.00015092 2.88 0.48
0.00015096 2.88 0.48
0.000151 2.72 0.48
0.00015104 2.72 0.48
0.00015108 2.64 0.48
0.00015112 2.64 0.48
0.00015116 2.56 0.48
0.0001512 2.48 0.4
0.00015124 2.4 0.4
0.00015128 2.32 0.4
0.00015132 2.24 0.4
0.00015136 2.24 0.48
0.0001514 2.16 0.32
0.00015144 2.08 0.32
0.00015148 2 0.32
0.00015152 1.92 0.32
0.00015156 1.84 0.32
0.0001516 1.76 0.32
0.00015164 1.68 0.32
0.00015168 1.6 0.32
0.00015172 1.6 0.24
0.00015176 1.44 0.32
0.0001518 1.44 0.24
0.00015184 1.36 0.32
0.00015188 1.28 0.24
0.00015192 1.28 0.16
0.00015196 1.12 0.16
0.000152 1.12 0.16
0.00015204 1.04 0.24
0.00015208 0.96 0.16
0.00015212 0.88 0.16
0.00015216 0.72 0.16
0.0001522 0.8 0.08
0.00015224 0.64 0.08
0.00015228 0.64 0.08
0.00015232 0.48 0
0.00015236 0.4 0.08
0.0001524 0.32 0
0.00015244 0.32 0.08
0.00015248 0.24 0
0.00015252 0.16 0
0.00015256 0 0
0.0001526 0 0
0.00015264 -0.16 0
0.00015268 -0.24 0
0.00015272 -0.24 0
0.00015276 -0.4 0
0.0001528 -0.4 -0.16
0.00015284 -0.48 -0.16
0.00015288 -0.56 -0.16
0.00015292 -0.64 -0.16
0.00015296 -0.72 -0.24
0.000153 -0.8 -0.24
0.00015304 -0.88 -0.24
0.00015308 -0.96 -0.24
0.00015312 -1.04 -0.16
0.00015316 -1.04 -0.24
0.0001532 -1.12 -0.24
0.00015324 -1.28 -0.32
0.00015328 -1.28 -0.24
0.00015332 -1.36 -0.32
0.00015336 -1.44 -0.32
0.0001534 -1.52 -0.32
0.00015344 -1.6 -0.32
0.00015348 -1.68 -0.32
0.00015352 -1.68 -0.4
0.00015356 -1.84 -0.4
0.0001536 -1.92 -0.4
0.00015364 -1.92 -0.32
0.00015368 -2 -0.4
0.00015372 -2.16 -0.4
0.00015376 -2.16 -0.4
0.0001538 -2.24 -0.4
0.00015384 -2.32 -0.4
0.00015388 -2.32 -0.48
0.00015392 -2.4 -0.56
0.00015396 -2.48 -0.48
0.000154 -2.56 -0.56
0.00015404 -2.64 -0.56
0.00015408 -2.64 -0.64
0.00015412 -2.64 -0.56
0.00015416 -2.8 -0.56
0.0001542 -2.88 -0.56
0.00015424 -2.96 -0.64
0.00015428 -2.96 -0.64
0.00015432 -3.04 -0.56
0.00015436 -3.12 -0.56
0.0001544 -3.2 -0.64
0.00015444 -3.28 -0.64
0.00015448 -3.28 -0.72
0.00015452 -3.44 -0.64
0.00015456 -3.44 -0.64
0.0001546 -3.52 -0.72
0.00015464 -3.6 -0.64
0.00015468 -3.6 -0.72
0.00015472 -3.76 -0.64
0.00015476 -3.76 -0.8
0.0001548 -3.84 -0.72
0.00015484 -3.92 -0.72
0.00015488 -3.92 -0.72
0.00015492 -3.92 -0.8
0.00015496 -4.08 -0.88
0.000155 -4.08 -0.8
0.00015504 -4.16 -0.72
0.00015508 -4.24 -0.88
0.00015512 -4.24 -0.88
0.00015516 -4.24 -0.88
0.0001552 -4.4 -0.8
0.00015524 -4.4 -0.8
0.00015528 -4.48 -0.88
0.00015532 -4.56 -0.96
0.00015536 -4.56 -0.88
0.0001554 -4.56 -0.88
0.00015544 -4.56 -0.88
0.00015548 -4.72 -0.96
0.00015552 -4.72 -0.96
0.00015556 -4.8 -0.96
0.0001556 -4.8 -0.88
0.00015564 -4.88 -0.96
0.00015568 -4.88 -0.96
0.00015572 -4.88 -0.96
0.00015576 -5.04 -0.96
0.0001558 -5.04 -0.96
0.00015584 -5.12 -0.96
0.00015588 -5.12 -0.96
0.00015592 -5.2 -1.04
0.00015596 -5.2 -1.04
0.000156 -5.2 -1.04
0.00015604 -5.2 -1.04
0.00015608 -5.28 -1.04
0.00015612 -5.36 -0.96
0.00015616 -5.36 -1.04
0.0001562 -5.36 -1.04
0.00015624 -5.44 -1.12
0.00015628 -5.52 -1.04
0.00015632 -5.52 -1.04
0.00015636 -5.52 -1.12
0.0001564 -5.52 -1.12
0.00015644 -5.6 -1.04
0.00015648 -5.6 -1.04
0.00015652 -5.68 -1.04
0.00015656 -5.68 -1.04
0.0001566 -5.76 -1.12
0.00015664 -5.76 -1.12
0.00015668 -5.76 -1.12
0.00015672 -5.76 -1.12
0.00015676 -5.76 -1.2
0.0001568 -5.84 -1.12
0.00015684 -5.84 -1.2
0.00015688 -5.84 -1.12
0.00015692 -5.84 -1.2
0.00015696 -5.84 -1.2
0.000157 -5.92 -1.04
0.00015704 -6 -1.2
0.00015708 -6 -1.2
0.00015712 -6 -1.2
0.00015716 -6 -1.12
0.0001572 -6 -1.2
0.00015724 -6 -1.12
0.00015728 -6 -1.2
0.00015732 -6.08 -1.2
0.00015736 -6.08 -1.2
0.0001574 -6.08 -1.2
0.00015744 -6.08 -1.2
0.00015748 -6.08 -1.12
0.00015752 -6.08 -1.2
0.00015756 -6.08 -1.2
0.0001576 -6.08 -1.28
0.00015764 -6.08 -1.2
0.00015768 -6.08 -1.2
0.00015772 -6.08 -1.2
0.00015776 -6.16 -1.2
0.0001578 -6.08 -1.28
0.00015784 -6.08 -1.2
0.00015788 -6.08 -1.2
0.00015792 -6.08 -1.2
0.00015796 -6.08 -1.28
0.000158 -6.08 -1.28
0.00015804 -6.08 -1.2
0.00015808 -6.08 -1.2
0.00015812 -6.08 -1.12
0.00015816 -6.08 -1.28
0.0001582 -6.08 -1.2
0.00015824 -6 -1.2
0.00015828 -6.08 -1.2
0.00015832 -6 -1.28
0.00015836 -6.08 -1.2
0.0001584 -6 -1.12
0.00015844 -6 -1.2
0.00015848 -6 -1.2
0.00015852 -6 -1.2
0.00015856 -5.92 -1.2
0.0001586 -5.92 -1.2
0.00015864 -5.84 -1.2
0.00015868 -5.84 -1.2
0.00015872 -5.84 -1.2
0.00015876 -5.84 -1.12
0.0001588 -5.84 -1.12
0.00015884 -5.84 -1.2
0.00015888 -5.76 -1.2
0.00015892 -5.76 -1.2
0.00015896 -5.68 -1.04
0.000159 -5.68 -1.12
0.00015904 -5.68 -1.2
0.00015908 -5.68 -1.2
0.00015912 -5.6 -1.12
0.00015916 -5.52 -1.12
0.0001592 -5.52 -1.12
0.00015924 -5.52 -1.2
0.00015928 -5.52 -1.12
0.00015932 -5.44 -1.12
0.00015936 -5.36 -1.04
0.0001594 -5.36 -1.12
0.00015944 -5.36 -1.04
0.00015948 -5.36 -1.04
0.00015952 -5.28 -1.12
0.00015956 -5.28 -1.12
0.0001596 -5.2 -1.04
0.00015964 -5.2 -1.04
0.00015968 -5.12 -1.04
0.00015972 -5.12 -1.04
0.00015976 -5.12 -1.04
0.0001598 -5.04 -1.04
0.00015984 -4.96 -1.04
0.00015988 -4.88 -1.04
0.00015992 -4.88 -1.04
0.00015996 -4.88 -0.96
