0 -1.6 0.8
4e-08 -1.6 0.8
8e-08 1.6 0.96
1.2e-07 1.6 0.88
1.6e-07 1.68 0.96
2e-07 1.68 0.88
2.4e-07 1.84 0.88
2.8e-07 1.84 0.88
3.2e-07 1.92 0.88
3.6e-07 2 0.88
4e-07 2 0.96
4.4e-07 2.08 0.88
4.8e-07 2.16 0.88
5.2e-07 2.08 0.88
5.6e-07 2.24 0.88
6e-07 2.24 0.88
6.4e-07 2.24 0.8
6.8e-07 2.4 0.8
7.2e-07 2.4 0.96
7.6e-07 2.56 0.88
8e-07 2.56 0.88
8.4e-07 2.56 0.8
8.8e-07 2.64 0.88
9.2e-07 2.72 0.88
9.6e-07 2.72 0.96
1e-06 2.88 0.88
1.04e-06 2.88 0.8
1.08e-06 2.88 0.88
1.12e-06 2.96 0.88
1.16e-06 2.96 0.88
1.2e-06 3.04 0.8
1.24e-06 3.04 0.8
1.28e-06 3.04 0.88
1.32e-06 3.2 0.8
1.36e-06 3.2 0.8
1.4e-06 3.28 0.8
1.44e-06 3.28 0.96
1.48e-06 3.36 0.96
1.52e-06 3.44 0.8
1.56e-06 3.52 0.8
1.6e-06 3.52 0.8
1.64e-06 3.6 0.88
1.68e-06 3.6 0.88
1.72e-06 3.68 0.8
1.76e-06 3.68 0.8
1.8e-06 3.76 0.8
1.84e-06 3.84 0.88
1.88e-06 3.84 0.8
1.92e-06 3.84 0.8
1.96e-06 3.92 0.8
2e-06 4 0.8
2.04e-06 4 0.8
2.08e-06 4 0.8
2.12e-06 4.08 0.8
2.16e-06 4.16 0.8
2.2e-06 4.16 0.8
2.24e-06 4.24 0.8
2.28e-06 4.24 0.72
2.32e-06 4.32 0.8
2.36e-06 4.32 0.8
2.4e-06 4.32 0.72
2.44e-06 4.48 0.72
2.48e-06 4.48 0.72
2.52e-06 4.48 0.8
2.56e-06 4.56 0.72
2.6e-06 4.56 0.72
2.64e-06 4.56 0.72
2.68e-06 4.64 0.72
2.72e-06 4.64 0.72
2.76e-06 4.72 0.72
2.8e-06 4.64 0.72
2.84e-06 4.8 0.64
2.88e-06 4.8 0.72
2.92e-06 4.8 0.72
2.96e-06 4.88 0.72
3e-06 4.88 0.72
3.04e-06 4.96 0.64
3.08e-06 4.96 0.72
3.12e-06 4.96 0.64
3.16e-06 5.12 0.64
3.2e-06 5.12 0.64
3.24e-06 5.12 0.72
3.28e-06 5.12 0.64
3.32e-06 5.12 0.64
3.36e-06 5.2 0.64
3.4e-06 5.2 0.64
3.44e-06 5.2 0.64
3.48e-06 5.28 0.48
3.52e-06 5.28 0.56
3.56e-06 5.28 0.64
3.6e-06 5.36 0.56
3.64e-06 5.44 0.56
3.68e-06 5.44 0.56
3.72e-06 5.44 0.56
3.76e-06 5.44 0.64
3.8e-06 5.44 0.48
3.84e-06 5.52 0.48
3.88e-06 5.52 0.48
3.92e-06 5.52 0.56
3.96e-06 5.6 0.48
4e-06 5.6 0.48
4.04e-06 5.52 0.4
4.08e-06 5.6 0.48
4.12e-06 5.68 0.48
4.16e-06 5.68 0.48
4.2e-06 5.76 0.48
4.24e-06 5.76 0.48
4.28e-06 5.76 0.48
4.32e-06 5.76 0.48
4.36e-06 5.76 0.4
4.4e-06 5.76 0.48
4.44e-06 5.76 0.4
4.48e-06 5.84 0.48
4.52e-06 5.84 0.4
4.56e-06 5.84 0.4
4.6e-06 5.84 0.4
4.64e-06 5.84 0.4
4.68e-06 5.84 0.4
4.72e-06 5.92 0.32
4.76e-06 5.92 0.4
4.8e-06 5.92 0.4
4.84e-06 5.92 0.4
4.88e-06 6 0.4
4.92e-06 5.92 0.32
4.96e-06 6 0.4
5e-06 5.92 0.32
5.04e-06 5.92 0.32
5.08e-06 5.92 0.32
5.12e-06 5.92 0.32
5.16e-06 6 0.32
5.2e-06 6.08 0.24
5.24e-06 6.08 0.32
5.28e-06 6.08 0.16
5.32e-06 6.08 0.16
5.36e-06 6.08 0.32
5.4e-06 6.08 0.24
5.44e-06 6.08 0.16
5.48e-06 6.08 0.16
5.52e-06 6.08 0.24
5.56e-06 6.08 0.32
5.6e-06 6.08 0.24
5.64e-06 6.08 0.16
5.68e-06 6.08 0.16
5.72e-06 6.08 0.16
5.76e-06 6.08 0.16
5.8e-06 6.08 0.16
5.84e-06 6.08 0.08
5.88e-06 6.08 0.16
5.92e-06 6.08 0.16
5.96e-06 5.92 0.08
6e-06 6.08 0.08
6.04e-06 6.08 0.08
6.08e-06 6 0.08
6.12e-06 6 0.08
6.16e-06 6.08 0.08
6.2e-06 6 0.08
6.24e-06 6 0.08
6.28e-06 6.08 0.08
6.32e-06 5.92 0
6.36e-06 6 0
6.4e-06 5.92 0.08
6.44e-06 5.92 0
6.48e-06 5.92 0
6.52e-06 5.92 -0.16
6.56e-06 5.92 0
6.6e-06 5.92 0
6.64e-06 5.84 0
6.68e-06 5.84 0
6.72e-06 5.92 0
6.76e-06 5.84 0
6.8e-06 5.84 -0.16
6.84e-06 5.84 -0.16
6.88e-06 5.84 0
6.92e-06 5.84 -0.16
6.96e-06 5.76 -0.16
7e-06 5.76 -0.24
7.04e-06 5.76 -0.24
7.08e-06 5.76 -0.16
7.12e-06 5.76 -0.16
7.16e-06 5.76 -0.16
7.2e-06 5.76 -0.24
7.24e-06 5.68 -0.24
7.28e-06 5.6 -0.24
7.32e-06 5.6 -0.24
7.36e-06 5.6 -0.24
7.4e-06 5.52 -0.24
7.44e-06 5.52 -0.24
7.48e-06 5.52 -0.24
7.52e-06 5.52 -0.24
7.56e-06 5.44 -0.32
7.6e-06 5.44 -0.32
7.64e-06 5.44 -0.32
7.68e-06 5.44 -0.24
7.72e-06 5.44 -0.32
7.76e-06 5.44 -0.32
7.8e-06 5.44 -0.32
7.84e-06 5.36 -0.32
7.88e-06 5.28 -0.4
7.92e-06 5.28 -0.4
7.96e-06 5.2 -0.4
8e-06 5.2 -0.32
8.04e-06 5.2 -0.4
8.08e-06 5.12 -0.4
8.12e-06 5.2 -0.48
8.16e-06 5.12 -0.4
8.2e-06 5.12 -0.4
8.24e-06 4.96 -0.4
8.28e-06 4.96 -0.4
8.32e-06 4.96 -0.4
8.36e-06 4.88 -0.4
8.4e-06 4.88 -0.4
8.44e-06 4.8 -0.4
8.48e-06 4.88 -0.48
8.52e-06 4.8 -0.56
8.56e-06 4.8 -0.48
8.6e-06 4.72 -0.48
8.64e-06 4.64 -0.48
8.68e-06 4.64 -0.48
8.72e-06 4.56 -0.56
8.76e-06 4.56 -0.56
8.8e-06 4.48 -0.56
8.84e-06 4.48 -0.56
8.88e-06 4.48 -0.56
8.92e-06 4.48 -0.56
8.96e-06 4.4 -0.56
9e-06 4.32 -0.56
9.04e-06 4.32 -0.64
9.08e-06 4.24 -0.56
9.12e-06 4.16 -0.64
9.16e-06 4.16 -0.64
9.2e-06 4.16 -0.64
9.24e-06 4.08 -0.64
9.28e-06 4 -0.64
9.32e-06 4 -0.64
9.36e-06 4 -0.64
9.4e-06 3.92 -0.64
9.44e-06 3.84 -0.64
9.48e-06 3.84 -0.64
9.52e-06 3.84 -0.72
9.56e-06 3.76 -0.72
9.6e-06 3.68 -0.64
9.64e-06 3.68 -0.72
9.68e-06 3.6 -0.72
9.72e-06 3.6 -0.8
9.76e-06 3.52 -0.72
9.8e-06 3.52 -0.72
9.84e-06 3.52 -0.8
9.88e-06 3.36 -0.72
9.92e-06 3.36 -0.72
9.96e-06 3.28 -0.72
1e-05 3.28 -0.72
1.004e-05 3.2 -0.8
1.008e-05 3.2 -0.8
1.012e-05 3.12 -0.8
1.016e-05 3.04 -0.72
1.02e-05 3.04 -0.72
1.024e-05 2.96 -0.8
1.028e-05 2.88 -0.8
1.032e-05 2.88 -0.8
1.036e-05 2.8 -0.88
1.04e-05 2.8 -0.88
1.044e-05 2.72 -0.88
1.048e-05 2.64 -0.88
1.052e-05 2.56 -0.8
1.056e-05 2.56 -0.88
1.06e-05 2.56 -0.88
1.064e-05 2.48 -0.88
1.068e-05 2.4 -0.88
1.072e-05 2.32 -0.88
1.076e-05 2.32 -0.88
1.08e-05 2.24 -0.88
1.084e-05 2.24 -0.88
1.088e-05 2.24 -0.96
1.092e-05 2.08 -0.88
1.096e-05 2.08 -0.96
1.1e-05 1.92 -0.96
1.104e-05 1.92 -0.88
1.108e-05 1.92 -0.88
1.112e-05 1.76 -0.96
1.116e-05 1.76 -0.96
1.12e-05 1.76 -0.88
1.124e-05 1.6 -0.88
1.128e-05 1.6 -0.96
1.132e-05 1.52 -0.96
1.136e-05 1.44 -0.96
1.14e-05 1.44 -0.96
1.144e-05 1.36 -0.96
1.148e-05 1.28 -0.96
1.152e-05 1.28 -0.96
1.156e-05 1.28 -0.96
1.16e-05 1.12 -0.96
1.164e-05 1.04 -0.96
1.168e-05 1.04 -0.96
1.172e-05 0.96 -0.96
1.176e-05 0.96 -0.96
1.18e-05 0.96 -0.96
1.184e-05 0.8 -0.96
1.188e-05 0.8 -0.96
1.192e-05 0.72 -0.96
1.196e-05 0.64 -0.96
1.2e-05 0.64 -1.04
1.204e-05 0.48 -1.04
1.208e-05 0.48 -1.04
1.212e-05 0.4 -0.96
1.216e-05 0.32 -0.96
1.22e-05 0.32 -1.04
1.224e-05 0.32 -1.04
1.228e-05 0.16 -1.04
1.232e-05 0.16 -1.04
1.236e-05 0.08 -1.04
1.24e-05 0 -1.04
1.244e-05 0 -1.04
1.248e-05 0 -1.04
1.252e-05 -0.24 -1.04
1.256e-05 -0.24 -1.04
1.26e-05 -0.32 -1.04
1.264e-05 -0.4 -1.04
1.268e-05 -0.4 -1.04
1.272e-05 -0.48 -1.04
1.276e-05 -0.56 -1.04
1.28e-05 -0.56 -1.04
1.284e-05 -0.64 -1.04
1.288e-05 -0.72 -1.04
1.292e-05 -0.72 -1.04
1.296e-05 -0.88 -1.04
1.3e-05 -0.88 -1.04
1.304e-05 -0.96 -1.04
1.308e-05 -0.96 -1.04
1.312e-05 -1.04 -1.04
1.316e-05 -1.04 -1.04
1.32e-05 -1.2 -1.04
1.324e-05 -1.2 -1.12
1.328e-05 -1.28 -1.04
1.332e-05 -1.36 -1.04
1.336e-05 -1.36 -1.04
1.34e-05 -1.52 -1.04
1.344e-05 -1.52 -1.04
1.348e-05 -1.52 -1.04
1.352e-05 -1.6 -1.04
1.356e-05 -1.68 -1.04
1.36e-05 -1.68 -1.04
1.364e-05 -1.68 -1.04
1.368e-05 -1.84 -1.04
1.372e-05 -1.92 -1.12
1.376e-05 -2 -1.04
1.38e-05 -1.92 -1.04
1.384e-05 -2 -1.04
1.388e-05 -2 -1.04
1.392e-05 -2.16 -1.04
1.396e-05 -2.24 -1.12
1.4e-05 -2.24 -1.04
1.404e-05 -2.32 -1.04
1.408e-05 -2.32 -1.04
1.412e-05 -2.4 -1.04
1.416e-05 -2.48 -1.04
1.42e-05 -2.56 -1.04
1.424e-05 -2.56 -1.04
1.428e-05 -2.64 -1.04
1.432e-05 -2.64 -1.04
1.436e-05 -2.72 -1.04
1.44e-05 -2.8 -1.04
1.444e-05 -2.88 -1.04
1.448e-05 -2.88 -1.04
1.452e-05 -2.96 -1.04
1.456e-05 -2.96 -1.04
1.46e-05 -3.12 -0.96
1.464e-05 -3.04 -1.04
1.468e-05 -3.12 -1.04
1.472e-05 -3.12 -1.04
1.476e-05 -3.2 -0.96
1.48e-05 -3.28 -1.04
1.484e-05 -3.28 -1.04
1.488e-05 -3.36 -1.04
1.492e-05 -3.44 -1.04
1.496e-05 -3.44 -0.96
1.5e-05 -3.52 -0.96
1.504e-05 -3.6 -1.04
1.508e-05 -3.6 -0.96
1.512e-05 -3.6 -1.04
1.516e-05 -3.68 -0.96
1.52e-05 -3.76 -1.04
1.524e-05 -3.84 -1.04
1.528e-05 -3.84 -0.96
1.532e-05 -3.92 -0.96
1.536e-05 -3.92 -0.96
1.54e-05 -3.92 -1.04
1.544e-05 -4 -0.96
1.548e-05 -4 -0.96
1.552e-05 -4.08 -0.96
1.556e-05 -4.08 -0.96
1.56e-05 -4.16 -0.96
1.564e-05 -4.16 -0.96
1.568e-05 -4.24 -0.88
1.572e-05 -4.24 -0.96
1.576e-05 -4.4 -0.96
1.58e-05 -4.4 -0.96
1.584e-05 -4.4 -0.88
1.588e-05 -4.48 -0.96
1.592e-05 -4.48 -0.96
1.596e-05 -4.56 -0.96
1.6e-05 -4.56 -0.88
1.604e-05 -4.56 -0.88
1.608e-05 -4.64 -0.96
1.612e-05 -4.64 -0.96
1.616e-05 -4.72 -0.88
1.62e-05 -4.72 -0.8
1.624e-05 -4.8 -0.88
1.628e-05 -4.8 -0.88
1.632e-05 -4.8 -0.8
1.636e-05 -4.88 -0.88
1.64e-05 -4.88 -0.88
1.644e-05 -4.88 -0.88
1.648e-05 -4.96 -0.8
1.652e-05 -5.04 -0.8
1.656e-05 -5.04 -0.8
1.66e-05 -5.12 -0.8
1.664e-05 -5.2 -0.88
1.668e-05 -5.12 -0.8
1.672e-05 -5.2 -0.8
1.676e-05 -5.2 -0.72
1.68e-05 -5.2 -0.8
1.684e-05 -5.28 -0.8
1.688e-05 -5.36 -0.72
1.692e-05 -5.28 -0.72
1.696e-05 -5.36 -0.8
1.7e-05 -5.36 -0.72
1.704e-05 -5.44 -0.8
1.708e-05 -5.44 -0.72
1.712e-05 -5.52 -0.72
1.716e-05 -5.52 -0.72
1.72e-05 -5.52 -0.8
1.724e-05 -5.52 -0.72
1.728e-05 -5.52 -0.72
1.732e-05 -5.6 -0.72
1.736e-05 -5.6 -0.72
1.74e-05 -5.68 -0.72
1.744e-05 -5.68 -0.64
1.748e-05 -5.68 -0.64
1.752e-05 -5.68 -0.72
1.756e-05 -5.68 -0.64
1.76e-05 -5.76 -0.64
1.764e-05 -5.76 -0.64
1.768e-05 -5.76 -0.72
1.772e-05 -5.76 -0.64
1.776e-05 -5.84 -0.64
1.78e-05 -5.84 -0.64
1.784e-05 -5.84 -0.64
1.788e-05 -5.84 -0.64
1.792e-05 -5.84 -0.56
1.796e-05 -5.84 -0.56
1.8e-05 -5.92 -0.56
1.804e-05 -6 -0.56
1.808e-05 -5.92 -0.64
1.812e-05 -6 -0.56
1.816e-05 -6 -0.56
1.82e-05 -6 -0.56
1.824e-05 -6 -0.56
1.828e-05 -6.08 -0.56
1.832e-05 -6.08 -0.48
1.836e-05 -6 -0.48
1.84e-05 -6.08 -0.56
1.844e-05 -6.08 -0.48
1.848e-05 -6.08 -0.48
1.852e-05 -6.08 -0.48
1.856e-05 -6.08 -0.48
1.86e-05 -6.08 -0.48
1.864e-05 -6.16 -0.48
1.868e-05 -6.08 -0.4
1.872e-05 -6.16 -0.4
1.876e-05 -6.16 -0.4
1.88e-05 -6.16 -0.4
1.884e-05 -6.16 -0.4
1.888e-05 -6.16 -0.4
1.892e-05 -6.16 -0.4
1.896e-05 -6.16 -0.4
1.9e-05 -6.16 -0.4
1.904e-05 -6.16 -0.32
1.908e-05 -6.16 -0.32
1.912e-05 -6.16 -0.4
1.916e-05 -6.16 -0.32
1.92e-05 -6.16 -0.32
1.924e-05 -6.16 -0.32
1.928e-05 -6.16 -0.32
1.932e-05 -6.16 -0.32
1.936e-05 -6.16 -0.32
1.94e-05 -6.16 -0.32
1.944e-05 -6.16 -0.32
1.948e-05 -6.16 -0.32
1.952e-05 -6.16 -0.32
1.956e-05 -6.16 -0.24
1.96e-05 -6.16 -0.24
1.964e-05 -6.08 -0.24
1.968e-05 -6.16 -0.24
1.972e-05 -6.16 -0.16
1.976e-05 -6.08 -0.16
1.98e-05 -6.08 -0.24
1.984e-05 -6.08 -0.24
1.988e-05 -6.08 -0.24
1.992e-05 -6.16 -0.16
1.996e-05 -6.08 -0.16
2e-05 -6 -0.16
2.004e-05 -6.08 -0.16
2.008e-05 -6.08 -0.24
2.012e-05 -6.08 0
2.016e-05 -6.08 -0.16
2.02e-05 -6 0
2.024e-05 -6 0
2.028e-05 -6 0
2.032e-05 -6 0
2.036e-05 -6 0
2.04e-05 -5.92 0
2.044e-05 -6 0
2.048e-05 -5.84 0
2.052e-05 -5.84 0
2.056e-05 -5.84 0
2.06e-05 -5.84 0
2.064e-05 -5.84 0.08
2.068e-05 -5.84 0.08
2.072e-05 -5.76 0
2.076e-05 -5.76 0.08
2.08e-05 -5.76 0
2.084e-05 -5.76 0.16
2.088e-05 -5.76 0.08
2.092e-05 -5.68 0.08
2.096e-05 -5.68 0.08
2.1e-05 -5.68 0.08
2.104e-05 -5.6 0.08
2.108e-05 -5.52 0.08
2.112e-05 -5.52 0.08
2.116e-05 -5.52 0.08
2.12e-05 -5.44 0.16
2.124e-05 -5.52 0.08
2.128e-05 -5.52 0.16
2.132e-05 -5.44 0.24
2.136e-05 -5.44 0.24
2.14e-05 -5.44 0.16
2.144e-05 -5.36 0.16
2.148e-05 -5.36 0.24
2.152e-05 -5.28 0.32
2.156e-05 -5.2 0.24
2.16e-05 -5.2 0.24
2.164e-05 -5.2 0.16
2.168e-05 -5.2 0.24
2.172e-05 -5.2 0.32
2.176e-05 -5.12 0.24
2.18e-05 -5.12 0.24
2.184e-05 -5.04 0.32
2.188e-05 -5.04 0.32
2.192e-05 -4.96 0.32
2.196e-05 -4.88 0.32
2.2e-05 -4.88 0.32
2.204e-05 -4.88 0.32
2.208e-05 -4.88 0.32
2.212e-05 -4.88 0.32
2.216e-05 -4.8 0.32
2.22e-05 -4.72 0.32
2.224e-05 -4.72 0.32
2.228e-05 -4.72 0.4
2.232e-05 -4.64 0.32
2.236e-05 -4.56 0.32
2.24e-05 -4.56 0.4
2.244e-05 -4.56 0.48
2.248e-05 -4.48 0.4
2.252e-05 -4.48 0.4
2.256e-05 -4.4 0.48
2.26e-05 -4.4 0.48
2.264e-05 -4.32 0.48
2.268e-05 -4.24 0.4
2.272e-05 -4.24 0.4
2.276e-05 -4.16 0.48
2.28e-05 -4.16 0.48
2.284e-05 -4.08 0.48
2.288e-05 -4.08 0.48
2.292e-05 -4.08 0.48
2.296e-05 -3.92 0.48
2.3e-05 -3.92 0.48
2.304e-05 -3.92 0.48
2.308e-05 -3.84 0.48
2.312e-05 -3.84 0.64
2.316e-05 -3.76 0.48
2.32e-05 -3.76 0.56
2.324e-05 -3.68 0.56
2.328e-05 -3.6 0.64
2.332e-05 -3.6 0.56
2.336e-05 -3.52 0.48
2.34e-05 -3.52 0.64
2.344e-05 -3.44 0.56
2.348e-05 -3.36 0.56
2.352e-05 -3.44 0.64
2.356e-05 -3.28 0.56
2.36e-05 -3.2 0.64
2.364e-05 -3.2 0.64
2.368e-05 -3.2 0.64
2.372e-05 -3.12 0.64
2.376e-05 -3.04 0.64
2.38e-05 -2.96 0.64
2.384e-05 -2.96 0.64
2.388e-05 -2.88 0.64
2.392e-05 -2.88 0.64
2.396e-05 -2.88 0.64
2.4e-05 -2.8 0.64
2.404e-05 -2.8 0.64
2.408e-05 -2.64 0.72
2.412e-05 -2.56 0.72
2.416e-05 -2.56 0.72
2.42e-05 -2.48 0.72
2.424e-05 -2.4 0.64
2.428e-05 -2.4 0.72
2.432e-05 -2.32 0.72
2.436e-05 -2.32 0.72
2.44e-05 -2.24 0.72
2.444e-05 -2.16 0.72
2.448e-05 -2.16 0.72
2.452e-05 -2.08 0.72
2.456e-05 -2 0.72
2.46e-05 -2 0.72
2.464e-05 -1.92 0.72
2.468e-05 -1.84 0.72
2.472e-05 -1.84 0.8
2.476e-05 -1.68 0.8
2.48e-05 -1.68 0.8
2.484e-05 -1.68 0.8
2.488e-05 -1.52 0.8
2.492e-05 -1.52 0.8
2.496e-05 -1.52 0.8
2.5e-05 -1.36 0.8
2.504e-05 -1.36 0.8
2.508e-05 -1.36 0.8
2.512e-05 -1.28 0.8
2.516e-05 -1.28 0.72
2.52e-05 -1.2 0.8
2.524e-05 -1.12 0.8
2.528e-05 -1.04 0.88
2.532e-05 -1.04 0.8
2.536e-05 -0.96 0.8
2.54e-05 -0.88 0.8
2.544e-05 -0.8 0.88
2.548e-05 -0.72 0.8
2.552e-05 -0.72 0.8
2.556e-05 -0.64 0.8
2.56e-05 -0.64 0.88
2.564e-05 -0.56 0.88
2.568e-05 -0.48 0.8
2.572e-05 -0.4 0.8
2.576e-05 -0.4 0.8
2.58e-05 -0.24 0.96
2.584e-05 -0.32 0.8
2.588e-05 -0.24 0.88
2.592e-05 0 0.8
2.596e-05 0 0.88
2.6e-05 0.08 0.88
2.604e-05 0.08 0.88
2.608e-05 0.16 0.88
2.612e-05 0.32 0.88
2.616e-05 0.32 0.88
2.62e-05 0.32 0.88
2.624e-05 0.4 0.88
2.628e-05 0.4 0.88
2.632e-05 0.48 0.96
2.636e-05 0.64 0.88
2.64e-05 0.64 0.88
2.644e-05 0.64 0.96
2.648e-05 0.72 0.88
2.652e-05 0.8 0.96
2.656e-05 0.88 0.88
2.66e-05 0.88 0.88
2.664e-05 0.96 0.88
2.668e-05 1.04 0.96
2.672e-05 1.12 0.96
2.676e-05 1.12 0.8
2.68e-05 1.2 0.88
2.684e-05 1.28 0.8
2.688e-05 1.28 0.96
2.692e-05 1.36 0.88
2.696e-05 1.36 0.88
2.7e-05 1.44 0.96
2.704e-05 1.6 0.88
2.708e-05 1.6 0.88
2.712e-05 1.6 0.88
2.716e-05 1.68 0.8
2.72e-05 1.76 0.96
2.724e-05 1.68 0.88
2.728e-05 1.76 0.96
2.732e-05 1.92 0.88
2.736e-05 1.92 0.96
2.74e-05 2 0.96
2.744e-05 2.08 0.8
2.748e-05 2.08 0.88
2.752e-05 2.16 0.88
2.756e-05 2.24 0.96
2.76e-05 2.24 0.96
2.764e-05 2.32 0.88
2.768e-05 2.4 0.96
2.772e-05 2.4 0.88
2.776e-05 2.48 0.88
2.78e-05 2.48 0.88
2.784e-05 2.56 0.8
2.788e-05 2.56 0.88
2.792e-05 2.64 0.88
2.796e-05 2.72 0.88
2.8e-05 2.8 0.88
2.804e-05 2.88 0.88
2.808e-05 2.88 0.88
2.812e-05 2.88 0.88
2.816e-05 2.96 0.8
2.82e-05 3.04 0.88
2.824e-05 3.04 0.88
2.828e-05 3.04 0.88
2.832e-05 3.2 0.88
2.836e-05 3.28 0.8
2.84e-05 3.28 0.8
2.844e-05 3.36 0.88
2.848e-05 3.36 0.8
2.852e-05 3.36 0.88
2.856e-05 3.52 0.8
2.86e-05 3.52 0.8
2.864e-05 3.52 0.88
2.868e-05 3.6 0.8
2.872e-05 3.68 0.8
2.876e-05 3.68 0.8
2.88e-05 3.76 0.88
2.884e-05 3.76 0.8
2.888e-05 3.84 0.8
2.892e-05 3.84 0.8
2.896e-05 3.84 0.8
2.9e-05 3.92 0.8
2.904e-05 4 0.72
2.908e-05 4 0.8
2.912e-05 4.16 0.8
2.916e-05 4.16 0.8
2.92e-05 4.16 0.8
2.924e-05 4.16 0.72
2.928e-05 4.16 0.72
2.932e-05 4.24 0.8
2.936e-05 4.32 0.8
2.94e-05 4.32 0.72
2.944e-05 4.32 0.72
2.948e-05 4.48 0.72
2.952e-05 4.48 0.72
2.956e-05 4.48 0.8
2.96e-05 4.56 0.72
2.964e-05 4.56 0.72
2.968e-05 4.64 0.72
2.972e-05 4.64 0.72
2.976e-05 4.64 0.72
2.98e-05 4.72 0.72
2.984e-05 4.8 0.72
2.988e-05 4.8 0.72
2.992e-05 4.8 0.72
2.996e-05 4.88 0.72
3e-05 4.88 0.64
3.004e-05 4.88 0.72
3.008e-05 4.96 0.72
3.012e-05 4.96 0.64
3.016e-05 4.96 0.64
3.02e-05 5.12 0.64
3.024e-05 5.12 0.64
3.028e-05 5.12 0.64
3.032e-05 5.12 0.56
3.036e-05 5.2 0.56
3.04e-05 5.2 0.64
3.044e-05 5.2 0.64
3.048e-05 5.28 0.56
3.052e-05 5.28 0.64
3.056e-05 5.28 0.56
3.06e-05 5.28 0.56
3.064e-05 5.36 0.56
3.068e-05 5.44 0.64
3.072e-05 5.44 0.64
3.076e-05 5.44 0.56
3.08e-05 5.44 0.56
3.084e-05 5.52 0.48
3.088e-05 5.52 0.64
3.092e-05 5.52 0.56
3.096e-05 5.52 0.64
3.1e-05 5.6 0.48
3.104e-05 5.6 0.48
3.108e-05 5.6 0.48
3.112e-05 5.6 0.48
3.116e-05 5.68 0.48
3.12e-05 5.76 0.4
3.124e-05 5.76 0.4
3.128e-05 5.76 0.48
3.132e-05 5.76 0.48
3.136e-05 5.76 0.48
3.14e-05 5.76 0.4
3.144e-05 5.76 0.4
3.148e-05 5.84 0.4
3.152e-05 5.76 0.4
3.156e-05 5.84 0.4
3.16e-05 5.84 0.4
3.164e-05 5.84 0.4
3.168e-05 5.84 0.4
3.172e-05 5.84 0.4
3.176e-05 5.92 0.32
3.18e-05 5.92 0.32
3.184e-05 5.92 0.4
3.188e-05 5.84 0.32
3.192e-05 5.92 0.32
3.196e-05 5.92 0.32
3.2e-05 5.92 0.32
3.204e-05 6 0.32
3.208e-05 6 0.32
3.212e-05 6.08 0.32
3.216e-05 6 0.32
3.22e-05 6.08 0.32
3.224e-05 6 0.32
3.228e-05 6 0.24
3.232e-05 6.08 0.32
3.236e-05 6.08 0.32
3.24e-05 6.08 0.24
3.244e-05 6.08 0.16
3.248e-05 6.08 0.16
3.252e-05 6.08 0.16
3.256e-05 6.08 0.16
3.26e-05 6.08 0.16
3.264e-05 6.08 0.16
3.268e-05 6 0.24
3.272e-05 6.08 0.16
3.276e-05 6.08 0.16
3.28e-05 6.08 0.16
3.284e-05 6 0.08
3.288e-05 6 0.16
3.292e-05 6.08 0.16
3.296e-05 6.08 0.08
3.3e-05 6 0.08
3.304e-05 6 0.08
3.308e-05 6 0.08
3.312e-05 6.08 0.08
3.316e-05 6 0
3.32e-05 5.92 0
3.324e-05 6.08 0.08
3.328e-05 5.92 0.08
3.332e-05 5.92 0
3.336e-05 6 0
3.34e-05 5.92 0
3.344e-05 5.92 0
3.348e-05 5.92 0
3.352e-05 5.92 -0.16
3.356e-05 5.92 0
3.36e-05 5.92 0
3.364e-05 5.84 0
3.368e-05 5.92 -0.16
3.372e-05 5.84 0
3.376e-05 5.84 0
3.38e-05 5.84 0
3.384e-05 5.84 -0.16
3.388e-05 5.84 -0.16
3.392e-05 5.76 0
3.396e-05 5.76 0
3.4e-05 5.76 -0.16
3.404e-05 5.76 -0.24
3.408e-05 5.76 -0.16
3.412e-05 5.76 -0.16
3.416e-05 5.76 -0.24
3.42e-05 5.68 -0.16
3.424e-05 5.68 -0.24
3.428e-05 5.68 -0.24
3.432e-05 5.6 -0.24
3.436e-05 5.6 -0.24
3.44e-05 5.6 -0.24
3.444e-05 5.6 -0.32
3.448e-05 5.52 -0.24
3.452e-05 5.52 -0.32
3.456e-05 5.52 -0.24
3.46e-05 5.44 -0.32
3.464e-05 5.44 -0.32
3.468e-05 5.44 -0.32
3.472e-05 5.44 -0.4
3.476e-05 5.36 -0.32
3.48e-05 5.36 -0.32
3.484e-05 5.28 -0.32
3.488e-05 5.36 -0.32
3.492e-05 5.28 -0.4
3.496e-05 5.28 -0.4
3.5e-05 5.2 -0.4
3.504e-05 5.2 -0.32
3.508e-05 5.12 -0.4
3.512e-05 5.12 -0.4
3.516e-05 5.12 -0.4
3.52e-05 5.12 -0.4
3.524e-05 5.04 -0.4
3.528e-05 4.96 -0.48
3.532e-05 4.96 -0.4
3.536e-05 4.96 -0.4
3.54e-05 4.88 -0.4
3.544e-05 4.88 -0.48
3.548e-05 4.8 -0.48
3.552e-05 4.8 -0.48
3.556e-05 4.8 -0.48
3.56e-05 4.8 -0.48
3.564e-05 4.8 -0.48
3.568e-05 4.64 -0.56
3.572e-05 4.64 -0.48
3.576e-05 4.56 -0.56
3.58e-05 4.56 -0.56
3.584e-05 4.56 -0.56
3.588e-05 4.48 -0.56
3.592e-05 4.48 -0.56
3.596e-05 4.4 -0.64
3.6e-05 4.4 -0.64
3.604e-05 4.32 -0.64
3.608e-05 4.24 -0.56
3.612e-05 4.24 -0.56
3.616e-05 4.16 -0.64
3.62e-05 4.16 -0.64
3.624e-05 4.16 -0.64
3.628e-05 4.16 -0.56
3.632e-05 4 -0.64
3.636e-05 4 -0.64
3.64e-05 3.92 -0.64
3.644e-05 3.92 -0.72
3.648e-05 3.92 -0.64
3.652e-05 3.84 -0.72
3.656e-05 3.84 -0.72
3.66e-05 3.76 -0.64
3.664e-05 3.76 -0.64
3.668e-05 3.68 -0.64
3.672e-05 3.6 -0.72
3.676e-05 3.52 -0.72
3.68e-05 3.52 -0.64
3.684e-05 3.52 -0.72
3.688e-05 3.36 -0.8
3.692e-05 3.36 -0.8
3.696e-05 3.36 -0.72
3.7e-05 3.28 -0.72
3.704e-05 3.28 -0.72
3.708e-05 3.2 -0.8
3.712e-05 3.2 -0.8
3.716e-05 3.12 -0.8
3.72e-05 3.04 -0.72
3.724e-05 2.96 -0.8
3.728e-05 2.96 -0.8
3.732e-05 2.88 -0.72
3.736e-05 2.88 -0.8
3.74e-05 2.88 -0.8
3.744e-05 2.72 -0.88
3.748e-05 2.72 -0.88
3.752e-05 2.64 -0.88
3.756e-05 2.56 -0.88
3.76e-05 2.56 -0.88
3.764e-05 2.56 -0.88
3.768e-05 2.4 -0.88
3.772e-05 2.4 -0.8
3.776e-05 2.32 -0.96
3.78e-05 2.24 -0.88
3.784e-05 2.24 -0.88
3.788e-05 2.16 -0.88
3.792e-05 2.16 -0.88
3.796e-05 2.08 -0.96
3.8e-05 2 -0.88
3.804e-05 2 -0.96
3.808e-05 1.92 -0.88
3.812e-05 1.84 -0.96
3.816e-05 1.76 -0.96
3.82e-05 1.76 -0.96
3.824e-05 1.68 -0.88
3.828e-05 1.68 -0.96
3.832e-05 1.6 -0.96
3.836e-05 1.6 -0.96
3.84e-05 1.44 -0.96
3.844e-05 1.36 -0.96
3.848e-05 1.36 -0.96
3.852e-05 1.28 -0.96
3.856e-05 1.28 -0.96
3.86e-05 1.28 -0.96
3.864e-05 1.12 -1.04
3.868e-05 1.12 -1.04
3.872e-05 1.04 -0.96
3.876e-05 0.96 -1.04
3.88e-05 0.96 -0.96
3.884e-05 0.96 -1.04
3.888e-05 0.8 -1.04
3.892e-05 0.8 -0.96
3.896e-05 0.72 -0.96
3.9e-05 0.64 -0.96
3.904e-05 0.56 -1.04
3.908e-05 0.48 -1.04
3.912e-05 0.48 -0.96
3.916e-05 0.4 -1.04
3.92e-05 0.4 -1.04
3.924e-05 0.32 -1.04
3.928e-05 0.32 -1.04
3.932e-05 0.16 -0.96
3.936e-05 0.08 -1.04
3.94e-05 0.08 -1.04
3.944e-05 0 -1.04
3.948e-05 0 -0.96
3.952e-05 -0.24 -1.04
3.956e-05 -0.24 -1.04
3.96e-05 -0.24 -0.96
3.964e-05 -0.32 -0.96
3.968e-05 -0.4 -1.04
3.972e-05 -0.4 -1.04
3.976e-05 -0.56 -1.04
3.98e-05 -0.56 -1.04
3.984e-05 -0.64 -1.04
3.988e-05 -0.72 -1.04
3.992e-05 -0.72 -1.12
3.996e-05 -0.88 -1.04
4e-05 -0.88 -0.96
4.004e-05 -0.88 -1.04
4.008e-05 -0.96 -1.04
4.012e-05 -1.04 -1.04
4.016e-05 -1.04 -1.04
4.02e-05 -1.2 -1.04
4.024e-05 -1.2 -1.04
4.028e-05 -1.28 -1.04
4.032e-05 -1.28 -1.12
4.036e-05 -1.36 -1.04
4.04e-05 -1.36 -1.12
4.044e-05 -1.44 -1.04
4.048e-05 -1.52 -1.04
4.052e-05 -1.6 -1.04
4.056e-05 -1.6 -1.04
4.06e-05 -1.68 -1.04
4.064e-05 -1.68 -1.04
4.068e-05 -1.84 -1.04
4.072e-05 -1.84 -0.96
4.076e-05 -1.92 -1.04
4.08e-05 -1.92 -1.04
4.084e-05 -2 -1.04
4.088e-05 -2 -1.04
4.092e-05 -2.16 -1.04
4.096e-05 -2.16 -1.04
4.1e-05 -2.24 -1.12
4.104e-05 -2.24 -1.04
4.108e-05 -2.32 -1.04
4.112e-05 -2.4 -1.04
4.116e-05 -2.4 -1.04
4.12e-05 -2.48 -1.04
4.124e-05 -2.56 -1.04
4.128e-05 -2.64 -1.04
4.132e-05 -2.64 -1.04
4.136e-05 -2.64 -1.12
4.14e-05 -2.8 -1.04
4.144e-05 -2.8 -1.04
4.148e-05 -2.8 -1.04
4.152e-05 -2.96 -1.04
4.156e-05 -2.96 -0.96
4.16e-05 -2.96 -0.96
4.164e-05 -2.96 -1.04
4.168e-05 -3.04 -1.04
4.172e-05 -3.2 -1.04
4.176e-05 -3.2 -0.96
4.18e-05 -3.28 -0.96
4.184e-05 -3.28 -1.04
4.188e-05 -3.28 -0.96
4.192e-05 -3.36 -1.04
4.196e-05 -3.44 -1.04
4.2e-05 -3.44 -1.04
4.204e-05 -3.52 -0.96
4.208e-05 -3.52 -0.96
4.212e-05 -3.6 -0.96
4.216e-05 -3.6 -0.96
4.22e-05 -3.68 -1.04
4.224e-05 -3.76 -1.04
4.228e-05 -3.76 -0.96
4.232e-05 -3.84 -0.96
4.236e-05 -3.84 -1.04
4.24e-05 -3.92 -1.04
4.244e-05 -3.92 -0.96
4.248e-05 -4 -0.96
4.252e-05 -4.08 -0.96
4.256e-05 -4.08 -0.96
4.26e-05 -4.16 -0.96
4.264e-05 -4.16 -0.88
4.268e-05 -4.24 -0.96
4.272e-05 -4.24 -0.88
4.276e-05 -4.24 -0.96
4.28e-05 -4.4 -0.88
4.284e-05 -4.4 -0.88
4.288e-05 -4.48 -0.96
4.292e-05 -4.4 -0.96
4.296e-05 -4.48 -0.96
4.3e-05 -4.48 -0.88
4.304e-05 -4.56 -0.96
4.308e-05 -4.64 -0.88
4.312e-05 -4.64 -0.88
4.316e-05 -4.72 -0.88
4.32e-05 -4.72 -0.88
4.324e-05 -4.72 -0.88
4.328e-05 -4.8 -0.88
4.332e-05 -4.8 -0.88
4.336e-05 -4.88 -0.88
4.34e-05 -4.88 -0.88
4.344e-05 -4.88 -0.88
4.348e-05 -4.88 -0.88
4.352e-05 -4.96 -0.8
4.356e-05 -5.04 -0.72
4.36e-05 -5.04 -0.88
4.364e-05 -5.12 -0.8
4.368e-05 -5.12 -0.8
4.372e-05 -5.2 -0.8
4.376e-05 -5.2 -0.88
4.38e-05 -5.2 -0.88
4.384e-05 -5.2 -0.8
4.388e-05 -5.28 -0.8
4.392e-05 -5.36 -0.8
4.396e-05 -5.28 -0.8
4.4e-05 -5.36 -0.8
4.404e-05 -5.36 -0.72
4.408e-05 -5.44 -0.8
4.412e-05 -5.44 -0.72
4.416e-05 -5.52 -0.72
4.42e-05 -5.52 -0.8
4.424e-05 -5.52 -0.72
4.428e-05 -5.52 -0.72
4.432e-05 -5.52 -0.72
4.436e-05 -5.52 -0.72
4.44e-05 -5.68 -0.72
4.444e-05 -5.68 -0.72
4.448e-05 -5.6 -0.64
4.452e-05 -5.68 -0.72
4.456e-05 -5.68 -0.64
4.46e-05 -5.76 -0.64
4.464e-05 -5.76 -0.64
4.468e-05 -5.76 -0.64
4.472e-05 -5.76 -0.64
4.476e-05 -5.84 -0.72
4.48e-05 -5.84 -0.64
4.484e-05 -5.84 -0.64
4.488e-05 -5.84 -0.64
4.492e-05 -5.84 -0.64
4.496e-05 -5.84 -0.64
4.5e-05 -5.84 -0.56
4.504e-05 -5.92 -0.64
4.508e-05 -6 -0.56
4.512e-05 -6 -0.56
4.516e-05 -6 -0.48
4.52e-05 -6 -0.56
4.524e-05 -6 -0.56
4.528e-05 -6 -0.56
4.532e-05 -6 -0.48
4.536e-05 -6 -0.48
4.54e-05 -6.08 -0.56
4.544e-05 -6.08 -0.56
4.548e-05 -6.08 -0.48
4.552e-05 -6.08 -0.48
4.556e-05 -6.08 -0.48
4.56e-05 -6.16 -0.48
4.564e-05 -6.08 -0.4
4.568e-05 -6.16 -0.4
4.572e-05 -6.16 -0.4
4.576e-05 -6.16 -0.48
4.58e-05 -6.16 -0.48
4.584e-05 -6.16 -0.4
4.588e-05 -6.16 -0.4
4.592e-05 -6.16 -0.4
4.596e-05 -6.16 -0.4
4.6e-05 -6.16 -0.4
4.604e-05 -6.16 -0.32
4.608e-05 -6.16 -0.4
4.612e-05 -6.16 -0.4
4.616e-05 -6.16 -0.4
4.62e-05 -6.16 -0.32
4.624e-05 -6.16 -0.32
4.628e-05 -6.16 -0.4
4.632e-05 -6.16 -0.32
4.636e-05 -6.16 -0.32
4.64e-05 -6.16 -0.24
4.644e-05 -6.16 -0.32
4.648e-05 -6.16 -0.32
4.652e-05 -6.16 -0.32
4.656e-05 -6.16 -0.24
4.66e-05 -6.08 -0.24
4.664e-05 -6.16 -0.32
4.668e-05 -6.16 -0.24
4.672e-05 -6.16 -0.24
4.676e-05 -6.16 -0.24
4.68e-05 -6.08 -0.16
4.684e-05 -6.08 -0.24
4.688e-05 -6.08 -0.16
4.692e-05 -6.08 -0.24
4.696e-05 -6.08 -0.24
4.7e-05 -6.08 -0.16
4.704e-05 -6.08 -0.16
4.708e-05 -6.08 0
4.712e-05 -6 -0.16
4.716e-05 -6 0
4.72e-05 -6 -0.16
4.724e-05 -6 -0.16
4.728e-05 -6 0
4.732e-05 -6 -0.16
4.736e-05 -6 0
4.74e-05 -6 0
4.744e-05 -5.92 0
4.748e-05 -5.92 0
4.752e-05 -5.92 0
4.756e-05 -5.84 0
4.76e-05 -5.84 0
4.764e-05 -5.84 0
4.768e-05 -5.84 0
4.772e-05 -5.76 0
4.776e-05 -5.76 0
4.78e-05 -5.76 0
4.784e-05 -5.76 0.08
4.788e-05 -5.68 0
4.792e-05 -5.68 0.08
4.796e-05 -5.68 0.08
4.8e-05 -5.68 0.16
4.804e-05 -5.68 0.08
4.808e-05 -5.52 0.08
4.812e-05 -5.6 0.16
4.816e-05 -5.52 0.16
4.82e-05 -5.52 0.16
4.824e-05 -5.44 0.08
4.828e-05 -5.44 0.16
4.832e-05 -5.52 0.16
4.836e-05 -5.44 0.16
4.84e-05 -5.36 0.16
4.844e-05 -5.36 0.16
4.848e-05 -5.36 0.16
4.852e-05 -5.28 0.24
4.856e-05 -5.2 0.24
4.86e-05 -5.28 0.32
4.864e-05 -5.2 0.24
4.868e-05 -5.2 0.32
4.872e-05 -5.12 0.24
4.876e-05 -5.12 0.24
4.88e-05 -5.12 0.32
4.884e-05 -5.04 0.24
4.888e-05 -5.04 0.24
4.892e-05 -5.04 0.32
4.896e-05 -5.04 0.32
4.9e-05 -4.88 0.32
4.904e-05 -4.88 0.32
4.908e-05 -4.88 0.4
4.912e-05 -4.88 0.32
4.916e-05 -4.8 0.32
4.92e-05 -4.8 0.32
4.924e-05 -4.72 0.48
4.928e-05 -4.72 0.32
4.932e-05 -4.72 0.32
4.936e-05 -4.56 0.4
4.94e-05 -4.56 0.4
4.944e-05 -4.56 0.4
4.948e-05 -4.56 0.4
4.952e-05 -4.48 0.4
4.956e-05 -4.4 0.4
4.96e-05 -4.4 0.4
4.964e-05 -4.4 0.48
4.968e-05 -4.32 0.4
4.972e-05 -4.24 0.48
4.976e-05 -4.24 0.48
4.98e-05 -4.16 0.48
4.984e-05 -4.16 0.48
4.988e-05 -4.08 0.48
4.992e-05 -4 0.48
4.996e-05 -4.08 0.56
5e-05 -3.92 0.48
5.004e-05 -3.92 0.48
5.008e-05 -3.84 0.56
5.012e-05 -3.84 0.64
5.016e-05 -3.84 0.48
5.02e-05 -3.76 0.48
5.024e-05 -3.76 0.48
5.028e-05 -3.76 0.56
5.032e-05 -3.6 0.56
5.036e-05 -3.6 0.56
5.04e-05 -3.52 0.56
5.044e-05 -3.52 0.48
5.048e-05 -3.44 0.64
5.052e-05 -3.44 0.56
5.056e-05 -3.36 0.64
5.06e-05 -3.28 0.56
5.064e-05 -3.2 0.64
5.068e-05 -3.2 0.64
5.072e-05 -3.2 0.56
5.076e-05 -3.12 0.64
5.08e-05 -2.96 0.64
5.084e-05 -3.04 0.72
5.088e-05 -2.96 0.64
5.092e-05 -2.88 0.64
5.096e-05 -2.88 0.64
5.1e-05 -2.8 0.64
5.104e-05 -2.72 0.72
5.108e-05 -2.64 0.64
5.112e-05 -2.64 0.72
5.116e-05 -2.64 0.72
5.12e-05 -2.56 0.72
5.124e-05 -2.48 0.72
5.128e-05 -2.48 0.72
5.132e-05 -2.4 0.72
5.136e-05 -2.32 0.8
5.14e-05 -2.24 0.72
5.144e-05 -2.24 0.72
5.148e-05 -2.16 0.72
5.152e-05 -2.16 0.8
5.156e-05 -2.08 0.72
5.16e-05 -2 0.72
5.164e-05 -1.92 0.72
5.168e-05 -1.92 0.72
5.172e-05 -1.84 0.8
5.176e-05 -1.84 0.72
5.18e-05 -1.68 0.72
5.184e-05 -1.68 0.72
5.188e-05 -1.68 0.8
5.192e-05 -1.6 0.8
5.196e-05 -1.52 0.72
5.2e-05 -1.52 0.8
5.204e-05 -1.36 0.8
5.208e-05 -1.36 0.88
5.212e-05 -1.36 0.8
5.216e-05 -1.28 0.72
5.22e-05 -1.2 0.8
5.224e-05 -1.2 0.8
5.228e-05 -1.04 0.8
5.232e-05 -1.04 0.8
5.236e-05 -0.96 0.8
5.24e-05 -0.96 0.8
5.244e-05 -0.88 0.88
5.248e-05 -0.88 0.88
5.252e-05 -0.72 0.8
5.256e-05 -0.64 0.8
5.26e-05 -0.64 0.8
5.264e-05 -0.56 0.88
5.268e-05 -0.56 0.8
5.272e-05 -0.4 0.8
5.276e-05 -0.4 0.96
5.28e-05 -0.4 0.88
5.284e-05 -0.32 0.88
5.288e-05 -0.24 0.8
5.292e-05 -0.24 0.96
5.296e-05 0 0.88
5.3e-05 0.08 0.88
5.304e-05 0.08 0.8
5.308e-05 0.08 0.8
5.312e-05 0.16 0.96
5.316e-05 0.24 0.96
5.32e-05 0.32 0.88
5.324e-05 0.32 0.8
5.328e-05 0.4 0.8
5.332e-05 0.48 0.88
5.336e-05 0.56 0.88
5.34e-05 0.64 0.88
5.344e-05 0.64 0.88
5.348e-05 0.72 0.96
5.352e-05 0.72 0.88
5.356e-05 0.8 0.88
5.36e-05 0.8 0.88
5.364e-05 0.88 0.8
5.368e-05 0.96 0.96
5.372e-05 1.04 0.96
5.376e-05 1.04 0.96
5.38e-05 1.12 0.96
5.384e-05 1.2 0.96
5.388e-05 1.28 0.96
5.392e-05 1.28 0.88
5.396e-05 1.36 0.8
5.4e-05 1.36 0.96
5.404e-05 1.44 0.96
5.408e-05 1.6 0.88
5.412e-05 1.6 0.8
5.416e-05 1.6 0.88
5.42e-05 1.68 0.88
5.424e-05 1.68 0.96
5.428e-05 1.76 0.88
5.432e-05 1.92 0.88
5.436e-05 1.92 0.96
5.44e-05 2 0.96
5.444e-05 2 0.88
5.448e-05 2.08 0.88
5.452e-05 2.08 0.88
5.456e-05 2.16 0.88
5.46e-05 2.24 0.88
5.464e-05 2.24 0.8
5.468e-05 2.32 0.8
5.472e-05 2.4 0.96
5.476e-05 2.4 0.88
5.48e-05 2.56 0.8
5.484e-05 2.56 0.88
5.488e-05 2.56 0.8
5.492e-05 2.64 0.96
5.496e-05 2.64 0.8
5.5e-05 2.72 0.8
5.504e-05 2.8 0.88
5.508e-05 2.88 0.96
5.512e-05 2.88 0.8
5.516e-05 2.88 0.8
5.52e-05 2.96 0.88
5.524e-05 3.04 0.8
5.528e-05 3.12 0.88
5.532e-05 3.04 0.88
5.536e-05 3.12 0.8
5.54e-05 3.28 0.88
5.544e-05 3.2 0.8
5.548e-05 3.28 0.88
5.552e-05 3.36 0.88
5.556e-05 3.36 0.8
5.56e-05 3.52 0.88
5.564e-05 3.52 0.8
5.568e-05 3.52 0.88
5.572e-05 3.52 0.8
5.576e-05 3.6 0.8
5.58e-05 3.68 0.88
5.584e-05 3.68 0.8
5.588e-05 3.84 0.8
5.592e-05 3.84 0.8
5.596e-05 3.84 0.88
5.6e-05 3.84 0.88
5.604e-05 3.92 0.8
5.608e-05 4 0.8
5.612e-05 4.08 0.8
5.616e-05 4.08 0.8
5.62e-05 4.08 0.8
5.624e-05 4.16 0.8
5.628e-05 4.16 0.8
5.632e-05 4.24 0.8
5.636e-05 4.24 0.8
5.64e-05 4.24 0.72
5.644e-05 4.32 0.72
5.648e-05 4.48 0.72
5.652e-05 4.48 0.8
5.656e-05 4.48 0.72
5.66e-05 4.48 0.72
5.664e-05 4.56 0.72
5.668e-05 4.64 0.72
5.672e-05 4.64 0.72
5.676e-05 4.64 0.72
5.68e-05 4.64 0.72
5.684e-05 4.72 0.8
5.688e-05 4.8 0.72
5.692e-05 4.8 0.72
5.696e-05 4.8 0.64
5.7e-05 4.88 0.64
5.704e-05 4.88 0.64
5.708e-05 4.96 0.72
5.712e-05 4.96 0.64
5.716e-05 4.96 0.64
5.72e-05 5.12 0.72
5.724e-05 5.12 0.64
5.728e-05 5.12 0.64
5.732e-05 5.12 0.64
5.736e-05 5.12 0.64
5.74e-05 5.12 0.64
5.744e-05 5.2 0.64
5.748e-05 5.2 0.56
5.752e-05 5.28 0.64
5.756e-05 5.28 0.64
5.76e-05 5.28 0.64
5.764e-05 5.28 0.56
5.768e-05 5.28 0.56
5.772e-05 5.44 0.56
5.776e-05 5.44 0.64
5.78e-05 5.44 0.56
5.784e-05 5.44 0.48
5.788e-05 5.52 0.48
5.792e-05 5.52 0.48
5.796e-05 5.52 0.64
5.8e-05 5.52 0.4
5.804e-05 5.6 0.48
5.808e-05 5.6 0.48
5.812e-05 5.6 0.48
5.816e-05 5.6 0.56
5.82e-05 5.6 0.48
5.824e-05 5.68 0.48
5.828e-05 5.76 0.48
5.832e-05 5.76 0.4
5.836e-05 5.76 0.4
5.84e-05 5.76 0.4
5.844e-05 5.76 0.48
5.848e-05 5.76 0.4
5.852e-05 5.84 0.4
5.856e-05 5.84 0.4
5.86e-05 5.84 0.4
5.864e-05 5.84 0.4
5.868e-05 5.84 0.4
5.872e-05 5.92 0.32
5.876e-05 5.92 0.32
5.88e-05 5.92 0.4
5.884e-05 5.92 0.4
5.888e-05 5.92 0.32
5.892e-05 5.92 0.32
5.896e-05 5.92 0.32
5.9e-05 5.92 0.4
5.904e-05 5.92 0.32
5.908e-05 6 0.32
5.912e-05 6 0.32
5.916e-05 6.08 0.32
5.92e-05 6 0.32
5.924e-05 6 0.32
5.928e-05 6.08 0.24
5.932e-05 6.08 0.24
5.936e-05 6.08 0.32
5.94e-05 6.08 0.32
5.944e-05 6.08 0.24
5.948e-05 6.08 0.24
5.952e-05 6.08 0.24
5.956e-05 6.08 0.24
5.96e-05 6.08 0.08
5.964e-05 6.08 0.16
5.968e-05 6.08 0.16
5.972e-05 6.08 0.24
5.976e-05 6.08 0.16
5.98e-05 6.08 0.08
5.984e-05 6.08 0.16
5.988e-05 6.08 0.16
5.992e-05 6.08 0.16
5.996e-05 6.08 0.16
6e-05 6.08 0.08
6.004e-05 6.08 0.08
6.008e-05 6 0.08
6.012e-05 6 0.08
6.016e-05 6 0
6.02e-05 5.92 0.08
6.024e-05 6 0
6.028e-05 6 0.08
6.032e-05 6 0.08
6.036e-05 5.92 0
6.04e-05 5.92 0.08
6.044e-05 5.92 0
6.048e-05 5.92 0
6.052e-05 5.92 0
6.056e-05 5.92 0
6.06e-05 5.92 0.08
6.064e-05 5.92 0
6.068e-05 5.92 0
6.072e-05 5.92 -0.16
6.076e-05 5.84 0
6.08e-05 5.92 0
6.084e-05 5.84 -0.16
6.088e-05 5.84 -0.16
6.092e-05 5.84 -0.16
6.096e-05 5.84 -0.16
6.1e-05 5.76 0
6.104e-05 5.76 -0.16
6.108e-05 5.76 -0.16
6.112e-05 5.76 -0.16
6.116e-05 5.68 -0.24
6.12e-05 5.68 -0.24
6.124e-05 5.76 -0.24
6.128e-05 5.6 -0.24
6.132e-05 5.6 -0.24
6.136e-05 5.6 -0.24
6.14e-05 5.6 -0.32
6.144e-05 5.6 -0.24
6.148e-05 5.52 -0.24
6.152e-05 5.52 -0.32
6.156e-05 5.52 -0.32
6.16e-05 5.52 -0.32
6.164e-05 5.52 -0.32
6.168e-05 5.52 -0.24
6.172e-05 5.44 -0.32
6.176e-05 5.44 -0.32
6.18e-05 5.44 -0.32
6.184e-05 5.44 -0.4
6.188e-05 5.28 -0.4
6.192e-05 5.28 -0.32
6.196e-05 5.28 -0.4
6.2e-05 5.28 -0.4
6.204e-05 5.2 -0.4
6.208e-05 5.2 -0.4
6.212e-05 5.12 -0.4
6.216e-05 5.12 -0.4
6.22e-05 5.12 -0.4
6.224e-05 5.12 -0.4
6.228e-05 5.12 -0.48
6.232e-05 4.96 -0.4
6.236e-05 5.04 -0.48
6.24e-05 4.96 -0.48
6.244e-05 4.88 -0.48
6.248e-05 4.8 -0.48
6.252e-05 4.88 -0.4
6.256e-05 4.8 -0.48
6.26e-05 4.8 -0.48
6.264e-05 4.8 -0.56
6.268e-05 4.64 -0.56
6.272e-05 4.64 -0.48
6.276e-05 4.64 -0.56
6.28e-05 4.56 -0.56
6.284e-05 4.56 -0.56
6.288e-05 4.56 -0.56
6.292e-05 4.48 -0.56
6.296e-05 4.48 -0.64
6.3e-05 4.48 -0.64
6.304e-05 4.32 -0.56
6.308e-05 4.32 -0.56
6.312e-05 4.32 -0.64
6.316e-05 4.24 -0.64
6.32e-05 4.16 -0.64
6.324e-05 4.16 -0.56
6.328e-05 4.16 -0.64
6.332e-05 4.16 -0.64
6.336e-05 4.16 -0.64
6.34e-05 4 -0.72
6.344e-05 4 -0.56
6.348e-05 3.84 -0.64
6.352e-05 3.84 -0.72
6.356e-05 3.84 -0.72
6.36e-05 3.76 -0.64
6.364e-05 3.68 -0.64
6.368e-05 3.68 -0.72
6.372e-05 3.6 -0.72
6.376e-05 3.6 -0.8
6.38e-05 3.52 -0.64
6.384e-05 3.52 -0.72
6.388e-05 3.44 -0.8
6.392e-05 3.44 -0.72
6.396e-05 3.36 -0.72
6.4e-05 3.28 -0.72
6.404e-05 3.28 -0.8
6.408e-05 3.2 -0.8
6.412e-05 3.2 -0.72
6.416e-05 3.2 -0.8
6.42e-05 3.04 -0.72
6.424e-05 3.04 -0.88
6.428e-05 2.96 -0.8
6.432e-05 2.96 -0.8
6.436e-05 2.88 -0.8
6.44e-05 2.8 -0.88
6.444e-05 2.8 -0.88
6.448e-05 2.72 -0.8
6.452e-05 2.64 -0.88
6.456e-05 2.56 -0.8
6.46e-05 2.56 -0.88
6.464e-05 2.56 -0.88
6.468e-05 2.56 -0.88
6.472e-05 2.4 -0.88
6.476e-05 2.32 -0.88
6.48e-05 2.32 -0.88
6.484e-05 2.24 -0.88
6.488e-05 2.24 -0.88
6.492e-05 2.16 -0.88
6.496e-05 2.08 -0.96
6.5e-05 2.08 -0.88
6.504e-05 2 -0.88
6.508e-05 1.92 -0.88
6.512e-05 1.92 -0.96
6.516e-05 1.92 -0.96
6.52e-05 1.76 -0.96
6.524e-05 1.68 -0.96
6.528e-05 1.68 -1.04
6.532e-05 1.6 -1.04
6.536e-05 1.6 -0.96
6.54e-05 1.6 -0.96
6.544e-05 1.44 -0.96
6.548e-05 1.44 -0.96
6.552e-05 1.36 -0.96
6.556e-05 1.28 -0.96
6.56e-05 1.28 -0.96
6.564e-05 1.2 -1.04
6.568e-05 1.12 -1.04
6.572e-05 1.04 -0.96
6.576e-05 1.04 -0.96
6.58e-05 0.96 -0.96
6.584e-05 0.96 -1.04
6.588e-05 0.88 -1.04
6.592e-05 0.8 -1.04
6.596e-05 0.72 -0.96
6.6e-05 0.72 -1.04
6.604e-05 0.64 -1.04
6.608e-05 0.64 -0.96
6.612e-05 0.48 -0.96
6.616e-05 0.48 -1.04
6.62e-05 0.32 -0.96
6.624e-05 0.32 -1.04
6.628e-05 0.32 -0.96
6.632e-05 0.16 -1.04
6.636e-05 0.16 -1.04
6.64e-05 0.08 -1.04
6.644e-05 0.08 -1.04
6.648e-05 0 -1.04
6.652e-05 -0.16 -1.04
6.656e-05 -0.24 -1.04
6.66e-05 -0.24 -1.04
6.664e-05 -0.32 -1.04
6.668e-05 -0.4 -1.04
6.672e-05 -0.4 -1.04
6.676e-05 -0.4 -1.04
6.68e-05 -0.56 -1.04
6.684e-05 -0.56 -1.04
6.688e-05 -0.72 -1.04
6.692e-05 -0.64 -1.04
6.696e-05 -0.72 -1.04
6.7e-05 -0.88 -1.04
6.704e-05 -0.88 -1.04
6.708e-05 -0.96 -1.04
6.712e-05 -1.04 -1.04
6.716e-05 -1.04 -1.04
6.72e-05 -1.04 -1.04
6.724e-05 -1.04 -1.04
6.728e-05 -1.2 -1.04
6.732e-05 -1.28 -1.04
6.736e-05 -1.28 -1.04
6.74e-05 -1.36 -1.04
6.744e-05 -1.36 -1.04
6.748e-05 -1.44 -1.04
6.752e-05 -1.52 -1.04
6.756e-05 -1.52 -1.04
6.76e-05 -1.6 -1.04
6.764e-05 -1.68 -1.12
6.768e-05 -1.68 -1.04
6.772e-05 -1.84 -1.04
6.776e-05 -1.84 -1.04
6.78e-05 -1.92 -1.04
6.784e-05 -2 -1.04
6.788e-05 -2 -0.96
6.792e-05 -2.08 -1.04
6.796e-05 -2.16 -1.04
6.8e-05 -2.16 -1.04
6.804e-05 -2.24 -1.04
6.808e-05 -2.24 -1.04
6.812e-05 -2.32 -1.04
6.816e-05 -2.4 -1.04
6.82e-05 -2.4 -1.04
6.824e-05 -2.48 -1.04
6.828e-05 -2.56 -1.04
6.832e-05 -2.56 -1.04
6.836e-05 -2.64 -1.04
6.84e-05 -2.64 -1.04
6.844e-05 -2.72 -0.96
6.848e-05 -2.8 -1.04
6.852e-05 -2.88 -1.04
6.856e-05 -2.88 -1.04
6.86e-05 -2.96 -1.04
6.864e-05 -3.04 -1.04
6.868e-05 -2.96 -1.04
6.872e-05 -3.12 -1.04
6.876e-05 -3.12 -1.04
6.88e-05 -3.2 -1.04
6.884e-05 -3.28 -1.04
6.888e-05 -3.28 -1.04
6.892e-05 -3.28 -1.04
6.896e-05 -3.44 -0.96
6.9e-05 -3.44 -1.04
6.904e-05 -3.44 -0.96
6.908e-05 -3.52 -1.04
6.912e-05 -3.6 -0.96
6.916e-05 -3.6 -1.04
6.92e-05 -3.6 -0.96
6.924e-05 -3.76 -1.04
6.928e-05 -3.76 -0.96
6.932e-05 -3.84 -0.96
6.936e-05 -3.84 -1.04
6.94e-05 -3.92 -1.04
6.944e-05 -3.92 -1.04
6.948e-05 -4 -0.96
6.952e-05 -3.92 -0.96
6.956e-05 -4.08 -0.96
6.96e-05 -4.08 -0.96
6.964e-05 -4.16 -0.96
6.968e-05 -4.16 -0.96
6.972e-05 -4.24 -0.96
6.976e-05 -4.24 -0.96
6.98e-05 -4.24 -0.88
6.984e-05 -4.4 -0.96
6.988e-05 -4.4 -0.88
6.992e-05 -4.4 -0.96
6.996e-05 -4.48 -0.96
7e-05 -4.48 -0.88
7.004e-05 -4.56 -0.88
7.008e-05 -4.56 -0.96
7.012e-05 -4.64 -0.88
7.016e-05 -4.64 -0.88
7.02e-05 -4.72 -0.88
7.024e-05 -4.72 -0.88
7.028e-05 -4.8 -0.96
7.032e-05 -4.8 -0.88
7.036e-05 -4.88 -0.88
7.04e-05 -4.88 -0.88
7.044e-05 -4.88 -0.88
7.048e-05 -4.88 -0.88
7.052e-05 -4.96 -0.8
7.056e-05 -5.04 -0.8
7.06e-05 -5.04 -0.88
7.064e-05 -5.12 -0.8
7.068e-05 -5.12 -0.88
7.072e-05 -5.2 -0.72
7.076e-05 -5.2 -0.8
7.08e-05 -5.2 -0.8
7.084e-05 -5.2 -0.8
7.088e-05 -5.28 -0.72
7.092e-05 -5.28 -0.8
7.096e-05 -5.36 -0.8
7.1e-05 -5.36 -0.88
7.104e-05 -5.36 -0.8
7.108e-05 -5.44 -0.72
7.112e-05 -5.36 -0.72
7.116e-05 -5.44 -0.8
7.12e-05 -5.52 -0.72
7.124e-05 -5.52 -0.72
7.128e-05 -5.52 -0.64
7.132e-05 -5.52 -0.72
7.136e-05 -5.6 -0.72
7.14e-05 -5.52 -0.72
7.144e-05 -5.6 -0.64
7.148e-05 -5.68 -0.72
7.152e-05 -5.68 -0.72
7.156e-05 -5.68 -0.64
7.16e-05 -5.76 -0.64
7.164e-05 -5.76 -0.64
7.168e-05 -5.76 -0.64
7.172e-05 -5.76 -0.64
7.176e-05 -5.84 -0.64
7.18e-05 -5.84 -0.56
7.184e-05 -5.84 -0.64
7.188e-05 -5.84 -0.64
7.192e-05 -5.84 -0.64
7.196e-05 -5.84 -0.56
7.2e-05 -5.92 -0.56
7.204e-05 -5.92 -0.56
7.208e-05 -5.92 -0.64
7.212e-05 -6 -0.56
7.216e-05 -6 -0.48
7.22e-05 -6 -0.56
7.224e-05 -6 -0.64
7.228e-05 -6 -0.56
7.232e-05 -5.92 -0.48
7.236e-05 -6 -0.48
7.24e-05 -6 -0.48
7.244e-05 -6.08 -0.48
7.248e-05 -6.08 -0.48
7.252e-05 -6.08 -0.48
7.256e-05 -6.08 -0.48
7.26e-05 -6.08 -0.48
7.264e-05 -6.16 -0.4
7.268e-05 -6.08 -0.48
7.272e-05 -6.16 -0.4
7.276e-05 -6.16 -0.4
7.28e-05 -6.16 -0.4
7.284e-05 -6.16 -0.4
7.288e-05 -6.16 -0.4
7.292e-05 -6.16 -0.4
7.296e-05 -6.16 -0.4
7.3e-05 -6.16 -0.32
7.304e-05 -6.16 -0.32
7.308e-05 -6.16 -0.4
7.312e-05 -6.16 -0.4
7.316e-05 -6.16 -0.4
7.32e-05 -6.16 -0.32
7.324e-05 -6.16 -0.4
7.328e-05 -6.16 -0.32
7.332e-05 -6.16 -0.32
7.336e-05 -6.16 -0.32
7.34e-05 -6.16 -0.32
7.344e-05 -6.16 -0.32
7.348e-05 -6.16 -0.32
7.352e-05 -6.16 -0.32
7.356e-05 -6.16 -0.24
7.36e-05 -6.16 -0.24
7.364e-05 -6.16 -0.32
7.368e-05 -6.16 -0.24
7.372e-05 -6.16 -0.24
7.376e-05 -6.08 -0.24
7.38e-05 -6.16 -0.24
7.384e-05 -6.08 -0.24
7.388e-05 -6.08 -0.24
7.392e-05 -6.08 0
7.396e-05 -6.08 -0.16
7.4e-05 -6.08 -0.24
7.404e-05 -6 -0.24
7.408e-05 -6 -0.16
7.412e-05 -6.08 -0.16
7.416e-05 -6 0
7.42e-05 -6.08 -0.24
7.424e-05 -6 0
7.428e-05 -6 0
7.432e-05 -6 -0.16
7.436e-05 -6 -0.16
7.44e-05 -6 0
7.444e-05 -5.92 0
7.448e-05 -5.84 0
7.452e-05 -5.84 0
7.456e-05 -5.84 0
7.46e-05 -5.84 0
7.464e-05 -5.84 0
7.468e-05 -5.84 0.08
7.472e-05 -5.84 0
7.476e-05 -5.84 0
7.48e-05 -5.76 0.08
7.484e-05 -5.76 0
7.488e-05 -5.68 0.08
7.492e-05 -5.68 0.08
7.496e-05 -5.68 0.08
7.5e-05 -5.68 0.08
7.504e-05 -5.68 0.08
7.508e-05 -5.68 0.08
7.512e-05 -5.52 0.08
7.516e-05 -5.52 0.16
7.52e-05 -5.52 0.16
7.524e-05 -5.52 0.08
7.528e-05 -5.44 0.16
7.532e-05 -5.44 0.16
7.536e-05 -5.44 0.16
7.54e-05 -5.52 0.16
7.544e-05 -5.36 0.16
7.548e-05 -5.36 0.16
7.552e-05 -5.36 0.16
7.556e-05 -5.36 0.24
7.56e-05 -5.2 0.16
7.564e-05 -5.2 0.24
7.568e-05 -5.2 0.24
7.572e-05 -5.2 0.32
7.576e-05 -5.12 0.24
7.58e-05 -5.12 0.24
7.584e-05 -5.12 0.32
7.588e-05 -5.12 0.32
7.592e-05 -5.04 0.32
7.596e-05 -4.96 0.24
7.6e-05 -4.96 0.32
7.604e-05 -4.88 0.32
7.608e-05 -4.88 0.32
7.612e-05 -4.88 0.32
7.616e-05 -4.8 0.32
7.62e-05 -4.8 0.32
7.624e-05 -4.8 0.4
7.628e-05 -4.72 0.4
7.632e-05 -4.72 0.4
7.636e-05 -4.64 0.4
7.64e-05 -4.64 0.4
7.644e-05 -4.56 0.4
7.648e-05 -4.56 0.4
7.652e-05 -4.48 0.4
7.656e-05 -4.48 0.4
7.66e-05 -4.4 0.48
7.664e-05 -4.4 0.32
7.668e-05 -4.24 0.4
7.672e-05 -4.24 0.4
7.676e-05 -4.24 0.48
7.68e-05 -4.16 0.48
7.684e-05 -4.16 0.48
7.688e-05 -4.08 0.48
7.692e-05 -4.08 0.48
7.696e-05 -4.08 0.48
7.7e-05 -3.92 0.48
7.704e-05 -3.92 0.48
7.708e-05 -3.92 0.48
7.712e-05 -3.92 0.48
7.716e-05 -3.84 0.56
7.72e-05 -3.84 0.48
7.724e-05 -3.76 0.48
7.728e-05 -3.76 0.56
7.732e-05 -3.76 0.56
7.736e-05 -3.6 0.56
7.74e-05 -3.6 0.56
7.744e-05 -3.52 0.64
7.748e-05 -3.44 0.64
7.752e-05 -3.44 0.56
7.756e-05 -3.44 0.64
7.76e-05 -3.36 0.56
7.764e-05 -3.28 0.64
7.768e-05 -3.2 0.64
7.772e-05 -3.2 0.64
7.776e-05 -3.2 0.56
7.78e-05 -3.12 0.64
7.784e-05 -2.96 0.64
7.788e-05 -2.96 0.64
7.792e-05 -2.96 0.64
7.796e-05 -2.88 0.64
7.8e-05 -2.8 0.72
7.804e-05 -2.8 0.72
7.808e-05 -2.72 0.64
7.812e-05 -2.64 0.64
7.816e-05 -2.64 0.64
7.82e-05 -2.56 0.72
7.824e-05 -2.48 0.72
7.828e-05 -2.48 0.72
7.832e-05 -2.32 0.72
7.836e-05 -2.32 0.72
7.84e-05 -2.32 0.72
7.844e-05 -2.24 0.64
7.848e-05 -2.24 0.72
7.852e-05 -2.16 0.72
7.856e-05 -2.16 0.8
7.86e-05 -2 0.72
7.864e-05 -2 0.72
7.868e-05 -1.92 0.72
7.872e-05 -1.92 0.8
7.876e-05 -1.76 0.72
7.88e-05 -1.76 0.72
7.884e-05 -1.68 0.72
7.888e-05 -1.68 0.72
7.892e-05 -1.6 0.72
7.896e-05 -1.6 0.8
7.9e-05 -1.52 0.72
7.904e-05 -1.44 0.8
7.908e-05 -1.36 0.8
7.912e-05 -1.36 0.8
7.916e-05 -1.28 0.8
7.92e-05 -1.28 0.8
7.924e-05 -1.2 0.88
7.928e-05 -1.04 0.8
7.932e-05 -1.04 0.8
7.936e-05 -1.04 0.8
7.94e-05 -0.96 0.8
7.944e-05 -0.88 0.8
7.948e-05 -0.8 0.8
7.952e-05 -0.88 0.8
7.956e-05 -0.64 0.8
7.96e-05 -0.64 0.88
7.964e-05 -0.64 0.8
7.968e-05 -0.56 0.8
7.972e-05 -0.48 0.88
7.976e-05 -0.4 0.8
7.98e-05 -0.32 0.96
7.984e-05 -0.32 0.88
7.988e-05 -0.24 0.88
7.992e-05 -0.24 0.88
7.996e-05 0 0.96
8e-05 0 0.88
8.004e-05 0.08 0.8
8.008e-05 0.08 0.88
8.012e-05 0.16 0.88
8.016e-05 0.16 0.88
8.02e-05 0.32 0.88
8.024e-05 0.32 0.88
8.028e-05 0.32 0.96
8.032e-05 0.4 0.88
8.036e-05 0.48 0.88
8.04e-05 0.48 0.88
8.044e-05 0.64 0.8
8.048e-05 0.64 0.96
8.052e-05 0.72 0.88
8.056e-05 0.8 0.88
8.06e-05 0.8 0.88
8.064e-05 0.96 0.88
8.068e-05 0.96 0.88
8.072e-05 1.04 0.88
8.076e-05 1.04 0.88
8.08e-05 1.12 0.88
8.084e-05 1.12 0.96
8.088e-05 1.28 0.96
8.092e-05 1.28 0.88
8.096e-05 1.36 0.88
8.1e-05 1.36 0.88
8.104e-05 1.44 0.88
8.108e-05 1.44 0.88
8.112e-05 1.6 0.88
8.116e-05 1.6 0.96
8.12e-05 1.68 0.96
8.124e-05 1.68 0.88
8.128e-05 1.76 0.8
8.132e-05 1.76 0.88
8.136e-05 1.92 0.96
8.14e-05 1.92 0.88
8.144e-05 1.92 0.88
8.148e-05 2 0.88
8.152e-05 2.08 0.96
8.156e-05 2.08 0.88
8.16e-05 2.24 0.88
8.164e-05 2.24 0.8
8.168e-05 2.24 0.8
8.172e-05 2.32 0.88
8.176e-05 2.32 0.88
8.18e-05 2.4 0.88
8.184e-05 2.56 0.8
8.188e-05 2.56 0.88
8.192e-05 2.56 0.88
8.196e-05 2.64 0.96
8.2e-05 2.64 0.88
8.204e-05 2.72 0.8
8.208e-05 2.8 0.88
8.212e-05 2.88 0.88
8.216e-05 2.88 0.8
8.22e-05 2.96 0.88
8.224e-05 2.96 0.88
8.228e-05 2.96 0.8
8.232e-05 3.04 0.8
8.236e-05 3.2 0.8
8.24e-05 3.2 0.8
8.244e-05 3.2 0.8
8.248e-05 3.28 0.8
8.252e-05 3.36 0.8
8.256e-05 3.36 0.8
8.26e-05 3.44 0.8
8.264e-05 3.52 0.88
8.268e-05 3.52 0.8
8.272e-05 3.52 0.8
8.276e-05 3.6 0.8
8.28e-05 3.68 0.8
8.284e-05 3.68 0.8
8.288e-05 3.68 0.8
8.292e-05 3.84 0.8
8.296e-05 3.84 0.8
8.3e-05 3.84 0.8
8.304e-05 3.92 0.8
8.308e-05 4 0.8
8.312e-05 4 0.88
8.316e-05 4 0.8
8.32e-05 4 0.8
8.324e-05 4.16 0.8
8.328e-05 4.16 0.72
8.332e-05 4.16 0.8
8.336e-05 4.24 0.72
8.34e-05 4.24 0.8
8.344e-05 4.32 0.72
8.348e-05 4.32 0.72
8.352e-05 4.4 0.72
8.356e-05 4.48 0.72
8.36e-05 4.48 0.72
8.364e-05 4.56 0.72
8.368e-05 4.56 0.8
8.372e-05 4.64 0.72
8.376e-05 4.64 0.72
8.38e-05 4.64 0.72
8.384e-05 4.72 0.64
8.388e-05 4.8 0.72
8.392e-05 4.8 0.64
8.396e-05 4.8 0.72
8.4e-05 4.8 0.72
8.404e-05 4.88 0.72
8.408e-05 4.88 0.72
8.412e-05 4.88 0.64
8.416e-05 4.96 0.64
8.42e-05 5.04 0.64
8.424e-05 5.04 0.72
8.428e-05 5.12 0.64
8.432e-05 5.12 0.56
8.436e-05 5.12 0.64
8.44e-05 5.12 0.64
8.444e-05 5.2 0.64
8.448e-05 5.2 0.56
8.452e-05 5.28 0.56
8.456e-05 5.28 0.64
8.46e-05 5.28 0.56
8.464e-05 5.36 0.56
8.468e-05 5.28 0.56
8.472e-05 5.36 0.56
8.476e-05 5.44 0.56
8.48e-05 5.44 0.56
8.484e-05 5.44 0.56
8.488e-05 5.44 0.48
8.492e-05 5.52 0.56
8.496e-05 5.52 0.48
8.5e-05 5.52 0.56
8.504e-05 5.52 0.48
8.508e-05 5.52 0.48
8.512e-05 5.6 0.48
8.516e-05 5.6 0.48
8.52e-05 5.68 0.48
8.524e-05 5.68 0.48
8.528e-05 5.76 0.48
8.532e-05 5.68 0.48
8.536e-05 5.76 0.4
8.54e-05 5.76 0.48
8.544e-05 5.76 0.4
8.548e-05 5.76 0.48
8.552e-05 5.76 0.4
8.556e-05 5.76 0.4
8.56e-05 5.84 0.4
8.564e-05 5.84 0.4
8.568e-05 5.84 0.4
8.572e-05 5.84 0.32
8.576e-05 5.92 0.32
8.58e-05 5.84 0.4
8.584e-05 5.92 0.32
8.588e-05 5.92 0.32
8.592e-05 5.92 0.4
8.596e-05 5.92 0.32
8.6e-05 5.92 0.32
8.604e-05 6 0.32
8.608e-05 6 0.32
8.612e-05 6 0.32
8.616e-05 6 0.32
8.62e-05 6.08 0.32
8.624e-05 6.08 0.32
8.628e-05 6 0.32
8.632e-05 6.08 0.24
8.636e-05 6 0.32
8.64e-05 6.08 0.24
8.644e-05 6.08 0.16
8.648e-05 6.08 0.24
8.652e-05 6.08 0.32
8.656e-05 6.08 0.24
8.66e-05 6.08 0.16
8.664e-05 6.08 0.16
8.668e-05 6.08 0.16
8.672e-05 6.08 0.16
8.676e-05 6.08 0.16
8.68e-05 6.08 0.16
8.684e-05 6.08 0.16
8.688e-05 6.08 0.08
8.692e-05 6.08 0.16
8.696e-05 6.08 0.08
8.7e-05 6.08 0.16
8.704e-05 6 0.08
8.708e-05 6 0.16
8.712e-05 6 0.08
8.716e-05 6.08 0.08
8.72e-05 6.08 0.08
8.724e-05 6 0.16
8.728e-05 6.08 0.08
8.732e-05 6 0
8.736e-05 6 0
8.74e-05 5.92 0.08
8.744e-05 5.92 0
8.748e-05 5.92 0.08
8.752e-05 5.92 0
8.756e-05 5.92 0
8.76e-05 5.92 0
8.764e-05 5.92 0
8.768e-05 5.92 0
8.772e-05 5.84 0
8.776e-05 5.84 0
8.78e-05 5.92 0
8.784e-05 5.84 0
8.788e-05 5.84 -0.16
8.792e-05 5.84 -0.16
8.796e-05 5.76 -0.16
8.8e-05 5.76 -0.24
8.804e-05 5.84 -0.16
8.808e-05 5.76 -0.24
8.812e-05 5.76 -0.16
8.816e-05 5.76 -0.16
8.82e-05 5.76 -0.24
8.824e-05 5.76 -0.24
8.828e-05 5.68 -0.24
8.832e-05 5.76 -0.16
8.836e-05 5.6 -0.24
8.84e-05 5.6 -0.24
8.844e-05 5.52 -0.24
8.848e-05 5.52 -0.24
8.852e-05 5.52 -0.16
8.856e-05 5.52 -0.32
8.86e-05 5.44 -0.32
8.864e-05 5.52 -0.24
8.868e-05 5.44 -0.32
8.872e-05 5.44 -0.32
8.876e-05 5.44 -0.32
8.88e-05 5.44 -0.32
8.884e-05 5.44 -0.32
8.888e-05 5.44 -0.32
8.892e-05 5.36 -0.4
8.896e-05 5.28 -0.4
8.9e-05 5.2 -0.32
8.904e-05 5.2 -0.32
8.908e-05 5.2 -0.4
8.912e-05 5.12 -0.4
8.916e-05 5.12 -0.4
8.92e-05 5.12 -0.32
8.924e-05 5.04 -0.4
8.928e-05 5.12 -0.4
8.932e-05 4.96 -0.4
8.936e-05 5.04 -0.4
8.94e-05 4.96 -0.4
8.944e-05 4.88 -0.48
8.948e-05 4.88 -0.48
8.952e-05 4.8 -0.48
8.956e-05 4.8 -0.48
8.96e-05 4.8 -0.56
8.964e-05 4.8 -0.48
8.968e-05 4.72 -0.48
8.972e-05 4.72 -0.48
8.976e-05 4.64 -0.48
8.98e-05 4.64 -0.56
8.984e-05 4.56 -0.56
8.988e-05 4.48 -0.56
8.992e-05 4.48 -0.4
8.996e-05 4.48 -0.56
9e-05 4.4 -0.64
9.004e-05 4.4 -0.56
9.008e-05 4.32 -0.56
9.012e-05 4.32 -0.56
9.016e-05 4.24 -0.56
9.02e-05 4.16 -0.64
9.024e-05 4.16 -0.56
9.028e-05 4.16 -0.64
9.032e-05 4.16 -0.64
9.036e-05 4.16 -0.64
9.04e-05 4 -0.64
9.044e-05 3.92 -0.64
9.048e-05 4 -0.64
9.052e-05 3.92 -0.64
9.056e-05 3.84 -0.64
9.06e-05 3.84 -0.64
9.064e-05 3.76 -0.64
9.068e-05 3.68 -0.64
9.072e-05 3.68 -0.72
9.076e-05 3.6 -0.72
9.08e-05 3.6 -0.72
9.084e-05 3.6 -0.72
9.088e-05 3.52 -0.72
9.092e-05 3.52 -0.72
9.096e-05 3.36 -0.72
9.1e-05 3.36 -0.72
9.104e-05 3.28 -0.88
9.108e-05 3.28 -0.72
9.112e-05 3.2 -0.8
9.116e-05 3.12 -0.72
9.12e-05 3.2 -0.8
9.124e-05 3.12 -0.8
9.128e-05 3.04 -0.8
9.132e-05 2.96 -0.8
9.136e-05 2.88 -0.72
9.14e-05 2.88 -0.88
9.144e-05 2.8 -0.88
9.148e-05 2.72 -0.8
9.152e-05 2.72 -0.8
9.156e-05 2.64 -0.8
9.16e-05 2.64 -0.8
9.164e-05 2.56 -0.8
9.168e-05 2.48 -0.88
9.172e-05 2.4 -0.88
9.176e-05 2.4 -0.88
9.18e-05 2.32 -0.88
9.184e-05 2.32 -0.88
9.188e-05 2.24 -0.88
9.192e-05 2.24 -0.88
9.196e-05 2.16 -0.96
9.2e-05 2.08 -0.96
9.204e-05 2.08 -0.88
9.208e-05 1.92 -0.96
9.212e-05 1.92 -0.96
9.216e-05 1.92 -0.96
9.22e-05 1.76 -0.88
9.224e-05 1.76 -0.88
9.228e-05 1.68 -0.96
9.232e-05 1.68 -0.96
9.236e-05 1.6 -0.96
9.24e-05 1.6 -0.96
9.244e-05 1.52 -0.96
9.248e-05 1.44 -0.96
9.252e-05 1.36 -0.96
9.256e-05 1.36 -0.96
9.26e-05 1.28 -0.96
9.264e-05 1.28 -1.04
9.268e-05 1.2 -0.96
9.272e-05 1.12 -0.96
9.276e-05 1.04 -0.96
9.28e-05 1.04 -1.04
9.284e-05 0.96 -1.04
9.288e-05 0.88 -1.04
9.292e-05 0.8 -0.96
9.296e-05 0.8 -0.96
9.3e-05 0.72 -1.04
9.304e-05 0.72 -1.04
9.308e-05 0.64 -0.96
9.312e-05 0.48 -1.04
9.316e-05 0.48 -1.04
9.32e-05 0.4 -1.04
9.324e-05 0.32 -1.04
9.328e-05 0.32 -1.04
9.332e-05 0.32 -1.04
9.336e-05 0.24 -1.04
9.34e-05 0.16 -1.04
9.344e-05 0.08 -1.04
9.348e-05 0 -1.04
9.352e-05 0 -1.04
9.356e-05 0 -1.04
9.36e-05 -0.24 -1.04
9.364e-05 -0.24 -1.04
9.368e-05 -0.32 -1.04
9.372e-05 -0.4 -1.04
9.376e-05 -0.4 -1.04
9.38e-05 -0.4 -0.96
9.384e-05 -0.56 -0.96
9.388e-05 -0.56 -1.04
9.392e-05 -0.64 -1.04
9.396e-05 -0.72 -1.12
9.4e-05 -0.72 -0.96
9.404e-05 -0.88 -1.04
9.408e-05 -0.88 -1.04
9.412e-05 -0.96 -1.04
9.416e-05 -0.96 -1.04
9.42e-05 -1.04 -1.04
9.424e-05 -1.04 -1.12
9.428e-05 -1.2 -1.12
9.432e-05 -1.28 -1.04
9.436e-05 -1.28 -0.96
9.44e-05 -1.36 -1.04
9.444e-05 -1.36 -1.04
9.448e-05 -1.36 -1.04
9.452e-05 -1.44 -1.04
9.456e-05 -1.6 -1.04
9.46e-05 -1.6 -1.04
9.464e-05 -1.68 -1.04
9.468e-05 -1.68 -1.04
9.472e-05 -1.76 -1.04
9.476e-05 -1.84 -1.04
9.48e-05 -1.84 -1.04
9.484e-05 -1.92 -1.04
9.488e-05 -2 -1.04
9.492e-05 -2 -1.04
9.496e-05 -2.16 -1.04
9.5e-05 -2.16 -1.04
9.504e-05 -2.16 -0.96
9.508e-05 -2.24 -1.04
9.512e-05 -2.32 -1.04
9.516e-05 -2.32 -1.04
9.52e-05 -2.32 -1.04
9.524e-05 -2.48 -1.04
9.528e-05 -2.48 -1.04
9.532e-05 -2.56 -1.04
9.536e-05 -2.56 -1.04
9.54e-05 -2.64 -1.04
9.544e-05 -2.72 -1.04
9.548e-05 -2.8 -1.04
9.552e-05 -2.8 -1.04
9.556e-05 -2.88 -1.04
9.56e-05 -2.88 -1.04
9.564e-05 -2.96 -1.04
9.568e-05 -2.96 -1.04
9.572e-05 -3.12 -1.04
9.576e-05 -3.12 -1.04
9.58e-05 -3.12 -1.04
9.584e-05 -3.2 -1.04
9.588e-05 -3.28 -1.04
9.592e-05 -3.28 -1.04
9.596e-05 -3.36 -1.04
9.6e-05 -3.44 -0.96
9.604e-05 -3.44 -1.04
9.608e-05 -3.52 -0.96
9.612e-05 -3.52 -1.04
9.616e-05 -3.6 -0.96
9.62e-05 -3.6 -1.04
9.624e-05 -3.68 -1.04
9.628e-05 -3.76 -0.96
9.632e-05 -3.76 -1.04
9.636e-05 -3.84 -0.96
9.64e-05 -3.84 -0.96
9.644e-05 -3.84 -0.96
9.648e-05 -3.92 -0.96
9.652e-05 -3.92 -0.96
9.656e-05 -4.08 -0.96
9.66e-05 -4.08 -0.96
9.664e-05 -4.08 -0.96
9.668e-05 -4.16 -0.88
9.672e-05 -4.16 -0.96
9.676e-05 -4.24 -0.96
9.68e-05 -4.24 -0.96
9.684e-05 -4.24 -0.88
9.688e-05 -4.4 -0.96
9.692e-05 -4.4 -0.96
9.696e-05 -4.48 -0.96
9.7e-05 -4.4 -0.88
9.704e-05 -4.56 -0.88
9.708e-05 -4.56 -0.96
9.712e-05 -4.56 -0.88
9.716e-05 -4.64 -0.96
9.72e-05 -4.64 -0.88
9.724e-05 -4.72 -0.88
9.728e-05 -4.72 -0.88
9.732e-05 -4.8 -0.88
9.736e-05 -4.8 -0.88
9.74e-05 -4.88 -0.8
9.744e-05 -4.88 -0.88
9.748e-05 -4.88 -0.88
9.752e-05 -4.88 -0.8
9.756e-05 -4.88 -0.88
9.76e-05 -5.04 -0.88
9.764e-05 -5.12 -0.88
9.768e-05 -5.04 -0.8
9.772e-05 -5.12 -0.8
9.776e-05 -5.2 -0.8
9.78e-05 -5.2 -0.88
9.784e-05 -5.2 -0.8
9.788e-05 -5.2 -0.72
9.792e-05 -5.2 -0.72
9.796e-05 -5.36 -0.8
9.8e-05 -5.36 -0.8
9.804e-05 -5.36 -0.8
9.808e-05 -5.36 -0.72
9.812e-05 -5.44 -0.8
9.816e-05 -5.44 -0.8
9.82e-05 -5.44 -0.72
9.824e-05 -5.52 -0.72
9.828e-05 -5.52 -0.72
9.832e-05 -5.52 -0.72
9.836e-05 -5.52 -0.72
9.84e-05 -5.52 -0.72
9.844e-05 -5.6 -0.64
9.848e-05 -5.68 -0.72
9.852e-05 -5.68 -0.72
9.856e-05 -5.68 -0.64
9.86e-05 -5.68 -0.64
9.864e-05 -5.68 -0.72
9.868e-05 -5.68 -0.72
9.872e-05 -5.76 -0.72
9.876e-05 -5.76 -0.64
9.88e-05 -5.76 -0.64
9.884e-05 -5.76 -0.64
9.888e-05 -5.84 -0.64
9.892e-05 -5.84 -0.64
9.896e-05 -5.84 -0.64
9.9e-05 -5.84 -0.56
9.904e-05 -5.92 -0.64
9.908e-05 -5.84 -0.56
9.912e-05 -6 -0.56
9.916e-05 -6 -0.56
9.92e-05 -6 -0.56
9.924e-05 -6 -0.56
9.928e-05 -6 -0.56
9.932e-05 -6 -0.56
9.936e-05 -6 -0.56
9.94e-05 -6.08 -0.56
9.944e-05 -6.08 -0.56
9.948e-05 -6.08 -0.56
9.952e-05 -6.08 -0.48
9.956e-05 -6.08 -0.56
9.96e-05 -6.08 -0.56
9.964e-05 -6.16 -0.56
9.968e-05 -6.08 -0.4
9.972e-05 -6.16 -0.48
9.976e-05 -6.16 -0.48
9.98e-05 -6.16 -0.48
9.984e-05 -6.16 -0.4
9.988e-05 -6.16 -0.4
9.992e-05 -6.16 -0.48
9.996e-05 -6.16 -0.4
0.0001 -6.16 -0.4
0.00010004 -6.16 -0.32
0.00010008 -6.16 -0.32
0.00010012 -6.16 -0.4
0.00010016 -6.16 -0.32
0.0001002 -6.16 -0.32
0.00010024 -6.16 -0.32
0.00010028 -6.16 -0.4
0.00010032 -6.16 -0.32
0.00010036 -6.16 -0.32
0.0001004 -6.16 -0.32
0.00010044 -6.16 -0.32
0.00010048 -6.16 -0.32
0.00010052 -6.16 -0.32
0.00010056 -6.16 -0.32
0.0001006 -6.16 -0.32
0.00010064 -6.16 -0.32
0.00010068 -6.08 -0.32
0.00010072 -6.16 -0.16
0.00010076 -6.16 -0.16
0.0001008 -6.16 -0.24
0.00010084 -6.08 -0.24
0.00010088 -6.16 -0.24
0.00010092 -6.08 -0.16
0.00010096 -6.08 -0.16
0.000101 -6.08 -0.16
0.00010104 -6 -0.16
0.00010108 -6 -0.16
0.00010112 -6.08 0
0.00010116 -6.08 -0.24
0.0001012 -6 0
0.00010124 -6 -0.16
0.00010128 -6 0
0.00010132 -6 0
0.00010136 -6 -0.16
0.0001014 -5.92 0
0.00010144 -6 0
0.00010148 -5.92 0
0.00010152 -5.92 -0.16
0.00010156 -5.84 0
0.0001016 -5.84 0
0.00010164 -5.84 0
0.00010168 -5.84 0.08
0.00010172 -5.84 0
0.00010176 -5.84 0.08
0.0001018 -5.76 0.08
0.00010184 -5.76 0.08
0.00010188 -5.76 0
0.00010192 -5.68 0.08
0.00010196 -5.68 0.08
0.000102 -5.68 0.08
0.00010204 -5.68 0.08
0.00010208 -5.68 0.08
0.00010212 -5.68 0.08
0.00010216 -5.52 0.08
0.0001022 -5.52 0.08
0.00010224 -5.52 0.16
0.00010228 -5.52 0.16
0.00010232 -5.44 0.24
0.00010236 -5.52 0.16
0.0001024 -5.44 0.08
0.00010244 -5.44 0.16
0.00010248 -5.44 0.16
0.00010252 -5.36 0.24
0.00010256 -5.36 0.16
0.0001026 -5.28 0.16
0.00010264 -5.28 0.16
0.00010268 -5.2 0.24
0.00010272 -5.2 0.32
0.00010276 -5.2 0.16
0.0001028 -5.2 0.32
0.00010284 -5.2 0.24
0.00010288 -5.12 0.32
0.00010292 -5.04 0.32
0.00010296 -5.04 0.32
0.000103 -5.04 0.32
0.00010304 -4.96 0.32
0.00010308 -4.88 0.32
0.00010312 -4.88 0.32
0.00010316 -4.88 0.32
0.0001032 -4.88 0.32
0.00010324 -4.8 0.4
0.00010328 -4.72 0.32
0.00010332 -4.72 0.32
0.00010336 -4.72 0.4
0.0001034 -4.72 0.4
0.00010344 -4.56 0.4
0.00010348 -4.56 0.4
0.00010352 -4.56 0.4
0.00010356 -4.48 0.48
0.0001036 -4.48 0.48
0.00010364 -4.4 0.4
0.00010368 -4.4 0.4
0.00010372 -4.32 0.4
0.00010376 -4.24 0.48
0.0001038 -4.24 0.4
0.00010384 -4.24 0.4
0.00010388 -4.16 0.48
0.00010392 -4.16 0.48
0.00010396 -4.08 0.48
0.000104 -4.08 0.4
0.00010404 -3.92 0.48
0.00010408 -3.92 0.48
0.00010412 -3.92 0.56
0.00010416 -3.84 0.48
0.0001042 -3.84 0.48
0.00010424 -3.76 0.56
0.00010428 -3.68 0.56
0.00010432 -3.68 0.56
0.00010436 -3.68 0.48
0.0001044 -3.6 0.56
0.00010444 -3.6 0.64
0.00010448 -3.52 0.56
0.00010452 -3.44 0.64
0.00010456 -3.44 0.48
0.0001046 -3.36 0.64
0.00010464 -3.28 0.56
0.00010468 -3.28 0.64
0.00010472 -3.2 0.64
0.00010476 -3.2 0.64
0.0001048 -3.12 0.72
0.00010484 -3.12 0.64
0.00010488 -3.04 0.64
0.00010492 -2.96 0.56
0.00010496 -2.88 0.64
0.000105 -2.88 0.64
0.00010504 -2.88 0.64
0.00010508 -2.8 0.72
0.00010512 -2.64 0.64
0.00010516 -2.64 0.72
0.0001052 -2.64 0.72
0.00010524 -2.56 0.64
0.00010528 -2.48 0.72
0.00010532 -2.4 0.64
0.00010536 -2.32 0.8
0.0001054 -2.32 0.72
0.00010544 -2.32 0.72
0.00010548 -2.32 0.64
0.00010552 -2.24 0.72
0.00010556 -2.16 0.72
0.0001056 -2.08 0.72
0.00010564 -2 0.72
0.00010568 -2 0.72
0.00010572 -1.92 0.8
0.00010576 -1.92 0.8
0.0001058 -1.84 0.72
0.00010584 -1.84 0.72
0.00010588 -1.68 0.72
0.00010592 -1.68 0.8
0.00010596 -1.6 0.72
0.000106 -1.52 0.8
0.00010604 -1.52 0.8
0.00010608 -1.36 0.8
0.00010612 -1.36 0.8
0.00010616 -1.36 0.72
0.0001062 -1.28 0.8
0.00010624 -1.2 0.8
0.00010628 -1.2 0.8
0.00010632 -1.04 0.8
0.00010636 -1.04 0.8
0.0001064 -1.04 0.8
0.00010644 -0.96 0.8
0.00010648 -0.88 0.8
0.00010652 -0.88 0.8
0.00010656 -0.72 0.88
0.0001066 -0.72 0.88
0.00010664 -0.72 0.8
0.00010668 -0.64 0.8
0.00010672 -0.56 0.88
0.00010676 -0.48 0.8
0.0001068 -0.4 0.88
0.00010684 -0.4 0.8
0.00010688 -0.32 0.8
0.00010692 -0.32 0.88
0.00010696 -0.24 0.88
0.000107 0 0.88
0.00010704 0 0.8
0.00010708 0.08 0.88
0.00010712 0.08 0.88
0.00010716 0.16 0.88
0.0001072 0.16 0.8
0.00010724 0.32 0.8
0.00010728 0.32 0.88
0.00010732 0.4 0.88
0.00010736 0.4 0.96
0.0001074 0.48 0.88
0.00010744 0.64 0.96
0.00010748 0.56 0.96
0.00010752 0.64 0.96
0.00010756 0.72 0.88
0.0001076 0.8 0.8
0.00010764 0.8 0.96
0.00010768 0.96 0.96
0.00010772 0.96 0.88
0.00010776 1.04 0.8
0.0001078 1.04 0.88
0.00010784 1.12 0.96
0.00010788 1.12 0.88
0.00010792 1.28 0.88
0.00010796 1.28 0.88
0.000108 1.28 0.96
0.00010804 1.36 0.96
0.00010808 1.44 0.88
0.00010812 1.52 0.88
0.00010816 1.6 0.88
0.0001082 1.6 0.96
0.00010824 1.68 0.88
0.00010828 1.68 0.88
0.00010832 1.76 0.8
0.00010836 1.84 0.96
0.0001084 1.92 0.96
0.00010844 1.92 0.88
0.00010848 1.92 0.8
0.00010852 2.08 0.88
0.00010856 2.08 0.96
0.0001086 2.08 0.88
0.00010864 2.24 0.88
0.00010868 2.24 0.88
0.00010872 2.24 0.88
0.00010876 2.32 0.88
0.0001088 2.4 0.88
0.00010884 2.4 0.88
0.00010888 2.56 0.88
0.00010892 2.56 0.8
0.00010896 2.64 0.88
0.000109 2.64 0.8
0.00010904 2.72 0.88
0.00010908 2.8 0.88
0.00010912 2.88 0.88
0.00010916 2.88 0.8
0.0001092 2.88 0.8
0.00010924 2.96 0.96
0.00010928 3.04 0.88
0.00010932 3.04 0.88
0.00010936 3.2 0.8
0.0001094 3.2 0.8
0.00010944 3.2 0.88
0.00010948 3.28 0.88
0.00010952 3.28 0.8
0.00010956 3.36 0.8
0.0001096 3.36 0.88
0.00010964 3.44 0.88
0.00010968 3.52 0.8
0.00010972 3.52 0.8
0.00010976 3.6 0.8
0.0001098 3.6 0.88
0.00010984 3.6 0.8
0.00010988 3.68 0.8
0.00010992 3.76 0.8
0.00010996 3.84 0.8
0.00011 3.84 0.8
0.00011004 3.84 0.72
0.00011008 3.92 0.72
0.00011012 3.92 0.8
0.00011016 4 0.72
0.0001102 4 0.8
0.00011024 4.16 0.72
0.00011028 4.16 0.8
0.00011032 4.16 0.8
0.00011036 4.16 0.8
0.0001104 4.24 0.72
0.00011044 4.24 0.72
0.00011048 4.32 0.72
0.00011052 4.32 0.8
0.00011056 4.48 0.72
0.0001106 4.48 0.72
0.00011064 4.48 0.72
0.00011068 4.56 0.72
0.00011072 4.56 0.72
0.00011076 4.64 0.72
0.0001108 4.64 0.72
0.00011084 4.72 0.72
0.00011088 4.64 0.72
0.00011092 4.72 0.64
0.00011096 4.8 0.64
0.000111 4.8 0.64
0.00011104 4.88 0.72
0.00011108 4.88 0.64
0.00011112 4.88 0.64
0.00011116 4.96 0.64
0.0001112 4.96 0.64
0.00011124 5.04 0.64
0.00011128 5.04 0.64
0.00011132 5.12 0.64
0.00011136 5.12 0.64
0.0001114 5.12 0.64
0.00011144 5.12 0.64
0.00011148 5.2 0.64
0.00011152 5.2 0.64
0.00011156 5.2 0.64
0.0001116 5.28 0.64
0.00011164 5.28 0.64
0.00011168 5.28 0.56
0.00011172 5.36 0.64
0.00011176 5.44 0.56
0.0001118 5.44 0.56
0.00011184 5.44 0.48
0.00011188 5.44 0.48
0.00011192 5.44 0.56
0.00011196 5.52 0.56
0.000112 5.52 0.48
0.00011204 5.52 0.48
0.00011208 5.6 0.56
0.00011212 5.6 0.56
0.00011216 5.6 0.48
0.0001122 5.6 0.48
0.00011224 5.6 0.48
0.00011228 5.68 0.48
0.00011232 5.76 0.48
0.00011236 5.76 0.48
0.0001124 5.76 0.4
0.00011244 5.76 0.48
0.00011248 5.76 0.48
0.00011252 5.76 0.4
0.00011256 5.84 0.4
0.0001126 5.84 0.4
0.00011264 5.84 0.4
0.00011268 5.84 0.4
0.00011272 5.84 0.4
0.00011276 5.92 0.4
0.0001128 5.84 0.4
0.00011284 5.92 0.4
0.00011288 5.92 0.32
0.00011292 5.92 0.32
0.00011296 5.92 0.4
0.000113 5.92 0.32
0.00011304 5.92 0.32
0.00011308 5.92 0.32
0.00011312 6 0.32
0.00011316 6 0.32
0.0001132 5.92 0.32
0.00011324 5.92 0.32
0.00011328 6.08 0.24
0.00011332 6 0.32
0.00011336 6.08 0.24
0.0001134 6 0.24
0.00011344 6.08 0.24
0.00011348 6.08 0.24
0.00011352 6.08 0.16
0.00011356 6.08 0.24
0.0001136 6.08 0.16
0.00011364 6.08 0.24
0.00011368 6.08 0.24
0.00011372 6.08 0.24
0.00011376 6.08 0.16
0.0001138 6.08 0.16
0.00011384 6.08 0.16
0.00011388 6.08 0.24
0.00011392 6.08 0.08
0.00011396 6.08 0.08
0.000114 6.08 0.08
0.00011404 6 0.16
0.00011408 6.08 0.16
0.00011412 6.08 0.08
0.00011416 6 0.08
0.0001142 6 0.08
0.00011424 6 0.08
0.00011428 6 0.08
0.00011432 6 0.08
0.00011436 6 0
0.0001144 5.92 0
0.00011444 5.92 0.08
0.00011448 6 0
0.00011452 5.92 0
0.00011456 6 0.08
0.0001146 5.92 0
0.00011464 5.92 0
0.00011468 5.92 -0.16
0.00011472 5.84 0
0.00011476 5.92 0
0.0001148 5.84 -0.16
0.00011484 5.92 0
0.00011488 5.84 0
0.00011492 5.84 0
0.00011496 5.84 0
0.000115 5.84 0
0.00011504 5.76 -0.24
0.00011508 5.76 -0.16
0.00011512 5.76 -0.16
0.00011516 5.76 -0.16
0.0001152 5.76 -0.24
0.00011524 5.68 -0.24
0.00011528 5.68 -0.16
0.00011532 5.6 -0.16
0.00011536 5.6 -0.24
0.0001154 5.6 -0.16
0.00011544 5.6 -0.24
0.00011548 5.6 -0.16
0.00011552 5.6 -0.32
0.00011556 5.6 -0.32
0.0001156 5.52 -0.32
0.00011564 5.52 -0.24
0.00011568 5.44 -0.24
0.00011572 5.44 -0.32
0.00011576 5.44 -0.32
0.0001158 5.44 -0.32
0.00011584 5.44 -0.32
0.00011588 5.28 -0.32
0.00011592 5.36 -0.4
0.00011596 5.28 -0.32
0.000116 5.28 -0.32
0.00011604 5.2 -0.32
0.00011608 5.2 -0.4
0.00011612 5.2 -0.4
0.00011616 5.2 -0.4
0.0001162 5.12 -0.4
0.00011624 5.12 -0.4
0.00011628 5.12 -0.4
0.00011632 5.04 -0.4
0.00011636 4.96 -0.48
0.0001164 4.96 -0.4
0.00011644 4.96 -0.4
0.00011648 4.96 -0.48
0.00011652 4.88 -0.4
0.00011656 4.88 -0.48
0.0001166 4.8 -0.48
0.00011664 4.8 -0.48
0.00011668 4.8 -0.48
0.00011672 4.72 -0.4
0.00011676 4.64 -0.48
0.0001168 4.64 -0.48
0.00011684 4.56 -0.56
0.00011688 4.56 -0.56
0.00011692 4.48 -0.56
0.00011696 4.48 -0.56
0.000117 4.48 -0.56
0.00011704 4.48 -0.56
0.00011708 4.32 -0.56
0.00011712 4.32 -0.56
0.00011716 4.24 -0.56
0.0001172 4.24 -0.64
0.00011724 4.24 -0.64
0.00011728 4.16 -0.56
0.00011732 4.16 -0.64
0.00011736 4.08 -0.64
0.0001174 4 -0.64
0.00011744 4 -0.64
0.00011748 3.92 -0.64
0.00011752 3.92 -0.72
0.00011756 3.84 -0.64
0.0001176 3.84 -0.64
0.00011764 3.84 -0.64
0.00011768 3.68 -0.72
0.00011772 3.68 -0.72
0.00011776 3.6 -0.64
0.0001178 3.6 -0.64
0.00011784 3.52 -0.8
0.00011788 3.52 -0.72
0.00011792 3.52 -0.72
0.00011796 3.52 -0.72
0.000118 3.36 -0.72
0.00011804 3.28 -0.72
0.00011808 3.28 -0.8
0.00011812 3.2 -0.8
0.00011816 3.2 -0.72
0.0001182 3.12 -0.8
0.00011824 3.12 -0.8
0.00011828 3.04 -0.8
0.00011832 2.96 -0.72
0.00011836 2.96 -0.88
0.0001184 2.88 -0.8
0.00011844 2.88 -0.8
0.00011848 2.8 -0.88
0.00011852 2.72 -0.8
0.00011856 2.64 -0.88
0.0001186 2.64 -0.88
0.00011864 2.56 -0.8
0.00011868 2.56 -0.8
0.00011872 2.4 -0.88
0.00011876 2.4 -0.88
0.0001188 2.4 -0.88
0.00011884 2.32 -0.88
0.00011888 2.24 -0.88
0.00011892 2.24 -0.88
0.00011896 2.24 -0.88
0.000119 2.16 -0.88
0.00011904 2.08 -0.88
0.00011908 2 -0.88
0.00011912 1.92 -0.96
0.00011916 1.92 -0.96
0.0001192 1.92 -0.88
0.00011924 1.76 -0.88
0.00011928 1.76 -0.96
0.00011932 1.68 -0.88
0.00011936 1.6 -0.88
0.0001194 1.6 -0.88
0.00011944 1.52 -0.96
0.00011948 1.44 -0.96
0.00011952 1.44 -0.96
0.00011956 1.36 -0.96
0.0001196 1.36 -0.96
0.00011964 1.28 -1.04
0.00011968 1.28 -1.04
0.00011972 1.12 -0.96
0.00011976 1.12 -0.96
0.0001198 1.12 -1.04
0.00011984 1.04 -1.04
0.00011988 0.96 -0.96
0.00011992 0.88 -0.96
0.00011996 0.8 -0.96
0.00012 0.8 -1.04
0.00012004 0.72 -0.96
0.00012008 0.64 -1.04
0.00012012 0.64 -0.96
0.00012016 0.48 -1.04
0.0001202 0.48 -1.04
0.00012024 0.4 -0.96
0.00012028 0.32 -1.04
0.00012032 0.32 -1.04
0.00012036 0.32 -1.04
0.0001204 0.16 -1.04
0.00012044 0.16 -1.04
0.00012048 0.08 -0.96
0.00012052 0 -1.04
0.00012056 0 -1.04
0.0001206 0 -1.04
0.00012064 -0.24 -0.96
0.00012068 -0.24 -1.04
0.00012072 -0.32 -1.04
0.00012076 -0.4 -1.04
0.0001208 -0.4 -1.04
0.00012084 -0.48 -1.04
0.00012088 -0.56 -1.04
0.00012092 -0.64 -1.04
0.00012096 -0.64 -1.04
0.000121 -0.72 -1.04
0.00012104 -0.72 -1.04
0.00012108 -0.88 -1.04
0.00012112 -0.88 -1.04
0.00012116 -0.96 -1.04
0.0001212 -1.04 -1.04
0.00012124 -1.04 -1.04
0.00012128 -1.12 -1.04
0.00012132 -1.2 -1.04
0.00012136 -1.28 -1.04
0.0001214 -1.28 -1.12
0.00012144 -1.36 -1.04
0.00012148 -1.36 -1.04
0.00012152 -1.52 -1.04
0.00012156 -1.52 -1.04
0.0001216 -1.52 -1.12
0.00012164 -1.6 -1.04
0.00012168 -1.68 -1.12
0.00012172 -1.68 -1.04
0.00012176 -1.76 -1.12
0.0001218 -1.84 -1.04
0.00012184 -1.84 -1.04
0.00012188 -1.92 -1.04
0.00012192 -2 -1.04
0.00012196 -2.08 -1.04
0.000122 -2.08 -1.04
0.00012204 -2.16 -1.04
0.00012208 -2.24 -1.04
0.00012212 -2.24 -1.04
0.00012216 -2.32 -1.04
0.0001222 -2.32 -1.04
0.00012224 -2.32 -1.04
0.00012228 -2.4 -1.04
0.00012232 -2.48 -1.04
0.00012236 -2.64 -1.04
0.0001224 -2.56 -1.04
0.00012244 -2.64 -1.04
0.00012248 -2.72 -1.04
0.00012252 -2.8 -1.04
0.00012256 -2.8 -1.04
0.0001226 -2.88 -0.96
0.00012264 -2.96 -1.04
0.00012268 -2.96 -1.04
0.00012272 -2.96 -1.04
0.00012276 -3.12 -0.96
0.0001228 -3.12 -0.96
0.00012284 -3.12 -1.04
0.00012288 -3.2 -1.04
0.00012292 -3.28 -1.04
0.00012296 -3.28 -0.96
0.000123 -3.44 -1.04
0.00012304 -3.44 -1.04
0.00012308 -3.52 -0.96
0.00012312 -3.52 -0.96
0.00012316 -3.6 -1.04
0.0001232 -3.6 -1.04
0.00012324 -3.6 -0.96
0.00012328 -3.68 -0.96
0.00012332 -3.76 -0.96
0.00012336 -3.76 -0.96
0.0001234 -3.84 -0.96
0.00012344 -3.92 -0.96
0.00012348 -3.92 -0.96
0.00012352 -3.92 -0.96
0.00012356 -4.08 -1.04
0.0001236 -4.08 -1.04
0.00012364 -4.08 -0.96
0.00012368 -4.16 -0.96
0.00012372 -4.24 -0.96
0.00012376 -4.24 -1.04
0.0001238 -4.24 -0.96
0.00012384 -4.32 -0.96
0.00012388 -4.32 -0.96
0.00012392 -4.4 -0.96
0.00012396 -4.4 -0.88
0.000124 -4.48 -0.88
0.00012404 -4.48 -0.96
0.00012408 -4.56 -0.88
0.00012412 -4.56 -0.96
0.00012416 -4.56 -0.88
0.0001242 -4.56 -0.88
0.00012424 -4.72 -0.96
0.00012428 -4.72 -0.96
0.00012432 -4.8 -0.88
0.00012436 -4.8 -0.88
0.0001244 -4.8 -0.88
0.00012444 -4.88 -0.88
0.00012448 -4.88 -0.88
0.00012452 -4.88 -0.88
0.00012456 -4.96 -0.8
0.0001246 -5.04 -0.8
0.00012464 -5.04 -0.96
0.00012468 -5.12 -0.88
0.00012472 -5.12 -0.8
0.00012476 -5.12 -0.8
0.0001248 -5.2 -0.8
0.00012484 -5.2 -0.88
0.00012488 -5.2 -0.88
0.00012492 -5.28 -0.72
0.00012496 -5.2 -0.72
0.000125 -5.28 -0.8
0.00012504 -5.36 -0.72
0.00012508 -5.36 -0.72
0.00012512 -5.44 -0.72
0.00012516 -5.44 -0.72
0.0001252 -5.44 -0.8
0.00012524 -5.44 -0.72
0.00012528 -5.52 -0.72
0.00012532 -5.52 -0.72
0.00012536 -5.52 -0.72
0.0001254 -5.52 -0.72
0.00012544 -5.52 -0.72
0.00012548 -5.68 -0.72
0.00012552 -5.68 -0.72
0.00012556 -5.68 -0.72
0.0001256 -5.68 -0.64
0.00012564 -5.68 -0.64
0.00012568 -5.68 -0.72
0.00012572 -5.76 -0.64
0.00012576 -5.76 -0.64
0.0001258 -5.76 -0.64
0.00012584 -5.76 -0.64
0.00012588 -5.76 -0.64
0.00012592 -5.84 -0.64
0.00012596 -5.84 -0.64
0.000126 -5.84 -0.64
0.00012604 -5.84 -0.64
0.00012608 -5.84 -0.64
0.00012612 -5.84 -0.56
0.00012616 -6 -0.56
0.0001262 -6 -0.56
0.00012624 -5.92 -0.56
0.00012628 -6 -0.56
0.00012632 -6 -0.48
0.00012636 -6 -0.56
0.0001264 -6 -0.56
0.00012644 -6.08 -0.56
0.00012648 -6.08 -0.48
0.00012652 -6.08 -0.48
0.00012656 -6.08 -0.48
0.0001266 -6.08 -0.48
0.00012664 -6.08 -0.48
0.00012668 -6.08 -0.48
0.00012672 -6.08 -0.4
0.00012676 -6.16 -0.4
0.0001268 -6.16 -0.48
0.00012684 -6.08 -0.4
0.00012688 -6.16 -0.4
0.00012692 -6.16 -0.4
0.00012696 -6.08 -0.4
0.000127 -6.16 -0.4
0.00012704 -6.08 -0.4
0.00012708 -6.16 -0.4
0.00012712 -6.16 -0.4
0.00012716 -6.16 -0.4
0.0001272 -6.16 -0.32
0.00012724 -6.16 -0.32
0.00012728 -6.16 -0.4
0.00012732 -6.16 -0.32
0.00012736 -6.16 -0.4
0.0001274 -6.16 -0.32
0.00012744 -6.16 -0.32
0.00012748 -6.16 -0.32
0.00012752 -6.16 -0.32
0.00012756 -6.16 -0.24
0.0001276 -6.16 -0.32
0.00012764 -6.08 -0.32
0.00012768 -6.16 -0.24
0.00012772 -6.16 -0.24
0.00012776 -6.08 -0.24
0.0001278 -6.08 -0.24
0.00012784 -6.08 -0.24
0.00012788 -6.16 -0.16
0.00012792 -6.08 -0.24
0.00012796 -6.08 -0.24
0.000128 -6.08 -0.24
0.00012804 -6.08 -0.16
0.00012808 -6.08 0
0.00012812 -6.08 -0.16
0.00012816 -6.08 -0.24
0.0001282 -6 -0.16
0.00012824 -6 -0.16
0.00012828 -6 0
0.00012832 -6 0
0.00012836 -6 -0.16
0.0001284 -6 0
0.00012844 -5.92 0
0.00012848 -6 0
0.00012852 -5.92 0
0.00012856 -5.84 0
0.0001286 -5.84 0
0.00012864 -5.84 0
0.00012868 -5.84 0
0.00012872 -5.84 0
0.00012876 -5.76 0.08
0.0001288 -5.76 0.08
0.00012884 -5.76 0.08
0.00012888 -5.76 0
0.00012892 -5.76 0.08
0.00012896 -5.68 0.08
0.000129 -5.68 0.16
0.00012904 -5.68 0.16
0.00012908 -5.68 0.08
0.00012912 -5.6 0.16
0.00012916 -5.52 0.16
0.0001292 -5.52 0.08
0.00012924 -5.52 0.08
0.00012928 -5.52 0.08
0.00012932 -5.52 0.16
0.00012936 -5.52 0.16
0.0001294 -5.44 0.16
0.00012944 -5.44 0.16
0.00012948 -5.36 0.16
0.00012952 -5.36 0.24
0.00012956 -5.36 0.16
0.0001296 -5.36 0.24
0.00012964 -5.28 0.16
0.00012968 -5.2 0.32
0.00012972 -5.2 0.24
0.00012976 -5.2 0.24
0.0001298 -5.2 0.24
0.00012984 -5.2 0.32
0.00012988 -5.12 0.32
0.00012992 -5.12 0.24
0.00012996 -5.04 0.32
0.00013 -5.04 0.32
0.00013004 -5.04 0.32
0.00013008 -4.96 0.32
0.00013012 -4.88 0.24
0.00013016 -4.88 0.32
0.0001302 -4.88 0.32
0.00013024 -4.88 0.4
0.00013028 -4.72 0.32
0.00013032 -4.72 0.32
0.00013036 -4.72 0.32
0.0001304 -4.72 0.4
0.00013044 -4.56 0.4
0.00013048 -4.56 0.32
0.00013052 -4.56 0.32
0.00013056 -4.48 0.4
0.0001306 -4.48 0.4
0.00013064 -4.48 0.4
0.00013068 -4.4 0.48
0.00013072 -4.32 0.4
0.00013076 -4.32 0.4
0.0001308 -4.24 0.48
0.00013084 -4.24 0.48
0.00013088 -4.16 0.4
0.00013092 -4.16 0.48
0.00013096 -4.08 0.48
0.000131 -4.08 0.48
0.00013104 -4 0.4
0.00013108 -3.92 0.48
0.00013112 -3.92 0.56
0.00013116 -3.92 0.48
0.0001312 -3.84 0.48
0.00013124 -3.76 0.48
0.00013128 -3.84 0.56
0.00013132 -3.68 0.56
0.00013136 -3.68 0.64
0.0001314 -3.6 0.64
0.00013144 -3.6 0.56
0.00013148 -3.52 0.64
0.00013152 -3.52 0.56
0.00013156 -3.52 0.64
0.0001316 -3.44 0.64
0.00013164 -3.36 0.64
0.00013168 -3.28 0.64
0.00013172 -3.2 0.64
0.00013176 -3.2 0.64
0.0001318 -3.12 0.64
0.00013184 -3.12 0.64
0.00013188 -2.96 0.64
0.00013192 -2.96 0.64
0.00013196 -2.96 0.72
0.000132 -2.88 0.64
0.00013204 -2.88 0.64
0.00013208 -2.8 0.64
0.00013212 -2.8 0.64
0.00013216 -2.64 0.72
0.0001322 -2.64 0.72
0.00013224 -2.56 0.72
0.00013228 -2.56 0.64
0.00013232 -2.48 0.72
0.00013236 -2.4 0.72
0.0001324 -2.32 0.72
0.00013244 -2.32 0.72
0.00013248 -2.24 0.72
0.00013252 -2.24 0.72
0.00013256 -2.16 0.72
0.0001326 -2.16 0.8
0.00013264 -2 0.72
0.00013268 -2 0.72
0.00013272 -2 0.8
0.00013276 -1.92 0.72
0.0001328 -1.84 0.8
0.00013284 -1.84 0.72
0.00013288 -1.68 0.8
0.00013292 -1.68 0.8
0.00013296 -1.6 0.72
0.000133 -1.6 0.72
0.00013304 -1.52 0.8
0.00013308 -1.44 0.8
0.00013312 -1.44 0.8
0.00013316 -1.36 0.8
0.0001332 -1.36 0.8
0.00013324 -1.28 0.8
0.00013328 -1.2 0.8
0.00013332 -1.2 0.72
0.00013336 -1.04 0.72
0.0001334 -1.04 0.8
0.00013344 -1.04 0.8
0.00013348 -0.96 0.8
0.00013352 -0.88 0.8
0.00013356 -0.88 0.88
0.0001336 -0.72 0.88
0.00013364 -0.72 0.8
0.00013368 -0.64 0.8
0.00013372 -0.56 0.8
0.00013376 -0.48 0.88
0.0001338 -0.48 0.88
0.00013384 -0.4 0.88
0.00013388 -0.32 0.8
0.00013392 -0.32 0.88
0.00013396 -0.24 0.88
0.000134 -0.24 0.8
0.00013404 0 0.88
0.00013408 0 0.8
0.00013412 0 0.96
0.00013416 0.08 0.88
0.0001342 0.16 0.88
0.00013424 0.24 0.8
0.00013428 0.32 0.8
0.00013432 0.32 0.88
0.00013436 0.4 0.88
0.0001344 0.4 0.8
0.00013444 0.48 0.88
0.00013448 0.64 0.88
0.00013452 0.64 0.88
0.00013456 0.72 0.88
0.0001346 0.8 0.96
0.00013464 0.8 0.88
0.00013468 0.8 0.96
0.00013472 0.96 0.88
0.00013476 0.96 0.88
0.0001348 1.04 0.96
0.00013484 1.12 0.96
0.00013488 1.12 0.96
0.00013492 1.2 0.88
0.00013496 1.28 0.8
0.000135 1.28 0.96
0.00013504 1.36 0.88
0.00013508 1.44 0.96
0.00013512 1.44 0.88
0.00013516 1.6 0.88
0.0001352 1.6 0.96
0.00013524 1.6 0.96
0.00013528 1.68 0.88
0.00013532 1.76 0.88
0.00013536 1.76 0.96
0.0001354 1.84 0.88
0.00013544 1.92 0.88
0.00013548 1.92 0.88
0.00013552 2 0.88
0.00013556 2.08 0.96
0.0001356 2.08 0.88
0.00013564 2.16 0.88
0.00013568 2.24 0.96
0.00013572 2.24 0.96
0.00013576 2.32 0.96
0.0001358 2.32 0.8
0.00013584 2.4 0.96
0.00013588 2.48 0.88
0.00013592 2.56 0.88
0.00013596 2.56 0.88
0.000136 2.64 0.8
0.00013604 2.72 0.88
0.00013608 2.72 0.88
0.00013612 2.8 0.88
0.00013616 2.88 0.8
0.0001362 2.88 0.8
0.00013624 2.88 0.88
0.00013628 2.96 0.96
0.00013632 3.04 0.88
0.00013636 3.04 0.8
0.0001364 3.04 0.88
0.00013644 3.2 0.88
0.00013648 3.2 0.88
0.00013652 3.28 0.8
0.00013656 3.36 0.8
0.0001366 3.36 0.88
0.00013664 3.44 0.8
0.00013668 3.52 0.8
0.00013672 3.52 0.8
0.00013676 3.52 0.8
0.0001368 3.6 0.8
0.00013684 3.6 0.8
0.00013688 3.68 0.8
0.00013692 3.76 0.8
0.00013696 3.84 0.88
0.000137 3.84 0.88
0.00013704 3.84 0.8
0.00013708 3.92 0.8
0.00013712 3.92 0.8
0.00013716 4 0.8
0.0001372 4 0.72
0.00013724 4.08 0.8
0.00013728 4.16 0.8
0.00013732 4.16 0.72
0.00013736 4.16 0.8
0.0001374 4.24 0.72
0.00013744 4.24 0.72
0.00013748 4.32 0.72
0.00013752 4.32 0.8
0.00013756 4.4 0.72
0.0001376 4.48 0.72
0.00013764 4.48 0.72
0.00013768 4.48 0.8
0.00013772 4.56 0.72
0.00013776 4.56 0.64
0.0001378 4.64 0.72
0.00013784 4.64 0.72
0.00013788 4.72 0.72
0.00013792 4.8 0.72
0.00013796 4.8 0.64
0.000138 4.8 0.72
0.00013804 4.8 0.64
0.00013808 4.88 0.72
0.00013812 4.88 0.64
0.00013816 4.96 0.64
0.0001382 4.96 0.72
0.00013824 5.04 0.64
0.00013828 4.96 0.64
0.00013832 5.04 0.64
0.00013836 5.12 0.64
0.0001384 5.12 0.64
0.00013844 5.12 0.64
0.00013848 5.2 0.64
0.00013852 5.2 0.64
0.00013856 5.2 0.64
0.0001386 5.2 0.64
0.00013864 5.28 0.56
0.00013868 5.28 0.64
0.00013872 5.36 0.56
0.00013876 5.36 0.64
0.0001388 5.44 0.64
0.00013884 5.44 0.56
0.00013888 5.44 0.48
0.00013892 5.44 0.56
0.00013896 5.52 0.56
0.000139 5.52 0.48
0.00013904 5.52 0.48
0.00013908 5.52 0.56
0.00013912 5.6 0.56
0.00013916 5.6 0.56
0.0001392 5.6 0.48
0.00013924 5.6 0.48
0.00013928 5.68 0.48
0.00013932 5.76 0.48
0.00013936 5.68 0.48
0.0001394 5.76 0.4
0.00013944 5.76 0.48
0.00013948 5.76 0.48
0.00013952 5.76 0.4
0.00013956 5.76 0.4
0.0001396 5.76 0.4
0.00013964 5.84 0.48
0.00013968 5.84 0.4
0.00013972 5.84 0.4
0.00013976 5.84 0.4
0.0001398 5.92 0.4
0.00013984 5.84 0.4
0.00013988 5.84 0.4
0.00013992 5.92 0.4
0.00013996 5.92 0.4
0.00014 5.92 0.32
0.00014004 5.92 0.32
0.00014008 5.92 0.32
0.00014012 5.92 0.32
0.00014016 5.92 0.32
0.0001402 5.92 0.32
0.00014024 6 0.24
0.00014028 6 0.32
0.00014032 6.08 0.32
0.00014036 6 0.32
0.0001404 6 0.24
0.00014044 6.08 0.32
0.00014048 6.08 0.24
0.00014052 6 0.24
0.00014056 6.08 0.24
0.0001406 6.08 0.16
0.00014064 6 0.16
0.00014068 6.08 0.24
0.00014072 6.08 0.16
0.00014076 6.08 0.16
0.0001408 6 0.16
0.00014084 6.08 0.16
0.00014088 6.08 0.16
0.00014092 6.08 0.16
0.00014096 6.08 0.16
0.000141 6 0.08
0.00014104 6.08 0.16
0.00014108 6 0.16
0.00014112 6 0.08
0.00014116 6.08 0.08
0.0001412 6.08 0.08
0.00014124 6.08 0.08
0.00014128 6.08 0.08
0.00014132 6.08 0.08
0.00014136 6 0.08
0.0001414 5.92 0.08
0.00014144 5.92 0.08
0.00014148 5.92 0
0.00014152 5.92 0
0.00014156 5.92 0
0.0001416 5.92 0.08
0.00014164 5.92 0
0.00014168 5.92 0
0.00014172 5.84 0
0.00014176 5.92 0
0.0001418 5.92 0
0.00014184 5.84 -0.16
0.00014188 5.84 -0.16
0.00014192 5.84 0
0.00014196 5.84 0
0.000142 5.84 0
0.00014204 5.84 0
0.00014208 5.76 0
0.00014212 5.76 -0.16
0.00014216 5.76 -0.16
0.0001422 5.76 -0.24
0.00014224 5.76 -0.16
0.00014228 5.68 -0.24
0.00014232 5.68 -0.24
0.00014236 5.76 -0.24
0.0001424 5.6 -0.32
0.00014244 5.6 -0.24
0.00014248 5.6 -0.24
0.00014252 5.52 -0.24
0.00014256 5.52 -0.32
0.0001426 5.52 -0.24
0.00014264 5.44 -0.24
0.00014268 5.52 -0.24
0.00014272 5.44 -0.32
0.00014276 5.44 -0.32
0.0001428 5.44 -0.32
0.00014284 5.44 -0.32
0.00014288 5.44 -0.32
0.00014292 5.28 -0.32
0.00014296 5.28 -0.32
0.000143 5.28 -0.32
0.00014304 5.28 -0.32
0.00014308 5.2 -0.4
0.00014312 5.12 -0.32
0.00014316 5.2 -0.4
0.0001432 5.12 -0.32
0.00014324 5.12 -0.4
0.00014328 5.12 -0.4
0.00014332 5.12 -0.32
0.00014336 5.04 -0.4
0.0001434 4.96 -0.4
0.00014344 4.96 -0.48
0.00014348 4.88 -0.48
0.00014352 4.88 -0.4
0.00014356 4.88 -0.48
0.0001436 4.88 -0.48
0.00014364 4.8 -0.56
0.00014368 4.8 -0.56
0.00014372 4.8 -0.48
0.00014376 4.72 -0.48
0.0001438 4.64 -0.56
0.00014384 4.64 -0.56
0.00014388 4.56 -0.48
0.00014392 4.56 -0.56
0.00014396 4.48 -0.56
0.000144 4.48 -0.64
0.00014404 4.4 -0.64
0.00014408 4.4 -0.56
0.00014412 4.32 -0.56
0.00014416 4.32 -0.64
0.0001442 4.24 -0.64
0.00014424 4.16 -0.56
0.00014428 4.16 -0.64
0.00014432 4.16 -0.64
0.00014436 4.16 -0.64
0.0001444 4.08 -0.64
0.00014444 4 -0.64
0.00014448 4 -0.64
0.00014452 3.92 -0.64
0.00014456 3.92 -0.64
0.0001446 3.92 -0.64
0.00014464 3.84 -0.64
0.00014468 3.76 -0.72
0.00014472 3.76 -0.72
0.00014476 3.68 -0.72
0.0001448 3.68 -0.64
0.00014484 3.6 -0.72
0.00014488 3.52 -0.64
0.00014492 3.52 -0.64
0.00014496 3.52 -0.72
0.000145 3.36 -0.72
0.00014504 3.36 -0.8
0.00014508 3.36 -0.8
0.00014512 3.28 -0.72
0.00014516 3.2 -0.72
0.0001452 3.2 -0.72
0.00014524 3.12 -0.88
0.00014528 3.04 -0.8
0.00014532 2.96 -0.8
0.00014536 2.96 -0.8
0.0001454 2.96 -0.88
0.00014544 2.88 -0.88
0.00014548 2.8 -0.8
0.00014552 2.8 -0.8
0.00014556 2.72 -0.88
0.0001456 2.72 -0.8
0.00014564 2.64 -0.88
0.00014568 2.56 -0.8
0.00014572 2.56 -0.88
0.00014576 2.48 -0.88
0.0001458 2.4 -0.88
0.00014584 2.32 -0.96
0.00014588 2.32 -0.88
0.00014592 2.24 -0.88
0.00014596 2.24 -0.88
0.000146 2.16 -0.88
0.00014604 2.16 -0.88
0.00014608 2.08 -0.88
0.00014612 2 -0.88
0.00014616 2 -0.88
0.0001462 1.92 -0.88
0.00014624 1.84 -0.88
0.00014628 1.76 -0.96
0.00014632 1.76 -0.96
0.00014636 1.68 -0.96
0.0001464 1.6 -0.96
0.00014644 1.6 -0.96
0.00014648 1.6 -0.96
0.00014652 1.44 -0.96
0.00014656 1.36 -0.88
0.0001466 1.36 -0.96
0.00014664 1.28 -0.96
0.00014668 1.28 -0.96
0.00014672 1.12 -0.96
0.00014676 1.12 -0.96
0.0001468 1.04 -0.96
0.00014684 1.04 -1.04
0.00014688 0.96 -1.04
0.00014692 0.88 -0.96
0.00014696 0.8 -1.04
0.000147 0.8 -1.04
0.00014704 0.8 -0.96
0.00014708 0.64 -0.96
0.00014712 0.64 -0.96
0.00014716 0.64 -1.04
0.0001472 0.48 -1.04
0.00014724 0.48 -1.04
0.00014728 0.4 -0.96
0.00014732 0.32 -1.04
0.00014736 0.32 -1.04
0.0001474 0.24 -1.04
0.00014744 0.16 -1.04
0.00014748 0.16 -0.96
0.00014752 0.08 -1.04
0.00014756 0 -1.04
0.0001476 0 -1.04
0.00014764 -0.24 -0.96
0.00014768 -0.24 -1.04
0.00014772 -0.32 -1.04
0.00014776 -0.32 -1.04
0.0001478 -0.4 -1.04
0.00014784 -0.4 -1.04
0.00014788 -0.56 -1.04
0.00014792 -0.56 -1.04
0.00014796 -0.64 -1.04
0.000148 -0.72 -1.04
0.00014804 -0.72 -1.04
0.00014808 -0.8 -1.04
0.00014812 -0.88 -1.04
0.00014816 -0.96 -1.04
0.0001482 -0.96 -1.04
0.00014824 -1.04 -1.04
0.00014828 -1.04 -1.04
0.00014832 -1.2 -0.96
0.00014836 -1.28 -0.96
0.0001484 -1.28 -1.04
0.00014844 -1.36 -1.04
0.00014848 -1.36 -1.04
0.00014852 -1.36 -0.96
0.00014856 -1.52 -1.04
0.0001486 -1.52 -1.04
0.00014864 -1.6 -1.04
0.00014868 -1.68 -1.04
0.00014872 -1.68 -1.04
0.00014876 -1.68 -1.04
0.0001488 -1.84 -1.04
0.00014884 -1.84 -1.04
0.00014888 -1.92 -1.04
0.00014892 -2 -1.04
0.00014896 -2 -1.04
0.000149 -2.08 -0.96
0.00014904 -2.16 -1.04
0.00014908 -2.16 -1.04
0.00014912 -2.24 -1.04
0.00014916 -2.32 -1.04
0.0001492 -2.32 -1.04
0.00014924 -2.32 -1.04
0.00014928 -2.48 -1.04
0.00014932 -2.48 -1.12
0.00014936 -2.56 -1.04
0.0001494 -2.56 -1.04
0.00014944 -2.64 -1.04
0.00014948 -2.64 -1.04
0.00014952 -2.72 -1.04
0.00014956 -2.8 -1.04
0.0001496 -2.88 -1.04
0.00014964 -2.96 -1.04
0.00014968 -2.96 -1.04
0.00014972 -2.96 -1.04
0.00014976 -3.04 -1.04
0.0001498 -3.12 -1.04
0.00014984 -3.12 -1.04
0.00014988 -3.2 -1.04
0.00014992 -3.2 -0.96
0.00014996 -3.28 -0.96
0.00015 -3.28 -1.04
0.00015004 -3.44 -1.04
0.00015008 -3.44 -1.04
0.00015012 -3.52 -0.96
0.00015016 -3.52 -0.96
0.0001502 -3.52 -1.04
0.00015024 -3.6 -0.96
0.00015028 -3.68 -0.96
0.00015032 -3.68 -0.96
0.00015036 -3.76 -1.04
0.0001504 -3.84 -1.04
0.00015044 -3.84 -1.04
0.00015048 -3.92 -0.96
0.00015052 -3.92 -0.96
0.00015056 -3.92 -0.96
0.0001506 -3.92 -0.96
0.00015064 -4.08 -0.96
0.00015068 -4.16 -0.96
0.00015072 -4.16 -0.96
0.00015076 -4.16 -0.96
0.0001508 -4.24 -0.96
0.00015084 -4.24 -0.96
0.00015088 -4.32 -0.96
0.00015092 -4.4 -1.04
0.00015096 -4.4 -0.96
0.000151 -4.4 -0.88
0.00015104 -4.48 -0.88
0.00015108 -4.48 -0.96
0.00015112 -4.56 -0.96
0.00015116 -4.56 -0.88
0.0001512 -4.56 -0.88
0.00015124 -4.64 -0.88
0.00015128 -4.72 -0.88
0.00015132 -4.72 -0.88
0.00015136 -4.72 -0.88
0.0001514 -4.8 -0.96
0.00015144 -4.8 -0.88
0.00015148 -4.88 -0.88
0.00015152 -4.88 -0.88
0.00015156 -4.88 -0.8
0.0001516 -4.96 -0.88
0.00015164 -5.04 -0.88
0.00015168 -5.04 -0.8
0.00015172 -5.04 -0.8
0.00015176 -5.12 -0.88
0.0001518 -5.12 -0.88
0.00015184 -5.12 -0.8
0.00015188 -5.2 -0.8
0.00015192 -5.2 -0.88
0.00015196 -5.2 -0.88
0.000152 -5.36 -0.8
0.00015204 -5.36 -0.8
0.00015208 -5.28 -0.8
0.00015212 -5.36 -0.72
0.00015216 -5.44 -0.8
0.0001522 -5.44 -0.72
0.00015224 -5.44 -0.72
0.00015228 -5.52 -0.72
0.00015232 -5.52 -0.72
0.00015236 -5.52 -0.8
0.0001524 -5.52 -0.72
0.00015244 -5.52 -0.72
0.00015248 -5.52 -0.72
0.00015252 -5.68 -0.72
0.00015256 -5.68 -0.72
0.0001526 -5.68 -0.64
0.00015264 -5.68 -0.72
0.00015268 -5.68 -0.64
0.00015272 -5.68 -0.64
0.00015276 -5.76 -0.64
0.0001528 -5.76 -0.64
0.00015284 -5.76 -0.64
0.00015288 -5.76 -0.64
0.00015292 -5.84 -0.64
0.00015296 -5.84 -0.56
0.000153 -5.84 -0.64
0.00015304 -5.92 -0.64
0.00015308 -6 -0.56
0.00015312 -5.92 -0.56
0.00015316 -5.92 -0.56
0.0001532 -5.92 -0.64
0.00015324 -6 -0.56
0.00015328 -6 -0.56
0.00015332 -6 -0.48
0.00015336 -6 -0.56
0.0001534 -6 -0.56
0.00015344 -6.08 -0.48
0.00015348 -6.08 -0.56
0.00015352 -6.08 -0.48
0.00015356 -6.08 -0.48
0.0001536 -6.08 -0.48
0.00015364 -6.08 -0.48
0.00015368 -6.08 -0.48
0.00015372 -6.08 -0.48
0.00015376 -6.16 -0.48
0.0001538 -6.16 -0.48
0.00015384 -6.16 -0.4
0.00015388 -6.16 -0.4
0.00015392 -6.16 -0.48
0.00015396 -6.16 -0.4
0.000154 -6.16 -0.32
0.00015404 -6.08 -0.32
0.00015408 -6.16 -0.4
0.00015412 -6.16 -0.4
0.00015416 -6.16 -0.4
0.0001542 -6.16 -0.32
0.00015424 -6.16 -0.4
0.00015428 -6.16 -0.4
0.00015432 -6.16 -0.32
0.00015436 -6.16 -0.4
0.0001544 -6.16 -0.32
0.00015444 -6.16 -0.32
0.00015448 -6.16 -0.32
0.00015452 -6.16 -0.32
0.00015456 -6.16 -0.32
0.0001546 -6.16 -0.24
0.00015464 -6.16 -0.32
0.00015468 -6.16 -0.24
0.00015472 -6.16 -0.24
0.00015476 -6.16 -0.24
0.0001548 -6.08 -0.32
0.00015484 -6.16 -0.32
0.00015488 -6.16 -0.24
0.00015492 -6.08 -0.16
0.00015496 -6.08 -0.16
0.000155 -6.08 -0.24
0.00015504 -6.08 -0.24
0.00015508 -6.08 -0.16
0.00015512 -6 0
0.00015516 -6.08 0
0.0001552 -6 -0.16
0.00015524 -6.08 0
0.00015528 -6.08 0
0.00015532 -6 -0.16
0.00015536 -6 -0.16
0.0001554 -6 0
0.00015544 -6 0
0.00015548 -6 -0.16
0.00015552 -5.92 0
0.00015556 -5.92 0
0.0001556 -5.92 0.08
0.00015564 -5.84 0.08
0.00015568 -5.84 0
0.00015572 -5.84 0.08
0.00015576 -5.84 0
0.0001558 -5.76 0.08
0.00015584 -5.76 0
0.00015588 -5.76 0
0.00015592 -5.76 0
0.00015596 -5.76 0.08
0.000156 -5.68 0.16
0.00015604 -5.76 0.08
0.00015608 -5.68 0.08
0.00015612 -5.68 0.08
0.00015616 -5.68 0.16
0.0001562 -5.6 0.16
0.00015624 -5.6 0.08
0.00015628 -5.52 0.16
0.00015632 -5.52 0.16
0.00015636 -5.52 0.16
0.0001564 -5.44 0.16
0.00015644 -5.44 0.16
0.00015648 -5.36 0.16
0.00015652 -5.44 0.16
0.00015656 -5.28 0.16
0.0001566 -5.36 0.16
0.00015664 -5.36 0.16
0.00015668 -5.28 0.32
0.00015672 -5.2 0.32
0.00015676 -5.2 0.24
0.0001568 -5.2 0.24
0.00015684 -5.2 0.32
0.00015688 -5.12 0.32
0.00015692 -5.12 0.32
0.00015696 -5.12 0.32
0.000157 -5.04 0.32
0.00015704 -5.04 0.32
0.00015708 -5.04 0.32
0.00015712 -4.88 0.32
0.00015716 -4.88 0.32
0.0001572 -4.88 0.32
0.00015724 -4.88 0.32
0.00015728 -4.8 0.32
0.00015732 -4.8 0.32
0.00015736 -4.8 0.4
0.0001574 -4.72 0.4
0.00015744 -4.72 0.32
0.00015748 -4.56 0.32
0.00015752 -4.56 0.4
0.00015756 -4.56 0.4
0.0001576 -4.48 0.4
0.00015764 -4.48 0.4
0.00015768 -4.4 0.4
0.00015772 -4.4 0.4
0.00015776 -4.32 0.4
0.0001578 -4.32 0.48
0.00015784 -4.24 0.4
0.00015788 -4.24 0.4
0.00015792 -4.16 0.4
0.00015796 -4.16 0.48
0.000158 -4.08 0.48
0.00015804 -4.08 0.48
0.00015808 -3.92 0.48
0.00015812 -3.92 0.48
0.00015816 -3.92 0.56
0.0001582 -3.92 0.48
0.00015824 -3.84 0.56
0.00015828 -3.76 0.48
0.00015832 -3.76 0.48
0.00015836 -3.76 0.56
0.0001584 -3.6 0.56
0.00015844 -3.6 0.56
0.00015848 -3.6 0.56
0.00015852 -3.6 0.56
0.00015856 -3.52 0.64
0.0001586 -3.44 0.64
0.00015864 -3.44 0.64
0.00015868 -3.28 0.56
0.00015872 -3.2 0.64
0.00015876 -3.28 0.56
0.0001588 -3.2 0.64
0.00015884 -3.12 0.64
0.00015888 -3.12 0.64
0.00015892 -2.96 0.56
0.00015896 -2.96 0.64
0.000159 -2.96 0.72
0.00015904 -2.88 0.72
0.00015908 -2.8 0.64
0.00015912 -2.8 0.72
0.00015916 -2.72 0.72
0.0001592 -2.64 0.72
0.00015924 -2.56 0.72
0.00015928 -2.56 0.64
0.00015932 -2.56 0.72
0.00015936 -2.48 0.72
0.0001594 -2.4 0.72
0.00015944 -2.32 0.72
0.00015948 -2.32 0.72
0.00015952 -2.24 0.72
0.00015956 -2.24 0.72
0.0001596 -2.16 0.72
0.00015964 -2.08 0.72
0.00015968 -2 0.8
0.00015972 -1.92 0.8
0.00015976 -1.92 0.72
0.0001598 -1.92 0.72
0.00015984 -1.84 0.72
0.00015988 -1.76 0.8
0.00015992 -1.68 0.8
0.00015996 -1.68 0.8
