0 1.6 -0.72
4e-08 1.6 -0.72
8e-08 -1.36 -0.88
1.2e-07 -1.28 -0.88
1.6e-07 -1.12 -0.8
2e-07 -1.04 -0.8
2.4e-07 -0.96 -0.88
2.8e-07 -0.88 -0.8
3.2e-07 -0.72 -0.8
3.6e-07 -0.72 -0.8
4e-07 -0.56 -0.88
4.4e-07 -0.48 -0.88
4.8e-07 -0.4 -0.8
5.2e-07 -0.32 -0.8
5.6e-07 -0.24 -0.8
6e-07 0 -0.88
6.4e-07 0.08 -0.8
6.8e-07 0.16 -0.8
7.2e-07 0.32 -0.8
7.6e-07 0.32 -0.8
8e-07 0.4 -0.8
8.4e-07 0.56 -0.72
8.8e-07 0.64 -0.8
9.2e-07 0.72 -0.8
9.6e-07 0.8 -0.8
1e-06 0.96 -0.8
1.04e-06 1.04 -0.72
1.08e-06 1.12 -0.8
1.12e-06 1.28 -0.72
1.16e-06 1.28 -0.8
1.2e-06 1.36 -0.72
1.24e-06 1.44 -0.72
1.28e-06 1.6 -0.8
1.32e-06 1.68 -0.8
1.36e-06 1.76 -0.72
1.4e-06 1.92 -0.64
1.44e-06 1.92 -0.8
1.48e-06 2.08 -0.64
1.52e-06 2.08 -0.72
1.56e-06 2.24 -0.72
1.6e-06 2.32 -0.72
1.64e-06 2.4 -0.72
1.68e-06 2.4 -0.72
1.72e-06 2.56 -0.64
1.76e-06 2.64 -0.64
1.8e-06 2.72 -0.64
1.84e-06 2.88 -0.64
1.88e-06 2.96 -0.64
1.92e-06 2.96 -0.64
1.96e-06 3.04 -0.64
2e-06 3.2 -0.64
2.04e-06 3.28 -0.64
2.08e-06 3.36 -0.56
2.12e-06 3.36 -0.56
2.16e-06 3.52 -0.56
2.2e-06 3.52 -0.56
2.24e-06 3.68 -0.56
2.28e-06 3.68 -0.56
2.32e-06 3.76 -0.56
2.36e-06 3.84 -0.56
2.4e-06 3.84 -0.56
2.44e-06 4 -0.48
2.48e-06 4 -0.48
2.52e-06 4.16 -0.56
2.56e-06 4.24 -0.48
2.6e-06 4.24 -0.48
2.64e-06 4.32 -0.4
2.68e-06 4.4 -0.48
2.72e-06 4.48 -0.48
2.76e-06 4.56 -0.4
2.8e-06 4.56 -0.4
2.84e-06 4.64 -0.4
2.88e-06 4.8 -0.4
2.92e-06 4.8 -0.32
2.96e-06 4.8 -0.4
3e-06 4.88 -0.4
3.04e-06 4.96 -0.4
3.08e-06 5.04 -0.32
3.12e-06 5.04 -0.32
3.16e-06 5.12 -0.32
3.2e-06 5.12 -0.32
3.24e-06 5.2 -0.32
3.28e-06 5.28 -0.32
3.32e-06 5.36 -0.32
3.36e-06 5.44 -0.32
3.4e-06 5.44 -0.32
3.44e-06 5.44 -0.32
3.48e-06 5.44 -0.24
3.52e-06 5.52 -0.24
3.56e-06 5.52 -0.24
3.6e-06 5.52 -0.24
3.64e-06 5.6 -0.24
3.68e-06 5.68 -0.16
3.72e-06 5.76 -0.24
3.76e-06 5.76 -0.16
3.8e-06 5.76 -0.16
3.84e-06 5.76 -0.16
3.88e-06 5.84 -0.16
3.92e-06 5.84 -0.16
3.96e-06 5.84 0
4e-06 5.92 0
4.04e-06 5.92 0
4.08e-06 5.92 0
4.12e-06 5.92 0
4.16e-06 5.92 0
4.2e-06 5.92 0
4.24e-06 5.92 0.08
4.28e-06 5.92 0.08
4.32e-06 5.92 0
4.36e-06 5.92 0.08
4.4e-06 6.08 0.08
4.44e-06 6 0.08
4.48e-06 6.08 0
4.52e-06 5.92 0.08
4.56e-06 6 0.08
4.6e-06 6.08 0.08
4.64e-06 6.08 0.16
4.68e-06 6 0.08
4.72e-06 6 0.16
4.76e-06 6.08 0.16
4.8e-06 6 0.16
4.84e-06 6.08 0.24
4.88e-06 6 0.16
4.92e-06 6 0.24
4.96e-06 5.92 0.24
5e-06 5.92 0.24
5.04e-06 5.92 0.16
5.08e-06 5.92 0.24
5.12e-06 5.84 0.24
5.16e-06 5.84 0.24
5.2e-06 5.84 0.24
5.24e-06 5.76 0.32
5.28e-06 5.76 0.32
5.32e-06 5.76 0.32
5.36e-06 5.76 0.24
5.4e-06 5.6 0.32
5.44e-06 5.68 0.32
5.48e-06 5.68 0.4
5.52e-06 5.6 0.32
5.56e-06 5.6 0.32
5.6e-06 5.52 0.4
5.64e-06 5.52 0.4
5.68e-06 5.44 0.4
5.72e-06 5.44 0.32
5.76e-06 5.44 0.4
5.8e-06 5.28 0.4
5.84e-06 5.28 0.4
5.88e-06 5.2 0.4
5.92e-06 5.2 0.4
5.96e-06 5.12 0.48
6e-06 5.12 0.4
6.04e-06 4.96 0.4
6.08e-06 4.96 0.48
6.12e-06 4.88 0.48
6.16e-06 4.88 0.48
6.2e-06 4.8 0.48
6.24e-06 4.8 0.48
6.28e-06 4.72 0.48
6.32e-06 4.64 0.48
6.36e-06 4.56 0.56
6.4e-06 4.56 0.48
6.44e-06 4.48 0.48
6.48e-06 4.32 0.56
6.52e-06 4.32 0.64
6.56e-06 4.16 0.64
6.6e-06 4.16 0.56
6.64e-06 4.16 0.56
6.68e-06 4 0.48
6.72e-06 4 0.64
6.76e-06 3.92 0.56
6.8e-06 3.84 0.64
6.84e-06 3.76 0.64
6.88e-06 3.68 0.64
6.92e-06 3.6 0.64
6.96e-06 3.52 0.56
7e-06 3.52 0.64
7.04e-06 3.36 0.64
7.08e-06 3.28 0.64
7.12e-06 3.2 0.64
7.16e-06 3.12 0.64
7.2e-06 3.04 0.64
7.24e-06 2.96 0.64
7.28e-06 2.88 0.64
7.32e-06 2.88 0.64
7.36e-06 2.72 0.56
7.4e-06 2.64 0.72
7.44e-06 2.56 0.64
7.48e-06 2.48 0.72
7.52e-06 2.32 0.56
7.56e-06 2.24 0.72
7.6e-06 2.16 0.64
7.64e-06 2.08 0.64
7.68e-06 2 0.64
7.72e-06 1.92 0.64
7.76e-06 1.92 0.72
7.8e-06 1.68 0.64
7.84e-06 1.6 0.64
7.88e-06 1.6 0.64
7.92e-06 1.44 0.64
7.96e-06 1.36 0.72
8e-06 1.28 0.64
8.04e-06 1.2 0.64
8.08e-06 1.12 0.64
8.12e-06 0.96 0.72
8.16e-06 0.96 0.64
8.2e-06 0.8 0.64
8.24e-06 0.72 0.64
8.28e-06 0.64 0.64
8.32e-06 0.48 0.72
8.36e-06 0.4 0.64
8.4e-06 0.32 0.64
8.44e-06 0.24 0.64
8.48e-06 0.08 0.64
8.52e-06 0.08 0.64
8.56e-06 0 0.64
8.6e-06 -0.24 0.64
8.64e-06 -0.32 0.64
8.68e-06 -0.4 0.64
8.72e-06 -0.56 0.64
8.76e-06 -0.64 0.64
8.8e-06 -0.64 0.64
8.84e-06 -0.8 0.64
8.88e-06 -0.88 0.64
8.92e-06 -1.04 0.64
8.96e-06 -1.04 0.56
9e-06 -1.2 0.64
9.04e-06 -1.28 0.56
9.08e-06 -1.36 0.56
9.12e-06 -1.52 0.48
9.16e-06 -1.6 0.64
9.2e-06 -1.68 0.64
9.24e-06 -1.76 0.64
9.28e-06 -1.84 0.56
9.32e-06 -1.92 0.56
9.36e-06 -2 0.56
9.4e-06 -2.08 0.56
9.44e-06 -2.16 0.48
9.48e-06 -2.24 0.56
9.52e-06 -2.32 0.56
9.56e-06 -2.48 0.48
9.6e-06 -2.56 0.48
9.64e-06 -2.64 0.48
9.68e-06 -2.72 0.48
9.72e-06 -2.8 0.48
9.76e-06 -2.96 0.48
9.8e-06 -2.96 0.48
9.84e-06 -3.12 0.48
9.88e-06 -3.2 0.48
9.92e-06 -3.2 0.48
9.96e-06 -3.28 0.4
1e-05 -3.44 0.48
1.004e-05 -3.52 0.48
1.008e-05 -3.52 0.48
1.012e-05 -3.6 0.4
1.016e-05 -3.76 0.4
1.02e-05 -3.76 0.32
1.024e-05 -3.92 0.4
1.028e-05 -3.92 0.4
1.032e-05 -4 0.32
1.036e-05 -4.08 0.4
1.04e-05 -4.16 0.32
1.044e-05 -4.16 0.4
1.048e-05 -4.24 0.32
1.052e-05 -4.4 0.32
1.056e-05 -4.4 0.32
1.06e-05 -4.48 0.4
1.064e-05 -4.56 0.32
1.068e-05 -4.64 0.32
1.072e-05 -4.64 0.24
1.076e-05 -4.72 0.32
1.08e-05 -4.8 0.24
1.084e-05 -4.88 0.16
1.088e-05 -4.88 0.16
1.092e-05 -4.96 0.16
1.096e-05 -5.12 0.16
1.1e-05 -5.12 0.24
1.104e-05 -5.12 0.08
1.108e-05 -5.12 0.16
1.112e-05 -5.2 0.16
1.116e-05 -5.36 0.16
1.12e-05 -5.36 0.16
1.124e-05 -5.36 0.08
1.128e-05 -5.44 0.08
1.132e-05 -5.52 0.08
1.136e-05 -5.52 0.16
1.14e-05 -5.52 0.08
1.144e-05 -5.6 0.08
1.148e-05 -5.68 0.08
1.152e-05 -5.68 0.08
1.156e-05 -5.76 0
1.16e-05 -5.76 0.08
1.164e-05 -5.84 0.08
1.168e-05 -5.84 0.08
1.172e-05 -5.84 0
1.176e-05 -5.84 0
1.18e-05 -5.84 0
1.184e-05 -5.92 0
1.188e-05 -5.92 0
1.192e-05 -6 0
1.196e-05 -6 -0.16
1.2e-05 -6 -0.16
1.204e-05 -6 0
1.208e-05 -6.08 -0.16
1.212e-05 -6.08 -0.24
1.216e-05 -6.08 -0.24
1.22e-05 -6.08 -0.16
1.224e-05 -6.08 -0.16
1.228e-05 -6.16 -0.24
1.232e-05 -6.16 -0.24
1.236e-05 -6.08 -0.24
1.24e-05 -6.16 -0.24
1.244e-05 -6.16 -0.24
1.248e-05 -6.16 -0.32
1.252e-05 -6.16 -0.32
1.256e-05 -6.16 -0.24
1.26e-05 -6.08 -0.24
1.264e-05 -6.16 -0.32
1.268e-05 -6.16 -0.32
1.272e-05 -6.16 -0.4
1.276e-05 -6.16 -0.32
1.28e-05 -6.08 -0.32
1.284e-05 -6.08 -0.32
1.288e-05 -6.08 -0.32
1.292e-05 -6.08 -0.32
1.296e-05 -6.08 -0.4
1.3e-05 -6 -0.4
1.304e-05 -6 -0.48
1.308e-05 -6 -0.4
1.312e-05 -6 -0.4
1.316e-05 -6 -0.4
1.32e-05 -5.84 -0.48
1.324e-05 -5.84 -0.4
1.328e-05 -5.84 -0.4
1.332e-05 -5.84 -0.48
1.336e-05 -5.76 -0.56
1.34e-05 -5.76 -0.56
1.344e-05 -5.76 -0.4
1.348e-05 -5.68 -0.56
1.352e-05 -5.68 -0.56
1.356e-05 -5.6 -0.56
1.36e-05 -5.52 -0.56
1.364e-05 -5.52 -0.56
1.368e-05 -5.52 -0.64
1.372e-05 -5.44 -0.64
1.376e-05 -5.44 -0.56
1.38e-05 -5.36 -0.64
1.384e-05 -5.36 -0.56
1.388e-05 -5.2 -0.64
1.392e-05 -5.2 -0.56
1.396e-05 -5.2 -0.64
1.4e-05 -5.2 -0.64
1.404e-05 -5.12 -0.64
1.408e-05 -5.04 -0.72
1.412e-05 -4.96 -0.64
1.416e-05 -4.88 -0.64
1.42e-05 -4.8 -0.72
1.424e-05 -4.8 -0.72
1.428e-05 -4.72 -0.64
1.432e-05 -4.64 -0.72
1.436e-05 -4.56 -0.72
1.44e-05 -4.48 -0.72
1.444e-05 -4.4 -0.72
1.448e-05 -4.4 -0.64
1.452e-05 -4.24 -0.64
1.456e-05 -4.24 -0.72
1.46e-05 -4.16 -0.72
1.464e-05 -4.16 -0.72
1.468e-05 -4.08 -0.64
1.472e-05 -3.92 -0.8
1.476e-05 -3.84 -0.8
1.48e-05 -3.84 -0.8
1.484e-05 -3.76 -0.8
1.488e-05 -3.68 -0.72
1.492e-05 -3.6 -0.8
1.496e-05 -3.52 -0.8
1.5e-05 -3.44 -0.8
1.504e-05 -3.36 -0.72
1.508e-05 -3.28 -0.72
1.512e-05 -3.12 -0.72
1.516e-05 -3.12 -0.8
1.52e-05 -2.96 -0.8
1.524e-05 -2.96 -0.88
1.528e-05 -2.88 -0.8
1.532e-05 -2.8 -0.88
1.536e-05 -2.64 -0.8
1.54e-05 -2.56 -0.88
1.544e-05 -2.48 -0.88
1.548e-05 -2.32 -0.8
1.552e-05 -2.32 -0.88
1.556e-05 -2.24 -0.8
1.56e-05 -2.16 -0.8
1.564e-05 -2.16 -0.88
1.568e-05 -1.92 -0.8
1.572e-05 -1.84 -0.8
1.576e-05 -1.84 -0.8
1.58e-05 -1.68 -0.8
1.584e-05 -1.6 -0.8
1.588e-05 -1.6 -0.88
1.592e-05 -1.36 -0.8
1.596e-05 -1.36 -0.88
1.6e-05 -1.28 -0.88
1.604e-05 -1.12 -0.88
1.608e-05 -1.04 -0.88
1.612e-05 -0.96 -0.88
1.616e-05 -0.88 -0.88
1.62e-05 -0.72 -0.8
1.624e-05 -0.64 -0.8
1.628e-05 -0.56 -0.8
1.632e-05 -0.4 -0.8
1.636e-05 -0.4 -0.8
1.64e-05 -0.32 -0.8
1.644e-05 -0.24 -0.8
1.648e-05 0 -0.8
1.652e-05 0.08 -0.88
1.656e-05 0.16 -0.88
1.66e-05 0.32 -0.72
1.664e-05 0.32 -0.8
1.668e-05 0.48 -0.72
1.672e-05 0.56 -0.88
1.676e-05 0.64 -0.8
1.68e-05 0.72 -0.8
1.684e-05 0.8 -0.8
1.688e-05 0.96 -0.72
1.692e-05 1.04 -0.8
1.696e-05 1.12 -0.8
1.7e-05 1.28 -0.72
1.704e-05 1.28 -0.8
1.708e-05 1.36 -0.8
1.712e-05 1.44 -0.8
1.716e-05 1.6 -0.72
1.72e-05 1.76 -0.72
1.724e-05 1.76 -0.72
1.728e-05 1.92 -0.72
1.732e-05 1.92 -0.64
1.736e-05 2.08 -0.64
1.74e-05 2.16 -0.72
1.744e-05 2.24 -0.72
1.748e-05 2.24 -0.72
1.752e-05 2.4 -0.56
1.756e-05 2.56 -0.64
1.76e-05 2.56 -0.64
1.764e-05 2.64 -0.64
1.768e-05 2.72 -0.64
1.772e-05 2.88 -0.64
1.776e-05 2.96 -0.72
1.78e-05 3.04 -0.64
1.784e-05 3.04 -0.64
1.788e-05 3.2 -0.56
1.792e-05 3.28 -0.56
1.796e-05 3.28 -0.64
1.8e-05 3.44 -0.64
1.804e-05 3.52 -0.64
1.808e-05 3.6 -0.56
1.812e-05 3.6 -0.56
1.816e-05 3.68 -0.64
1.82e-05 3.84 -0.56
1.824e-05 3.84 -0.56
1.828e-05 3.92 -0.56
1.832e-05 4 -0.56
1.836e-05 4.16 -0.56
1.84e-05 4.16 -0.48
1.844e-05 4.16 -0.48
1.848e-05 4.32 -0.56
1.852e-05 4.32 -0.48
1.856e-05 4.48 -0.4
1.86e-05 4.48 -0.4
1.864e-05 4.56 -0.48
1.868e-05 4.64 -0.48
1.872e-05 4.72 -0.4
1.876e-05 4.8 -0.32
1.88e-05 4.8 -0.4
1.884e-05 4.88 -0.4
1.888e-05 4.88 -0.4
1.892e-05 4.96 -0.4
1.896e-05 5.04 -0.4
1.9e-05 5.12 -0.4
1.904e-05 5.12 -0.32
1.908e-05 5.2 -0.32
1.912e-05 5.2 -0.32
1.916e-05 5.2 -0.32
1.92e-05 5.28 -0.32
1.924e-05 5.28 -0.32
1.928e-05 5.44 -0.24
1.932e-05 5.44 -0.24
1.936e-05 5.44 -0.32
1.94e-05 5.52 -0.24
1.944e-05 5.52 -0.24
1.948e-05 5.6 -0.16
1.952e-05 5.6 -0.24
1.956e-05 5.6 -0.24
1.96e-05 5.68 -0.16
1.964e-05 5.76 -0.16
1.968e-05 5.76 0
1.972e-05 5.76 -0.16
1.976e-05 5.76 -0.16
1.98e-05 5.84 0
1.984e-05 5.84 0
1.988e-05 5.92 -0.16
1.992e-05 5.84 0
1.996e-05 5.92 0
2e-05 5.92 0
2.004e-05 5.92 0
2.008e-05 5.92 0
2.012e-05 5.92 0
2.016e-05 6 0.08
2.02e-05 6 0.08
2.024e-05 6.08 0
2.028e-05 6 0.08
2.032e-05 6.08 0.08
2.036e-05 6.08 0.16
2.04e-05 6 0.08
2.044e-05 6 0.08
2.048e-05 6.08 0.08
2.052e-05 6 0.08
2.056e-05 6 0.08
2.06e-05 6.08 0.16
2.064e-05 5.92 0.08
2.068e-05 6 0.16
2.072e-05 6 0.16
2.076e-05 5.92 0.16
2.08e-05 5.92 0.24
2.084e-05 5.92 0.32
2.088e-05 5.92 0.16
2.092e-05 5.84 0.24
2.096e-05 5.92 0.24
2.1e-05 5.92 0.24
2.104e-05 5.84 0.32
2.108e-05 5.84 0.32
2.112e-05 5.76 0.32
2.116e-05 5.76 0.32
2.12e-05 5.76 0.32
2.124e-05 5.76 0.32
2.128e-05 5.68 0.4
2.132e-05 5.6 0.32
2.136e-05 5.6 0.32
2.14e-05 5.6 0.4
2.144e-05 5.52 0.4
2.148e-05 5.52 0.32
2.152e-05 5.44 0.4
2.156e-05 5.44 0.32
2.16e-05 5.44 0.4
2.164e-05 5.28 0.4
2.168e-05 5.28 0.4
2.172e-05 5.2 0.4
2.176e-05 5.2 0.4
2.18e-05 5.12 0.4
2.184e-05 5.12 0.4
2.188e-05 5.12 0.4
2.192e-05 5.12 0.48
2.196e-05 4.96 0.4
2.2e-05 4.88 0.48
2.204e-05 4.88 0.48
2.208e-05 4.88 0.48
2.212e-05 4.8 0.56
2.216e-05 4.72 0.48
2.22e-05 4.64 0.48
2.224e-05 4.56 0.48
2.228e-05 4.56 0.56
2.232e-05 4.48 0.56
2.236e-05 4.4 0.64
2.24e-05 4.32 0.48
2.244e-05 4.24 0.56
2.248e-05 4.16 0.56
2.252e-05 4.16 0.64
2.256e-05 4 0.64
2.26e-05 3.92 0.56
2.264e-05 3.84 0.64
2.268e-05 3.84 0.64
2.272e-05 3.76 0.64
2.276e-05 3.68 0.56
2.28e-05 3.6 0.56
2.284e-05 3.52 0.64
2.288e-05 3.44 0.64
2.292e-05 3.36 0.64
2.296e-05 3.28 0.64
2.3e-05 3.2 0.64
2.304e-05 3.12 0.64
2.308e-05 3.04 0.64
2.312e-05 2.96 0.64
2.316e-05 2.88 0.64
2.32e-05 2.72 0.64
2.324e-05 2.72 0.64
2.328e-05 2.56 0.64
2.332e-05 2.56 0.64
2.336e-05 2.4 0.64
2.34e-05 2.32 0.72
2.344e-05 2.24 0.64
2.348e-05 2.24 0.64
2.352e-05 2.08 0.64
2.356e-05 2 0.72
2.36e-05 1.92 0.64
2.364e-05 1.76 0.64
2.368e-05 1.68 0.72
2.372e-05 1.6 0.72
2.376e-05 1.6 0.64
2.38e-05 1.44 0.64
2.384e-05 1.36 0.64
2.388e-05 1.28 0.64
2.392e-05 1.2 0.64
2.396e-05 1.04 0.64
2.4e-05 0.96 0.64
2.404e-05 0.88 0.64
2.408e-05 0.8 0.64
2.412e-05 0.72 0.64
2.416e-05 0.64 0.64
2.42e-05 0.48 0.64
2.424e-05 0.4 0.72
2.428e-05 0.32 0.72
2.432e-05 0.16 0.72
2.436e-05 0.08 0.64
2.44e-05 0 0.64
2.444e-05 -0.16 0.64
2.448e-05 -0.24 0.64
2.452e-05 -0.32 0.64
2.456e-05 -0.4 0.64
2.46e-05 -0.48 0.64
2.464e-05 -0.64 0.64
2.468e-05 -0.72 0.64
2.472e-05 -0.88 0.64
2.476e-05 -0.88 0.64
2.48e-05 -1.04 0.72
2.484e-05 -1.04 0.64
2.488e-05 -1.2 0.56
2.492e-05 -1.28 0.64
2.496e-05 -1.36 0.64
2.5e-05 -1.52 0.64
2.504e-05 -1.6 0.48
2.508e-05 -1.68 0.48
2.512e-05 -1.84 0.56
2.516e-05 -1.84 0.64
2.52e-05 -1.92 0.64
2.524e-05 -2 0.56
2.528e-05 -2.16 0.56
2.532e-05 -2.24 0.56
2.536e-05 -2.32 0.48
2.54e-05 -2.4 0.48
2.544e-05 -2.48 0.56
2.548e-05 -2.64 0.56
2.552e-05 -2.64 0.48
2.556e-05 -2.8 0.48
2.56e-05 -2.8 0.48
2.564e-05 -2.88 0.48
2.568e-05 -2.96 0.48
2.572e-05 -3.12 0.4
2.576e-05 -3.2 0.4
2.58e-05 -3.2 0.48
2.584e-05 -3.28 0.48
2.588e-05 -3.44 0.48
2.592e-05 -3.52 0.4
2.596e-05 -3.6 0.4
2.6e-05 -3.6 0.4
2.604e-05 -3.68 0.4
2.608e-05 -3.76 0.4
2.612e-05 -3.92 0.32
2.616e-05 -3.92 0.32
2.62e-05 -4.08 0.4
2.624e-05 -4.08 0.4
2.628e-05 -4.16 0.32
2.632e-05 -4.24 0.32
2.636e-05 -4.32 0.32
2.64e-05 -4.4 0.32
2.644e-05 -4.4 0.32
2.648e-05 -4.48 0.32
2.652e-05 -4.56 0.32
2.656e-05 -4.64 0.32
2.66e-05 -4.72 0.24
2.664e-05 -4.8 0.24
2.668e-05 -4.8 0.24
2.672e-05 -4.88 0.24
2.676e-05 -4.96 0.24
2.68e-05 -5.04 0.24
2.684e-05 -5.12 0.16
2.688e-05 -5.12 0.16
2.692e-05 -5.2 0.24
2.696e-05 -5.2 0.16
2.7e-05 -5.2 0.16
2.704e-05 -5.28 0.16
2.708e-05 -5.36 0.16
2.712e-05 -5.44 0.16
2.716e-05 -5.44 0.16
2.72e-05 -5.52 0.08
2.724e-05 -5.52 0.08
2.728e-05 -5.52 0.08
2.732e-05 -5.6 0.08
2.736e-05 -5.6 0.08
2.74e-05 -5.68 0.08
2.744e-05 -5.76 0.08
2.748e-05 -5.76 0.08
2.752e-05 -5.84 0
2.756e-05 -5.84 0
2.76e-05 -5.84 0
2.764e-05 -5.84 0.08
2.768e-05 -6 0
2.772e-05 -5.92 0
2.776e-05 -6 0
2.78e-05 -6 0
2.784e-05 -6 -0.16
2.788e-05 -6 -0.16
2.792e-05 -6.08 -0.16
2.796e-05 -6.08 -0.16
2.8e-05 -6.08 -0.24
2.804e-05 -6.08 -0.16
2.808e-05 -6.08 -0.24
2.812e-05 -6.16 -0.24
2.816e-05 -6.16 -0.24
2.82e-05 -6.08 -0.24
2.824e-05 -6.16 -0.24
2.828e-05 -6.16 -0.32
2.832e-05 -6.16 -0.24
2.836e-05 -6.16 -0.24
2.84e-05 -6.16 -0.32
2.844e-05 -6.16 -0.32
2.848e-05 -6.16 -0.32
2.852e-05 -6.16 -0.32
2.856e-05 -6.08 -0.32
2.86e-05 -6.08 -0.32
2.864e-05 -6.16 -0.32
2.868e-05 -6.08 -0.32
2.872e-05 -6.08 -0.32
2.876e-05 -6.08 -0.4
2.88e-05 -6.08 -0.4
2.884e-05 -6.08 -0.4
2.888e-05 -6 -0.32
2.892e-05 -6 -0.4
2.896e-05 -6 -0.48
2.9e-05 -6 -0.48
2.904e-05 -6 -0.4
2.908e-05 -5.92 -0.4
2.912e-05 -5.84 -0.56
2.916e-05 -5.84 -0.56
2.92e-05 -5.84 -0.48
2.924e-05 -5.76 -0.48
2.928e-05 -5.76 -0.48
2.932e-05 -5.76 -0.56
2.936e-05 -5.68 -0.48
2.94e-05 -5.68 -0.56
2.944e-05 -5.6 -0.56
2.948e-05 -5.52 -0.56
2.952e-05 -5.52 -0.64
2.956e-05 -5.52 -0.56
2.96e-05 -5.44 -0.56
2.964e-05 -5.44 -0.64
2.968e-05 -5.36 -0.64
2.972e-05 -5.28 -0.56
2.976e-05 -5.2 -0.64
2.98e-05 -5.2 -0.64
2.984e-05 -5.12 -0.64
2.988e-05 -5.12 -0.64
2.992e-05 -5.04 -0.56
2.996e-05 -4.96 -0.64
3e-05 -4.96 -0.64
3.004e-05 -4.88 -0.64
3.008e-05 -4.8 -0.72
3.012e-05 -4.72 -0.64
3.016e-05 -4.72 -0.72
3.02e-05 -4.64 -0.72
3.024e-05 -4.56 -0.64
3.028e-05 -4.48 -0.64
3.032e-05 -4.4 -0.72
3.036e-05 -4.4 -0.8
3.04e-05 -4.4 -0.72
3.044e-05 -4.24 -0.72
3.048e-05 -4.24 -0.72
3.052e-05 -4.08 -0.8
3.056e-05 -4 -0.72
3.06e-05 -3.92 -0.64
3.064e-05 -3.84 -0.72
3.068e-05 -3.84 -0.72
3.072e-05 -3.76 -0.8
3.076e-05 -3.68 -0.8
3.08e-05 -3.6 -0.8
3.084e-05 -3.52 -0.8
3.088e-05 -3.44 -0.72
3.092e-05 -3.28 -0.88
3.096e-05 -3.28 -0.72
3.1e-05 -3.2 -0.72
3.104e-05 -3.12 -0.8
3.108e-05 -2.96 -0.88
3.112e-05 -2.96 -0.8
3.116e-05 -2.8 -0.8
3.12e-05 -2.8 -0.88
3.124e-05 -2.64 -0.8
3.128e-05 -2.56 -0.88
3.132e-05 -2.48 -0.8
3.136e-05 -2.4 -0.8
3.14e-05 -2.32 -0.88
3.144e-05 -2.24 -0.88
3.148e-05 -2.16 -0.88
3.152e-05 -2 -0.88
3.156e-05 -1.92 -0.8
3.16e-05 -1.92 -0.88
3.164e-05 -1.84 -0.8
3.168e-05 -1.68 -0.8
3.172e-05 -1.6 -0.8
3.176e-05 -1.52 -0.8
3.18e-05 -1.36 -0.88
3.184e-05 -1.28 -0.8
3.188e-05 -1.2 -0.8
3.192e-05 -1.12 -0.8
3.196e-05 -1.04 -0.88
3.2e-05 -0.96 -0.88
3.204e-05 -0.88 -0.8
3.208e-05 -0.72 -0.88
3.212e-05 -0.64 -0.8
3.216e-05 -0.56 -0.88
3.22e-05 -0.4 -0.88
3.224e-05 -0.4 -0.8
3.228e-05 -0.32 -0.88
3.232e-05 -0.24 -0.8
3.236e-05 0 -0.88
3.24e-05 0.08 -0.8
3.244e-05 0.16 -0.88
3.248e-05 0.32 -0.8
3.252e-05 0.32 -0.8
3.256e-05 0.48 -0.8
3.26e-05 0.64 -0.8
3.264e-05 0.72 -0.88
3.268e-05 0.8 -0.8
3.272e-05 0.88 -0.8
3.276e-05 0.96 -0.72
3.28e-05 1.04 -0.72
3.284e-05 1.12 -0.8
3.288e-05 1.28 -0.72
3.292e-05 1.36 -0.8
3.296e-05 1.44 -0.72
3.3e-05 1.44 -0.72
3.304e-05 1.6 -0.72
3.308e-05 1.68 -0.72
3.312e-05 1.76 -0.72
3.316e-05 1.92 -0.72
3.32e-05 2 -0.72
3.324e-05 2.08 -0.64
3.328e-05 2.24 -0.72
3.332e-05 2.24 -0.64
3.336e-05 2.32 -0.72
3.34e-05 2.4 -0.64
3.344e-05 2.56 -0.64
3.348e-05 2.64 -0.64
3.352e-05 2.64 -0.64
3.356e-05 2.72 -0.64
3.36e-05 2.88 -0.72
3.364e-05 2.96 -0.64
3.368e-05 3.04 -0.64
3.372e-05 3.04 -0.64
3.376e-05 3.2 -0.64
3.38e-05 3.28 -0.56
3.384e-05 3.36 -0.64
3.388e-05 3.52 -0.64
3.392e-05 3.52 -0.64
3.396e-05 3.6 -0.56
3.4e-05 3.68 -0.56
3.404e-05 3.68 -0.56
3.408e-05 3.84 -0.56
3.412e-05 3.84 -0.56
3.416e-05 4 -0.48
3.42e-05 4 -0.48
3.424e-05 4.08 -0.56
3.428e-05 4.16 -0.56
3.432e-05 4.24 -0.48
3.436e-05 4.32 -0.48
3.44e-05 4.32 -0.48
3.444e-05 4.48 -0.48
3.448e-05 4.56 -0.4
3.452e-05 4.56 -0.48
3.456e-05 4.64 -0.4
3.46e-05 4.64 -0.4
3.464e-05 4.8 -0.4
3.468e-05 4.8 -0.4
3.472e-05 4.8 -0.4
3.476e-05 4.96 -0.4
3.48e-05 4.96 -0.32
3.484e-05 5.04 -0.4
3.488e-05 5.12 -0.4
3.492e-05 5.12 -0.4
3.496e-05 5.2 -0.32
3.5e-05 5.2 -0.32
3.504e-05 5.28 -0.24
3.508e-05 5.28 -0.32
3.512e-05 5.44 -0.32
3.516e-05 5.44 -0.32
3.52e-05 5.44 -0.32
3.524e-05 5.44 -0.24
3.528e-05 5.52 -0.24
3.532e-05 5.52 -0.24
3.536e-05 5.6 -0.24
3.54e-05 5.6 -0.16
3.544e-05 5.68 -0.16
3.548e-05 5.68 -0.24
3.552e-05 5.76 -0.24
3.556e-05 5.76 -0.16
3.56e-05 5.84 0
3.564e-05 5.76 -0.16
3.568e-05 5.84 -0.16
3.572e-05 5.84 0
3.576e-05 5.92 0
3.58e-05 5.92 0
3.584e-05 5.92 0
3.588e-05 5.92 0
3.592e-05 5.92 0.08
3.596e-05 6 0.08
3.6e-05 5.92 0
3.604e-05 6 0
3.608e-05 6.08 0
3.612e-05 6 0.08
3.616e-05 6.08 0.08
3.62e-05 6 0
3.624e-05 6.08 0.08
3.628e-05 6.08 0.16
3.632e-05 6.08 0.16
3.636e-05 6 0.08
3.64e-05 6.08 0.08
3.644e-05 6 0.08
3.648e-05 6.08 0.16
3.652e-05 6 0.16
3.656e-05 5.92 0.16
3.66e-05 6.08 0.16
3.664e-05 5.92 0.16
3.668e-05 5.92 0.24
3.672e-05 5.92 0.16
3.676e-05 5.92 0.24
3.68e-05 5.92 0.16
3.684e-05 5.92 0.32
3.688e-05 5.84 0.32
3.692e-05 5.84 0.32
3.696e-05 5.84 0.32
3.7e-05 5.76 0.32
3.704e-05 5.84 0.32
3.708e-05 5.76 0.24
3.712e-05 5.76 0.32
3.716e-05 5.68 0.32
3.72e-05 5.6 0.32
3.724e-05 5.6 0.4
3.728e-05 5.6 0.32
3.732e-05 5.52 0.4
3.736e-05 5.52 0.4
3.74e-05 5.44 0.4
3.744e-05 5.44 0.32
3.748e-05 5.44 0.4
3.752e-05 5.28 0.4
3.756e-05 5.28 0.4
3.76e-05 5.28 0.4
3.764e-05 5.2 0.4
3.768e-05 5.12 0.48
3.772e-05 5.12 0.4
3.776e-05 5.12 0.4
3.78e-05 5.04 0.48
3.784e-05 4.96 0.48
3.788e-05 4.96 0.48
3.792e-05 4.8 0.48
3.796e-05 4.8 0.48
3.8e-05 4.8 0.48
3.804e-05 4.72 0.48
3.808e-05 4.64 0.56
3.812e-05 4.56 0.48
3.816e-05 4.48 0.56
3.82e-05 4.48 0.48
3.824e-05 4.32 0.56
3.828e-05 4.32 0.64
3.832e-05 4.24 0.56
3.836e-05 4.16 0.56
3.84e-05 4.16 0.56
3.844e-05 4 0.64
3.848e-05 3.92 0.64
3.852e-05 3.92 0.56
3.856e-05 3.84 0.56
3.86e-05 3.76 0.64
3.864e-05 3.68 0.64
3.868e-05 3.6 0.64
3.872e-05 3.52 0.56
3.876e-05 3.36 0.64
3.88e-05 3.36 0.64
3.884e-05 3.2 0.64
3.888e-05 3.2 0.64
3.892e-05 3.12 0.64
3.896e-05 3.04 0.64
3.9e-05 2.96 0.64
3.904e-05 2.88 0.64
3.908e-05 2.72 0.64
3.912e-05 2.64 0.72
3.916e-05 2.56 0.72
3.92e-05 2.56 0.64
3.924e-05 2.4 0.56
3.928e-05 2.32 0.64
3.932e-05 2.24 0.64
3.936e-05 2.16 0.72
3.94e-05 2.08 0.72
3.944e-05 1.92 0.72
3.948e-05 1.92 0.72
3.952e-05 1.76 0.72
3.956e-05 1.68 0.64
3.96e-05 1.6 0.64
3.964e-05 1.52 0.64
3.968e-05 1.44 0.72
3.972e-05 1.28 0.64
3.976e-05 1.2 0.64
3.98e-05 1.12 0.64
3.984e-05 1.04 0.72
3.988e-05 0.96 0.72
3.992e-05 0.88 0.64
3.996e-05 0.8 0.56
4e-05 0.72 0.72
4.004e-05 0.64 0.72
4.008e-05 0.48 0.72
4.012e-05 0.4 0.64
4.016e-05 0.32 0.72
4.02e-05 0.16 0.72
4.024e-05 0.08 0.72
4.028e-05 0 0.64
4.032e-05 -0.16 0.64
4.036e-05 -0.24 0.64
4.04e-05 -0.32 0.64
4.044e-05 -0.4 0.64
4.048e-05 -0.56 0.64
4.052e-05 -0.64 0.64
4.056e-05 -0.72 0.56
4.06e-05 -0.88 0.64
4.064e-05 -0.96 0.64
4.068e-05 -1.04 0.56
4.072e-05 -1.12 0.64
4.076e-05 -1.2 0.64
4.08e-05 -1.36 0.56
4.084e-05 -1.36 0.64
4.088e-05 -1.52 0.56
4.092e-05 -1.6 0.64
4.096e-05 -1.68 0.56
4.1e-05 -1.68 0.56
4.104e-05 -1.84 0.56
4.108e-05 -1.92 0.56
4.112e-05 -2 0.64
4.116e-05 -2.16 0.48
4.12e-05 -2.24 0.48
4.124e-05 -2.32 0.56
4.128e-05 -2.4 0.56
4.132e-05 -2.56 0.48
4.136e-05 -2.64 0.48
4.14e-05 -2.64 0.48
4.144e-05 -2.8 0.48
4.148e-05 -2.88 0.48
4.152e-05 -2.96 0.48
4.156e-05 -2.96 0.4
4.16e-05 -3.12 0.48
4.164e-05 -3.2 0.48
4.168e-05 -3.28 0.4
4.172e-05 -3.36 0.4
4.176e-05 -3.44 0.4
4.18e-05 -3.52 0.4
4.184e-05 -3.6 0.4
4.188e-05 -3.6 0.4
4.192e-05 -3.76 0.4
4.196e-05 -3.84 0.4
4.2e-05 -3.92 0.48
4.204e-05 -3.92 0.4
4.208e-05 -4.08 0.32
4.212e-05 -4.08 0.32
4.216e-05 -4.16 0.4
4.22e-05 -4.24 0.32
4.224e-05 -4.24 0.32
4.228e-05 -4.32 0.32
4.232e-05 -4.48 0.32
4.236e-05 -4.56 0.32
4.24e-05 -4.56 0.24
4.244e-05 -4.72 0.32
4.248e-05 -4.72 0.32
4.252e-05 -4.8 0.32
4.256e-05 -4.8 0.24
4.26e-05 -4.88 0.32
4.264e-05 -4.88 0.24
4.268e-05 -4.96 0.24
4.272e-05 -5.04 0.24
4.276e-05 -5.12 0.16
4.28e-05 -5.2 0.16
4.284e-05 -5.2 0.16
4.288e-05 -5.28 0.16
4.292e-05 -5.28 0.16
4.296e-05 -5.36 0.08
4.3e-05 -5.44 0.16
4.304e-05 -5.44 0.08
4.308e-05 -5.52 0.08
4.312e-05 -5.52 0.08
4.316e-05 -5.52 0.08
4.32e-05 -5.6 0.08
4.324e-05 -5.68 0.08
4.328e-05 -5.68 0.08
4.332e-05 -5.76 0
4.336e-05 -5.84 0.08
4.34e-05 -5.84 0
4.344e-05 -5.84 0
4.348e-05 -5.84 0
4.352e-05 -5.84 0
4.356e-05 -5.84 0
4.36e-05 -5.92 0
4.364e-05 -6 -0.16
4.368e-05 -6 0
4.372e-05 -6 -0.16
4.376e-05 -6.08 0
4.38e-05 -6.08 -0.16
4.384e-05 -6.08 -0.24
4.388e-05 -6.08 -0.24
4.392e-05 -6.08 -0.24
4.396e-05 -6.16 0
4.4e-05 -6.08 -0.24
4.404e-05 -6.16 -0.24
4.408e-05 -6.08 -0.24
4.412e-05 -6.16 -0.16
4.416e-05 -6.08 -0.24
4.42e-05 -6.16 -0.24
4.424e-05 -6.08 -0.24
4.428e-05 -6.16 -0.32
4.432e-05 -6.16 -0.24
4.436e-05 -6.16 -0.32
4.44e-05 -6.16 -0.32
4.444e-05 -6.16 -0.32
4.448e-05 -6.16 -0.4
4.452e-05 -6.08 -0.4
4.456e-05 -6.08 -0.4
4.46e-05 -6.08 -0.4
4.464e-05 -6.08 -0.32
4.468e-05 -6.08 -0.4
4.472e-05 -6.08 -0.4
4.476e-05 -6 -0.4
4.48e-05 -6 -0.4
4.484e-05 -6 -0.4
4.488e-05 -6 -0.4
4.492e-05 -5.84 -0.48
4.496e-05 -5.92 -0.48
4.5e-05 -5.84 -0.48
4.504e-05 -5.84 -0.48
4.508e-05 -5.84 -0.48
4.512e-05 -5.76 -0.56
4.516e-05 -5.76 -0.48
4.52e-05 -5.76 -0.56
4.524e-05 -5.68 -0.56
4.528e-05 -5.68 -0.56
4.532e-05 -5.6 -0.56
4.536e-05 -5.52 -0.56
4.54e-05 -5.52 -0.56
4.544e-05 -5.44 -0.56
4.548e-05 -5.44 -0.56
4.552e-05 -5.36 -0.56
4.556e-05 -5.36 -0.56
4.56e-05 -5.36 -0.64
4.564e-05 -5.2 -0.64
4.568e-05 -5.2 -0.64
4.572e-05 -5.12 -0.64
4.576e-05 -5.12 -0.64
4.58e-05 -5.04 -0.72
4.584e-05 -5.04 -0.64
4.588e-05 -4.88 -0.64
4.592e-05 -4.88 -0.64
4.596e-05 -4.88 -0.72
4.6e-05 -4.8 -0.72
4.604e-05 -4.72 -0.64
4.608e-05 -4.56 -0.72
4.612e-05 -4.56 -0.72
4.616e-05 -4.48 -0.72
4.62e-05 -4.48 -0.72
4.624e-05 -4.4 -0.72
4.628e-05 -4.24 -0.72
4.632e-05 -4.24 -0.72
4.636e-05 -4.16 -0.72
4.64e-05 -4.08 -0.72
4.644e-05 -4.08 -0.72
4.648e-05 -3.92 -0.8
4.652e-05 -3.84 -0.8
4.656e-05 -3.76 -0.8
4.66e-05 -3.68 -0.72
4.664e-05 -3.68 -0.72
4.668e-05 -3.6 -0.8
4.672e-05 -3.52 -0.8
4.676e-05 -3.44 -0.8
4.68e-05 -3.28 -0.72
4.684e-05 -3.28 -0.88
4.688e-05 -3.2 -0.8
4.692e-05 -3.12 -0.8
4.696e-05 -2.96 -0.8
4.7e-05 -2.96 -0.8
4.704e-05 -2.8 -0.8
4.708e-05 -2.8 -0.8
4.712e-05 -2.64 -0.88
4.716e-05 -2.56 -0.8
4.72e-05 -2.48 -0.88
4.724e-05 -2.4 -0.8
4.728e-05 -2.32 -0.8
4.732e-05 -2.24 -0.88
4.736e-05 -2.16 -0.88
4.74e-05 -2 -0.88
4.744e-05 -2 -0.8
4.748e-05 -1.84 -0.8
4.752e-05 -1.76 -0.8
4.756e-05 -1.68 -0.8
4.76e-05 -1.6 -0.88
4.764e-05 -1.52 -0.8
4.768e-05 -1.36 -0.8
4.772e-05 -1.36 -0.8
4.776e-05 -1.2 -0.88
4.78e-05 -1.04 -0.88
4.784e-05 -1.04 -0.8
4.788e-05 -0.96 -0.88
4.792e-05 -0.88 -0.88
4.796e-05 -0.72 -0.8
4.8e-05 -0.64 -0.8
4.804e-05 -0.56 -0.8
4.808e-05 -0.4 -0.88
4.812e-05 -0.32 -0.8
4.816e-05 -0.24 -0.8
4.82e-05 0 -0.8
4.824e-05 0 -0.8
4.828e-05 0.08 -0.88
4.832e-05 0.24 -0.8
4.836e-05 0.32 -0.8
4.84e-05 0.4 -0.8
4.844e-05 0.48 -0.88
4.848e-05 0.56 -0.88
4.852e-05 0.64 -0.8
4.856e-05 0.72 -0.8
4.86e-05 0.96 -0.72
4.864e-05 0.96 -0.88
4.868e-05 1.12 -0.8
4.872e-05 1.12 -0.72
4.876e-05 1.28 -0.72
4.88e-05 1.36 -0.8
4.884e-05 1.44 -0.8
4.888e-05 1.6 -0.72
4.892e-05 1.6 -0.72
4.896e-05 1.76 -0.72
4.9e-05 1.76 -0.72
4.904e-05 1.84 -0.72
4.908e-05 2 -0.72
4.912e-05 2.08 -0.72
4.916e-05 2.24 -0.72
4.92e-05 2.24 -0.72
4.924e-05 2.4 -0.64
4.928e-05 2.4 -0.72
4.932e-05 2.56 -0.72
4.936e-05 2.56 -0.72
4.94e-05 2.64 -0.64
4.944e-05 2.88 -0.64
4.948e-05 2.88 -0.64
4.952e-05 2.96 -0.64
4.956e-05 3.04 -0.64
4.96e-05 3.04 -0.64
4.964e-05 3.2 -0.64
4.968e-05 3.28 -0.64
4.972e-05 3.36 -0.64
4.976e-05 3.44 -0.56
4.98e-05 3.52 -0.56
4.984e-05 3.6 -0.48
4.988e-05 3.68 -0.56
4.992e-05 3.68 -0.56
4.996e-05 3.84 -0.56
5e-05 3.92 -0.56
5.004e-05 4 -0.48
5.008e-05 4 -0.56
5.012e-05 4.08 -0.48
5.016e-05 4.16 -0.48
5.02e-05 4.24 -0.48
5.024e-05 4.32 -0.56
5.028e-05 4.32 -0.48
5.032e-05 4.48 -0.4
5.036e-05 4.56 -0.48
5.04e-05 4.56 -0.4
5.044e-05 4.64 -0.4
5.048e-05 4.72 -0.4
5.052e-05 4.8 -0.32
5.056e-05 4.8 -0.4
5.06e-05 4.88 -0.4
5.064e-05 4.96 -0.4
5.068e-05 5.04 -0.32
5.072e-05 4.96 -0.32
5.076e-05 5.12 -0.32
5.08e-05 5.12 -0.32
5.084e-05 5.2 -0.32
5.088e-05 5.2 -0.24
5.092e-05 5.28 -0.4
5.096e-05 5.28 -0.24
5.1e-05 5.36 -0.24
5.104e-05 5.44 -0.32
5.108e-05 5.44 -0.32
5.112e-05 5.52 -0.24
5.116e-05 5.52 -0.16
5.12e-05 5.6 -0.16
5.124e-05 5.52 -0.16
5.128e-05 5.6 -0.24
5.132e-05 5.68 -0.24
5.136e-05 5.76 -0.16
5.14e-05 5.76 -0.16
5.144e-05 5.76 0
5.148e-05 5.76 -0.16
5.152e-05 5.84 0
5.156e-05 5.84 0
5.16e-05 5.84 0
5.164e-05 5.92 0
5.168e-05 5.84 0
5.172e-05 5.92 0.08
5.176e-05 5.92 0
5.18e-05 5.92 0
5.184e-05 5.92 0
5.188e-05 5.92 0.08
5.192e-05 5.92 0.08
5.196e-05 6.08 0.08
5.2e-05 6.08 0.08
5.204e-05 6.08 0.08
5.208e-05 6.08 0.16
5.212e-05 6 0.08
5.216e-05 6.08 0.08
5.22e-05 6.08 0.16
5.224e-05 6.08 0.08
5.228e-05 6.08 0.16
5.232e-05 6 0.16
5.236e-05 6.08 0.08
5.24e-05 5.92 0.16
5.244e-05 6.08 0.16
5.248e-05 5.92 0.16
5.252e-05 6 0.16
5.256e-05 5.92 0.16
5.26e-05 5.92 0.16
5.264e-05 5.92 0.24
5.268e-05 5.92 0.24
5.272e-05 5.92 0.32
5.276e-05 5.92 0.32
5.28e-05 5.84 0.24
5.284e-05 5.84 0.24
5.288e-05 5.84 0.32
5.292e-05 5.76 0.24
5.296e-05 5.76 0.32
5.3e-05 5.76 0.32
5.304e-05 5.6 0.32
5.308e-05 5.6 0.32
5.312e-05 5.6 0.32
5.316e-05 5.6 0.4
5.32e-05 5.52 0.32
5.324e-05 5.44 0.32
5.328e-05 5.52 0.4
5.332e-05 5.44 0.4
5.336e-05 5.44 0.48
5.34e-05 5.28 0.4
5.344e-05 5.28 0.4
5.348e-05 5.28 0.4
5.352e-05 5.2 0.48
5.356e-05 5.12 0.4
5.36e-05 5.12 0.48
5.364e-05 5.12 0.4
5.368e-05 5.04 0.48
5.372e-05 4.96 0.48
5.376e-05 4.88 0.4
5.38e-05 4.88 0.48
5.384e-05 4.8 0.48
5.388e-05 4.72 0.64
5.392e-05 4.64 0.56
5.396e-05 4.64 0.48
5.4e-05 4.56 0.56
5.404e-05 4.48 0.56
5.408e-05 4.48 0.56
5.412e-05 4.32 0.48
5.416e-05 4.24 0.48
5.42e-05 4.24 0.56
5.424e-05 4.16 0.56
5.428e-05 4.16 0.56
5.432e-05 4 0.56
5.436e-05 3.92 0.56
5.44e-05 3.84 0.64
5.444e-05 3.76 0.64
5.448e-05 3.76 0.64
5.452e-05 3.68 0.56
5.456e-05 3.6 0.64
5.46e-05 3.52 0.56
5.464e-05 3.44 0.64
5.468e-05 3.36 0.64
5.472e-05 3.28 0.64
5.476e-05 3.2 0.64
5.48e-05 3.04 0.56
5.484e-05 2.96 0.64
5.488e-05 2.96 0.64
5.492e-05 2.88 0.64
5.496e-05 2.88 0.64
5.5e-05 2.64 0.64
5.504e-05 2.56 0.64
5.508e-05 2.56 0.72
5.512e-05 2.4 0.72
5.516e-05 2.32 0.72
5.52e-05 2.24 0.64
5.524e-05 2.16 0.64
5.528e-05 2 0.72
5.532e-05 2 0.64
5.536e-05 1.92 0.56
5.54e-05 1.68 0.72
5.544e-05 1.6 0.64
5.548e-05 1.6 0.64
5.552e-05 1.6 0.64
5.556e-05 1.36 0.64
5.56e-05 1.36 0.72
5.564e-05 1.28 0.72
5.568e-05 1.12 0.64
5.572e-05 1.04 0.64
5.576e-05 0.96 0.64
5.58e-05 0.8 0.72
5.584e-05 0.72 0.64
5.588e-05 0.64 0.72
5.592e-05 0.56 0.64
5.596e-05 0.48 0.64
5.6e-05 0.4 0.72
5.604e-05 0.32 0.64
5.608e-05 0.16 0.64
5.612e-05 0.08 0.64
5.616e-05 0 0.72
5.62e-05 -0.24 0.72
5.624e-05 -0.32 0.64
5.628e-05 -0.4 0.72
5.632e-05 -0.48 0.64
5.636e-05 -0.64 0.64
5.64e-05 -0.64 0.64
5.644e-05 -0.72 0.64
5.648e-05 -0.88 0.64
5.652e-05 -0.96 0.64
5.656e-05 -1.04 0.64
5.66e-05 -1.12 0.56
5.664e-05 -1.28 0.56
5.668e-05 -1.28 0.64
5.672e-05 -1.44 0.64
5.676e-05 -1.52 0.56
5.68e-05 -1.6 0.56
5.684e-05 -1.68 0.64
5.688e-05 -1.76 0.64
5.692e-05 -1.92 0.56
5.696e-05 -2 0.56
5.7e-05 -2 0.56
5.704e-05 -2.16 0.48
5.708e-05 -2.24 0.48
5.712e-05 -2.32 0.48
5.716e-05 -2.48 0.48
5.72e-05 -2.56 0.56
5.724e-05 -2.56 0.56
5.728e-05 -2.64 0.48
5.732e-05 -2.8 0.48
5.736e-05 -2.88 0.48
5.74e-05 -2.96 0.48
5.744e-05 -2.96 0.48
5.748e-05 -3.12 0.48
5.752e-05 -3.2 0.4
5.756e-05 -3.28 0.4
5.76e-05 -3.28 0.48
5.764e-05 -3.44 0.4
5.768e-05 -3.52 0.4
5.772e-05 -3.6 0.4
5.776e-05 -3.6 0.4
5.78e-05 -3.76 0.4
5.784e-05 -3.84 0.32
5.788e-05 -3.92 0.32
5.792e-05 -3.92 0.4
5.796e-05 -4.08 0.4
5.8e-05 -4.08 0.32
5.804e-05 -4.24 0.32
5.808e-05 -4.24 0.32
5.812e-05 -4.32 0.32
5.816e-05 -4.4 0.32
5.82e-05 -4.48 0.32
5.824e-05 -4.56 0.32
5.828e-05 -4.56 0.24
5.832e-05 -4.72 0.32
5.836e-05 -4.72 0.32
5.84e-05 -4.8 0.32
5.844e-05 -4.8 0.32
5.848e-05 -4.88 0.24
5.852e-05 -4.88 0.16
5.856e-05 -5.04 0.24
5.86e-05 -5.12 0.16
5.864e-05 -5.12 0.24
5.868e-05 -5.12 0.16
5.872e-05 -5.2 0.16
5.876e-05 -5.2 0.16
5.88e-05 -5.36 0.08
5.884e-05 -5.36 0.16
5.888e-05 -5.44 0.08
5.892e-05 -5.44 0.08
5.896e-05 -5.52 0.08
5.9e-05 -5.52 0.16
5.904e-05 -5.52 0.08
5.908e-05 -5.6 0.08
5.912e-05 -5.68 0
5.916e-05 -5.68 0.08
5.92e-05 -5.76 0.08
5.924e-05 -5.76 0
5.928e-05 -5.84 0
5.932e-05 -5.84 0
5.936e-05 -5.84 0
5.94e-05 -5.92 0
5.944e-05 -5.92 0
5.948e-05 -6 0
5.952e-05 -6 0
5.956e-05 -6 0
5.96e-05 -6 -0.16
5.964e-05 -6.08 -0.16
5.968e-05 -6.08 -0.16
5.972e-05 -6.08 0
5.976e-05 -6.08 -0.16
5.98e-05 -6.08 -0.24
5.984e-05 -6.08 -0.24
5.988e-05 -6.08 -0.16
5.992e-05 -6.08 -0.24
5.996e-05 -6.16 -0.24
6e-05 -6.08 -0.32
6.004e-05 -6.16 -0.32
6.008e-05 -6.16 -0.24
6.012e-05 -6.16 -0.24
6.016e-05 -6.16 -0.32
6.02e-05 -6.16 -0.32
6.024e-05 -6.08 -0.32
6.028e-05 -6.16 -0.32
6.032e-05 -6.16 -0.32
6.036e-05 -6.16 -0.4
6.04e-05 -6.08 -0.4
6.044e-05 -6.16 -0.4
6.048e-05 -6.08 -0.4
6.052e-05 -6 -0.4
6.056e-05 -6.08 -0.4
6.06e-05 -6.08 -0.32
6.064e-05 -6 -0.4
6.068e-05 -6 -0.48
6.072e-05 -6 -0.4
6.076e-05 -5.84 -0.4
6.08e-05 -6 -0.4
6.084e-05 -5.84 -0.48
6.088e-05 -5.84 -0.48
6.092e-05 -5.84 -0.48
6.096e-05 -5.84 -0.48
6.1e-05 -5.76 -0.56
6.104e-05 -5.76 -0.56
6.108e-05 -5.76 -0.48
6.112e-05 -5.68 -0.56
6.116e-05 -5.68 -0.56
6.12e-05 -5.6 -0.56
6.124e-05 -5.52 -0.56
6.128e-05 -5.52 -0.56
6.132e-05 -5.44 -0.56
6.136e-05 -5.44 -0.64
6.14e-05 -5.36 -0.64
6.144e-05 -5.36 -0.56
6.148e-05 -5.28 -0.56
6.152e-05 -5.28 -0.64
6.156e-05 -5.2 -0.64
6.16e-05 -5.12 -0.64
6.164e-05 -5.12 -0.64
6.168e-05 -5.04 -0.64
6.172e-05 -5.04 -0.64
6.176e-05 -4.88 -0.72
6.18e-05 -4.88 -0.64
6.184e-05 -4.8 -0.64
6.188e-05 -4.8 -0.64
6.192e-05 -4.72 -0.72
6.196e-05 -4.56 -0.72
6.2e-05 -4.56 -0.72
6.204e-05 -4.48 -0.72
6.208e-05 -4.4 -0.72
6.212e-05 -4.4 -0.72
6.216e-05 -4.24 -0.72
6.22e-05 -4.24 -0.72
6.224e-05 -4.16 -0.72
6.228e-05 -4.16 -0.72
6.232e-05 -4 -0.8
6.236e-05 -3.92 -0.72
6.24e-05 -3.84 -0.72
6.244e-05 -3.76 -0.8
6.248e-05 -3.76 -0.88
6.252e-05 -3.6 -0.72
6.256e-05 -3.6 -0.72
6.26e-05 -3.52 -0.8
6.264e-05 -3.44 -0.8
6.268e-05 -3.28 -0.8
6.272e-05 -3.28 -0.72
6.276e-05 -3.2 -0.8
6.28e-05 -3.04 -0.8
6.284e-05 -2.96 -0.88
6.288e-05 -2.88 -0.8
6.292e-05 -2.8 -0.8
6.296e-05 -2.8 -0.8
6.3e-05 -2.64 -0.8
6.304e-05 -2.56 -0.88
6.308e-05 -2.48 -0.8
6.312e-05 -2.32 -0.88
6.316e-05 -2.32 -0.88
6.32e-05 -2.16 -0.88
6.324e-05 -2.16 -0.8
6.328e-05 -2 -0.88
6.332e-05 -1.92 -0.96
6.336e-05 -1.84 -0.88
6.34e-05 -1.76 -0.8
6.344e-05 -1.68 -0.88
6.348e-05 -1.52 -0.8
6.352e-05 -1.44 -0.88
6.356e-05 -1.36 -0.88
6.36e-05 -1.28 -0.88
6.364e-05 -1.2 -0.8
6.368e-05 -1.04 -0.8
6.372e-05 -1.04 -0.88
6.376e-05 -0.96 -0.88
6.38e-05 -0.8 -0.8
6.384e-05 -0.72 -0.88
6.388e-05 -0.56 -0.88
6.392e-05 -0.56 -0.88
6.396e-05 -0.4 -0.88
6.4e-05 -0.32 -0.88
6.404e-05 -0.24 -0.88
6.408e-05 0 -0.88
6.412e-05 0 -0.8
6.416e-05 0.16 -0.8
6.42e-05 0.16 -0.8
6.424e-05 0.32 -0.88
6.428e-05 0.4 -0.88
6.432e-05 0.48 -0.72
6.436e-05 0.64 -0.8
6.44e-05 0.64 -0.8
6.444e-05 0.8 -0.8
6.448e-05 0.88 -0.8
6.452e-05 0.96 -0.72
6.456e-05 1.04 -0.8
6.46e-05 1.2 -0.88
6.464e-05 1.28 -0.8
6.468e-05 1.36 -0.72
6.472e-05 1.44 -0.72
6.476e-05 1.6 -0.72
6.48e-05 1.6 -0.72
6.484e-05 1.76 -0.72
6.488e-05 1.76 -0.72
6.492e-05 1.92 -0.72
6.496e-05 2 -0.72
6.5e-05 2.08 -0.72
6.504e-05 2.16 -0.72
6.508e-05 2.24 -0.72
6.512e-05 2.32 -0.72
6.516e-05 2.4 -0.72
6.52e-05 2.56 -0.72
6.524e-05 2.56 -0.64
6.528e-05 2.72 -0.64
6.532e-05 2.8 -0.72
6.536e-05 2.88 -0.56
6.54e-05 2.96 -0.64
6.544e-05 3.04 -0.64
6.548e-05 3.2 -0.64
6.552e-05 3.2 -0.64
6.556e-05 3.28 -0.56
6.56e-05 3.36 -0.64
6.564e-05 3.52 -0.56
6.568e-05 3.52 -0.64
6.572e-05 3.6 -0.64
6.576e-05 3.76 -0.56
6.58e-05 3.84 -0.56
6.584e-05 3.84 -0.64
6.588e-05 3.84 -0.56
6.592e-05 4 -0.48
6.596e-05 4 -0.48
6.6e-05 4.16 -0.56
6.604e-05 4.16 -0.48
6.608e-05 4.24 -0.4
6.612e-05 4.32 -0.48
6.616e-05 4.4 -0.56
6.62e-05 4.48 -0.48
6.624e-05 4.48 -0.48
6.628e-05 4.64 -0.48
6.632e-05 4.64 -0.4
6.636e-05 4.72 -0.48
6.64e-05 4.8 -0.4
6.644e-05 4.8 -0.4
6.648e-05 4.88 -0.32
6.652e-05 4.96 -0.4
6.656e-05 4.96 -0.4
6.66e-05 5.04 -0.32
6.664e-05 5.12 -0.32
6.668e-05 5.12 -0.32
6.672e-05 5.2 -0.4
6.676e-05 5.2 -0.32
6.68e-05 5.28 -0.32
6.684e-05 5.36 -0.32
6.688e-05 5.36 -0.32
6.692e-05 5.44 -0.24
6.696e-05 5.44 -0.24
6.7e-05 5.44 -0.24
6.704e-05 5.52 -0.24
6.708e-05 5.52 -0.24
6.712e-05 5.6 -0.24
6.716e-05 5.6 -0.16
6.72e-05 5.6 -0.24
6.724e-05 5.68 -0.24
6.728e-05 5.76 -0.24
6.732e-05 5.76 -0.16
6.736e-05 5.76 0
6.74e-05 5.84 -0.16
6.744e-05 5.84 -0.16
6.748e-05 5.92 -0.16
6.752e-05 5.92 0
6.756e-05 5.92 0
6.76e-05 5.92 0
6.764e-05 5.92 0
6.768e-05 5.92 0
6.772e-05 6 0.08
6.776e-05 6 0
6.78e-05 6 0
6.784e-05 6 0
6.788e-05 6 0.08
6.792e-05 6.08 0.08
6.796e-05 6.08 0
6.8e-05 6.08 0.08
6.804e-05 6.08 0.08
6.808e-05 6.08 0.16
6.812e-05 6.08 0.08
6.816e-05 6 0.16
6.82e-05 6.08 0.16
6.824e-05 6.08 0.16
6.828e-05 6 0.16
6.832e-05 5.92 0.16
6.836e-05 6.08 0.16
6.84e-05 5.92 0.16
6.844e-05 5.92 0.16
6.848e-05 5.92 0.16
6.852e-05 5.92 0.24
6.856e-05 5.92 0.24
6.86e-05 5.84 0.32
6.864e-05 5.84 0.24
6.868e-05 5.84 0.32
6.872e-05 5.84 0.32
6.876e-05 5.76 0.4
6.88e-05 5.76 0.32
6.884e-05 5.76 0.32
6.888e-05 5.76 0.4
6.892e-05 5.68 0.32
6.896e-05 5.6 0.4
6.9e-05 5.6 0.32
6.904e-05 5.6 0.32
6.908e-05 5.52 0.4
6.912e-05 5.44 0.4
6.916e-05 5.44 0.4
6.92e-05 5.44 0.32
6.924e-05 5.36 0.4
6.928e-05 5.36 0.4
6.932e-05 5.28 0.4
6.936e-05 5.28 0.48
6.94e-05 5.2 0.4
6.944e-05 5.12 0.48
6.948e-05 5.12 0.48
6.952e-05 5.04 0.48
6.956e-05 5.04 0.4
6.96e-05 4.96 0.48
6.964e-05 4.88 0.48
6.968e-05 4.88 0.48
6.972e-05 4.8 0.48
6.976e-05 4.72 0.48
6.98e-05 4.64 0.48
6.984e-05 4.64 0.56
6.988e-05 4.56 0.48
6.992e-05 4.48 0.56
6.996e-05 4.48 0.48
7e-05 4.32 0.64
7.004e-05 4.24 0.56
7.008e-05 4.16 0.56
7.012e-05 4.16 0.48
7.016e-05 4.08 0.64
7.02e-05 4 0.64
7.024e-05 3.92 0.56
7.028e-05 3.84 0.56
7.032e-05 3.76 0.56
7.036e-05 3.68 0.64
7.04e-05 3.6 0.64
7.044e-05 3.52 0.64
7.048e-05 3.52 0.64
7.052e-05 3.36 0.64
7.056e-05 3.28 0.64
7.06e-05 3.2 0.64
7.064e-05 3.2 0.64
7.068e-05 3.04 0.64
7.072e-05 3.04 0.64
7.076e-05 2.88 0.64
7.08e-05 2.88 0.64
7.084e-05 2.72 0.64
7.088e-05 2.64 0.64
7.092e-05 2.56 0.64
7.096e-05 2.48 0.64
7.1e-05 2.4 0.64
7.104e-05 2.32 0.72
7.108e-05 2.24 0.72
7.112e-05 2.08 0.64
7.116e-05 2 0.64
7.12e-05 2 0.64
7.124e-05 1.84 0.72
7.128e-05 1.76 0.64
7.132e-05 1.6 0.72
7.136e-05 1.6 0.64
7.14e-05 1.44 0.72
7.144e-05 1.36 0.64
7.148e-05 1.36 0.64
7.152e-05 1.28 0.64
7.156e-05 1.12 0.72
7.16e-05 1.04 0.64
7.164e-05 0.96 0.72
7.168e-05 0.8 0.72
7.172e-05 0.72 0.64
7.176e-05 0.64 0.72
7.18e-05 0.56 0.64
7.184e-05 0.4 0.64
7.188e-05 0.32 0.64
7.192e-05 0.32 0.64
7.196e-05 0.16 0.72
7.2e-05 0.08 0.64
7.204e-05 0 0.64
7.208e-05 -0.24 0.64
7.212e-05 -0.24 0.64
7.216e-05 -0.4 0.64
7.22e-05 -0.48 0.64
7.224e-05 -0.56 0.56
7.228e-05 -0.64 0.72
7.232e-05 -0.72 0.64
7.236e-05 -0.88 0.64
7.24e-05 -0.96 0.56
7.244e-05 -1.04 0.64
7.248e-05 -1.2 0.56
7.252e-05 -1.28 0.56
7.256e-05 -1.36 0.56
7.26e-05 -1.36 0.56
7.264e-05 -1.52 0.64
7.268e-05 -1.6 0.64
7.272e-05 -1.68 0.48
7.276e-05 -1.84 0.64
7.28e-05 -1.92 0.48
7.284e-05 -2 0.64
7.288e-05 -2 0.48
7.292e-05 -2.24 0.48
7.296e-05 -2.32 0.48
7.3e-05 -2.32 0.48
7.304e-05 -2.48 0.56
7.308e-05 -2.56 0.48
7.312e-05 -2.64 0.48
7.316e-05 -2.64 0.48
7.32e-05 -2.8 0.48
7.324e-05 -2.88 0.48
7.328e-05 -2.96 0.48
7.332e-05 -3.04 0.48
7.336e-05 -3.12 0.48
7.34e-05 -3.2 0.48
7.344e-05 -3.28 0.4
7.348e-05 -3.44 0.4
7.352e-05 -3.44 0.4
7.356e-05 -3.6 0.4
7.36e-05 -3.6 0.4
7.364e-05 -3.68 0.4
7.368e-05 -3.76 0.4
7.372e-05 -3.84 0.4
7.376e-05 -3.92 0.4
7.38e-05 -3.92 0.4
7.384e-05 -4.08 0.32
7.388e-05 -4.08 0.4
7.392e-05 -4.16 0.4
7.396e-05 -4.24 0.32
7.4e-05 -4.32 0.32
7.404e-05 -4.4 0.32
7.408e-05 -4.48 0.32
7.412e-05 -4.56 0.32
7.416e-05 -4.56 0.32
7.42e-05 -4.72 0.32
7.424e-05 -4.72 0.32
7.428e-05 -4.8 0.32
7.432e-05 -4.88 0.16
7.436e-05 -4.88 0.24
7.44e-05 -4.88 0.24
7.444e-05 -5.04 0.24
7.448e-05 -5.12 0.16
7.452e-05 -5.2 0.16
7.456e-05 -5.2 0.16
7.46e-05 -5.2 0.16
7.464e-05 -5.28 0.16
7.468e-05 -5.36 0.08
7.472e-05 -5.36 0.08
7.476e-05 -5.44 0.16
7.48e-05 -5.52 0.08
7.484e-05 -5.52 0.08
7.488e-05 -5.52 0.08
7.492e-05 -5.52 0.08
7.496e-05 -5.68 0.08
7.5e-05 -5.68 0.08
7.504e-05 -5.68 0
7.508e-05 -5.76 0
7.512e-05 -5.76 0.08
7.516e-05 -5.76 0.08
7.52e-05 -5.84 0
7.524e-05 -5.84 0
7.528e-05 -5.84 0
7.532e-05 -5.84 0
7.536e-05 -6 0
7.54e-05 -6 0
7.544e-05 -6 -0.16
7.548e-05 -6 0
7.552e-05 -6 0
7.556e-05 -6.08 -0.16
7.56e-05 -6.08 -0.24
7.564e-05 -6.08 -0.16
7.568e-05 -6.16 -0.16
7.572e-05 -6.08 -0.24
7.576e-05 -6.08 -0.24
7.58e-05 -6.16 -0.24
7.584e-05 -6.08 -0.24
7.588e-05 -6.08 -0.24
7.592e-05 -6.16 -0.32
7.596e-05 -6.16 -0.32
7.6e-05 -6.16 -0.32
7.604e-05 -6.16 -0.24
7.608e-05 -6.16 -0.24
7.612e-05 -6.16 -0.32
7.616e-05 -6.16 -0.32
7.62e-05 -6.08 -0.32
7.624e-05 -6.08 -0.32
7.628e-05 -6.16 -0.4
7.632e-05 -6.08 -0.4
7.636e-05 -6.08 -0.4
7.64e-05 -6.08 -0.4
7.644e-05 -6 -0.4
7.648e-05 -6 -0.4
7.652e-05 -6.08 -0.4
7.656e-05 -6 -0.4
7.66e-05 -6 -0.48
7.664e-05 -6 -0.48
7.668e-05 -5.84 -0.4
7.672e-05 -5.84 -0.4
7.676e-05 -5.84 -0.4
7.68e-05 -5.84 -0.48
7.684e-05 -5.76 -0.56
7.688e-05 -5.76 -0.56
7.692e-05 -5.76 -0.48
7.696e-05 -5.68 -0.56
7.7e-05 -5.68 -0.56
7.704e-05 -5.6 -0.48
7.708e-05 -5.52 -0.48
7.712e-05 -5.52 -0.48
7.716e-05 -5.52 -0.64
7.72e-05 -5.44 -0.56
7.724e-05 -5.36 -0.56
7.728e-05 -5.36 -0.48
7.732e-05 -5.36 -0.64
7.736e-05 -5.28 -0.64
7.74e-05 -5.2 -0.56
7.744e-05 -5.2 -0.64
7.748e-05 -5.2 -0.64
7.752e-05 -5.12 -0.64
7.756e-05 -5.04 -0.72
7.76e-05 -4.88 -0.64
7.764e-05 -4.88 -0.64
7.768e-05 -4.8 -0.72
7.772e-05 -4.88 -0.72
7.776e-05 -4.72 -0.64
7.78e-05 -4.72 -0.64
7.784e-05 -4.64 -0.64
7.788e-05 -4.48 -0.72
7.792e-05 -4.48 -0.72
7.796e-05 -4.48 -0.72
7.8e-05 -4.32 -0.72
7.804e-05 -4.24 -0.8
7.808e-05 -4.16 -0.8
7.812e-05 -4.16 -0.8
7.816e-05 -4.08 -0.72
7.82e-05 -4 -0.8
7.824e-05 -3.92 -0.8
7.828e-05 -3.84 -0.72
7.832e-05 -3.76 -0.72
7.836e-05 -3.6 -0.72
7.84e-05 -3.6 -0.88
7.844e-05 -3.6 -0.8
7.848e-05 -3.44 -0.8
7.852e-05 -3.36 -0.72
7.856e-05 -3.28 -0.8
7.86e-05 -3.2 -0.8
7.864e-05 -3.12 -0.8
7.868e-05 -3.04 -0.8
7.872e-05 -2.96 -0.8
7.876e-05 -2.88 -0.88
7.88e-05 -2.88 -0.88
7.884e-05 -2.72 -0.88
7.888e-05 -2.64 -0.8
7.892e-05 -2.56 -0.8
7.896e-05 -2.48 -0.8
7.9e-05 -2.32 -0.8
7.904e-05 -2.32 -0.88
7.908e-05 -2.16 -0.88
7.912e-05 -2.08 -0.88
7.916e-05 -2 -0.88
7.92e-05 -1.92 -0.8
7.924e-05 -1.84 -0.8
7.928e-05 -1.68 -0.8
7.932e-05 -1.6 -0.88
7.936e-05 -1.6 -0.8
7.94e-05 -1.44 -0.8
7.944e-05 -1.36 -0.88
7.948e-05 -1.28 -0.88
7.952e-05 -1.2 -0.88
7.956e-05 -1.04 -0.8
7.96e-05 -0.96 -0.8
7.964e-05 -0.88 -0.88
7.968e-05 -0.72 -0.8
7.972e-05 -0.72 -0.88
7.976e-05 -0.56 -0.8
7.98e-05 -0.56 -0.8
7.984e-05 -0.4 -0.8
7.988e-05 -0.32 -0.88
7.992e-05 -0.24 -0.8
7.996e-05 0 -0.8
8e-05 0.08 -0.88
8.004e-05 0.16 -0.8
8.008e-05 0.32 -0.8
8.012e-05 0.4 -0.72
8.016e-05 0.4 -0.8
8.02e-05 0.48 -0.72
8.024e-05 0.64 -0.72
8.028e-05 0.8 -0.8
8.032e-05 0.8 -0.8
8.036e-05 0.96 -0.8
8.04e-05 0.96 -0.88
8.044e-05 1.12 -0.72
8.048e-05 1.2 -0.72
8.052e-05 1.28 -0.72
8.056e-05 1.36 -0.8
8.06e-05 1.44 -0.72
8.064e-05 1.6 -0.72
8.068e-05 1.6 -0.72
8.072e-05 1.76 -0.72
8.076e-05 1.92 -0.8
8.08e-05 1.92 -0.72
8.084e-05 2 -0.72
8.088e-05 2.08 -0.72
8.092e-05 2.24 -0.72
8.096e-05 2.32 -0.64
8.1e-05 2.32 -0.72
8.104e-05 2.48 -0.72
8.108e-05 2.56 -0.64
8.112e-05 2.64 -0.64
8.116e-05 2.72 -0.64
8.12e-05 2.88 -0.56
8.124e-05 2.88 -0.64
8.128e-05 2.96 -0.64
8.132e-05 3.04 -0.64
8.136e-05 3.2 -0.56
8.14e-05 3.2 -0.64
8.144e-05 3.36 -0.64
8.148e-05 3.36 -0.56
8.152e-05 3.52 -0.56
8.156e-05 3.52 -0.56
8.16e-05 3.68 -0.56
8.164e-05 3.68 -0.56
8.168e-05 3.76 -0.56
8.172e-05 3.84 -0.56
8.176e-05 3.92 -0.56
8.18e-05 4 -0.56
8.184e-05 4 -0.48
8.188e-05 4.16 -0.48
8.192e-05 4.16 -0.48
8.196e-05 4.32 -0.48
8.2e-05 4.24 -0.48
8.204e-05 4.4 -0.4
8.208e-05 4.48 -0.48
8.212e-05 4.56 -0.48
8.216e-05 4.64 -0.48
8.22e-05 4.64 -0.48
8.224e-05 4.8 -0.4
8.228e-05 4.8 -0.4
8.232e-05 4.88 -0.4
8.236e-05 4.88 -0.4
8.24e-05 4.96 -0.32
8.244e-05 4.96 -0.4
8.248e-05 4.96 -0.32
8.252e-05 5.12 -0.32
8.256e-05 5.12 -0.32
8.26e-05 5.2 -0.32
8.264e-05 5.2 -0.32
8.268e-05 5.28 -0.32
8.272e-05 5.36 -0.32
8.276e-05 5.44 -0.24
8.28e-05 5.44 -0.24
8.284e-05 5.44 -0.24
8.288e-05 5.52 -0.24
8.292e-05 5.52 -0.24
8.296e-05 5.52 -0.16
8.3e-05 5.6 -0.24
8.304e-05 5.6 -0.24
8.308e-05 5.68 -0.16
8.312e-05 5.76 -0.16
8.316e-05 5.76 -0.16
8.32e-05 5.76 -0.16
8.324e-05 5.76 -0.16
8.328e-05 5.84 0
8.332e-05 5.84 -0.16
8.336e-05 5.84 0
8.34e-05 5.92 -0.16
8.344e-05 5.92 0
8.348e-05 5.92 0
8.352e-05 5.92 0
8.356e-05 6 0
8.36e-05 5.92 0
8.364e-05 6 0.08
8.368e-05 5.92 0.08
8.372e-05 6 0
8.376e-05 5.92 0
8.38e-05 6.08 0.08
8.384e-05 6.08 0.08
8.388e-05 5.92 0.08
8.392e-05 6.08 0.08
8.396e-05 6 0.08
8.4e-05 6.08 0.16
8.404e-05 6.08 0.16
8.408e-05 6.08 0.08
8.412e-05 6.08 0.16
8.416e-05 5.92 0.16
8.42e-05 5.92 0.24
8.424e-05 5.92 0.16
8.428e-05 5.92 0.16
8.432e-05 5.92 0.24
8.436e-05 5.92 0.24
8.44e-05 5.92 0.24
8.444e-05 5.92 0.24
8.448e-05 5.84 0.24
8.452e-05 5.84 0.24
8.456e-05 5.84 0.32
8.46e-05 5.84 0.32
8.464e-05 5.76 0.32
8.468e-05 5.76 0.32
8.472e-05 5.68 0.32
8.476e-05 5.76 0.32
8.48e-05 5.76 0.32
8.484e-05 5.6 0.32
8.488e-05 5.6 0.4
8.492e-05 5.6 0.4
8.496e-05 5.52 0.4
8.5e-05 5.44 0.4
8.504e-05 5.44 0.4
8.508e-05 5.44 0.4
8.512e-05 5.36 0.4
8.516e-05 5.44 0.4
8.52e-05 5.28 0.4
8.524e-05 5.2 0.48
8.528e-05 5.2 0.48
8.532e-05 5.12 0.4
8.536e-05 5.12 0.48
8.54e-05 5.04 0.48
8.544e-05 4.96 0.48
8.548e-05 4.96 0.48
8.552e-05 4.88 0.4
8.556e-05 4.8 0.48
8.56e-05 4.8 0.56
8.564e-05 4.8 0.48
8.568e-05 4.64 0.48
8.572e-05 4.56 0.56
8.576e-05 4.48 0.56
8.58e-05 4.48 0.64
8.584e-05 4.48 0.48
8.588e-05 4.32 0.56
8.592e-05 4.24 0.48
8.596e-05 4.16 0.56
8.6e-05 4.16 0.64
8.604e-05 4 0.56
8.608e-05 4 0.56
8.612e-05 3.92 0.64
8.616e-05 3.84 0.56
8.62e-05 3.84 0.64
8.624e-05 3.68 0.56
8.628e-05 3.68 0.64
8.632e-05 3.52 0.56
8.636e-05 3.52 0.64
8.64e-05 3.36 0.64
8.644e-05 3.36 0.64
8.648e-05 3.2 0.64
8.652e-05 3.2 0.64
8.656e-05 3.04 0.64
8.66e-05 2.96 0.64
8.664e-05 2.88 0.64
8.668e-05 2.88 0.64
8.672e-05 2.72 0.64
8.676e-05 2.64 0.64
8.68e-05 2.56 0.64
8.684e-05 2.56 0.72
8.688e-05 2.32 0.72
8.692e-05 2.32 0.64
8.696e-05 2.24 0.64
8.7e-05 2.08 0.72
8.704e-05 2 0.72
8.708e-05 1.92 0.64
8.712e-05 1.76 0.64
8.716e-05 1.76 0.72
8.72e-05 1.6 0.64
8.724e-05 1.6 0.72
8.728e-05 1.44 0.64
8.732e-05 1.36 0.64
8.736e-05 1.28 0.64
8.74e-05 1.2 0.64
8.744e-05 1.12 0.64
8.748e-05 1.04 0.64
8.752e-05 0.96 0.72
8.756e-05 0.8 0.72
8.76e-05 0.72 0.64
8.764e-05 0.64 0.64
8.768e-05 0.64 0.64
8.772e-05 0.4 0.72
8.776e-05 0.32 0.64
8.78e-05 0.32 0.64
8.784e-05 0.16 0.64
8.788e-05 0.08 0.64
8.792e-05 0 0.64
8.796e-05 -0.24 0.64
8.8e-05 -0.32 0.64
8.804e-05 -0.4 0.64
8.808e-05 -0.48 0.64
8.812e-05 -0.56 0.64
8.816e-05 -0.64 0.64
8.82e-05 -0.72 0.64
8.824e-05 -0.88 0.64
8.828e-05 -0.96 0.64
8.832e-05 -1.04 0.56
8.836e-05 -1.2 0.56
8.84e-05 -1.28 0.64
8.844e-05 -1.36 0.64
8.848e-05 -1.52 0.64
8.852e-05 -1.52 0.56
8.856e-05 -1.6 0.64
8.86e-05 -1.68 0.64
8.864e-05 -1.84 0.56
8.868e-05 -1.92 0.48
8.872e-05 -2 0.48
8.876e-05 -2.08 0.64
8.88e-05 -2.16 0.56
8.884e-05 -2.24 0.48
8.888e-05 -2.32 0.4
8.892e-05 -2.48 0.48
8.896e-05 -2.56 0.56
8.9e-05 -2.56 0.48
8.904e-05 -2.64 0.48
8.908e-05 -2.8 0.4
8.912e-05 -2.88 0.48
8.916e-05 -2.96 0.48
8.92e-05 -3.04 0.48
8.924e-05 -3.12 0.4
8.928e-05 -3.2 0.4
8.932e-05 -3.28 0.48
8.936e-05 -3.44 0.48
8.94e-05 -3.52 0.48
8.944e-05 -3.52 0.4
8.948e-05 -3.6 0.4
8.952e-05 -3.68 0.4
8.956e-05 -3.76 0.32
8.96e-05 -3.84 0.32
8.964e-05 -3.92 0.4
8.968e-05 -3.92 0.4
8.972e-05 -4.08 0.4
8.976e-05 -4.16 0.32
8.98e-05 -4.16 0.32
8.984e-05 -4.24 0.32
8.988e-05 -4.4 0.32
8.992e-05 -4.4 0.32
8.996e-05 -4.48 0.24
9e-05 -4.56 0.24
9.004e-05 -4.56 0.32
9.008e-05 -4.64 0.32
9.012e-05 -4.8 0.24
9.016e-05 -4.8 0.24
9.02e-05 -4.88 0.24
9.024e-05 -4.88 0.16
9.028e-05 -5.04 0.24
9.032e-05 -5.04 0.24
9.036e-05 -5.04 0.24
9.04e-05 -5.12 0.24
9.044e-05 -5.2 0.24
9.048e-05 -5.2 0.16
9.052e-05 -5.2 0.16
9.056e-05 -5.36 0.16
9.06e-05 -5.44 0.08
9.064e-05 -5.44 0.08
9.068e-05 -5.44 0.08
9.072e-05 -5.52 0.16
9.076e-05 -5.52 0.08
9.08e-05 -5.68 0.08
9.084e-05 -5.6 0.08
9.088e-05 -5.68 0.08
9.092e-05 -5.68 0.08
9.096e-05 -5.68 0.08
9.1e-05 -5.76 0.08
9.104e-05 -5.76 0
9.108e-05 -5.84 0
9.112e-05 -5.84 0
9.116e-05 -5.84 0
9.12e-05 -5.84 0
9.124e-05 -6 0
9.128e-05 -6 0
9.132e-05 -6 0
9.136e-05 -6 -0.24
9.14e-05 -6.08 -0.16
9.144e-05 -6 0
9.148e-05 -6.16 0
9.152e-05 -6.08 -0.24
9.156e-05 -6.08 -0.24
9.16e-05 -6.16 -0.16
9.164e-05 -6.08 -0.16
9.168e-05 -6.08 -0.24
9.172e-05 -6.16 -0.24
9.176e-05 -6.08 -0.32
9.18e-05 -6.16 -0.24
9.184e-05 -6.16 -0.32
9.188e-05 -6.08 -0.32
9.192e-05 -6.08 -0.32
9.196e-05 -6.16 -0.32
9.2e-05 -6.16 -0.32
9.204e-05 -6.08 -0.32
9.208e-05 -6.08 -0.32
9.212e-05 -6.16 -0.4
9.216e-05 -6.08 -0.32
9.22e-05 -6.08 -0.4
9.224e-05 -6.08 -0.4
9.228e-05 -6.08 -0.32
9.232e-05 -6.08 -0.4
9.236e-05 -6.08 -0.4
9.24e-05 -6 -0.48
9.244e-05 -6 -0.4
9.248e-05 -6 -0.4
9.252e-05 -6 -0.4
9.256e-05 -5.84 -0.4
9.26e-05 -5.84 -0.56
9.264e-05 -5.84 -0.48
9.268e-05 -5.84 -0.48
9.272e-05 -5.84 -0.4
9.276e-05 -5.76 -0.56
9.28e-05 -5.76 -0.56
9.284e-05 -5.68 -0.56
9.288e-05 -5.68 -0.56
9.292e-05 -5.68 -0.48
9.296e-05 -5.52 -0.56
9.3e-05 -5.52 -0.64
9.304e-05 -5.52 -0.56
9.308e-05 -5.44 -0.56
9.312e-05 -5.44 -0.64
9.316e-05 -5.44 -0.56
9.32e-05 -5.36 -0.56
9.324e-05 -5.28 -0.64
9.328e-05 -5.2 -0.64
9.332e-05 -5.2 -0.64
9.336e-05 -5.12 -0.72
9.34e-05 -5.04 -0.64
9.344e-05 -5.04 -0.64
9.348e-05 -4.88 -0.64
9.352e-05 -4.88 -0.72
9.356e-05 -4.88 -0.72
9.36e-05 -4.8 -0.64
9.364e-05 -4.72 -0.72
9.368e-05 -4.72 -0.72
9.372e-05 -4.56 -0.72
9.376e-05 -4.48 -0.72
9.38e-05 -4.48 -0.64
9.384e-05 -4.4 -0.72
9.388e-05 -4.24 -0.72
9.392e-05 -4.24 -0.72
9.396e-05 -4.16 -0.72
9.4e-05 -4.16 -0.72
9.404e-05 -4.08 -0.8
9.408e-05 -3.92 -0.8
9.412e-05 -3.92 -0.72
9.416e-05 -3.84 -0.72
9.42e-05 -3.76 -0.8
9.424e-05 -3.6 -0.8
9.428e-05 -3.6 -0.72
9.432e-05 -3.6 -0.8
9.436e-05 -3.44 -0.8
9.44e-05 -3.44 -0.8
9.444e-05 -3.28 -0.8
9.448e-05 -3.2 -0.72
9.452e-05 -3.04 -0.8
9.456e-05 -3.12 -0.88
9.46e-05 -2.96 -0.88
9.464e-05 -2.96 -0.8
9.468e-05 -2.8 -0.88
9.472e-05 -2.64 -0.8
9.476e-05 -2.64 -0.88
9.48e-05 -2.48 -0.88
9.484e-05 -2.48 -0.8
9.488e-05 -2.32 -0.8
9.492e-05 -2.24 -0.88
9.496e-05 -2.16 -0.88
9.5e-05 -2.08 -0.72
9.504e-05 -1.92 -0.88
9.508e-05 -1.92 -0.88
9.512e-05 -1.84 -0.88
9.516e-05 -1.68 -0.8
9.52e-05 -1.68 -0.8
9.524e-05 -1.52 -0.88
9.528e-05 -1.44 -0.88
9.532e-05 -1.36 -0.8
9.536e-05 -1.2 -0.8
9.54e-05 -1.2 -0.8
9.544e-05 -1.04 -0.88
9.548e-05 -1.04 -0.8
9.552e-05 -0.88 -0.88
9.556e-05 -0.72 -0.88
9.56e-05 -0.64 -0.88
9.564e-05 -0.64 -0.88
9.568e-05 -0.4 -0.8
9.572e-05 -0.4 -0.88
9.576e-05 -0.32 -0.8
9.58e-05 -0.24 -0.88
9.584e-05 0 -0.8
9.588e-05 0.08 -0.8
9.592e-05 0.16 -0.8
9.596e-05 0.32 -0.88
9.6e-05 0.32 -0.8
9.604e-05 0.48 -0.72
9.608e-05 0.56 -0.72
9.612e-05 0.64 -0.8
9.616e-05 0.72 -0.72
9.62e-05 0.8 -0.8
9.624e-05 0.96 -0.72
9.628e-05 0.96 -0.8
9.632e-05 1.12 -0.8
9.636e-05 1.2 -0.8
9.64e-05 1.28 -0.72
9.644e-05 1.44 -0.72
9.648e-05 1.44 -0.8
9.652e-05 1.6 -0.72
9.656e-05 1.6 -0.8
9.66e-05 1.76 -0.72
9.664e-05 1.92 -0.72
9.668e-05 1.92 -0.72
9.672e-05 2 -0.72
9.676e-05 2.08 -0.72
9.68e-05 2.24 -0.64
9.684e-05 2.32 -0.72
9.688e-05 2.4 -0.64
9.692e-05 2.4 -0.64
9.696e-05 2.56 -0.64
9.7e-05 2.64 -0.64
9.704e-05 2.8 -0.72
9.708e-05 2.88 -0.64
9.712e-05 2.88 -0.64
9.716e-05 2.96 -0.64
9.72e-05 3.04 -0.64
9.724e-05 3.2 -0.64
9.728e-05 3.2 -0.56
9.732e-05 3.28 -0.56
9.736e-05 3.44 -0.56
9.74e-05 3.52 -0.64
9.744e-05 3.52 -0.64
9.748e-05 3.6 -0.56
9.752e-05 3.76 -0.56
9.756e-05 3.76 -0.56
9.76e-05 3.84 -0.56
9.764e-05 3.92 -0.56
9.768e-05 4 -0.56
9.772e-05 4.08 -0.56
9.776e-05 4.16 -0.56
9.78e-05 4.16 -0.48
9.784e-05 4.24 -0.4
9.788e-05 4.32 -0.48
9.792e-05 4.32 -0.48
9.796e-05 4.48 -0.4
9.8e-05 4.48 -0.4
9.804e-05 4.64 -0.4
9.808e-05 4.64 -0.48
9.812e-05 4.64 -0.4
9.816e-05 4.8 -0.4
9.82e-05 4.88 -0.4
9.824e-05 4.88 -0.4
9.828e-05 4.96 -0.4
9.832e-05 4.96 -0.32
9.836e-05 5.12 -0.32
9.84e-05 5.12 -0.32
9.844e-05 5.2 -0.32
9.848e-05 5.12 -0.32
9.852e-05 5.28 -0.32
9.856e-05 5.28 -0.32
9.86e-05 5.44 -0.32
9.864e-05 5.44 -0.32
9.868e-05 5.44 -0.32
9.872e-05 5.44 -0.24
9.876e-05 5.52 -0.24
9.88e-05 5.52 -0.24
9.884e-05 5.6 -0.16
9.888e-05 5.6 -0.24
9.892e-05 5.6 -0.16
9.896e-05 5.76 -0.24
9.9e-05 5.76 -0.16
9.904e-05 5.76 -0.16
9.908e-05 5.76 0
9.912e-05 5.76 -0.16
9.916e-05 5.84 -0.16
9.92e-05 5.84 -0.16
9.924e-05 5.84 0
9.928e-05 5.92 0
9.932e-05 5.92 0
9.936e-05 5.92 0
9.94e-05 6 0
9.944e-05 6.08 0.08
9.948e-05 6 0.08
9.952e-05 6 0
9.956e-05 6 0.08
9.96e-05 6 0
9.964e-05 6 0.08
9.968e-05 6 0.08
9.972e-05 6.08 0.08
9.976e-05 6 0.08
9.98e-05 6.08 0.16
9.984e-05 6.08 0.08
9.988e-05 6.08 0.08
9.992e-05 6 0.16
9.996e-05 6.08 0.16
0.0001 5.92 0.16
0.00010004 6 0.08
0.00010008 5.92 0.16
0.00010012 6 0.24
0.00010016 5.92 0.24
0.0001002 5.92 0.24
0.00010024 5.92 0.16
0.00010028 5.92 0.16
0.00010032 5.92 0.24
0.00010036 5.84 0.32
0.0001004 5.84 0.24
0.00010044 5.84 0.24
0.00010048 5.84 0.24
0.00010052 5.76 0.32
0.00010056 5.76 0.24
0.0001006 5.76 0.32
0.00010064 5.68 0.32
0.00010068 5.6 0.4
0.00010072 5.6 0.32
0.00010076 5.6 0.32
0.0001008 5.6 0.32
0.00010084 5.52 0.4
0.00010088 5.52 0.4
0.00010092 5.44 0.32
0.00010096 5.44 0.32
0.000101 5.44 0.4
0.00010104 5.28 0.4
0.00010108 5.28 0.4
0.00010112 5.2 0.4
0.00010116 5.2 0.4
0.0001012 5.12 0.4
0.00010124 5.12 0.48
0.00010128 5.04 0.48
0.00010132 4.96 0.48
0.00010136 4.88 0.48
0.0001014 4.88 0.48
0.00010144 4.8 0.48
0.00010148 4.8 0.48
0.00010152 4.72 0.48
0.00010156 4.64 0.48
0.0001016 4.56 0.48
0.00010164 4.56 0.56
0.00010168 4.48 0.48
0.00010172 4.48 0.64
0.00010176 4.32 0.56
0.0001018 4.24 0.56
0.00010184 4.16 0.56
0.00010188 4.16 0.56
0.00010192 4 0.64
0.00010196 3.92 0.48
0.000102 3.84 0.56
0.00010204 3.84 0.56
0.00010208 3.84 0.56
0.00010212 3.68 0.64
0.00010216 3.6 0.56
0.0001022 3.6 0.56
0.00010224 3.44 0.64
0.00010228 3.36 0.64
0.00010232 3.28 0.64
0.00010236 3.2 0.64
0.0001024 3.2 0.64
0.00010244 3.04 0.64
0.00010248 2.96 0.72
0.00010252 2.88 0.64
0.00010256 2.88 0.64
0.0001026 2.72 0.72
0.00010264 2.64 0.64
0.00010268 2.56 0.64
0.00010272 2.4 0.64
0.00010276 2.32 0.64
0.0001028 2.24 0.72
0.00010284 2.24 0.64
0.00010288 2.08 0.64
0.00010292 2 0.64
0.00010296 1.92 0.72
0.000103 1.76 0.72
0.00010304 1.76 0.64
0.00010308 1.68 0.64
0.00010312 1.6 0.64
0.00010316 1.44 0.64
0.0001032 1.36 0.64
0.00010324 1.28 0.72
0.00010328 1.2 0.64
0.00010332 1.12 0.64
0.00010336 1.04 0.72
0.0001034 0.88 0.64
0.00010344 0.8 0.72
0.00010348 0.72 0.64
0.00010352 0.64 0.72
0.00010356 0.48 0.64
0.0001036 0.4 0.72
0.00010364 0.32 0.72
0.00010368 0.32 0.72
0.00010372 0.16 0.64
0.00010376 0 0.64
0.0001038 0 0.64
0.00010384 -0.24 0.64
0.00010388 -0.32 0.64
0.00010392 -0.4 0.64
0.00010396 -0.56 0.56
0.000104 -0.64 0.64
0.00010404 -0.72 0.64
0.00010408 -0.72 0.72
0.00010412 -0.96 0.64
0.00010416 -1.04 0.64
0.0001042 -1.12 0.64
0.00010424 -1.2 0.64
0.00010428 -1.28 0.56
0.00010432 -1.36 0.56
0.00010436 -1.52 0.56
0.0001044 -1.52 0.56
0.00010444 -1.68 0.56
0.00010448 -1.76 0.56
0.00010452 -1.84 0.56
0.00010456 -1.92 0.64
0.0001046 -2 0.56
0.00010464 -2.08 0.48
0.00010468 -2.24 0.56
0.00010472 -2.32 0.56
0.00010476 -2.32 0.56
0.0001048 -2.48 0.48
0.00010484 -2.56 0.48
0.00010488 -2.64 0.48
0.00010492 -2.64 0.48
0.00010496 -2.8 0.48
0.000105 -2.96 0.48
0.00010504 -2.96 0.4
0.00010508 -2.96 0.48
0.00010512 -3.2 0.48
0.00010516 -3.2 0.48
0.0001052 -3.28 0.4
0.00010524 -3.36 0.48
0.00010528 -3.52 0.48
0.00010532 -3.6 0.4
0.00010536 -3.6 0.4
0.0001054 -3.76 0.4
0.00010544 -3.84 0.4
0.00010548 -3.84 0.4
0.00010552 -3.92 0.32
0.00010556 -3.92 0.32
0.0001056 -4.08 0.4
0.00010564 -4.16 0.32
0.00010568 -4.16 0.32
0.00010572 -4.24 0.32
0.00010576 -4.4 0.32
0.0001058 -4.4 0.4
0.00010584 -4.48 0.4
0.00010588 -4.56 0.32
0.00010592 -4.72 0.32
0.00010596 -4.72 0.24
0.000106 -4.8 0.32
0.00010604 -4.8 0.24
0.00010608 -4.88 0.24
0.00010612 -4.88 0.16
0.00010616 -5.04 0.24
0.0001062 -5.04 0.24
0.00010624 -5.12 0.16
0.00010628 -5.12 0.16
0.00010632 -5.2 0.24
0.00010636 -5.2 0.16
0.0001064 -5.36 0.16
0.00010644 -5.36 0.16
0.00010648 -5.44 0.16
0.00010652 -5.44 0.16
0.00010656 -5.52 0.16
0.0001066 -5.52 0.08
0.00010664 -5.52 0.08
0.00010668 -5.68 0.08
0.00010672 -5.68 0.08
0.00010676 -5.68 0.08
0.0001068 -5.68 0
0.00010684 -5.76 0.08
0.00010688 -5.76 0.08
0.00010692 -5.84 0
0.00010696 -5.84 0
0.000107 -5.84 0
0.00010704 -5.84 0
0.00010708 -5.92 0
0.00010712 -5.92 0
0.00010716 -6 0
0.0001072 -6 -0.16
0.00010724 -6.08 -0.16
0.00010728 -6 -0.16
0.00010732 -6.08 -0.16
0.00010736 -6.08 -0.16
0.0001074 -6 -0.16
0.00010744 -6.08 -0.16
0.00010748 -6.08 -0.16
0.00010752 -6.16 -0.24
0.00010756 -6.16 -0.24
0.0001076 -6.16 -0.16
0.00010764 -6.16 -0.24
0.00010768 -6.08 -0.32
0.00010772 -6.08 -0.32
0.00010776 -6.16 -0.24
0.0001078 -6.16 -0.32
0.00010784 -6.16 -0.32
0.00010788 -6.16 -0.32
0.00010792 -6.16 -0.32
0.00010796 -6.16 -0.24
0.000108 -6.08 -0.32
0.00010804 -6.08 -0.32
0.00010808 -6.08 -0.32
0.00010812 -6.08 -0.4
0.00010816 -6.08 -0.32
0.0001082 -6.08 -0.4
0.00010824 -6.08 -0.4
0.00010828 -6 -0.4
0.00010832 -6 -0.4
0.00010836 -6 -0.48
0.0001084 -6 -0.48
0.00010844 -5.84 -0.4
0.00010848 -5.84 -0.4
0.00010852 -5.84 -0.48
0.00010856 -5.84 -0.56
0.0001086 -5.76 -0.48
0.00010864 -5.76 -0.48
0.00010868 -5.76 -0.48
0.00010872 -5.68 -0.56
0.00010876 -5.68 -0.56
0.0001088 -5.68 -0.56
0.00010884 -5.6 -0.56
0.00010888 -5.52 -0.64
0.00010892 -5.52 -0.56
0.00010896 -5.44 -0.56
0.000109 -5.44 -0.64
0.00010904 -5.36 -0.56
0.00010908 -5.28 -0.64
0.00010912 -5.28 -0.64
0.00010916 -5.2 -0.64
0.0001092 -5.2 -0.56
0.00010924 -5.12 -0.64
0.00010928 -5.12 -0.64
0.00010932 -5.04 -0.64
0.00010936 -4.96 -0.64
0.0001094 -4.88 -0.64
0.00010944 -4.8 -0.72
0.00010948 -4.8 -0.72
0.00010952 -4.8 -0.64
0.00010956 -4.72 -0.72
0.0001096 -4.56 -0.64
0.00010964 -4.48 -0.72
0.00010968 -4.48 -0.72
0.00010972 -4.4 -0.64
0.00010976 -4.24 -0.72
0.0001098 -4.24 -0.72
0.00010984 -4.16 -0.8
0.00010988 -4.08 -0.72
0.00010992 -4.08 -0.72
0.00010996 -3.92 -0.72
0.00011 -3.92 -0.8
0.00011004 -3.84 -0.8
0.00011008 -3.76 -0.8
0.00011012 -3.6 -0.8
0.00011016 -3.6 -0.8
0.0001102 -3.52 -0.8
0.00011024 -3.44 -0.8
0.00011028 -3.44 -0.72
0.00011032 -3.28 -0.88
0.00011036 -3.2 -0.8
0.0001104 -3.12 -0.8
0.00011044 -2.96 -0.8
0.00011048 -2.96 -0.88
0.00011052 -2.88 -0.88
0.00011056 -2.8 -0.8
0.0001106 -2.64 -0.88
0.00011064 -2.64 -0.72
0.00011068 -2.56 -0.88
0.00011072 -2.32 -0.88
0.00011076 -2.32 -0.8
0.0001108 -2.24 -0.8
0.00011084 -2.16 -0.8
0.00011088 -2.16 -0.8
0.00011092 -1.92 -0.88
0.00011096 -1.84 -0.8
0.000111 -1.84 -0.8
0.00011104 -1.68 -0.88
0.00011108 -1.6 -0.88
0.00011112 -1.52 -0.8
0.00011116 -1.36 -0.88
0.0001112 -1.36 -0.8
0.00011124 -1.2 -0.88
0.00011128 -1.04 -0.8
0.00011132 -1.04 -0.8
0.00011136 -0.96 -0.88
0.0001114 -0.88 -0.88
0.00011144 -0.72 -0.8
0.00011148 -0.64 -0.72
0.00011152 -0.56 -0.72
0.00011156 -0.48 -0.88
0.0001116 -0.4 -0.88
0.00011164 -0.24 -0.88
0.00011168 -0.24 -0.88
0.00011172 0 -0.88
0.00011176 0.08 -0.8
0.0001118 0.16 -0.88
0.00011184 0.32 -0.8
0.00011188 0.32 -0.8
0.00011192 0.48 -0.8
0.00011196 0.56 -0.8
0.000112 0.64 -0.8
0.00011204 0.72 -0.72
0.00011208 0.8 -0.8
0.00011212 0.96 -0.72
0.00011216 1.04 -0.72
0.0001122 1.04 -0.72
0.00011224 1.2 -0.8
0.00011228 1.36 -0.8
0.00011232 1.44 -0.8
0.00011236 1.52 -0.72
0.0001124 1.6 -0.72
0.00011244 1.68 -0.72
0.00011248 1.76 -0.72
0.00011252 1.92 -0.72
0.00011256 1.92 -0.72
0.0001126 2 -0.64
0.00011264 2.08 -0.72
0.00011268 2.24 -0.72
0.00011272 2.32 -0.64
0.00011276 2.4 -0.72
0.0001128 2.56 -0.64
0.00011284 2.56 -0.72
0.00011288 2.64 -0.64
0.00011292 2.72 -0.64
0.00011296 2.88 -0.64
0.000113 2.88 -0.64
0.00011304 3.04 -0.64
0.00011308 3.12 -0.56
0.00011312 3.2 -0.56
0.00011316 3.28 -0.64
0.0001132 3.36 -0.56
0.00011324 3.52 -0.64
0.00011328 3.52 -0.56
0.00011332 3.52 -0.64
0.00011336 3.6 -0.64
0.0001134 3.68 -0.56
0.00011344 3.84 -0.56
0.00011348 3.84 -0.56
0.00011352 3.92 -0.56
0.00011356 4 -0.56
0.0001136 4 -0.56
0.00011364 4.16 -0.48
0.00011368 4.16 -0.48
0.00011372 4.24 -0.4
0.00011376 4.4 -0.4
0.0001138 4.4 -0.48
0.00011384 4.48 -0.48
0.00011388 4.56 -0.4
0.00011392 4.64 -0.48
0.00011396 4.64 -0.4
0.000114 4.8 -0.4
0.00011404 4.8 -0.4
0.00011408 4.88 -0.4
0.00011412 4.88 -0.32
0.00011416 4.96 -0.32
0.0001142 5.04 -0.4
0.00011424 5.12 -0.4
0.00011428 5.12 -0.4
0.00011432 5.12 -0.32
0.00011436 5.28 -0.24
0.0001144 5.28 -0.32
0.00011444 5.28 -0.32
0.00011448 5.28 -0.32
0.00011452 5.44 -0.24
0.00011456 5.44 -0.24
0.0001146 5.52 -0.24
0.00011464 5.52 -0.24
0.00011468 5.6 -0.24
0.00011472 5.6 -0.24
0.00011476 5.6 -0.24
0.0001148 5.6 -0.16
0.00011484 5.76 -0.16
0.00011488 5.76 -0.16
0.00011492 5.76 -0.24
0.00011496 5.76 -0.16
0.000115 5.76 0
0.00011504 5.84 0
0.00011508 5.84 0
0.00011512 5.84 -0.16
0.00011516 5.84 -0.16
0.0001152 5.92 0
0.00011524 5.92 0
0.00011528 5.92 0
0.00011532 5.92 0
0.00011536 5.92 0
0.0001154 5.92 0.08
0.00011544 6 0.08
0.00011548 6.08 0
0.00011552 6 0
0.00011556 6 0.08
0.0001156 6.08 0.08
0.00011564 6.08 0.08
0.00011568 6.08 0.08
0.00011572 6.08 0.08
0.00011576 6 0.16
0.0001158 6.08 0.08
0.00011584 6 0.08
0.00011588 6 0.16
0.00011592 6.08 0.16
0.00011596 6.08 0.16
0.000116 5.92 0.08
0.00011604 6 0.16
0.00011608 5.92 0.16
0.00011612 5.92 0.24
0.00011616 5.92 0.24
0.0001162 5.92 0.16
0.00011624 5.84 0.32
0.00011628 5.84 0.24
0.00011632 5.84 0.32
0.00011636 5.84 0.24
0.0001164 5.76 0.32
0.00011644 5.76 0.32
0.00011648 5.76 0.32
0.00011652 5.76 0.32
0.00011656 5.6 0.32
0.0001166 5.6 0.4
0.00011664 5.6 0.32
0.00011668 5.52 0.4
0.00011672 5.44 0.4
0.00011676 5.52 0.32
0.0001168 5.44 0.4
0.00011684 5.44 0.4
0.00011688 5.28 0.4
0.00011692 5.28 0.4
0.00011696 5.28 0.4
0.000117 5.2 0.48
0.00011704 5.12 0.4
0.00011708 5.12 0.4
0.00011712 5.12 0.4
0.00011716 5.12 0.48
0.0001172 4.96 0.48
0.00011724 4.96 0.48
0.00011728 4.88 0.48
0.00011732 4.8 0.48
0.00011736 4.8 0.48
0.0001174 4.72 0.48
0.00011744 4.56 0.48
0.00011748 4.56 0.48
0.00011752 4.48 0.56
0.00011756 4.48 0.56
0.0001176 4.4 0.48
0.00011764 4.24 0.56
0.00011768 4.24 0.56
0.00011772 4.16 0.64
0.00011776 4.16 0.56
0.0001178 4 0.56
0.00011784 4 0.64
0.00011788 3.92 0.64
0.00011792 3.84 0.56
0.00011796 3.76 0.56
0.000118 3.68 0.56
0.00011804 3.6 0.56
0.00011808 3.52 0.56
0.00011812 3.52 0.64
0.00011816 3.36 0.64
0.0001182 3.28 0.64
0.00011824 3.2 0.64
0.00011828 3.2 0.64
0.00011832 3.04 0.64
0.00011836 2.96 0.64
0.0001184 2.88 0.64
0.00011844 2.88 0.64
0.00011848 2.72 0.72
0.00011852 2.56 0.64
0.00011856 2.56 0.72
0.0001186 2.4 0.64
0.00011864 2.32 0.64
0.00011868 2.24 0.64
0.00011872 2.16 0.64
0.00011876 2 0.64
0.0001188 1.92 0.72
0.00011884 1.92 0.64
0.00011888 1.76 0.64
0.00011892 1.68 0.72
0.00011896 1.6 0.72
0.000119 1.6 0.64
0.00011904 1.44 0.64
0.00011908 1.36 0.72
0.00011912 1.28 0.72
0.00011916 1.12 0.72
0.0001192 1.04 0.64
0.00011924 0.96 0.64
0.00011928 0.88 0.64
0.00011932 0.8 0.72
0.00011936 0.64 0.64
0.0001194 0.64 0.64
0.00011944 0.56 0.64
0.00011948 0.48 0.72
0.00011952 0.32 0.64
0.00011956 0.24 0.72
0.0001196 0.08 0.64
0.00011964 0 0.64
0.00011968 0 0.64
0.00011972 -0.24 0.64
0.00011976 -0.32 0.64
0.0001198 -0.4 0.64
0.00011984 -0.56 0.72
0.00011988 -0.64 0.64
0.00011992 -0.72 0.56
0.00011996 -0.88 0.56
0.00012 -0.96 0.64
0.00012004 -1.04 0.64
0.00012008 -1.2 0.64
0.00012012 -1.2 0.56
0.00012016 -1.28 0.64
0.0001202 -1.36 0.64
0.00012024 -1.52 0.56
0.00012028 -1.6 0.56
0.00012032 -1.68 0.64
0.00012036 -1.76 0.56
0.0001204 -1.84 0.64
0.00012044 -1.92 0.48
0.00012048 -2 0.64
0.00012052 -2.16 0.56
0.00012056 -2.24 0.56
0.0001206 -2.32 0.48
0.00012064 -2.32 0.56
0.00012068 -2.48 0.56
0.00012072 -2.56 0.56
0.00012076 -2.64 0.48
0.0001208 -2.72 0.48
0.00012084 -2.8 0.48
0.00012088 -2.88 0.48
0.00012092 -3.04 0.48
0.00012096 -3.12 0.48
0.000121 -3.2 0.48
0.00012104 -3.28 0.48
0.00012108 -3.28 0.48
0.00012112 -3.44 0.48
0.00012116 -3.52 0.4
0.0001212 -3.6 0.4
0.00012124 -3.6 0.4
0.00012128 -3.76 0.4
0.00012132 -3.76 0.4
0.00012136 -3.92 0.4
0.0001214 -3.92 0.4
0.00012144 -4.08 0.4
0.00012148 -4.16 0.32
0.00012152 -4.16 0.32
0.00012156 -4.24 0.4
0.0001216 -4.32 0.32
0.00012164 -4.32 0.32
0.00012168 -4.4 0.32
0.00012172 -4.56 0.32
0.00012176 -4.56 0.32
0.0001218 -4.64 0.32
0.00012184 -4.72 0.24
0.00012188 -4.72 0.24
0.00012192 -4.8 0.24
0.00012196 -4.88 0.24
0.000122 -4.88 0.16
0.00012204 -4.96 0.16
0.00012208 -5.04 0.16
0.00012212 -5.12 0.16
0.00012216 -5.2 0.16
0.0001222 -5.2 0.16
0.00012224 -5.28 0.16
0.00012228 -5.28 0.16
0.00012232 -5.36 0.16
0.00012236 -5.36 0.08
0.0001224 -5.44 0.16
0.00012244 -5.52 0.08
0.00012248 -5.52 0.08
0.00012252 -5.52 0.08
0.00012256 -5.52 0.08
0.0001226 -5.68 0
0.00012264 -5.68 0.08
0.00012268 -5.68 0.08
0.00012272 -5.76 0
0.00012276 -5.76 0
0.0001228 -5.84 0
0.00012284 -5.84 0
0.00012288 -5.84 0
0.00012292 -5.92 0
0.00012296 -5.84 0
0.000123 -6 -0.16
0.00012304 -6 -0.16
0.00012308 -6 0
0.00012312 -6.08 -0.16
0.00012316 -6 0
0.0001232 -6 -0.24
0.00012324 -6.08 -0.16
0.00012328 -6.08 -0.24
0.00012332 -6.08 -0.24
0.00012336 -6.16 -0.16
0.0001234 -6.08 -0.24
0.00012344 -6.16 -0.24
0.00012348 -6.16 -0.24
0.00012352 -6.08 -0.24
0.00012356 -6.16 -0.16
0.0001236 -6.16 -0.32
0.00012364 -6.16 -0.32
0.00012368 -6.08 -0.32
0.00012372 -6.16 -0.32
0.00012376 -6.16 -0.32
0.0001238 -6.16 -0.4
0.00012384 -6.08 -0.4
0.00012388 -6.08 -0.32
0.00012392 -6.08 -0.32
0.00012396 -6.08 -0.4
0.000124 -6.08 -0.4
0.00012404 -6.08 -0.4
0.00012408 -6 -0.32
0.00012412 -6 -0.4
0.00012416 -6 -0.4
0.0001242 -6 -0.48
0.00012424 -6 -0.4
0.00012428 -5.92 -0.48
0.00012432 -5.84 -0.48
0.00012436 -5.92 -0.48
0.0001244 -5.84 -0.48
0.00012444 -5.76 -0.48
0.00012448 -5.76 -0.4
0.00012452 -5.76 -0.56
0.00012456 -5.76 -0.48
0.0001246 -5.68 -0.56
0.00012464 -5.68 -0.48
0.00012468 -5.6 -0.56
0.00012472 -5.52 -0.56
0.00012476 -5.52 -0.56
0.0001248 -5.52 -0.56
0.00012484 -5.44 -0.56
0.00012488 -5.44 -0.56
0.00012492 -5.36 -0.64
0.00012496 -5.36 -0.64
0.000125 -5.2 -0.64
0.00012504 -5.2 -0.64
0.00012508 -5.12 -0.64
0.00012512 -5.12 -0.56
0.00012516 -5.04 -0.64
0.0001252 -5.04 -0.64
0.00012524 -4.96 -0.64
0.00012528 -4.88 -0.72
0.00012532 -4.8 -0.64
0.00012536 -4.8 -0.64
0.0001254 -4.72 -0.72
0.00012544 -4.64 -0.72
0.00012548 -4.56 -0.64
0.00012552 -4.48 -0.72
0.00012556 -4.48 -0.72
0.0001256 -4.4 -0.72
0.00012564 -4.32 -0.72
0.00012568 -4.24 -0.64
0.00012572 -4.16 -0.72
0.00012576 -4.08 -0.8
0.0001258 -3.92 -0.72
0.00012584 -3.92 -0.72
0.00012588 -3.92 -0.72
0.00012592 -3.84 -0.8
0.00012596 -3.76 -0.8
0.000126 -3.6 -0.72
0.00012604 -3.6 -0.72
0.00012608 -3.52 -0.8
0.00012612 -3.52 -0.88
0.00012616 -3.28 -0.8
0.0001262 -3.2 -0.72
0.00012624 -3.2 -0.8
0.00012628 -3.12 -0.8
0.00012632 -2.96 -0.8
0.00012636 -2.96 -0.8
0.0001264 -2.8 -0.8
0.00012644 -2.72 -0.8
0.00012648 -2.64 -0.88
0.00012652 -2.56 -0.88
0.00012656 -2.48 -0.8
0.0001266 -2.48 -0.88
0.00012664 -2.32 -0.8
0.00012668 -2.24 -0.8
0.00012672 -2.24 -0.88
0.00012676 -2 -0.8
0.0001268 -1.92 -0.88
0.00012684 -1.84 -0.8
0.00012688 -1.84 -0.88
0.00012692 -1.68 -0.8
0.00012696 -1.6 -0.88
0.000127 -1.52 -0.88
0.00012704 -1.36 -0.8
0.00012708 -1.36 -0.8
0.00012712 -1.2 -0.88
0.00012716 -1.12 -0.88
0.0001272 -1.04 -0.88
0.00012724 -0.96 -0.88
0.00012728 -0.88 -0.8
0.00012732 -0.8 -0.8
0.00012736 -0.72 -0.96
0.0001274 -0.56 -0.8
0.00012744 -0.4 -0.8
0.00012748 -0.4 -0.8
0.00012752 -0.24 -0.8
0.00012756 -0.16 -0.88
0.0001276 0 -0.8
0.00012764 0.08 -0.8
0.00012768 0.08 -0.8
0.00012772 0.32 -0.88
0.00012776 0.4 -0.8
0.0001278 0.48 -0.8
0.00012784 0.64 -0.88
0.00012788 0.64 -0.88
0.00012792 0.8 -0.8
0.00012796 0.8 -0.8
0.000128 0.96 -0.72
0.00012804 1.04 -0.8
0.00012808 1.12 -0.72
0.00012812 1.28 -0.8
0.00012816 1.28 -0.64
0.0001282 1.36 -0.72
0.00012824 1.6 -0.72
0.00012828 1.6 -0.72
0.00012832 1.68 -0.72
0.00012836 1.76 -0.8
0.0001284 1.92 -0.8
0.00012844 1.92 -0.72
0.00012848 2.08 -0.72
0.00012852 2.08 -0.64
0.00012856 2.24 -0.72
0.0001286 2.32 -0.72
0.00012864 2.4 -0.64
0.00012868 2.56 -0.72
0.00012872 2.56 -0.64
0.00012876 2.72 -0.64
0.0001288 2.72 -0.72
0.00012884 2.88 -0.64
0.00012888 2.96 -0.64
0.00012892 2.96 -0.64
0.00012896 3.12 -0.64
0.000129 3.2 -0.64
0.00012904 3.2 -0.56
0.00012908 3.36 -0.64
0.00012912 3.44 -0.64
0.00012916 3.52 -0.64
0.0001292 3.52 -0.56
0.00012924 3.68 -0.56
0.00012928 3.68 -0.56
0.00012932 3.84 -0.64
0.00012936 3.84 -0.56
0.0001294 3.92 -0.48
0.00012944 4 -0.48
0.00012948 4.16 -0.48
0.00012952 4.16 -0.56
0.00012956 4.24 -0.48
0.0001296 4.24 -0.48
0.00012964 4.32 -0.48
0.00012968 4.48 -0.48
0.00012972 4.48 -0.4
0.00012976 4.64 -0.4
0.0001298 4.64 -0.48
0.00012984 4.72 -0.4
0.00012988 4.8 -0.4
0.00012992 4.8 -0.4
0.00012996 4.88 -0.4
0.00013 4.96 -0.48
0.00013004 4.88 -0.4
0.00013008 5.04 -0.32
0.00013012 5.12 -0.32
0.00013016 5.12 -0.32
0.0001302 5.2 -0.4
0.00013024 5.2 -0.32
0.00013028 5.28 -0.24
0.00013032 5.28 -0.32
0.00013036 5.44 -0.32
0.0001304 5.44 -0.32
0.00013044 5.44 -0.24
0.00013048 5.44 -0.24
0.00013052 5.52 -0.24
0.00013056 5.52 -0.24
0.0001306 5.6 -0.24
0.00013064 5.6 -0.24
0.00013068 5.6 -0.24
0.00013072 5.6 -0.24
0.00013076 5.76 -0.16
0.0001308 5.76 0
0.00013084 5.76 0
0.00013088 5.76 -0.16
0.00013092 5.84 -0.16
0.00013096 5.84 -0.16
0.000131 5.92 0
0.00013104 5.84 0
0.00013108 5.92 0
0.00013112 5.92 0
0.00013116 5.92 0
0.0001312 6.08 0
0.00013124 5.92 0
0.00013128 5.92 0
0.00013132 6 0
0.00013136 6.08 0.08
0.0001314 6.08 0.08
0.00013144 6.08 0.08
0.00013148 6.08 0.08
0.00013152 6.08 0.08
0.00013156 6.08 0.16
0.0001316 6 0.08
0.00013164 6.08 0.08
0.00013168 6.08 0.16
0.00013172 6.08 0.16
0.00013176 6.08 0.16
0.0001318 6 0.16
0.00013184 6 0.16
0.00013188 5.92 0.32
0.00013192 5.92 0.16
0.00013196 5.92 0.16
0.000132 5.92 0.24
0.00013204 5.92 0.32
0.00013208 5.84 0.32
0.00013212 5.92 0.24
0.00013216 5.84 0.32
0.0001322 5.84 0.24
0.00013224 5.84 0.32
0.00013228 5.76 0.32
0.00013232 5.76 0.32
0.00013236 5.76 0.32
0.0001324 5.6 0.32
0.00013244 5.6 0.4
0.00013248 5.6 0.32
0.00013252 5.52 0.32
0.00013256 5.52 0.4
0.0001326 5.52 0.4
0.00013264 5.44 0.4
0.00013268 5.44 0.4
0.00013272 5.44 0.4
0.00013276 5.44 0.4
0.0001328 5.36 0.48
0.00013284 5.28 0.4
0.00013288 5.2 0.32
0.00013292 5.12 0.4
0.00013296 5.12 0.48
0.000133 5.04 0.48
0.00013304 5.04 0.48
0.00013308 4.96 0.48
0.00013312 4.96 0.48
0.00013316 4.88 0.48
0.0001332 4.8 0.48
0.00013324 4.72 0.48
0.00013328 4.64 0.48
0.00013332 4.64 0.48
0.00013336 4.56 0.48
0.0001334 4.48 0.4
0.00013344 4.48 0.48
0.00013348 4.32 0.56
0.00013352 4.32 0.48
0.00013356 4.16 0.48
0.0001336 4.16 0.56
0.00013364 4.16 0.64
0.00013368 4 0.64
0.00013372 3.92 0.56
0.00013376 3.92 0.56
0.0001338 3.84 0.64
0.00013384 3.76 0.64
0.00013388 3.68 0.64
0.00013392 3.6 0.64
0.00013396 3.52 0.64
0.000134 3.44 0.64
0.00013404 3.36 0.64
0.00013408 3.28 0.56
0.00013412 3.28 0.64
0.00013416 3.12 0.64
0.0001342 3.04 0.64
0.00013424 2.96 0.64
0.00013428 2.88 0.64
0.00013432 2.72 0.72
0.00013436 2.64 0.64
0.0001344 2.56 0.64
0.00013444 2.56 0.64
0.00013448 2.4 0.64
0.00013452 2.32 0.72
0.00013456 2.24 0.72
0.0001346 2.24 0.64
0.00013464 2.08 0.64
0.00013468 2 0.64
0.00013472 1.92 0.72
0.00013476 1.76 0.64
0.0001348 1.68 0.64
0.00013484 1.6 0.64
0.00013488 1.52 0.72
0.00013492 1.44 0.72
0.00013496 1.28 0.64
0.000135 1.2 0.64
0.00013504 1.12 0.64
0.00013508 1.04 0.72
0.00013512 0.96 0.64
0.00013516 0.88 0.64
0.0001352 0.72 0.64
0.00013524 0.64 0.64
0.00013528 0.56 0.72
0.00013532 0.48 0.64
0.00013536 0.32 0.64
0.0001354 0.32 0.64
0.00013544 0.16 0.72
0.00013548 0.08 0.64
0.00013552 0.08 0.72
0.00013556 -0.24 0.64
0.0001356 -0.24 0.72
0.00013564 -0.32 0.64
0.00013568 -0.4 0.56
0.00013572 -0.56 0.64
0.00013576 -0.64 0.64
0.0001358 -0.8 0.64
0.00013584 -0.88 0.64
0.00013588 -0.96 0.56
0.00013592 -1.04 0.64
0.00013596 -1.2 0.64
0.000136 -1.2 0.64
0.00013604 -1.28 0.64
0.00013608 -1.36 0.56
0.00013612 -1.52 0.64
0.00013616 -1.6 0.64
0.0001362 -1.68 0.56
0.00013624 -1.76 0.48
0.00013628 -1.84 0.56
0.00013632 -1.92 0.64
0.00013636 -2 0.48
0.0001364 -2.16 0.48
0.00013644 -2.24 0.56
0.00013648 -2.32 0.56
0.00013652 -2.48 0.56
0.00013656 -2.48 0.48
0.0001366 -2.56 0.48
0.00013664 -2.64 0.48
0.00013668 -2.72 0.48
0.00013672 -2.88 0.48
0.00013676 -2.88 0.4
0.0001368 -3.04 0.48
0.00013684 -3.12 0.48
0.00013688 -3.12 0.4
0.00013692 -3.28 0.4
0.00013696 -3.28 0.4
0.000137 -3.44 0.4
0.00013704 -3.52 0.4
0.00013708 -3.6 0.4
0.00013712 -3.6 0.32
0.00013716 -3.76 0.4
0.0001372 -3.84 0.4
0.00013724 -3.92 0.4
0.00013728 -3.92 0.4
0.00013732 -3.92 0.32
0.00013736 -4.08 0.4
0.0001374 -4.16 0.32
0.00013744 -4.24 0.32
0.00013748 -4.32 0.32
0.00013752 -4.4 0.32
0.00013756 -4.4 0.32
0.0001376 -4.56 0.32
0.00013764 -4.56 0.32
0.00013768 -4.72 0.32
0.00013772 -4.72 0.32
0.00013776 -4.8 0.32
0.0001378 -4.8 0.24
0.00013784 -4.88 0.24
0.00013788 -4.88 0.16
0.00013792 -4.96 0.24
0.00013796 -5.04 0.16
0.000138 -5.12 0.16
0.00013804 -5.12 0.16
0.00013808 -5.2 0.16
0.00013812 -5.2 0.16
0.00013816 -5.28 0.08
0.0001382 -5.36 0.08
0.00013824 -5.44 0.08
0.00013828 -5.44 0.16
0.00013832 -5.44 0.08
0.00013836 -5.52 0.08
0.0001384 -5.52 0.08
0.00013844 -5.6 0.08
0.00013848 -5.68 0.08
0.00013852 -5.76 0
0.00013856 -5.76 0
0.0001386 -5.76 0.08
0.00013864 -5.84 0
0.00013868 -5.76 0
0.00013872 -5.84 0
0.00013876 -5.84 0
0.0001388 -5.84 0
0.00013884 -6 0
0.00013888 -6 0
0.00013892 -6 -0.16
0.00013896 -6 0
0.000139 -6 -0.16
0.00013904 -6.08 -0.16
0.00013908 -6.08 -0.24
0.00013912 -6.08 -0.24
0.00013916 -6.08 -0.16
0.0001392 -6.08 -0.32
0.00013924 -6.08 -0.24
0.00013928 -6.16 -0.24
0.00013932 -6.08 -0.24
0.00013936 -6.16 -0.16
0.0001394 -6.16 -0.32
0.00013944 -6.16 -0.24
0.00013948 -6.16 -0.32
0.00013952 -6.08 -0.24
0.00013956 -6.16 -0.32
0.0001396 -6.08 -0.32
0.00013964 -6.08 -0.32
0.00013968 -6.16 -0.32
0.00013972 -6.08 -0.32
0.00013976 -6.08 -0.4
0.0001398 -6.08 -0.4
0.00013984 -6.08 -0.4
0.00013988 -6.08 -0.32
0.00013992 -6.08 -0.4
0.00013996 -6.08 -0.4
0.00014 -6 -0.4
0.00014004 -6 -0.4
0.00014008 -6 -0.4
0.00014012 -5.92 -0.4
0.00014016 -6 -0.48
0.0001402 -5.84 -0.4
0.00014024 -5.84 -0.48
0.00014028 -5.84 -0.48
0.00014032 -5.84 -0.56
0.00014036 -5.76 -0.48
0.0001404 -5.68 -0.48
0.00014044 -5.68 -0.56
0.00014048 -5.68 -0.56
0.00014052 -5.68 -0.56
0.00014056 -5.52 -0.56
0.0001406 -5.52 -0.56
0.00014064 -5.52 -0.56
0.00014068 -5.44 -0.64
0.00014072 -5.44 -0.64
0.00014076 -5.36 -0.56
0.0001408 -5.36 -0.64
0.00014084 -5.28 -0.64
0.00014088 -5.2 -0.64
0.00014092 -5.2 -0.64
0.00014096 -5.12 -0.64
0.000141 -5.04 -0.72
0.00014104 -5.04 -0.64
0.00014108 -4.96 -0.64
0.00014112 -4.96 -0.64
0.00014116 -4.8 -0.72
0.0001412 -4.88 -0.64
0.00014124 -4.8 -0.64
0.00014128 -4.72 -0.64
0.00014132 -4.64 -0.72
0.00014136 -4.56 -0.72
0.0001414 -4.48 -0.72
0.00014144 -4.4 -0.72
0.00014148 -4.4 -0.72
0.00014152 -4.24 -0.72
0.00014156 -4.24 -0.8
0.0001416 -4.16 -0.72
0.00014164 -4.08 -0.72
0.00014168 -4 -0.72
0.00014172 -3.92 -0.72
0.00014176 -3.92 -0.8
0.0001418 -3.76 -0.72
0.00014184 -3.76 -0.72
0.00014188 -3.6 -0.8
0.00014192 -3.6 -0.8
0.00014196 -3.52 -0.8
0.000142 -3.36 -0.72
0.00014204 -3.28 -0.88
0.00014208 -3.28 -0.8
0.00014212 -3.12 -0.8
0.00014216 -3.04 -0.8
0.0001422 -2.96 -0.8
0.00014224 -2.96 -0.8
0.00014228 -2.8 -0.8
0.00014232 -2.8 -0.8
0.00014236 -2.64 -0.72
0.0001424 -2.56 -0.88
0.00014244 -2.48 -0.88
0.00014248 -2.4 -0.8
0.00014252 -2.32 -0.8
0.00014256 -2.24 -0.8
0.0001426 -2.16 -0.88
0.00014264 -2.08 -0.88
0.00014268 -1.92 -0.88
0.00014272 -1.84 -0.88
0.00014276 -1.76 -0.88
0.0001428 -1.68 -0.8
0.00014284 -1.6 -0.88
0.00014288 -1.52 -0.8
0.00014292 -1.36 -0.88
0.00014296 -1.28 -0.88
0.000143 -1.2 -0.88
0.00014304 -1.04 -0.8
0.00014308 -1.04 -0.8
0.00014312 -0.96 -0.88
0.00014316 -0.88 -0.88
0.0001432 -0.72 -0.88
0.00014324 -0.64 -0.8
0.00014328 -0.56 -0.88
0.00014332 -0.4 -0.88
0.00014336 -0.32 -0.88
0.0001434 -0.24 -0.8
0.00014344 0 -0.8
0.00014348 0 -0.8
0.00014352 0.08 -0.8
0.00014356 0.24 -0.8
0.0001436 0.32 -0.8
0.00014364 0.4 -0.8
0.00014368 0.48 -0.88
0.00014372 0.64 -0.8
0.00014376 0.72 -0.8
0.0001438 0.72 -0.72
0.00014384 0.88 -0.8
0.00014388 0.96 -0.72
0.00014392 1.04 -0.72
0.00014396 1.2 -0.72
0.000144 1.28 -0.72
0.00014404 1.36 -0.8
0.00014408 1.44 -0.64
0.00014412 1.6 -0.64
0.00014416 1.6 -0.72
0.0001442 1.68 -0.72
0.00014424 1.76 -0.72
0.00014428 1.92 -0.72
0.00014432 2 -0.72
0.00014436 2.08 -0.72
0.0001444 2.24 -0.72
0.00014444 2.24 -0.72
0.00014448 2.32 -0.72
0.00014452 2.4 -0.72
0.00014456 2.56 -0.72
0.0001446 2.56 -0.72
0.00014464 2.72 -0.64
0.00014468 2.88 -0.64
0.00014472 2.88 -0.64
0.00014476 2.96 -0.64
0.0001448 2.96 -0.64
0.00014484 3.2 -0.64
0.00014488 3.28 -0.64
0.00014492 3.28 -0.64
0.00014496 3.36 -0.64
0.000145 3.52 -0.56
0.00014504 3.52 -0.56
0.00014508 3.6 -0.64
0.00014512 3.68 -0.56
0.00014516 3.76 -0.56
0.0001452 3.84 -0.48
0.00014524 3.84 -0.56
0.00014528 3.92 -0.56
0.00014532 4 -0.56
0.00014536 4.16 -0.56
0.0001454 4.16 -0.56
0.00014544 4.24 -0.48
0.00014548 4.32 -0.48
0.00014552 4.32 -0.48
0.00014556 4.48 -0.4
0.0001456 4.56 -0.4
0.00014564 4.56 -0.48
0.00014568 4.64 -0.4
0.00014572 4.64 -0.4
0.00014576 4.8 -0.4
0.0001458 4.8 -0.4
0.00014584 4.88 -0.4
0.00014588 4.96 -0.4
0.00014592 4.96 -0.4
0.00014596 5.04 -0.4
0.000146 5.12 -0.4
0.00014604 5.12 -0.32
0.00014608 5.2 -0.32
0.00014612 5.2 -0.32
0.00014616 5.2 -0.32
0.0001462 5.28 -0.32
0.00014624 5.44 -0.24
0.00014628 5.44 -0.24
0.00014632 5.44 -0.24
0.00014636 5.52 -0.24
0.0001464 5.52 -0.24
0.00014644 5.52 -0.24
0.00014648 5.6 -0.24
0.00014652 5.6 -0.24
0.00014656 5.6 -0.24
0.0001466 5.76 -0.16
0.00014664 5.76 -0.16
0.00014668 5.76 -0.16
0.00014672 5.76 -0.16
0.00014676 5.84 0
0.0001468 5.84 0
0.00014684 5.84 -0.16
0.00014688 5.92 -0.16
0.00014692 5.92 0
0.00014696 5.84 0
0.000147 5.92 0
0.00014704 5.92 0
0.00014708 5.92 0
0.00014712 6 0.08
0.00014716 5.92 0.08
0.0001472 6 0.08
0.00014724 6.08 0
0.00014728 6.08 0.08
0.00014732 6 0.08
0.00014736 6.08 0.08
0.0001474 6.08 0.08
0.00014744 6 0.08
0.00014748 6.08 0.16
0.00014752 6.08 0.16
0.00014756 6.08 0.16
0.0001476 6.08 0.16
0.00014764 6.08 0.16
0.00014768 6 0.24
0.00014772 6 0.08
0.00014776 6 0.16
0.0001478 5.92 0.24
0.00014784 5.92 0.24
0.00014788 5.92 0.24
0.00014792 5.92 0.16
0.00014796 5.92 0.24
0.000148 5.84 0.32
0.00014804 5.84 0.32
0.00014808 5.84 0.32
0.00014812 5.84 0.24
0.00014816 5.84 0.32
0.0001482 5.76 0.32
0.00014824 5.76 0.32
0.00014828 5.6 0.32
0.00014832 5.68 0.32
0.00014836 5.6 0.4
0.0001484 5.6 0.4
0.00014844 5.52 0.4
0.00014848 5.52 0.32
0.00014852 5.44 0.4
0.00014856 5.44 0.4
0.0001486 5.44 0.32
0.00014864 5.44 0.4
0.00014868 5.28 0.4
0.00014872 5.28 0.48
0.00014876 5.2 0.4
0.0001488 5.12 0.4
0.00014884 5.12 0.4
0.00014888 5.12 0.48
0.00014892 5.12 0.48
0.00014896 4.96 0.48
0.000149 4.88 0.48
0.00014904 4.88 0.48
0.00014908 4.8 0.56
0.00014912 4.8 0.48
0.00014916 4.64 0.48
0.0001492 4.64 0.48
0.00014924 4.56 0.48
0.00014928 4.48 0.56
0.00014932 4.48 0.48
0.00014936 4.32 0.56
0.0001494 4.24 0.56
0.00014944 4.24 0.56
0.00014948 4.16 0.56
0.00014952 4.16 0.56
0.00014956 4 0.56
0.0001496 3.92 0.64
0.00014964 3.84 0.64
0.00014968 3.84 0.56
0.00014972 3.76 0.64
0.00014976 3.68 0.64
0.0001498 3.6 0.64
0.00014984 3.52 0.56
0.00014988 3.44 0.64
0.00014992 3.36 0.64
0.00014996 3.28 0.64
0.00015 3.2 0.64
0.00015004 3.04 0.64
0.00015008 3.04 0.64
0.00015012 2.88 0.64
0.00015016 2.88 0.64
0.0001502 2.72 0.64
0.00015024 2.64 0.72
0.00015028 2.64 0.64
0.00015032 2.56 0.72
0.00015036 2.4 0.64
0.0001504 2.32 0.72
0.00015044 2.24 0.64
0.00015048 2.08 0.64
0.00015052 2.08 0.64
0.00015056 1.92 0.64
0.0001506 1.92 0.64
0.00015064 1.76 0.64
0.00015068 1.68 0.72
0.00015072 1.6 0.72
0.00015076 1.52 0.64
0.0001508 1.36 0.72
0.00015084 1.36 0.72
0.00015088 1.28 0.72
0.00015092 1.12 0.64
0.00015096 1.04 0.64
0.000151 0.96 0.64
0.00015104 0.8 0.72
0.00015108 0.72 0.72
0.00015112 0.64 0.64
0.00015116 0.64 0.64
0.0001512 0.48 0.64
0.00015124 0.4 0.64
0.00015128 0.32 0.64
0.00015132 0.16 0.64
0.00015136 0.08 0.64
0.0001514 0 0.64
0.00015144 -0.16 0.64
0.00015148 -0.24 0.64
0.00015152 -0.4 0.64
0.00015156 -0.4 0.72
0.0001516 -0.56 0.64
0.00015164 -0.64 0.64
0.00015168 -0.72 0.64
0.00015172 -0.88 0.64
0.00015176 -0.96 0.64
0.0001518 -1.04 0.64
0.00015184 -1.2 0.56
0.00015188 -1.28 0.56
0.00015192 -1.36 0.64
0.00015196 -1.36 0.64
0.000152 -1.44 0.56
0.00015204 -1.6 0.64
0.00015208 -1.68 0.64
0.00015212 -1.76 0.64
0.00015216 -1.84 0.56
0.0001522 -2 0.56
0.00015224 -2.08 0.56
0.00015228 -2.16 0.56
0.00015232 -2.24 0.48
0.00015236 -2.32 0.48
0.0001524 -2.4 0.48
0.00015244 -2.56 0.56
0.00015248 -2.56 0.48
0.00015252 -2.64 0.48
0.00015256 -2.8 0.48
0.0001526 -2.88 0.56
0.00015264 -2.96 0.48
0.00015268 -2.96 0.48
0.00015272 -3.12 0.4
0.00015276 -3.2 0.4
0.0001528 -3.28 0.48
0.00015284 -3.44 0.4
0.00015288 -3.44 0.48
0.00015292 -3.52 0.4
0.00015296 -3.6 0.4
0.000153 -3.6 0.48
0.00015304 -3.76 0.32
0.00015308 -3.84 0.4
0.00015312 -3.84 0.32
0.00015316 -3.92 0.4
0.0001532 -4.08 0.32
0.00015324 -4.08 0.32
0.00015328 -4.16 0.4
0.00015332 -4.24 0.32
0.00015336 -4.24 0.32
0.0001534 -4.4 0.32
0.00015344 -4.48 0.32
0.00015348 -4.56 0.32
0.00015352 -4.56 0.32
0.00015356 -4.64 0.32
0.0001536 -4.8 0.24
0.00015364 -4.8 0.24
0.00015368 -4.88 0.24
0.00015372 -4.88 0.24
0.00015376 -4.88 0.24
0.0001538 -5.04 0.08
0.00015384 -5.04 0.16
0.00015388 -5.12 0.16
0.00015392 -5.2 0.16
0.00015396 -5.2 0.08
0.000154 -5.2 0.16
0.00015404 -5.36 0.16
0.00015408 -5.36 0.08
0.00015412 -5.44 0.08
0.00015416 -5.44 0.16
0.0001542 -5.52 0.16
0.00015424 -5.52 0.08
0.00015428 -5.52 0.08
0.00015432 -5.68 0.08
0.00015436 -5.68 0.08
0.0001544 -5.68 0.08
0.00015444 -5.68 0.08
0.00015448 -5.76 0
0.00015452 -5.76 0
0.00015456 -5.84 0
0.0001546 -5.84 0
0.00015464 -6 0
0.00015468 -5.92 -0.16
0.00015472 -6 0
0.00015476 -6 0
0.0001548 -6 0
0.00015484 -6 0
0.00015488 -6 0
0.00015492 -6.08 -0.16
0.00015496 -6.08 -0.24
0.000155 -6.08 -0.24
0.00015504 -6.08 -0.16
0.00015508 -6.08 -0.16
0.00015512 -6.08 -0.24
0.00015516 -6.16 -0.24
0.0001552 -6.16 -0.24
0.00015524 -6.16 -0.24
0.00015528 -6.08 -0.24
0.00015532 -6.16 -0.32
0.00015536 -6.16 -0.32
0.0001554 -6.08 -0.32
0.00015544 -6.16 -0.24
0.00015548 -6.16 -0.32
0.00015552 -6.16 -0.32
0.00015556 -6.16 -0.4
0.0001556 -6.16 -0.4
0.00015564 -6.08 -0.24
0.00015568 -6.08 -0.32
0.00015572 -6.08 -0.4
0.00015576 -6.08 -0.4
0.0001558 -6.08 -0.4
0.00015584 -6.08 -0.32
0.00015588 -6 -0.4
0.00015592 -6 -0.4
0.00015596 -6 -0.4
0.000156 -6 -0.4
0.00015604 -5.92 -0.4
0.00015608 -5.84 -0.48
0.00015612 -5.84 -0.4
0.00015616 -5.84 -0.4
0.0001562 -5.76 -0.4
0.00015624 -5.76 -0.56
0.00015628 -5.76 -0.56
0.00015632 -5.76 -0.56
0.00015636 -5.68 -0.56
0.0001564 -5.68 -0.48
0.00015644 -5.6 -0.56
0.00015648 -5.52 -0.56
0.00015652 -5.52 -0.56
0.00015656 -5.52 -0.56
0.0001566 -5.44 -0.56
0.00015664 -5.36 -0.64
0.00015668 -5.36 -0.56
0.00015672 -5.28 -0.64
0.00015676 -5.2 -0.64
0.0001568 -5.2 -0.64
0.00015684 -5.12 -0.64
0.00015688 -5.12 -0.64
0.00015692 -5.04 -0.64
0.00015696 -4.96 -0.72
0.000157 -4.88 -0.64
0.00015704 -4.88 -0.64
0.00015708 -4.8 -0.64
0.00015712 -4.72 -0.72
0.00015716 -4.72 -0.72
0.0001572 -4.64 -0.72
0.00015724 -4.56 -0.64
0.00015728 -4.48 -0.72
0.00015732 -4.4 -0.72
0.00015736 -4.4 -0.8
0.0001574 -4.24 -0.72
0.00015744 -4.16 -0.72
0.00015748 -4.16 -0.72
0.00015752 -4.08 -0.8
0.00015756 -4 -0.8
0.0001576 -3.92 -0.72
0.00015764 -3.84 -0.8
0.00015768 -3.84 -0.8
0.00015772 -3.76 -0.8
0.00015776 -3.6 -0.8
0.0001578 -3.6 -0.8
0.00015784 -3.52 -0.8
0.00015788 -3.44 -0.88
0.00015792 -3.28 -0.8
0.00015796 -3.2 -0.8
0.000158 -3.12 -0.8
0.00015804 -3.04 -0.96
0.00015808 -2.96 -0.8
0.00015812 -2.88 -0.8
0.00015816 -2.88 -0.88
0.0001582 -2.64 -0.88
0.00015824 -2.64 -0.88
0.00015828 -2.56 -0.8
0.00015832 -2.48 -0.72
0.00015836 -2.32 -0.88
0.0001584 -2.32 -0.8
0.00015844 -2.16 -0.8
0.00015848 -2.16 -0.8
0.00015852 -2 -0.88
0.00015856 -1.92 -0.8
0.0001586 -1.84 -0.8
0.00015864 -1.68 -0.8
0.00015868 -1.68 -0.8
0.00015872 -1.52 -0.88
0.00015876 -1.44 -0.88
0.0001588 -1.36 -0.88
0.00015884 -1.28 -0.72
0.00015888 -1.2 -0.88
0.00015892 -1.04 -0.88
0.00015896 -1.04 -0.8
0.000159 -0.96 -0.88
0.00015904 -0.72 -0.8
0.00015908 -0.72 -0.88
0.00015912 -0.64 -0.88
0.00015916 -0.4 -0.8
0.0001592 -0.4 -0.8
0.00015924 -0.32 -0.8
0.00015928 -0.24 -0.88
0.00015932 -0.16 -0.8
0.00015936 0 -0.8
0.0001594 0.16 -0.8
0.00015944 0.24 -0.8
0.00015948 0.32 -0.8
0.00015952 0.4 -0.8
0.00015956 0.48 -0.8
0.0001596 0.64 -0.8
0.00015964 0.72 -0.8
0.00015968 0.8 -0.8
0.00015972 0.96 -0.8
0.00015976 0.96 -0.8
0.0001598 1.12 -0.72
0.00015984 1.12 -0.72
0.00015988 1.28 -0.72
0.00015992 1.36 -0.72
0.00015996 1.44 -0.8
