0 -3.84 -0.56
1e-07 -3.84 -0.56
2e-07 3.28 -0.48
3e-07 3.2 -0.48
4e-07 3.2 -0.48
5e-07 3.04 -0.56
6e-07 2.96 -0.56
7e-07 2.88 -0.48
8e-07 2.8 -0.48
9e-07 2.64 -0.56
1e-06 2.56 -0.56
1.1e-06 2.56 -0.56
1.2e-06 2.4 -0.48
1.3e-06 2.32 -0.56
1.4e-06 2.16 -0.56
1.5e-06 2 -0.56
1.6e-06 2 -0.56
1.7e-06 1.84 -0.56
1.8e-06 1.76 -0.56
1.9e-06 1.6 -0.56
2e-06 1.6 -0.56
2.1e-06 1.44 -0.56
2.2e-06 1.36 -0.56
2.3e-06 1.28 -0.56
2.4e-06 1.12 -0.56
2.5e-06 1.04 -0.56
2.6e-06 0.96 -0.56
2.7e-06 0.8 -0.64
2.8e-06 0.72 -0.56
2.9e-06 0.64 -0.64
3e-06 0.48 -0.56
3.1e-06 0.4 -0.64
3.2e-06 0.32 -0.56
3.3e-06 0.16 -0.56
3.4e-06 0.08 -0.56
3.5e-06 0 -0.56
3.6e-06 -0.24 -0.56
3.7e-06 -0.32 -0.56
3.8e-06 -0.4 -0.56
3.9e-06 -0.56 -0.56
4e-06 -0.64 -0.56
4.1e-06 -0.72 -0.56
4.2e-06 -0.88 -0.64
4.3e-06 -0.96 -0.56
4.4e-06 -1.2 -0.56
4.5e-06 -1.2 -0.64
4.6e-06 -1.28 -0.64
4.7e-06 -1.36 -0.64
4.8e-06 -1.52 -0.64
4.9e-06 -1.6 -0.64
5e-06 -1.68 -0.64
5.1e-06 -1.84 -0.56
5.2e-06 -1.84 -0.64
5.3e-06 -2 -0.56
5.4e-06 -2 -0.64
5.5e-06 -2.16 -0.56
5.6e-06 -2.32 -0.56
5.7e-06 -2.32 -0.56
5.8e-06 -2.48 -0.56
5.9e-06 -2.64 -0.56
6e-06 -2.64 -0.56
6.1e-06 -2.8 -0.64
6.2e-06 -2.88 -0.48
6.3e-06 -2.96 -0.56
6.4e-06 -3.12 -0.64
6.5e-06 -3.2 -0.56
6.6e-06 -3.2 -0.56
6.7e-06 -3.28 -0.56
6.8e-06 -3.44 -0.56
6.9e-06 -3.6 -0.56
7e-06 -3.6 -0.56
7.1e-06 -3.76 -0.56
7.2e-06 -3.76 -0.48
7.3e-06 -3.84 -0.48
7.4e-06 -3.92 -0.48
7.5e-06 -4.08 -0.56
7.6e-06 -4.08 -0.48
7.7e-06 -4.24 -0.56
7.8e-06 -4.24 -0.48
7.9e-06 -4.4 -0.56
8e-06 -4.4 -0.48
8.1e-06 -4.48 -0.48
8.2e-06 -4.56 -0.48
8.3e-06 -4.72 -0.4
8.4e-06 -4.72 -0.48
8.5e-06 -4.8 -0.4
8.6e-06 -4.88 -0.48
8.7e-06 -4.88 -0.4
8.8e-06 -5.04 -0.48
8.9e-06 -5.04 -0.4
9e-06 -5.12 -0.4
9.1e-06 -5.12 -0.4
9.2e-06 -5.2 -0.4
9.3e-06 -5.2 -0.4
9.4e-06 -5.36 -0.4
9.5e-06 -5.36 -0.4
9.6e-06 -5.44 -0.4
9.7e-06 -5.52 -0.4
9.8e-06 -5.52 -0.4
9.9e-06 -5.6 -0.4
1e-05 -5.68 -0.4
1.01e-05 -5.68 -0.32
1.02e-05 -5.68 -0.4
1.03e-05 -5.76 -0.32
1.04e-05 -5.76 -0.32
1.05e-05 -5.76 -0.4
1.06e-05 -5.84 -0.32
1.07e-05 -5.84 -0.32
1.08e-05 -6 -0.32
1.09e-05 -6 -0.32
1.1e-05 -6 -0.24
1.11e-05 -6 -0.24
1.12e-05 -6.08 -0.24
1.13e-05 -6.08 -0.32
1.14e-05 -6.08 -0.24
1.15e-05 -6.08 -0.24
1.16e-05 -6.08 -0.32
1.17e-05 -6.16 -0.24
1.18e-05 -6.16 -0.24
1.19e-05 -6.16 -0.24
1.2e-05 -6.16 -0.24
1.21e-05 -6.16 -0.16
1.22e-05 -6.16 -0.24
1.23e-05 -6.16 -0.24
1.24e-05 -6.16 -0.16
1.25e-05 -6.16 -0.24
1.26e-05 -6.16 -0.16
1.27e-05 -6.16 -0.16
1.28e-05 -6.16 0
1.29e-05 -6.16 0
1.3e-05 -6.16 -0.16
1.31e-05 -6.08 -0.16
1.32e-05 -6.16 -0.16
1.33e-05 -6.16 0
1.34e-05 -6.08 0
1.35e-05 -6.08 0
1.36e-05 -6.08 0
1.37e-05 -6.08 0
1.38e-05 -6 0
1.39e-05 -6 0
1.4e-05 -6 0.08
1.41e-05 -5.92 0
1.42e-05 -5.84 0.08
1.43e-05 -5.84 0.08
1.44e-05 -5.84 0.08
1.45e-05 -5.76 0.08
1.46e-05 -5.68 0.08
1.47e-05 -5.68 0.08
1.48e-05 -5.68 0
1.49e-05 -5.6 0.16
1.5e-05 -5.52 0.08
1.51e-05 -5.52 0.16
1.52e-05 -5.52 0.08
1.53e-05 -5.44 0.08
1.54e-05 -5.36 0.16
1.55e-05 -5.36 0.16
1.56e-05 -5.2 0.16
1.57e-05 -5.2 0.16
1.58e-05 -5.12 0.16
1.59e-05 -5.12 0.16
1.6e-05 -5.04 0.16
1.61e-05 -4.88 0.24
1.62e-05 -4.88 0.16
1.63e-05 -4.88 0.16
1.64e-05 -4.8 0.24
1.65e-05 -4.72 0.24
1.66e-05 -4.56 0.16
1.67e-05 -4.56 0.24
1.68e-05 -4.48 0.24
1.69e-05 -4.4 0.24
1.7e-05 -4.32 0.24
1.71e-05 -4.16 0.24
1.72e-05 -4.16 0.32
1.73e-05 -4.08 0.32
1.74e-05 -4.08 0.32
1.75e-05 -3.92 0.32
1.76e-05 -3.84 0.32
1.77e-05 -3.76 0.4
1.78e-05 -3.68 0.32
1.79e-05 -3.6 0.32
1.8e-05 -3.44 0.32
1.81e-05 -3.36 0.32
1.82e-05 -3.28 0.32
1.83e-05 -3.2 0.4
1.84e-05 -3.12 0.32
1.85e-05 -2.96 0.32
1.86e-05 -2.96 0.32
1.87e-05 -2.8 0.32
1.88e-05 -2.8 0.4
1.89e-05 -2.64 0.32
1.9e-05 -2.56 0.4
1.91e-05 -2.48 0.32
1.92e-05 -2.32 0.4
1.93e-05 -2.24 0.4
1.94e-05 -2.16 0.32
1.95e-05 -2 0.4
1.96e-05 -2 0.32
1.97e-05 -1.84 0.4
1.98e-05 -1.76 0.4
1.99e-05 -1.68 0.4
2e-05 -1.52 0.4
2.01e-05 -1.44 0.4
2.02e-05 -1.36 0.4
2.03e-05 -1.2 0.4
2.04e-05 -1.12 0.48
2.05e-05 -1.04 0.4
2.06e-05 -0.88 0.4
2.07e-05 -0.8 0.4
2.08e-05 -0.72 0.4
2.09e-05 -0.56 0.48
2.1e-05 -0.48 0.4
2.11e-05 -0.4 0.4
2.12e-05 -0.32 0.4
2.13e-05 -0.16 0.48
2.14e-05 0.08 0.4
2.15e-05 0.16 0.4
2.16e-05 0.32 0.4
2.17e-05 0.32 0.4
2.18e-05 0.4 0.4
2.19e-05 0.56 0.4
2.2e-05 0.64 0.4
2.21e-05 0.72 0.4
2.22e-05 0.88 0.4
2.23e-05 1.04 0.4
2.24e-05 1.12 0.4
2.25e-05 1.2 0.4
2.26e-05 1.28 0.4
2.27e-05 1.44 0.4
2.28e-05 1.52 0.4
2.29e-05 1.6 0.48
2.3e-05 1.76 0.48
2.31e-05 1.76 0.4
2.32e-05 1.92 0.4
2.33e-05 2 0.48
2.34e-05 2.08 0.4
2.35e-05 2.24 0.4
2.36e-05 2.32 0.4
2.37e-05 2.4 0.4
2.38e-05 2.56 0.48
2.39e-05 2.56 0.4
2.4e-05 2.72 0.4
2.41e-05 2.88 0.4
2.42e-05 2.88 0.4
2.43e-05 3.04 0.4
2.44e-05 3.04 0.4
2.45e-05 3.28 0.4
2.46e-05 3.28 0.4
2.47e-05 3.36 0.4
2.48e-05 3.52 0.4
2.49e-05 3.52 0.4
2.5e-05 3.6 0.32
2.51e-05 3.68 0.4
2.52e-05 3.84 0.4
2.53e-05 3.84 0.32
2.54e-05 3.92 0.4
2.55e-05 4.08 0.4
2.56e-05 4.16 0.32
2.57e-05 4.24 0.4
2.58e-05 4.24 0.32
2.59e-05 4.32 0.32
2.6e-05 4.4 0.32
2.61e-05 4.48 0.32
2.62e-05 4.56 0.24
2.63e-05 4.64 0.32
2.64e-05 4.8 0.32
2.65e-05 4.8 0.32
2.66e-05 4.88 0.32
2.67e-05 4.88 0.24
2.68e-05 4.96 0.32
2.69e-05 5.04 0.24
2.7e-05 5.12 0.24
2.71e-05 5.2 0.24
2.72e-05 5.2 0.24
2.73e-05 5.2 0.24
2.74e-05 5.28 0.24
2.75e-05 5.36 0.24
2.76e-05 5.44 0.24
2.77e-05 5.44 0.32
2.78e-05 5.44 0.16
2.79e-05 5.52 0.16
2.8e-05 5.6 0.24
2.81e-05 5.6 0.16
2.82e-05 5.6 0.24
2.83e-05 5.76 0.16
2.84e-05 5.76 0.16
2.85e-05 5.76 0.16
2.86e-05 5.76 0.08
2.87e-05 5.84 0.08
2.88e-05 5.84 0.16
2.89e-05 5.92 0.08
2.9e-05 5.92 0.08
2.91e-05 5.92 0.08
2.92e-05 5.92 0
2.93e-05 5.92 0.16
2.94e-05 5.92 0
2.95e-05 6 0.08
2.96e-05 6.08 0
2.97e-05 6.08 0
2.98e-05 6.08 0.08
2.99e-05 6.08 0
3e-05 6.08 0.08
3.01e-05 6 0
3.02e-05 6.08 0
3.03e-05 6.08 0
3.04e-05 6.08 0
3.05e-05 6.08 0
3.06e-05 6.08 0
3.07e-05 6.08 0
3.08e-05 6.08 -0.24
3.09e-05 6.08 -0.16
3.1e-05 6.08 0
3.11e-05 6.08 -0.16
3.12e-05 6.08 -0.16
3.13e-05 5.92 0
3.14e-05 6 -0.16
3.15e-05 5.92 -0.24
3.16e-05 5.92 0
3.17e-05 5.92 -0.24
3.18e-05 5.84 -0.16
3.19e-05 5.76 -0.16
3.2e-05 5.76 -0.16
3.21e-05 5.84 -0.16
3.22e-05 5.76 -0.24
3.23e-05 5.76 -0.24
3.24e-05 5.6 -0.24
3.25e-05 5.6 -0.16
3.26e-05 5.52 -0.32
3.27e-05 5.52 -0.24
3.28e-05 5.52 -0.32
3.29e-05 5.44 -0.24
3.3e-05 5.36 -0.32
3.31e-05 5.28 -0.24
3.32e-05 5.28 -0.24
3.33e-05 5.2 -0.32
3.34e-05 5.12 -0.32
3.35e-05 5.12 -0.32
3.36e-05 5.12 -0.32
3.37e-05 5.04 -0.32
3.38e-05 4.96 -0.32
3.39e-05 4.88 -0.32
3.4e-05 4.88 -0.4
3.41e-05 4.8 -0.32
3.42e-05 4.64 -0.4
3.43e-05 4.64 -0.4
3.44e-05 4.48 -0.4
3.45e-05 4.48 -0.4
3.46e-05 4.48 -0.4
3.47e-05 4.24 -0.4
3.48e-05 4.24 -0.4
3.49e-05 4.16 -0.48
3.5e-05 4.16 -0.4
3.51e-05 4 -0.4
3.52e-05 3.92 -0.4
3.53e-05 3.84 -0.4
3.54e-05 3.76 -0.48
3.55e-05 3.68 -0.4
3.56e-05 3.68 -0.4
3.57e-05 3.52 -0.4
3.58e-05 3.52 -0.48
3.59e-05 3.28 -0.48
3.6e-05 3.2 -0.48
3.61e-05 3.2 -0.56
3.62e-05 3.04 -0.48
3.63e-05 2.96 -0.56
3.64e-05 2.88 -0.56
3.65e-05 2.88 -0.48
3.66e-05 2.72 -0.4
3.67e-05 2.56 -0.56
3.68e-05 2.48 -0.56
3.69e-05 2.4 -0.56
3.7e-05 2.32 -0.56
3.71e-05 2.24 -0.48
3.72e-05 2.08 -0.56
3.73e-05 2 -0.56
3.74e-05 1.92 -0.56
3.75e-05 1.76 -0.56
3.76e-05 1.68 -0.56
3.77e-05 1.6 -0.64
3.78e-05 1.44 -0.56
3.79e-05 1.36 -0.64
3.8e-05 1.28 -0.56
3.81e-05 1.12 -0.64
3.82e-05 1.04 -0.56
3.83e-05 0.96 -0.64
3.84e-05 0.8 -0.56
3.85e-05 0.72 -0.56
3.86e-05 0.64 -0.56
3.87e-05 0.56 -0.56
3.88e-05 0.4 -0.64
3.89e-05 0.32 -0.56
3.9e-05 0.24 -0.56
3.91e-05 0.08 -0.56
3.92e-05 0 -0.64
3.93e-05 -0.24 -0.56
3.94e-05 -0.32 -0.56
3.95e-05 -0.4 -0.64
3.96e-05 -0.56 -0.56
3.97e-05 -0.56 -0.64
3.98e-05 -0.72 -0.64
3.99e-05 -0.88 -0.64
4e-05 -0.96 -0.56
4.01e-05 -1.04 -0.56
4.02e-05 -1.12 -0.64
4.03e-05 -1.2 -0.56
4.04e-05 -1.36 -0.64
4.05e-05 -1.44 -0.56
4.06e-05 -1.6 -0.56
4.07e-05 -1.68 -0.56
4.08e-05 -1.76 -0.64
4.09e-05 -1.92 -0.64
4.1e-05 -2 -0.56
4.11e-05 -2.08 -0.64
4.12e-05 -2.16 -0.64
4.13e-05 -2.32 -0.56
4.14e-05 -2.32 -0.56
4.15e-05 -2.56 -0.64
4.16e-05 -2.56 -0.56
4.17e-05 -2.64 -0.56
4.18e-05 -2.8 -0.56
4.19e-05 -2.88 -0.48
4.2e-05 -2.96 -0.56
4.21e-05 -2.96 -0.56
4.22e-05 -3.12 -0.56
4.23e-05 -3.28 -0.56
4.24e-05 -3.28 -0.56
4.25e-05 -3.44 -0.56
4.26e-05 -3.52 -0.56
4.27e-05 -3.6 -0.56
4.28e-05 -3.68 -0.56
4.29e-05 -3.76 -0.64
4.3e-05 -3.84 -0.48
4.31e-05 -3.92 -0.48
4.32e-05 -4.08 -0.56
4.33e-05 -4.08 -0.56
4.34e-05 -4.24 -0.56
4.35e-05 -4.24 -0.48
4.36e-05 -4.4 -0.56
4.37e-05 -4.48 -0.4
4.38e-05 -4.48 -0.48
4.39e-05 -4.56 -0.48
4.4e-05 -4.64 -0.4
4.41e-05 -4.72 -0.4
4.42e-05 -4.8 -0.4
4.43e-05 -4.88 -0.48
4.44e-05 -4.88 -0.4
4.45e-05 -4.96 -0.48
4.46e-05 -5.12 -0.4
4.47e-05 -5.12 -0.4
4.48e-05 -5.12 -0.4
4.49e-05 -5.2 -0.4
4.5e-05 -5.2 -0.4
4.51e-05 -5.36 -0.4
4.52e-05 -5.36 -0.4
4.53e-05 -5.44 -0.4
4.54e-05 -5.52 -0.48
4.55e-05 -5.52 -0.32
4.56e-05 -5.52 -0.4
4.57e-05 -5.68 -0.4
4.58e-05 -5.68 -0.32
4.59e-05 -5.68 -0.32
4.6e-05 -5.76 -0.32
4.61e-05 -5.76 -0.32
4.62e-05 -5.84 -0.32
4.63e-05 -5.84 -0.32
4.64e-05 -5.84 -0.32
4.65e-05 -5.92 -0.32
4.66e-05 -6 -0.32
4.67e-05 -6 -0.24
4.68e-05 -6 -0.24
4.69e-05 -6.08 -0.24
4.7e-05 -6.08 -0.24
4.71e-05 -6.08 -0.24
4.72e-05 -6.08 -0.24
4.73e-05 -6.08 -0.24
4.74e-05 -6.16 -0.24
4.75e-05 -6.16 -0.24
4.76e-05 -6.16 -0.16
4.77e-05 -6.16 -0.24
4.78e-05 -6.16 -0.16
4.79e-05 -6.16 -0.24
4.8e-05 -6.16 -0.16
4.81e-05 -6.16 -0.24
4.82e-05 -6.16 -0.24
4.83e-05 -6.16 -0.16
4.84e-05 -6.16 -0.16
4.85e-05 -6.16 -0.16
4.86e-05 -6.16 -0.16
4.87e-05 -6.16 0
4.88e-05 -6.16 0
4.89e-05 -6.16 -0.16
4.9e-05 -6.16 0
4.91e-05 -6.08 0
4.92e-05 -6.08 0
4.93e-05 -6.08 0
4.94e-05 -6.08 0
4.95e-05 -6 0
4.96e-05 -6 0.08
4.97e-05 -5.92 0
4.98e-05 -5.92 0
4.99e-05 -5.92 0.08
5e-05 -5.84 0.08
5.01e-05 -5.84 0.08
5.02e-05 -5.84 0.08
5.03e-05 -5.76 0.08
5.04e-05 -5.68 0
5.05e-05 -5.68 0
5.06e-05 -5.68 0.08
5.07e-05 -5.52 0.08
5.08e-05 -5.52 0.16
5.09e-05 -5.44 0
5.1e-05 -5.44 0.16
5.11e-05 -5.36 0.16
5.12e-05 -5.36 0.08
5.13e-05 -5.2 0.16
5.14e-05 -5.2 0.16
5.15e-05 -5.12 0.16
5.16e-05 -5.12 0.16
5.17e-05 -5.04 0.16
5.18e-05 -4.96 0.16
5.19e-05 -4.88 0.16
5.2e-05 -4.88 0.16
5.21e-05 -4.8 0.16
5.22e-05 -4.72 0.24
5.23e-05 -4.56 0.24
5.24e-05 -4.56 0.32
5.25e-05 -4.56 0.24
5.26e-05 -4.4 0.24
5.27e-05 -4.32 0.32
5.28e-05 -4.24 0.32
5.29e-05 -4.16 0.32
5.3e-05 -4.08 0.32
5.31e-05 -4 0.32
5.32e-05 -3.92 0.32
5.33e-05 -3.84 0.32
5.34e-05 -3.76 0.24
5.35e-05 -3.68 0.32
5.36e-05 -3.6 0.32
5.37e-05 -3.52 0.32
5.38e-05 -3.44 0.32
5.39e-05 -3.28 0.32
5.4e-05 -3.28 0.4
5.41e-05 -3.12 0.32
5.42e-05 -3.04 0.4
5.43e-05 -2.96 0.32
5.44e-05 -2.88 0.32
5.45e-05 -2.72 0.4
5.46e-05 -2.64 0.4
5.47e-05 -2.56 0.4
5.48e-05 -2.48 0.4
5.49e-05 -2.32 0.4
5.5e-05 -2.24 0.32
5.51e-05 -2.16 0.4
5.52e-05 -2 0.32
5.53e-05 -1.92 0.32
5.54e-05 -1.84 0.4
5.55e-05 -1.76 0.4
5.56e-05 -1.68 0.4
5.57e-05 -1.52 0.4
5.58e-05 -1.36 0.4
5.59e-05 -1.36 0.4
5.6e-05 -1.28 0.4
5.61e-05 -1.12 0.4
5.62e-05 -1.04 0.4
5.63e-05 -0.88 0.48
5.64e-05 -0.8 0.32
5.65e-05 -0.72 0.48
5.66e-05 -0.56 0.4
5.67e-05 -0.4 0.48
5.68e-05 -0.32 0.48
5.69e-05 -0.24 0.4
5.7e-05 -0.16 0.4
5.71e-05 0 0.4
5.72e-05 0.08 0.48
5.73e-05 0.32 0.4
5.74e-05 0.32 0.4
5.75e-05 0.4 0.4
5.76e-05 0.48 0.4
5.77e-05 0.64 0.4
5.78e-05 0.72 0.4
5.79e-05 0.96 0.48
5.8e-05 0.96 0.4
5.81e-05 1.04 0.4
5.82e-05 1.12 0.4
5.83e-05 1.28 0.48
5.84e-05 1.36 0.4
5.85e-05 1.44 0.4
5.86e-05 1.6 0.4
5.87e-05 1.68 0.4
5.88e-05 1.76 0.4
5.89e-05 1.92 0.4
5.9e-05 2 0.4
5.91e-05 2.08 0.4
5.92e-05 2.24 0.4
5.93e-05 2.32 0.4
5.94e-05 2.4 0.4
5.95e-05 2.56 0.4
5.96e-05 2.56 0.32
5.97e-05 2.72 0.4
5.98e-05 2.88 0.4
5.99e-05 2.88 0.4
6e-05 2.96 0.4
6.01e-05 3.04 0.4
6.02e-05 3.2 0.4
6.03e-05 3.28 0.4
6.04e-05 3.36 0.4
6.05e-05 3.52 0.32
6.06e-05 3.52 0.4
6.07e-05 3.6 0.32
6.08e-05 3.68 0.32
6.09e-05 3.84 0.4
6.1e-05 3.84 0.32
6.11e-05 4 0.4
6.12e-05 4 0.32
6.13e-05 4.16 0.4
6.14e-05 4.16 0.32
6.15e-05 4.24 0.32
6.16e-05 4.32 0.4
6.17e-05 4.4 0.32
6.18e-05 4.48 0.4
6.19e-05 4.56 0.32
6.2e-05 4.64 0.32
6.21e-05 4.64 0.32
6.22e-05 4.8 0.32
6.23e-05 4.8 0.32
6.24e-05 4.88 0.24
6.25e-05 4.96 0.32
6.26e-05 5.04 0.24
6.27e-05 5.12 0.24
6.28e-05 5.12 0.24
6.29e-05 5.2 0.32
6.3e-05 5.28 0.16
6.31e-05 5.28 0.24
6.32e-05 5.28 0.24
6.33e-05 5.44 0.32
6.34e-05 5.44 0.24
6.35e-05 5.52 0.24
6.36e-05 5.52 0.16
6.37e-05 5.52 0.16
6.38e-05 5.6 0.24
6.39e-05 5.6 0.16
6.4e-05 5.76 0.16
6.41e-05 5.76 0.08
6.42e-05 5.76 0.08
6.43e-05 5.84 0.24
6.44e-05 5.76 0.16
6.45e-05 5.84 0.08
6.46e-05 5.92 0.08
6.47e-05 5.92 0.08
6.48e-05 5.92 0.08
6.49e-05 5.92 0.08
6.5e-05 5.92 0.08
6.51e-05 6 0.08
6.52e-05 6 0.08
6.53e-05 6 0.08
6.54e-05 6.08 0.08
6.55e-05 6.08 0.08
6.56e-05 6.08 0
6.57e-05 6.08 0
6.58e-05 6.08 0
6.59e-05 6.08 0
6.6e-05 6.08 0
6.61e-05 6.08 0.08
6.62e-05 6.08 0
6.63e-05 6.08 0
6.64e-05 6.08 0
6.65e-05 6.08 0
6.66e-05 6 0
6.67e-05 5.92 -0.16
6.68e-05 6 0
6.69e-05 6 -0.16
6.7e-05 5.92 0
6.71e-05 5.92 -0.16
6.72e-05 5.92 -0.16
6.73e-05 5.92 -0.16
6.74e-05 5.84 -0.24
6.75e-05 5.92 -0.16
6.76e-05 5.84 -0.24
6.77e-05 5.84 -0.16
6.78e-05 5.76 -0.16
6.79e-05 5.76 -0.24
6.8e-05 5.76 -0.24
6.81e-05 5.6 -0.24
6.82e-05 5.6 -0.24
6.83e-05 5.6 -0.32
6.84e-05 5.52 -0.16
6.85e-05 5.52 -0.32
6.86e-05 5.44 -0.24
6.87e-05 5.44 -0.24
6.88e-05 5.28 -0.24
6.89e-05 5.28 -0.24
6.9e-05 5.2 -0.32
6.91e-05 5.2 -0.32
6.92e-05 5.2 -0.32
6.93e-05 5.04 -0.32
6.94e-05 5.04 -0.32
6.95e-05 4.96 -0.32
6.96e-05 4.88 -0.4
6.97e-05 4.8 -0.4
6.98e-05 4.8 -0.32
6.99e-05 4.72 -0.4
7e-05 4.64 -0.32
7.01e-05 4.56 -0.4
7.02e-05 4.48 -0.4
7.03e-05 4.48 -0.32
7.04e-05 4.32 -0.4
7.05e-05 4.24 -0.4
7.06e-05 4.16 -0.4
7.07e-05 4.08 -0.4
7.08e-05 4 -0.48
7.09e-05 4 -0.32
7.1e-05 3.84 -0.4
7.11e-05 3.84 -0.48
7.12e-05 3.68 -0.48
7.13e-05 3.6 -0.56
7.14e-05 3.52 -0.48
7.15e-05 3.44 -0.48
7.16e-05 3.36 -0.48
7.17e-05 3.28 -0.56
7.18e-05 3.2 -0.48
7.19e-05 3.04 -0.48
7.2e-05 2.96 -0.48
7.21e-05 2.88 -0.4
7.22e-05 2.88 -0.48
7.23e-05 2.72 -0.56
7.24e-05 2.64 -0.56
7.25e-05 2.56 -0.48
7.26e-05 2.4 -0.56
7.27e-05 2.32 -0.56
7.28e-05 2.24 -0.56
7.29e-05 2.08 -0.56
7.3e-05 2 -0.56
7.31e-05 1.92 -0.56
7.32e-05 1.76 -0.56
7.33e-05 1.68 -0.56
7.34e-05 1.6 -0.56
7.35e-05 1.44 -0.56
7.36e-05 1.36 -0.64
7.37e-05 1.28 -0.56
7.38e-05 1.12 -0.56
7.39e-05 1.12 -0.56
7.4e-05 0.96 -0.64
7.41e-05 0.8 -0.56
7.42e-05 0.72 -0.64
7.43e-05 0.64 -0.56
7.44e-05 0.48 -0.64
7.45e-05 0.4 -0.64
7.46e-05 0.32 -0.56
7.47e-05 0.32 -0.64
7.48e-05 0.08 -0.56
7.49e-05 0 -0.64
7.5e-05 -0.16 -0.56
7.51e-05 -0.32 -0.64
7.52e-05 -0.32 -0.56
7.53e-05 -0.48 -0.56
7.54e-05 -0.64 -0.56
7.55e-05 -0.72 -0.56
7.56e-05 -0.88 -0.64
7.57e-05 -0.96 -0.56
7.58e-05 -1.04 -0.64
7.59e-05 -1.12 -0.56
7.6e-05 -1.2 -0.64
7.61e-05 -1.36 -0.64
7.62e-05 -1.52 -0.64
7.63e-05 -1.6 -0.64
7.64e-05 -1.6 -0.64
7.65e-05 -1.68 -0.56
7.66e-05 -1.92 -0.56
7.67e-05 -1.92 -0.64
7.68e-05 -2 -0.64
7.69e-05 -2.16 -0.56
7.7e-05 -2.24 -0.56
7.71e-05 -2.32 -0.56
7.72e-05 -2.48 -0.56
7.73e-05 -2.56 -0.56
7.74e-05 -2.64 -0.56
7.75e-05 -2.64 -0.56
7.76e-05 -2.8 -0.56
7.77e-05 -2.96 -0.56
7.78e-05 -3.04 -0.56
7.79e-05 -3.12 -0.56
7.8e-05 -3.2 -0.48
7.81e-05 -3.44 -0.56
7.82e-05 -3.44 -0.56
7.83e-05 -3.52 -0.56
7.84e-05 -3.6 -0.56
7.85e-05 -3.68 -0.56
7.86e-05 -3.76 -0.56
7.87e-05 -3.84 -0.48
7.88e-05 -3.92 -0.56
7.89e-05 -4.08 -0.48
7.9e-05 -4.08 -0.48
7.91e-05 -4.16 -0.48
7.92e-05 -4.24 -0.48
7.93e-05 -4.32 -0.56
7.94e-05 -4.4 -0.48
7.95e-05 -4.48 -0.48
7.96e-05 -4.56 -0.48
7.97e-05 -4.64 -0.48
7.98e-05 -4.72 -0.48
7.99e-05 -4.8 -0.48
8e-05 -4.88 -0.48
8.01e-05 -4.88 -0.4
8.02e-05 -4.88 -0.4
8.03e-05 -5.04 -0.4
8.04e-05 -5.12 -0.48
8.05e-05 -5.12 -0.4
8.06e-05 -5.2 -0.4
8.07e-05 -5.28 -0.4
8.08e-05 -5.28 -0.4
8.09e-05 -5.36 -0.4
8.1e-05 -5.44 -0.4
8.11e-05 -5.44 -0.4
8.12e-05 -5.52 -0.4
8.13e-05 -5.52 -0.4
8.14e-05 -5.68 -0.32
8.15e-05 -5.68 -0.4
8.16e-05 -5.76 -0.4
8.17e-05 -5.76 -0.32
8.18e-05 -5.76 -0.4
8.19e-05 -5.84 -0.32
8.2e-05 -5.84 -0.32
8.21e-05 -5.84 -0.32
8.22e-05 -6 -0.32
8.23e-05 -6 -0.32
8.24e-05 -6 -0.32
8.25e-05 -6 -0.24
8.26e-05 -6 -0.24
8.27e-05 -6.08 -0.32
8.28e-05 -6.08 -0.24
8.29e-05 -6.16 -0.32
8.3e-05 -6.16 -0.16
8.31e-05 -6.16 -0.24
8.32e-05 -6.16 -0.24
8.33e-05 -6.16 -0.16
8.34e-05 -6.16 -0.24
8.35e-05 -6.16 -0.16
8.36e-05 -6.16 -0.16
8.37e-05 -6.16 -0.24
8.38e-05 -6.16 -0.16
8.39e-05 -6.16 -0.16
8.4e-05 -6.16 -0.16
8.41e-05 -6.16 -0.16
8.42e-05 -6.16 0
8.43e-05 -6.16 -0.16
8.44e-05 -6.16 0
8.45e-05 -6.16 0
8.46e-05 -6.16 0
8.47e-05 -6.08 0
8.48e-05 -6.16 0
8.49e-05 -6.08 0
8.5e-05 -6.08 -0.16
8.51e-05 -6 0.08
8.52e-05 -6 0
8.53e-05 -6 0
8.54e-05 -6 0
8.55e-05 -5.92 0
8.56e-05 -5.84 0.08
8.57e-05 -5.84 0
8.58e-05 -5.84 0.08
8.59e-05 -5.76 0
8.6e-05 -5.76 0.08
8.61e-05 -5.68 0.08
8.62e-05 -5.68 0.08
8.63e-05 -5.6 0.08
8.64e-05 -5.6 0.08
8.65e-05 -5.52 0.08
8.66e-05 -5.52 0.08
8.67e-05 -5.44 0.16
8.68e-05 -5.44 0.16
8.69e-05 -5.36 0.16
8.7e-05 -5.2 0.08
8.71e-05 -5.2 0.08
8.72e-05 -5.12 0.16
8.73e-05 -5.04 0.16
8.74e-05 -5.04 0.24
8.75e-05 -4.96 0.16
8.76e-05 -4.88 0.24
8.77e-05 -4.8 0.16
8.78e-05 -4.8 0.24
8.79e-05 -4.72 0.24
8.8e-05 -4.72 0.24
8.81e-05 -4.56 0.24
8.82e-05 -4.48 0.24
8.83e-05 -4.4 0.24
8.84e-05 -4.4 0.24
8.85e-05 -4.24 0.32
8.86e-05 -4.16 0.24
8.87e-05 -4.16 0.24
8.88e-05 -4.08 0.32
8.89e-05 -3.92 0.24
8.9e-05 -3.84 0.32
8.91e-05 -3.76 0.32
8.92e-05 -3.68 0.32
8.93e-05 -3.6 0.32
8.94e-05 -3.52 0.24
8.95e-05 -3.44 0.32
8.96e-05 -3.36 0.32
8.97e-05 -3.28 0.4
8.98e-05 -3.2 0.32
8.99e-05 -2.96 0.4
9e-05 -2.96 0.32
9.01e-05 -2.88 0.4
9.02e-05 -2.8 0.32
9.03e-05 -2.64 0.32
9.04e-05 -2.56 0.32
9.05e-05 -2.48 0.32
9.06e-05 -2.32 0.4
9.07e-05 -2.32 0.4
9.08e-05 -2.16 0.4
9.09e-05 -2.08 0.32
9.1e-05 -2 0.4
9.11e-05 -1.84 0.4
9.12e-05 -1.76 0.4
9.13e-05 -1.6 0.4
9.14e-05 -1.52 0.4
9.15e-05 -1.44 0.4
9.16e-05 -1.36 0.4
9.17e-05 -1.28 0.4
9.18e-05 -1.12 0.4
9.19e-05 -1.04 0.4
9.2e-05 -0.96 0.4
9.21e-05 -0.88 0.32
9.22e-05 -0.72 0.48
9.23e-05 -0.64 0.4
9.24e-05 -0.56 0.4
9.25e-05 -0.4 0.4
9.26e-05 -0.32 0.48
9.27e-05 -0.16 0.4
9.28e-05 0 0.4
9.29e-05 0.08 0.4
9.3e-05 0.16 0.4
9.31e-05 0.32 0.48
9.32e-05 0.4 0.4
9.33e-05 0.48 0.48
9.34e-05 0.64 0.4
9.35e-05 0.72 0.4
9.36e-05 0.88 0.4
9.37e-05 0.96 0.4
9.38e-05 1.12 0.4
9.39e-05 1.12 0.4
9.4e-05 1.28 0.4
9.41e-05 1.36 0.4
9.42e-05 1.44 0.4
9.43e-05 1.6 0.4
9.44e-05 1.68 0.4
9.45e-05 1.76 0.4
9.46e-05 1.92 0.4
9.47e-05 2 0.48
9.48e-05 2.08 0.4
9.49e-05 2.24 0.4
9.5e-05 2.32 0.4
9.51e-05 2.4 0.4
9.52e-05 2.56 0.4
9.53e-05 2.56 0.4
9.54e-05 2.64 0.4
9.55e-05 2.72 0.4
9.56e-05 2.88 0.4
9.57e-05 2.96 0.4
9.58e-05 3.04 0.4
9.59e-05 3.2 0.32
9.6e-05 3.28 0.4
9.61e-05 3.36 0.4
9.62e-05 3.52 0.32
9.63e-05 3.52 0.4
9.64e-05 3.52 0.4
9.65e-05 3.68 0.4
9.66e-05 3.84 0.4
9.67e-05 3.84 0.32
9.68e-05 3.92 0.4
9.69e-05 4 0.32
9.7e-05 4.08 0.4
9.71e-05 4.24 0.32
9.72e-05 4.24 0.4
9.73e-05 4.32 0.4
9.74e-05 4.48 0.32
9.75e-05 4.48 0.32
9.76e-05 4.56 0.32
9.77e-05 4.64 0.32
9.78e-05 4.64 0.32
9.79e-05 4.8 0.32
9.8e-05 4.8 0.32
9.81e-05 4.88 0.32
9.82e-05 4.96 0.32
9.83e-05 4.96 0.32
9.84e-05 5.12 0.24
9.85e-05 5.12 0.24
9.86e-05 5.2 0.24
9.87e-05 5.2 0.16
9.88e-05 5.28 0.24
9.89e-05 5.28 0.24
9.9e-05 5.44 0.16
9.91e-05 5.44 0.16
9.92e-05 5.44 0.16
9.93e-05 5.52 0.24
9.94e-05 5.52 0.16
9.95e-05 5.6 0.16
9.96e-05 5.6 0.16
9.97e-05 5.68 0.16
9.98e-05 5.76 0.16
9.99e-05 5.76 0.16
0.0001 5.84 0.16
0.0001001 5.76 0.16
0.0001002 5.84 0.16
0.0001003 5.92 0.08
0.0001004 5.92 0.16
0.0001005 5.92 0.08
0.0001006 6 0.16
0.0001007 5.92 0.08
0.0001008 6 0
0.0001009 6.08 0.08
0.000101 6.08 0
0.0001011 6.08 0.08
0.0001012 6.08 0
0.0001013 6.08 0
0.0001014 6.08 0
0.0001015 6.08 0.08
0.0001016 6.08 0
0.0001017 6.08 0
0.0001018 6.08 0
0.0001019 6.08 0
0.000102 6.08 0
0.0001021 6.08 0
0.0001022 6.08 0
0.0001023 6.08 0
0.0001024 6.08 -0.16
0.0001025 6 0
0.0001026 6 -0.16
0.0001027 6 0
0.0001028 5.92 -0.16
0.0001029 5.92 -0.16
0.000103 5.92 -0.16
0.0001031 5.92 -0.24
0.0001032 5.84 -0.16
0.0001033 5.84 -0.24
0.0001034 5.76 -0.16
0.0001035 5.76 -0.24
0.0001036 5.76 -0.24
0.0001037 5.68 -0.16
0.0001038 5.68 -0.16
0.0001039 5.6 -0.24
0.000104 5.6 -0.24
0.0001041 5.52 -0.24
0.0001042 5.52 -0.32
0.0001043 5.44 -0.24
0.0001044 5.44 -0.32
0.0001045 5.36 -0.24
0.0001046 5.36 -0.32
0.0001047 5.2 -0.32
0.0001048 5.12 -0.32
0.0001049 5.12 -0.32
0.000105 5.12 -0.24
0.0001051 5.12 -0.32
0.0001052 4.96 -0.32
0.0001053 4.88 -0.32
0.0001054 4.88 -0.32
0.0001055 4.8 -0.32
0.0001056 4.72 -0.4
0.0001057 4.64 -0.4
0.0001058 4.56 -0.4
0.0001059 4.48 -0.4
0.000106 4.48 -0.4
0.0001061 4.32 -0.4
0.0001062 4.32 -0.4
0.0001063 4.16 -0.4
0.0001064 4.16 -0.4
0.0001065 4 -0.4
0.0001066 4 -0.4
0.0001067 3.84 -0.48
0.0001068 3.84 -0.4
0.0001069 3.76 -0.4
0.000107 3.6 -0.4
0.0001071 3.52 -0.48
0.0001072 3.52 -0.4
0.0001073 3.36 -0.48
0.0001074 3.28 -0.48
0.0001075 3.2 -0.48
0.0001076 3.12 -0.56
0.0001077 3.04 -0.48
0.0001078 2.96 -0.48
0.0001079 2.8 -0.56
0.000108 2.72 -0.56
0.0001081 2.56 -0.56
0.0001082 2.56 -0.56
0.0001083 2.4 -0.56
0.0001084 2.32 -0.56
0.0001085 2.24 -0.56
0.0001086 2.08 -0.56
0.0001087 2 -0.56
0.0001088 1.92 -0.56
0.0001089 1.84 -0.48
0.000109 1.68 -0.56
0.0001091 1.6 -0.48
0.0001092 1.52 -0.64
0.0001093 1.44 -0.48
0.0001094 1.28 -0.56
0.0001095 1.2 -0.56
0.0001096 1.04 -0.64
0.0001097 1.04 -0.64
0.0001098 0.88 -0.56
0.0001099 0.8 -0.56
0.00011 0.72 -0.56
0.0001101 0.56 -0.64
0.0001102 0.48 -0.56
0.0001103 0.32 -0.56
0.0001104 0.24 -0.56
0.0001105 0.08 -0.56
0.0001106 0.08 -0.64
0.0001107 0 -0.56
0.0001108 -0.24 -0.56
0.0001109 -0.4 -0.64
0.000111 -0.56 -0.56
0.0001111 -0.56 -0.64
0.0001112 -0.72 -0.64
0.0001113 -0.72 -0.64
0.0001114 -0.96 -0.56
0.0001115 -1.04 -0.56
0.0001116 -1.04 -0.56
0.0001117 -1.2 -0.64
0.0001118 -1.28 -0.56
0.0001119 -1.44 -0.56
0.000112 -1.52 -0.56
0.0001121 -1.68 -0.56
0.0001122 -1.68 -0.64
0.0001123 -1.84 -0.56
0.0001124 -1.92 -0.64
0.0001125 -2.08 -0.56
0.0001126 -2.16 -0.64
0.0001127 -2.32 -0.64
0.0001128 -2.32 -0.56
0.0001129 -2.48 -0.56
0.000113 -2.56 -0.56
0.0001131 -2.64 -0.64
0.0001132 -2.8 -0.64
0.0001133 -2.88 -0.56
0.0001134 -2.96 -0.56
0.0001135 -3.04 -0.56
0.0001136 -3.12 -0.56
0.0001137 -3.2 -0.56
0.0001138 -3.28 -0.56
0.0001139 -3.44 -0.48
0.000114 -3.44 -0.56
0.0001141 -3.6 -0.48
0.0001142 -3.6 -0.56
0.0001143 -3.76 -0.56
0.0001144 -3.84 -0.48
0.0001145 -3.92 -0.56
0.0001146 -4 -0.48
0.0001147 -4.08 -0.56
0.0001148 -4.16 -0.56
0.0001149 -4.24 -0.56
0.000115 -4.24 -0.56
0.0001151 -4.4 -0.56
0.0001152 -4.48 -0.48
0.0001153 -4.56 -0.48
0.0001154 -4.56 -0.56
0.0001155 -4.72 -0.4
0.0001156 -4.8 -0.48
0.0001157 -4.8 -0.4
0.0001158 -4.88 -0.4
0.0001159 -4.96 -0.4
0.000116 -5.04 -0.48
0.0001161 -5.12 -0.4
0.0001162 -5.12 -0.4
0.0001163 -5.2 -0.48
0.0001164 -5.2 -0.32
0.0001165 -5.28 -0.4
0.0001166 -5.36 -0.4
0.0001167 -5.44 -0.4
0.0001168 -5.52 -0.4
0.0001169 -5.52 -0.4
0.000117 -5.52 -0.4
0.0001171 -5.68 -0.4
0.0001172 -5.68 -0.4
0.0001173 -5.68 -0.4
0.0001174 -5.68 -0.32
0.0001175 -5.76 -0.32
0.0001176 -5.84 -0.32
0.0001177 -5.84 -0.32
0.0001178 -5.84 -0.32
0.0001179 -5.92 -0.32
0.000118 -6 -0.24
0.0001181 -6 -0.32
0.0001182 -6 -0.32
0.0001183 -6 -0.32
0.0001184 -6.08 -0.32
0.0001185 -6.08 -0.24
0.0001186 -6.16 -0.32
0.0001187 -6.08 -0.24
0.0001188 -6.16 -0.32
0.0001189 -6.16 -0.24
0.000119 -6.16 -0.24
0.0001191 -6.16 -0.24
0.0001192 -6.16 -0.16
0.0001193 -6.16 -0.24
0.0001194 -6.16 -0.16
0.0001195 -6.16 -0.24
0.0001196 -6.16 0
0.0001197 -6.16 -0.16
0.0001198 -6.16 -0.16
0.0001199 -6.16 -0.16
0.00012 -6.16 -0.24
0.0001201 -6.16 -0.16
0.0001202 -6.16 0
0.0001203 -6.16 0
0.0001204 -6.16 -0.16
0.0001205 -6.08 0
0.0001206 -6.08 0
0.0001207 -6.08 0
0.0001208 -6.08 0.08
0.0001209 -6 0
0.000121 -6.08 0.08
0.0001211 -6 0
0.0001212 -5.92 0.08
0.0001213 -5.84 0.08
0.0001214 -5.84 0.08
0.0001215 -5.84 0.08
0.0001216 -5.76 0
0.0001217 -5.76 0
0.0001218 -5.76 0
0.0001219 -5.68 0.08
0.000122 -5.6 0.08
0.0001221 -5.52 0.08
0.0001222 -5.52 0
0.0001223 -5.52 0.08
0.0001224 -5.44 0.08
0.0001225 -5.36 0.16
0.0001226 -5.36 0.16
0.0001227 -5.36 0.16
0.0001228 -5.2 0.16
0.0001229 -5.2 0.16
0.000123 -5.12 0.24
0.0001231 -5.04 0.16
0.0001232 -5.04 0.24
0.0001233 -4.88 0.16
0.0001234 -4.88 0.16
0.0001235 -4.8 0.32
0.0001236 -4.72 0.16
0.0001237 -4.72 0.24
0.0001238 -4.56 0.24
0.0001239 -4.48 0.24
0.000124 -4.48 0.24
0.0001241 -4.32 0.24
0.0001242 -4.24 0.32
0.0001243 -4.24 0.24
0.0001244 -4.16 0.32
0.0001245 -4.08 0.24
0.0001246 -3.92 0.32
0.0001247 -3.84 0.32
0.0001248 -3.84 0.32
0.0001249 -3.76 0.32
0.000125 -3.6 0.24
0.0001251 -3.52 0.32
0.0001252 -3.44 0.32
0.0001253 -3.28 0.32
0.0001254 -3.2 0.32
0.0001255 -3.12 0.32
0.0001256 -3.12 0.4
0.0001257 -2.96 0.32
0.0001258 -2.88 0.4
0.0001259 -2.8 0.32
0.000126 -2.64 0.4
0.0001261 -2.64 0.4
0.0001262 -2.56 0.32
0.0001263 -2.4 0.4
0.0001264 -2.32 0.4
0.0001265 -2.16 0.4
0.0001266 -2.16 0.4
0.0001267 -2 0.4
0.0001268 -1.92 0.32
0.0001269 -1.84 0.4
0.000127 -1.68 0.4
0.0001271 -1.6 0.4
0.0001272 -1.52 0.4
0.0001273 -1.36 0.32
0.0001274 -1.28 0.4
0.0001275 -1.2 0.4
0.0001276 -1.04 0.4
0.0001277 -0.96 0.4
0.0001278 -0.88 0.4
0.0001279 -0.72 0.4
0.000128 -0.64 0.4
0.0001281 -0.48 0.48
0.0001282 -0.4 0.4
0.0001283 -0.24 0.4
0.0001284 -0.24 0.4
0.0001285 0 0.48
0.0001286 0.08 0.4
0.0001287 0.16 0.4
0.0001288 0.32 0.4
0.0001289 0.4 0.4
0.000129 0.48 0.4
0.0001291 0.64 0.4
0.0001292 0.72 0.48
0.0001293 0.8 0.4
0.0001294 1.04 0.4
0.0001295 1.04 0.48
0.0001296 1.12 0.48
0.0001297 1.28 0.4
0.0001298 1.36 0.4
0.0001299 1.44 0.48
0.00013 1.6 0.4
0.0001301 1.68 0.48
0.0001302 1.76 0.4
0.0001303 1.92 0.4
0.0001304 2 0.4
0.0001305 2.08 0.4
0.0001306 2.16 0.48
0.0001307 2.24 0.4
0.0001308 2.32 0.4
0.0001309 2.4 0.4
0.000131 2.56 0.4
0.0001311 2.64 0.4
0.0001312 2.72 0.4
0.0001313 2.88 0.4
0.0001314 2.96 0.32
0.0001315 3.04 0.4
0.0001316 3.12 0.4
0.0001317 3.2 0.4
0.0001318 3.36 0.4
0.0001319 3.52 0.32
0.000132 3.52 0.4
0.0001321 3.6 0.32
0.0001322 3.68 0.4
0.0001323 3.68 0.32
0.0001324 3.84 0.4
0.0001325 3.92 0.32
0.0001326 4 0.32
0.0001327 4.08 0.32
0.0001328 4.16 0.32
0.0001329 4.16 0.4
0.000133 4.32 0.32
0.0001331 4.48 0.4
0.0001332 4.48 0.32
0.0001333 4.48 0.32
0.0001334 4.64 0.32
0.0001335 4.64 0.32
0.0001336 4.8 0.32
0.0001337 4.8 0.24
0.0001338 4.8 0.32
0.0001339 4.96 0.24
0.000134 4.96 0.24
0.0001341 5.12 0.24
0.0001342 5.12 0.24
0.0001343 5.2 0.16
0.0001344 5.2 0.24
0.0001345 5.28 0.24
0.0001346 5.36 0.16
0.0001347 5.44 0.24
0.0001348 5.44 0.16
0.0001349 5.44 0.16
0.000135 5.44 0.24
0.0001351 5.6 0.24
0.0001352 5.6 0.24
0.0001353 5.6 0.16
0.0001354 5.76 0.24
0.0001355 5.76 0.16
0.0001356 5.76 0.24
0.0001357 5.76 0.08
0.0001358 5.84 0.08
0.0001359 5.84 0.16
0.000136 5.84 0.08
0.0001361 5.92 0.08
0.0001362 5.92 0.08
0.0001363 5.92 0.08
0.0001364 5.92 0.08
0.0001365 5.92 0.08
0.0001366 6 0.08
0.0001367 6 0
0.0001368 6.08 0.08
0.0001369 6.08 0
0.000137 6.08 0.08
0.0001371 6.08 0
0.0001372 6.08 0.08
0.0001373 6.08 0
0.0001374 6.08 0
0.0001375 6.08 0
0.0001376 6.08 0
0.0001377 6.08 0
0.0001378 6.08 -0.16
0.0001379 6.08 0
0.000138 6.08 0
0.0001381 6.08 0
0.0001382 6 0
0.0001383 6 -0.16
0.0001384 6 0
0.0001385 5.92 -0.16
0.0001386 5.92 0
0.0001387 5.92 -0.16
0.0001388 5.92 0
0.0001389 5.84 -0.24
0.000139 5.92 -0.16
0.0001391 5.84 -0.24
0.0001392 5.76 -0.24
0.0001393 5.76 -0.24
0.0001394 5.68 -0.32
0.0001395 5.6 -0.24
0.0001396 5.6 -0.24
0.0001397 5.6 -0.24
0.0001398 5.52 -0.32
0.0001399 5.52 -0.32
0.00014 5.44 -0.24
0.0001401 5.44 -0.24
0.0001402 5.36 -0.24
0.0001403 5.28 -0.32
0.0001404 5.28 -0.24
0.0001405 5.2 -0.32
0.0001406 5.2 -0.24
0.0001407 5.12 -0.32
0.0001408 4.96 -0.32
0.0001409 4.96 -0.32
0.000141 4.88 -0.4
0.0001411 4.8 -0.4
0.0001412 4.8 -0.4
0.0001413 4.8 -0.4
0.0001414 4.64 -0.4
0.0001415 4.56 -0.4
0.0001416 4.48 -0.4
0.0001417 4.48 -0.48
0.0001418 4.32 -0.32
0.0001419 4.24 -0.4
0.000142 4.16 -0.4
0.0001421 4.16 -0.4
0.0001422 4 -0.4
0.0001423 3.92 -0.4
0.0001424 3.84 -0.4
0.0001425 3.84 -0.48
0.0001426 3.68 -0.48
0.0001427 3.68 -0.4
0.0001428 3.6 -0.48
0.0001429 3.52 -0.48
0.000143 3.36 -0.48
0.0001431 3.28 -0.48
0.0001432 3.2 -0.48
0.0001433 3.2 -0.56
0.0001434 2.96 -0.4
0.0001435 2.88 -0.56
0.0001436 2.88 -0.48
0.0001437 2.72 -0.48
0.0001438 2.56 -0.48
0.0001439 2.56 -0.56
0.000144 2.4 -0.56
0.0001441 2.32 -0.56
0.0001442 2.24 -0.56
0.0001443 2.16 -0.56
0.0001444 2.08 -0.56
0.0001445 1.92 -0.56
0.0001446 1.84 -0.56
0.0001447 1.68 -0.56
0.0001448 1.68 -0.56
0.0001449 1.52 -0.56
0.000145 1.36 -0.56
0.0001451 1.36 -0.56
0.0001452 1.28 -0.56
0.0001453 1.12 -0.64
0.0001454 0.96 -0.56
0.0001455 0.96 -0.56
0.0001456 0.8 -0.56
0.0001457 0.64 -0.56
0.0001458 0.56 -0.56
0.0001459 0.48 -0.56
0.000146 0.4 -0.64
0.0001461 0.24 -0.56
0.0001462 0.16 -0.56
0.0001463 0.08 -0.64
0.0001464 0 -0.56
0.0001465 -0.24 -0.64
0.0001466 -0.32 -0.64
0.0001467 -0.48 -0.56
0.0001468 -0.56 -0.56
0.0001469 -0.64 -0.64
0.000147 -0.8 -0.64
0.0001471 -0.96 -0.56
0.0001472 -0.96 -0.56
0.0001473 -1.04 -0.56
0.0001474 -1.2 -0.64
0.0001475 -1.36 -0.56
0.0001476 -1.36 -0.56
0.0001477 -1.52 -0.56
0.0001478 -1.6 -0.56
0.0001479 -1.68 -0.64
0.000148 -1.84 -0.64
0.0001481 -1.92 -0.64
0.0001482 -2 -0.64
0.0001483 -2.16 -0.56
0.0001484 -2.24 -0.56
0.0001485 -2.32 -0.56
0.0001486 -2.48 -0.56
0.0001487 -2.56 -0.56
0.0001488 -2.64 -0.56
0.0001489 -2.8 -0.56
0.000149 -2.88 -0.64
0.0001491 -2.96 -0.56
0.0001492 -2.96 -0.56
0.0001493 -3.04 -0.56
0.0001494 -3.2 -0.56
0.0001495 -3.28 -0.56
0.0001496 -3.44 -0.48
0.0001497 -3.44 -0.64
0.0001498 -3.6 -0.48
0.0001499 -3.6 -0.56
0.00015 -3.76 -0.56
0.0001501 -3.84 -0.56
0.0001502 -3.84 -0.56
0.0001503 -4 -0.48
0.0001504 -4.08 -0.56
0.0001505 -4.16 -0.48
0.0001506 -4.24 -0.48
0.0001507 -4.24 -0.48
0.0001508 -4.4 -0.48
0.0001509 -4.48 -0.48
0.000151 -4.56 -0.48
0.0001511 -4.56 -0.48
0.0001512 -4.72 -0.48
0.0001513 -4.8 -0.48
0.0001514 -4.8 -0.4
0.0001515 -4.88 -0.48
0.0001516 -4.88 -0.4
0.0001517 -5.04 -0.48
0.0001518 -5.04 -0.4
0.0001519 -5.12 -0.4
0.000152 -5.2 -0.4
0.0001521 -5.2 -0.4
0.0001522 -5.36 -0.4
0.0001523 -5.36 -0.4
0.0001524 -5.44 -0.4
0.0001525 -5.44 -0.32
0.0001526 -5.52 -0.4
0.0001527 -5.52 -0.4
0.0001528 -5.52 -0.32
0.0001529 -5.68 -0.4
0.000153 -5.68 -0.32
0.0001531 -5.76 -0.4
0.0001532 -5.76 -0.32
0.0001533 -5.84 -0.4
0.0001534 -5.84 -0.32
0.0001535 -5.84 -0.32
0.0001536 -5.84 -0.32
0.0001537 -6 -0.32
0.0001538 -6 -0.32
0.0001539 -6 -0.24
0.000154 -6 -0.32
0.0001541 -6.08 -0.24
0.0001542 -6.08 -0.32
0.0001543 -6.08 -0.24
0.0001544 -6.08 -0.24
0.0001545 -6.08 -0.24
0.0001546 -6.16 -0.24
0.0001547 -6.16 -0.24
0.0001548 -6.16 -0.16
0.0001549 -6.16 -0.16
0.000155 -6.16 -0.24
0.0001551 -6.16 -0.24
0.0001552 -6.16 -0.24
0.0001553 -6.16 -0.16
0.0001554 -6.16 -0.24
0.0001555 -6.16 -0.16
0.0001556 -6.16 -0.24
0.0001557 -6.16 -0.16
0.0001558 -6.16 0
0.0001559 -6.16 0
0.000156 -6.16 0
0.0001561 -6.16 -0.16
0.0001562 -6.16 0
0.0001563 -6.08 0
0.0001564 -6.08 0
0.0001565 -6 0
0.0001566 -6 0
0.0001567 -6 0
0.0001568 -6 0
0.0001569 -6 0.08
0.000157 -5.92 0.08
0.0001571 -5.84 0
0.0001572 -5.84 0
0.0001573 -5.84 0.08
0.0001574 -5.76 0
0.0001575 -5.76 0.08
0.0001576 -5.68 0.16
0.0001577 -5.68 0.08
0.0001578 -5.52 0.16
0.0001579 -5.52 0.16
0.000158 -5.52 0.16
0.0001581 -5.52 0.08
0.0001582 -5.36 0.08
0.0001583 -5.36 0.08
0.0001584 -5.2 0.16
0.0001585 -5.2 0.16
0.0001586 -5.12 0.16
0.0001587 -5.12 0.16
0.0001588 -5.04 0.16
0.0001589 -4.96 0.16
0.000159 -4.88 0.16
0.0001591 -4.88 0.16
0.0001592 -4.72 0.24
0.0001593 -4.72 0.16
0.0001594 -4.72 0.32
0.0001595 -4.56 0.24
0.0001596 -4.48 0.16
0.0001597 -4.4 0.24
0.0001598 -4.32 0.24
0.0001599 -4.24 0.32
0.00016 -4.24 0.24
0.0001601 -4.16 0.32
0.0001602 -4.08 0.32
0.0001603 -3.92 0.32
0.0001604 -3.84 0.32
0.0001605 -3.76 0.32
0.0001606 -3.76 0.32
0.0001607 -3.6 0.32
0.0001608 -3.6 0.32
0.0001609 -3.44 0.32
0.000161 -3.28 0.4
0.0001611 -3.28 0.24
0.0001612 -3.12 0.32
0.0001613 -3.12 0.32
0.0001614 -2.96 0.32
0.0001615 -2.96 0.4
0.0001616 -2.8 0.32
0.0001617 -2.64 0.4
0.0001618 -2.56 0.32
0.0001619 -2.48 0.4
0.000162 -2.32 0.32
0.0001621 -2.32 0.4
0.0001622 -2.24 0.4
0.0001623 -2.16 0.4
0.0001624 -2 0.4
0.0001625 -1.92 0.4
0.0001626 -1.84 0.48
0.0001627 -1.68 0.4
0.0001628 -1.6 0.4
0.0001629 -1.52 0.4
0.000163 -1.44 0.4
0.0001631 -1.28 0.4
0.0001632 -1.2 0.4
0.0001633 -1.04 0.4
0.0001634 -0.96 0.4
0.0001635 -0.88 0.4
0.0001636 -0.72 0.4
0.0001637 -0.64 0.4
0.0001638 -0.56 0.4
0.0001639 -0.4 0.32
0.000164 -0.32 0.4
0.0001641 -0.24 0.4
0.0001642 0 0.48
0.0001643 0.08 0.4
0.0001644 0.16 0.48
0.0001645 0.24 0.4
0.0001646 0.4 0.4
0.0001647 0.48 0.48
0.0001648 0.64 0.4
0.0001649 0.72 0.48
0.000165 0.8 0.4
0.0001651 0.96 0.48
0.0001652 1.04 0.4
0.0001653 1.12 0.4
0.0001654 1.28 0.4
0.0001655 1.36 0.4
0.0001656 1.44 0.4
0.0001657 1.6 0.4
0.0001658 1.68 0.4
0.0001659 1.76 0.4
0.000166 1.92 0.48
0.0001661 2 0.4
0.0001662 2.08 0.4
0.0001663 2.24 0.48
0.0001664 2.32 0.4
0.0001665 2.4 0.4
0.0001666 2.48 0.4
0.0001667 2.64 0.4
0.0001668 2.56 0.4
0.0001669 2.72 0.4
0.000167 2.88 0.4
0.0001671 2.96 0.4
0.0001672 3.04 0.4
0.0001673 3.12 0.4
0.0001674 3.28 0.4
0.0001675 3.28 0.4
0.0001676 3.44 0.4
0.0001677 3.52 0.32
0.0001678 3.52 0.4
0.0001679 3.68 0.4
0.000168 3.68 0.32
0.0001681 3.84 0.4
0.0001682 3.92 0.32
0.0001683 4 0.4
0.0001684 4.08 0.32
0.0001685 4.16 0.4
0.0001686 4.16 0.32
0.0001687 4.32 0.32
0.0001688 4.48 0.32
0.0001689 4.48 0.32
0.000169 4.56 0.32
0.0001691 4.56 0.32
0.0001692 4.64 0.32
0.0001693 4.72 0.32
0.0001694 4.8 0.32
0.0001695 4.88 0.32
0.0001696 4.88 0.24
0.0001697 4.96 0.32
0.0001698 5.12 0.32
0.0001699 5.12 0.24
0.00017 5.12 0.24
0.0001701 5.2 0.32
0.0001702 5.28 0.32
0.0001703 5.28 0.24
0.0001704 5.44 0.16
0.0001705 5.44 0.16
0.0001706 5.52 0.24
0.0001707 5.52 0.16
0.0001708 5.52 0.24
0.0001709 5.52 0.16
0.000171 5.6 0.08
0.0001711 5.76 0.16
0.0001712 5.68 0.16
0.0001713 5.76 0.16
0.0001714 5.76 0.08
0.0001715 5.84 0.16
0.0001716 5.84 0.16
0.0001717 5.84 0.16
0.0001718 5.84 0.16
0.0001719 5.92 0.08
0.000172 5.92 0.08
0.0001721 5.92 0.08
0.0001722 6 0.08
0.0001723 6 0.08
0.0001724 6.08 0.08
0.0001725 6 0.08
0.0001726 6.08 0
0.0001727 6.08 0
0.0001728 6.08 0
0.0001729 6 0
0.000173 6.08 0
0.0001731 6.08 0.08
0.0001732 6.08 0
0.0001733 6.08 0
0.0001734 6.08 0
0.0001735 6.08 0
0.0001736 6.08 0
0.0001737 6.08 0
0.0001738 6.08 0
0.0001739 6.08 -0.16
0.000174 6 0
0.0001741 6 0
0.0001742 5.92 -0.16
0.0001743 5.92 -0.16
0.0001744 5.92 -0.24
0.0001745 5.84 -0.16
0.0001746 5.92 -0.24
0.0001747 5.84 -0.16
0.0001748 5.84 -0.24
0.0001749 5.76 -0.24
0.000175 5.76 -0.24
0.0001751 5.76 -0.16
0.0001752 5.76 -0.24
0.0001753 5.6 -0.24
0.0001754 5.6 -0.32
0.0001755 5.52 -0.24
0.0001756 5.52 -0.24
0.0001757 5.44 -0.24
0.0001758 5.44 -0.32
0.0001759 5.28 -0.32
0.000176 5.28 -0.32
0.0001761 5.28 -0.32
0.0001762 5.2 -0.32
0.0001763 5.2 -0.32
0.0001764 5.12 -0.4
0.0001765 5.04 -0.32
0.0001766 4.96 -0.4
0.0001767 4.88 -0.4
0.0001768 4.88 -0.32
0.0001769 4.8 -0.4
0.000177 4.72 -0.32
0.0001771 4.64 -0.4
0.0001772 4.56 -0.4
0.0001773 4.48 -0.4
0.0001774 4.48 -0.4
0.0001775 4.32 -0.4
0.0001776 4.24 -0.4
0.0001777 4.16 -0.4
0.0001778 4.16 -0.48
0.0001779 4.08 -0.4
0.000178 3.92 -0.4
0.0001781 3.84 -0.4
0.0001782 3.84 -0.4
0.0001783 3.76 -0.48
0.0001784 3.68 -0.48
0.0001785 3.6 -0.48
0.0001786 3.52 -0.4
0.0001787 3.36 -0.48
0.0001788 3.2 -0.4
0.0001789 3.2 -0.56
0.000179 3.2 -0.56
0.0001791 2.96 -0.48
0.0001792 2.96 -0.48
0.0001793 2.88 -0.48
0.0001794 2.72 -0.56
0.0001795 2.64 -0.48
0.0001796 2.56 -0.48
0.0001797 2.4 -0.56
0.0001798 2.32 -0.56
0.0001799 2.24 -0.56
0.00018 2.24 -0.56
0.0001801 2 -0.56
0.0001802 1.92 -0.48
0.0001803 1.92 -0.56
0.0001804 1.76 -0.56
0.0001805 1.6 -0.56
0.0001806 1.6 -0.56
0.0001807 1.44 -0.56
0.0001808 1.28 -0.56
0.0001809 1.28 -0.56
0.000181 1.12 -0.56
0.0001811 1.04 -0.56
0.0001812 0.96 -0.56
0.0001813 0.8 -0.64
0.0001814 0.72 -0.64
0.0001815 0.56 -0.64
0.0001816 0.48 -0.56
0.0001817 0.4 -0.64
0.0001818 0.32 -0.56
0.0001819 0.16 -0.64
0.000182 0 -0.56
0.0001821 0 -0.56
0.0001822 -0.24 -0.56
0.0001823 -0.4 -0.64
0.0001824 -0.4 -0.64
0.0001825 -0.56 -0.56
0.0001826 -0.64 -0.64
0.0001827 -0.72 -0.56
0.0001828 -0.88 -0.64
0.0001829 -0.96 -0.64
0.000183 -1.04 -0.64
0.0001831 -1.2 -0.64
0.0001832 -1.28 -0.56
0.0001833 -1.36 -0.56
0.0001834 -1.52 -0.56
0.0001835 -1.6 -0.64
0.0001836 -1.68 -0.56
0.0001837 -1.84 -0.64
0.0001838 -2 -0.64
0.0001839 -2 -0.56
0.000184 -2.16 -0.64
0.0001841 -2.24 -0.56
0.0001842 -2.32 -0.56
0.0001843 -2.32 -0.56
0.0001844 -2.56 -0.64
0.0001845 -2.64 -0.64
0.0001846 -2.64 -0.56
0.0001847 -2.8 -0.64
0.0001848 -2.88 -0.56
0.0001849 -2.96 -0.56
0.000185 -3.04 -0.56
0.0001851 -3.2 -0.56
0.0001852 -3.28 -0.48
0.0001853 -3.44 -0.56
0.0001854 -3.52 -0.56
0.0001855 -3.6 -0.48
0.0001856 -3.6 -0.48
0.0001857 -3.76 -0.48
0.0001858 -3.84 -0.48
0.0001859 -3.92 -0.48
0.000186 -3.92 -0.48
0.0001861 -4.08 -0.48
0.0001862 -4.16 -0.48
0.0001863 -4.24 -0.56
0.0001864 -4.24 -0.48
0.0001865 -4.4 -0.56
0.0001866 -4.48 -0.48
0.0001867 -4.56 -0.56
0.0001868 -4.56 -0.56
0.0001869 -4.72 -0.56
0.000187 -4.72 -0.48
0.0001871 -4.88 -0.4
0.0001872 -4.88 -0.4
0.0001873 -4.88 -0.4
0.0001874 -5.04 -0.48
0.0001875 -5.04 -0.4
0.0001876 -5.12 -0.4
0.0001877 -5.2 -0.4
0.0001878 -5.2 -0.4
0.0001879 -5.28 -0.4
0.000188 -5.36 -0.4
0.0001881 -5.44 -0.48
0.0001882 -5.44 -0.32
0.0001883 -5.52 -0.32
0.0001884 -5.52 -0.4
0.0001885 -5.68 -0.4
0.0001886 -5.68 -0.4
0.0001887 -5.68 -0.4
0.0001888 -5.68 -0.4
0.0001889 -5.76 -0.32
0.000189 -5.76 -0.32
0.0001891 -5.84 -0.32
0.0001892 -5.84 -0.32
0.0001893 -5.84 -0.32
0.0001894 -6 -0.24
0.0001895 -6 -0.32
0.0001896 -6 -0.32
0.0001897 -6 -0.32
0.0001898 -6 -0.24
0.0001899 -6.08 -0.24
0.00019 -6.08 -0.24
0.0001901 -6.16 -0.24
0.0001902 -6.16 -0.24
0.0001903 -6.16 -0.24
0.0001904 -6.16 -0.24
0.0001905 -6.16 -0.16
0.0001906 -6.16 -0.24
0.0001907 -6.16 0
0.0001908 -6.16 -0.16
0.0001909 -6.16 -0.24
0.000191 -6.16 0
0.0001911 -6.16 -0.24
0.0001912 -6.16 0
0.0001913 -6.16 -0.16
0.0001914 -6.16 0
0.0001915 -6.16 -0.16
0.0001916 -6.16 0
0.0001917 -6.08 -0.16
0.0001918 -6.16 -0.16
0.0001919 -6.16 0
0.000192 -6.16 0
0.0001921 -6.08 0
0.0001922 -6.16 -0.16
0.0001923 -6 0
0.0001924 -6 0
0.0001925 -6 0
0.0001926 -5.92 0
0.0001927 -6 0
0.0001928 -5.92 0.08
0.0001929 -5.84 0
0.000193 -5.76 0
0.0001931 -5.76 0
0.0001932 -5.68 0.08
0.0001933 -5.68 0.08
0.0001934 -5.68 0.08
0.0001935 -5.6 0.08
0.0001936 -5.52 0.08
0.0001937 -5.52 0.08
0.0001938 -5.52 0.08
0.0001939 -5.44 0.16
0.000194 -5.36 0.08
0.0001941 -5.36 0.08
0.0001942 -5.2 0.16
0.0001943 -5.2 0.16
0.0001944 -5.12 0.16
0.0001945 -5.12 0.08
0.0001946 -5.04 0.24
0.0001947 -4.96 0.16
0.0001948 -4.88 0.24
0.0001949 -4.8 0.24
0.000195 -4.8 0.16
0.0001951 -4.72 0.24
0.0001952 -4.56 0.24
0.0001953 -4.48 0.32
0.0001954 -4.48 0.16
0.0001955 -4.4 0.32
0.0001956 -4.24 0.24
0.0001957 -4.24 0.24
0.0001958 -4.16 0.32
0.0001959 -4.08 0.32
0.000196 -3.92 0.32
0.0001961 -3.92 0.24
0.0001962 -3.84 0.32
0.0001963 -3.76 0.32
0.0001964 -3.6 0.32
0.0001965 -3.52 0.32
0.0001966 -3.52 0.32
0.0001967 -3.36 0.32
0.0001968 -3.28 0.32
0.0001969 -3.2 0.32
0.000197 -3.12 0.32
0.0001971 -2.96 0.32
0.0001972 -2.96 0.32
0.0001973 -2.8 0.32
0.0001974 -2.72 0.32
0.0001975 -2.56 0.32
0.0001976 -2.48 0.4
0.0001977 -2.48 0.32
0.0001978 -2.32 0.4
0.0001979 -2.24 0.32
0.000198 -2.08 0.4
0.0001981 -2 0.4
0.0001982 -1.92 0.4
0.0001983 -1.84 0.4
0.0001984 -1.68 0.32
0.0001985 -1.6 0.4
0.0001986 -1.52 0.4
0.0001987 -1.36 0.4
0.0001988 -1.28 0.4
0.0001989 -1.2 0.4
0.000199 -1.04 0.4
0.0001991 -1.04 0.4
0.0001992 -0.88 0.4
0.0001993 -0.72 0.4
0.0001994 -0.64 0.4
0.0001995 -0.56 0.4
0.0001996 -0.4 0.48
0.0001997 -0.32 0.48
0.0001998 -0.24 0.4
0.0001999 0 0.48
0.0002 0 0.4
0.0002001 0.16 0.4
0.0002002 0.32 0.4
0.0002003 0.4 0.48
0.0002004 0.48 0.4
0.0002005 0.64 0.4
0.0002006 0.72 0.4
0.0002007 0.8 0.4
0.0002008 0.88 0.48
0.0002009 1.12 0.4
0.000201 1.12 0.4
0.0002011 1.28 0.4
0.0002012 1.36 0.4
0.0002013 1.44 0.4
0.0002014 1.6 0.4
0.0002015 1.6 0.4
0.0002016 1.76 0.4
0.0002017 1.76 0.4
0.0002018 1.92 0.4
0.0002019 2 0.4
0.000202 2.16 0.4
0.0002021 2.24 0.4
0.0002022 2.32 0.4
0.0002023 2.4 0.32
0.0002024 2.56 0.4
0.0002025 2.64 0.4
0.0002026 2.72 0.4
0.0002027 2.88 0.4
0.0002028 2.96 0.4
0.0002029 2.96 0.4
0.000203 3.12 0.4
0.0002031 3.2 0.48
0.0002032 3.28 0.32
0.0002033 3.36 0.4
0.0002034 3.52 0.4
0.0002035 3.6 0.4
0.0002036 3.6 0.32
0.0002037 3.68 0.4
0.0002038 3.76 0.4
0.0002039 3.84 0.32
0.000204 4 0.4
0.0002041 4.08 0.32
0.0002042 4.16 0.32
0.0002043 4.16 0.32
0.0002044 4.24 0.4
0.0002045 4.32 0.32
0.0002046 4.48 0.32
0.0002047 4.56 0.32
0.0002048 4.56 0.32
0.0002049 4.64 0.32
0.000205 4.8 0.32
0.0002051 4.8 0.32
0.0002052 4.88 0.32
0.0002053 4.88 0.32
0.0002054 4.96 0.32
0.0002055 4.96 0.32
0.0002056 5.12 0.32
0.0002057 5.2 0.24
0.0002058 5.2 0.24
0.0002059 5.28 0.16
0.000206 5.28 0.24
0.0002061 5.44 0.16
0.0002062 5.44 0.16
0.0002063 5.44 0.24
0.0002064 5.44 0.24
0.0002065 5.52 0.24
0.0002066 5.6 0.16
0.0002067 5.6 0.16
0.0002068 5.6 0.16
0.0002069 5.76 0.16
0.000207 5.76 0.16
0.0002071 5.76 0.16
0.0002072 5.76 0.16
0.0002073 5.84 0.08
0.0002074 5.84 0.16
0.0002075 5.84 0.08
0.0002076 5.92 0.08
0.0002077 5.92 0.08
0.0002078 5.92 0.08
0.0002079 5.92 0.08
0.000208 6 0.08
0.0002081 6 0.08
0.0002082 6.08 0.08
0.0002083 6 0.08
0.0002084 6.08 0
0.0002085 6.08 0
0.0002086 6.08 0
0.0002087 6.08 0
0.0002088 6.08 0
0.0002089 6.08 0
0.000209 6.08 0
0.0002091 6.08 0
0.0002092 6.08 0
0.0002093 6 0
0.0002094 6.08 -0.16
0.0002095 6 0
0.0002096 6 0
0.0002097 6.08 -0.16
0.0002098 6 -0.16
0.0002099 5.92 0
0.00021 5.92 -0.16
0.0002101 5.92 -0.16
0.0002102 5.92 0
0.0002103 5.84 -0.16
0.0002104 5.84 -0.16
0.0002105 5.84 -0.16
0.0002106 5.76 -0.16
0.0002107 5.76 -0.24
0.0002108 5.68 -0.24
0.0002109 5.68 -0.24
0.000211 5.6 -0.24
0.0002111 5.6 -0.24
0.0002112 5.52 -0.24
0.0002113 5.52 -0.24
0.0002114 5.52 -0.32
0.0002115 5.44 -0.32
0.0002116 5.44 -0.32
0.0002117 5.28 -0.32
0.0002118 5.28 -0.32
0.0002119 5.2 -0.32
0.000212 5.12 -0.24
0.0002121 5.12 -0.32
0.0002122 5.12 -0.32
0.0002123 4.96 -0.32
0.0002124 4.96 -0.32
0.0002125 4.88 -0.32
0.0002126 4.8 -0.4
0.0002127 4.72 -0.4
0.0002128 4.64 -0.4
0.0002129 4.56 -0.32
0.000213 4.56 -0.4
0.0002131 4.48 -0.4
0.0002132 4.4 -0.4
0.0002133 4.32 -0.4
0.0002134 4.24 -0.4
0.0002135 4.16 -0.4
0.0002136 4.08 -0.4
0.0002137 4 -0.4
0.0002138 3.92 -0.4
0.0002139 3.84 -0.48
0.000214 3.84 -0.4
0.0002141 3.68 -0.4
0.0002142 3.6 -0.4
0.0002143 3.52 -0.4
0.0002144 3.52 -0.56
0.0002145 3.28 -0.4
0.0002146 3.2 -0.48
0.0002147 3.2 -0.48
0.0002148 3.04 -0.56
0.0002149 2.96 -0.48
0.000215 2.88 -0.48
0.0002151 2.72 -0.56
0.0002152 2.64 -0.48
0.0002153 2.56 -0.56
0.0002154 2.48 -0.56
0.0002155 2.4 -0.48
0.0002156 2.32 -0.48
0.0002157 2.16 -0.48
0.0002158 2.08 -0.56
0.0002159 1.92 -0.56
0.000216 1.92 -0.56
0.0002161 1.76 -0.56
0.0002162 1.68 -0.56
0.0002163 1.6 -0.56
0.0002164 1.44 -0.56
0.0002165 1.36 -0.56
0.0002166 1.28 -0.56
0.0002167 1.12 -0.56
0.0002168 1.04 -0.56
0.0002169 0.96 -0.56
0.000217 0.8 -0.56
0.0002171 0.72 -0.64
0.0002172 0.64 -0.64
0.0002173 0.48 -0.56
0.0002174 0.4 -0.56
0.0002175 0.32 -0.56
0.0002176 0.16 -0.64
0.0002177 0.08 -0.56
0.0002178 0 -0.64
0.0002179 -0.24 -0.64
0.000218 -0.32 -0.64
0.0002181 -0.4 -0.64
0.0002182 -0.48 -0.64
0.0002183 -0.64 -0.64
0.0002184 -0.72 -0.64
0.0002185 -0.88 -0.64
0.0002186 -0.96 -0.56
0.0002187 -1.04 -0.64
0.0002188 -1.2 -0.64
0.0002189 -1.28 -0.56
0.000219 -1.36 -0.56
0.0002191 -1.52 -0.56
0.0002192 -1.6 -0.56
0.0002193 -1.68 -0.56
0.0002194 -1.84 -0.64
0.0002195 -1.92 -0.56
0.0002196 -2 -0.64
0.0002197 -2.16 -0.64
0.0002198 -2.24 -0.64
0.0002199 -2.32 -0.64
0.00022 -2.32 -0.56
0.0002201 -2.56 -0.56
0.0002202 -2.64 -0.56
0.0002203 -2.64 -0.64
0.0002204 -2.8 -0.56
0.0002205 -2.88 -0.56
0.0002206 -2.96 -0.56
0.0002207 -3.12 -0.56
0.0002208 -3.2 -0.56
0.0002209 -3.28 -0.56
0.000221 -3.44 -0.56
0.0002211 -3.44 -0.56
0.0002212 -3.6 -0.56
0.0002213 -3.6 -0.56
0.0002214 -3.76 -0.56
0.0002215 -3.84 -0.56
0.0002216 -3.84 -0.56
0.0002217 -3.92 -0.48
0.0002218 -4.08 -0.56
0.0002219 -4.16 -0.56
0.000222 -4.24 -0.48
0.0002221 -4.24 -0.48
0.0002222 -4.4 -0.48
0.0002223 -4.4 -0.48
0.0002224 -4.48 -0.48
0.0002225 -4.56 -0.48
0.0002226 -4.72 -0.48
0.0002227 -4.72 -0.4
0.0002228 -4.8 -0.48
0.0002229 -4.88 -0.48
0.000223 -4.88 -0.48
0.0002231 -5.04 -0.48
0.0002232 -5.12 -0.4
0.0002233 -5.12 -0.48
0.0002234 -5.2 -0.4
0.0002235 -5.2 -0.48
0.0002236 -5.28 -0.4
0.0002237 -5.36 -0.4
0.0002238 -5.36 -0.4
0.0002239 -5.44 -0.4
0.000224 -5.44 -0.32
0.0002241 -5.52 -0.32
0.0002242 -5.6 -0.32
0.0002243 -5.68 -0.32
0.0002244 -5.68 -0.32
0.0002245 -5.68 -0.32
0.0002246 -5.76 -0.32
0.0002247 -5.76 -0.32
0.0002248 -5.84 -0.32
0.0002249 -5.84 -0.32
0.000225 -5.84 -0.32
0.0002251 -5.84 -0.32
0.0002252 -6 -0.32
0.0002253 -6 -0.32
0.0002254 -6 -0.32
0.0002255 -6.08 -0.24
0.0002256 -6.08 -0.32
0.0002257 -6.08 -0.24
0.0002258 -6.16 -0.32
0.0002259 -6.16 -0.24
0.000226 -6.16 -0.24
0.0002261 -6.16 -0.24
0.0002262 -6.16 -0.16
0.0002263 -6.16 -0.16
0.0002264 -6.16 -0.16
0.0002265 -6.16 -0.24
0.0002266 -6.16 -0.16
0.0002267 -6.16 -0.16
0.0002268 -6.16 -0.24
0.0002269 -6.16 -0.16
0.000227 -6.16 -0.16
0.0002271 -6.16 -0.16
0.0002272 -6.16 0
0.0002273 -6.16 0
0.0002274 -6.16 -0.16
0.0002275 -6.08 0
0.0002276 -6.16 0
0.0002277 -6.08 0
0.0002278 -6.08 0
0.0002279 -6.08 0
0.000228 -6.08 0
0.0002281 -6.08 0
0.0002282 -6 0
0.0002283 -6 0
0.0002284 -5.84 0
0.0002285 -5.84 0
0.0002286 -5.84 0
0.0002287 -5.76 0.08
0.0002288 -5.76 0
0.0002289 -5.76 0.08
0.000229 -5.68 0.08
0.0002291 -5.68 0.08
0.0002292 -5.6 0.08
0.0002293 -5.52 0.08
0.0002294 -5.52 0.08
0.0002295 -5.44 0.08
0.0002296 -5.44 0.16
0.0002297 -5.36 0.16
0.0002298 -5.36 0.16
0.0002299 -5.2 0.08
0.00023 -5.2 0.16
0.0002301 -5.12 0.16
0.0002302 -5.12 0.08
0.0002303 -5.04 0.16
0.0002304 -4.88 0.16
0.0002305 -4.88 0.24
0.0002306 -4.8 0.16
0.0002307 -4.72 0.24
0.0002308 -4.72 0.24
0.0002309 -4.64 0.16
0.000231 -4.56 0.24
0.0002311 -4.48 0.32
0.0002312 -4.4 0.32
0.0002313 -4.24 0.24
0.0002314 -4.16 0.32
0.0002315 -4.16 0.32
0.0002316 -4.08 0.32
0.0002317 -3.92 0.32
0.0002318 -3.92 0.32
0.0002319 -3.84 0.32
0.000232 -3.76 0.24
0.0002321 -3.6 0.32
0.0002322 -3.6 0.32
0.0002323 -3.52 0.32
0.0002324 -3.44 0.32
0.0002325 -3.28 0.32
0.0002326 -3.2 0.32
0.0002327 -3.12 0.32
0.0002328 -2.96 0.4
0.0002329 -2.96 0.32
0.000233 -2.8 0.4
0.0002331 -2.72 0.32
0.0002332 -2.64 0.4
0.0002333 -2.56 0.4
0.0002334 -2.48 0.4
0.0002335 -2.32 0.32
0.0002336 -2.24 0.32
0.0002337 -2.16 0.4
0.0002338 -2 0.4
0.0002339 -1.92 0.4
0.000234 -1.84 0.32
0.0002341 -1.68 0.4
0.0002342 -1.6 0.4
0.0002343 -1.52 0.4
0.0002344 -1.36 0.48
0.0002345 -1.36 0.4
0.0002346 -1.2 0.4
0.0002347 -1.04 0.4
0.0002348 -1.04 0.4
0.0002349 -0.88 0.4
0.000235 -0.72 0.4
0.0002351 -0.64 0.4
0.0002352 -0.56 0.4
0.0002353 -0.4 0.48
0.0002354 -0.32 0.4
0.0002355 -0.24 0.4
0.0002356 -0.24 0.4
0.0002357 0.08 0.4
0.0002358 0.16 0.48
0.0002359 0.32 0.4
0.000236 0.32 0.48
0.0002361 0.48 0.4
0.0002362 0.56 0.48
0.0002363 0.72 0.4
0.0002364 0.8 0.48
0.0002365 0.96 0.48
0.0002366 0.96 0.4
0.0002367 1.04 0.4
0.0002368 1.28 0.4
0.0002369 1.28 0.48
0.000237 1.44 0.4
0.0002371 1.6 0.4
0.0002372 1.6 0.4
0.0002373 1.68 0.4
0.0002374 1.84 0.4
0.0002375 1.92 0.4
0.0002376 2 0.4
0.0002377 2.16 0.4
0.0002378 2.24 0.48
0.0002379 2.32 0.4
0.000238 2.48 0.4
0.0002381 2.56 0.48
0.0002382 2.64 0.4
0.0002383 2.72 0.48
0.0002384 2.88 0.4
0.0002385 2.88 0.4
0.0002386 2.96 0.32
0.0002387 3.04 0.4
0.0002388 3.2 0.4
0.0002389 3.28 0.4
0.000239 3.36 0.32
0.0002391 3.52 0.32
0.0002392 3.52 0.4
0.0002393 3.6 0.32
0.0002394 3.76 0.4
0.0002395 3.84 0.32
0.0002396 3.92 0.32
0.0002397 4 0.4
0.0002398 4 0.4
0.0002399 4.16 0.4
0.00024 4.24 0.32
0.0002401 4.24 0.32
0.0002402 4.32 0.32
0.0002403 4.4 0.32
0.0002404 4.48 0.32
0.0002405 4.56 0.32
0.0002406 4.64 0.32
0.0002407 4.72 0.32
0.0002408 4.8 0.32
0.0002409 4.8 0.32
0.000241 4.88 0.24
0.0002411 4.96 0.16
0.0002412 4.96 0.24
0.0002413 5.12 0.24
0.0002414 5.12 0.24
0.0002415 5.2 0.24
0.0002416 5.2 0.16
0.0002417 5.28 0.32
0.0002418 5.28 0.24
0.0002419 5.44 0.24
0.000242 5.44 0.24
0.0002421 5.44 0.16
0.0002422 5.52 0.16
0.0002423 5.6 0.08
0.0002424 5.6 0.16
0.0002425 5.76 0.08
0.0002426 5.68 0.16
0.0002427 5.76 0.16
0.0002428 5.84 0.16
0.0002429 5.84 0.16
0.000243 5.84 0.08
0.0002431 5.84 0.16
0.0002432 5.92 0.08
0.0002433 5.92 0.16
0.0002434 5.92 0.08
0.0002435 5.92 0.08
0.0002436 6 0.08
0.0002437 5.92 0.08
0.0002438 6 0.08
0.0002439 6 0.08
0.000244 6.08 0
0.0002441 6.08 0
0.0002442 6 0
0.0002443 6.08 0
0.0002444 6.08 0
0.0002445 6.08 0
0.0002446 6.08 0
0.0002447 6.08 0
0.0002448 6.08 -0.16
0.0002449 6.08 0
0.000245 6.08 0
0.0002451 6.08 -0.16
0.0002452 6.08 0
0.0002453 6.08 0
0.0002454 6 0
0.0002455 5.92 -0.16
0.0002456 5.92 0
0.0002457 5.92 -0.16
0.0002458 5.92 -0.16
0.0002459 5.92 0
0.000246 5.92 -0.16
0.0002461 5.92 -0.16
0.0002462 5.84 -0.24
0.0002463 5.76 -0.16
0.0002464 5.76 -0.16
0.0002465 5.76 -0.16
0.0002466 5.68 -0.24
0.0002467 5.6 -0.24
0.0002468 5.6 -0.24
0.0002469 5.6 -0.24
0.000247 5.44 -0.24
0.0002471 5.44 -0.32
0.0002472 5.44 -0.24
0.0002473 5.36 -0.32
0.0002474 5.28 -0.24
0.0002475 5.28 -0.24
0.0002476 5.2 -0.32
0.0002477 5.2 -0.24
0.0002478 5.12 -0.4
0.0002479 5.12 -0.24
0.000248 4.96 -0.32
0.0002481 4.96 -0.4
0.0002482 4.88 -0.4
0.0002483 4.8 -0.32
0.0002484 4.72 -0.32
0.0002485 4.64 -0.32
0.0002486 4.64 -0.32
0.0002487 4.56 -0.4
0.0002488 4.48 -0.32
0.0002489 4.48 -0.4
0.000249 4.24 -0.4
0.0002491 4.24 -0.4
0.0002492 4.16 -0.4
0.0002493 4.16 -0.4
0.0002494 4 -0.48
0.0002495 3.92 -0.48
0.0002496 3.84 -0.48
0.0002497 3.76 -0.48
0.0002498 3.68 -0.48
0.0002499 3.6 -0.48
0.00025 3.52 -0.56
0.0002501 3.52 -0.4
0.0002502 3.36 -0.4
0.0002503 3.28 -0.48
0.0002504 3.2 -0.4
0.0002505 3.04 -0.48
0.0002506 2.96 -0.48
0.0002507 2.88 -0.56
0.0002508 2.8 -0.56
0.0002509 2.64 -0.48
0.000251 2.56 -0.56
0.0002511 2.48 -0.48
0.0002512 2.4 -0.56
0.0002513 2.24 -0.56
0.0002514 2.24 -0.56
0.0002515 2.08 -0.56
0.0002516 2 -0.56
0.0002517 1.92 -0.56
0.0002518 1.76 -0.56
0.0002519 1.68 -0.56
0.000252 1.6 -0.56
0.0002521 1.44 -0.56
0.0002522 1.36 -0.56
0.0002523 1.28 -0.56
0.0002524 1.12 -0.56
0.0002525 1.04 -0.56
0.0002526 0.96 -0.56
0.0002527 0.88 -0.56
0.0002528 0.72 -0.64
0.0002529 0.64 -0.56
0.000253 0.48 -0.56
0.0002531 0.32 -0.56
0.0002532 0.32 -0.56
0.0002533 0.16 -0.64
0.0002534 0.08 -0.56
0.0002535 0 -0.64
0.0002536 -0.24 -0.56
0.0002537 -0.32 -0.64
0.0002538 -0.4 -0.56
0.0002539 -0.56 -0.56
0.000254 -0.64 -0.56
0.0002541 -0.72 -0.64
0.0002542 -0.8 -0.64
0.0002543 -0.96 -0.64
0.0002544 -1.04 -0.64
0.0002545 -1.2 -0.56
0.0002546 -1.28 -0.64
0.0002547 -1.36 -0.56
0.0002548 -1.44 -0.64
0.0002549 -1.6 -0.56
0.000255 -1.68 -0.56
0.0002551 -1.76 -0.64
0.0002552 -1.92 -0.56
0.0002553 -1.92 -0.56
0.0002554 -2.16 -0.56
0.0002555 -2.24 -0.56
0.0002556 -2.32 -0.56
0.0002557 -2.32 -0.56
0.0002558 -2.48 -0.56
0.0002559 -2.56 -0.64
0.000256 -2.64 -0.56
0.0002561 -2.8 -0.56
0.0002562 -2.88 -0.64
0.0002563 -2.96 -0.56
0.0002564 -3.04 -0.56
0.0002565 -3.12 -0.64
0.0002566 -3.2 -0.56
0.0002567 -3.28 -0.64
0.0002568 -3.44 -0.48
0.0002569 -3.6 -0.56
0.000257 -3.6 -0.48
0.0002571 -3.68 -0.56
0.0002572 -3.76 -0.56
0.0002573 -3.92 -0.48
0.0002574 -3.92 -0.56
0.0002575 -4 -0.48
0.0002576 -4.08 -0.48
0.0002577 -4.24 -0.48
0.0002578 -4.24 -0.48
0.0002579 -4.4 -0.48
0.000258 -4.4 -0.48
0.0002581 -4.48 -0.48
0.0002582 -4.56 -0.48
0.0002583 -4.64 -0.48
0.0002584 -4.72 -0.48
0.0002585 -4.8 -0.48
0.0002586 -4.88 -0.4
0.0002587 -4.88 -0.48
0.0002588 -5.04 -0.4
0.0002589 -5.04 -0.48
0.000259 -5.12 -0.4
0.0002591 -5.2 -0.4
0.0002592 -5.2 -0.4
0.0002593 -5.2 -0.4
0.0002594 -5.36 -0.4
0.0002595 -5.36 -0.4
0.0002596 -5.44 -0.32
0.0002597 -5.44 -0.4
0.0002598 -5.52 -0.4
0.0002599 -5.52 -0.4
0.00026 -5.6 -0.32
0.0002601 -5.68 -0.4
0.0002602 -5.76 -0.4
0.0002603 -5.76 -0.4
0.0002604 -5.76 -0.32
0.0002605 -5.84 -0.32
0.0002606 -5.84 -0.32
0.0002607 -5.84 -0.24
0.0002608 -5.84 -0.4
0.0002609 -6 -0.24
0.000261 -6 -0.32
0.0002611 -6 -0.24
0.0002612 -6 -0.24
0.0002613 -6 -0.32
0.0002614 -6.08 -0.24
0.0002615 -6.16 -0.24
0.0002616 -6.16 -0.24
0.0002617 -6.16 -0.24
0.0002618 -6.16 -0.24
0.0002619 -6.16 -0.24
0.000262 -6.16 -0.24
0.0002621 -6.16 -0.16
0.0002622 -6.16 -0.16
0.0002623 -6.16 0
0.0002624 -6.16 -0.24
0.0002625 -6.16 0
0.0002626 -6.16 0
0.0002627 -6.16 0
0.0002628 -6.16 0
0.0002629 -6.16 -0.16
0.000263 -6.16 0
0.0002631 -6.16 0
0.0002632 -6.16 0
0.0002633 -6.08 -0.16
0.0002634 -6.16 0
0.0002635 -6.08 0
0.0002636 -6.08 0
0.0002637 -6.08 0
0.0002638 -6 0
0.0002639 -6 0
0.000264 -6 0
0.0002641 -5.92 0.08
0.0002642 -5.92 0
0.0002643 -5.84 0.08
0.0002644 -5.84 0.08
0.0002645 -5.76 0.08
0.0002646 -5.68 0.08
0.0002647 -5.76 0.08
0.0002648 -5.68 0.08
0.0002649 -5.52 0.08
0.000265 -5.52 0.16
0.0002651 -5.52 0.16
0.0002652 -5.52 0.08
0.0002653 -5.44 0.08
0.0002654 -5.36 0.08
0.0002655 -5.28 0.16
0.0002656 -5.2 0.16
0.0002657 -5.2 0.16
0.0002658 -5.12 0.16
0.0002659 -5.04 0.16
0.000266 -5.04 0.16
0.0002661 -4.96 0.24
0.0002662 -4.88 0.16
0.0002663 -4.88 0.16
0.0002664 -4.8 0.24
0.0002665 -4.72 0.16
0.0002666 -4.56 0.24
0.0002667 -4.56 0.24
0.0002668 -4.48 0.24
0.0002669 -4.4 0.24
0.000267 -4.4 0.16
0.0002671 -4.24 0.32
0.0002672 -4.16 0.32
0.0002673 -4.16 0.32
0.0002674 -4 0.32
0.0002675 -3.92 0.32
0.0002676 -3.84 0.24
0.0002677 -3.76 0.32
0.0002678 -3.6 0.32
0.0002679 -3.6 0.32
0.000268 -3.52 0.32
0.0002681 -3.44 0.32
0.0002682 -3.36 0.32
0.0002683 -3.2 0.32
0.0002684 -3.12 0.32
0.0002685 -2.96 0.4
0.0002686 -2.96 0.32
0.0002687 -2.88 0.32
0.0002688 -2.8 0.32
0.0002689 -2.64 0.4
0.000269 -2.56 0.32
0.0002691 -2.4 0.4
0.0002692 -2.32 0.4
0.0002693 -2.24 0.4
0.0002694 -2.16 0.4
0.0002695 -2 0.4
0.0002696 -1.92 0.4
0.0002697 -1.84 0.4
0.0002698 -1.68 0.4
0.0002699 -1.68 0.4
0.00027 -1.6 0.4
0.0002701 -1.44 0.4
0.0002702 -1.36 0.4
0.0002703 -1.28 0.4
0.0002704 -1.12 0.4
0.0002705 -1.04 0.48
0.0002706 -0.88 0.4
0.0002707 -0.8 0.4
0.0002708 -0.64 0.32
0.0002709 -0.56 0.4
0.000271 -0.48 0.4
0.0002711 -0.32 0.4
0.0002712 -0.24 0.48
0.0002713 0 0.4
0.0002714 0.08 0.4
0.0002715 0.16 0.48
0.0002716 0.32 0.48
0.0002717 0.32 0.48
0.0002718 0.48 0.48
0.0002719 0.56 0.4
0.000272 0.64 0.4
0.0002721 0.8 0.48
0.0002722 0.88 0.4
0.0002723 0.96 0.4
0.0002724 1.12 0.4
0.0002725 1.2 0.4
0.0002726 1.28 0.4
0.0002727 1.44 0.4
0.0002728 1.44 0.48
0.0002729 1.6 0.4
0.000273 1.68 0.4
0.0002731 1.76 0.4
0.0002732 1.92 0.4
0.0002733 2 0.48
0.0002734 2.08 0.4
0.0002735 2.24 0.4
0.0002736 2.24 0.4
0.0002737 2.4 0.4
0.0002738 2.56 0.4
0.0002739 2.64 0.4
0.000274 2.72 0.32
0.0002741 2.88 0.4
0.0002742 2.88 0.4
0.0002743 2.96 0.4
0.0002744 3.04 0.4
0.0002745 3.2 0.32
0.0002746 3.28 0.4
0.0002747 3.36 0.4
0.0002748 3.52 0.4
0.0002749 3.52 0.4
0.000275 3.6 0.32
0.0002751 3.68 0.4
0.0002752 3.84 0.4
0.0002753 3.84 0.32
0.0002754 4 0.32
0.0002755 4 0.32
0.0002756 4.16 0.32
0.0002757 4.24 0.32
0.0002758 4.24 0.32
0.0002759 4.32 0.32
0.000276 4.4 0.32
0.0002761 4.48 0.32
0.0002762 4.56 0.32
0.0002763 4.64 0.24
0.0002764 4.72 0.32
0.0002765 4.8 0.4
0.0002766 4.8 0.32
0.0002767 4.88 0.32
0.0002768 4.96 0.16
0.0002769 4.96 0.32
0.000277 5.12 0.24
0.0002771 5.12 0.32
0.0002772 5.2 0.32
0.0002773 5.2 0.24
0.0002774 5.28 0.24
0.0002775 5.36 0.16
0.0002776 5.44 0.24
0.0002777 5.44 0.16
0.0002778 5.52 0.16
0.0002779 5.52 0.16
0.000278 5.6 0.16
0.0002781 5.6 0.16
0.0002782 5.6 0.16
0.0002783 5.76 0.24
0.0002784 5.76 0.16
0.0002785 5.84 0.16
0.0002786 5.84 0.16
0.0002787 5.84 0.16
0.0002788 5.84 0.16
0.0002789 5.92 0.16
0.000279 5.92 0.16
0.0002791 5.92 0.08
0.0002792 5.92 0.08
0.0002793 5.92 0.08
0.0002794 6 0.08
0.0002795 6 0
0.0002796 6 0.08
0.0002797 6.08 0.08
0.0002798 6.08 0.08
0.0002799 6.08 0.08
0.00028 6.08 0
0.0002801 6.08 0
0.0002802 6.08 0.08
0.0002803 6.08 0
0.0002804 6.08 0
0.0002805 6.08 0
0.0002806 6.08 0
0.0002807 6.08 0
0.0002808 6.08 0
0.0002809 6.08 0
0.000281 6.08 0
0.0002811 6 -0.24
0.0002812 6.08 -0.16
0.0002813 5.92 -0.16
0.0002814 5.92 -0.16
0.0002815 5.92 0
0.0002816 5.92 -0.16
0.0002817 5.92 0
0.0002818 5.84 -0.16
0.0002819 5.84 -0.24
0.000282 5.76 -0.24
0.0002821 5.76 -0.24
0.0002822 5.76 -0.16
0.0002823 5.68 -0.24
0.0002824 5.6 -0.16
0.0002825 5.6 -0.24
0.0002826 5.6 -0.24
0.0002827 5.6 -0.24
0.0002828 5.52 -0.32
0.0002829 5.44 -0.24
0.000283 5.44 -0.32
0.0002831 5.44 -0.32
0.0002832 5.28 -0.32
0.0002833 5.2 -0.24
0.0002834 5.2 -0.32
0.0002835 5.12 -0.32
0.0002836 5.12 -0.32
0.0002837 4.96 -0.32
0.0002838 4.96 -0.32
0.0002839 4.88 -0.32
0.000284 4.88 -0.32
0.0002841 4.8 -0.32
0.0002842 4.64 -0.32
0.0002843 4.64 -0.4
0.0002844 4.56 -0.4
0.0002845 4.56 -0.4
0.0002846 4.48 -0.4
0.0002847 4.32 -0.4
0.0002848 4.16 -0.4
0.0002849 4.16 -0.4
0.000285 4.16 -0.48
0.0002851 4.08 -0.4
0.0002852 3.92 -0.4
0.0002853 3.84 -0.48
0.0002854 3.76 -0.4
0.0002855 3.68 -0.56
0.0002856 3.6 -0.4
0.0002857 3.52 -0.48
0.0002858 3.44 -0.48
0.0002859 3.36 -0.48
0.000286 3.28 -0.48
0.0002861 3.2 -0.4
0.0002862 3.04 -0.56
0.0002863 2.96 -0.48
0.0002864 2.88 -0.48
0.0002865 2.88 -0.56
0.0002866 2.72 -0.56
0.0002867 2.56 -0.56
0.0002868 2.56 -0.48
0.0002869 2.4 -0.56
0.000287 2.32 -0.48
0.0002871 2.24 -0.56
0.0002872 2.08 -0.48
0.0002873 2 -0.56
0.0002874 1.92 -0.48
0.0002875 1.84 -0.64
0.0002876 1.68 -0.56
0.0002877 1.6 -0.56
0.0002878 1.44 -0.56
0.0002879 1.44 -0.56
0.000288 1.28 -0.64
0.0002881 1.12 -0.64
0.0002882 1.04 -0.64
0.0002883 0.96 -0.56
0.0002884 0.88 -0.56
0.0002885 0.72 -0.56
0.0002886 0.64 -0.56
0.0002887 0.56 -0.56
0.0002888 0.4 -0.56
0.0002889 0.32 -0.64
0.000289 0.24 -0.56
0.0002891 0.08 -0.56
0.0002892 0 -0.64
0.0002893 0 -0.64
0.0002894 -0.32 -0.64
0.0002895 -0.4 -0.56
0.0002896 -0.56 -0.64
0.0002897 -0.64 -0.56
0.0002898 -0.72 -0.64
0.0002899 -0.8 -0.64
0.00029 -0.88 -0.64
0.0002901 -1.04 -0.64
0.0002902 -1.2 -0.56
0.0002903 -1.28 -0.56
0.0002904 -1.36 -0.56
0.0002905 -1.44 -0.64
0.0002906 -1.6 -0.56
0.0002907 -1.68 -0.64
0.0002908 -1.68 -0.64
0.0002909 -1.84 -0.56
0.000291 -2 -0.64
0.0002911 -2 -0.56
0.0002912 -2.16 -0.56
0.0002913 -2.32 -0.56
0.0002914 -2.32 -0.56
0.0002915 -2.48 -0.56
0.0002916 -2.56 -0.56
0.0002917 -2.64 -0.64
0.0002918 -2.8 -0.56
0.0002919 -2.88 -0.56
0.000292 -2.96 -0.48
0.0002921 -3.12 -0.64
0.0002922 -3.12 -0.56
0.0002923 -3.28 -0.56
0.0002924 -3.28 -0.56
0.0002925 -3.44 -0.56
0.0002926 -3.52 -0.56
0.0002927 -3.6 -0.56
0.0002928 -3.76 -0.56
0.0002929 -3.76 -0.48
0.000293 -3.84 -0.56
0.0002931 -3.92 -0.56
0.0002932 -4.08 -0.56
0.0002933 -4.08 -0.56
0.0002934 -4.16 -0.48
0.0002935 -4.24 -0.48
0.0002936 -4.32 -0.48
0.0002937 -4.4 -0.56
0.0002938 -4.48 -0.4
0.0002939 -4.56 -0.4
0.000294 -4.64 -0.48
0.0002941 -4.72 -0.4
0.0002942 -4.72 -0.48
0.0002943 -4.88 -0.4
0.0002944 -4.88 -0.4
0.0002945 -4.96 -0.4
0.0002946 -5.04 -0.4
0.0002947 -5.12 -0.4
0.0002948 -5.2 -0.4
0.0002949 -5.2 -0.4
0.000295 -5.2 -0.4
0.0002951 -5.36 -0.48
0.0002952 -5.36 -0.4
0.0002953 -5.44 -0.4
0.0002954 -5.44 -0.4
0.0002955 -5.52 -0.4
0.0002956 -5.52 -0.4
0.0002957 -5.68 -0.32
0.0002958 -5.68 -0.4
0.0002959 -5.68 -0.24
0.000296 -5.76 -0.32
0.0002961 -5.76 -0.32
0.0002962 -5.76 -0.32
0.0002963 -5.84 -0.32
0.0002964 -5.84 -0.32
0.0002965 -5.84 -0.32
0.0002966 -6 -0.32
0.0002967 -6 -0.32
0.0002968 -6 -0.32
0.0002969 -6 -0.32
0.000297 -6.08 -0.32
0.0002971 -6.08 -0.32
0.0002972 -6.08 -0.24
0.0002973 -6.08 -0.32
0.0002974 -6.08 -0.24
0.0002975 -6.16 -0.24
0.0002976 -6.16 -0.24
0.0002977 -6.16 -0.24
0.0002978 -6.16 -0.16
0.0002979 -6.16 -0.16
0.000298 -6.16 -0.16
0.0002981 -6.16 -0.16
0.0002982 -6.16 -0.16
0.0002983 -6.16 -0.24
0.0002984 -6.16 0
0.0002985 -6.16 0
0.0002986 -6.16 -0.16
0.0002987 -6.16 -0.16
0.0002988 -6.16 0
0.0002989 -6.08 -0.16
0.000299 -6.16 0
0.0002991 -6.08 0.08
0.0002992 -6.08 0
0.0002993 -6.08 0
0.0002994 -6.08 0
0.0002995 -6 0
0.0002996 -6 0
0.0002997 -6 0
0.0002998 -5.92 0
0.0002999 -5.84 0
0.0003 -5.84 0.08
0.0003001 -5.84 0.08
0.0003002 -5.76 0
0.0003003 -5.76 0.08
0.0003004 -5.76 0.08
0.0003005 -5.68 0.08
0.0003006 -5.6 0.08
0.0003007 -5.52 0.08
0.0003008 -5.52 0.08
0.0003009 -5.52 0.16
0.000301 -5.44 0.16
0.0003011 -5.36 0.16
0.0003012 -5.36 0.16
0.0003013 -5.2 0.08
0.0003014 -5.2 0.16
0.0003015 -5.12 0.16
0.0003016 -5.12 0.16
0.0003017 -5.04 0.16
0.0003018 -4.96 0.16
0.0003019 -4.88 0.16
0.000302 -4.88 0.16
0.0003021 -4.8 0.24
0.0003022 -4.72 0.16
0.0003023 -4.56 0.24
0.0003024 -4.56 0.16
0.0003025 -4.4 0.24
0.0003026 -4.4 0.24
0.0003027 -4.32 0.32
0.0003028 -4.24 0.24
0.0003029 -4.16 0.32
0.000303 -4.08 0.32
0.0003031 -3.92 0.32
0.0003032 -3.92 0.32
0.0003033 -3.92 0.32
0.0003034 -3.76 0.32
0.0003035 -3.6 0.32
0.0003036 -3.6 0.32
0.0003037 -3.52 0.32
0.0003038 -3.44 0.32
0.0003039 -3.28 0.32
0.000304 -3.28 0.32
0.0003041 -3.12 0.4
0.0003042 -3.12 0.32
0.0003043 -2.96 0.32
0.0003044 -2.88 0.32
0.0003045 -2.64 0.32
0.0003046 -2.64 0.4
0.0003047 -2.56 0.32
0.0003048 -2.48 0.4
0.0003049 -2.4 0.32
0.000305 -2.24 0.4
0.0003051 -2.16 0.4
0.0003052 -2.08 0.4
0.0003053 -1.92 0.4
0.0003054 -1.92 0.4
0.0003055 -1.68 0.4
0.0003056 -1.68 0.4
0.0003057 -1.6 0.4
0.0003058 -1.36 0.4
0.0003059 -1.36 0.32
0.000306 -1.28 0.4
0.0003061 -1.12 0.4
0.0003062 -1.04 0.48
0.0003063 -0.88 0.4
0.0003064 -0.88 0.4
0.0003065 -0.72 0.4
0.0003066 -0.64 0.48
0.0003067 -0.48 0.48
0.0003068 -0.4 0.4
0.0003069 -0.32 0.4
0.000307 -0.16 0.4
0.0003071 0 0.4
0.0003072 0.08 0.4
0.0003073 0.24 0.4
0.0003074 0.32 0.4
0.0003075 0.48 0.48
0.0003076 0.48 0.4
0.0003077 0.64 0.4
0.0003078 0.72 0.4
0.0003079 0.8 0.4
0.000308 0.96 0.48
0.0003081 1.04 0.4
0.0003082 1.12 0.4
0.0003083 1.28 0.48
0.0003084 1.36 0.4
0.0003085 1.52 0.4
0.0003086 1.6 0.4
0.0003087 1.68 0.4
0.0003088 1.76 0.4
0.0003089 1.92 0.4
0.000309 2 0.4
0.0003091 2.08 0.4
0.0003092 2.24 0.4
0.0003093 2.32 0.4
0.0003094 2.4 0.4
0.0003095 2.48 0.4
0.0003096 2.56 0.48
0.0003097 2.64 0.4
0.0003098 2.8 0.4
0.0003099 2.88 0.4
0.00031 2.96 0.4
0.0003101 3.04 0.4
0.0003102 3.2 0.4
0.0003103 3.28 0.4
0.0003104 3.36 0.32
0.0003105 3.44 0.4
0.0003106 3.52 0.4
0.0003107 3.6 0.4
0.0003108 3.68 0.32
0.0003109 3.76 0.32
0.000311 3.84 0.4
0.0003111 3.92 0.32
0.0003112 4 0.4
0.0003113 4.16 0.32
0.0003114 4.16 0.32
0.0003115 4.24 0.32
0.0003116 4.32 0.4
0.0003117 4.32 0.32
0.0003118 4.48 0.32
0.0003119 4.48 0.32
0.000312 4.64 0.32
0.0003121 4.72 0.32
0.0003122 4.8 0.32
0.0003123 4.8 0.32
0.0003124 4.88 0.32
0.0003125 4.96 0.24
0.0003126 4.96 0.32
0.0003127 5.12 0.32
0.0003128 5.12 0.32
0.0003129 5.12 0.16
0.000313 5.28 0.32
0.0003131 5.28 0.24
0.0003132 5.28 0.24
0.0003133 5.36 0.32
0.0003134 5.44 0.16
0.0003135 5.44 0.16
0.0003136 5.52 0.16
0.0003137 5.52 0.16
0.0003138 5.6 0.16
0.0003139 5.6 0.16
0.000314 5.76 0.16
0.0003141 5.76 0.08
0.0003142 5.76 0.16
0.0003143 5.84 0.08
0.0003144 5.76 0.16
0.0003145 5.84 0.08
0.0003146 5.92 0.16
0.0003147 5.84 0.08
0.0003148 5.92 0.08
0.0003149 6 0.08
0.000315 5.92 0.08
0.0003151 6 0.08
0.0003152 6.08 0
0.0003153 6.08 0.08
0.0003154 6.08 0.08
0.0003155 6 0.08
0.0003156 6.08 0.08
0.0003157 6 0
0.0003158 6.08 0.08
0.0003159 6.08 0
0.000316 6.08 0
0.0003161 6.08 0
0.0003162 6.08 0
0.0003163 6.08 -0.16
0.0003164 6.08 0
0.0003165 6.08 0
0.0003166 6.08 0
0.0003167 6 0
0.0003168 6.08 -0.16
0.0003169 5.92 0
0.000317 5.92 -0.16
0.0003171 5.92 -0.16
0.0003172 5.92 -0.16
0.0003173 5.92 -0.16
0.0003174 5.92 -0.16
0.0003175 5.84 -0.24
0.0003176 5.84 -0.16
0.0003177 5.84 -0.24
0.0003178 5.76 -0.24
0.0003179 5.76 -0.24
0.000318 5.76 -0.24
0.0003181 5.68 -0.24
0.0003182 5.6 -0.32
0.0003183 5.6 -0.24
0.0003184 5.52 -0.32
0.0003185 5.52 -0.24
0.0003186 5.44 -0.24
0.0003187 5.44 -0.24
0.0003188 5.28 -0.32
0.0003189 5.28 -0.32
0.000319 5.2 -0.32
0.0003191 5.2 -0.32
0.0003192 5.12 -0.24
0.0003193 5.12 -0.32
0.0003194 5.12 -0.32
0.0003195 4.96 -0.4
0.0003196 4.88 -0.4
0.0003197 4.88 -0.32
0.0003198 4.8 -0.32
0.0003199 4.64 -0.32
0.00032 4.64 -0.4
0.0003201 4.56 -0.32
0.0003202 4.48 -0.4
0.0003203 4.48 -0.4
0.0003204 4.32 -0.4
0.0003205 4.24 -0.4
0.0003206 4.16 -0.4
0.0003207 4.16 -0.4
0.0003208 4 -0.4
0.0003209 3.92 -0.4
0.000321 3.84 -0.4
0.0003211 3.84 -0.4
0.0003212 3.68 -0.48
0.0003213 3.6 -0.4
0.0003214 3.52 -0.56
0.0003215 3.44 -0.48
0.0003216 3.36 -0.48
0.0003217 3.28 -0.48
0.0003218 3.2 -0.48
0.0003219 3.04 -0.48
0.000322 2.96 -0.48
0.0003221 2.88 -0.48
0.0003222 2.88 -0.48
0.0003223 2.72 -0.56
0.0003224 2.64 -0.48
0.0003225 2.56 -0.56
0.0003226 2.4 -0.48
0.0003227 2.32 -0.56
0.0003228 2.24 -0.56
0.0003229 2.24 -0.48
0.000323 2 -0.56
0.0003231 1.92 -0.56
0.0003232 1.76 -0.64
0.0003233 1.68 -0.56
0.0003234 1.6 -0.64
0.0003235 1.44 -0.64
0.0003236 1.36 -0.56
0.0003237 1.28 -0.56
0.0003238 1.28 -0.56
0.0003239 1.12 -0.64
0.000324 0.96 -0.56
0.0003241 0.88 -0.56
0.0003242 0.72 -0.56
0.0003243 0.64 -0.56
0.0003244 0.48 -0.64
0.0003245 0.48 -0.56
0.0003246 0.32 -0.64
0.0003247 0.24 -0.56
0.0003248 0.16 -0.64
0.0003249 0.08 -0.64
0.000325 -0.16 -0.64
0.0003251 -0.24 -0.64
0.0003252 -0.4 -0.64
0.0003253 -0.4 -0.64
0.0003254 -0.64 -0.56
0.0003255 -0.72 -0.64
0.0003256 -0.8 -0.56
0.0003257 -0.96 -0.56
0.0003258 -1.04 -0.64
0.0003259 -1.12 -0.64
0.000326 -1.2 -0.64
0.0003261 -1.36 -0.56
0.0003262 -1.36 -0.64
0.0003263 -1.6 -0.64
0.0003264 -1.6 -0.64
0.0003265 -1.76 -0.56
0.0003266 -1.84 -0.64
0.0003267 -2 -0.56
0.0003268 -2 -0.64
0.0003269 -2.24 -0.56
0.000327 -2.24 -0.56
0.0003271 -2.32 -0.56
0.0003272 -2.48 -0.56
0.0003273 -2.56 -0.56
0.0003274 -2.64 -0.56
0.0003275 -2.8 -0.56
0.0003276 -2.88 -0.56
0.0003277 -2.96 -0.56
0.0003278 -2.96 -0.48
0.0003279 -3.12 -0.56
0.000328 -3.2 -0.64
0.0003281 -3.28 -0.56
0.0003282 -3.44 -0.56
0.0003283 -3.44 -0.56
0.0003284 -3.6 -0.56
0.0003285 -3.76 -0.56
0.0003286 -3.76 -0.48
0.0003287 -3.84 -0.56
0.0003288 -3.92 -0.48
0.0003289 -4.08 -0.48
0.000329 -4.08 -0.48
0.0003291 -4.16 -0.48
0.0003292 -4.24 -0.48
0.0003293 -4.4 -0.48
0.0003294 -4.4 -0.48
0.0003295 -4.48 -0.48
0.0003296 -4.56 -0.48
0.0003297 -4.56 -0.48
0.0003298 -4.72 -0.48
0.0003299 -4.72 -0.48
0.00033 -4.88 -0.4
0.0003301 -4.88 -0.48
0.0003302 -4.88 -0.4
0.0003303 -5.04 -0.4
0.0003304 -5.12 -0.4
0.0003305 -5.2 -0.48
0.0003306 -5.2 -0.4
0.0003307 -5.28 -0.4
0.0003308 -5.36 -0.4
0.0003309 -5.36 -0.4
0.000331 -5.44 -0.4
0.0003311 -5.52 -0.32
0.0003312 -5.52 -0.32
0.0003313 -5.52 -0.32
0.0003314 -5.6 -0.32
0.0003315 -5.6 -0.4
0.0003316 -5.68 -0.32
0.0003317 -5.76 -0.4
0.0003318 -5.76 -0.32
0.0003319 -5.76 -0.32
0.000332 -5.84 -0.32
0.0003321 -5.84 -0.32
0.0003322 -5.84 -0.32
0.0003323 -5.92 -0.32
0.0003324 -6 -0.32
0.0003325 -6 -0.24
0.0003326 -6 -0.32
0.0003327 -6.08 -0.24
0.0003328 -6.08 -0.24
0.0003329 -6.08 -0.24
0.000333 -6.08 -0.24
0.0003331 -6.16 -0.24
0.0003332 -6.16 -0.24
0.0003333 -6.16 -0.32
0.0003334 -6.16 -0.16
0.0003335 -6.16 -0.24
0.0003336 -6.16 -0.24
0.0003337 -6.16 -0.24
0.0003338 -6.16 -0.16
0.0003339 -6.16 -0.16
0.000334 -6.16 -0.16
0.0003341 -6.16 0
0.0003342 -6.16 0
0.0003343 -6.16 0
0.0003344 -6.16 0
0.0003345 -6.16 0
0.0003346 -6.16 0
0.0003347 -6.16 0
0.0003348 -6.08 -0.16
0.0003349 -6.08 0
0.000335 -6.08 0
0.0003351 -6 0
0.0003352 -6 0
0.0003353 -6 0
0.0003354 -5.92 0
0.0003355 -6 0
0.0003356 -5.92 0
0.0003357 -5.84 0.08
0.0003358 -5.76 0
0.0003359 -5.76 0.08
0.000336 -5.76 0.08
0.0003361 -5.68 0.08
0.0003362 -5.68 0.08
0.0003363 -5.68 0.08
0.0003364 -5.52 0.08
0.0003365 -5.52 0.08
0.0003366 -5.44 0.16
0.0003367 -5.44 0.08
0.0003368 -5.36 0.16
0.0003369 -5.36 0.16
0.000337 -5.36 0.16
0.0003371 -5.2 0.16
0.0003372 -5.2 0.16
0.0003373 -5.12 0.16
0.0003374 -5.04 0.16
0.0003375 -4.96 0.24
0.0003376 -4.88 0.16
0.0003377 -4.8 0.24
0.0003378 -4.8 0.16
0.0003379 -4.72 0.16
0.000338 -4.64 0.24
0.0003381 -4.56 0.16
0.0003382 -4.48 0.24
0.0003383 -4.4 0.24
0.0003384 -4.32 0.24
0.0003385 -4.24 0.24
0.0003386 -4.16 0.24
0.0003387 -4.08 0.24
0.0003388 -4 0.32
0.0003389 -3.92 0.32
0.000339 -3.84 0.32
0.0003391 -3.76 0.32
0.0003392 -3.68 0.32
0.0003393 -3.6 0.32
0.0003394 -3.52 0.32
0.0003395 -3.52 0.32
0.0003396 -3.36 0.4
0.0003397 -3.28 0.32
0.0003398 -3.12 0.32
0.0003399 -3.04 0.32
0.00034 -2.96 0.32
0.0003401 -2.88 0.32
0.0003402 -2.8 0.32
0.0003403 -2.64 0.32
0.0003404 -2.56 0.4
0.0003405 -2.48 0.4
0.0003406 -2.32 0.4
0.0003407 -2.32 0.4
0.0003408 -2.16 0.32
0.0003409 -2.08 0.4
0.000341 -2 0.4
0.0003411 -1.84 0.4
0.0003412 -1.84 0.4
0.0003413 -1.68 0.4
0.0003414 -1.52 0.48
0.0003415 -1.44 0.4
0.0003416 -1.36 0.4
0.0003417 -1.28 0.4
0.0003418 -1.12 0.48
0.0003419 -1.04 0.4
0.000342 -0.96 0.4
0.0003421 -0.88 0.4
0.0003422 -0.72 0.32
0.0003423 -0.64 0.48
0.0003424 -0.48 0.4
0.0003425 -0.4 0.4
0.0003426 -0.32 0.4
0.0003427 -0.24 0.4
0.0003428 0 0.48
0.0003429 0.08 0.4
0.000343 0.16 0.4
0.0003431 0.32 0.4
0.0003432 0.48 0.4
0.0003433 0.48 0.48
0.0003434 0.64 0.48
0.0003435 0.72 0.4
0.0003436 0.88 0.4
0.0003437 0.96 0.4
0.0003438 1.04 0.4
0.0003439 1.28 0.48
0.000344 1.28 0.4
0.0003441 1.36 0.4
0.0003442 1.52 0.4
0.0003443 1.6 0.4
0.0003444 1.68 0.48
0.0003445 1.76 0.4
0.0003446 1.92 0.4
0.0003447 2 0.4
0.0003448 2.08 0.48
0.0003449 2.24 0.4
0.000345 2.24 0.4
0.0003451 2.4 0.4
0.0003452 2.48 0.4
0.0003453 2.64 0.4
0.0003454 2.64 0.32
0.0003455 2.72 0.4
0.0003456 2.88 0.4
0.0003457 2.96 0.4
0.0003458 3.04 0.32
0.0003459 3.2 0.32
0.000346 3.2 0.4
0.0003461 3.28 0.4
0.0003462 3.44 0.4
0.0003463 3.52 0.4
0.0003464 3.6 0.4
0.0003465 3.68 0.4
0.0003466 3.76 0.32
0.0003467 3.84 0.4
0.0003468 3.92 0.32
0.0003469 4 0.4
0.000347 4.16 0.32
0.0003471 4.16 0.32
0.0003472 4.24 0.32
0.0003473 4.24 0.32
0.0003474 4.32 0.32
0.0003475 4.48 0.24
0.0003476 4.56 0.32
0.0003477 4.64 0.32
0.0003478 4.64 0.32
0.0003479 4.8 0.32
0.000348 4.8 0.32
0.0003481 4.88 0.32
0.0003482 4.96 0.32
0.0003483 4.96 0.32
0.0003484 5.04 0.32
0.0003485 5.12 0.32
0.0003486 5.2 0.32
0.0003487 5.2 0.32
0.0003488 5.28 0.16
0.0003489 5.36 0.24
0.000349 5.44 0.24
0.0003491 5.44 0.16
0.0003492 5.44 0.16
0.0003493 5.52 0.16
0.0003494 5.52 0.24
0.0003495 5.6 0.16
0.0003496 5.6 0.16
0.0003497 5.68 0.08
0.0003498 5.76 0.16
0.0003499 5.76 0.16
0.00035 5.76 0.16
0.0003501 5.84 0.16
0.0003502 5.92 0.08
0.0003503 5.84 0.16
0.0003504 5.92 0.08
0.0003505 5.92 0.16
0.0003506 5.92 0.16
0.0003507 5.92 0.08
0.0003508 5.92 0.08
0.0003509 6 0
0.000351 6.08 0.08
0.0003511 6.08 0.08
0.0003512 6.08 0.08
0.0003513 6.08 0
0.0003514 6.08 0.08
0.0003515 6.08 0.08
0.0003516 6.08 0
0.0003517 6.08 0.08
0.0003518 6.08 0
0.0003519 6.08 0
0.000352 6 0
0.0003521 6.08 0
0.0003522 6.08 0
0.0003523 6.08 0
0.0003524 5.92 -0.16
0.0003525 6 -0.16
0.0003526 6.08 0
0.0003527 6.08 0
0.0003528 5.92 -0.16
0.0003529 5.92 -0.16
0.000353 5.92 0
0.0003531 5.92 -0.16
0.0003532 5.92 -0.16
0.0003533 5.84 -0.24
0.0003534 5.84 -0.16
0.0003535 5.76 -0.16
0.0003536 5.76 -0.24
0.0003537 5.68 -0.16
0.0003538 5.6 -0.24
0.0003539 5.6 -0.24
0.000354 5.52 -0.24
0.0003541 5.52 -0.24
0.0003542 5.52 -0.24
0.0003543 5.44 -0.32
0.0003544 5.44 -0.24
0.0003545 5.36 -0.32
0.0003546 5.28 -0.32
0.0003547 5.28 -0.32
0.0003548 5.2 -0.32
0.0003549 5.12 -0.32
0.000355 5.12 -0.32
0.0003551 5.04 -0.32
0.0003552 4.96 -0.32
0.0003553 4.88 -0.32
0.0003554 4.88 -0.32
0.0003555 4.8 -0.4
0.0003556 4.72 -0.32
0.0003557 4.64 -0.4
0.0003558 4.56 -0.32
0.0003559 4.56 -0.4
0.000356 4.32 -0.32
0.0003561 4.32 -0.4
0.0003562 4.32 -0.4
0.0003563 4.24 -0.4
0.0003564 4.16 -0.4
0.0003565 4 -0.4
0.0003566 4 -0.48
0.0003567 3.92 -0.4
0.0003568 3.84 -0.4
0.0003569 3.68 -0.48
0.000357 3.6 -0.4
0.0003571 3.6 -0.48
0.0003572 3.52 -0.48
0.0003573 3.36 -0.48
0.0003574 3.2 -0.48
0.0003575 3.2 -0.48
0.0003576 3.04 -0.48
0.0003577 2.96 -0.48
0.0003578 2.88 -0.48
0.0003579 2.88 -0.48
0.000358 2.72 -0.56
0.0003581 2.56 -0.56
0.0003582 2.56 -0.56
0.0003583 2.4 -0.56
0.0003584 2.32 -0.56
0.0003585 2.24 -0.48
0.0003586 2.16 -0.56
0.0003587 2 -0.56
0.0003588 1.92 -0.48
0.0003589 1.92 -0.56
0.000359 1.68 -0.56
0.0003591 1.6 -0.56
0.0003592 1.6 -0.48
0.0003593 1.36 -0.64
0.0003594 1.28 -0.56
0.0003595 1.2 -0.56
0.0003596 1.12 -0.64
0.0003597 0.96 -0.64
0.0003598 0.96 -0.64
0.0003599 0.8 -0.56
0.00036 0.72 -0.64
0.0003601 0.56 -0.56
0.0003602 0.48 -0.64
0.0003603 0.32 -0.64
0.0003604 0.24 -0.56
0.0003605 0.08 -0.56
0.0003606 0 -0.56
0.0003607 0 -0.56
0.0003608 -0.32 -0.56
0.0003609 -0.4 -0.64
0.000361 -0.4 -0.64
0.0003611 -0.56 -0.56
0.0003612 -0.64 -0.64
0.0003613 -0.72 -0.64
0.0003614 -0.88 -0.56
0.0003615 -1.04 -0.56
0.0003616 -1.04 -0.64
0.0003617 -1.28 -0.64
0.0003618 -1.36 -0.64
0.0003619 -1.44 -0.56
0.000362 -1.52 -0.56
0.0003621 -1.6 -0.64
0.0003622 -1.76 -0.56
0.0003623 -1.84 -0.56
0.0003624 -1.92 -0.56
0.0003625 -2 -0.64
0.0003626 -2.16 -0.56
0.0003627 -2.24 -0.56
0.0003628 -2.32 -0.56
0.0003629 -2.48 -0.56
0.000363 -2.56 -0.64
0.0003631 -2.56 -0.56
0.0003632 -2.8 -0.56
0.0003633 -2.8 -0.56
0.0003634 -2.96 -0.56
0.0003635 -2.96 -0.56
0.0003636 -3.12 -0.56
0.0003637 -3.28 -0.56
0.0003638 -3.28 -0.56
0.0003639 -3.44 -0.64
0.000364 -3.44 -0.56
0.0003641 -3.6 -0.56
0.0003642 -3.6 -0.48
0.0003643 -3.76 -0.48
0.0003644 -3.84 -0.56
0.0003645 -3.92 -0.56
0.0003646 -3.92 -0.56
0.0003647 -4.08 -0.48
0.0003648 -4.16 -0.48
0.0003649 -4.24 -0.56
0.000365 -4.32 -0.56
0.0003651 -4.4 -0.56
0.0003652 -4.48 -0.48
0.0003653 -4.56 -0.48
0.0003654 -4.64 -0.48
0.0003655 -4.72 -0.56
0.0003656 -4.8 -0.4
0.0003657 -4.8 -0.4
0.0003658 -4.88 -0.4
0.0003659 -4.96 -0.4
0.000366 -5.04 -0.48
0.0003661 -5.04 -0.48
0.0003662 -5.12 -0.4
0.0003663 -5.2 -0.4
0.0003664 -5.2 -0.4
0.0003665 -5.28 -0.4
0.0003666 -5.36 -0.4
0.0003667 -5.44 -0.4
0.0003668 -5.44 -0.4
0.0003669 -5.52 -0.4
0.000367 -5.52 -0.4
0.0003671 -5.52 -0.4
0.0003672 -5.68 -0.32
0.0003673 -5.68 -0.4
0.0003674 -5.68 -0.4
0.0003675 -5.76 -0.32
0.0003676 -5.84 -0.32
0.0003677 -5.84 -0.32
0.0003678 -5.84 -0.32
0.0003679 -5.84 -0.32
0.000368 -6 -0.32
0.0003681 -6 -0.32
0.0003682 -6 -0.32
0.0003683 -6.08 -0.32
0.0003684 -6.08 -0.32
0.0003685 -6.08 -0.32
0.0003686 -6.08 -0.24
0.0003687 -6.16 -0.24
0.0003688 -6.08 -0.32
0.0003689 -6.08 -0.24
0.000369 -6.16 -0.24
0.0003691 -6.16 -0.24
0.0003692 -6.16 -0.16
0.0003693 -6.16 -0.16
0.0003694 -6.16 -0.16
0.0003695 -6.16 -0.16
0.0003696 -6.16 -0.16
0.0003697 -6.16 -0.16
0.0003698 -6.16 0
0.0003699 -6.16 0
0.00037 -6.16 0
0.0003701 -6.16 -0.24
0.0003702 -6.16 0
0.0003703 -6.16 0
0.0003704 -6.16 0
0.0003705 -6.16 -0.16
0.0003706 -6.08 0
0.0003707 -6.08 -0.16
0.0003708 -6.08 0
0.0003709 -6 0
0.000371 -6 0
0.0003711 -6 0
0.0003712 -5.92 0
0.0003713 -5.92 0
0.0003714 -5.84 0
0.0003715 -5.84 0
0.0003716 -5.84 0.08
0.0003717 -5.84 0.08
0.0003718 -5.76 0.08
0.0003719 -5.68 0.08
0.000372 -5.68 0.08
0.0003721 -5.52 0.08
0.0003722 -5.52 0.08
0.0003723 -5.52 0.16
0.0003724 -5.44 0.16
0.0003725 -5.36 0.16
0.0003726 -5.36 0.08
0.0003727 -5.36 0.16
0.0003728 -5.2 0.16
0.0003729 -5.2 0.16
0.000373 -5.2 0.16
0.0003731 -5.04 0.16
0.0003732 -5.04 0.16
0.0003733 -4.88 0.16
0.0003734 -4.88 0.16
0.0003735 -4.8 0.16
0.0003736 -4.72 0.16
0.0003737 -4.64 0.24
0.0003738 -4.56 0.16
0.0003739 -4.48 0.24
0.000374 -4.4 0.16
0.0003741 -4.32 0.24
0.0003742 -4.24 0.32
0.0003743 -4.16 0.32
0.0003744 -4.08 0.24
0.0003745 -4.08 0.32
0.0003746 -3.92 0.32
0.0003747 -3.92 0.32
0.0003748 -3.76 0.32
0.0003749 -3.76 0.32
0.000375 -3.6 0.32
0.0003751 -3.52 0.32
0.0003752 -3.44 0.32
0.0003753 -3.36 0.32
0.0003754 -3.28 0.32
0.0003755 -3.2 0.32
0.0003756 -3.04 0.32
0.0003757 -2.96 0.4
0.0003758 -2.88 0.32
0.0003759 -2.8 0.4
0.000376 -2.64 0.32
0.0003761 -2.64 0.4
0.0003762 -2.48 0.4
0.0003763 -2.4 0.4
0.0003764 -2.32 0.4
0.0003765 -2.24 0.4
0.0003766 -2.16 0.4
0.0003767 -2 0.4
0.0003768 -1.84 0.4
0.0003769 -1.84 0.4
0.000377 -1.68 0.4
0.0003771 -1.6 0.4
0.0003772 -1.52 0.4
0.0003773 -1.36 0.4
0.0003774 -1.28 0.4
0.0003775 -1.2 0.4
0.0003776 -1.04 0.4
0.0003777 -0.96 0.48
0.0003778 -0.88 0.4
0.0003779 -0.72 0.4
0.000378 -0.56 0.48
0.0003781 -0.56 0.32
0.0003782 -0.4 0.48
0.0003783 -0.32 0.4
0.0003784 -0.24 0.48
0.0003785 0 0.4
0.0003786 0 0.4
0.0003787 0.16 0.4
0.0003788 0.32 0.4
0.0003789 0.32 0.4
0.000379 0.48 0.4
0.0003791 0.64 0.48
0.0003792 0.72 0.4
0.0003793 0.8 0.48
0.0003794 0.96 0.4
0.0003795 1.04 0.4
0.0003796 1.12 0.48
0.0003797 1.28 0.4
0.0003798 1.36 0.48
0.0003799 1.44 0.4
0.00038 1.6 0.4
0.0003801 1.6 0.4
0.0003802 1.76 0.48
0.0003803 1.92 0.48
0.0003804 2 0.48
0.0003805 2.08 0.4
0.0003806 2.24 0.4
0.0003807 2.24 0.4
0.0003808 2.4 0.4
0.0003809 2.4 0.4
0.000381 2.56 0.4
0.0003811 2.64 0.32
0.0003812 2.8 0.4
0.0003813 2.88 0.4
0.0003814 2.96 0.48
0.0003815 3.04 0.4
0.0003816 3.12 0.4
0.0003817 3.2 0.4
0.0003818 3.36 0.32
0.0003819 3.36 0.4
0.000382 3.52 0.32
0.0003821 3.6 0.4
0.0003822 3.68 0.32
0.0003823 3.84 0.4
0.0003824 3.84 0.32
0.0003825 3.92 0.32
0.0003826 3.92 0.32
0.0003827 4 0.32
0.0003828 4.16 0.32
0.0003829 4.24 0.32
0.000383 4.24 0.32
0.0003831 4.32 0.32
0.0003832 4.48 0.32
0.0003833 4.48 0.32
0.0003834 4.56 0.32
0.0003835 4.64 0.32
0.0003836 4.72 0.24
0.0003837 4.8 0.32
0.0003838 4.88 0.32
0.0003839 4.96 0.32
0.000384 4.96 0.24
0.0003841 5.04 0.32
0.0003842 5.12 0.32
0.0003843 5.12 0.24
0.0003844 5.2 0.32
0.0003845 5.28 0.16
0.0003846 5.28 0.16
0.0003847 5.36 0.16
0.0003848 5.44 0.24
0.0003849 5.44 0.16
0.000385 5.52 0.16
0.0003851 5.6 0.24
0.0003852 5.6 0.16
0.0003853 5.68 0.16
0.0003854 5.68 0.16
0.0003855 5.76 0.16
0.0003856 5.76 0.08
0.0003857 5.84 0.16
0.0003858 5.84 0.08
0.0003859 5.84 0.08
0.000386 5.84 0.08
0.0003861 5.84 0.08
0.0003862 5.92 0.08
0.0003863 5.92 0
0.0003864 6.08 0.08
0.0003865 5.92 0.08
0.0003866 5.92 0.08
0.0003867 6.08 0.16
0.0003868 6.08 0.08
0.0003869 6.08 0.08
0.000387 6.08 0
0.0003871 6.08 0.08
0.0003872 6.08 0
0.0003873 6.08 0
0.0003874 6.08 0
0.0003875 6.08 0
0.0003876 6.08 0
0.0003877 6.08 -0.16
0.0003878 6.08 0
0.0003879 6.08 0
0.000388 6.08 0
0.0003881 6.08 -0.16
0.0003882 5.92 -0.16
0.0003883 6.08 0
0.0003884 5.92 -0.16
0.0003885 6 0
0.0003886 5.92 -0.16
0.0003887 5.92 -0.16
0.0003888 5.84 -0.16
0.0003889 5.92 -0.16
0.000389 5.84 -0.16
0.0003891 5.76 -0.24
0.0003892 5.76 -0.24
0.0003893 5.76 -0.24
0.0003894 5.76 -0.24
0.0003895 5.76 -0.24
0.0003896 5.68 -0.24
0.0003897 5.6 -0.24
0.0003898 5.52 -0.24
0.0003899 5.44 -0.24
0.00039 5.52 -0.32
0.0003901 5.44 -0.24
0.0003902 5.36 -0.32
0.0003903 5.28 -0.32
0.0003904 5.2 -0.24
0.0003905 5.2 -0.32
0.0003906 5.12 -0.32
0.0003907 5.12 -0.32
0.0003908 4.96 -0.4
0.0003909 4.96 -0.32
0.000391 4.88 -0.32
0.0003911 4.8 -0.4
0.0003912 4.8 -0.4
0.0003913 4.72 -0.32
0.0003914 4.64 -0.4
0.0003915 4.56 -0.4
0.0003916 4.48 -0.4
0.0003917 4.48 -0.32
0.0003918 4.32 -0.4
0.0003919 4.24 -0.4
0.000392 4.24 -0.4
0.0003921 4.16 -0.4
0.0003922 4 -0.4
0.0003923 4 -0.4
0.0003924 3.92 -0.4
0.0003925 3.84 -0.4
0.0003926 3.68 -0.4
0.0003927 3.68 -0.56
0.0003928 3.52 -0.48
0.0003929 3.52 -0.48
0.000393 3.36 -0.56
0.0003931 3.28 -0.48
0.0003932 3.2 -0.48
0.0003933 3.04 -0.48
0.0003934 2.96 -0.48
0.0003935 2.88 -0.48
0.0003936 2.88 -0.56
0.0003937 2.72 -0.56
0.0003938 2.64 -0.48
0.0003939 2.56 -0.56
0.000394 2.48 -0.48
0.0003941 2.32 -0.56
0.0003942 2.24 -0.48
0.0003943 2.16 -0.56
0.0003944 2 -0.48
0.0003945 1.92 -0.56
0.0003946 1.92 -0.56
0.0003947 1.68 -0.56
0.0003948 1.6 -0.64
0.0003949 1.6 -0.56
0.000395 1.44 -0.56
0.0003951 1.28 -0.56
0.0003952 1.28 -0.56
0.0003953 1.12 -0.56
0.0003954 1.04 -0.56
0.0003955 0.96 -0.56
0.0003956 0.8 -0.56
0.0003957 0.72 -0.64
0.0003958 0.64 -0.56
0.0003959 0.48 -0.64
0.000396 0.4 -0.56
0.0003961 0.24 -0.56
0.0003962 0.08 -0.56
0.0003963 0.08 -0.56
0.0003964 0 -0.64
0.0003965 -0.24 -0.56
0.0003966 -0.4 -0.64
0.0003967 -0.4 -0.56
0.0003968 -0.56 -0.64
0.0003969 -0.64 -0.64
0.000397 -0.8 -0.64
0.0003971 -0.88 -0.64
0.0003972 -0.96 -0.56
0.0003973 -1.04 -0.64
0.0003974 -1.2 -0.56
0.0003975 -1.36 -0.64
0.0003976 -1.44 -0.56
0.0003977 -1.52 -0.64
0.0003978 -1.6 -0.56
0.0003979 -1.68 -0.64
0.000398 -1.84 -0.64
0.0003981 -1.92 -0.56
0.0003982 -2 -0.56
0.0003983 -2.16 -0.56
0.0003984 -2.24 -0.56
0.0003985 -2.32 -0.56
0.0003986 -2.4 -0.56
0.0003987 -2.48 -0.56
0.0003988 -2.64 -0.56
0.0003989 -2.8 -0.56
0.000399 -2.8 -0.48
0.0003991 -2.96 -0.64
0.0003992 -3.04 -0.56
0.0003993 -3.12 -0.56
0.0003994 -3.2 -0.56
0.0003995 -3.28 -0.56
0.0003996 -3.36 -0.64
0.0003997 -3.52 -0.56
0.0003998 -3.6 -0.56
0.0003999 -3.6 -0.56
