0 -6 -0.32
4e-08 -6 -0.32
8e-08 5.92 0.48
1.2e-07 5.84 0.48
1.6e-07 5.84 0.56
2e-07 5.76 0.56
2.4e-07 5.76 0.48
2.8e-07 5.76 0.48
3.2e-07 5.76 0.48
3.6e-07 5.76 0.64
4e-07 5.6 0.56
4.4e-07 5.68 0.48
4.8e-07 5.6 0.64
5.2e-07 5.6 0.64
5.6e-07 5.52 0.64
6e-07 5.52 0.56
6.4e-07 5.44 0.64
6.8e-07 5.44 0.64
7.2e-07 5.44 0.72
7.6e-07 5.44 0.64
8e-07 5.28 0.64
8.4e-07 5.2 0.72
8.8e-07 5.2 0.72
9.2e-07 5.12 0.72
9.6e-07 5.12 0.72
1e-06 5.12 0.72
1.04e-06 5.12 0.72
1.08e-06 4.96 0.72
1.12e-06 4.96 0.72
1.16e-06 4.88 0.72
1.2e-06 4.88 0.8
1.24e-06 4.8 0.8
1.28e-06 4.72 0.8
1.32e-06 4.64 0.88
1.36e-06 4.64 0.8
1.4e-06 4.48 0.88
1.44e-06 4.56 0.8
1.48e-06 4.48 0.8
1.52e-06 4.32 0.8
1.56e-06 4.32 0.88
1.6e-06 4.24 0.96
1.64e-06 4.16 0.8
1.68e-06 4.16 0.8
1.72e-06 4 0.88
1.76e-06 4 0.96
1.8e-06 3.92 0.96
1.84e-06 3.84 0.88
1.88e-06 3.76 0.88
1.92e-06 3.76 0.96
1.96e-06 3.68 0.96
2e-06 3.6 0.96
2.04e-06 3.52 0.88
2.08e-06 3.36 0.96
2.12e-06 3.36 0.96
2.16e-06 3.28 0.96
2.2e-06 3.2 0.88
2.24e-06 3.12 0.96
2.28e-06 3.04 0.96
2.32e-06 2.96 0.96
2.36e-06 2.88 0.96
2.4e-06 2.8 0.96
2.44e-06 2.72 0.96
2.48e-06 2.64 0.96
2.52e-06 2.56 0.96
2.56e-06 2.56 0.96
2.6e-06 2.4 0.96
2.64e-06 2.32 0.96
2.68e-06 2.24 0.96
2.72e-06 2.24 0.96
2.76e-06 2.08 0.96
2.8e-06 2 0.96
2.84e-06 1.92 0.96
2.88e-06 1.76 0.96
2.92e-06 1.68 0.96
2.96e-06 1.68 0.96
3e-06 1.6 1.04
3.04e-06 1.44 0.96
3.08e-06 1.36 0.96
3.12e-06 1.28 0.96
3.16e-06 1.12 0.96
3.2e-06 1.12 0.96
3.24e-06 1.04 0.88
3.28e-06 0.96 0.88
3.32e-06 0.8 0.96
3.36e-06 0.8 0.96
3.4e-06 0.64 0.96
3.44e-06 0.64 0.88
3.48e-06 0.48 0.96
3.52e-06 0.32 0.88
3.56e-06 0.32 0.96
3.6e-06 0.16 0.88
3.64e-06 0.08 0.88
3.68e-06 0.08 0.96
3.72e-06 0 0.96
3.76e-06 -0.24 0.96
3.8e-06 -0.24 0.88
3.84e-06 -0.4 0.88
3.88e-06 -0.4 0.88
3.92e-06 -0.64 0.88
3.96e-06 -0.64 0.88
4e-06 -0.72 0.88
4.04e-06 -0.88 0.88
4.08e-06 -0.96 0.88
4.12e-06 -1.04 0.8
4.16e-06 -1.04 0.8
4.2e-06 -1.2 0.8
4.24e-06 -1.2 0.88
4.28e-06 -1.36 0.8
4.32e-06 -1.52 0.8
4.36e-06 -1.6 0.88
4.4e-06 -1.6 0.8
4.44e-06 -1.68 0.88
4.48e-06 -1.84 0.8
4.52e-06 -1.92 0.72
4.56e-06 -2 0.72
4.6e-06 -2 0.8
4.64e-06 -2.16 0.72
4.68e-06 -2.24 0.72
4.72e-06 -2.32 0.72
4.76e-06 -2.32 0.72
4.8e-06 -2.48 0.72
4.84e-06 -2.56 0.72
4.88e-06 -2.64 0.64
4.92e-06 -2.64 0.64
4.96e-06 -2.8 0.64
5e-06 -2.88 0.64
5.04e-06 -2.96 0.64
5.08e-06 -3.04 0.64
5.12e-06 -3.12 0.64
5.16e-06 -3.2 0.64
5.2e-06 -3.28 0.64
5.24e-06 -3.28 0.56
5.28e-06 -3.44 0.64
5.32e-06 -3.52 0.64
5.36e-06 -3.6 0.64
5.4e-06 -3.6 0.56
5.44e-06 -3.76 0.48
5.48e-06 -3.76 0.48
5.52e-06 -3.84 0.48
5.56e-06 -3.92 0.56
5.6e-06 -3.92 0.48
5.64e-06 -4.08 0.48
5.68e-06 -4.16 0.48
5.72e-06 -4.24 0.4
5.76e-06 -4.32 0.4
5.8e-06 -4.32 0.4
5.84e-06 -4.4 0.4
5.88e-06 -4.48 0.4
5.92e-06 -4.48 0.4
5.96e-06 -4.56 0.4
6e-06 -4.56 0.4
6.04e-06 -4.72 0.32
6.08e-06 -4.8 0.24
6.12e-06 -4.8 0.32
6.16e-06 -4.8 0.32
6.2e-06 -4.96 0.32
6.24e-06 -4.88 0.32
6.28e-06 -5.04 0.24
6.32e-06 -5.04 0.24
6.36e-06 -5.12 0.24
6.4e-06 -5.2 0.16
6.44e-06 -5.2 0.24
6.48e-06 -5.28 0.16
6.52e-06 -5.28 0.16
6.56e-06 -5.36 0.16
6.6e-06 -5.44 0.16
6.64e-06 -5.44 0.08
6.68e-06 -5.52 0.08
6.72e-06 -5.52 0.08
6.76e-06 -5.52 0.08
6.8e-06 -5.6 0.08
6.84e-06 -5.52 0.08
6.88e-06 -5.68 0.08
6.92e-06 -5.68 0
6.96e-06 -5.76 0
7e-06 -5.76 0
7.04e-06 -5.84 0
7.08e-06 -5.84 0
7.12e-06 -5.84 0
7.16e-06 -5.84 -0.16
7.2e-06 -5.84 -0.16
7.24e-06 -5.92 -0.16
7.28e-06 -6 -0.16
7.32e-06 -6 -0.24
7.36e-06 -6 -0.24
7.4e-06 -6 -0.24
7.44e-06 -6 -0.24
7.48e-06 -6.08 -0.24
7.52e-06 -6.08 -0.24
7.56e-06 -6.08 -0.24
7.6e-06 -6.08 -0.32
7.64e-06 -6.08 -0.32
7.68e-06 -6.08 -0.32
7.72e-06 -6.08 -0.4
7.76e-06 -6.16 -0.32
7.8e-06 -6.16 -0.4
7.84e-06 -6.08 -0.4
7.88e-06 -6.16 -0.4
7.92e-06 -6.08 -0.4
7.96e-06 -6.16 -0.4
8e-06 -6.16 -0.4
8.04e-06 -6.16 -0.48
8.08e-06 -6.16 -0.48
8.12e-06 -6.08 -0.4
8.16e-06 -6.16 -0.4
8.2e-06 -6.16 -0.56
8.24e-06 -6.08 -0.56
8.28e-06 -6.08 -0.56
8.32e-06 -6.08 -0.56
8.36e-06 -6.08 -0.56
8.4e-06 -6.08 -0.56
8.44e-06 -6 -0.64
8.48e-06 -6 -0.64
8.52e-06 -6 -0.56
8.56e-06 -6 -0.64
8.6e-06 -5.92 -0.64
8.64e-06 -5.92 -0.64
8.68e-06 -5.92 -0.64
8.72e-06 -5.84 -0.72
8.76e-06 -5.84 -0.72
8.8e-06 -5.84 -0.72
8.84e-06 -5.76 -0.64
8.88e-06 -5.76 -0.72
8.92e-06 -5.76 -0.8
8.96e-06 -5.76 -0.8
9e-06 -5.68 -0.72
9.04e-06 -5.6 -0.72
9.08e-06 -5.6 -0.8
9.12e-06 -5.52 -0.88
9.16e-06 -5.44 -0.8
9.2e-06 -5.44 -0.8
9.24e-06 -5.44 -0.88
9.28e-06 -5.36 -0.88
9.32e-06 -5.36 -0.88
9.36e-06 -5.28 -0.88
9.4e-06 -5.28 -0.88
9.44e-06 -5.2 -0.88
9.48e-06 -5.2 -0.96
9.52e-06 -5.12 -0.96
9.56e-06 -5.12 -0.88
9.6e-06 -5.12 -0.88
9.64e-06 -4.96 -0.88
9.68e-06 -4.88 -0.88
9.72e-06 -4.88 -0.96
9.76e-06 -4.8 -0.88
9.8e-06 -4.8 -1.04
9.84e-06 -4.72 -0.96
9.88e-06 -4.64 -1.04
9.92e-06 -4.56 -0.96
9.96e-06 -4.48 -1.04
1e-05 -4.48 -1.04
1.004e-05 -4.4 -1.04
1.008e-05 -4.24 -0.96
1.012e-05 -4.24 -1.04
1.016e-05 -4.16 -1.04
1.02e-05 -4.16 -1.12
1.024e-05 -4.08 -1.04
1.028e-05 -3.92 -1.04
1.032e-05 -3.92 -1.04
1.036e-05 -3.84 -1.04
1.04e-05 -3.84 -1.04
1.044e-05 -3.76 -1.04
1.048e-05 -3.6 -1.04
1.052e-05 -3.6 -1.12
1.056e-05 -3.52 -1.04
1.06e-05 -3.44 -1.12
1.064e-05 -3.36 -1.04
1.068e-05 -3.28 -1.04
1.072e-05 -3.2 -1.12
1.076e-05 -3.12 -1.04
1.08e-05 -3.04 -1.12
1.084e-05 -2.96 -1.12
1.088e-05 -2.88 -1.04
1.092e-05 -2.8 -1.12
1.096e-05 -2.72 -1.04
1.1e-05 -2.64 -1.04
1.104e-05 -2.56 -1.04
1.108e-05 -2.48 -1.12
1.112e-05 -2.4 -1.2
1.116e-05 -2.24 -1.12
1.12e-05 -2.24 -1.2
1.124e-05 -2.16 -1.12
1.128e-05 -2 -1.12
1.132e-05 -1.92 -1.04
1.136e-05 -1.84 -1.04
1.14e-05 -1.84 -1.12
1.144e-05 -1.68 -1.04
1.148e-05 -1.6 -1.12
1.152e-05 -1.52 -1.12
1.156e-05 -1.52 -1.12
1.16e-05 -1.36 -1.2
1.164e-05 -1.28 -1.12
1.168e-05 -1.2 -1.12
1.172e-05 -1.2 -1.04
1.176e-05 -1.04 -1.2
1.18e-05 -0.96 -1.2
1.184e-05 -0.88 -1.04
1.188e-05 -0.72 -1.12
1.192e-05 -0.64 -1.04
1.196e-05 -0.56 -1.04
1.2e-05 -0.4 -1.12
1.204e-05 -0.4 -1.12
1.208e-05 -0.32 -1.12
1.212e-05 -0.24 -1.12
1.216e-05 0 -1.12
1.22e-05 0.08 -1.04
1.224e-05 0.08 -1.04
1.228e-05 0.16 -1.04
1.232e-05 0.32 -1.12
1.236e-05 0.32 -1.04
1.24e-05 0.48 -1.04
1.244e-05 0.64 -1.04
1.248e-05 0.64 -1.04
1.252e-05 0.8 -1.04
1.256e-05 0.8 -1.04
1.26e-05 0.96 -1.04
1.264e-05 1.04 -1.04
1.268e-05 1.12 -0.96
1.272e-05 1.28 -1.04
1.276e-05 1.28 -0.96
1.28e-05 1.36 -0.96
1.284e-05 1.44 -1.04
1.288e-05 1.6 -0.96
1.292e-05 1.6 -0.96
1.296e-05 1.68 -0.96
1.3e-05 1.76 -0.96
1.304e-05 1.92 -0.96
1.308e-05 1.92 -0.96
1.312e-05 2.08 -0.88
1.316e-05 2.16 -0.88
1.32e-05 2.24 -0.88
1.324e-05 2.32 -0.88
1.328e-05 2.4 -0.88
1.332e-05 2.56 -0.88
1.336e-05 2.56 -0.88
1.34e-05 2.64 -0.88
1.344e-05 2.72 -0.8
1.348e-05 2.88 -0.8
1.352e-05 2.88 -0.8
1.356e-05 2.96 -0.8
1.36e-05 3.04 -0.8
1.364e-05 3.04 -0.72
1.368e-05 3.2 -0.8
1.372e-05 3.28 -0.8
1.376e-05 3.36 -0.72
1.38e-05 3.44 -0.72
1.384e-05 3.52 -0.72
1.388e-05 3.52 -0.72
1.392e-05 3.6 -0.72
1.396e-05 3.68 -0.72
1.4e-05 3.76 -0.64
1.404e-05 3.84 -0.72
1.408e-05 3.84 -0.64
1.412e-05 4 -0.64
1.416e-05 4 -0.64
1.42e-05 4.16 -0.56
1.424e-05 4.16 -0.64
1.428e-05 4.24 -0.64
1.432e-05 4.24 -0.64
1.436e-05 4.32 -0.48
1.44e-05 4.48 -0.56
1.444e-05 4.48 -0.56
1.448e-05 4.56 -0.48
1.452e-05 4.64 -0.48
1.456e-05 4.64 -0.4
1.46e-05 4.72 -0.48
1.464e-05 4.8 -0.48
1.468e-05 4.8 -0.4
1.472e-05 4.88 -0.48
1.476e-05 4.96 -0.4
1.48e-05 4.96 -0.4
1.484e-05 5.04 -0.32
1.488e-05 5.12 -0.32
1.492e-05 5.12 -0.32
1.496e-05 5.12 -0.32
1.5e-05 5.12 -0.32
1.504e-05 5.2 -0.32
1.508e-05 5.28 -0.24
1.512e-05 5.36 -0.32
1.516e-05 5.44 -0.32
1.52e-05 5.44 -0.32
1.524e-05 5.44 -0.24
1.528e-05 5.44 -0.24
1.532e-05 5.52 -0.24
1.536e-05 5.52 -0.24
1.54e-05 5.6 -0.16
1.544e-05 5.68 0
1.548e-05 5.76 -0.16
1.552e-05 5.76 -0.16
1.556e-05 5.76 0
1.56e-05 5.76 0
1.564e-05 5.76 0
1.568e-05 5.76 0
1.572e-05 5.84 0
1.576e-05 5.84 0
1.58e-05 5.84 0
1.584e-05 5.84 0
1.588e-05 5.84 0
1.592e-05 5.92 0.08
1.596e-05 5.92 0.08
1.6e-05 5.92 0.08
1.604e-05 5.92 0.16
1.608e-05 5.92 0.16
1.612e-05 6 0.16
1.616e-05 6.08 0.16
1.62e-05 6 0.16
1.624e-05 6 0.16
1.628e-05 6 0.32
1.632e-05 6 0.24
1.636e-05 6.08 0.24
1.64e-05 6 0.24
1.644e-05 6 0.32
1.648e-05 6.08 0.32
1.652e-05 6 0.24
1.656e-05 6.08 0.32
1.66e-05 5.92 0.32
1.664e-05 6 0.32
1.668e-05 6 0.4
1.672e-05 6 0.32
1.676e-05 5.92 0.32
1.68e-05 5.92 0.32
1.684e-05 5.92 0.4
1.688e-05 6 0.4
1.692e-05 5.92 0.4
1.696e-05 5.92 0.48
1.7e-05 5.84 0.48
1.704e-05 5.84 0.48
1.708e-05 5.84 0.4
1.712e-05 5.84 0.48
1.716e-05 5.76 0.48
1.72e-05 5.76 0.56
1.724e-05 5.76 0.48
1.728e-05 5.76 0.56
1.732e-05 5.68 0.56
1.736e-05 5.6 0.64
1.74e-05 5.6 0.56
1.744e-05 5.52 0.56
1.748e-05 5.6 0.56
1.752e-05 5.52 0.64
1.756e-05 5.44 0.64
1.76e-05 5.44 0.64
1.764e-05 5.44 0.64
1.768e-05 5.36 0.64
1.772e-05 5.36 0.72
1.776e-05 5.28 0.64
1.78e-05 5.28 0.64
1.784e-05 5.2 0.72
1.788e-05 5.2 0.72
1.792e-05 5.12 0.72
1.796e-05 5.12 0.72
1.8e-05 5.04 0.72
1.804e-05 4.96 0.8
1.808e-05 4.88 0.8
1.812e-05 4.88 0.72
1.816e-05 4.88 0.72
1.82e-05 4.8 0.8
1.824e-05 4.8 0.8
1.828e-05 4.64 0.8
1.832e-05 4.56 0.8
1.836e-05 4.48 0.8
1.84e-05 4.48 0.8
1.844e-05 4.48 0.88
1.848e-05 4.32 0.8
1.852e-05 4.32 0.8
1.856e-05 4.16 0.8
1.86e-05 4.16 0.88
1.864e-05 4.16 0.88
1.868e-05 4 0.8
1.872e-05 3.92 0.88
1.876e-05 3.92 0.88
1.88e-05 3.84 0.88
1.884e-05 3.84 0.96
1.888e-05 3.68 0.88
1.892e-05 3.6 0.88
1.896e-05 3.6 0.96
1.9e-05 3.52 0.96
1.904e-05 3.44 0.96
1.908e-05 3.36 0.88
1.912e-05 3.28 0.96
1.916e-05 3.2 0.96
1.92e-05 3.12 0.96
1.924e-05 3.04 0.96
1.928e-05 2.96 0.96
1.932e-05 2.88 0.96
1.936e-05 2.8 0.96
1.94e-05 2.72 0.96
1.944e-05 2.56 0.96
1.948e-05 2.56 0.96
1.952e-05 2.4 1.04
1.956e-05 2.4 0.96
1.96e-05 2.24 0.96
1.964e-05 2.24 0.96
1.968e-05 2.16 0.96
1.972e-05 2 0.96
1.976e-05 2 0.96
1.98e-05 1.84 0.96
1.984e-05 1.76 1.04
1.988e-05 1.68 0.96
1.992e-05 1.6 0.96
1.996e-05 1.6 0.96
2e-05 1.44 0.96
2.004e-05 1.36 0.96
2.008e-05 1.28 0.96
2.012e-05 1.12 0.96
2.016e-05 1.04 1.04
2.02e-05 0.96 1.04
2.024e-05 0.96 0.96
2.028e-05 0.8 0.88
2.032e-05 0.72 0.88
2.036e-05 0.64 0.96
2.04e-05 0.48 0.88
2.044e-05 0.48 0.96
2.048e-05 0.4 0.96
2.052e-05 0.32 0.96
2.056e-05 0.16 0.96
2.06e-05 0.08 0.96
2.064e-05 0 0.88
2.068e-05 -0.16 0.88
2.072e-05 -0.24 0.96
2.076e-05 -0.32 0.96
2.08e-05 -0.4 0.96
2.084e-05 -0.56 0.88
2.088e-05 -0.64 0.88
2.092e-05 -0.72 0.88
2.096e-05 -0.72 0.8
2.1e-05 -0.88 0.88
2.104e-05 -0.96 0.88
2.108e-05 -1.04 0.88
2.112e-05 -1.12 0.88
2.116e-05 -1.28 0.8
2.12e-05 -1.28 0.8
2.124e-05 -1.36 0.8
2.128e-05 -1.52 0.88
2.132e-05 -1.6 0.8
2.136e-05 -1.6 0.8
2.14e-05 -1.76 0.8
2.144e-05 -1.84 0.8
2.148e-05 -1.92 0.8
2.152e-05 -2 0.72
2.156e-05 -2 0.72
2.16e-05 -2.16 0.72
2.164e-05 -2.24 0.72
2.168e-05 -2.32 0.72
2.172e-05 -2.4 0.72
2.176e-05 -2.48 0.72
2.18e-05 -2.64 0.72
2.184e-05 -2.64 0.72
2.188e-05 -2.72 0.64
2.192e-05 -2.8 0.64
2.196e-05 -2.96 0.72
2.2e-05 -2.96 0.72
2.204e-05 -3.12 0.64
2.208e-05 -3.12 0.56
2.212e-05 -3.2 0.64
2.216e-05 -3.2 0.64
2.22e-05 -3.36 0.56
2.224e-05 -3.44 0.48
2.228e-05 -3.52 0.56
2.232e-05 -3.6 0.56
2.236e-05 -3.6 0.56
2.24e-05 -3.76 0.56
2.244e-05 -3.76 0.56
2.248e-05 -3.92 0.48
2.252e-05 -3.92 0.48
2.256e-05 -4 0.48
2.26e-05 -4.08 0.4
2.264e-05 -4.16 0.48
2.268e-05 -4.24 0.48
2.272e-05 -4.24 0.4
2.276e-05 -4.4 0.32
2.28e-05 -4.4 0.4
2.284e-05 -4.4 0.4
2.288e-05 -4.48 0.4
2.292e-05 -4.56 0.32
2.296e-05 -4.64 0.32
2.3e-05 -4.72 0.4
2.304e-05 -4.8 0.32
2.308e-05 -4.88 0.32
2.312e-05 -4.88 0.32
2.316e-05 -4.88 0.24
2.32e-05 -5.04 0.24
2.324e-05 -5.04 0.24
2.328e-05 -5.04 0.32
2.332e-05 -5.2 0.16
2.336e-05 -5.2 0.16
2.34e-05 -5.2 0.24
2.344e-05 -5.28 0.16
2.348e-05 -5.36 0.16
2.352e-05 -5.36 0.16
2.356e-05 -5.36 0.24
2.36e-05 -5.44 0.08
2.364e-05 -5.52 0.08
2.368e-05 -5.52 0.08
2.372e-05 -5.52 0.08
2.376e-05 -5.6 0.08
2.38e-05 -5.68 0
2.384e-05 -5.68 0
2.388e-05 -5.68 0
2.392e-05 -5.68 0
2.396e-05 -5.84 0
2.4e-05 -5.76 -0.16
2.404e-05 -5.84 0
2.408e-05 -5.84 -0.16
2.412e-05 -5.84 0
2.416e-05 -5.92 -0.16
2.42e-05 -6 -0.24
2.424e-05 -5.92 -0.16
2.428e-05 -6 -0.16
2.432e-05 -6 -0.24
2.436e-05 -6 -0.24
2.44e-05 -6 -0.24
2.444e-05 -6.08 -0.32
2.448e-05 -6.08 -0.32
2.452e-05 -6.08 -0.24
2.456e-05 -6.08 -0.32
2.46e-05 -6.08 -0.32
2.464e-05 -6.16 -0.32
2.468e-05 -6.08 -0.32
2.472e-05 -6.16 -0.32
2.476e-05 -6.08 -0.4
2.48e-05 -6.08 -0.32
2.484e-05 -6.16 -0.4
2.488e-05 -6.16 -0.4
2.492e-05 -6.16 -0.4
2.496e-05 -6.16 -0.48
2.5e-05 -6.08 -0.4
2.504e-05 -6.16 -0.56
2.508e-05 -6.08 -0.48
2.512e-05 -6.08 -0.56
2.516e-05 -6.08 -0.48
2.52e-05 -6.08 -0.48
2.524e-05 -6 -0.56
2.528e-05 -6.08 -0.56
2.532e-05 -6.08 -0.56
2.536e-05 -6 -0.56
2.54e-05 -6 -0.64
2.544e-05 -6 -0.64
2.548e-05 -6 -0.64
2.552e-05 -5.84 -0.64
2.556e-05 -5.84 -0.64
2.56e-05 -5.92 -0.72
2.564e-05 -5.84 -0.72
2.568e-05 -5.84 -0.64
2.572e-05 -5.84 -0.72
2.576e-05 -5.84 -0.72
2.58e-05 -5.76 -0.72
2.584e-05 -5.76 -0.72
2.588e-05 -5.68 -0.72
2.592e-05 -5.68 -0.72
2.596e-05 -5.68 -0.8
2.6e-05 -5.68 -0.8
2.604e-05 -5.52 -0.8
2.608e-05 -5.52 -0.8
2.612e-05 -5.52 -0.8
2.616e-05 -5.52 -0.88
2.62e-05 -5.44 -0.88
2.624e-05 -5.44 -0.88
2.628e-05 -5.36 -0.88
2.632e-05 -5.28 -0.88
2.636e-05 -5.2 -0.88
2.64e-05 -5.2 -0.88
2.644e-05 -5.2 -0.88
2.648e-05 -5.12 -0.96
2.652e-05 -5.04 -0.88
2.656e-05 -5.04 -0.88
2.66e-05 -4.88 -0.96
2.664e-05 -4.88 -0.96
2.668e-05 -4.88 -0.96
2.672e-05 -4.8 -0.96
2.676e-05 -4.72 -0.96
2.68e-05 -4.72 -0.96
2.684e-05 -4.64 -1.04
2.688e-05 -4.56 -1.04
2.692e-05 -4.56 -0.96
2.696e-05 -4.4 -0.96
2.7e-05 -4.4 -1.04
2.704e-05 -4.4 -1.04
2.708e-05 -4.24 -1.04
2.712e-05 -4.16 -1.04
2.716e-05 -4.16 -1.04
2.72e-05 -4.08 -1.04
2.724e-05 -4 -1.04
2.728e-05 -3.92 -1.04
2.732e-05 -3.84 -1.04
2.736e-05 -3.76 -1.04
2.74e-05 -3.68 -1.12
2.744e-05 -3.6 -1.04
2.748e-05 -3.52 -1.04
2.752e-05 -3.52 -1.04
2.756e-05 -3.44 -1.04
2.76e-05 -3.28 -1.12
2.764e-05 -3.2 -1.04
2.768e-05 -3.2 -1.04
2.772e-05 -3.12 -1.12
2.776e-05 -2.96 -1.12
2.78e-05 -2.96 -1.04
2.784e-05 -2.88 -1.04
2.788e-05 -2.8 -1.2
2.792e-05 -2.8 -1.12
2.796e-05 -2.64 -1.2
2.8e-05 -2.56 -1.12
2.804e-05 -2.48 -1.12
2.808e-05 -2.4 -1.04
2.812e-05 -2.32 -1.04
2.816e-05 -2.24 -1.12
2.82e-05 -2.16 -1.12
2.824e-05 -2.08 -1.12
2.828e-05 -1.92 -1.2
2.832e-05 -1.84 -1.04
2.836e-05 -1.84 -1.04
2.84e-05 -1.68 -1.12
2.844e-05 -1.6 -1.2
2.848e-05 -1.52 -1.04
2.852e-05 -1.44 -1.04
2.856e-05 -1.36 -1.04
2.86e-05 -1.28 -1.12
2.864e-05 -1.2 -1.12
2.868e-05 -1.04 -1.04
2.872e-05 -0.96 -1.04
2.876e-05 -0.96 -1.04
2.88e-05 -0.8 -1.04
2.884e-05 -0.72 -1.12
2.888e-05 -0.64 -1.12
2.892e-05 -0.56 -1.12
2.896e-05 -0.48 -1.04
2.9e-05 -0.4 -1.04
2.904e-05 -0.32 -1.04
2.908e-05 -0.24 -1.04
2.912e-05 0 -1.12
2.916e-05 0 -1.04
2.92e-05 0.16 -1.04
2.924e-05 0.32 -1.04
2.928e-05 0.32 -1.04
2.932e-05 0.4 -1.04
2.936e-05 0.48 -1.04
2.94e-05 0.64 -1.04
2.944e-05 0.72 -1.04
2.948e-05 0.72 -1.12
2.952e-05 0.8 -1.04
2.956e-05 0.96 -0.96
2.96e-05 1.04 -0.96
2.964e-05 1.12 -0.96
2.968e-05 1.28 -1.04
2.972e-05 1.28 -0.96
2.976e-05 1.36 -0.96
2.98e-05 1.44 -0.96
2.984e-05 1.52 -0.96
2.988e-05 1.6 -0.96
2.992e-05 1.68 -0.96
2.996e-05 1.76 -0.96
3e-05 1.92 -0.96
3.004e-05 2 -0.96
3.008e-05 2.08 -0.96
3.012e-05 2.16 -0.88
3.016e-05 2.24 -0.88
3.02e-05 2.32 -0.88
3.024e-05 2.4 -0.88
3.028e-05 2.56 -0.8
3.032e-05 2.56 -0.8
3.036e-05 2.64 -0.88
3.04e-05 2.72 -0.88
3.044e-05 2.88 -0.8
3.048e-05 2.88 -0.72
3.052e-05 2.96 -0.8
3.056e-05 3.04 -0.8
3.06e-05 3.12 -0.8
3.064e-05 3.2 -0.72
3.068e-05 3.28 -0.72
3.072e-05 3.36 -0.8
3.076e-05 3.52 -0.72
3.08e-05 3.52 -0.8
3.084e-05 3.52 -0.64
3.088e-05 3.6 -0.64
3.092e-05 3.68 -0.64
3.096e-05 3.84 -0.64
3.1e-05 3.84 -0.64
3.104e-05 3.92 -0.64
3.108e-05 4 -0.64
3.112e-05 4 -0.64
3.116e-05 4.16 -0.56
3.12e-05 4.16 -0.56
3.124e-05 4.24 -0.56
3.128e-05 4.24 -0.56
3.132e-05 4.32 -0.56
3.136e-05 4.48 -0.56
3.14e-05 4.48 -0.48
3.144e-05 4.56 -0.56
3.148e-05 4.64 -0.48
3.152e-05 4.64 -0.48
3.156e-05 4.8 -0.4
3.16e-05 4.8 -0.48
3.164e-05 4.8 -0.4
3.168e-05 4.88 -0.48
3.172e-05 4.88 -0.32
3.176e-05 4.96 -0.4
3.18e-05 5.04 -0.4
3.184e-05 5.12 -0.4
3.188e-05 5.12 -0.4
3.192e-05 5.12 -0.32
3.196e-05 5.2 -0.32
3.2e-05 5.28 -0.32
3.204e-05 5.28 -0.32
3.208e-05 5.36 -0.24
3.212e-05 5.44 -0.24
3.216e-05 5.44 -0.24
3.22e-05 5.44 -0.24
3.224e-05 5.52 -0.16
3.228e-05 5.52 -0.16
3.232e-05 5.6 -0.24
3.236e-05 5.6 -0.24
3.24e-05 5.6 -0.16
3.244e-05 5.76 0
3.248e-05 5.68 0
3.252e-05 5.68 -0.16
3.256e-05 5.76 0
3.26e-05 5.76 0
3.264e-05 5.76 0
3.268e-05 5.84 0
3.272e-05 5.84 0
3.276e-05 5.84 0
3.28e-05 5.84 0.08
3.284e-05 5.92 0.08
3.288e-05 5.92 0.08
3.292e-05 5.92 0.08
3.296e-05 5.92 0.08
3.3e-05 5.92 0.08
3.304e-05 6 0.08
3.308e-05 6.08 0.16
3.312e-05 6 0.16
3.316e-05 5.92 0.24
3.32e-05 5.92 0.16
3.324e-05 6.08 0.24
3.328e-05 6.08 0.24
3.332e-05 6.08 0.32
3.336e-05 5.92 0.24
3.34e-05 6.08 0.24
3.344e-05 5.92 0.32
3.348e-05 5.92 0.32
3.352e-05 6.08 0.32
3.356e-05 6.08 0.32
3.36e-05 6 0.32
3.364e-05 6 0.32
3.368e-05 5.92 0.4
3.372e-05 5.92 0.4
3.376e-05 5.92 0.4
3.38e-05 5.92 0.4
3.384e-05 5.92 0.4
3.388e-05 5.92 0.4
3.392e-05 5.92 0.4
3.396e-05 5.84 0.4
3.4e-05 5.84 0.48
3.404e-05 5.84 0.48
3.408e-05 5.76 0.48
3.412e-05 5.76 0.48
3.416e-05 5.76 0.48
3.42e-05 5.76 0.56
3.424e-05 5.76 0.56
3.428e-05 5.6 0.56
3.432e-05 5.6 0.56
3.436e-05 5.6 0.64
3.44e-05 5.6 0.64
3.444e-05 5.52 0.56
3.448e-05 5.52 0.64
3.452e-05 5.52 0.64
3.456e-05 5.44 0.64
3.46e-05 5.44 0.64
3.464e-05 5.36 0.64
3.468e-05 5.28 0.64
3.472e-05 5.28 0.64
3.476e-05 5.2 0.72
3.48e-05 5.2 0.72
3.484e-05 5.12 0.72
3.488e-05 5.12 0.72
3.492e-05 5.04 0.72
3.496e-05 4.96 0.8
3.5e-05 4.96 0.72
3.504e-05 4.88 0.8
3.508e-05 4.8 0.8
3.512e-05 4.8 0.8
3.516e-05 4.72 0.72
3.52e-05 4.64 0.72
3.524e-05 4.64 0.8
3.528e-05 4.56 0.72
3.532e-05 4.48 0.8
3.536e-05 4.48 0.8
3.54e-05 4.4 0.8
3.544e-05 4.32 0.8
3.548e-05 4.24 0.88
3.552e-05 4.16 0.8
3.556e-05 4.16 0.8
3.56e-05 4.08 0.88
3.564e-05 4 0.88
3.568e-05 3.92 0.88
3.572e-05 3.84 0.88
3.576e-05 3.76 0.88
3.58e-05 3.76 0.88
3.584e-05 3.68 0.88
3.588e-05 3.6 0.88
3.592e-05 3.52 0.96
3.596e-05 3.44 0.96
3.6e-05 3.36 0.96
3.604e-05 3.28 0.88
3.608e-05 3.28 0.96
3.612e-05 3.2 0.96
3.616e-05 3.12 1.04
3.62e-05 2.96 0.96
3.624e-05 2.96 0.88
3.628e-05 2.88 0.96
3.632e-05 2.72 0.96
3.636e-05 2.64 0.96
3.64e-05 2.56 0.96
3.644e-05 2.56 0.96
3.648e-05 2.4 0.96
3.652e-05 2.32 0.96
3.656e-05 2.32 0.96
3.66e-05 2.16 0.96
3.664e-05 2.08 0.96
3.668e-05 2 1.04
3.672e-05 1.92 0.96
3.676e-05 1.84 0.96
3.68e-05 1.76 0.88
3.684e-05 1.68 1.04
3.688e-05 1.6 0.96
3.692e-05 1.6 0.96
3.696e-05 1.36 0.88
3.7e-05 1.28 0.96
3.704e-05 1.28 0.96
3.708e-05 1.12 0.96
3.712e-05 1.12 0.96
3.716e-05 0.96 0.96
3.72e-05 0.96 0.96
3.724e-05 0.8 0.96
3.728e-05 0.72 0.96
3.732e-05 0.64 0.96
3.736e-05 0.48 0.96
3.74e-05 0.48 0.96
3.744e-05 0.32 0.88
3.748e-05 0.32 0.96
3.752e-05 0.16 0.96
3.756e-05 0.08 0.88
3.76e-05 0 0.96
3.764e-05 -0.16 0.96
3.768e-05 -0.24 0.88
3.772e-05 -0.32 0.88
3.776e-05 -0.4 0.96
3.78e-05 -0.56 0.88
3.784e-05 -0.64 0.88
3.788e-05 -0.72 0.88
3.792e-05 -0.88 0.88
3.796e-05 -0.88 0.88
3.8e-05 -1.04 0.8
3.804e-05 -1.04 0.8
3.808e-05 -1.2 0.88
3.812e-05 -1.28 0.8
3.816e-05 -1.36 0.88
3.82e-05 -1.36 0.8
3.824e-05 -1.52 0.8
3.828e-05 -1.6 0.8
3.832e-05 -1.68 0.8
3.836e-05 -1.76 0.8
3.84e-05 -1.84 0.72
3.844e-05 -1.92 0.8
3.848e-05 -2 0.8
3.852e-05 -2.08 0.72
3.856e-05 -2.24 0.72
3.86e-05 -2.24 0.72
3.864e-05 -2.32 0.72
3.868e-05 -2.4 0.64
3.872e-05 -2.48 0.72
3.876e-05 -2.56 0.72
3.88e-05 -2.64 0.72
3.884e-05 -2.8 0.72
3.888e-05 -2.8 0.56
3.892e-05 -2.96 0.64
3.896e-05 -2.96 0.64
3.9e-05 -3.12 0.72
3.904e-05 -3.12 0.64
3.908e-05 -3.28 0.56
3.912e-05 -3.28 0.56
3.916e-05 -3.44 0.56
3.92e-05 -3.52 0.56
3.924e-05 -3.52 0.56
3.928e-05 -3.6 0.48
3.932e-05 -3.68 0.56
3.936e-05 -3.76 0.56
3.94e-05 -3.84 0.56
3.944e-05 -3.84 0.48
3.948e-05 -3.92 0.48
3.952e-05 -4.08 0.48
3.956e-05 -4.16 0.48
3.96e-05 -4.16 0.4
3.964e-05 -4.24 0.4
3.968e-05 -4.24 0.4
3.972e-05 -4.32 0.4
3.976e-05 -4.4 0.4
3.98e-05 -4.48 0.32
3.984e-05 -4.56 0.32
3.988e-05 -4.56 0.4
3.992e-05 -4.72 0.32
3.996e-05 -4.72 0.32
4e-05 -4.8 0.32
4.004e-05 -4.8 0.4
4.008e-05 -4.88 0.32
4.012e-05 -4.88 0.24
4.016e-05 -4.96 0.32
4.02e-05 -5.04 0.24
4.024e-05 -5.12 0.24
4.028e-05 -5.2 0.24
4.032e-05 -5.2 0.16
4.036e-05 -5.2 0.16
4.04e-05 -5.2 0.16
4.044e-05 -5.36 0.16
4.048e-05 -5.36 0.08
4.052e-05 -5.44 0.08
4.056e-05 -5.44 0.16
4.06e-05 -5.52 0.16
4.064e-05 -5.52 0.08
4.068e-05 -5.52 0.08
4.072e-05 -5.6 0.08
4.076e-05 -5.68 0.08
4.08e-05 -5.68 0.08
4.084e-05 -5.68 0
4.088e-05 -5.76 0
4.092e-05 -5.76 0
4.096e-05 -5.84 0
4.1e-05 -5.84 0
4.104e-05 -5.84 -0.16
4.108e-05 -5.84 -0.16
4.112e-05 -6 -0.16
4.116e-05 -6 -0.16
4.12e-05 -6 -0.16
4.124e-05 -5.92 -0.24
4.128e-05 -6 -0.16
4.132e-05 -6.08 -0.24
4.136e-05 -6.08 -0.24
4.14e-05 -6 -0.32
4.144e-05 -6.08 -0.32
4.148e-05 -6.08 -0.32
4.152e-05 -6.16 -0.32
4.156e-05 -6.16 -0.32
4.16e-05 -6.08 -0.32
4.164e-05 -6.16 -0.32
4.168e-05 -6.16 -0.32
4.172e-05 -6.08 -0.4
4.176e-05 -6.16 -0.4
4.18e-05 -6.16 -0.4
4.184e-05 -6.16 -0.4
4.188e-05 -6.08 -0.4
4.192e-05 -6.16 -0.4
4.196e-05 -6.16 -0.4
4.2e-05 -6.08 -0.48
4.204e-05 -6.16 -0.48
4.208e-05 -6.16 -0.56
4.212e-05 -6.08 -0.56
4.216e-05 -6.08 -0.56
4.22e-05 -6.08 -0.56
4.224e-05 -6.08 -0.48
4.228e-05 -6.08 -0.56
4.232e-05 -6.08 -0.56
4.236e-05 -6 -0.64
4.24e-05 -6 -0.64
4.244e-05 -6 -0.64
4.248e-05 -6 -0.64
4.252e-05 -5.92 -0.64
4.256e-05 -5.92 -0.64
4.26e-05 -5.84 -0.64
4.264e-05 -5.84 -0.72
4.268e-05 -5.84 -0.64
4.272e-05 -5.84 -0.72
4.276e-05 -5.76 -0.8
4.28e-05 -5.76 -0.8
4.284e-05 -5.68 -0.8
4.288e-05 -5.68 -0.72
4.292e-05 -5.68 -0.72
4.296e-05 -5.68 -0.8
4.3e-05 -5.52 -0.72
4.304e-05 -5.52 -0.8
4.308e-05 -5.52 -0.8
4.312e-05 -5.44 -0.88
4.316e-05 -5.44 -0.8
4.32e-05 -5.36 -0.88
4.324e-05 -5.28 -0.88
4.328e-05 -5.28 -0.88
4.332e-05 -5.2 -0.96
4.336e-05 -5.2 -0.88
4.34e-05 -5.2 -0.88
4.344e-05 -5.04 -0.88
4.348e-05 -5.04 -0.88
4.352e-05 -5.04 -0.88
4.356e-05 -4.88 -0.88
4.36e-05 -4.88 -0.96
4.364e-05 -4.8 -0.96
4.368e-05 -4.8 -0.96
4.372e-05 -4.72 -1.04
4.376e-05 -4.72 -0.96
4.38e-05 -4.56 -1.04
4.384e-05 -4.56 -0.96
4.388e-05 -4.48 -1.04
4.392e-05 -4.4 -1.04
4.396e-05 -4.4 -0.96
4.4e-05 -4.24 -1.04
4.404e-05 -4.24 -1.04
4.408e-05 -4.16 -1.04
4.412e-05 -4.08 -0.96
4.416e-05 -4.08 -1.04
4.42e-05 -3.92 -1.04
4.424e-05 -3.92 -1.04
4.428e-05 -3.84 -1.04
4.432e-05 -3.76 -1.04
4.436e-05 -3.68 -1.04
4.44e-05 -3.6 -1.04
4.444e-05 -3.52 -1.04
4.448e-05 -3.52 -1.04
4.452e-05 -3.44 -1.04
4.456e-05 -3.28 -1.04
4.46e-05 -3.2 -1.04
4.464e-05 -3.2 -1.04
4.468e-05 -3.12 -1.04
4.472e-05 -3.04 -1.2
4.476e-05 -2.96 -1.12
4.48e-05 -2.88 -1.12
4.484e-05 -2.8 -1.04
4.488e-05 -2.64 -1.04
4.492e-05 -2.64 -1.12
4.496e-05 -2.56 -1.12
4.5e-05 -2.48 -1.12
4.504e-05 -2.32 -1.12
4.508e-05 -2.32 -1.04
4.512e-05 -2.24 -1.12
4.516e-05 -2.08 -1.04
4.52e-05 -2 -1.12
4.524e-05 -2 -1.12
4.528e-05 -1.84 -1.2
4.532e-05 -1.68 -1.12
4.536e-05 -1.68 -1.12
4.54e-05 -1.6 -1.2
4.544e-05 -1.52 -1.12
4.548e-05 -1.44 -1.2
4.552e-05 -1.36 -1.04
4.556e-05 -1.28 -1.04
4.56e-05 -1.2 -1.2
4.564e-05 -1.04 -1.12
4.568e-05 -1.04 -1.12
4.572e-05 -0.96 -1.04
4.576e-05 -0.8 -1.12
4.58e-05 -0.72 -1.12
4.584e-05 -0.56 -1.12
4.588e-05 -0.56 -1.12
4.592e-05 -0.48 -1.04
4.596e-05 -0.32 -1.12
4.6e-05 -0.24 -1.04
4.604e-05 0 -1.04
4.608e-05 0 -1.04
4.612e-05 0.16 -1.04
4.616e-05 0.16 -1.2
4.62e-05 0.24 -1.04
4.624e-05 0.32 -1.04
4.628e-05 0.4 -1.04
4.632e-05 0.48 -1.04
4.636e-05 0.64 -1.04
4.64e-05 0.72 -1.04
4.644e-05 0.72 -0.96
4.648e-05 0.96 -1.04
4.652e-05 0.96 -1.04
4.656e-05 1.04 -1.12
4.66e-05 1.12 -1.04
4.664e-05 1.28 -0.96
4.668e-05 1.28 -1.04
4.672e-05 1.44 -1.04
4.676e-05 1.52 -0.96
4.68e-05 1.6 -0.96
4.684e-05 1.68 -0.96
4.688e-05 1.76 -0.96
4.692e-05 1.84 -0.96
4.696e-05 1.92 -0.88
4.7e-05 2 -0.88
4.704e-05 2.08 -0.96
4.708e-05 2.24 -0.88
4.712e-05 2.24 -0.88
4.716e-05 2.32 -0.88
4.72e-05 2.4 -0.96
4.724e-05 2.56 -0.88
4.728e-05 2.56 -0.88
4.732e-05 2.64 -0.8
4.736e-05 2.88 -0.8
4.74e-05 2.88 -0.88
4.744e-05 2.88 -0.8
4.748e-05 3.04 -0.8
4.752e-05 3.04 -0.72
4.756e-05 3.2 -0.72
4.76e-05 3.2 -0.8
4.764e-05 3.36 -0.72
4.768e-05 3.36 -0.72
4.772e-05 3.36 -0.72
4.776e-05 3.52 -0.8
4.78e-05 3.6 -0.72
4.784e-05 3.68 -0.72
4.788e-05 3.68 -0.72
4.792e-05 3.84 -0.64
4.796e-05 3.92 -0.64
4.8e-05 3.92 -0.64
4.804e-05 4 -0.64
4.808e-05 4.16 -0.64
4.812e-05 4.16 -0.64
4.816e-05 4.16 -0.56
4.82e-05 4.24 -0.48
4.824e-05 4.32 -0.56
4.828e-05 4.4 -0.56
4.832e-05 4.48 -0.56
4.836e-05 4.56 -0.48
4.84e-05 4.56 -0.48
4.844e-05 4.64 -0.48
4.848e-05 4.64 -0.48
4.852e-05 4.8 -0.48
4.856e-05 4.8 -0.4
4.86e-05 4.88 -0.4
4.864e-05 4.88 -0.4
4.868e-05 4.88 -0.4
4.872e-05 4.96 -0.4
4.876e-05 5.12 -0.4
4.88e-05 5.12 -0.4
4.884e-05 5.12 -0.32
4.888e-05 5.12 -0.32
4.892e-05 5.28 -0.32
4.896e-05 5.28 -0.32
4.9e-05 5.28 -0.32
4.904e-05 5.36 -0.24
4.908e-05 5.44 -0.24
4.912e-05 5.44 -0.24
4.916e-05 5.44 -0.32
4.92e-05 5.52 -0.24
4.924e-05 5.52 -0.24
4.928e-05 5.52 -0.16
4.932e-05 5.6 -0.16
4.936e-05 5.68 -0.16
4.94e-05 5.6 -0.24
4.944e-05 5.76 0
4.948e-05 5.76 0
4.952e-05 5.76 0
4.956e-05 5.76 0
4.96e-05 5.76 0
4.964e-05 5.84 0.08
4.968e-05 5.84 0
4.972e-05 5.92 0.08
4.976e-05 5.84 0
4.98e-05 5.92 0.08
4.984e-05 5.92 0.08
4.988e-05 5.92 0.08
4.992e-05 5.92 0.08
4.996e-05 5.92 0.08
5e-05 5.92 0.16
5.004e-05 6 0.08
5.008e-05 6 0.16
5.012e-05 6.08 0.16
5.016e-05 6.08 0.16
5.02e-05 6 0.24
5.024e-05 6.08 0.16
5.028e-05 6 0.24
5.032e-05 6.08 0.24
5.036e-05 6.08 0.32
5.04e-05 6 0.32
5.044e-05 6.08 0.32
5.048e-05 6.08 0.32
5.052e-05 6.08 0.4
5.056e-05 6 0.32
5.06e-05 6.08 0.32
5.064e-05 6 0.32
5.068e-05 6 0.4
5.072e-05 5.92 0.4
5.076e-05 5.84 0.4
5.08e-05 5.92 0.4
5.084e-05 5.92 0.48
5.088e-05 5.84 0.48
5.092e-05 5.92 0.48
5.096e-05 5.84 0.48
5.1e-05 5.76 0.48
5.104e-05 5.84 0.48
5.108e-05 5.76 0.48
5.112e-05 5.76 0.48
5.116e-05 5.76 0.48
5.12e-05 5.68 0.56
5.124e-05 5.68 0.64
5.128e-05 5.6 0.56
5.132e-05 5.6 0.56
5.136e-05 5.6 0.56
5.14e-05 5.52 0.64
5.144e-05 5.44 0.64
5.148e-05 5.44 0.64
5.152e-05 5.44 0.64
5.156e-05 5.44 0.72
5.16e-05 5.44 0.64
5.164e-05 5.28 0.64
5.168e-05 5.28 0.64
5.172e-05 5.2 0.72
5.176e-05 5.2 0.72
5.18e-05 5.12 0.72
5.184e-05 5.12 0.72
5.188e-05 5.04 0.72
5.192e-05 4.96 0.8
5.196e-05 4.88 0.8
5.2e-05 4.88 0.72
5.204e-05 4.8 0.72
5.208e-05 4.8 0.8
5.212e-05 4.8 0.8
5.216e-05 4.64 0.8
5.22e-05 4.64 0.8
5.224e-05 4.56 0.8
5.228e-05 4.48 0.88
5.232e-05 4.48 0.8
5.236e-05 4.4 0.88
5.24e-05 4.32 0.8
5.244e-05 4.24 0.88
5.248e-05 4.16 0.88
5.252e-05 4.16 0.8
5.256e-05 4.16 0.88
5.26e-05 4 0.88
5.264e-05 3.92 0.96
5.268e-05 3.92 0.88
5.272e-05 3.84 0.88
5.276e-05 3.68 0.8
5.28e-05 3.68 0.88
5.284e-05 3.52 0.96
5.288e-05 3.52 0.88
5.292e-05 3.52 0.88
5.296e-05 3.36 0.96
5.3e-05 3.28 0.88
5.304e-05 3.28 0.96
5.308e-05 3.12 0.88
5.312e-05 3.04 0.96
5.316e-05 3.04 0.96
5.32e-05 2.96 1.04
5.324e-05 2.88 0.96
5.328e-05 2.72 0.96
5.332e-05 2.64 0.96
5.336e-05 2.56 0.96
5.34e-05 2.48 0.96
5.344e-05 2.4 0.96
5.348e-05 2.32 0.96
5.352e-05 2.24 0.96
5.356e-05 2.16 0.96
5.36e-05 2.08 0.88
5.364e-05 2 1.04
5.368e-05 1.92 1.04
5.372e-05 1.84 1.04
5.376e-05 1.76 0.96
5.38e-05 1.6 0.96
5.384e-05 1.6 0.96
5.388e-05 1.52 1.04
5.392e-05 1.36 0.96
5.396e-05 1.28 0.96
5.4e-05 1.2 0.88
5.404e-05 1.12 0.96
5.408e-05 1.04 0.96
5.412e-05 0.96 0.88
5.416e-05 0.88 0.88
5.42e-05 0.8 0.96
5.424e-05 0.64 0.96
5.428e-05 0.64 0.96
5.432e-05 0.48 0.88
5.436e-05 0.4 0.88
5.44e-05 0.32 0.88
5.444e-05 0.24 0.96
5.448e-05 0.16 0.88
5.452e-05 0.08 0.88
5.456e-05 0 0.96
5.46e-05 -0.16 0.96
5.464e-05 -0.32 0.88
5.468e-05 -0.32 0.88
5.472e-05 -0.4 0.88
5.476e-05 -0.56 0.88
5.48e-05 -0.64 0.8
5.484e-05 -0.72 0.88
5.488e-05 -0.88 0.8
5.492e-05 -0.88 0.88
5.496e-05 -0.96 0.88
5.5e-05 -1.04 0.8
5.504e-05 -1.2 0.8
5.508e-05 -1.2 0.8
5.512e-05 -1.36 0.88
5.516e-05 -1.44 0.8
5.52e-05 -1.52 0.8
5.524e-05 -1.6 0.8
5.528e-05 -1.68 0.8
5.532e-05 -1.76 0.8
5.536e-05 -1.92 0.8
5.54e-05 -2 0.8
5.544e-05 -2 0.72
5.548e-05 -2.16 0.8
5.552e-05 -2.24 0.72
5.556e-05 -2.24 0.72
5.56e-05 -2.32 0.72
5.564e-05 -2.48 0.72
5.568e-05 -2.48 0.72
5.572e-05 -2.64 0.64
5.576e-05 -2.72 0.64
5.58e-05 -2.8 0.72
5.584e-05 -2.88 0.72
5.588e-05 -2.88 0.64
5.592e-05 -2.96 0.64
5.596e-05 -3.12 0.64
5.6e-05 -3.12 0.64
5.604e-05 -3.28 0.64
5.608e-05 -3.28 0.56
5.612e-05 -3.44 0.56
5.616e-05 -3.44 0.64
5.62e-05 -3.6 0.56
5.624e-05 -3.6 0.56
5.628e-05 -3.76 0.48
5.632e-05 -3.76 0.48
5.636e-05 -3.84 0.48
5.64e-05 -3.92 0.48
5.644e-05 -4 0.48
5.648e-05 -4.08 0.48
5.652e-05 -4.08 0.48
5.656e-05 -4.16 0.48
5.66e-05 -4.24 0.4
5.664e-05 -4.24 0.4
5.668e-05 -4.4 0.4
5.672e-05 -4.48 0.4
5.676e-05 -4.48 0.4
5.68e-05 -4.56 0.32
5.684e-05 -4.56 0.32
5.688e-05 -4.72 0.32
5.692e-05 -4.72 0.32
5.696e-05 -4.8 0.32
5.7e-05 -4.88 0.24
5.704e-05 -4.88 0.32
5.708e-05 -4.88 0.32
5.712e-05 -5.04 0.32
5.716e-05 -5.12 0.24
5.72e-05 -5.12 0.16
5.724e-05 -5.12 0.24
5.728e-05 -5.2 0.16
5.732e-05 -5.2 0.16
5.736e-05 -5.2 0.16
5.74e-05 -5.36 0.16
5.744e-05 -5.44 0.08
5.748e-05 -5.44 0.16
5.752e-05 -5.44 0
5.756e-05 -5.52 0.08
5.76e-05 -5.52 0.08
5.764e-05 -5.6 0.08
5.768e-05 -5.68 0.08
5.772e-05 -5.6 0
5.776e-05 -5.68 0.08
5.78e-05 -5.76 0.08
5.784e-05 -5.76 0
5.788e-05 -5.76 0
5.792e-05 -5.84 -0.16
5.796e-05 -5.84 0
5.8e-05 -5.84 0
5.804e-05 -5.84 0
5.808e-05 -5.92 -0.16
5.812e-05 -5.92 -0.16
5.816e-05 -6 -0.16
5.82e-05 -6 -0.24
5.824e-05 -6 -0.24
5.828e-05 -6.08 -0.24
5.832e-05 -6.08 -0.24
5.836e-05 -6.08 -0.32
5.84e-05 -6.08 -0.32
5.844e-05 -6 -0.32
5.848e-05 -6.08 -0.32
5.852e-05 -6.08 -0.32
5.856e-05 -6.16 -0.4
5.86e-05 -6.16 -0.4
5.864e-05 -6.08 -0.32
5.868e-05 -6.08 -0.4
5.872e-05 -6.16 -0.4
5.876e-05 -6.16 -0.4
5.88e-05 -6.16 -0.4
5.884e-05 -6.16 -0.4
5.888e-05 -6.16 -0.4
5.892e-05 -6.08 -0.48
5.896e-05 -6.16 -0.48
5.9e-05 -6.08 -0.48
5.904e-05 -6.08 -0.56
5.908e-05 -6.16 -0.56
5.912e-05 -6.08 -0.64
5.916e-05 -6.08 -0.56
5.92e-05 -6.16 -0.56
5.924e-05 -6 -0.56
5.928e-05 -6.08 -0.64
5.932e-05 -6.08 -0.56
5.936e-05 -6 -0.56
5.94e-05 -6 -0.64
5.944e-05 -6 -0.64
5.948e-05 -6 -0.64
5.952e-05 -6 -0.64
5.956e-05 -5.84 -0.64
5.96e-05 -5.84 -0.72
5.964e-05 -5.84 -0.72
5.968e-05 -5.84 -0.72
5.972e-05 -5.76 -0.72
5.976e-05 -5.68 -0.72
5.98e-05 -5.68 -0.8
5.984e-05 -5.6 -0.88
5.988e-05 -5.68 -0.8
5.992e-05 -5.6 -0.72
5.996e-05 -5.52 -0.8
6e-05 -5.52 -0.8
6.004e-05 -5.52 -0.88
6.008e-05 -5.44 -0.88
6.012e-05 -5.44 -0.88
6.016e-05 -5.36 -0.88
6.02e-05 -5.28 -0.88
6.024e-05 -5.28 -0.88
6.028e-05 -5.2 -0.88
6.032e-05 -5.2 -0.88
6.036e-05 -5.12 -0.96
6.04e-05 -5.12 -0.96
6.044e-05 -5.04 -0.88
6.048e-05 -5.04 -0.88
6.052e-05 -4.88 -0.96
6.056e-05 -4.88 -0.96
6.06e-05 -4.88 -0.96
6.064e-05 -4.8 -0.96
6.068e-05 -4.72 -0.96
6.072e-05 -4.64 -0.96
6.076e-05 -4.56 -1.04
6.08e-05 -4.48 -1.04
6.084e-05 -4.48 -1.04
6.088e-05 -4.4 -1.04
6.092e-05 -4.4 -1.04
6.096e-05 -4.24 -1.04
6.1e-05 -4.24 -1.04
6.104e-05 -4.16 -1.04
6.108e-05 -4.08 -1.04
6.112e-05 -4 -1.04
6.116e-05 -3.92 -0.96
6.12e-05 -3.84 -1.04
6.124e-05 -3.84 -1.04
6.128e-05 -3.76 -1.04
6.132e-05 -3.68 -1.04
6.136e-05 -3.6 -1.04
6.14e-05 -3.52 -1.2
6.144e-05 -3.52 -1.2
6.148e-05 -3.28 -1.04
6.152e-05 -3.28 -1.12
6.156e-05 -3.2 -1.04
6.16e-05 -3.2 -1.12
6.164e-05 -3.12 -1.12
6.168e-05 -2.96 -1.12
6.172e-05 -2.88 -1.04
6.176e-05 -2.88 -1.12
6.18e-05 -2.8 -1.12
6.184e-05 -2.64 -1.12
6.188e-05 -2.64 -1.12
6.192e-05 -2.48 -1.04
6.196e-05 -2.48 -1.12
6.2e-05 -2.32 -1.12
6.204e-05 -2.24 -1.04
6.208e-05 -2.16 -1.12
6.212e-05 -2.08 -1.12
6.216e-05 -2 -1.12
6.22e-05 -1.92 -1.12
6.224e-05 -1.84 -1.12
6.228e-05 -1.68 -1.12
6.232e-05 -1.68 -1.12
6.236e-05 -1.6 -1.12
6.24e-05 -1.52 -1.04
6.244e-05 -1.36 -1.12
6.248e-05 -1.36 -1.12
6.252e-05 -1.2 -1.12
6.256e-05 -1.04 -1.04
6.26e-05 -1.04 -1.04
6.264e-05 -0.96 -1.12
6.268e-05 -0.88 -1.12
6.272e-05 -0.72 -1.12
6.276e-05 -0.72 -1.04
6.28e-05 -0.56 -1.04
6.284e-05 -0.48 -1.12
6.288e-05 -0.4 -1.04
6.292e-05 -0.32 -1.04
6.296e-05 -0.32 -1.04
6.3e-05 0 -1.04
6.304e-05 0 -1.12
6.308e-05 0.08 -1.04
6.312e-05 0.16 -1.04
6.316e-05 0.32 -1.04
6.32e-05 0.32 -1.12
6.324e-05 0.48 -1.04
6.328e-05 0.64 -1.04
6.332e-05 0.64 -1.04
6.336e-05 0.72 -1.04
6.34e-05 0.8 -1.04
6.344e-05 0.96 -0.96
6.348e-05 0.96 -0.96
6.352e-05 1.12 -1.04
6.356e-05 1.12 -1.04
6.36e-05 1.28 -1.04
6.364e-05 1.28 -0.96
6.368e-05 1.44 -0.96
6.372e-05 1.6 -0.96
6.376e-05 1.6 -0.96
6.38e-05 1.76 -0.96
6.384e-05 1.76 -0.96
6.388e-05 1.92 -0.96
6.392e-05 2 -0.88
6.396e-05 2 -0.96
6.4e-05 2.16 -0.88
6.404e-05 2.16 -0.88
6.408e-05 2.32 -0.88
6.412e-05 2.4 -0.88
6.416e-05 2.4 -0.8
6.42e-05 2.48 -0.88
6.424e-05 2.64 -0.88
6.428e-05 2.72 -0.88
6.432e-05 2.8 -0.8
6.436e-05 2.88 -0.8
6.44e-05 2.96 -0.8
6.444e-05 2.96 -0.8
6.448e-05 3.04 -0.8
6.452e-05 3.2 -0.72
6.456e-05 3.2 -0.8
6.46e-05 3.28 -0.72
6.464e-05 3.36 -0.72
6.468e-05 3.44 -0.72
6.472e-05 3.52 -0.72
6.476e-05 3.6 -0.72
6.48e-05 3.6 -0.72
6.484e-05 3.76 -0.72
6.488e-05 3.84 -0.72
6.492e-05 3.84 -0.72
6.496e-05 3.92 -0.64
6.5e-05 4 -0.64
6.504e-05 4.16 -0.56
6.508e-05 4.16 -0.56
6.512e-05 4.16 -0.56
6.516e-05 4.24 -0.56
6.52e-05 4.32 -0.56
6.524e-05 4.4 -0.48
6.528e-05 4.48 -0.48
6.532e-05 4.48 -0.56
6.536e-05 4.56 -0.56
6.54e-05 4.64 -0.48
6.544e-05 4.72 -0.48
6.548e-05 4.8 -0.48
6.552e-05 4.8 -0.48
6.556e-05 4.88 -0.4
6.56e-05 4.88 -0.4
6.564e-05 4.96 -0.4
6.568e-05 4.96 -0.4
6.572e-05 5.12 -0.4
6.576e-05 5.12 -0.32
6.58e-05 5.12 -0.32
6.584e-05 5.2 -0.32
6.588e-05 5.28 -0.32
6.592e-05 5.28 -0.24
6.596e-05 5.36 -0.32
6.6e-05 5.44 -0.24
6.604e-05 5.44 -0.32
6.608e-05 5.44 -0.24
6.612e-05 5.44 -0.16
6.616e-05 5.52 -0.16
6.62e-05 5.6 -0.24
6.624e-05 5.6 -0.16
6.628e-05 5.6 0
6.632e-05 5.6 0
6.636e-05 5.6 -0.16
6.64e-05 5.76 0
6.644e-05 5.76 -0.16
6.648e-05 5.76 0
6.652e-05 5.76 0
6.656e-05 5.76 0
6.66e-05 5.84 0
6.664e-05 5.84 0
6.668e-05 5.84 0.08
6.672e-05 5.84 0
6.676e-05 5.84 0.08
6.68e-05 5.92 0.08
6.684e-05 5.92 0.16
6.688e-05 6 0.08
6.692e-05 6 0.08
6.696e-05 5.92 0.16
6.7e-05 5.92 0.16
6.704e-05 6 0.16
6.708e-05 6.08 0.16
6.712e-05 6.08 0.16
6.716e-05 6 0.24
6.72e-05 6 0.24
6.724e-05 6.08 0.24
6.728e-05 6.08 0.24
6.732e-05 6.08 0.32
6.736e-05 6.08 0.32
6.74e-05 6 0.32
6.744e-05 6.08 0.32
6.748e-05 6 0.32
6.752e-05 6 0.4
6.756e-05 6 0.32
6.76e-05 6 0.4
6.764e-05 5.92 0.32
6.768e-05 5.92 0.4
6.772e-05 5.92 0.4
6.776e-05 5.92 0.4
6.78e-05 5.92 0.4
6.784e-05 5.92 0.48
6.788e-05 5.84 0.48
6.792e-05 5.84 0.48
6.796e-05 5.84 0.4
6.8e-05 5.76 0.48
6.804e-05 5.76 0.4
6.808e-05 5.76 0.48
6.812e-05 5.68 0.56
6.816e-05 5.68 0.48
6.82e-05 5.68 0.48
6.824e-05 5.6 0.56
6.828e-05 5.6 0.56
6.832e-05 5.52 0.56
6.836e-05 5.52 0.56
6.84e-05 5.44 0.64
6.844e-05 5.44 0.72
6.848e-05 5.44 0.64
6.852e-05 5.44 0.64
6.856e-05 5.28 0.72
6.86e-05 5.28 0.64
6.864e-05 5.28 0.72
6.868e-05 5.2 0.72
6.872e-05 5.12 0.72
6.876e-05 5.12 0.72
6.88e-05 5.12 0.72
6.884e-05 4.96 0.72
6.888e-05 4.96 0.72
6.892e-05 4.96 0.72
6.896e-05 4.88 0.8
6.9e-05 4.8 0.72
6.904e-05 4.8 0.8
6.908e-05 4.72 0.8
6.912e-05 4.64 0.8
6.916e-05 4.64 0.88
6.92e-05 4.48 0.8
6.924e-05 4.56 0.8
6.928e-05 4.48 0.8
6.932e-05 4.32 0.8
6.936e-05 4.24 0.8
6.94e-05 4.24 0.8
6.944e-05 4.16 0.88
6.948e-05 4.16 0.88
6.952e-05 4 0.88
6.956e-05 3.92 0.8
6.96e-05 3.92 0.88
6.964e-05 3.84 0.88
6.968e-05 3.68 0.96
6.972e-05 3.68 0.88
6.976e-05 3.6 0.88
6.98e-05 3.52 0.96
6.984e-05 3.52 0.96
6.988e-05 3.36 0.96
6.992e-05 3.36 0.88
6.996e-05 3.28 0.88
7e-05 3.2 0.96
7.004e-05 3.04 0.96
7.008e-05 3.04 0.96
7.012e-05 2.96 0.96
7.016e-05 2.88 0.96
7.02e-05 2.72 0.96
7.024e-05 2.72 0.96
7.028e-05 2.64 0.96
7.032e-05 2.56 0.96
7.036e-05 2.48 1.04
7.04e-05 2.4 0.96
7.044e-05 2.32 0.96
7.048e-05 2.24 0.96
7.052e-05 2.16 0.96
7.056e-05 2.08 0.96
7.06e-05 2 0.88
7.064e-05 1.92 0.96
7.068e-05 1.84 0.96
7.072e-05 1.76 0.96
7.076e-05 1.6 0.96
7.08e-05 1.6 0.88
7.084e-05 1.44 0.96
7.088e-05 1.36 0.96
7.092e-05 1.28 0.96
7.096e-05 1.2 0.96
7.1e-05 1.12 0.96
7.104e-05 1.04 0.96
7.108e-05 0.96 0.96
7.112e-05 0.8 0.96
7.116e-05 0.8 0.96
7.12e-05 0.72 0.88
7.124e-05 0.64 0.96
7.128e-05 0.48 0.96
7.132e-05 0.4 0.96
7.136e-05 0.32 0.88
7.14e-05 0.24 0.96
7.144e-05 0.16 0.88
7.148e-05 0 0.96
7.152e-05 0 0.96
7.156e-05 -0.16 0.88
7.16e-05 -0.32 0.96
7.164e-05 -0.4 0.88
7.168e-05 -0.4 0.96
7.172e-05 -0.56 0.88
7.176e-05 -0.72 0.88
7.18e-05 -0.8 0.88
7.184e-05 -0.8 0.88
7.188e-05 -0.96 0.8
7.192e-05 -1.04 0.8
7.196e-05 -1.2 0.88
7.2e-05 -1.2 0.88
7.204e-05 -1.36 0.8
7.208e-05 -1.36 0.8
7.212e-05 -1.52 0.8
7.216e-05 -1.52 0.88
7.22e-05 -1.68 0.8
7.224e-05 -1.68 0.72
7.228e-05 -1.84 0.8
7.232e-05 -1.92 0.8
7.236e-05 -1.92 0.8
7.24e-05 -2 0.72
7.244e-05 -2.16 0.72
7.248e-05 -2.24 0.72
7.252e-05 -2.32 0.8
7.256e-05 -2.32 0.64
7.26e-05 -2.4 0.72
7.264e-05 -2.56 0.72
7.268e-05 -2.64 0.72
7.272e-05 -2.72 0.72
7.276e-05 -2.8 0.64
7.28e-05 -2.88 0.64
7.284e-05 -2.96 0.64
7.288e-05 -2.96 0.64
7.292e-05 -3.12 0.64
7.296e-05 -3.2 0.56
7.3e-05 -3.2 0.56
7.304e-05 -3.28 0.64
7.308e-05 -3.44 0.64
7.312e-05 -3.52 0.56
7.316e-05 -3.6 0.48
7.32e-05 -3.6 0.64
7.324e-05 -3.76 0.48
7.328e-05 -3.76 0.48
7.332e-05 -3.84 0.48
7.336e-05 -3.92 0.48
7.34e-05 -3.92 0.48
7.344e-05 -4.08 0.4
7.348e-05 -4.16 0.4
7.352e-05 -4.24 0.4
7.356e-05 -4.24 0.48
7.36e-05 -4.32 0.48
7.364e-05 -4.4 0.32
7.368e-05 -4.48 0.4
7.372e-05 -4.48 0.4
7.376e-05 -4.56 0.4
7.38e-05 -4.56 0.32
7.384e-05 -4.72 0.32
7.388e-05 -4.8 0.32
7.392e-05 -4.8 0.32
7.396e-05 -4.88 0.32
7.4e-05 -4.88 0.32
7.404e-05 -4.96 0.16
7.408e-05 -5.04 0.24
7.412e-05 -5.12 0.24
7.416e-05 -5.12 0.24
7.42e-05 -5.2 0.24
7.424e-05 -5.2 0.24
7.428e-05 -5.36 0.16
7.432e-05 -5.36 0.16
7.436e-05 -5.36 0.16
7.44e-05 -5.36 0.08
7.444e-05 -5.44 0.16
7.448e-05 -5.52 0.08
7.452e-05 -5.52 0.08
7.456e-05 -5.6 0
7.46e-05 -5.52 0.08
7.464e-05 -5.6 0.08
7.468e-05 -5.68 0
7.472e-05 -5.68 0
7.476e-05 -5.76 0
7.48e-05 -5.76 0.08
7.484e-05 -5.76 0
7.488e-05 -5.84 -0.16
7.492e-05 -5.84 0
7.496e-05 -5.84 -0.16
7.5e-05 -5.84 -0.16
7.504e-05 -5.92 -0.16
7.508e-05 -6 -0.16
7.512e-05 -6 -0.24
7.516e-05 -6 -0.24
7.52e-05 -6 -0.24
7.524e-05 -6.08 -0.24
7.528e-05 -6.08 -0.24
7.532e-05 -6.08 -0.24
7.536e-05 -6.08 -0.24
7.54e-05 -6.08 -0.32
7.544e-05 -6.08 -0.32
7.548e-05 -6.16 -0.24
7.552e-05 -6.16 -0.32
7.556e-05 -6.16 -0.4
7.56e-05 -6.16 -0.4
7.564e-05 -6.16 -0.4
7.568e-05 -6.08 -0.4
7.572e-05 -6.16 -0.4
7.576e-05 -6.16 -0.4
7.58e-05 -6.08 -0.4
7.584e-05 -6.16 -0.48
7.588e-05 -6.08 -0.4
7.592e-05 -6.08 -0.48
7.596e-05 -6.08 -0.48
7.6e-05 -6.16 -0.56
7.604e-05 -6.08 -0.48
7.608e-05 -6.08 -0.48
7.612e-05 -6.08 -0.56
7.616e-05 -6.08 -0.56
7.62e-05 -6.08 -0.56
7.624e-05 -6 -0.56
7.628e-05 -6 -0.72
7.632e-05 -6 -0.64
7.636e-05 -6 -0.64
7.64e-05 -5.92 -0.64
7.644e-05 -5.84 -0.64
7.648e-05 -5.84 -0.72
7.652e-05 -5.84 -0.72
7.656e-05 -5.84 -0.72
7.66e-05 -5.76 -0.64
7.664e-05 -5.76 -0.72
7.668e-05 -5.76 -0.72
7.672e-05 -5.76 -0.72
7.676e-05 -5.68 -0.72
7.68e-05 -5.68 -0.72
7.684e-05 -5.6 -0.8
7.688e-05 -5.52 -0.8
7.692e-05 -5.52 -0.8
7.696e-05 -5.52 -0.8
7.7e-05 -5.52 -0.88
7.704e-05 -5.44 -0.8
7.708e-05 -5.36 -0.88
7.712e-05 -5.36 -0.8
7.716e-05 -5.28 -0.88
7.72e-05 -5.2 -0.88
7.724e-05 -5.2 -0.96
7.728e-05 -5.2 -0.88
7.732e-05 -5.12 -0.88
7.736e-05 -5.04 -0.96
7.74e-05 -5.04 -0.96
7.744e-05 -4.88 -0.96
7.748e-05 -4.88 -0.88
7.752e-05 -4.88 -0.96
7.756e-05 -4.8 -0.96
7.76e-05 -4.72 -0.96
7.764e-05 -4.72 -0.96
7.768e-05 -4.64 -0.96
7.772e-05 -4.56 -0.96
7.776e-05 -4.56 -1.04
7.78e-05 -4.48 -1.04
7.784e-05 -4.4 -1.04
7.788e-05 -4.24 -1.04
7.792e-05 -4.24 -1.04
7.796e-05 -4.16 -1.04
7.8e-05 -4.16 -1.04
7.804e-05 -4.08 -1.04
7.808e-05 -4 -1.12
7.812e-05 -3.92 -1.04
7.816e-05 -3.84 -1.04
7.82e-05 -3.76 -1.04
7.824e-05 -3.76 -1.04
7.828e-05 -3.68 -1.12
7.832e-05 -3.6 -1.04
7.836e-05 -3.52 -1.04
7.84e-05 -3.44 -1.04
7.844e-05 -3.36 -1.12
7.848e-05 -3.28 -1.2
7.852e-05 -3.2 -1.04
7.856e-05 -3.12 -1.04
7.86e-05 -3.04 -1.04
7.864e-05 -2.96 -1.12
7.868e-05 -2.88 -1.04
7.872e-05 -2.8 -1.04
7.876e-05 -2.8 -1.12
7.88e-05 -2.64 -1.04
7.884e-05 -2.56 -1.12
7.888e-05 -2.48 -1.04
7.892e-05 -2.32 -1.12
7.896e-05 -2.32 -1.12
7.9e-05 -2.24 -1.2
7.904e-05 -2.16 -1.12
7.908e-05 -2.08 -1.12
7.912e-05 -2 -1.2
7.916e-05 -1.92 -1.12
7.92e-05 -1.76 -1.12
7.924e-05 -1.68 -1.12
7.928e-05 -1.6 -1.04
7.932e-05 -1.6 -1.12
7.936e-05 -1.52 -1.12
7.94e-05 -1.36 -1.12
7.944e-05 -1.28 -1.04
7.948e-05 -1.2 -1.12
7.952e-05 -1.12 -1.2
7.956e-05 -0.96 -1.12
7.96e-05 -0.96 -1.12
7.964e-05 -0.88 -1.12
7.968e-05 -0.8 -1.2
7.972e-05 -0.64 -1.12
7.976e-05 -0.56 -1.12
7.98e-05 -0.48 -1.12
7.984e-05 -0.4 -1.12
7.988e-05 -0.32 -1.04
7.992e-05 -0.24 -1.04
7.996e-05 0 -1.04
8e-05 0 -1.04
8.004e-05 0.08 -1.04
8.008e-05 0.24 -1.12
8.012e-05 0.32 -0.96
8.016e-05 0.4 -1.04
8.02e-05 0.48 -1.04
8.024e-05 0.64 -1.04
8.028e-05 0.64 -1.04
8.032e-05 0.72 -1.04
8.036e-05 0.8 -1.04
8.04e-05 0.96 -1.04
8.044e-05 1.04 -1.04
8.048e-05 1.12 -0.96
8.052e-05 1.12 -0.96
8.056e-05 1.28 -0.96
8.06e-05 1.36 -0.96
8.064e-05 1.6 -0.96
8.068e-05 1.6 -0.96
8.072e-05 1.6 -1.04
8.076e-05 1.68 -0.96
8.08e-05 1.76 -0.96
8.084e-05 1.92 -0.96
8.088e-05 2 -0.96
8.092e-05 2.08 -0.96
8.096e-05 2.16 -0.88
8.1e-05 2.24 -0.96
8.104e-05 2.32 -0.88
8.108e-05 2.4 -0.88
8.112e-05 2.48 -0.88
8.116e-05 2.56 -0.8
8.12e-05 2.72 -0.8
8.124e-05 2.64 -0.88
8.128e-05 2.8 -0.88
8.132e-05 2.88 -0.88
8.136e-05 2.88 -0.8
8.14e-05 3.04 -0.8
8.144e-05 3.12 -0.72
8.148e-05 3.2 -0.8
8.152e-05 3.28 -0.8
8.156e-05 3.36 -0.72
8.16e-05 3.36 -0.72
8.164e-05 3.52 -0.72
8.168e-05 3.52 -0.72
8.172e-05 3.68 -0.64
8.176e-05 3.68 -0.72
8.18e-05 3.84 -0.64
8.184e-05 3.84 -0.64
8.188e-05 3.92 -0.64
8.192e-05 4 -0.64
8.196e-05 4 -0.64
8.2e-05 4.08 -0.64
8.204e-05 4.16 -0.56
8.208e-05 4.24 -0.56
8.212e-05 4.24 -0.56
8.216e-05 4.4 -0.56
8.22e-05 4.4 -0.48
8.224e-05 4.48 -0.48
8.228e-05 4.56 -0.48
8.232e-05 4.64 -0.48
8.236e-05 4.64 -0.56
8.24e-05 4.8 -0.48
8.244e-05 4.8 -0.48
8.248e-05 4.8 -0.48
8.252e-05 4.88 -0.48
8.256e-05 4.88 -0.4
8.26e-05 4.96 -0.4
8.264e-05 5.12 -0.4
8.268e-05 5.12 -0.4
8.272e-05 5.12 -0.32
8.276e-05 5.2 -0.32
8.28e-05 5.2 -0.32
8.284e-05 5.2 -0.32
8.288e-05 5.28 -0.32
8.292e-05 5.36 -0.32
8.296e-05 5.36 -0.24
8.3e-05 5.44 -0.24
8.304e-05 5.44 -0.24
8.308e-05 5.44 -0.32
8.312e-05 5.52 -0.24
8.316e-05 5.6 -0.16
8.32e-05 5.6 -0.24
8.324e-05 5.68 -0.24
8.328e-05 5.68 -0.16
8.332e-05 5.76 0
8.336e-05 5.76 0
8.34e-05 5.76 0
8.344e-05 5.76 0
8.348e-05 5.84 0
8.352e-05 5.84 0
8.356e-05 5.84 0
8.36e-05 5.84 0
8.364e-05 5.84 0.08
8.368e-05 5.92 0.08
8.372e-05 5.92 0.08
8.376e-05 5.92 0
8.38e-05 5.92 0.08
8.384e-05 5.92 0.08
8.388e-05 6 0.16
8.392e-05 6.08 0.16
8.396e-05 5.92 0.16
8.4e-05 6 0.16
8.404e-05 6.08 0.24
8.408e-05 6 0.16
8.412e-05 6.08 0.16
8.416e-05 6.08 0.16
8.42e-05 6.08 0.24
8.424e-05 6.08 0.32
8.428e-05 6.08 0.32
8.432e-05 6 0.32
8.436e-05 6.08 0.32
8.44e-05 6 0.32
8.444e-05 6 0.32
8.448e-05 6 0.32
8.452e-05 5.92 0.4
8.456e-05 5.92 0.4
8.46e-05 6 0.4
8.464e-05 5.92 0.4
8.468e-05 5.92 0.4
8.472e-05 5.92 0.48
8.476e-05 5.92 0.48
8.48e-05 5.84 0.4
8.484e-05 5.84 0.48
8.488e-05 5.84 0.48
8.492e-05 5.84 0.48
8.496e-05 5.76 0.64
8.5e-05 5.76 0.48
8.504e-05 5.76 0.48
8.508e-05 5.76 0.56
8.512e-05 5.68 0.56
8.516e-05 5.76 0.56
8.52e-05 5.6 0.64
8.524e-05 5.52 0.64
8.528e-05 5.52 0.64
8.532e-05 5.52 0.64
8.536e-05 5.44 0.56
8.54e-05 5.44 0.64
8.544e-05 5.44 0.64
8.548e-05 5.44 0.64
8.552e-05 5.36 0.64
8.556e-05 5.28 0.72
8.56e-05 5.2 0.72
8.564e-05 5.2 0.72
8.568e-05 5.12 0.72
8.572e-05 5.12 0.72
8.576e-05 5.12 0.72
8.58e-05 5.12 0.8
8.584e-05 4.96 0.8
8.588e-05 4.88 0.72
8.592e-05 4.8 0.72
8.596e-05 4.8 0.72
8.6e-05 4.8 0.8
8.604e-05 4.64 0.8
8.608e-05 4.64 0.8
8.612e-05 4.64 0.8
8.616e-05 4.56 0.88
8.62e-05 4.4 0.8
8.624e-05 4.48 0.8
8.628e-05 4.32 0.8
8.632e-05 4.24 0.8
8.636e-05 4.16 0.96
8.64e-05 4.16 0.88
8.644e-05 4.16 0.8
8.648e-05 4 0.8
8.652e-05 3.92 0.88
8.656e-05 3.92 0.88
8.66e-05 3.84 0.8
8.664e-05 3.68 0.88
8.668e-05 3.68 0.96
8.672e-05 3.6 0.96
8.676e-05 3.52 0.88
8.68e-05 3.52 0.88
8.684e-05 3.36 0.96
8.688e-05 3.36 0.96
8.692e-05 3.28 0.88
8.696e-05 3.2 0.88
8.7e-05 3.04 0.96
8.704e-05 2.96 0.96
8.708e-05 2.96 0.96
8.712e-05 2.88 0.96
8.716e-05 2.88 0.96
8.72e-05 2.72 0.96
8.724e-05 2.64 1.04
8.728e-05 2.56 0.96
8.732e-05 2.4 0.96
8.736e-05 2.4 0.96
8.74e-05 2.32 1.04
8.744e-05 2.24 0.96
8.748e-05 2.08 0.96
8.752e-05 2.08 0.96
8.756e-05 2 0.96
8.76e-05 1.84 0.96
8.764e-05 1.76 0.88
8.768e-05 1.68 0.96
8.772e-05 1.6 0.96
8.776e-05 1.52 0.96
8.78e-05 1.44 0.96
8.784e-05 1.36 0.96
8.788e-05 1.28 0.96
8.792e-05 1.2 0.96
8.796e-05 1.12 0.96
8.8e-05 0.96 0.96
8.804e-05 0.96 0.88
8.808e-05 0.8 0.96
8.812e-05 0.72 0.96
8.816e-05 0.64 0.96
8.82e-05 0.56 0.96
8.824e-05 0.48 0.88
8.828e-05 0.32 0.96
8.832e-05 0.32 0.96
8.836e-05 0.24 0.88
8.84e-05 0.08 0.88
8.844e-05 0 0.96
8.848e-05 -0.16 0.96
8.852e-05 -0.24 0.88
8.856e-05 -0.32 0.88
8.86e-05 -0.4 0.88
8.864e-05 -0.56 0.96
8.868e-05 -0.64 0.88
8.872e-05 -0.64 0.8
8.876e-05 -0.72 0.88
8.88e-05 -0.88 0.88
8.884e-05 -0.96 0.88
8.888e-05 -1.04 0.8
8.892e-05 -1.12 0.8
8.896e-05 -1.28 0.8
8.9e-05 -1.28 0.8
8.904e-05 -1.36 0.8
8.908e-05 -1.52 0.8
8.912e-05 -1.6 0.88
8.916e-05 -1.68 0.8
8.92e-05 -1.76 0.8
8.924e-05 -1.84 0.8
8.928e-05 -1.92 0.72
8.932e-05 -2 0.8
8.936e-05 -2.08 0.72
8.94e-05 -2.16 0.72
8.944e-05 -2.24 0.72
8.948e-05 -2.32 0.72
8.952e-05 -2.48 0.72
8.956e-05 -2.48 0.72
8.96e-05 -2.64 0.72
8.964e-05 -2.64 0.72
8.968e-05 -2.8 0.72
8.972e-05 -2.8 0.72
8.976e-05 -2.88 0.64
8.98e-05 -2.96 0.64
8.984e-05 -3.12 0.56
8.988e-05 -3.12 0.64
8.992e-05 -3.2 0.56
8.996e-05 -3.28 0.64
9e-05 -3.36 0.56
9.004e-05 -3.44 0.64
9.008e-05 -3.52 0.56
9.012e-05 -3.6 0.56
9.016e-05 -3.68 0.48
9.02e-05 -3.76 0.48
9.024e-05 -3.76 0.56
9.028e-05 -3.84 0.48
9.032e-05 -3.92 0.48
9.036e-05 -4 0.48
9.04e-05 -4.08 0.48
9.044e-05 -4.16 0.4
9.048e-05 -4.16 0.32
9.052e-05 -4.32 0.4
9.056e-05 -4.32 0.4
9.06e-05 -4.4 0.4
9.064e-05 -4.48 0.4
9.068e-05 -4.48 0.32
9.072e-05 -4.56 0.4
9.076e-05 -4.64 0.4
9.08e-05 -4.72 0.4
9.084e-05 -4.8 0.32
9.088e-05 -4.8 0.24
9.092e-05 -4.88 0.32
9.096e-05 -4.88 0.32
9.1e-05 -5.04 0.24
9.104e-05 -5.04 0.24
9.108e-05 -5.12 0.24
9.112e-05 -5.2 0.16
9.116e-05 -5.2 0.16
9.12e-05 -5.2 0.16
9.124e-05 -5.2 0.16
9.128e-05 -5.28 0.24
9.132e-05 -5.36 0.16
9.136e-05 -5.36 0.08
9.14e-05 -5.44 0.08
9.144e-05 -5.52 0.08
9.148e-05 -5.52 0.08
9.152e-05 -5.6 0.08
9.156e-05 -5.52 0.08
9.16e-05 -5.6 0
9.164e-05 -5.68 0
9.168e-05 -5.68 0
9.172e-05 -5.76 0
9.176e-05 -5.76 0
9.18e-05 -5.76 0
9.184e-05 -5.84 0
9.188e-05 -5.84 0
9.192e-05 -5.84 0
9.196e-05 -5.84 0
9.2e-05 -5.84 0
9.204e-05 -6 -0.16
9.208e-05 -5.92 -0.24
9.212e-05 -6 -0.24
9.216e-05 -6 -0.16
9.22e-05 -6 -0.24
9.224e-05 -6 -0.24
9.228e-05 -6.08 -0.32
9.232e-05 -6.08 -0.32
9.236e-05 -6.08 -0.32
9.24e-05 -6.08 -0.32
9.244e-05 -6.08 -0.4
9.248e-05 -6.16 -0.4
9.252e-05 -6.08 -0.32
9.256e-05 -6.08 -0.32
9.26e-05 -6.16 -0.4
9.264e-05 -6.08 -0.4
9.268e-05 -6.08 -0.4
9.272e-05 -6.16 -0.4
9.276e-05 -6.08 -0.4
9.28e-05 -6.16 -0.4
9.284e-05 -6.16 -0.48
9.288e-05 -6.08 -0.48
9.292e-05 -6.08 -0.48
9.296e-05 -6.16 -0.56
9.3e-05 -6.08 -0.56
9.304e-05 -6.08 -0.56
9.308e-05 -6.08 -0.48
9.312e-05 -6.08 -0.56
9.316e-05 -6 -0.56
9.32e-05 -6 -0.56
9.324e-05 -6 -0.56
9.328e-05 -6 -0.64
9.332e-05 -6 -0.64
9.336e-05 -6 -0.64
9.34e-05 -5.84 -0.64
9.344e-05 -5.84 -0.64
9.348e-05 -5.84 -0.64
9.352e-05 -5.84 -0.72
9.356e-05 -5.84 -0.72
9.36e-05 -5.76 -0.64
9.364e-05 -5.76 -0.72
9.368e-05 -5.68 -0.72
9.372e-05 -5.68 -0.8
9.376e-05 -5.68 -0.72
9.38e-05 -5.6 -0.8
9.384e-05 -5.52 -0.72
9.388e-05 -5.52 -0.88
9.392e-05 -5.52 -0.88
9.396e-05 -5.44 -0.88
9.4e-05 -5.44 -0.88
9.404e-05 -5.36 -0.88
9.408e-05 -5.36 -0.88
9.412e-05 -5.36 -0.88
9.416e-05 -5.2 -0.88
9.42e-05 -5.2 -0.96
9.424e-05 -5.2 -0.88
9.428e-05 -5.12 -0.96
9.432e-05 -5.12 -0.88
9.436e-05 -5.04 -0.96
9.44e-05 -4.96 -0.96
9.444e-05 -4.88 -0.96
9.448e-05 -4.88 -0.88
9.452e-05 -4.8 -0.96
9.456e-05 -4.72 -1.04
9.46e-05 -4.72 -1.04
9.464e-05 -4.56 -1.04
9.468e-05 -4.56 -0.96
9.472e-05 -4.48 -0.96
9.476e-05 -4.48 -0.96
9.48e-05 -4.4 -0.96
9.484e-05 -4.32 -1.04
9.488e-05 -4.24 -1.04
9.492e-05 -4.16 -1.04
9.496e-05 -4.08 -1.04
9.5e-05 -4.08 -1.04
9.504e-05 -4 -1.04
9.508e-05 -3.92 -1.04
9.512e-05 -3.84 -1.04
9.516e-05 -3.84 -1.04
9.52e-05 -3.68 -1.04
9.524e-05 -3.6 -1.04
9.528e-05 -3.52 -1.04
9.532e-05 -3.52 -1.04
9.536e-05 -3.44 -1.04
9.54e-05 -3.28 -1.04
9.544e-05 -3.28 -1.12
9.548e-05 -3.2 -1.04
9.552e-05 -3.12 -1.2
9.556e-05 -2.96 -1.04
9.56e-05 -2.96 -1.12
9.564e-05 -2.88 -1.12
9.568e-05 -2.8 -1.12
9.572e-05 -2.72 -1.2
9.576e-05 -2.64 -1.12
9.58e-05 -2.56 -1.12
9.584e-05 -2.48 -1.04
9.588e-05 -2.32 -1.12
9.592e-05 -2.32 -1.12
9.596e-05 -2.24 -1.12
9.6e-05 -2.08 -1.12
9.604e-05 -2 -1.12
9.608e-05 -2 -1.12
9.612e-05 -1.84 -1.12
9.616e-05 -1.76 -1.2
9.62e-05 -1.68 -1.2
9.624e-05 -1.6 -1.12
9.628e-05 -1.52 -1.04
9.632e-05 -1.44 -1.12
9.636e-05 -1.36 -1.2
9.64e-05 -1.28 -1.12
9.644e-05 -1.2 -1.04
9.648e-05 -1.12 -1.12
9.652e-05 -1.04 -1.04
9.656e-05 -0.88 -1.2
9.66e-05 -0.8 -1.04
9.664e-05 -0.72 -1.12
9.668e-05 -0.64 -1.12
9.672e-05 -0.56 -1.12
9.676e-05 -0.4 -1.04
9.68e-05 -0.4 -1.04
9.684e-05 -0.32 -1.12
9.688e-05 -0.16 -1.04
9.692e-05 0 -1.04
9.696e-05 0.08 -1.04
9.7e-05 0.08 -1.04
9.704e-05 0.24 -1.12
9.708e-05 0.32 -1.04
9.712e-05 0.4 -1.04
9.716e-05 0.48 -1.04
9.72e-05 0.64 -1.04
9.724e-05 0.72 -1.04
9.728e-05 0.8 -1.04
9.732e-05 0.88 -1.04
9.736e-05 0.96 -0.96
9.74e-05 1.04 -1.04
9.744e-05 1.12 -1.04
9.748e-05 1.28 -1.04
9.752e-05 1.36 -0.96
9.756e-05 1.44 -0.96
9.76e-05 1.44 -0.96
9.764e-05 1.6 -0.96
9.768e-05 1.68 -0.88
9.772e-05 1.68 -0.96
9.776e-05 1.76 -0.96
9.78e-05 1.92 -1.04
9.784e-05 2 -0.88
9.788e-05 2.08 -0.96
9.792e-05 2.16 -0.96
9.796e-05 2.24 -0.96
9.8e-05 2.32 -0.88
9.804e-05 2.4 -0.88
9.808e-05 2.56 -0.88
9.812e-05 2.56 -0.88
9.816e-05 2.64 -0.88
9.82e-05 2.72 -0.8
9.824e-05 2.8 -0.8
9.828e-05 2.88 -0.8
9.832e-05 2.96 -0.8
9.836e-05 3.04 -0.8
9.84e-05 3.04 -0.8
9.844e-05 3.2 -0.72
9.848e-05 3.28 -0.72
9.852e-05 3.36 -0.72
9.856e-05 3.36 -0.72
9.86e-05 3.52 -0.72
9.864e-05 3.6 -0.72
9.868e-05 3.68 -0.64
9.872e-05 3.68 -0.64
9.876e-05 3.84 -0.64
9.88e-05 3.84 -0.64
9.884e-05 3.92 -0.64
9.888e-05 3.92 -0.56
9.892e-05 4.16 -0.56
9.896e-05 4.16 -0.56
9.9e-05 4.16 -0.64
9.904e-05 4.24 -0.64
9.908e-05 4.24 -0.56
9.912e-05 4.48 -0.56
9.916e-05 4.4 -0.56
9.92e-05 4.56 -0.56
9.924e-05 4.56 -0.48
9.928e-05 4.64 -0.48
9.932e-05 4.64 -0.48
9.936e-05 4.8 -0.48
9.94e-05 4.8 -0.48
9.944e-05 4.88 -0.4
9.948e-05 4.88 -0.4
9.952e-05 4.96 -0.4
9.956e-05 5.04 -0.4
9.96e-05 5.12 -0.4
9.964e-05 5.12 -0.32
9.968e-05 5.12 -0.4
9.972e-05 5.12 -0.32
9.976e-05 5.28 -0.32
9.98e-05 5.2 -0.24
9.984e-05 5.28 -0.24
9.988e-05 5.36 -0.32
9.992e-05 5.44 -0.32
9.996e-05 5.44 -0.24
0.0001 5.44 -0.16
0.00010004 5.52 -0.24
0.00010008 5.52 -0.24
0.00010012 5.6 -0.24
0.00010016 5.6 -0.16
0.0001002 5.6 -0.16
0.00010024 5.6 -0.16
0.00010028 5.76 0
0.00010032 5.76 0
0.00010036 5.76 0
0.0001004 5.76 0
0.00010044 5.76 0
0.00010048 5.84 0
0.00010052 5.84 0
0.00010056 5.84 0
0.0001006 5.92 0
0.00010064 5.92 0
0.00010068 5.92 0.08
0.00010072 5.92 0.08
0.00010076 5.92 0.08
0.0001008 6 0.08
0.00010084 5.92 0.16
0.00010088 6 0.16
0.00010092 6 0.16
0.00010096 6.08 0.16
0.000101 6.08 0.16
0.00010104 6.08 0.32
0.00010108 6.08 0.24
0.00010112 6 0.24
0.00010116 6.08 0.32
0.0001012 6 0.24
0.00010124 6 0.32
0.00010128 6 0.32
0.00010132 6 0.32
0.00010136 6 0.32
0.0001014 6 0.32
0.00010144 6 0.32
0.00010148 6 0.32
0.00010152 5.92 0.4
0.00010156 5.92 0.4
0.0001016 5.92 0.4
0.00010164 5.92 0.4
0.00010168 5.92 0.4
0.00010172 5.92 0.48
0.00010176 5.92 0.48
0.0001018 5.84 0.4
0.00010184 5.84 0.4
0.00010188 5.76 0.4
0.00010192 5.76 0.48
0.00010196 5.76 0.48
0.000102 5.76 0.56
0.00010204 5.76 0.48
0.00010208 5.6 0.56
0.00010212 5.68 0.56
0.00010216 5.6 0.56
0.0001022 5.52 0.64
0.00010224 5.52 0.64
0.00010228 5.52 0.64
0.00010232 5.52 0.64
0.00010236 5.44 0.64
0.0001024 5.44 0.64
0.00010244 5.44 0.64
0.00010248 5.28 0.64
0.00010252 5.28 0.64
0.00010256 5.2 0.72
0.0001026 5.2 0.72
0.00010264 5.12 0.72
0.00010268 5.12 0.72
0.00010272 5.12 0.64
0.00010276 4.96 0.72
0.0001028 4.96 0.8
0.00010284 4.96 0.8
0.00010288 4.8 0.8
0.00010292 4.8 0.72
0.00010296 4.8 0.8
0.000103 4.64 0.8
0.00010304 4.64 0.8
0.00010308 4.56 0.8
0.00010312 4.56 0.8
0.00010316 4.48 0.8
0.0001032 4.4 0.88
0.00010324 4.32 0.88
0.00010328 4.24 0.88
0.00010332 4.16 0.88
0.00010336 4.16 0.88
0.0001034 4 0.8
0.00010344 4 0.88
0.00010348 3.92 0.88
0.00010352 3.84 0.96
0.00010356 3.84 0.88
0.0001036 3.68 0.88
0.00010364 3.6 0.88
0.00010368 3.6 0.88
0.00010372 3.52 0.96
0.00010376 3.52 0.96
0.0001038 3.36 0.88
0.00010384 3.36 0.88
0.00010388 3.2 0.96
0.00010392 3.2 0.96
0.00010396 3.04 0.96
0.000104 2.96 0.88
0.00010404 2.88 0.88
0.00010408 2.88 0.96
0.00010412 2.72 0.96
0.00010416 2.64 0.96
0.0001042 2.56 0.96
0.00010424 2.56 0.96
0.00010428 2.4 0.96
0.00010432 2.32 0.96
0.00010436 2.24 0.96
0.0001044 2.24 0.96
0.00010444 2.08 0.96
0.00010448 2 0.96
0.00010452 1.92 0.96
0.00010456 1.84 0.96
0.0001046 1.76 1.04
0.00010464 1.68 0.96
0.00010468 1.6 0.96
0.00010472 1.52 0.88
0.00010476 1.44 0.96
0.0001048 1.28 0.96
0.00010484 1.28 0.96
0.00010488 1.12 0.88
0.00010492 1.04 0.96
0.00010496 1.04 0.96
0.000105 0.88 0.96
0.00010504 0.8 0.96
0.00010508 0.72 0.88
0.00010512 0.64 0.96
0.00010516 0.56 0.88
0.0001052 0.4 0.96
0.00010524 0.32 0.88
0.00010528 0.32 0.96
0.00010532 0.16 0.96
0.00010536 0.08 0.88
0.0001054 0 0.88
0.00010544 -0.24 0.88
0.00010548 -0.32 0.88
0.00010552 -0.4 0.96
0.00010556 -0.4 0.8
0.0001056 -0.56 0.88
0.00010564 -0.64 0.8
0.00010568 -0.64 0.88
0.00010572 -0.88 0.8
0.00010576 -0.88 0.8
0.0001058 -0.96 0.88
0.00010584 -1.04 0.88
0.00010588 -1.2 0.88
0.00010592 -1.28 0.8
0.00010596 -1.36 0.8
0.000106 -1.36 0.8
0.00010604 -1.52 0.8
0.00010608 -1.6 0.8
0.00010612 -1.68 0.8
0.00010616 -1.76 0.8
0.0001062 -1.84 0.8
0.00010624 -1.92 0.8
0.00010628 -2 0.72
0.00010632 -2.16 0.8
0.00010636 -2.24 0.8
0.0001064 -2.24 0.72
0.00010644 -2.32 0.72
0.00010648 -2.4 0.64
0.00010652 -2.48 0.72
0.00010656 -2.64 0.72
0.0001066 -2.64 0.64
0.00010664 -2.8 0.64
0.00010668 -2.8 0.64
0.00010672 -2.96 0.72
0.00010676 -2.96 0.64
0.0001068 -3.12 0.64
0.00010684 -3.12 0.64
0.00010688 -3.2 0.56
0.00010692 -3.28 0.56
0.00010696 -3.44 0.56
0.000107 -3.44 0.56
0.00010704 -3.52 0.56
0.00010708 -3.6 0.48
0.00010712 -3.76 0.48
0.00010716 -3.84 0.48
0.0001072 -3.84 0.48
0.00010724 -3.92 0.48
0.00010728 -3.92 0.48
0.00010732 -4 0.48
0.00010736 -4.08 0.4
0.0001074 -4.16 0.48
0.00010744 -4.24 0.4
0.00010748 -4.24 0.4
0.00010752 -4.4 0.4
0.00010756 -4.4 0.32
0.0001076 -4.4 0.4
0.00010764 -4.56 0.4
0.00010768 -4.56 0.4
0.00010772 -4.72 0.32
0.00010776 -4.72 0.32
0.0001078 -4.8 0.4
0.00010784 -4.8 0.32
0.00010788 -4.88 0.24
0.00010792 -4.88 0.24
0.00010796 -5.04 0.32
0.000108 -5.04 0.24
0.00010804 -5.12 0.24
0.00010808 -5.2 0.24
0.00010812 -5.2 0.24
0.00010816 -5.2 0.16
0.0001082 -5.2 0.08
0.00010824 -5.36 0.08
0.00010828 -5.36 0.16
0.00010832 -5.44 0.16
0.00010836 -5.44 0.08
0.0001084 -5.52 0
0.00010844 -5.52 0.08
0.00010848 -5.52 0.08
0.00010852 -5.6 0.08
0.00010856 -5.68 0
0.0001086 -5.68 0
0.00010864 -5.68 0
0.00010868 -5.76 0
0.00010872 -5.84 0
0.00010876 -5.84 -0.16
0.0001088 -5.84 -0.16
0.00010884 -5.84 -0.16
0.00010888 -5.92 -0.16
0.00010892 -5.92 -0.24
0.00010896 -5.92 -0.16
0.000109 -5.92 -0.16
0.00010904 -5.92 -0.16
0.00010908 -6 -0.24
0.00010912 -6 -0.24
0.00010916 -6 -0.32
0.0001092 -6.08 -0.24
0.00010924 -6.08 -0.32
0.00010928 -6.08 -0.32
0.00010932 -6.08 -0.32
0.00010936 -6.08 -0.32
0.0001094 -6.08 -0.32
0.00010944 -6.16 -0.4
0.00010948 -6.08 -0.4
0.00010952 -6.08 -0.4
0.00010956 -6.16 -0.32
0.0001096 -6.16 -0.32
0.00010964 -6.08 -0.4
0.00010968 -6.16 -0.4
0.00010972 -6.08 -0.4
0.00010976 -6.08 -0.4
0.0001098 -6.16 -0.48
0.00010984 -6.16 -0.56
0.00010988 -6.08 -0.48
0.00010992 -6.08 -0.56
0.00010996 -6.08 -0.56
0.00011 -6.08 -0.56
0.00011004 -6.08 -0.56
0.00011008 -6.08 -0.56
0.00011012 -6.08 -0.56
0.00011016 -6 -0.64
0.0001102 -6 -0.64
0.00011024 -5.92 -0.56
0.00011028 -6 -0.56
0.00011032 -5.92 -0.56
0.00011036 -5.92 -0.64
0.0001104 -5.84 -0.72
0.00011044 -5.84 -0.64
0.00011048 -5.84 -0.72
0.00011052 -5.84 -0.72
0.00011056 -5.76 -0.72
0.0001106 -5.68 -0.72
0.00011064 -5.68 -0.72
0.00011068 -5.68 -0.72
0.00011072 -5.68 -0.8
0.00011076 -5.52 -0.72
0.0001108 -5.52 -0.72
0.00011084 -5.52 -0.8
0.00011088 -5.52 -0.88
0.00011092 -5.44 -0.8
0.00011096 -5.44 -0.8
0.000111 -5.36 -0.88
0.00011104 -5.36 -0.96
0.00011108 -5.2 -0.96
0.00011112 -5.2 -0.88
0.00011116 -5.2 -0.88
0.0001112 -5.2 -0.88
0.00011124 -5.12 -0.96
0.00011128 -5.12 -0.96
0.00011132 -5.04 -0.96
0.00011136 -4.88 -0.96
0.0001114 -4.88 -0.96
0.00011144 -4.88 -0.96
0.00011148 -4.8 -0.96
0.00011152 -4.72 -0.96
0.00011156 -4.72 -1.04
0.0001116 -4.56 -1.04
0.00011164 -4.56 -0.96
0.00011168 -4.48 -1.04
0.00011172 -4.4 -1.04
0.00011176 -4.32 -0.96
0.0001118 -4.24 -1.04
0.00011184 -4.24 -0.96
0.00011188 -4.16 -1.04
0.00011192 -4.08 -1.04
0.00011196 -4.08 -1.04
0.000112 -3.92 -1.04
0.00011204 -3.84 -1.04
0.00011208 -3.84 -1.04
0.00011212 -3.76 -1.04
0.00011216 -3.76 -1.04
0.0001122 -3.6 -1.04
0.00011224 -3.52 -1.04
0.00011228 -3.44 -1.04
0.00011232 -3.44 -1.04
0.00011236 -3.28 -1.04
0.0001124 -3.2 -1.04
0.00011244 -3.2 -1.04
0.00011248 -3.12 -1.04
0.00011252 -2.96 -1.12
0.00011256 -2.96 -1.12
0.0001126 -2.88 -1.04
0.00011264 -2.8 -1.12
0.00011268 -2.64 -1.2
0.00011272 -2.64 -1.12
0.00011276 -2.48 -1.12
0.0001128 -2.32 -1.12
0.00011284 -2.32 -1.12
0.00011288 -2.32 -1.12
0.00011292 -2.16 -1.12
0.00011296 -2.16 -1.12
0.000113 -2 -1.12
0.00011304 -1.92 -1.2
0.00011308 -1.92 -1.04
0.00011312 -1.76 -1.04
0.00011316 -1.68 -1.12
0.0001132 -1.6 -1.2
0.00011324 -1.52 -1.12
0.00011328 -1.36 -1.04
0.00011332 -1.36 -1.04
0.00011336 -1.28 -1.12
0.0001134 -1.12 -1.12
0.00011344 -1.04 -1.12
0.00011348 -0.96 -1.04
0.00011352 -0.88 -1.12
0.00011356 -0.8 -1.12
0.0001136 -0.64 -1.04
0.00011364 -0.56 -1.04
0.00011368 -0.56 -1.04
0.00011372 -0.4 -1.12
0.00011376 -0.32 -1.04
0.0001138 -0.24 -1.04
0.00011384 -0.16 -1.04
0.00011388 0 -1.04
0.00011392 0.08 -1.12
0.00011396 0.16 -1.04
0.000114 0.32 -1.04
0.00011404 0.32 -1.04
0.00011408 0.4 -1.04
0.00011412 0.48 -1.04
0.00011416 0.64 -1.04
0.0001142 0.72 -1.04
0.00011424 0.8 -1.04
0.00011428 0.88 -1.04
0.00011432 0.96 -0.96
0.00011436 1.04 -0.96
0.0001144 1.12 -1.04
0.00011444 1.28 -1.04
0.00011448 1.36 -0.96
0.00011452 1.36 -0.96
0.00011456 1.44 -0.96
0.0001146 1.6 -0.96
0.00011464 1.68 -0.96
0.00011468 1.76 -0.88
0.00011472 1.84 -0.96
0.00011476 1.92 -0.96
0.0001148 2 -0.88
0.00011484 2.08 -0.96
0.00011488 2.24 -0.88
0.00011492 2.24 -0.96
0.00011496 2.32 -0.88
0.000115 2.4 -0.88
0.00011504 2.56 -0.88
0.00011508 2.56 -0.88
0.00011512 2.64 -0.88
0.00011516 2.72 -0.8
0.0001152 2.88 -0.88
0.00011524 2.88 -0.72
0.00011528 2.96 -0.8
0.00011532 3.04 -0.8
0.00011536 3.12 -0.8
0.0001154 3.2 -0.72
0.00011544 3.28 -0.72
0.00011548 3.36 -0.72
0.00011552 3.44 -0.8
0.00011556 3.52 -0.72
0.0001156 3.52 -0.64
0.00011564 3.68 -0.64
0.00011568 3.76 -0.72
0.00011572 3.84 -0.64
0.00011576 3.84 -0.64
0.0001158 4 -0.64
0.00011584 4 -0.64
0.00011588 4 -0.64
0.00011592 4.16 -0.56
0.00011596 4.16 -0.56
0.000116 4.24 -0.56
0.00011604 4.32 -0.56
0.00011608 4.4 -0.56
0.00011612 4.48 -0.48
0.00011616 4.56 -0.56
0.0001162 4.64 -0.48
0.00011624 4.64 -0.48
0.00011628 4.64 -0.48
0.00011632 4.8 -0.4
0.00011636 4.8 -0.48
0.0001164 4.88 -0.4
0.00011644 4.88 -0.4
0.00011648 4.96 -0.4
0.00011652 4.96 -0.4
0.00011656 5.12 -0.4
0.0001166 5.12 -0.32
0.00011664 5.12 -0.32
0.00011668 5.2 -0.32
0.00011672 5.28 -0.4
0.00011676 5.36 -0.32
0.0001168 5.28 -0.24
0.00011684 5.36 -0.32
0.00011688 5.44 -0.24
0.00011692 5.44 -0.32
0.00011696 5.44 -0.24
0.000117 5.52 -0.16
0.00011704 5.52 -0.16
0.00011708 5.6 -0.16
0.00011712 5.6 -0.24
0.00011716 5.6 0
0.0001172 5.76 0
0.00011724 5.6 -0.16
0.00011728 5.76 -0.16
0.00011732 5.76 0
0.00011736 5.76 0
0.0001174 5.76 0
0.00011744 5.84 0
0.00011748 5.84 0
0.00011752 5.84 0.08
0.00011756 5.92 0.08
0.0001176 5.92 0.08
0.00011764 5.92 0.08
0.00011768 5.92 0.08
0.00011772 5.92 0.16
0.00011776 5.92 0.08
0.0001178 5.92 0.08
0.00011784 6.08 0.16
0.00011788 6.08 0.16
0.00011792 6 0.16
0.00011796 6.08 0.16
0.000118 6 0.16
0.00011804 6 0.24
0.00011808 6 0.32
0.00011812 6 0.32
0.00011816 6.08 0.32
0.0001182 6.08 0.32
0.00011824 6.08 0.32
0.00011828 6 0.32
0.00011832 6.08 0.32
0.00011836 6.08 0.32
0.0001184 5.92 0.4
0.00011844 5.92 0.4
0.00011848 5.92 0.4
0.00011852 6 0.32
0.00011856 5.92 0.4
0.0001186 5.92 0.4
0.00011864 5.84 0.4
0.00011868 5.92 0.4
0.00011872 5.84 0.4
0.00011876 5.84 0.56
0.0001188 5.84 0.56
0.00011884 5.84 0.48
0.00011888 5.76 0.56
0.00011892 5.76 0.48
0.00011896 5.76 0.56
0.000119 5.68 0.48
0.00011904 5.68 0.64
0.00011908 5.6 0.56
0.00011912 5.6 0.64
0.00011916 5.52 0.64
0.0001192 5.52 0.56
0.00011924 5.52 0.64
0.00011928 5.52 0.72
0.00011932 5.44 0.64
0.00011936 5.36 0.64
0.0001194 5.44 0.64
0.00011944 5.28 0.64
0.00011948 5.28 0.72
0.00011952 5.2 0.72
0.00011956 5.12 0.64
0.0001196 5.2 0.72
0.00011964 5.12 0.72
0.00011968 4.96 0.72
0.00011972 4.96 0.8
0.00011976 4.88 0.72
0.0001198 4.88 0.8
0.00011984 4.8 0.8
0.00011988 4.8 0.72
0.00011992 4.8 0.8
0.00011996 4.64 0.8
0.00012 4.56 0.8
0.00012004 4.56 0.8
0.00012008 4.48 0.8
0.00012012 4.48 0.8
0.00012016 4.32 0.8
0.0001202 4.32 0.8
0.00012024 4.24 0.8
0.00012028 4.16 0.8
0.00012032 4.16 0.88
0.00012036 4 0.88
0.0001204 4 0.88
0.00012044 3.84 0.8
0.00012048 3.84 0.88
0.00012052 3.84 0.88
0.00012056 3.84 0.96
0.0001206 3.68 0.88
0.00012064 3.6 0.88
0.00012068 3.52 0.88
0.00012072 3.44 0.96
0.00012076 3.36 0.96
0.0001208 3.2 0.88
0.00012084 3.2 0.96
0.00012088 3.04 0.96
0.00012092 3.04 0.96
0.00012096 2.96 0.88
0.000121 2.88 0.96
0.00012104 2.88 0.96
0.00012108 2.72 0.96
0.00012112 2.64 0.96
0.00012116 2.56 0.96
0.0001212 2.56 0.88
0.00012124 2.4 0.96
0.00012128 2.32 0.96
0.00012132 2.24 0.96
0.00012136 2.16 0.96
0.0001214 2.08 0.96
0.00012144 2 0.96
0.00012148 1.92 0.96
0.00012152 1.76 0.96
0.00012156 1.76 0.96
0.0001216 1.6 0.96
0.00012164 1.6 0.96
0.00012168 1.44 0.96
0.00012172 1.36 0.96
0.00012176 1.28 0.96
0.0001218 1.28 0.96
0.00012184 1.12 0.96
0.00012188 1.04 0.96
0.00012192 0.96 0.96
0.00012196 0.8 0.96
0.000122 0.72 0.96
0.00012204 0.64 0.88
0.00012208 0.64 0.96
0.00012212 0.48 0.96
0.00012216 0.32 0.96
0.0001222 0.32 0.96
0.00012224 0.32 0.96
0.00012228 0.16 0.96
0.00012232 0.08 0.96
0.00012236 0 0.96
0.0001224 -0.24 0.88
0.00012244 -0.32 0.88
0.00012248 -0.4 0.88
0.00012252 -0.48 0.88
0.00012256 -0.56 0.88
0.0001226 -0.64 0.88
0.00012264 -0.72 0.8
0.00012268 -0.8 0.88
0.00012272 -0.96 0.88
0.00012276 -1.04 0.88
0.0001228 -1.04 0.8
0.00012284 -1.2 0.88
0.00012288 -1.28 0.88
0.00012292 -1.36 0.8
0.00012296 -1.36 0.8
0.000123 -1.52 0.8
0.00012304 -1.6 0.8
0.00012308 -1.68 0.72
0.00012312 -1.84 0.8
0.00012316 -1.84 0.72
0.0001232 -1.92 0.8
0.00012324 -2 0.8
0.00012328 -2.16 0.72
0.00012332 -2.16 0.72
0.00012336 -2.32 0.72
0.0001234 -2.32 0.72
0.00012344 -2.48 0.64
0.00012348 -2.56 0.64
0.00012352 -2.64 0.64
0.00012356 -2.64 0.72
0.0001236 -2.8 0.72
0.00012364 -2.96 0.64
0.00012368 -2.96 0.56
0.00012372 -3.04 0.64
0.00012376 -3.12 0.64
0.0001238 -3.2 0.64
0.00012384 -3.2 0.64
0.00012388 -3.28 0.64
0.00012392 -3.44 0.64
0.00012396 -3.52 0.56
0.000124 -3.6 0.56
0.00012404 -3.6 0.48
0.00012408 -3.68 0.64
0.00012412 -3.76 0.48
0.00012416 -3.84 0.48
0.0001242 -3.92 0.48
0.00012424 -4 0.48
0.00012428 -4.08 0.48
0.00012432 -4.08 0.4
0.00012436 -4.24 0.4
0.0001244 -4.24 0.4
0.00012444 -4.24 0.48
0.00012448 -4.4 0.4
0.00012452 -4.48 0.4
0.00012456 -4.56 0.4
0.0001246 -4.56 0.32
0.00012464 -4.64 0.4
0.00012468 -4.72 0.32
0.00012472 -4.8 0.32
0.00012476 -4.8 0.32
0.0001248 -4.88 0.32
0.00012484 -4.88 0.32
0.00012488 -4.96 0.24
0.00012492 -5.04 0.24
0.00012496 -5.04 0.32
0.000125 -5.04 0.24
0.00012504 -5.2 0.16
0.00012508 -5.2 0.16
0.00012512 -5.36 0.16
0.00012516 -5.28 0.16
0.0001252 -5.36 0.16
0.00012524 -5.36 0.08
0.00012528 -5.44 0.08
0.00012532 -5.52 0.08
0.00012536 -5.52 0.08
0.0001254 -5.52 0.08
0.00012544 -5.52 0.08
0.00012548 -5.68 0
0.00012552 -5.68 0.08
0.00012556 -5.68 0
0.0001256 -5.76 0
0.00012564 -5.76 0
0.00012568 -5.84 0
0.00012572 -5.76 0
0.00012576 -5.84 -0.16
0.0001258 -5.84 -0.16
0.00012584 -5.84 0
0.00012588 -5.84 -0.16
0.00012592 -6 -0.32
0.00012596 -5.92 -0.24
0.000126 -6 -0.16
0.00012604 -6 -0.16
0.00012608 -6.08 -0.24
0.00012612 -6.08 -0.24
0.00012616 -6.08 -0.24
0.0001262 -6.08 -0.24
0.00012624 -6.08 -0.24
0.00012628 -6.08 -0.32
0.00012632 -6.08 -0.4
0.00012636 -6.08 -0.32
0.0001264 -6.16 -0.32
0.00012644 -6.08 -0.32
0.00012648 -6.08 -0.4
0.00012652 -6.16 -0.4
0.00012656 -6.16 -0.4
0.0001266 -6.16 -0.4
0.00012664 -6.16 -0.4
0.00012668 -6.16 -0.48
0.00012672 -6.08 -0.4
0.00012676 -6.08 -0.4
0.0001268 -6.08 -0.48
0.00012684 -6.16 -0.48
0.00012688 -6.08 -0.56
0.00012692 -6.08 -0.48
0.00012696 -6.08 -0.56
0.000127 -6.08 -0.56
0.00012704 -6 -0.64
0.00012708 -6.08 -0.64
0.00012712 -6 -0.56
0.00012716 -6 -0.64
0.0001272 -6 -0.64
0.00012724 -6 -0.72
0.00012728 -5.92 -0.64
0.00012732 -5.84 -0.64
0.00012736 -5.84 -0.72
0.0001274 -5.84 -0.72
0.00012744 -5.84 -0.72
0.00012748 -5.76 -0.72
0.00012752 -5.76 -0.72
0.00012756 -5.76 -0.72
0.0001276 -5.76 -0.8
0.00012764 -5.6 -0.72
0.00012768 -5.6 -0.72
0.00012772 -5.6 -0.88
0.00012776 -5.52 -0.72
0.0001278 -5.52 -0.8
0.00012784 -5.44 -0.8
0.00012788 -5.44 -0.88
0.00012792 -5.44 -0.88
0.00012796 -5.36 -0.88
0.000128 -5.36 -0.8
0.00012804 -5.2 -0.88
0.00012808 -5.2 -0.88
0.00012812 -5.12 -0.96
0.00012816 -5.12 -0.88
0.0001282 -5.12 -0.88
0.00012824 -5.04 -0.88
0.00012828 -4.96 -0.96
0.00012832 -4.88 -0.88
0.00012836 -4.88 -0.88
0.0001284 -4.8 -0.96
0.00012844 -4.8 -0.96
0.00012848 -4.72 -0.96
0.00012852 -4.56 -0.96
0.00012856 -4.56 -0.96
0.0001286 -4.56 -0.96
0.00012864 -4.48 -1.04
0.00012868 -4.4 -1.04
0.00012872 -4.32 -1.04
0.00012876 -4.24 -1.04
0.0001288 -4.24 -1.04
0.00012884 -4.16 -1.04
0.00012888 -4.08 -1.04
0.00012892 -3.92 -1.04
0.00012896 -3.92 -1.04
0.000129 -3.84 -1.04
0.00012904 -3.84 -1.04
0.00012908 -3.76 -1.04
0.00012912 -3.6 -1.04
0.00012916 -3.6 -1.12
0.0001292 -3.52 -1.04
0.00012924 -3.44 -1.12
0.00012928 -3.44 -1.04
0.00012932 -3.28 -1.2
0.00012936 -3.2 -1.04
0.0001294 -3.12 -1.04
0.00012944 -3.04 -1.12
0.00012948 -2.96 -1.04
0.00012952 -2.96 -1.12
0.00012956 -2.8 -1.12
0.0001296 -2.72 -1.04
0.00012964 -2.64 -1.12
0.00012968 -2.56 -1.12
0.00012972 -2.48 -1.12
0.00012976 -2.4 -1.04
0.0001298 -2.32 -1.12
0.00012984 -2.24 -1.12
0.00012988 -2.16 -1.2
0.00012992 -2.08 -1.12
0.00012996 -1.92 -1.04
0.00013 -1.92 -1.2
0.00013004 -1.84 -1.12
0.00013008 -1.68 -1.12
0.00013012 -1.6 -1.04
0.00013016 -1.52 -1.04
0.0001302 -1.52 -1.12
0.00013024 -1.36 -1.2
0.00013028 -1.28 -1.12
0.00013032 -1.2 -1.04
0.00013036 -1.12 -1.2
0.0001304 -1.04 -1.2
0.00013044 -0.96 -1.04
0.00013048 -0.88 -1.04
0.00013052 -0.72 -1.04
0.00013056 -0.72 -1.2
0.0001306 -0.56 -1.04
0.00013064 -0.4 -1.04
0.00013068 -0.4 -1.04
0.00013072 -0.32 -1.04
0.00013076 -0.24 -1.12
0.0001308 0 -1.04
0.00013084 0 -1.04
0.00013088 0.08 -1.04
0.00013092 0.32 -1.04
0.00013096 0.32 -1.04
0.000131 0.32 -1.04
0.00013104 0.4 -1.04
0.00013108 0.56 -1.04
0.00013112 0.64 -1.04
0.00013116 0.72 -1.04
0.0001312 0.8 -1.04
0.00013124 0.96 -1.04
0.00013128 1.04 -0.96
0.00013132 1.12 -1.04
0.00013136 1.2 -0.96
0.0001314 1.28 -1.04
0.00013144 1.36 -1.04
0.00013148 1.44 -0.96
0.00013152 1.44 -0.96
0.00013156 1.6 -0.96
0.0001316 1.68 -1.04
0.00013164 1.76 -0.96
0.00013168 1.84 -0.88
0.00013172 2 -0.88
0.00013176 2.08 -0.88
0.0001318 2.08 -0.96
0.00013184 2.24 -0.88
0.00013188 2.32 -0.96
0.00013192 2.4 -0.8
0.00013196 2.4 -0.88
0.000132 2.56 -0.88
0.00013204 2.64 -0.88
0.00013208 2.72 -0.8
0.00013212 2.8 -0.88
0.00013216 2.88 -0.88
0.0001322 2.96 -0.88
0.00013224 2.96 -0.8
0.00013228 3.04 -0.8
0.00013232 3.2 -0.8
0.00013236 3.28 -0.8
0.0001324 3.36 -0.72
0.00013244 3.44 -0.72
0.00013248 3.52 -0.72
0.00013252 3.52 -0.72
0.00013256 3.68 -0.72
0.0001326 3.68 -0.64
0.00013264 3.76 -0.64
0.00013268 3.84 -0.72
0.00013272 3.84 -0.64
0.00013276 3.92 -0.64
0.0001328 4 -0.56
0.00013284 4.16 -0.64
0.00013288 4.16 -0.64
0.00013292 4.24 -0.56
0.00013296 4.24 -0.48
0.000133 4.32 -0.56
0.00013304 4.48 -0.48
0.00013308 4.48 -0.48
0.00013312 4.56 -0.56
0.00013316 4.64 -0.48
0.0001332 4.64 -0.48
0.00013324 4.8 -0.48
0.00013328 4.8 -0.4
0.00013332 4.8 -0.4
0.00013336 4.88 -0.4
0.0001334 4.96 -0.48
0.00013344 4.96 -0.4
0.00013348 5.12 -0.4
0.00013352 5.12 -0.32
0.00013356 5.12 -0.32
0.0001336 5.2 -0.32
0.00013364 5.2 -0.24
0.00013368 5.28 -0.32
0.00013372 5.28 -0.32
0.00013376 5.28 -0.32
0.0001338 5.44 -0.24
0.00013384 5.44 -0.24
0.00013388 5.44 -0.24
0.00013392 5.52 -0.16
0.00013396 5.52 -0.24
0.000134 5.6 -0.24
0.00013404 5.6 -0.16
0.00013408 5.6 -0.16
0.00013412 5.68 -0.16
0.00013416 5.76 -0.16
0.0001342 5.76 0
0.00013424 5.76 0
0.00013428 5.76 0
0.00013432 5.76 0
0.00013436 5.84 0.08
0.0001344 5.84 0
0.00013444 5.84 0
0.00013448 5.92 0.08
0.00013452 5.92 0.08
0.00013456 5.92 0.08
0.0001346 5.92 0.08
0.00013464 6 0.08
0.00013468 6 0.08
0.00013472 5.92 0.16
0.00013476 6 0.16
0.0001348 5.92 0.16
0.00013484 5.92 0.16
0.00013488 6 0.24
0.00013492 6.08 0.16
0.00013496 6.08 0.24
0.000135 6.08 0.16
0.00013504 6 0.16
0.00013508 5.92 0.32
0.00013512 6 0.32
0.00013516 6.08 0.32
0.0001352 6.08 0.32
0.00013524 6 0.32
0.00013528 6 0.32
0.00013532 6.08 0.32
0.00013536 6.08 0.32
0.0001354 5.92 0.32
0.00013544 5.92 0.4
0.00013548 5.92 0.48
0.00013552 5.92 0.4
0.00013556 5.92 0.4
0.0001356 5.92 0.4
0.00013564 5.92 0.48
0.00013568 5.92 0.48
0.00013572 5.84 0.48
0.00013576 5.84 0.48
0.0001358 5.84 0.48
0.00013584 5.76 0.56
0.00013588 5.76 0.48
0.00013592 5.68 0.56
0.00013596 5.76 0.56
0.000136 5.68 0.56
0.00013604 5.6 0.56
0.00013608 5.6 0.56
0.00013612 5.52 0.64
0.00013616 5.52 0.64
0.0001362 5.52 0.64
0.00013624 5.44 0.56
0.00013628 5.44 0.64
0.00013632 5.44 0.72
0.00013636 5.36 0.72
0.0001364 5.28 0.64
0.00013644 5.28 0.64
0.00013648 5.2 0.72
0.00013652 5.2 0.8
0.00013656 5.12 0.72
0.0001366 5.12 0.72
0.00013664 4.96 0.72
0.00013668 4.96 0.72
0.00013672 4.96 0.8
0.00013676 4.88 0.8
0.0001368 4.8 0.72
0.00013684 4.8 0.8
0.00013688 4.72 0.8
0.00013692 4.64 0.8
0.00013696 4.64 0.8
0.000137 4.56 0.8
0.00013704 4.56 0.88
0.00013708 4.48 0.8
0.00013712 4.48 0.8
0.00013716 4.32 0.8
0.0001372 4.24 0.88
0.00013724 4.16 0.8
0.00013728 4.16 0.88
0.00013732 4 0.8
0.00013736 3.92 0.96
0.0001374 3.84 0.96
0.00013744 3.84 0.96
0.00013748 3.84 0.88
0.00013752 3.68 0.88
0.00013756 3.6 0.88
0.0001376 3.52 0.96
0.00013764 3.52 0.88
0.00013768 3.44 0.88
0.00013772 3.36 0.96
0.00013776 3.28 0.96
0.0001378 3.2 0.96
0.00013784 3.2 0.88
0.00013788 3.04 0.88
0.00013792 2.96 0.96
0.00013796 2.88 0.96
0.000138 2.8 0.96
0.00013804 2.72 0.96
0.00013808 2.64 0.96
0.00013812 2.56 0.96
0.00013816 2.4 0.96
0.0001382 2.4 0.96
0.00013824 2.24 0.96
0.00013828 2.24 0.96
0.00013832 2.16 0.96
0.00013836 2 0.96
0.0001384 2 0.96
0.00013844 1.92 0.96
0.00013848 1.76 0.96
0.00013852 1.68 0.96
0.00013856 1.6 0.96
0.0001386 1.6 0.88
0.00013864 1.36 1.04
0.00013868 1.36 0.96
0.00013872 1.28 0.96
0.00013876 1.28 0.96
0.0001388 1.12 0.96
0.00013884 1.04 0.96
0.00013888 0.96 0.88
0.00013892 0.8 0.96
0.00013896 0.72 0.96
0.000139 0.64 0.96
0.00013904 0.64 0.96
0.00013908 0.48 0.96
0.00013912 0.4 0.96
0.00013916 0.32 0.96
0.0001392 0.16 0.96
0.00013924 0.16 0.96
0.00013928 0 0.96
0.00013932 -0.16 0.96
0.00013936 -0.24 0.96
0.0001394 -0.32 0.88
0.00013944 -0.4 0.88
0.00013948 -0.48 0.8
0.00013952 -0.56 0.96
0.00013956 -0.64 0.88
0.0001396 -0.72 0.88
0.00013964 -0.88 0.88
0.00013968 -0.96 0.88
0.00013972 -1.04 0.8
0.00013976 -1.12 0.8
0.0001398 -1.2 0.8
0.00013984 -1.28 0.8
0.00013988 -1.36 0.88
0.00013992 -1.44 0.8
0.00013996 -1.52 0.8
0.00014 -1.6 0.72
0.00014004 -1.68 0.8
0.00014008 -1.84 0.8
0.00014012 -1.92 0.72
0.00014016 -2 0.72
0.0001402 -2 0.72
0.00014024 -2.16 0.8
0.00014028 -2.24 0.72
0.00014032 -2.32 0.72
0.00014036 -2.4 0.72
0.0001404 -2.48 0.72
0.00014044 -2.56 0.8
0.00014048 -2.64 0.64
0.00014052 -2.64 0.64
0.00014056 -2.8 0.72
0.0001406 -2.88 0.72
0.00014064 -2.96 0.64
0.00014068 -3.04 0.64
0.00014072 -3.12 0.64
0.00014076 -3.2 0.64
0.0001408 -3.28 0.56
0.00014084 -3.28 0.64
0.00014088 -3.52 0.56
0.00014092 -3.52 0.64
0.00014096 -3.6 0.56
0.000141 -3.68 0.48
0.00014104 -3.76 0.48
0.00014108 -3.84 0.48
0.00014112 -3.84 0.56
0.00014116 -3.92 0.48
0.0001412 -4 0.48
0.00014124 -4.08 0.48
0.00014128 -4.16 0.48
0.00014132 -4.16 0.4
0.00014136 -4.24 0.4
0.0001414 -4.24 0.4
0.00014144 -4.4 0.4
0.00014148 -4.48 0.4
0.00014152 -4.48 0.4
0.00014156 -4.56 0.4
0.0001416 -4.72 0.32
0.00014164 -4.72 0.4
0.00014168 -4.72 0.32
0.00014172 -4.8 0.32
0.00014176 -4.88 0.32
0.0001418 -4.88 0.32
0.00014184 -5.04 0.24
0.00014188 -5.04 0.24
0.00014192 -5.12 0.24
0.00014196 -5.12 0.24
0.000142 -5.12 0.24
0.00014204 -5.2 0.24
0.00014208 -5.2 0.16
0.00014212 -5.28 0.16
0.00014216 -5.36 0.16
0.0001422 -5.44 0.16
0.00014224 -5.44 0.08
0.00014228 -5.44 0.08
0.00014232 -5.52 0.08
0.00014236 -5.52 0.08
0.0001424 -5.52 0.08
0.00014244 -5.6 0.08
0.00014248 -5.68 0
0.00014252 -5.68 0.08
0.00014256 -5.68 0
0.0001426 -5.76 0
0.00014264 -5.84 0
0.00014268 -5.84 0
0.00014272 -5.84 0
0.00014276 -5.84 0
0.0001428 -5.92 -0.24
0.00014284 -6 -0.16
0.00014288 -5.92 -0.16
0.00014292 -6 -0.24
0.00014296 -6 -0.24
0.000143 -6 -0.32
0.00014304 -6 -0.24
0.00014308 -6.08 -0.24
0.00014312 -6 -0.24
0.00014316 -6.08 -0.32
0.0001432 -6.08 -0.32
0.00014324 -6.08 -0.24
0.00014328 -6.08 -0.32
0.00014332 -6.08 -0.32
0.00014336 -6.16 -0.32
0.0001434 -6.16 -0.32
0.00014344 -6.08 -0.4
0.00014348 -6.16 -0.4
0.00014352 -6.08 -0.4
0.00014356 -6.16 -0.48
0.0001436 -6.16 -0.4
0.00014364 -6.08 -0.48
0.00014368 -6.16 -0.48
0.00014372 -6.16 -0.48
0.00014376 -6.16 -0.4
0.0001438 -6.08 -0.48
0.00014384 -6.08 -0.56
0.00014388 -6.08 -0.56
0.00014392 -6.08 -0.56
0.00014396 -6 -0.48
0.000144 -6 -0.56
0.00014404 -6.08 -0.64
0.00014408 -6 -0.64
0.00014412 -6 -0.64
0.00014416 -6 -0.56
0.0001442 -6 -0.72
0.00014424 -5.92 -0.72
0.00014428 -5.84 -0.64
0.00014432 -5.84 -0.64
0.00014436 -5.84 -0.72
0.0001444 -5.76 -0.72
0.00014444 -5.76 -0.64
0.00014448 -5.76 -0.72
0.00014452 -5.68 -0.72
0.00014456 -5.68 -0.8
0.0001446 -5.68 -0.8
0.00014464 -5.68 -0.72
0.00014468 -5.52 -0.8
0.00014472 -5.52 -0.8
0.00014476 -5.52 -0.88
0.0001448 -5.44 -0.88
0.00014484 -5.44 -0.8
0.00014488 -5.44 -0.88
0.00014492 -5.36 -0.96
0.00014496 -5.36 -0.88
0.000145 -5.2 -0.8
0.00014504 -5.2 -0.88
0.00014508 -5.12 -0.96
0.00014512 -5.2 -0.96
0.00014516 -5.12 -0.96
0.0001452 -5.04 -0.88
0.00014524 -4.96 -0.96
0.00014528 -4.88 -0.96
0.00014532 -4.8 -0.96
0.00014536 -4.8 -0.96
0.0001454 -4.72 -0.96
0.00014544 -4.72 -0.96
0.00014548 -4.56 -1.04
0.00014552 -4.56 -0.96
0.00014556 -4.56 -0.96
0.0001456 -4.48 -0.96
0.00014564 -4.4 -1.04
0.00014568 -4.24 -1.04
0.00014572 -4.24 -1.04
0.00014576 -4.24 -1.04
0.0001458 -4.16 -1.12
0.00014584 -4.08 -1.04
0.00014588 -3.92 -1.04
0.00014592 -3.92 -1.04
0.00014596 -3.84 -1.04
0.000146 -3.76 -1.04
0.00014604 -3.76 -1.04
0.00014608 -3.6 -1.04
0.00014612 -3.6 -1.04
0.00014616 -3.52 -1.04
0.0001462 -3.44 -1.12
0.00014624 -3.36 -1.04
0.00014628 -3.28 -1.04
0.00014632 -3.2 -1.12
0.00014636 -3.12 -1.12
0.0001464 -3.04 -1.04
0.00014644 -2.96 -1.04
0.00014648 -2.88 -1.12
0.00014652 -2.88 -1.12
0.00014656 -2.8 -1.12
0.0001466 -2.64 -1.04
0.00014664 -2.56 -1.04
0.00014668 -2.48 -1.12
0.00014672 -2.32 -1.12
0.00014676 -2.32 -1.12
0.0001468 -2.24 -1.04
0.00014684 -2.16 -1.04
0.00014688 -2 -1.2
0.00014692 -1.92 -1.12
0.00014696 -1.84 -1.12
0.000147 -1.76 -1.04
0.00014704 -1.68 -1.2
0.00014708 -1.68 -1.12
0.00014712 -1.6 -1.04
0.00014716 -1.44 -1.04
0.0001472 -1.36 -1.04
0.00014724 -1.36 -1.04
0.00014728 -1.2 -1.12
0.00014732 -1.04 -1.12
0.00014736 -1.04 -1.12
0.0001474 -0.96 -1.12
0.00014744 -0.88 -1.12
0.00014748 -0.72 -1.04
0.00014752 -0.72 -1.04
0.00014756 -0.56 -1.04
0.0001476 -0.4 -1.12
0.00014764 -0.4 -1.04
0.00014768 -0.32 -1.04
0.00014772 -0.24 -1.12
0.00014776 0 -1.04
0.0001478 0.08 -1.04
0.00014784 0.16 -1.04
0.00014788 0.32 -1.04
0.00014792 0.32 -1.12
0.00014796 0.4 -1.04
0.000148 0.48 -1.04
0.00014804 0.56 -1.04
0.00014808 0.64 -1.04
0.00014812 0.8 -1.04
0.00014816 0.8 -1.04
0.0001482 0.96 -1.04
0.00014824 0.96 -0.96
0.00014828 1.04 -1.04
0.00014832 1.12 -1.04
0.00014836 1.28 -0.96
0.0001484 1.36 -0.96
0.00014844 1.44 -0.96
0.00014848 1.6 -0.96
0.00014852 1.6 -0.96
0.00014856 1.68 -0.88
0.0001486 1.76 -0.88
0.00014864 1.92 -0.96
0.00014868 1.92 -0.96
0.00014872 2.08 -0.88
0.00014876 2.08 -0.88
0.0001488 2.24 -0.88
0.00014884 2.32 -0.96
0.00014888 2.4 -0.88
0.00014892 2.48 -0.88
0.00014896 2.56 -0.88
0.000149 2.56 -0.88
0.00014904 2.72 -0.88
0.00014908 2.72 -0.8
0.00014912 2.88 -0.88
0.00014916 2.96 -0.88
0.0001492 3.04 -0.8
0.00014924 3.04 -0.8
0.00014928 3.2 -0.72
0.00014932 3.36 -0.8
0.00014936 3.36 -0.72
0.0001494 3.44 -0.72
0.00014944 3.52 -0.64
0.00014948 3.52 -0.72
0.00014952 3.68 -0.72
0.00014956 3.68 -0.64
0.0001496 3.84 -0.64
0.00014964 3.84 -0.64
0.00014968 3.92 -0.72
0.00014972 3.92 -0.64
0.00014976 4 -0.64
0.0001498 4.16 -0.64
0.00014984 4.16 -0.56
0.00014988 4.24 -0.64
0.00014992 4.32 -0.56
0.00014996 4.32 -0.56
0.00015 4.48 -0.48
0.00015004 4.48 -0.56
0.00015008 4.56 -0.48
0.00015012 4.64 -0.48
0.00015016 4.64 -0.48
0.0001502 4.8 -0.48
0.00015024 4.8 -0.4
0.00015028 4.8 -0.48
0.00015032 4.96 -0.4
0.00015036 4.96 -0.4
0.0001504 4.96 -0.4
0.00015044 5.12 -0.4
0.00015048 5.12 -0.4
0.00015052 5.12 -0.32
0.00015056 5.2 -0.32
0.0001506 5.2 -0.32
0.00015064 5.28 -0.32
0.00015068 5.28 -0.24
0.00015072 5.44 -0.24
0.00015076 5.44 -0.32
0.0001508 5.44 -0.32
0.00015084 5.44 -0.24
0.00015088 5.52 -0.24
0.00015092 5.52 -0.16
0.00015096 5.6 -0.24
0.000151 5.6 -0.16
0.00015104 5.6 -0.16
0.00015108 5.6 -0.16
0.00015112 5.68 -0.24
0.00015116 5.76 -0.16
0.0001512 5.84 0
0.00015124 5.76 0
0.00015128 5.84 0
0.00015132 5.84 0
0.00015136 5.84 0.08
0.0001514 5.84 0.08
0.00015144 5.84 0
0.00015148 5.92 0.08
0.00015152 5.92 0
0.00015156 5.92 0.08
0.0001516 5.92 0.08
0.00015164 5.92 0.08
0.00015168 6 0.08
0.00015172 6 0.16
0.00015176 6.08 0.16
0.0001518 6 0.16
0.00015184 6 0.16
0.00015188 6.08 0.16
0.00015192 6.08 0.32
0.00015196 6.08 0.24
0.000152 6.08 0.24
0.00015204 6 0.32
0.00015208 6 0.32
0.00015212 6.08 0.32
0.00015216 6.08 0.24
0.0001522 6.08 0.32
0.00015224 6 0.32
0.00015228 6 0.4
0.00015232 6 0.4
0.00015236 5.92 0.32
0.0001524 5.92 0.4
0.00015244 5.92 0.4
0.00015248 5.92 0.48
0.00015252 5.92 0.4
0.00015256 5.84 0.4
0.0001526 5.92 0.4
0.00015264 5.84 0.48
0.00015268 5.84 0.48
0.00015272 5.84 0.48
0.00015276 5.76 0.48
0.0001528 5.76 0.48
0.00015284 5.76 0.56
0.00015288 5.76 0.56
0.00015292 5.76 0.56
0.00015296 5.6 0.56
0.000153 5.6 0.56
0.00015304 5.52 0.56
0.00015308 5.52 0.56
0.00015312 5.52 0.56
0.00015316 5.44 0.64
0.0001532 5.44 0.64
0.00015324 5.44 0.64
0.00015328 5.44 0.64
0.00015332 5.28 0.72
0.00015336 5.28 0.72
0.0001534 5.2 0.72
0.00015344 5.2 0.64
0.00015348 5.12 0.72
0.00015352 5.12 0.72
0.00015356 5.12 0.8
0.0001536 5.04 0.72
0.00015364 4.96 0.8
0.00015368 4.96 0.72
0.00015372 4.88 0.8
0.00015376 4.8 0.8
0.0001538 4.8 0.8
0.00015384 4.8 0.8
0.00015388 4.64 0.8
0.00015392 4.56 0.8
0.00015396 4.48 0.72
0.000154 4.48 0.8
0.00015404 4.32 0.88
0.00015408 4.32 0.88
0.00015412 4.24 0.8
0.00015416 4.16 0.88
0.0001542 4.16 0.88
0.00015424 4.08 0.88
0.00015428 4 0.8
0.00015432 3.92 0.8
0.00015436 3.84 0.8
0.0001544 3.84 0.88
0.00015444 3.84 0.88
0.00015448 3.68 0.88
0.00015452 3.6 0.88
0.00015456 3.52 0.88
0.0001546 3.52 0.96
0.00015464 3.36 0.88
0.00015468 3.36 0.96
0.00015472 3.28 0.96
0.00015476 3.2 0.96
0.0001548 3.04 0.96
0.00015484 2.96 0.88
0.00015488 2.96 0.96
0.00015492 2.88 0.96
0.00015496 2.72 0.96
0.000155 2.72 0.96
0.00015504 2.56 0.96
0.00015508 2.56 0.96
0.00015512 2.48 0.96
0.00015516 2.4 0.96
0.0001552 2.32 0.96
0.00015524 2.24 0.96
0.00015528 2.08 0.96
0.00015532 2.08 0.96
0.00015536 1.92 0.96
0.0001554 1.92 0.96
0.00015544 1.76 0.96
0.00015548 1.68 0.96
0.00015552 1.6 0.96
0.00015556 1.6 0.96
0.0001556 1.44 0.96
0.00015564 1.28 0.96
0.00015568 1.28 0.96
0.00015572 1.2 0.96
0.00015576 1.12 0.96
0.0001558 1.04 0.96
0.00015584 0.96 1.04
0.00015588 0.8 0.96
0.00015592 0.72 0.96
0.00015596 0.72 0.96
0.000156 0.48 0.96
0.00015604 0.48 0.96
0.00015608 0.32 0.96
0.00015612 0.32 0.96
0.00015616 0.16 0.88
0.0001562 0.08 0.96
0.00015624 0 0.88
0.00015628 0 0.96
0.00015632 -0.24 0.88
0.00015636 -0.32 0.88
0.0001564 -0.4 0.96
0.00015644 -0.56 0.88
0.00015648 -0.64 0.88
0.00015652 -0.72 0.88
0.00015656 -0.72 0.96
0.0001566 -0.88 0.8
0.00015664 -0.96 0.8
0.00015668 -1.04 0.88
0.00015672 -1.2 0.8
0.00015676 -1.2 0.8
0.0001568 -1.28 0.8
0.00015684 -1.36 0.8
0.00015688 -1.52 0.8
0.00015692 -1.52 0.8
0.00015696 -1.68 0.8
0.000157 -1.68 0.8
0.00015704 -1.84 0.8
0.00015708 -1.92 0.8
0.00015712 -2 0.72
0.00015716 -2.08 0.72
0.0001572 -2.16 0.72
0.00015724 -2.24 0.8
0.00015728 -2.32 0.72
0.00015732 -2.48 0.72
0.00015736 -2.48 0.72
0.0001574 -2.64 0.72
0.00015744 -2.64 0.72
0.00015748 -2.72 0.64
0.00015752 -2.8 0.64
0.00015756 -2.88 0.64
0.0001576 -2.96 0.72
0.00015764 -3.04 0.64
0.00015768 -3.2 0.64
0.00015772 -3.2 0.64
0.00015776 -3.28 0.56
0.0001578 -3.44 0.64
0.00015784 -3.52 0.48
0.00015788 -3.52 0.56
0.00015792 -3.6 0.56
0.00015796 -3.6 0.56
0.000158 -3.76 0.56
0.00015804 -3.76 0.48
0.00015808 -3.92 0.48
0.00015812 -3.92 0.48
0.00015816 -4 0.56
0.0001582 -4.08 0.48
0.00015824 -4.16 0.4
0.00015828 -4.24 0.4
0.00015832 -4.24 0.4
0.00015836 -4.4 0.4
0.0001584 -4.4 0.32
0.00015844 -4.48 0.4
0.00015848 -4.56 0.32
0.00015852 -4.56 0.4
0.00015856 -4.64 0.32
0.0001586 -4.72 0.32
0.00015864 -4.72 0.32
0.00015868 -4.8 0.32
0.00015872 -4.88 0.32
0.00015876 -4.88 0.32
0.0001588 -5.04 0.24
0.00015884 -5.04 0.32
0.00015888 -5.12 0.24
0.00015892 -5.12 0.16
0.00015896 -5.2 0.16
0.000159 -5.2 0.16
0.00015904 -5.2 0.24
0.00015908 -5.36 0.16
0.00015912 -5.36 0.08
0.00015916 -5.44 0.08
0.0001592 -5.44 0.16
0.00015924 -5.52 0.16
0.00015928 -5.52 0.08
0.00015932 -5.52 0.08
0.00015936 -5.6 0
0.0001594 -5.68 0.08
0.00015944 -5.68 0
0.00015948 -5.68 0
0.00015952 -5.76 0
0.00015956 -5.76 0
0.0001596 -5.76 -0.16
0.00015964 -5.76 0
0.00015968 -5.84 -0.16
0.00015972 -5.84 0
0.00015976 -5.84 0
0.0001598 -5.84 -0.16
0.00015984 -5.92 -0.24
0.00015988 -6 -0.16
0.00015992 -6 -0.16
0.00015996 -6.08 -0.24
