0 -3.84 0.32
4e-08 -3.84 0.32
8e-08 3.28 0.4
1.2e-07 3.2 0.32
1.6e-07 3.2 0.32
2e-07 3.04 0.32
2.4e-07 2.96 0.4
2.8e-07 2.88 0.4
3.2e-07 2.88 0.4
3.6e-07 2.64 0.4
4e-07 2.56 0.4
4.4e-07 2.48 0.4
4.8e-07 2.4 0.32
5.2e-07 2.32 0.32
5.6e-07 2.16 0.32
6e-07 2.08 0.4
6.4e-07 2 0.4
6.8e-07 1.92 0.4
7.2e-07 1.68 0.4
7.6e-07 1.68 0.32
8e-07 1.6 0.32
8.4e-07 1.44 0.4
8.8e-07 1.36 0.32
9.2e-07 1.28 0.4
9.6e-07 1.12 0.4
1e-06 1.04 0.4
1.04e-06 0.96 0.32
1.08e-06 0.88 0.4
1.12e-06 0.72 0.4
1.16e-06 0.64 0.4
1.2e-06 0.48 0.4
1.24e-06 0.4 0.4
1.28e-06 0.32 0.4
1.32e-06 0.16 0.4
1.36e-06 0.08 0.4
1.4e-06 0 0.32
1.44e-06 -0.24 0.32
1.48e-06 -0.24 0.4
1.52e-06 -0.4 0.32
1.56e-06 -0.56 0.4
1.6e-06 -0.56 0.32
1.64e-06 -0.72 0.4
1.68e-06 -0.8 0.4
1.72e-06 -0.96 0.32
1.76e-06 -1.04 0.32
1.8e-06 -1.2 0.32
1.84e-06 -1.28 0.4
1.88e-06 -1.36 0.4
1.92e-06 -1.36 0.4
1.96e-06 -1.52 0.32
2e-06 -1.68 0.32
2.04e-06 -1.68 0.32
2.08e-06 -1.84 0.32
2.12e-06 -1.92 0.32
2.16e-06 -2.08 0.32
2.2e-06 -2.16 0.32
2.24e-06 -2.24 0.4
2.28e-06 -2.32 0.32
2.32e-06 -2.48 0.32
2.36e-06 -2.56 0.32
2.4e-06 -2.64 0.4
2.44e-06 -2.8 0.32
2.48e-06 -2.8 0.32
2.52e-06 -2.96 0.32
2.56e-06 -3.04 0.32
2.6e-06 -3.12 0.32
2.64e-06 -3.2 0.16
2.68e-06 -3.28 0.24
2.72e-06 -3.44 0.32
2.76e-06 -3.44 0.32
2.8e-06 -3.6 0.24
2.84e-06 -3.68 0.32
2.88e-06 -3.76 0.32
2.92e-06 -3.84 0.24
2.96e-06 -3.92 0.24
3e-06 -3.92 0.24
3.04e-06 -4.08 0.24
3.08e-06 -4.16 0.24
3.12e-06 -4.24 0.24
3.16e-06 -4.24 0.16
3.2e-06 -4.4 0.16
3.24e-06 -4.4 0.24
3.28e-06 -4.56 0.16
3.32e-06 -4.56 0.16
3.36e-06 -4.72 0.16
3.4e-06 -4.72 0.16
3.44e-06 -4.8 0.16
3.48e-06 -4.88 0.16
3.52e-06 -4.88 0.08
3.56e-06 -5.04 0.16
3.6e-06 -5.12 0.08
3.64e-06 -5.12 0.16
3.68e-06 -5.2 0.08
3.72e-06 -5.2 0.16
3.76e-06 -5.28 0.08
3.8e-06 -5.36 0.08
3.84e-06 -5.44 0.08
3.88e-06 -5.44 0
3.92e-06 -5.44 0.08
3.96e-06 -5.52 0.08
4e-06 -5.52 0.08
4.04e-06 -5.6 0
4.08e-06 -5.68 0.08
4.12e-06 -5.68 0.08
4.16e-06 -5.76 0.08
4.2e-06 -5.76 0
4.24e-06 -5.76 0
4.28e-06 -5.84 0
4.32e-06 -5.84 0
4.36e-06 -6 0
4.4e-06 -6 0
4.44e-06 -6 -0.16
4.48e-06 -6 0
4.52e-06 -6.08 0
4.56e-06 -6.08 -0.16
4.6e-06 -6.08 0
4.64e-06 -6.08 -0.16
4.68e-06 -6.08 0
4.72e-06 -6.08 -0.16
4.76e-06 -6.16 -0.16
4.8e-06 -6.16 -0.16
4.84e-06 -6.16 -0.16
4.88e-06 -6.16 -0.16
4.92e-06 -6.16 -0.24
4.96e-06 -6.16 -0.24
5e-06 -6.08 -0.16
5.04e-06 -6.16 -0.16
5.08e-06 -6.16 -0.16
5.12e-06 -6.16 -0.24
5.16e-06 -6.16 -0.24
5.2e-06 -6.08 -0.24
5.24e-06 -6.16 -0.16
5.28e-06 -6.16 -0.32
5.32e-06 -6.08 -0.32
5.36e-06 -6.08 -0.24
5.4e-06 -6 -0.24
5.44e-06 -6 -0.32
5.48e-06 -6 -0.32
5.52e-06 -5.92 -0.32
5.56e-06 -5.92 -0.32
5.6e-06 -6 -0.32
5.64e-06 -5.84 -0.32
5.68e-06 -5.84 -0.32
5.72e-06 -5.76 -0.32
5.76e-06 -5.76 -0.32
5.8e-06 -5.68 -0.32
5.84e-06 -5.68 -0.32
5.88e-06 -5.68 -0.4
5.92e-06 -5.68 -0.32
5.96e-06 -5.52 -0.32
6e-06 -5.52 -0.4
6.04e-06 -5.52 -0.4
6.08e-06 -5.44 -0.4
6.12e-06 -5.36 -0.4
6.16e-06 -5.36 -0.4
6.2e-06 -5.2 -0.4
6.24e-06 -5.2 -0.4
6.28e-06 -5.12 -0.4
6.32e-06 -5.12 -0.4
6.36e-06 -5.04 -0.4
6.4e-06 -5.04 -0.4
6.44e-06 -4.88 -0.48
6.48e-06 -4.88 -0.4
6.52e-06 -4.8 -0.4
6.56e-06 -4.72 -0.48
6.6e-06 -4.56 -0.48
6.64e-06 -4.56 -0.4
6.68e-06 -4.48 -0.4
6.72e-06 -4.48 -0.56
6.76e-06 -4.24 -0.48
6.8e-06 -4.24 -0.48
6.84e-06 -4.16 -0.4
6.88e-06 -4.16 -0.48
6.92e-06 -4.08 -0.56
6.96e-06 -3.92 -0.4
7e-06 -3.92 -0.4
7.04e-06 -3.76 -0.56
7.08e-06 -3.84 -0.56
7.12e-06 -3.6 -0.56
7.16e-06 -3.6 -0.48
7.2e-06 -3.44 -0.48
7.24e-06 -3.36 -0.48
7.28e-06 -3.28 -0.56
7.32e-06 -3.2 -0.56
7.36e-06 -3.12 -0.48
7.4e-06 -2.96 -0.56
7.44e-06 -2.96 -0.56
7.48e-06 -2.88 -0.56
7.52e-06 -2.72 -0.48
7.56e-06 -2.64 -0.56
7.6e-06 -2.56 -0.56
7.64e-06 -2.48 -0.56
7.68e-06 -2.32 -0.56
7.72e-06 -2.24 -0.56
7.76e-06 -2.16 -0.56
7.8e-06 -2 -0.64
7.84e-06 -1.92 -0.56
7.88e-06 -1.84 -0.56
7.92e-06 -1.68 -0.56
7.96e-06 -1.68 -0.64
8e-06 -1.52 -0.56
8.04e-06 -1.44 -0.56
8.08e-06 -1.36 -0.48
8.12e-06 -1.2 -0.56
8.16e-06 -1.04 -0.56
8.2e-06 -1.04 -0.56
8.24e-06 -0.96 -0.56
8.28e-06 -0.8 -0.56
8.32e-06 -0.72 -0.56
8.36e-06 -0.56 -0.56
8.4e-06 -0.4 -0.56
8.44e-06 -0.4 -0.56
8.48e-06 -0.32 -0.56
8.52e-06 0 -0.56
8.56e-06 0 -0.48
8.6e-06 0.16 -0.56
8.64e-06 0.32 -0.56
8.68e-06 0.32 -0.56
8.72e-06 0.4 -0.56
8.76e-06 0.48 -0.48
8.8e-06 0.64 -0.56
8.84e-06 0.72 -0.56
8.88e-06 0.88 -0.56
8.92e-06 0.96 -0.56
8.96e-06 1.04 -0.48
9e-06 1.28 -0.56
9.04e-06 1.28 -0.56
9.08e-06 1.44 -0.56
9.12e-06 1.6 -0.48
9.16e-06 1.6 -0.48
9.2e-06 1.68 -0.56
9.24e-06 1.76 -0.48
9.28e-06 1.92 -0.56
9.32e-06 2 -0.56
9.36e-06 2.16 -0.56
9.4e-06 2.24 -0.48
9.44e-06 2.32 -0.48
9.48e-06 2.4 -0.4
9.52e-06 2.56 -0.4
9.56e-06 2.56 -0.56
9.6e-06 2.72 -0.48
9.64e-06 2.8 -0.4
9.68e-06 2.88 -0.4
9.72e-06 2.96 -0.48
9.76e-06 3.04 -0.48
9.8e-06 3.2 -0.4
9.84e-06 3.28 -0.4
9.88e-06 3.36 -0.4
9.92e-06 3.36 -0.4
9.96e-06 3.52 -0.48
1e-05 3.6 -0.4
1.004e-05 3.68 -0.4
1.008e-05 3.76 -0.4
1.012e-05 3.84 -0.4
1.016e-05 3.92 -0.4
1.02e-05 4 -0.4
1.024e-05 4 -0.4
1.028e-05 4.16 -0.4
1.032e-05 4.24 -0.4
1.036e-05 4.32 -0.32
1.04e-05 4.48 -0.32
1.044e-05 4.48 -0.4
1.048e-05 4.56 -0.4
1.052e-05 4.56 -0.4
1.056e-05 4.72 -0.32
1.06e-05 4.8 -0.32
1.064e-05 4.8 -0.32
1.068e-05 4.88 -0.32
1.072e-05 4.96 -0.24
1.076e-05 4.96 -0.24
1.08e-05 4.96 -0.4
1.084e-05 5.12 -0.24
1.088e-05 5.2 -0.24
1.092e-05 5.2 -0.24
1.096e-05 5.28 -0.24
1.1e-05 5.28 -0.24
1.104e-05 5.44 -0.24
1.108e-05 5.44 -0.24
1.112e-05 5.44 -0.24
1.116e-05 5.52 -0.24
1.12e-05 5.52 -0.24
1.124e-05 5.52 -0.24
1.128e-05 5.6 -0.24
1.132e-05 5.68 -0.16
1.136e-05 5.76 -0.24
1.14e-05 5.76 0
1.144e-05 5.76 -0.16
1.148e-05 5.76 -0.16
1.152e-05 5.84 -0.16
1.156e-05 5.84 -0.24
1.16e-05 5.92 0
1.164e-05 5.92 -0.16
1.168e-05 5.92 -0.16
1.172e-05 5.92 -0.16
1.176e-05 5.92 0
1.18e-05 5.92 0
1.184e-05 5.92 0
1.188e-05 5.92 0
1.192e-05 6.08 0
1.196e-05 6.08 0
1.2e-05 6.08 0
1.204e-05 6.08 0
1.208e-05 6.08 0
1.212e-05 6 0
1.216e-05 6.08 0.08
1.22e-05 6.08 0
1.224e-05 6.08 0.08
1.228e-05 5.92 0.08
1.232e-05 6 0.08
1.236e-05 6 0.08
1.24e-05 6.08 0.08
1.244e-05 6 0.08
1.248e-05 5.92 0.08
1.252e-05 5.92 0.08
1.256e-05 5.92 0.08
1.26e-05 5.92 0.08
1.264e-05 5.92 0.16
1.268e-05 5.84 0.16
1.272e-05 5.76 0.16
1.276e-05 5.76 0.08
1.28e-05 5.76 0.16
1.284e-05 5.76 0.16
1.288e-05 5.68 0.16
1.292e-05 5.68 0.16
1.296e-05 5.6 0.08
1.3e-05 5.6 0.16
1.304e-05 5.52 0.24
1.308e-05 5.52 0.16
1.312e-05 5.44 0.16
1.316e-05 5.44 0.16
1.32e-05 5.36 0.24
1.324e-05 5.28 0.16
1.328e-05 5.2 0.16
1.332e-05 5.12 0.24
1.336e-05 5.12 0.32
1.34e-05 5.12 0.32
1.344e-05 5.04 0.16
1.348e-05 4.96 0.24
1.352e-05 4.88 0.24
1.356e-05 4.88 0.32
1.36e-05 4.8 0.32
1.364e-05 4.8 0.24
1.368e-05 4.64 0.32
1.372e-05 4.56 0.32
1.376e-05 4.56 0.4
1.38e-05 4.48 0.32
1.384e-05 4.4 0.32
1.388e-05 4.24 0.32
1.392e-05 4.24 0.32
1.396e-05 4.16 0.32
1.4e-05 4.08 0.32
1.404e-05 4 0.32
1.408e-05 3.92 0.32
1.412e-05 3.84 0.32
1.416e-05 3.76 0.32
1.42e-05 3.68 0.32
1.424e-05 3.6 0.4
1.428e-05 3.52 0.32
1.432e-05 3.36 0.32
1.436e-05 3.36 0.32
1.44e-05 3.28 0.32
1.444e-05 3.2 0.4
1.448e-05 3.04 0.32
1.452e-05 2.96 0.32
1.456e-05 2.88 0.32
1.46e-05 2.88 0.4
1.464e-05 2.64 0.4
1.468e-05 2.56 0.32
1.472e-05 2.48 0.4
1.476e-05 2.4 0.4
1.48e-05 2.32 0.4
1.484e-05 2.24 0.4
1.488e-05 2.16 0.4
1.492e-05 2 0.4
1.496e-05 1.92 0.4
1.5e-05 1.84 0.4
1.504e-05 1.68 0.4
1.508e-05 1.6 0.4
1.512e-05 1.52 0.4
1.516e-05 1.36 0.4
1.52e-05 1.28 0.4
1.524e-05 1.28 0.32
1.528e-05 1.04 0.4
1.532e-05 0.96 0.4
1.536e-05 0.88 0.4
1.54e-05 0.8 0.4
1.544e-05 0.64 0.4
1.548e-05 0.56 0.4
1.552e-05 0.4 0.4
1.556e-05 0.4 0.32
1.56e-05 0.24 0.32
1.564e-05 0.08 0.32
1.568e-05 0 0.4
1.572e-05 -0.16 0.32
1.576e-05 -0.32 0.4
1.58e-05 -0.32 0.32
1.584e-05 -0.56 0.4
1.588e-05 -0.64 0.4
1.592e-05 -0.72 0.32
1.596e-05 -0.72 0.4
1.6e-05 -0.96 0.32
1.604e-05 -1.04 0.4
1.608e-05 -1.2 0.4
1.612e-05 -1.2 0.32
1.616e-05 -1.36 0.4
1.62e-05 -1.36 0.4
1.624e-05 -1.52 0.4
1.628e-05 -1.68 0.32
1.632e-05 -1.68 0.32
1.636e-05 -1.84 0.32
1.64e-05 -1.92 0.4
1.644e-05 -2 0.32
1.648e-05 -2.16 0.24
1.652e-05 -2.24 0.32
1.656e-05 -2.32 0.32
1.66e-05 -2.48 0.32
1.664e-05 -2.56 0.32
1.668e-05 -2.64 0.32
1.672e-05 -2.8 0.32
1.676e-05 -2.8 0.32
1.68e-05 -2.96 0.32
1.684e-05 -2.96 0.24
1.688e-05 -3.12 0.32
1.692e-05 -3.2 0.24
1.696e-05 -3.28 0.32
1.7e-05 -3.44 0.24
1.704e-05 -3.44 0.32
1.708e-05 -3.6 0.24
1.712e-05 -3.68 0.32
1.716e-05 -3.76 0.24
1.72e-05 -3.84 0.24
1.724e-05 -3.92 0.16
1.728e-05 -3.92 0.32
1.732e-05 -4 0.24
1.736e-05 -4.16 0.16
1.74e-05 -4.24 0.16
1.744e-05 -4.24 0.24
1.748e-05 -4.4 0.24
1.752e-05 -4.48 0.16
1.756e-05 -4.56 0.16
1.76e-05 -4.56 0.16
1.764e-05 -4.72 0.16
1.768e-05 -4.72 0.16
1.772e-05 -4.8 0.16
1.776e-05 -4.88 0.16
1.78e-05 -4.88 0.16
1.784e-05 -4.96 0.08
1.788e-05 -5.04 0.08
1.792e-05 -5.12 0.16
1.796e-05 -5.2 0.08
1.8e-05 -5.2 0.08
1.804e-05 -5.28 0.08
1.808e-05 -5.36 0
1.812e-05 -5.44 0.08
1.816e-05 -5.36 0.08
1.82e-05 -5.52 0.08
1.824e-05 -5.52 0.08
1.828e-05 -5.52 0
1.832e-05 -5.6 0.08
1.836e-05 -5.68 0.08
1.84e-05 -5.68 0
1.844e-05 -5.76 0
1.848e-05 -5.76 0
1.852e-05 -5.84 0
1.856e-05 -5.84 0
1.86e-05 -5.84 0
1.864e-05 -5.84 0
1.868e-05 -6 0
1.872e-05 -6 0
1.876e-05 -6 0
1.88e-05 -6 -0.16
1.884e-05 -6.08 0
1.888e-05 -6.08 0
1.892e-05 -6.08 -0.16
1.896e-05 -6.08 -0.16
1.9e-05 -6.08 -0.16
1.904e-05 -6.08 -0.16
1.908e-05 -6.16 -0.16
1.912e-05 -6.16 -0.16
1.916e-05 -6.16 -0.24
1.92e-05 -6.16 -0.24
1.924e-05 -6.16 -0.16
1.928e-05 -6.16 -0.16
1.932e-05 -6.16 -0.24
1.936e-05 -6.08 -0.24
1.94e-05 -6.16 -0.16
1.944e-05 -6.16 -0.24
1.948e-05 -6.08 -0.24
1.952e-05 -6.08 -0.24
1.956e-05 -6.08 -0.24
1.96e-05 -6.08 -0.32
1.964e-05 -6.08 -0.24
1.968e-05 -6 -0.32
1.972e-05 -6 -0.32
1.976e-05 -6.08 -0.32
1.98e-05 -6 -0.32
1.984e-05 -6 -0.32
1.988e-05 -5.92 -0.32
1.992e-05 -5.84 -0.32
1.996e-05 -5.84 -0.32
2e-05 -5.84 -0.32
2.004e-05 -5.76 -0.32
2.008e-05 -5.76 -0.4
2.012e-05 -5.68 -0.32
2.016e-05 -5.6 -0.32
2.02e-05 -5.68 -0.32
2.024e-05 -5.52 -0.4
2.028e-05 -5.52 -0.4
2.032e-05 -5.52 -0.32
2.036e-05 -5.44 -0.4
2.04e-05 -5.36 -0.4
2.044e-05 -5.36 -0.4
2.048e-05 -5.28 -0.32
2.052e-05 -5.2 -0.4
2.056e-05 -5.2 -0.4
2.06e-05 -5.12 -0.4
2.064e-05 -5.12 -0.4
2.068e-05 -5.04 -0.4
2.072e-05 -4.88 -0.4
2.076e-05 -4.88 -0.56
2.08e-05 -4.8 -0.4
2.084e-05 -4.8 -0.48
2.088e-05 -4.72 -0.4
2.092e-05 -4.56 -0.56
2.096e-05 -4.56 -0.48
2.1e-05 -4.48 -0.4
2.104e-05 -4.4 -0.48
2.108e-05 -4.4 -0.48
2.112e-05 -4.24 -0.48
2.116e-05 -4.16 -0.48
2.12e-05 -4.08 -0.48
2.124e-05 -3.92 -0.56
2.128e-05 -3.92 -0.56
2.132e-05 -3.84 -0.56
2.136e-05 -3.76 -0.48
2.14e-05 -3.76 -0.48
2.144e-05 -3.6 -0.48
2.148e-05 -3.52 -0.56
2.152e-05 -3.44 -0.56
2.156e-05 -3.36 -0.48
2.16e-05 -3.2 -0.56
2.164e-05 -3.12 -0.56
2.168e-05 -2.96 -0.56
2.172e-05 -2.88 -0.48
2.176e-05 -2.8 -0.56
2.18e-05 -2.8 -0.56
2.184e-05 -2.64 -0.56
2.188e-05 -2.56 -0.48
2.192e-05 -2.48 -0.56
2.196e-05 -2.32 -0.56
2.2e-05 -2.32 -0.56
2.204e-05 -2.16 -0.56
2.208e-05 -2 -0.56
2.212e-05 -1.92 -0.56
2.216e-05 -1.84 -0.64
2.22e-05 -1.76 -0.56
2.224e-05 -1.68 -0.48
2.228e-05 -1.52 -0.56
2.232e-05 -1.44 -0.56
2.236e-05 -1.28 -0.64
2.24e-05 -1.2 -0.56
2.244e-05 -1.04 -0.56
2.248e-05 -1.04 -0.56
2.252e-05 -0.96 -0.56
2.256e-05 -0.8 -0.56
2.26e-05 -0.72 -0.56
2.264e-05 -0.64 -0.56
2.268e-05 -0.48 -0.64
2.272e-05 -0.4 -0.56
2.276e-05 -0.32 -0.48
2.28e-05 -0.24 -0.56
2.284e-05 0 -0.56
2.288e-05 0.08 -0.56
2.292e-05 0.32 -0.56
2.296e-05 0.32 -0.4
2.3e-05 0.4 -0.56
2.304e-05 0.48 -0.56
2.308e-05 0.64 -0.56
2.312e-05 0.72 -0.56
2.316e-05 0.88 -0.48
2.32e-05 0.96 -0.56
2.324e-05 1.12 -0.56
2.328e-05 1.2 -0.56
2.332e-05 1.28 -0.48
2.336e-05 1.36 -0.48
2.34e-05 1.44 -0.56
2.344e-05 1.6 -0.48
2.348e-05 1.68 -0.56
2.352e-05 1.76 -0.48
2.356e-05 1.92 -0.56
2.36e-05 2 -0.48
2.364e-05 2.08 -0.4
2.368e-05 2.16 -0.48
2.372e-05 2.32 -0.48
2.376e-05 2.4 -0.48
2.38e-05 2.48 -0.48
2.384e-05 2.56 -0.4
2.388e-05 2.64 -0.48
2.392e-05 2.8 -0.4
2.396e-05 2.88 -0.4
2.4e-05 2.88 -0.4
2.404e-05 3.04 -0.4
2.408e-05 3.2 -0.4
2.412e-05 3.28 -0.48
2.416e-05 3.36 -0.48
2.42e-05 3.36 -0.4
2.424e-05 3.52 -0.4
2.428e-05 3.6 -0.4
2.432e-05 3.68 -0.4
2.436e-05 3.76 -0.4
2.44e-05 3.84 -0.4
2.444e-05 3.92 -0.4
2.448e-05 4 -0.4
2.452e-05 4.08 -0.4
2.456e-05 4.16 -0.32
2.46e-05 4.24 -0.4
2.464e-05 4.32 -0.32
2.468e-05 4.4 -0.32
2.472e-05 4.48 -0.4
2.476e-05 4.56 -0.32
2.48e-05 4.56 -0.32
2.484e-05 4.64 -0.4
2.488e-05 4.8 -0.32
2.492e-05 4.8 -0.32
2.496e-05 4.88 -0.32
2.5e-05 4.88 -0.32
2.504e-05 4.96 -0.32
2.508e-05 5.04 -0.32
2.512e-05 5.12 -0.32
2.516e-05 5.12 -0.24
2.52e-05 5.2 -0.32
2.524e-05 5.28 -0.24
2.528e-05 5.28 -0.24
2.532e-05 5.36 -0.24
2.536e-05 5.44 -0.32
2.54e-05 5.44 -0.24
2.544e-05 5.52 -0.24
2.548e-05 5.52 -0.32
2.552e-05 5.6 -0.24
2.556e-05 5.6 -0.24
2.56e-05 5.6 -0.16
2.564e-05 5.68 -0.16
2.568e-05 5.76 -0.24
2.572e-05 5.76 -0.16
2.576e-05 5.84 -0.16
2.58e-05 5.84 0
2.584e-05 5.84 -0.16
2.588e-05 5.84 -0.16
2.592e-05 5.84 -0.16
2.596e-05 5.92 0
2.6e-05 5.92 0
2.604e-05 5.92 -0.16
2.608e-05 5.92 -0.16
2.612e-05 6.08 0
2.616e-05 6.08 0
2.62e-05 6 0
2.624e-05 6.08 0
2.628e-05 6.08 0
2.632e-05 6.08 0.08
2.636e-05 6.08 0
2.64e-05 6.08 0
2.644e-05 6.08 0
2.648e-05 6.08 0.08
2.652e-05 6.08 0
2.656e-05 6.08 0
2.66e-05 6.08 0
2.664e-05 6 0
2.668e-05 6 0.08
2.672e-05 6 0.08
2.676e-05 5.92 0.08
2.68e-05 5.92 0.08
2.684e-05 5.92 0.16
2.688e-05 5.92 0.16
2.692e-05 5.84 0.08
2.696e-05 5.84 0.16
2.7e-05 5.84 0.16
2.704e-05 5.76 0.16
2.708e-05 5.76 0.08
2.712e-05 5.76 0.16
2.716e-05 5.6 0.16
2.72e-05 5.76 0.16
2.724e-05 5.6 0.16
2.728e-05 5.52 0.16
2.732e-05 5.52 0.16
2.736e-05 5.52 0.24
2.74e-05 5.52 0.16
2.744e-05 5.44 0.16
2.748e-05 5.36 0.16
2.752e-05 5.44 0.24
2.756e-05 5.28 0.24
2.76e-05 5.2 0.16
2.764e-05 5.12 0.16
2.768e-05 5.12 0.16
2.772e-05 5.12 0.32
2.776e-05 4.96 0.24
2.78e-05 4.96 0.32
2.784e-05 4.88 0.24
2.788e-05 4.8 0.32
2.792e-05 4.8 0.32
2.796e-05 4.64 0.24
2.8e-05 4.64 0.32
2.804e-05 4.56 0.24
2.808e-05 4.48 0.32
2.812e-05 4.4 0.32
2.816e-05 4.24 0.32
2.82e-05 4.24 0.32
2.824e-05 4.16 0.32
2.828e-05 4.16 0.32
2.832e-05 4 0.32
2.836e-05 4 0.32
2.84e-05 3.84 0.32
2.844e-05 3.84 0.4
2.848e-05 3.68 0.32
2.852e-05 3.6 0.32
2.856e-05 3.52 0.4
2.86e-05 3.36 0.32
2.864e-05 3.36 0.4
2.868e-05 3.28 0.4
2.872e-05 3.2 0.32
2.876e-05 3.04 0.4
2.88e-05 3.04 0.4
2.884e-05 2.88 0.4
2.888e-05 2.8 0.32
2.892e-05 2.72 0.32
2.896e-05 2.56 0.4
2.9e-05 2.56 0.4
2.904e-05 2.4 0.4
2.908e-05 2.32 0.4
2.912e-05 2.24 0.4
2.916e-05 2.08 0.4
2.92e-05 2 0.4
2.924e-05 1.92 0.4
2.928e-05 1.76 0.32
2.932e-05 1.68 0.4
2.936e-05 1.6 0.4
2.94e-05 1.52 0.4
2.944e-05 1.44 0.4
2.948e-05 1.28 0.4
2.952e-05 1.28 0.4
2.956e-05 1.04 0.4
2.96e-05 1.04 0.32
2.964e-05 0.88 0.32
2.968e-05 0.72 0.4
2.972e-05 0.64 0.4
2.976e-05 0.56 0.4
2.98e-05 0.4 0.4
2.984e-05 0.32 0.32
2.988e-05 0.32 0.4
2.992e-05 0.16 0.32
2.996e-05 0 0.4
3e-05 0 0.32
3.004e-05 -0.24 0.4
3.008e-05 -0.32 0.4
3.012e-05 -0.48 0.32
3.016e-05 -0.56 0.4
3.02e-05 -0.72 0.32
3.024e-05 -0.8 0.4
3.028e-05 -0.88 0.4
3.032e-05 -0.96 0.4
3.036e-05 -1.04 0.4
3.04e-05 -1.2 0.4
3.044e-05 -1.28 0.32
3.048e-05 -1.36 0.32
3.052e-05 -1.52 0.32
3.056e-05 -1.6 0.32
3.06e-05 -1.68 0.32
3.064e-05 -1.84 0.4
3.068e-05 -1.92 0.32
3.072e-05 -2 0.32
3.076e-05 -2.16 0.4
3.08e-05 -2.24 0.32
3.084e-05 -2.32 0.32
3.088e-05 -2.48 0.32
3.092e-05 -2.48 0.32
3.096e-05 -2.64 0.32
3.1e-05 -2.8 0.32
3.104e-05 -2.8 0.24
3.108e-05 -2.88 0.32
3.112e-05 -2.96 0.32
3.116e-05 -3.12 0.24
3.12e-05 -3.2 0.24
3.124e-05 -3.2 0.32
3.128e-05 -3.44 0.32
3.132e-05 -3.44 0.32
3.136e-05 -3.52 0.24
3.14e-05 -3.6 0.32
3.144e-05 -3.68 0.24
3.148e-05 -3.76 0.24
3.152e-05 -3.92 0.16
3.156e-05 -3.92 0.16
3.16e-05 -4 0.24
3.164e-05 -4.16 0.24
3.168e-05 -4.24 0.16
3.172e-05 -4.24 0.16
3.176e-05 -4.4 0.16
3.18e-05 -4.48 0.16
3.184e-05 -4.48 0.24
3.188e-05 -4.56 0.16
3.192e-05 -4.64 0.16
3.196e-05 -4.72 0.16
3.2e-05 -4.8 0.16
3.204e-05 -4.88 0.16
3.208e-05 -4.88 0.08
3.212e-05 -5.04 0.16
3.216e-05 -5.04 0.16
3.22e-05 -5.12 0.16
3.224e-05 -5.12 0.08
3.228e-05 -5.2 0.08
3.232e-05 -5.28 0.08
3.236e-05 -5.36 0.08
3.24e-05 -5.36 0.08
3.244e-05 -5.44 0
3.248e-05 -5.44 0.08
3.252e-05 -5.44 0.08
3.256e-05 -5.52 0.08
3.26e-05 -5.6 0.08
3.264e-05 -5.68 0
3.268e-05 -5.68 0
3.272e-05 -5.76 0
3.276e-05 -5.76 0.08
3.28e-05 -5.84 0
3.284e-05 -5.84 0
3.288e-05 -5.84 0
3.292e-05 -5.84 0
3.296e-05 -5.92 -0.16
3.3e-05 -6 0
3.304e-05 -6 0
3.308e-05 -6.08 0
3.312e-05 -6 0
3.316e-05 -6.08 -0.16
3.32e-05 -6.08 0
3.324e-05 -6.08 0
3.328e-05 -6.08 0
3.332e-05 -6.08 -0.16
3.336e-05 -6.16 -0.16
3.34e-05 -6.08 0
3.344e-05 -6.16 -0.16
3.348e-05 -6.16 -0.24
3.352e-05 -6.16 -0.16
3.356e-05 -6.16 -0.24
3.36e-05 -6.16 -0.24
3.364e-05 -6.08 -0.24
3.368e-05 -6.08 -0.24
3.372e-05 -6.08 -0.24
3.376e-05 -6.08 -0.16
3.38e-05 -6.08 -0.24
3.384e-05 -6.08 -0.24
3.388e-05 -6 -0.24
3.392e-05 -6.08 -0.32
3.396e-05 -6 -0.24
3.4e-05 -6 -0.32
3.404e-05 -6 -0.32
3.408e-05 -6 -0.32
3.412e-05 -5.84 -0.32
3.416e-05 -5.84 -0.32
3.42e-05 -5.84 -0.4
3.424e-05 -5.84 -0.32
3.428e-05 -5.84 -0.32
3.432e-05 -5.76 -0.24
3.436e-05 -5.76 -0.32
3.44e-05 -5.76 -0.4
3.444e-05 -5.68 -0.32
3.448e-05 -5.68 -0.32
3.452e-05 -5.52 -0.4
3.456e-05 -5.52 -0.4
3.46e-05 -5.52 -0.4
3.464e-05 -5.44 -0.4
3.468e-05 -5.44 -0.4
3.472e-05 -5.36 -0.4
3.476e-05 -5.2 -0.4
3.48e-05 -5.2 -0.4
3.484e-05 -5.2 -0.4
3.488e-05 -5.12 -0.48
3.492e-05 -5.04 -0.4
3.496e-05 -5.04 -0.48
3.5e-05 -4.88 -0.4
3.504e-05 -4.88 -0.4
3.508e-05 -4.8 -0.4
3.512e-05 -4.72 -0.48
3.516e-05 -4.72 -0.48
3.52e-05 -4.56 -0.4
3.524e-05 -4.56 -0.48
3.528e-05 -4.48 -0.56
3.532e-05 -4.4 -0.48
3.536e-05 -4.32 -0.48
3.54e-05 -4.24 -0.48
3.544e-05 -4.24 -0.48
3.548e-05 -4.08 -0.48
3.552e-05 -3.92 -0.48
3.556e-05 -3.92 -0.48
3.56e-05 -3.92 -0.48
3.564e-05 -3.76 -0.56
3.568e-05 -3.6 -0.48
3.572e-05 -3.6 -0.48
3.576e-05 -3.52 -0.56
3.58e-05 -3.44 -0.56
3.584e-05 -3.28 -0.48
3.588e-05 -3.2 -0.56
3.592e-05 -3.12 -0.48
3.596e-05 -3.04 -0.56
3.6e-05 -2.96 -0.56
3.604e-05 -2.88 -0.48
3.608e-05 -2.8 -0.48
3.612e-05 -2.64 -0.56
3.616e-05 -2.56 -0.56
3.62e-05 -2.48 -0.56
3.624e-05 -2.32 -0.56
3.628e-05 -2.32 -0.56
3.632e-05 -2.16 -0.48
3.636e-05 -2 -0.56
3.64e-05 -2 -0.48
3.644e-05 -1.84 -0.56
3.648e-05 -1.76 -0.56
3.652e-05 -1.68 -0.56
3.656e-05 -1.6 -0.56
3.66e-05 -1.52 -0.56
3.664e-05 -1.36 -0.56
3.668e-05 -1.28 -0.56
3.672e-05 -1.12 -0.56
3.676e-05 -1.04 -0.56
3.68e-05 -0.96 -0.56
3.684e-05 -0.8 -0.56
3.688e-05 -0.72 -0.56
3.692e-05 -0.56 -0.56
3.696e-05 -0.4 -0.56
3.7e-05 -0.4 -0.56
3.704e-05 -0.32 -0.56
3.708e-05 -0.16 -0.56
3.712e-05 0 -0.56
3.716e-05 0.08 -0.48
3.72e-05 0.16 -0.56
3.724e-05 0.32 -0.56
3.728e-05 0.4 -0.56
3.732e-05 0.56 -0.56
3.736e-05 0.64 -0.56
3.74e-05 0.72 -0.56
3.744e-05 0.88 -0.56
3.748e-05 0.96 -0.56
3.752e-05 1.04 -0.56
3.756e-05 1.2 -0.56
3.76e-05 1.28 -0.48
3.764e-05 1.36 -0.56
3.768e-05 1.44 -0.48
3.772e-05 1.6 -0.48
3.776e-05 1.68 -0.56
3.78e-05 1.76 -0.56
3.784e-05 1.92 -0.4
3.788e-05 1.92 -0.48
3.792e-05 2.08 -0.56
3.796e-05 2.08 -0.56
3.8e-05 2.32 -0.48
3.804e-05 2.4 -0.48
3.808e-05 2.48 -0.56
3.812e-05 2.56 -0.48
3.816e-05 2.64 -0.48
3.82e-05 2.88 -0.48
3.824e-05 2.88 -0.4
3.828e-05 2.96 -0.4
3.832e-05 3.04 -0.4
3.836e-05 3.12 -0.48
3.84e-05 3.2 -0.4
3.844e-05 3.36 -0.4
3.848e-05 3.44 -0.4
3.852e-05 3.52 -0.4
3.856e-05 3.6 -0.4
3.86e-05 3.68 -0.4
3.864e-05 3.84 -0.4
3.868e-05 3.84 -0.4
3.872e-05 3.84 -0.32
3.876e-05 3.92 -0.32
3.88e-05 4.16 -0.32
3.884e-05 4.16 -0.4
3.888e-05 4.24 -0.32
3.892e-05 4.24 -0.32
3.896e-05 4.32 -0.4
3.9e-05 4.48 -0.32
3.904e-05 4.56 -0.32
3.908e-05 4.56 -0.24
3.912e-05 4.64 -0.32
3.916e-05 4.8 -0.32
3.92e-05 4.8 -0.32
3.924e-05 4.8 -0.32
3.928e-05 4.88 -0.24
3.932e-05 4.96 -0.32
3.936e-05 5.04 -0.32
3.94e-05 5.12 -0.32
3.944e-05 5.2 -0.24
3.948e-05 5.2 -0.32
3.952e-05 5.2 -0.24
3.956e-05 5.36 -0.24
3.96e-05 5.36 -0.24
3.964e-05 5.44 -0.24
3.968e-05 5.44 -0.24
3.972e-05 5.52 -0.24
3.976e-05 5.52 -0.24
3.98e-05 5.52 -0.16
3.984e-05 5.6 -0.16
3.988e-05 5.6 -0.24
3.992e-05 5.68 -0.16
3.996e-05 5.76 -0.16
4e-05 5.76 -0.16
4.004e-05 5.84 -0.16
4.008e-05 5.76 -0.24
4.012e-05 5.84 0
4.016e-05 5.84 -0.16
4.02e-05 5.84 -0.24
4.024e-05 5.92 -0.16
4.028e-05 5.92 0
4.032e-05 5.92 0
4.036e-05 5.92 0
4.04e-05 5.92 0
4.044e-05 5.92 0
4.048e-05 6.08 0
4.052e-05 6.08 0
4.056e-05 6.08 0
4.06e-05 6.08 0
4.064e-05 6 0
4.068e-05 6.08 0.08
4.072e-05 6.08 0
4.076e-05 6 0.08
4.08e-05 6.08 0
4.084e-05 6 0.08
4.088e-05 6 0.08
4.092e-05 5.92 0.08
4.096e-05 6 0
4.1e-05 5.92 0.08
4.104e-05 6 0.16
4.108e-05 5.92 0.08
4.112e-05 5.92 0.16
4.116e-05 5.92 0.08
4.12e-05 5.92 0.08
4.124e-05 5.84 0.08
4.128e-05 5.76 0.16
4.132e-05 5.76 0.08
4.136e-05 5.76 0.16
4.14e-05 5.76 0.16
4.144e-05 5.76 0.16
4.148e-05 5.68 0.08
4.152e-05 5.6 0.16
4.156e-05 5.6 0.24
4.16e-05 5.52 0.16
4.164e-05 5.44 0.16
4.168e-05 5.44 0.16
4.172e-05 5.44 0.32
4.176e-05 5.44 0.24
4.18e-05 5.44 0.16
4.184e-05 5.28 0.24
4.188e-05 5.2 0.16
4.192e-05 5.12 0.24
4.196e-05 5.12 0.24
4.2e-05 5.12 0.24
4.204e-05 5.04 0.24
4.208e-05 4.88 0.24
4.212e-05 4.88 0.32
4.216e-05 4.8 0.24
4.22e-05 4.8 0.32
4.224e-05 4.72 0.24
4.228e-05 4.56 0.32
4.232e-05 4.48 0.32
4.236e-05 4.48 0.32
4.24e-05 4.4 0.32
4.244e-05 4.32 0.32
4.248e-05 4.24 0.32
4.252e-05 4.16 0.32
4.256e-05 4.08 0.32
4.26e-05 4 0.32
4.264e-05 3.92 0.32
4.268e-05 3.84 0.32
4.272e-05 3.84 0.32
4.276e-05 3.68 0.32
4.28e-05 3.6 0.32
4.284e-05 3.52 0.4
4.288e-05 3.52 0.32
4.292e-05 3.36 0.32
4.296e-05 3.2 0.32
4.3e-05 3.2 0.4
4.304e-05 3.04 0.32
4.308e-05 2.96 0.32
4.312e-05 2.88 0.4
4.316e-05 2.8 0.4
4.32e-05 2.72 0.4
4.324e-05 2.56 0.32
4.328e-05 2.56 0.4
4.332e-05 2.4 0.4
4.336e-05 2.32 0.4
4.34e-05 2.24 0.4
4.344e-05 2.16 0.4
4.348e-05 2.08 0.4
4.352e-05 1.92 0.48
4.356e-05 1.84 0.4
4.36e-05 1.76 0.32
4.364e-05 1.6 0.4
4.368e-05 1.44 0.4
4.372e-05 1.44 0.4
4.376e-05 1.28 0.4
4.38e-05 1.28 0.4
4.384e-05 1.12 0.4
4.388e-05 0.96 0.4
4.392e-05 0.88 0.4
4.396e-05 0.8 0.4
4.4e-05 0.72 0.4
4.404e-05 0.56 0.4
4.408e-05 0.48 0.4
4.412e-05 0.32 0.4
4.416e-05 0.32 0.4
4.42e-05 0.16 0.4
4.424e-05 0 0.4
4.428e-05 0 0.4
4.432e-05 -0.24 0.32
4.436e-05 -0.4 0.4
4.44e-05 -0.4 0.4
4.444e-05 -0.56 0.32
4.448e-05 -0.64 0.32
4.452e-05 -0.72 0.32
4.456e-05 -0.88 0.4
4.46e-05 -0.96 0.4
4.464e-05 -1.04 0.32
4.468e-05 -1.2 0.32
4.472e-05 -1.36 0.32
4.476e-05 -1.36 0.4
4.48e-05 -1.52 0.32
4.484e-05 -1.6 0.4
4.488e-05 -1.68 0.32
4.492e-05 -1.84 0.4
4.496e-05 -1.92 0.4
4.5e-05 -2 0.32
4.504e-05 -2.08 0.32
4.508e-05 -2.24 0.32
4.512e-05 -2.32 0.4
4.516e-05 -2.48 0.32
4.52e-05 -2.48 0.32
4.524e-05 -2.56 0.32
4.528e-05 -2.64 0.4
4.532e-05 -2.8 0.32
4.536e-05 -2.96 0.24
4.54e-05 -2.96 0.24
4.544e-05 -3.12 0.32
4.548e-05 -3.2 0.32
4.552e-05 -3.28 0.32
4.556e-05 -3.36 0.24
4.56e-05 -3.44 0.24
4.564e-05 -3.52 0.24
4.568e-05 -3.6 0.32
4.572e-05 -3.68 0.24
4.576e-05 -3.76 0.24
4.58e-05 -3.84 0.32
4.584e-05 -3.92 0.24
4.588e-05 -4.08 0.16
4.592e-05 -4.08 0.16
4.596e-05 -4.24 0.16
4.6e-05 -4.24 0.16
4.604e-05 -4.4 0.16
4.608e-05 -4.4 0.16
4.612e-05 -4.48 0.24
4.616e-05 -4.56 0.16
4.62e-05 -4.64 0.16
4.624e-05 -4.72 0.08
4.628e-05 -4.8 0.16
4.632e-05 -4.88 0.16
4.636e-05 -4.88 0.24
4.64e-05 -5.04 0.08
4.644e-05 -5.04 0.08
4.648e-05 -5.12 0.16
4.652e-05 -5.12 0.08
4.656e-05 -5.2 0.16
4.66e-05 -5.2 0.08
4.664e-05 -5.36 0.08
4.668e-05 -5.36 0.08
4.672e-05 -5.36 0.08
4.676e-05 -5.44 0.08
4.68e-05 -5.52 0.08
4.684e-05 -5.52 0.08
4.688e-05 -5.52 0
4.692e-05 -5.68 0
4.696e-05 -5.68 0
4.7e-05 -5.68 0
4.704e-05 -5.76 0.08
4.708e-05 -5.84 0
4.712e-05 -5.84 0
4.716e-05 -5.84 0
4.72e-05 -5.92 0
4.724e-05 -5.92 0
4.728e-05 -6 0
4.732e-05 -6 -0.16
4.736e-05 -6 0
4.74e-05 -6 0
4.744e-05 -6.08 0
4.748e-05 -6.08 -0.16
4.752e-05 -6.16 -0.16
4.756e-05 -6.08 -0.24
4.76e-05 -6.16 -0.16
4.764e-05 -6.08 -0.16
4.768e-05 -6.16 -0.16
4.772e-05 -6.16 -0.16
4.776e-05 -6.16 -0.16
4.78e-05 -6.16 -0.16
4.784e-05 -6.16 -0.24
4.788e-05 -6.16 -0.24
4.792e-05 -6.08 -0.16
4.796e-05 -6.16 -0.16
4.8e-05 -6.16 -0.24
4.804e-05 -6.16 -0.24
4.808e-05 -6.08 -0.24
4.812e-05 -6.08 -0.24
4.816e-05 -6.08 -0.24
4.82e-05 -6.08 -0.32
4.824e-05 -6.08 -0.24
4.828e-05 -6 -0.24
4.832e-05 -6 -0.24
4.836e-05 -6 -0.32
4.84e-05 -5.92 -0.32
4.844e-05 -5.92 -0.32
4.848e-05 -5.84 -0.32
4.852e-05 -5.84 -0.32
4.856e-05 -5.84 -0.32
4.86e-05 -5.76 -0.4
4.864e-05 -5.76 -0.32
4.868e-05 -5.68 -0.32
4.872e-05 -5.68 -0.32
4.876e-05 -5.52 -0.32
4.88e-05 -5.6 -0.32
4.884e-05 -5.52 -0.4
4.888e-05 -5.52 -0.4
4.892e-05 -5.44 -0.4
4.896e-05 -5.44 -0.32
4.9e-05 -5.36 -0.32
4.904e-05 -5.2 -0.4
4.908e-05 -5.2 -0.48
4.912e-05 -5.12 -0.4
4.916e-05 -5.12 -0.4
4.92e-05 -5.04 -0.32
4.924e-05 -5.04 -0.4
4.928e-05 -4.88 -0.4
4.932e-05 -4.88 -0.4
4.936e-05 -4.88 -0.48
4.94e-05 -4.8 -0.4
4.944e-05 -4.72 -0.48
4.948e-05 -4.56 -0.4
4.952e-05 -4.56 -0.48
4.956e-05 -4.48 -0.48
4.96e-05 -4.48 -0.48
4.964e-05 -4.32 -0.48
4.968e-05 -4.24 -0.48
4.972e-05 -4.16 -0.48
4.976e-05 -4.08 -0.56
4.98e-05 -4 -0.48
4.984e-05 -3.92 -0.56
4.988e-05 -3.92 -0.48
4.992e-05 -3.76 -0.48
4.996e-05 -3.6 -0.56
5e-05 -3.6 -0.56
5.004e-05 -3.52 -0.56
5.008e-05 -3.44 -0.56
5.012e-05 -3.28 -0.56
5.016e-05 -3.2 -0.56
5.02e-05 -3.2 -0.56
5.024e-05 -3.04 -0.48
5.028e-05 -2.96 -0.48
5.032e-05 -2.88 -0.56
5.036e-05 -2.8 -0.56
5.04e-05 -2.64 -0.56
5.044e-05 -2.56 -0.56
5.048e-05 -2.48 -0.56
5.052e-05 -2.32 -0.56
5.056e-05 -2.32 -0.56
5.06e-05 -2.24 -0.56
5.064e-05 -2.08 -0.56
5.068e-05 -2 -0.56
5.072e-05 -1.92 -0.48
5.076e-05 -1.76 -0.56
5.08e-05 -1.68 -0.48
5.084e-05 -1.6 -0.56
5.088e-05 -1.52 -0.56
5.092e-05 -1.36 -0.56
5.096e-05 -1.28 -0.56
5.1e-05 -1.2 -0.56
5.104e-05 -1.04 -0.56
5.108e-05 -0.96 -0.56
5.112e-05 -0.88 -0.56
5.116e-05 -0.72 -0.56
5.12e-05 -0.64 -0.48
5.124e-05 -0.56 -0.56
5.128e-05 -0.4 -0.56
5.132e-05 -0.32 -0.48
5.136e-05 -0.24 -0.56
5.14e-05 0 -0.56
5.144e-05 0.08 -0.56
5.148e-05 0.16 -0.48
5.152e-05 0.32 -0.56
5.156e-05 0.4 -0.64
5.16e-05 0.48 -0.56
5.164e-05 0.64 -0.56
5.168e-05 0.72 -0.56
5.172e-05 0.8 -0.56
5.176e-05 0.96 -0.56
5.18e-05 1.04 -0.56
5.184e-05 1.12 -0.48
5.188e-05 1.28 -0.48
5.192e-05 1.36 -0.56
5.196e-05 1.44 -0.48
5.2e-05 1.6 -0.56
5.204e-05 1.68 -0.4
5.208e-05 1.68 -0.48
5.212e-05 1.92 -0.56
5.216e-05 1.92 -0.48
5.22e-05 2 -0.48
5.224e-05 2.24 -0.48
5.228e-05 2.24 -0.56
5.232e-05 2.32 -0.48
5.236e-05 2.4 -0.48
5.24e-05 2.56 -0.4
5.244e-05 2.64 -0.48
5.248e-05 2.72 -0.4
5.252e-05 2.88 -0.4
5.256e-05 2.96 -0.48
5.26e-05 3.04 -0.4
5.264e-05 3.12 -0.48
5.268e-05 3.2 -0.4
5.272e-05 3.28 -0.4
5.276e-05 3.36 -0.4
5.28e-05 3.52 -0.4
5.284e-05 3.52 -0.48
5.288e-05 3.68 -0.4
5.292e-05 3.68 -0.32
5.296e-05 3.84 -0.4
5.3e-05 3.92 -0.4
5.304e-05 4 -0.4
5.308e-05 4 -0.4
5.312e-05 4.16 -0.32
5.316e-05 4.16 -0.4
5.32e-05 4.24 -0.4
5.324e-05 4.4 -0.4
5.328e-05 4.48 -0.32
5.332e-05 4.48 -0.4
5.336e-05 4.56 -0.32
5.34e-05 4.64 -0.32
5.344e-05 4.72 -0.32
5.348e-05 4.8 -0.32
5.352e-05 4.8 -0.32
5.356e-05 4.96 -0.32
5.36e-05 4.96 -0.32
5.364e-05 4.96 -0.24
5.368e-05 5.12 -0.32
5.372e-05 5.12 -0.32
5.376e-05 5.2 -0.24
5.38e-05 5.2 -0.24
5.384e-05 5.28 -0.24
5.388e-05 5.36 -0.32
5.392e-05 5.36 -0.24
5.396e-05 5.44 -0.24
5.4e-05 5.52 -0.24
5.404e-05 5.52 -0.24
5.408e-05 5.52 -0.24
5.412e-05 5.6 -0.24
5.416e-05 5.6 -0.16
5.42e-05 5.76 -0.16
5.424e-05 5.76 -0.16
5.428e-05 5.76 -0.24
5.432e-05 5.76 0
5.436e-05 5.84 -0.16
5.44e-05 5.84 0
5.444e-05 5.84 -0.16
5.448e-05 5.92 0
5.452e-05 5.92 0
5.456e-05 5.92 -0.16
5.46e-05 5.92 -0.16
5.464e-05 5.92 0
5.468e-05 6 0
5.472e-05 6 0
5.476e-05 6 -0.16
5.48e-05 6 0
5.484e-05 6 0
5.488e-05 6 0.08
5.492e-05 6.08 0
5.496e-05 6.08 0
5.5e-05 6.08 0
5.504e-05 6.08 0.08
5.508e-05 6 0.08
5.512e-05 6 0
5.516e-05 6 0
5.52e-05 6.08 0.08
5.524e-05 6.08 0.08
5.528e-05 5.92 0.08
5.532e-05 5.92 0.08
5.536e-05 5.92 0.08
5.54e-05 5.92 0.08
5.544e-05 5.92 0.08
5.548e-05 5.84 0.08
5.552e-05 5.84 0.08
5.556e-05 5.84 0.16
5.56e-05 5.84 0.08
5.564e-05 5.76 0.08
5.568e-05 5.76 0.08
5.572e-05 5.6 0.16
5.576e-05 5.6 0.16
5.58e-05 5.6 0.16
5.584e-05 5.6 0.16
5.588e-05 5.6 0.16
5.592e-05 5.44 0.32
5.596e-05 5.44 0.24
5.6e-05 5.44 0.16
5.604e-05 5.44 0.24
5.608e-05 5.36 0.24
5.612e-05 5.28 0.24
5.616e-05 5.28 0.24
5.62e-05 5.12 0.24
5.624e-05 5.2 0.24
5.628e-05 5.04 0.32
5.632e-05 5.04 0.32
5.636e-05 4.96 0.24
5.64e-05 4.88 0.32
5.644e-05 4.88 0.24
5.648e-05 4.8 0.32
5.652e-05 4.72 0.32
5.656e-05 4.64 0.32
5.66e-05 4.56 0.32
5.664e-05 4.48 0.32
5.668e-05 4.48 0.32
5.672e-05 4.32 0.24
5.676e-05 4.24 0.32
5.68e-05 4.16 0.32
5.684e-05 4.16 0.32
5.688e-05 4 0.32
5.692e-05 3.92 0.32
5.696e-05 3.84 0.32
5.7e-05 3.84 0.32
5.704e-05 3.68 0.32
5.708e-05 3.6 0.32
5.712e-05 3.6 0.32
5.716e-05 3.52 0.4
5.72e-05 3.36 0.4
5.724e-05 3.28 0.32
5.728e-05 3.2 0.32
5.732e-05 3.04 0.32
5.736e-05 3.04 0.32
5.74e-05 2.88 0.32
5.744e-05 2.8 0.32
5.748e-05 2.72 0.4
5.752e-05 2.56 0.4
5.756e-05 2.56 0.4
5.76e-05 2.4 0.32
5.764e-05 2.32 0.4
5.768e-05 2.24 0.4
5.772e-05 2.24 0.4
5.776e-05 2 0.4
5.78e-05 2 0.32
5.784e-05 1.84 0.32
5.788e-05 1.76 0.4
5.792e-05 1.6 0.4
5.796e-05 1.6 0.32
5.8e-05 1.36 0.4
5.804e-05 1.36 0.4
5.808e-05 1.28 0.4
5.812e-05 1.12 0.4
5.816e-05 1.04 0.4
5.82e-05 0.96 0.48
5.824e-05 0.8 0.4
5.828e-05 0.72 0.4
5.832e-05 0.64 0.4
5.836e-05 0.48 0.4
5.84e-05 0.4 0.48
5.844e-05 0.32 0.4
5.848e-05 0.16 0.32
5.852e-05 0.08 0.32
5.856e-05 0 0.4
5.86e-05 -0.24 0.32
5.864e-05 -0.32 0.32
5.868e-05 -0.4 0.32
5.872e-05 -0.56 0.4
5.876e-05 -0.64 0.4
5.88e-05 -0.72 0.4
5.884e-05 -0.88 0.4
5.888e-05 -1.04 0.4
5.892e-05 -1.04 0.32
5.896e-05 -1.2 0.32
5.9e-05 -1.36 0.32
5.904e-05 -1.36 0.32
5.908e-05 -1.52 0.32
5.912e-05 -1.6 0.32
5.916e-05 -1.68 0.32
5.92e-05 -1.76 0.32
5.924e-05 -1.92 0.32
5.928e-05 -2 0.32
5.932e-05 -2.16 0.32
5.936e-05 -2.24 0.32
5.94e-05 -2.32 0.32
5.944e-05 -2.32 0.4
5.948e-05 -2.48 0.32
5.952e-05 -2.64 0.32
5.956e-05 -2.64 0.24
5.96e-05 -2.8 0.32
5.964e-05 -2.88 0.32
5.968e-05 -2.96 0.32
5.972e-05 -3.04 0.32
5.976e-05 -3.12 0.24
5.98e-05 -3.28 0.32
5.984e-05 -3.28 0.32
5.988e-05 -3.44 0.24
5.992e-05 -3.52 0.32
5.996e-05 -3.6 0.24
6e-05 -3.6 0.24
6.004e-05 -3.76 0.24
6.008e-05 -3.92 0.24
6.012e-05 -3.92 0.24
6.016e-05 -4 0.16
6.02e-05 -4.16 0.24
6.024e-05 -4.16 0.16
6.028e-05 -4.24 0.16
6.032e-05 -4.32 0.24
6.036e-05 -4.48 0.24
6.04e-05 -4.48 0.16
6.044e-05 -4.56 0.16
6.048e-05 -4.56 0.16
6.052e-05 -4.72 0.16
6.056e-05 -4.8 0.24
6.06e-05 -4.8 0.16
6.064e-05 -4.88 0.08
6.068e-05 -4.96 0.16
6.072e-05 -5.04 0.16
6.076e-05 -5.04 0.08
6.08e-05 -5.12 0.08
6.084e-05 -5.2 0.08
6.088e-05 -5.28 0.08
6.092e-05 -5.36 0.08
6.096e-05 -5.36 0.08
6.1e-05 -5.44 0.08
6.104e-05 -5.52 0.08
6.108e-05 -5.52 0.08
6.112e-05 -5.52 0.08
6.116e-05 -5.68 0.08
6.12e-05 -5.68 0
6.124e-05 -5.68 0.08
6.128e-05 -5.68 0
6.132e-05 -5.76 0
6.136e-05 -5.76 0
6.14e-05 -5.84 0
6.144e-05 -5.84 0
6.148e-05 -5.92 0
6.152e-05 -5.92 0
6.156e-05 -6 0
6.16e-05 -6 0
6.164e-05 -6.08 0
6.168e-05 -6.08 -0.16
6.172e-05 -6 0
6.176e-05 -6.08 -0.16
6.18e-05 -6.16 -0.16
6.184e-05 -6.08 -0.16
6.188e-05 -6.08 -0.16
6.192e-05 -6.08 -0.24
6.196e-05 -6.16 -0.16
6.2e-05 -6.08 0
6.204e-05 -6.16 -0.24
6.208e-05 -6.16 -0.16
6.212e-05 -6.16 -0.16
6.216e-05 -6.16 -0.16
6.22e-05 -6.16 -0.24
6.224e-05 -6.08 -0.24
6.228e-05 -6.16 -0.24
6.232e-05 -6.08 -0.24
6.236e-05 -6.08 -0.24
6.24e-05 -6.16 -0.32
6.244e-05 -6.08 -0.32
6.248e-05 -6.08 -0.24
6.252e-05 -6 -0.24
6.256e-05 -6 -0.24
6.26e-05 -6 -0.32
6.264e-05 -6 -0.24
6.268e-05 -6 -0.32
6.272e-05 -6 -0.32
6.276e-05 -5.84 -0.32
6.28e-05 -5.84 -0.32
6.284e-05 -5.84 -0.24
6.288e-05 -5.84 -0.32
6.292e-05 -5.76 -0.32
6.296e-05 -5.68 -0.32
6.3e-05 -5.68 -0.32
6.304e-05 -5.68 -0.4
6.308e-05 -5.52 -0.4
6.312e-05 -5.52 -0.4
6.316e-05 -5.52 -0.32
6.32e-05 -5.44 -0.4
6.324e-05 -5.44 -0.32
6.328e-05 -5.36 -0.4
6.332e-05 -5.28 -0.4
6.336e-05 -5.2 -0.4
6.34e-05 -5.2 -0.32
6.344e-05 -5.2 -0.4
6.348e-05 -5.12 -0.48
6.352e-05 -5.04 -0.4
6.356e-05 -4.96 -0.4
6.36e-05 -4.88 -0.4
6.364e-05 -4.88 -0.48
6.368e-05 -4.8 -0.48
6.372e-05 -4.72 -0.48
6.376e-05 -4.56 -0.48
6.38e-05 -4.48 -0.48
6.384e-05 -4.48 -0.48
6.388e-05 -4.4 -0.4
6.392e-05 -4.32 -0.48
6.396e-05 -4.24 -0.48
6.4e-05 -4.16 -0.56
6.404e-05 -4.08 -0.48
6.408e-05 -3.92 -0.4
6.412e-05 -3.92 -0.48
6.416e-05 -3.84 -0.56
6.42e-05 -3.76 -0.48
6.424e-05 -3.76 -0.48
6.428e-05 -3.6 -0.4
6.432e-05 -3.52 -0.48
6.436e-05 -3.44 -0.56
6.44e-05 -3.36 -0.56
6.444e-05 -3.28 -0.48
6.448e-05 -3.12 -0.48
6.452e-05 -3.12 -0.56
6.456e-05 -2.96 -0.56
6.46e-05 -2.96 -0.56
6.464e-05 -2.8 -0.56
6.468e-05 -2.64 -0.56
6.472e-05 -2.64 -0.56
6.476e-05 -2.48 -0.48
6.48e-05 -2.4 -0.56
6.484e-05 -2.32 -0.56
6.488e-05 -2.24 -0.56
6.492e-05 -2 -0.56
6.496e-05 -2 -0.56
6.5e-05 -1.84 -0.56
6.504e-05 -1.84 -0.56
6.508e-05 -1.68 -0.56
6.512e-05 -1.6 -0.56
6.516e-05 -1.52 -0.48
6.52e-05 -1.36 -0.56
6.524e-05 -1.28 -0.56
6.528e-05 -1.2 -0.64
6.532e-05 -1.04 -0.56
6.536e-05 -0.96 -0.56
6.54e-05 -0.88 -0.56
6.544e-05 -0.72 -0.56
6.548e-05 -0.64 -0.56
6.552e-05 -0.56 -0.56
6.556e-05 -0.4 -0.56
6.56e-05 -0.4 -0.56
6.564e-05 -0.24 -0.56
6.568e-05 0 -0.56
6.572e-05 0 -0.56
6.576e-05 0.16 -0.56
6.58e-05 0.32 -0.56
6.584e-05 0.32 -0.48
6.588e-05 0.48 -0.56
6.592e-05 0.56 -0.56
6.596e-05 0.72 -0.56
6.6e-05 0.72 -0.56
6.604e-05 0.88 -0.56
6.608e-05 0.96 -0.48
6.612e-05 1.12 -0.56
6.616e-05 1.2 -0.56
6.62e-05 1.36 -0.48
6.624e-05 1.44 -0.4
6.628e-05 1.44 -0.48
6.632e-05 1.6 -0.56
6.636e-05 1.76 -0.4
6.64e-05 1.84 -0.48
6.644e-05 1.92 -0.56
6.648e-05 2 -0.56
6.652e-05 2.16 -0.56
6.656e-05 2.24 -0.48
6.66e-05 2.32 -0.56
6.664e-05 2.4 -0.48
6.668e-05 2.56 -0.48
6.672e-05 2.64 -0.4
6.676e-05 2.72 -0.48
6.68e-05 2.88 -0.48
6.684e-05 2.88 -0.48
6.688e-05 2.96 -0.48
6.692e-05 3.2 -0.4
6.696e-05 3.2 -0.4
6.7e-05 3.28 -0.4
6.704e-05 3.36 -0.48
6.708e-05 3.52 -0.4
6.712e-05 3.52 -0.4
6.716e-05 3.6 -0.48
6.72e-05 3.68 -0.4
6.724e-05 3.84 -0.4
6.728e-05 3.92 -0.32
6.732e-05 4 -0.32
6.736e-05 4 -0.4
6.74e-05 4.16 -0.4
6.744e-05 4.16 -0.4
6.748e-05 4.24 -0.4
6.752e-05 4.32 -0.32
6.756e-05 4.48 -0.32
6.76e-05 4.48 -0.32
6.764e-05 4.56 -0.32
6.768e-05 4.64 -0.32
6.772e-05 4.72 -0.32
6.776e-05 4.8 -0.32
6.78e-05 4.8 -0.32
6.784e-05 4.96 -0.32
6.788e-05 4.96 -0.32
6.792e-05 5.04 -0.32
6.796e-05 5.12 -0.24
6.8e-05 5.12 -0.24
6.804e-05 5.2 -0.24
6.808e-05 5.28 -0.32
6.812e-05 5.28 -0.32
6.816e-05 5.28 -0.24
6.82e-05 5.44 -0.24
6.824e-05 5.44 -0.24
6.828e-05 5.44 -0.24
6.832e-05 5.52 -0.24
6.836e-05 5.52 -0.16
6.84e-05 5.52 -0.24
6.844e-05 5.6 -0.24
6.848e-05 5.6 -0.24
6.852e-05 5.76 0
6.856e-05 5.76 -0.24
6.86e-05 5.76 -0.16
6.864e-05 5.84 -0.16
6.868e-05 5.84 0
6.872e-05 5.84 -0.16
6.876e-05 5.84 -0.16
6.88e-05 5.92 -0.16
6.884e-05 5.92 0
6.888e-05 6 0
6.892e-05 6 0
6.896e-05 6 0
6.9e-05 6.08 0
6.904e-05 6.08 0
6.908e-05 6.08 0
6.912e-05 6 0
6.916e-05 6.08 0
6.92e-05 6 0.08
6.924e-05 5.92 0.08
6.928e-05 6.08 0
6.932e-05 6 0
6.936e-05 6 0
6.94e-05 6.08 0.08
6.944e-05 6.08 0
6.948e-05 6 0.08
6.952e-05 6.08 0.08
6.956e-05 6 0.08
6.96e-05 6 0.08
6.964e-05 5.92 0.08
6.968e-05 5.92 0.08
6.972e-05 5.84 0.16
6.976e-05 5.92 0.16
6.98e-05 5.84 0.08
6.984e-05 5.84 0.08
6.988e-05 5.84 0.16
6.992e-05 5.76 0.16
6.996e-05 5.76 0.16
7e-05 5.68 0.16
7.004e-05 5.6 0.16
7.008e-05 5.6 0.16
7.012e-05 5.6 0.24
7.016e-05 5.52 0.16
7.02e-05 5.44 0.16
7.024e-05 5.44 0.16
7.028e-05 5.44 0.16
7.032e-05 5.44 0.16
7.036e-05 5.36 0.16
7.04e-05 5.28 0.16
7.044e-05 5.2 0.24
7.048e-05 5.2 0.16
7.052e-05 5.12 0.24
7.056e-05 5.12 0.24
7.06e-05 4.96 0.24
7.064e-05 4.96 0.32
7.068e-05 4.88 0.24
7.072e-05 4.88 0.32
7.076e-05 4.8 0.32
7.08e-05 4.8 0.32
7.084e-05 4.64 0.32
7.088e-05 4.56 0.32
7.092e-05 4.48 0.32
7.096e-05 4.48 0.24
7.1e-05 4.32 0.32
7.104e-05 4.24 0.32
7.108e-05 4.16 0.32
7.112e-05 4.16 0.32
7.116e-05 4.08 0.32
7.12e-05 4 0.32
7.124e-05 3.84 0.32
7.128e-05 3.84 0.32
7.132e-05 3.68 0.32
7.136e-05 3.68 0.4
7.14e-05 3.6 0.32
7.144e-05 3.52 0.32
7.148e-05 3.36 0.32
7.152e-05 3.28 0.4
7.156e-05 3.2 0.4
7.16e-05 3.12 0.32
7.164e-05 3.04 0.32
7.168e-05 2.88 0.4
7.172e-05 2.88 0.4
7.176e-05 2.72 0.4
7.18e-05 2.64 0.32
7.184e-05 2.56 0.32
7.188e-05 2.48 0.4
7.192e-05 2.32 0.4
7.196e-05 2.24 0.32
7.2e-05 2.16 0.32
7.204e-05 2.08 0.4
7.208e-05 2 0.4
7.212e-05 1.76 0.4
7.216e-05 1.76 0.4
7.22e-05 1.6 0.32
7.224e-05 1.6 0.4
7.228e-05 1.44 0.32
7.232e-05 1.36 0.4
7.236e-05 1.28 0.4
7.24e-05 1.12 0.4
7.244e-05 1.04 0.4
7.248e-05 0.96 0.4
7.252e-05 0.8 0.4
7.256e-05 0.64 0.4
7.26e-05 0.64 0.4
7.264e-05 0.48 0.4
7.268e-05 0.4 0.4
7.272e-05 0.32 0.32
7.276e-05 0.16 0.4
7.28e-05 0.08 0.4
7.284e-05 0 0.32
7.288e-05 -0.16 0.32
7.292e-05 -0.32 0.4
7.296e-05 -0.4 0.32
7.3e-05 -0.56 0.4
7.304e-05 -0.64 0.32
7.308e-05 -0.72 0.4
7.312e-05 -0.88 0.32
7.316e-05 -0.96 0.4
7.32e-05 -1.04 0.32
7.324e-05 -1.2 0.32
7.328e-05 -1.28 0.32
7.332e-05 -1.36 0.4
7.336e-05 -1.52 0.32
7.34e-05 -1.6 0.32
7.344e-05 -1.68 0.4
7.348e-05 -1.84 0.32
7.352e-05 -1.92 0.32
7.356e-05 -2 0.32
7.36e-05 -2.16 0.32
7.364e-05 -2.24 0.32
7.368e-05 -2.32 0.4
7.372e-05 -2.32 0.32
7.376e-05 -2.48 0.32
7.38e-05 -2.64 0.32
7.384e-05 -2.64 0.32
7.388e-05 -2.8 0.32
7.392e-05 -2.88 0.32
7.396e-05 -2.96 0.32
7.4e-05 -3.12 0.32
7.404e-05 -3.12 0.32
7.408e-05 -3.28 0.16
7.412e-05 -3.36 0.24
7.416e-05 -3.44 0.24
7.42e-05 -3.52 0.32
7.424e-05 -3.6 0.24
7.428e-05 -3.6 0.24
7.432e-05 -3.76 0.24
7.436e-05 -3.84 0.24
7.44e-05 -3.92 0.24
7.444e-05 -4 0.16
7.448e-05 -4.08 0.24
7.452e-05 -4.16 0.16
7.456e-05 -4.24 0.24
7.46e-05 -4.32 0.16
7.464e-05 -4.4 0.16
7.468e-05 -4.48 0.16
7.472e-05 -4.56 0.24
7.476e-05 -4.56 0.24
7.48e-05 -4.72 0.16
7.484e-05 -4.72 0.08
7.488e-05 -4.88 0.16
7.492e-05 -4.88 0.16
7.496e-05 -4.96 0.08
7.5e-05 -4.96 0.08
7.504e-05 -5.12 0.16
7.508e-05 -5.12 0.08
7.512e-05 -5.2 0.08
7.516e-05 -5.2 0.08
7.52e-05 -5.28 0.08
7.524e-05 -5.36 0.16
7.528e-05 -5.44 0.08
7.532e-05 -5.44 0.08
7.536e-05 -5.52 0
7.54e-05 -5.52 0.08
7.544e-05 -5.6 0.08
7.548e-05 -5.68 0
7.552e-05 -5.68 0
7.556e-05 -5.76 0
7.56e-05 -5.76 0
7.564e-05 -5.76 0
7.568e-05 -5.84 0
7.572e-05 -5.84 0
7.576e-05 -5.92 0
7.58e-05 -5.92 0
7.584e-05 -6 0
7.588e-05 -6 0
7.592e-05 -6 0
7.596e-05 -6 0
7.6e-05 -6.08 0
7.604e-05 -6.08 -0.16
7.608e-05 -6.08 -0.16
7.612e-05 -6.08 0
7.616e-05 -6.08 -0.16
7.62e-05 -6.16 -0.16
7.624e-05 -6.08 -0.16
7.628e-05 -6.16 -0.16
7.632e-05 -6.16 -0.16
7.636e-05 -6.16 -0.24
7.64e-05 -6.16 -0.24
7.644e-05 -6.16 -0.24
7.648e-05 -6.08 -0.16
7.652e-05 -6.16 -0.16
7.656e-05 -6.16 -0.24
7.66e-05 -6.16 -0.24
7.664e-05 -6.08 -0.32
7.668e-05 -6.08 -0.24
7.672e-05 -6.08 -0.32
7.676e-05 -6.08 -0.24
7.68e-05 -6 -0.24
7.684e-05 -6 -0.32
7.688e-05 -6 -0.24
7.692e-05 -6 -0.32
7.696e-05 -6 -0.32
7.7e-05 -6 -0.32
7.704e-05 -5.84 -0.24
7.708e-05 -5.84 -0.32
7.712e-05 -5.84 -0.32
7.716e-05 -5.84 -0.32
7.72e-05 -5.76 -0.32
7.724e-05 -5.76 -0.32
7.728e-05 -5.68 -0.4
7.732e-05 -5.68 -0.4
7.736e-05 -5.6 -0.4
7.74e-05 -5.52 -0.32
7.744e-05 -5.44 -0.4
7.748e-05 -5.44 -0.4
7.752e-05 -5.44 -0.32
7.756e-05 -5.36 -0.4
7.76e-05 -5.28 -0.32
7.764e-05 -5.2 -0.4
7.768e-05 -5.2 -0.4
7.772e-05 -5.12 -0.32
7.776e-05 -5.04 -0.4
7.78e-05 -5.04 -0.48
7.784e-05 -4.88 -0.48
7.788e-05 -4.88 -0.48
7.792e-05 -4.88 -0.4
7.796e-05 -4.8 -0.48
7.8e-05 -4.72 -0.4
7.804e-05 -4.56 -0.48
7.808e-05 -4.56 -0.4
7.812e-05 -4.48 -0.4
7.816e-05 -4.48 -0.48
7.82e-05 -4.4 -0.48
7.824e-05 -4.24 -0.48
7.828e-05 -4.16 -0.4
7.832e-05 -4.08 -0.48
7.836e-05 -4.08 -0.56
7.84e-05 -3.92 -0.48
7.844e-05 -3.92 -0.48
7.848e-05 -3.84 -0.48
7.852e-05 -3.76 -0.56
7.856e-05 -3.6 -0.56
7.86e-05 -3.52 -0.4
7.864e-05 -3.44 -0.48
7.868e-05 -3.36 -0.56
7.872e-05 -3.28 -0.56
7.876e-05 -3.12 -0.48
7.88e-05 -3.12 -0.48
7.884e-05 -2.96 -0.56
7.888e-05 -2.88 -0.56
7.892e-05 -2.8 -0.56
7.896e-05 -2.72 -0.48
7.9e-05 -2.64 -0.56
7.904e-05 -2.48 -0.56
7.908e-05 -2.4 -0.56
7.912e-05 -2.32 -0.56
7.916e-05 -2.24 -0.48
7.92e-05 -2.16 -0.56
7.924e-05 -2 -0.56
7.928e-05 -1.92 -0.56
7.932e-05 -1.76 -0.56
7.936e-05 -1.68 -0.48
7.94e-05 -1.6 -0.56
7.944e-05 -1.52 -0.56
7.948e-05 -1.36 -0.64
7.952e-05 -1.36 -0.48
7.956e-05 -1.28 -0.56
7.96e-05 -1.04 -0.56
7.964e-05 -1.04 -0.56
7.968e-05 -0.88 -0.56
7.972e-05 -0.72 -0.56
7.976e-05 -0.64 -0.64
7.98e-05 -0.56 -0.56
7.984e-05 -0.4 -0.48
7.988e-05 -0.32 -0.48
7.992e-05 -0.24 -0.56
7.996e-05 0 -0.56
8e-05 0 -0.56
8.004e-05 0.16 -0.48
8.008e-05 0.32 -0.56
8.012e-05 0.32 -0.64
8.016e-05 0.48 -0.56
8.02e-05 0.56 -0.48
8.024e-05 0.72 -0.48
8.028e-05 0.8 -0.56
8.032e-05 0.96 -0.56
8.036e-05 1.04 -0.56
8.04e-05 1.12 -0.56
8.044e-05 1.2 -0.48
8.048e-05 1.28 -0.56
8.052e-05 1.44 -0.56
8.056e-05 1.6 -0.48
8.06e-05 1.68 -0.56
8.064e-05 1.68 -0.56
8.068e-05 1.84 -0.56
8.072e-05 1.92 -0.48
8.076e-05 2 -0.48
8.08e-05 2.08 -0.48
8.084e-05 2.24 -0.56
8.088e-05 2.32 -0.48
8.092e-05 2.4 -0.4
8.096e-05 2.56 -0.4
8.1e-05 2.56 -0.48
8.104e-05 2.72 -0.48
8.108e-05 2.88 -0.56
8.112e-05 2.88 -0.4
8.116e-05 2.96 -0.4
8.12e-05 3.04 -0.48
8.124e-05 3.2 -0.4
8.128e-05 3.28 -0.4
8.132e-05 3.36 -0.4
8.136e-05 3.44 -0.48
8.14e-05 3.52 -0.48
8.144e-05 3.6 -0.48
8.148e-05 3.68 -0.4
8.152e-05 3.84 -0.4
8.156e-05 3.84 -0.4
8.16e-05 3.92 -0.4
8.164e-05 4.08 -0.32
8.168e-05 4.16 -0.4
8.172e-05 4.16 -0.4
8.176e-05 4.32 -0.4
8.18e-05 4.32 -0.32
8.184e-05 4.48 -0.32
8.188e-05 4.48 -0.32
8.192e-05 4.56 -0.32
8.196e-05 4.64 -0.4
8.2e-05 4.72 -0.32
8.204e-05 4.8 -0.32
8.208e-05 4.8 -0.4
8.212e-05 4.96 -0.32
8.216e-05 4.96 -0.24
8.22e-05 4.96 -0.24
8.224e-05 5.12 -0.24
8.228e-05 5.12 -0.32
8.232e-05 5.12 -0.32
8.236e-05 5.2 -0.24
8.24e-05 5.28 -0.32
8.244e-05 5.28 -0.24
8.248e-05 5.44 -0.24
8.252e-05 5.44 -0.24
8.256e-05 5.44 -0.24
8.26e-05 5.52 -0.24
8.264e-05 5.52 -0.24
8.268e-05 5.6 -0.24
8.272e-05 5.6 -0.24
8.276e-05 5.68 -0.24
8.28e-05 5.76 -0.24
8.284e-05 5.76 -0.16
8.288e-05 5.76 0
8.292e-05 5.76 -0.16
8.296e-05 5.76 -0.16
8.3e-05 5.84 -0.16
8.304e-05 5.92 0
8.308e-05 5.92 -0.16
8.312e-05 5.92 0
8.316e-05 5.92 0
8.32e-05 5.92 0
8.324e-05 5.92 0
8.328e-05 5.92 0
8.332e-05 6 0
8.336e-05 6 0
8.34e-05 6 0
8.344e-05 6.08 0
8.348e-05 6 0
8.352e-05 6.08 0
8.356e-05 6.08 0.08
8.36e-05 6 0.08
8.364e-05 6.08 0
8.368e-05 5.92 0
8.372e-05 5.92 0.08
8.376e-05 6 0.08
8.38e-05 6 0.08
8.384e-05 5.92 0
8.388e-05 5.92 0.08
8.392e-05 5.92 0.08
8.396e-05 5.92 0.16
8.4e-05 5.92 0.08
8.404e-05 5.92 0.08
8.408e-05 5.84 0.16
8.412e-05 5.84 0.16
8.416e-05 5.84 0.16
8.42e-05 5.76 0.08
8.424e-05 5.76 0.16
8.428e-05 5.76 0.08
8.432e-05 5.68 0.16
8.436e-05 5.6 0.16
8.44e-05 5.6 0.16
8.444e-05 5.6 0.24
8.448e-05 5.44 0.24
8.452e-05 5.44 0.16
8.456e-05 5.44 0.16
8.46e-05 5.44 0.16
8.464e-05 5.28 0.32
8.468e-05 5.28 0.16
8.472e-05 5.2 0.24
8.476e-05 5.12 0.24
8.48e-05 5.12 0.24
8.484e-05 5.12 0.32
8.488e-05 5.04 0.24
8.492e-05 4.96 0.32
8.496e-05 4.88 0.32
8.5e-05 4.8 0.32
8.504e-05 4.8 0.32
8.508e-05 4.8 0.24
8.512e-05 4.64 0.32
8.516e-05 4.56 0.32
8.52e-05 4.56 0.32
8.524e-05 4.48 0.32
8.528e-05 4.32 0.32
8.532e-05 4.32 0.32
8.536e-05 4.24 0.32
8.54e-05 4.16 0.32
8.544e-05 4 0.32
8.548e-05 4 0.32
8.552e-05 3.92 0.32
8.556e-05 3.84 0.4
8.56e-05 3.76 0.4
8.564e-05 3.6 0.32
8.568e-05 3.6 0.4
8.572e-05 3.52 0.4
8.576e-05 3.44 0.4
8.58e-05 3.36 0.32
8.584e-05 3.2 0.32
8.588e-05 3.12 0.32
8.592e-05 3.04 0.4
8.596e-05 2.88 0.4
8.6e-05 2.88 0.32
8.604e-05 2.8 0.4
8.608e-05 2.64 0.4
8.612e-05 2.56 0.32
8.616e-05 2.4 0.4
8.62e-05 2.4 0.32
8.624e-05 2.24 0.48
8.628e-05 2.24 0.4
8.632e-05 2.08 0.4
8.636e-05 1.92 0.4
8.64e-05 1.92 0.4
8.644e-05 1.76 0.4
8.648e-05 1.68 0.32
8.652e-05 1.6 0.4
8.656e-05 1.44 0.4
8.66e-05 1.36 0.4
8.664e-05 1.28 0.4
8.668e-05 1.12 0.32
8.672e-05 1.04 0.4
8.676e-05 0.96 0.32
8.68e-05 0.8 0.4
8.684e-05 0.72 0.4
8.688e-05 0.64 0.32
8.692e-05 0.48 0.4
8.696e-05 0.4 0.4
8.7e-05 0.32 0.4
8.704e-05 0.24 0.4
8.708e-05 0.08 0.32
8.712e-05 0 0.4
8.716e-05 -0.16 0.4
8.72e-05 -0.32 0.4
8.724e-05 -0.4 0.32
8.728e-05 -0.56 0.4
8.732e-05 -0.64 0.4
8.736e-05 -0.72 0.32
8.74e-05 -0.88 0.32
8.744e-05 -0.96 0.32
8.748e-05 -1.04 0.4
8.752e-05 -1.04 0.32
8.756e-05 -1.2 0.32
8.76e-05 -1.36 0.32
8.764e-05 -1.52 0.32
8.768e-05 -1.6 0.4
8.772e-05 -1.68 0.32
8.776e-05 -1.68 0.32
8.78e-05 -1.84 0.32
8.784e-05 -2 0.4
8.788e-05 -2 0.4
8.792e-05 -2.24 0.32
8.796e-05 -2.24 0.32
8.8e-05 -2.4 0.32
8.804e-05 -2.48 0.32
8.808e-05 -2.64 0.32
8.812e-05 -2.64 0.32
8.816e-05 -2.8 0.32
8.82e-05 -2.88 0.32
8.824e-05 -2.96 0.32
8.828e-05 -3.12 0.24
8.832e-05 -3.12 0.32
8.836e-05 -3.2 0.32
8.84e-05 -3.28 0.32
8.844e-05 -3.44 0.32
8.848e-05 -3.52 0.24
8.852e-05 -3.6 0.32
8.856e-05 -3.6 0.32
8.86e-05 -3.76 0.32
8.864e-05 -3.84 0.16
8.868e-05 -3.92 0.16
8.872e-05 -3.92 0.24
8.876e-05 -4.08 0.16
8.88e-05 -4.16 0.24
8.884e-05 -4.24 0.16
8.888e-05 -4.32 0.16
8.892e-05 -4.48 0.24
8.896e-05 -4.48 0.16
8.9e-05 -4.56 0.16
8.904e-05 -4.64 0.16
8.908e-05 -4.64 0.16
8.912e-05 -4.8 0.16
8.916e-05 -4.88 0.08
8.92e-05 -4.88 0.16
8.924e-05 -4.88 0.08
8.928e-05 -5.04 0.16
8.932e-05 -5.12 0.08
8.936e-05 -5.12 0.08
8.94e-05 -5.2 0.16
8.944e-05 -5.2 0.16
8.948e-05 -5.28 0.16
8.952e-05 -5.36 0.08
8.956e-05 -5.36 0.08
8.96e-05 -5.44 0.08
8.964e-05 -5.44 0.16
8.968e-05 -5.52 0
8.972e-05 -5.68 0.08
8.976e-05 -5.6 0.08
8.98e-05 -5.68 0
8.984e-05 -5.68 0.08
8.988e-05 -5.76 0
8.992e-05 -5.84 0
8.996e-05 -5.84 0
9e-05 -5.84 0
9.004e-05 -5.84 0
9.008e-05 -5.92 0
9.012e-05 -5.92 0
9.016e-05 -6 0
9.02e-05 -6 0
9.024e-05 -6.08 -0.16
9.028e-05 -6.08 -0.16
9.032e-05 -6.08 0
9.036e-05 -6.08 0
9.04e-05 -6.08 -0.16
9.044e-05 -6.08 -0.16
9.048e-05 -6.08 0
9.052e-05 -6.08 -0.16
9.056e-05 -6.16 -0.24
9.06e-05 -6.08 -0.24
9.064e-05 -6.16 -0.16
9.068e-05 -6.16 -0.16
9.072e-05 -6.08 -0.16
9.076e-05 -6.16 -0.24
9.08e-05 -6.16 -0.24
9.084e-05 -6.16 -0.24
9.088e-05 -6.08 -0.16
9.092e-05 -6.08 -0.24
9.096e-05 -6.08 -0.24
9.1e-05 -6.08 -0.24
9.104e-05 -6.08 -0.24
9.108e-05 -6 -0.24
9.112e-05 -6.08 -0.32
9.116e-05 -6 -0.32
9.12e-05 -6 -0.24
9.124e-05 -6 -0.24
9.128e-05 -6 -0.32
9.132e-05 -5.84 -0.32
9.136e-05 -5.84 -0.32
9.14e-05 -5.84 -0.32
9.144e-05 -5.76 -0.32
9.148e-05 -5.76 -0.32
9.152e-05 -5.76 -0.4
9.156e-05 -5.68 -0.32
9.16e-05 -5.68 -0.4
9.164e-05 -5.52 -0.32
9.168e-05 -5.52 -0.4
9.172e-05 -5.52 -0.4
9.176e-05 -5.52 -0.4
9.18e-05 -5.44 -0.4
9.184e-05 -5.36 -0.4
9.188e-05 -5.36 -0.4
9.192e-05 -5.2 -0.4
9.196e-05 -5.2 -0.4
9.2e-05 -5.2 -0.4
9.204e-05 -5.12 -0.4
9.208e-05 -5.04 -0.4
9.212e-05 -4.96 -0.4
9.216e-05 -4.96 -0.48
9.22e-05 -4.8 -0.4
9.224e-05 -4.8 -0.4
9.228e-05 -4.72 -0.4
9.232e-05 -4.64 -0.4
9.236e-05 -4.56 -0.48
9.24e-05 -4.48 -0.48
9.244e-05 -4.4 -0.4
9.248e-05 -4.32 -0.4
9.252e-05 -4.24 -0.48
9.256e-05 -4.16 -0.48
9.26e-05 -4.16 -0.48
9.264e-05 -4.08 -0.48
9.268e-05 -3.92 -0.48
9.272e-05 -3.92 -0.56
9.276e-05 -3.76 -0.56
9.28e-05 -3.76 -0.56
9.284e-05 -3.6 -0.56
9.288e-05 -3.6 -0.56
9.292e-05 -3.44 -0.56
9.296e-05 -3.44 -0.48
9.3e-05 -3.28 -0.56
9.304e-05 -3.12 -0.56
9.308e-05 -3.12 -0.56
9.312e-05 -2.96 -0.56
9.316e-05 -2.88 -0.48
9.32e-05 -2.8 -0.56
9.324e-05 -2.64 -0.56
9.328e-05 -2.64 -0.56
9.332e-05 -2.56 -0.56
9.336e-05 -2.4 -0.56
9.34e-05 -2.32 -0.56
9.344e-05 -2.24 -0.56
9.348e-05 -2.16 -0.56
9.352e-05 -2 -0.48
9.356e-05 -1.92 -0.48
9.36e-05 -1.84 -0.56
9.364e-05 -1.68 -0.48
9.368e-05 -1.6 -0.56
9.372e-05 -1.52 -0.56
9.376e-05 -1.36 -0.56
9.38e-05 -1.36 -0.64
9.384e-05 -1.2 -0.56
9.388e-05 -1.04 -0.56
9.392e-05 -0.96 -0.56
9.396e-05 -0.88 -0.56
9.4e-05 -0.8 -0.56
9.404e-05 -0.72 -0.56
9.408e-05 -0.64 -0.48
9.412e-05 -0.4 -0.56
9.416e-05 -0.4 -0.56
9.42e-05 -0.24 -0.48
9.424e-05 -0.16 -0.48
9.428e-05 0.08 -0.56
9.432e-05 0.08 -0.56
9.436e-05 0.24 -0.56
9.44e-05 0.4 -0.56
9.444e-05 0.4 -0.56
9.448e-05 0.48 -0.56
9.452e-05 0.64 -0.56
9.456e-05 0.8 -0.56
9.46e-05 0.96 -0.56
9.464e-05 0.96 -0.56
9.468e-05 1.12 -0.56
9.472e-05 1.28 -0.56
9.476e-05 1.28 -0.48
9.48e-05 1.44 -0.48
9.484e-05 1.44 -0.56
9.488e-05 1.6 -0.48
9.492e-05 1.68 -0.48
9.496e-05 1.76 -0.48
9.5e-05 1.92 -0.56
9.504e-05 2 -0.56
9.508e-05 2.08 -0.48
9.512e-05 2.24 -0.48
9.516e-05 2.32 -0.4
9.52e-05 2.4 -0.56
9.524e-05 2.56 -0.48
9.528e-05 2.56 -0.48
9.532e-05 2.64 -0.4
9.536e-05 2.8 -0.4
9.54e-05 2.88 -0.4
9.544e-05 2.96 -0.4
9.548e-05 3.04 -0.4
9.552e-05 3.2 -0.48
9.556e-05 3.28 -0.48
9.56e-05 3.36 -0.4
9.564e-05 3.36 -0.4
9.568e-05 3.52 -0.4
9.572e-05 3.6 -0.4
9.576e-05 3.68 -0.4
9.58e-05 3.84 -0.4
9.584e-05 3.84 -0.4
9.588e-05 3.92 -0.4
9.592e-05 4 -0.4
9.596e-05 4.16 -0.4
9.6e-05 4.16 -0.32
9.604e-05 4.24 -0.4
9.608e-05 4.32 -0.32
9.612e-05 4.32 -0.4
9.616e-05 4.48 -0.32
9.62e-05 4.56 -0.32
9.624e-05 4.64 -0.4
9.628e-05 4.64 -0.32
9.632e-05 4.8 -0.32
9.636e-05 4.88 -0.32
9.64e-05 4.88 -0.32
9.644e-05 4.96 -0.32
9.648e-05 4.96 -0.32
9.652e-05 5.12 -0.32
9.656e-05 5.12 -0.32
9.66e-05 5.2 -0.32
9.664e-05 5.2 -0.24
9.668e-05 5.28 -0.24
9.672e-05 5.36 -0.24
9.676e-05 5.36 -0.24
9.68e-05 5.44 -0.32
9.684e-05 5.44 -0.24
9.688e-05 5.44 -0.16
9.692e-05 5.52 -0.16
9.696e-05 5.6 -0.24
9.7e-05 5.6 -0.24
9.704e-05 5.68 0
9.708e-05 5.76 -0.16
9.712e-05 5.76 -0.16
9.716e-05 5.76 -0.24
9.72e-05 5.76 -0.16
9.724e-05 5.84 -0.16
9.728e-05 5.84 -0.16
9.732e-05 5.84 -0.16
9.736e-05 5.84 -0.16
9.74e-05 5.92 0
9.744e-05 5.92 0
9.748e-05 5.92 -0.16
9.752e-05 5.92 0
9.756e-05 5.92 0
9.76e-05 6.08 0
9.764e-05 6 0
9.768e-05 6.08 0
9.772e-05 6.08 0
9.776e-05 6 0
9.78e-05 6.08 0
9.784e-05 6.08 -0.16
9.788e-05 6 0
9.792e-05 6.08 0.08
9.796e-05 6 0.08
9.8e-05 6 0.08
9.804e-05 6 0
9.808e-05 5.92 0.08
9.812e-05 5.92 0.08
9.816e-05 5.92 0.08
9.82e-05 5.92 0.16
9.824e-05 5.92 0.08
9.828e-05 5.84 0.16
9.832e-05 5.84 0.16
9.836e-05 5.84 0.16
9.84e-05 5.84 0.08
9.844e-05 5.76 0.08
9.848e-05 5.76 0.08
9.852e-05 5.76 0.08
9.856e-05 5.76 0.16
9.86e-05 5.68 0.16
9.864e-05 5.6 0.16
9.868e-05 5.6 0.24
9.872e-05 5.52 0.16
9.876e-05 5.52 0.16
9.88e-05 5.44 0.16
9.884e-05 5.44 0.24
9.888e-05 5.28 0.16
9.892e-05 5.28 0.24
9.896e-05 5.28 0.16
9.9e-05 5.2 0.24
9.904e-05 5.2 0.32
9.908e-05 5.2 0.16
9.912e-05 5.12 0.16
9.916e-05 4.96 0.32
9.92e-05 4.96 0.32
9.924e-05 4.96 0.32
9.928e-05 4.8 0.32
9.932e-05 4.8 0.32
9.936e-05 4.8 0.32
9.94e-05 4.64 0.32
9.944e-05 4.64 0.32
9.948e-05 4.56 0.32
9.952e-05 4.48 0.32
9.956e-05 4.4 0.32
9.96e-05 4.24 0.32
9.964e-05 4.24 0.32
9.968e-05 4.16 0.32
9.972e-05 4 0.32
9.976e-05 4 0.32
9.98e-05 3.92 0.32
9.984e-05 3.84 0.32
9.988e-05 3.76 0.4
9.992e-05 3.68 0.4
9.996e-05 3.52 0.32
0.0001 3.52 0.32
0.00010004 3.36 0.32
0.00010008 3.28 0.4
0.00010012 3.2 0.32
0.00010016 3.2 0.32
0.0001002 3.04 0.4
0.00010024 2.96 0.4
0.00010028 2.88 0.4
0.00010032 2.72 0.32
0.00010036 2.72 0.4
0.0001004 2.56 0.4
0.00010044 2.4 0.4
0.00010048 2.4 0.4
0.00010052 2.24 0.32
0.00010056 2.24 0.4
0.0001006 2.08 0.4
0.00010064 1.92 0.4
0.00010068 1.92 0.32
0.00010072 1.76 0.4
0.00010076 1.68 0.4
0.0001008 1.6 0.4
0.00010084 1.44 0.4
0.00010088 1.36 0.32
0.00010092 1.28 0.4
0.00010096 1.12 0.4
0.000101 1.04 0.4
0.00010104 0.96 0.32
0.00010108 0.8 0.4
0.00010112 0.72 0.4
0.00010116 0.64 0.4
0.0001012 0.48 0.4
0.00010124 0.4 0.4
0.00010128 0.32 0.32
0.00010132 0.24 0.4
0.00010136 0.08 0.32
0.0001014 0 0.32
0.00010144 0 0.4
0.00010148 -0.24 0.4
0.00010152 -0.4 0.4
0.00010156 -0.48 0.32
0.0001016 -0.64 0.32
0.00010164 -0.72 0.32
0.00010168 -0.88 0.4
0.00010172 -0.96 0.32
0.00010176 -1.04 0.32
0.0001018 -1.2 0.32
0.00010184 -1.2 0.32
0.00010188 -1.36 0.4
0.00010192 -1.52 0.32
0.00010196 -1.6 0.32
0.000102 -1.68 0.32
0.00010204 -1.68 0.32
0.00010208 -1.84 0.32
0.00010212 -2 0.32
0.00010216 -2.08 0.4
0.0001022 -2.24 0.32
0.00010224 -2.32 0.32
0.00010228 -2.32 0.32
0.00010232 -2.48 0.32
0.00010236 -2.56 0.32
0.0001024 -2.64 0.32
0.00010244 -2.72 0.32
0.00010248 -2.8 0.32
0.00010252 -2.88 0.32
0.00010256 -2.96 0.24
0.0001026 -3.12 0.32
0.00010264 -3.2 0.32
0.00010268 -3.28 0.32
0.00010272 -3.44 0.32
0.00010276 -3.52 0.32
0.0001028 -3.6 0.24
0.00010284 -3.6 0.24
0.00010288 -3.76 0.16
0.00010292 -3.84 0.24
0.00010296 -3.92 0.24
0.000103 -4 0.24
0.00010304 -4.08 0.16
0.00010308 -4.16 0.24
0.00010312 -4.24 0.24
0.00010316 -4.32 0.16
0.0001032 -4.4 0.16
0.00010324 -4.48 0.16
0.00010328 -4.56 0.24
0.00010332 -4.64 0.16
0.00010336 -4.64 0.16
0.0001034 -4.72 0.16
0.00010344 -4.8 0.16
0.00010348 -4.88 0.16
0.00010352 -4.88 0.08
0.00010356 -5.04 0.08
0.0001036 -5.04 0.08
0.00010364 -5.12 0.16
0.00010368 -5.2 0.16
0.00010372 -5.2 0.08
0.00010376 -5.2 0.16
0.0001038 -5.36 0.16
0.00010384 -5.36 0.16
0.00010388 -5.44 0.08
0.00010392 -5.44 0
0.00010396 -5.52 0.08
0.000104 -5.52 0.08
0.00010404 -5.52 0
0.00010408 -5.68 0
0.00010412 -5.68 0
0.00010416 -5.76 0.08
0.0001042 -5.76 0
0.00010424 -5.84 0
0.00010428 -5.84 0
0.00010432 -5.84 0
0.00010436 -5.92 0
0.0001044 -5.84 0
0.00010444 -6 0
0.00010448 -6 0
0.00010452 -6.08 0
0.00010456 -6.08 -0.16
0.0001046 -6.08 -0.16
0.00010464 -6.08 -0.16
0.00010468 -6.08 0
0.00010472 -6.08 -0.16
0.00010476 -6.16 -0.24
0.0001048 -6.16 -0.16
0.00010484 -6.08 -0.16
0.00010488 -6.16 -0.16
0.00010492 -6.08 -0.16
0.00010496 -6.16 -0.16
0.000105 -6.16 -0.16
0.00010504 -6.16 -0.16
0.00010508 -6.16 -0.24
0.00010512 -6.16 -0.24
0.00010516 -6.08 -0.24
0.0001052 -6.08 -0.24
0.00010524 -6.08 -0.24
0.00010528 -6.08 -0.24
0.00010532 -6.08 -0.32
0.00010536 -6 -0.32
0.0001054 -6.08 -0.24
0.00010544 -6 -0.32
0.00010548 -6 -0.32
0.00010552 -6 -0.32
0.00010556 -5.92 -0.24
0.0001056 -5.84 -0.32
0.00010564 -5.84 -0.32
0.00010568 -5.84 -0.32
0.00010572 -5.84 -0.32
0.00010576 -5.76 -0.32
0.0001058 -5.76 -0.32
0.00010584 -5.68 -0.32
0.00010588 -5.68 -0.32
0.00010592 -5.6 -0.4
0.00010596 -5.6 -0.32
0.000106 -5.52 -0.4
0.00010604 -5.52 -0.4
0.00010608 -5.44 -0.32
0.00010612 -5.36 -0.32
0.00010616 -5.36 -0.4
0.0001062 -5.2 -0.4
0.00010624 -5.2 -0.4
0.00010628 -5.12 -0.4
0.00010632 -5.12 -0.4
0.00010636 -5.04 -0.48
0.0001064 -5.04 -0.48
0.00010644 -4.88 -0.4
0.00010648 -4.88 -0.48
0.00010652 -4.8 -0.4
0.00010656 -4.72 -0.48
0.0001066 -4.72 -0.48
0.00010664 -4.56 -0.4
0.00010668 -4.48 -0.48
0.00010672 -4.48 -0.48
0.00010676 -4.4 -0.48
0.0001068 -4.24 -0.48
0.00010684 -4.16 -0.48
0.00010688 -4.16 -0.48
0.00010692 -4.08 -0.56
0.00010696 -3.92 -0.48
0.000107 -3.92 -0.48
0.00010704 -3.84 -0.56
0.00010708 -3.76 -0.56
0.00010712 -3.6 -0.48
0.00010716 -3.6 -0.48
0.0001072 -3.52 -0.48
0.00010724 -3.44 -0.56
0.00010728 -3.28 -0.56
0.00010732 -3.2 -0.56
0.00010736 -3.12 -0.48
0.0001074 -2.96 -0.56
0.00010744 -2.96 -0.56
0.00010748 -2.88 -0.56
0.00010752 -2.8 -0.56
0.00010756 -2.64 -0.56
0.0001076 -2.56 -0.64
0.00010764 -2.48 -0.56
0.00010768 -2.32 -0.56
0.00010772 -2.24 -0.56
0.00010776 -2.16 -0.56
0.0001078 -2 -0.48
0.00010784 -1.92 -0.56
0.00010788 -1.84 -0.56
0.00010792 -1.68 -0.56
0.00010796 -1.68 -0.56
0.000108 -1.52 -0.56
0.00010804 -1.36 -0.56
0.00010808 -1.36 -0.56
0.00010812 -1.2 -0.56
0.00010816 -1.12 -0.56
0.0001082 -1.04 -0.56
0.00010824 -0.96 -0.56
0.00010828 -0.8 -0.56
0.00010832 -0.72 -0.56
0.00010836 -0.64 -0.56
0.0001084 -0.56 -0.56
0.00010844 -0.4 -0.48
0.00010848 -0.24 -0.56
0.00010852 0 -0.56
0.00010856 0 -0.56
0.0001086 0.16 -0.56
0.00010864 0.24 -0.56
0.00010868 0.4 -0.48
0.00010872 0.48 -0.56
0.00010876 0.48 -0.56
0.0001088 0.64 -0.56
0.00010884 0.72 -0.56
0.00010888 0.88 -0.56
0.00010892 0.96 -0.56
0.00010896 1.04 -0.48
0.000109 1.2 -0.56
0.00010904 1.28 -0.48
0.00010908 1.44 -0.48
0.00010912 1.52 -0.48
0.00010916 1.6 -0.56
0.0001092 1.68 -0.48
0.00010924 1.76 -0.48
0.00010928 1.92 -0.48
0.00010932 2 -0.48
0.00010936 2.08 -0.48
0.0001094 2.24 -0.56
0.00010944 2.24 -0.48
0.00010948 2.4 -0.4
0.00010952 2.56 -0.48
0.00010956 2.56 -0.48
0.0001096 2.72 -0.48
0.00010964 2.8 -0.4
0.00010968 2.88 -0.4
0.00010972 2.96 -0.4
0.00010976 3.04 -0.48
0.0001098 3.12 -0.4
0.00010984 3.28 -0.4
0.00010988 3.36 -0.48
0.00010992 3.44 -0.4
0.00010996 3.52 -0.4
0.00011 3.6 -0.4
0.00011004 3.68 -0.4
0.00011008 3.84 -0.48
0.00011012 3.84 -0.4
0.00011016 3.92 -0.4
0.0001102 4 -0.32
0.00011024 4.16 -0.4
0.00011028 4.16 -0.4
0.00011032 4.24 -0.4
0.00011036 4.24 -0.32
0.0001104 4.4 -0.32
0.00011044 4.48 -0.4
0.00011048 4.56 -0.4
0.00011052 4.64 -0.32
0.00011056 4.64 -0.32
0.0001106 4.8 -0.32
0.00011064 4.8 -0.32
0.00011068 4.88 -0.24
0.00011072 4.96 -0.32
0.00011076 4.96 -0.32
0.0001108 5.12 -0.24
0.00011084 5.12 -0.32
0.00011088 5.12 -0.24
0.00011092 5.2 -0.24
0.00011096 5.2 -0.24
0.000111 5.36 -0.24
0.00011104 5.36 -0.24
0.00011108 5.44 -0.24
0.00011112 5.44 -0.24
0.00011116 5.44 -0.32
0.0001112 5.6 -0.24
0.00011124 5.6 -0.24
0.00011128 5.6 -0.16
0.00011132 5.6 -0.16
0.00011136 5.76 -0.24
0.0001114 5.76 -0.24
0.00011144 5.76 0
0.00011148 5.84 -0.16
0.00011152 5.84 -0.16
0.00011156 5.84 -0.16
0.0001116 5.92 -0.16
0.00011164 5.84 0
0.00011168 5.92 -0.24
0.00011172 5.92 0
0.00011176 5.92 0
0.0001118 5.92 0
0.00011184 6 0
0.00011188 6 0
0.00011192 6 0
0.00011196 6.08 0
0.000112 6.08 0
0.00011204 6.08 0
0.00011208 6.08 0
0.00011212 6.08 0
0.00011216 6.08 0
0.0001122 6 0
0.00011224 6.08 0
0.00011228 5.92 0.08
0.00011232 6 0.08
0.00011236 5.92 0.08
0.0001124 6 0.08
0.00011244 5.92 0
0.00011248 6 0.16
0.00011252 5.92 0.08
0.00011256 5.92 0.16
0.0001126 5.92 0.08
0.00011264 5.84 0.16
0.00011268 5.84 0.16
0.00011272 5.76 0.08
0.00011276 5.76 0.08
0.0001128 5.76 0.16
0.00011284 5.76 0.16
0.00011288 5.6 0.16
0.00011292 5.6 0.08
0.00011296 5.6 0.16
0.000113 5.6 0.16
0.00011304 5.52 0.24
0.00011308 5.44 0.16
0.00011312 5.44 0.16
0.00011316 5.44 0.16
0.0001132 5.44 0.16
0.00011324 5.28 0.24
0.00011328 5.28 0.16
0.00011332 5.2 0.24
0.00011336 5.2 0.24
0.0001134 5.12 0.24
0.00011344 5.12 0.24
0.00011348 4.96 0.32
0.00011352 4.88 0.24
0.00011356 4.88 0.32
0.0001136 4.8 0.32
0.00011364 4.8 0.32
0.00011368 4.64 0.32
0.00011372 4.56 0.32
0.00011376 4.56 0.32
0.0001138 4.48 0.32
0.00011384 4.4 0.32
0.00011388 4.24 0.32
0.00011392 4.24 0.32
0.00011396 4.16 0.32
0.000114 4.16 0.32
0.00011404 4 0.32
0.00011408 3.92 0.4
0.00011412 3.84 0.32
0.00011416 3.84 0.32
0.0001142 3.68 0.4
0.00011424 3.6 0.32
0.00011428 3.52 0.32
0.00011432 3.52 0.32
0.00011436 3.28 0.32
0.0001144 3.2 0.32
0.00011444 3.2 0.32
0.00011448 3.04 0.32
0.00011452 2.96 0.32
0.00011456 2.88 0.4
0.0001146 2.72 0.4
0.00011464 2.64 0.4
0.00011468 2.56 0.32
0.00011472 2.48 0.32
0.00011476 2.4 0.4
0.0001148 2.32 0.4
0.00011484 2.24 0.4
0.00011488 2.08 0.32
0.00011492 2 0.4
0.00011496 1.92 0.4
0.000115 1.76 0.4
0.00011504 1.68 0.4
0.00011508 1.6 0.32
0.00011512 1.52 0.4
0.00011516 1.36 0.4
0.0001152 1.28 0.32
0.00011524 1.2 0.4
0.00011528 1.12 0.4
0.00011532 1.04 0.4
0.00011536 0.88 0.4
0.0001154 0.72 0.4
0.00011544 0.64 0.4
0.00011548 0.64 0.4
0.00011552 0.4 0.4
0.00011556 0.32 0.32
0.0001156 0.16 0.4
0.00011564 0.16 0.4
0.00011568 0.08 0.4
0.00011572 -0.16 0.4
0.00011576 -0.24 0.4
0.0001158 -0.4 0.4
0.00011584 -0.4 0.4
0.00011588 -0.56 0.4
0.00011592 -0.72 0.32
0.00011596 -0.8 0.32
0.000116 -0.96 0.4
0.00011604 -1.04 0.4
0.00011608 -1.12 0.4
0.00011612 -1.2 0.32
0.00011616 -1.36 0.32
0.0001162 -1.44 0.32
0.00011624 -1.52 0.32
0.00011628 -1.68 0.4
0.00011632 -1.68 0.32
0.00011636 -1.84 0.32
0.0001164 -1.92 0.4
0.00011644 -2 0.32
0.00011648 -2.16 0.4
0.00011652 -2.24 0.32
0.00011656 -2.32 0.32
0.0001166 -2.48 0.32
0.00011664 -2.56 0.32
0.00011668 -2.64 0.32
0.00011672 -2.72 0.32
0.00011676 -2.8 0.32
0.0001168 -2.88 0.32
0.00011684 -2.96 0.24
0.00011688 -3.12 0.32
0.00011692 -3.2 0.32
0.00011696 -3.28 0.32
0.000117 -3.44 0.24
0.00011704 -3.52 0.32
0.00011708 -3.6 0.24
0.00011712 -3.6 0.32
0.00011716 -3.76 0.24
0.0001172 -3.92 0.24
0.00011724 -3.84 0.24
0.00011728 -3.92 0.32
0.00011732 -4.08 0.24
0.00011736 -4.16 0.16
0.0001174 -4.16 0.24
0.00011744 -4.24 0.16
0.00011748 -4.4 0.16
0.00011752 -4.48 0.16
0.00011756 -4.48 0.16
0.0001176 -4.56 0.24
0.00011764 -4.72 0.24
0.00011768 -4.72 0.16
0.00011772 -4.8 0.08
0.00011776 -4.88 0.08
0.0001178 -4.88 0.16
0.00011784 -4.96 0.16
0.00011788 -5.04 0.16
0.00011792 -5.12 0.08
0.00011796 -5.2 0.16
0.000118 -5.2 0.08
0.00011804 -5.28 0.08
0.00011808 -5.36 0.08
0.00011812 -5.36 0.08
0.00011816 -5.44 0.16
0.0001182 -5.44 0.08
0.00011824 -5.52 0.08
0.00011828 -5.52 0.08
0.00011832 -5.6 0.08
0.00011836 -5.68 0.08
0.0001184 -5.68 0
0.00011844 -5.76 0
0.00011848 -5.76 0
0.00011852 -5.84 0.08
0.00011856 -5.84 0
0.0001186 -5.84 0
0.00011864 -5.84 0
0.00011868 -6 0
0.00011872 -6 0
0.00011876 -6 0
0.0001188 -6 0
0.00011884 -6 0
0.00011888 -6 0
0.00011892 -6.08 0
0.00011896 -6.08 -0.24
0.000119 -6.16 0
0.00011904 -6.16 -0.16
0.00011908 -6.16 -0.16
0.00011912 -6.08 -0.16
0.00011916 -6.16 -0.16
0.0001192 -6.16 -0.16
0.00011924 -6.16 0
0.00011928 -6.08 -0.16
0.00011932 -6.08 -0.24
0.00011936 -6.16 -0.24
0.0001194 -6.16 -0.24
0.00011944 -6.08 -0.24
0.00011948 -6.16 -0.24
0.00011952 -6.08 -0.32
0.00011956 -6.08 -0.24
0.0001196 -6.08 -0.24
0.00011964 -6 -0.32
0.00011968 -6 -0.24
0.00011972 -6 -0.24
0.00011976 -6 -0.32
0.0001198 -6 -0.24
0.00011984 -5.92 -0.32
0.00011988 -5.84 -0.32
0.00011992 -5.84 -0.24
0.00011996 -5.84 -0.32
0.00012 -5.84 -0.32
0.00012004 -5.76 -0.32
0.00012008 -5.68 -0.32
0.00012012 -5.68 -0.32
0.00012016 -5.68 -0.32
0.0001202 -5.6 -0.4
0.00012024 -5.52 -0.4
0.00012028 -5.52 -0.32
0.00012032 -5.44 -0.4
0.00012036 -5.44 -0.4
0.0001204 -5.36 -0.4
0.00012044 -5.36 -0.32
0.00012048 -5.28 -0.32
0.00012052 -5.2 -0.4
0.00012056 -5.2 -0.4
0.0001206 -5.12 -0.48
0.00012064 -5.12 -0.4
0.00012068 -5.04 -0.4
0.00012072 -4.88 -0.4
0.00012076 -4.88 -0.4
0.0001208 -4.88 -0.4
0.00012084 -4.72 -0.4
0.00012088 -4.72 -0.48
0.00012092 -4.56 -0.4
0.00012096 -4.48 -0.48
0.000121 -4.48 -0.4
0.00012104 -4.4 -0.4
0.00012108 -4.24 -0.48
0.00012112 -4.24 -0.56
0.00012116 -4.08 -0.48
0.0001212 -4.08 -0.48
0.00012124 -4 -0.56
0.00012128 -3.92 -0.56
0.00012132 -3.84 -0.48
0.00012136 -3.76 -0.48
0.0001214 -3.6 -0.48
0.00012144 -3.6 -0.56
0.00012148 -3.52 -0.48
0.00012152 -3.44 -0.48
0.00012156 -3.28 -0.48
0.0001216 -3.2 -0.56
0.00012164 -3.12 -0.56
0.00012168 -3.04 -0.56
0.00012172 -2.88 -0.56
0.00012176 -2.88 -0.48
0.0001218 -2.72 -0.56
0.00012184 -2.64 -0.56
0.00012188 -2.56 -0.56
0.00012192 -2.48 -0.56
0.00012196 -2.32 -0.56
0.000122 -2.24 -0.56
0.00012204 -2.16 -0.48
0.00012208 -2 -0.48
0.00012212 -1.92 -0.56
0.00012216 -1.84 -0.56
0.0001222 -1.76 -0.56
0.00012224 -1.68 -0.56
0.00012228 -1.6 -0.56
0.00012232 -1.44 -0.56
0.00012236 -1.36 -0.56
0.0001224 -1.28 -0.56
0.00012244 -1.12 -0.56
0.00012248 -1.04 -0.56
0.00012252 -0.96 -0.56
0.00012256 -0.88 -0.56
0.0001226 -0.72 -0.48
0.00012264 -0.64 -0.56
0.00012268 -0.56 -0.56
0.00012272 -0.4 -0.56
0.00012276 -0.24 -0.64
0.0001228 0 -0.56
0.00012284 0 -0.56
0.00012288 0.16 -0.56
0.00012292 0.24 -0.56
0.00012296 0.32 -0.56
0.000123 0.4 -0.56
0.00012304 0.64 -0.56
0.00012308 0.64 -0.48
0.00012312 0.72 -0.56
0.00012316 0.8 -0.48
0.0001232 0.96 -0.56
0.00012324 1.12 -0.48
0.00012328 1.12 -0.48
0.00012332 1.28 -0.56
0.00012336 1.36 -0.48
0.0001234 1.44 -0.56
0.00012344 1.6 -0.56
0.00012348 1.68 -0.56
0.00012352 1.76 -0.56
0.00012356 1.92 -0.48
0.0001236 1.92 -0.56
0.00012364 2.08 -0.48
0.00012368 2.16 -0.4
0.00012372 2.24 -0.56
0.00012376 2.4 -0.4
0.0001238 2.48 -0.48
0.00012384 2.56 -0.4
0.00012388 2.72 -0.48
0.00012392 2.8 -0.48
0.00012396 2.88 -0.48
0.000124 2.96 -0.48
0.00012404 3.04 -0.4
0.00012408 3.04 -0.48
0.00012412 3.2 -0.48
0.00012416 3.36 -0.4
0.0001242 3.44 -0.4
0.00012424 3.52 -0.4
0.00012428 3.6 -0.4
0.00012432 3.68 -0.4
0.00012436 3.68 -0.4
0.0001244 3.84 -0.4
0.00012444 3.84 -0.4
0.00012448 4 -0.4
0.00012452 4.08 -0.4
0.00012456 4.16 -0.4
0.0001246 4.16 -0.4
0.00012464 4.24 -0.4
0.00012468 4.32 -0.4
0.00012472 4.48 -0.32
0.00012476 4.48 -0.32
0.0001248 4.64 -0.4
0.00012484 4.64 -0.32
0.00012488 4.8 -0.24
0.00012492 4.8 -0.32
0.00012496 4.88 -0.4
0.000125 4.96 -0.32
0.00012504 4.96 -0.32
0.00012508 5.12 -0.24
0.00012512 5.12 -0.24
0.00012516 5.12 -0.32
0.0001252 5.2 -0.24
0.00012524 5.28 -0.24
0.00012528 5.36 -0.24
0.00012532 5.36 -0.24
0.00012536 5.44 -0.24
0.0001254 5.44 -0.24
0.00012544 5.52 -0.16
0.00012548 5.52 -0.16
0.00012552 5.6 -0.24
0.00012556 5.6 -0.24
0.0001256 5.68 -0.24
0.00012564 5.68 -0.16
0.00012568 5.76 -0.16
0.00012572 5.76 -0.16
0.00012576 5.76 0
0.0001258 5.84 -0.16
0.00012584 5.84 0
0.00012588 5.84 -0.24
0.00012592 5.92 0
0.00012596 5.92 0
0.000126 5.92 0
0.00012604 6 0
0.00012608 5.92 0
0.00012612 5.92 0
0.00012616 5.92 0.08
0.0001262 6 0
0.00012624 6 0
0.00012628 6.08 0
0.00012632 6.08 0.08
0.00012636 6.08 0
0.0001264 6.08 0.08
0.00012644 6.08 0
0.00012648 6.08 0
0.00012652 6 0
0.00012656 6.08 0
0.0001266 6.08 0.08
0.00012664 6 0.08
0.00012668 5.92 0.08
0.00012672 5.92 0.08
0.00012676 5.92 0.08
0.0001268 5.92 0.08
0.00012684 5.92 0.08
0.00012688 5.92 0.08
0.00012692 5.84 0.08
0.00012696 5.84 0.08
0.000127 5.84 0.16
0.00012704 5.76 0.16
0.00012708 5.76 0.16
0.00012712 5.76 0.08
0.00012716 5.76 0.16
0.0001272 5.6 0.16
0.00012724 5.6 0.16
0.00012728 5.6 0.16
0.00012732 5.52 0.16
0.00012736 5.44 0.16
0.0001274 5.44 0.24
0.00012744 5.44 0.24
0.00012748 5.44 0.16
0.00012752 5.28 0.16
0.00012756 5.28 0.24
0.0001276 5.2 0.24
0.00012764 5.12 0.24
0.00012768 5.12 0.32
0.00012772 5.12 0.32
0.00012776 4.96 0.32
0.0001278 4.96 0.32
0.00012784 4.96 0.32
0.00012788 4.8 0.32
0.00012792 4.8 0.4
0.00012796 4.72 0.32
0.000128 4.64 0.32
0.00012804 4.48 0.32
0.00012808 4.48 0.32
0.00012812 4.32 0.32
0.00012816 4.32 0.32
0.0001282 4.24 0.32
0.00012824 4.16 0.32
0.00012828 4.16 0.4
0.00012832 4 0.32
0.00012836 3.92 0.32
0.0001284 3.84 0.32
0.00012844 3.76 0.32
0.00012848 3.68 0.32
0.00012852 3.6 0.32
0.00012856 3.52 0.32
0.0001286 3.36 0.4
0.00012864 3.36 0.32
0.00012868 3.28 0.4
0.00012872 3.2 0.32
0.00012876 3.12 0.4
0.0001288 2.96 0.4
0.00012884 2.88 0.4
0.00012888 2.88 0.32
0.00012892 2.72 0.32
0.00012896 2.56 0.4
0.000129 2.56 0.4
0.00012904 2.4 0.4
0.00012908 2.32 0.32
0.00012912 2.24 0.4
0.00012916 2.08 0.4
0.0001292 2.08 0.4
0.00012924 1.92 0.32
0.00012928 1.76 0.4
0.00012932 1.68 0.4
0.00012936 1.6 0.4
0.0001294 1.52 0.32
0.00012944 1.36 0.4
0.00012948 1.28 0.4
0.00012952 1.28 0.4
0.00012956 1.04 0.32
0.0001296 0.96 0.4
0.00012964 0.88 0.4
0.00012968 0.8 0.4
0.00012972 0.64 0.4
0.00012976 0.64 0.32
0.0001298 0.4 0.32
0.00012984 0.32 0.4
0.00012988 0.32 0.4
0.00012992 0.16 0.4
0.00012996 0.08 0.32
0.00013 0 0.4
0.00013004 -0.24 0.4
0.00013008 -0.4 0.4
0.00013012 -0.4 0.32
0.00013016 -0.56 0.32
0.0001302 -0.72 0.4
0.00013024 -0.8 0.4
0.00013028 -0.88 0.32
0.00013032 -1.04 0.4
0.00013036 -1.04 0.32
0.0001304 -1.2 0.4
0.00013044 -1.28 0.32
0.00013048 -1.36 0.32
0.00013052 -1.52 0.32
0.00013056 -1.68 0.32
0.0001306 -1.68 0.32
0.00013064 -1.84 0.32
0.00013068 -1.92 0.32
0.00013072 -2 0.32
0.00013076 -2.16 0.4
0.0001308 -2.24 0.32
0.00013084 -2.32 0.32
0.00013088 -2.48 0.32
0.00013092 -2.56 0.32
0.00013096 -2.64 0.32
0.000131 -2.72 0.24
0.00013104 -2.8 0.32
0.00013108 -2.88 0.32
0.00013112 -2.96 0.32
0.00013116 -3.12 0.32
0.0001312 -3.2 0.32
0.00013124 -3.28 0.32
0.00013128 -3.44 0.32
0.00013132 -3.44 0.24
0.00013136 -3.6 0.24
0.0001314 -3.6 0.24
0.00013144 -3.76 0.24
0.00013148 -3.84 0.24
0.00013152 -3.92 0.24
0.00013156 -3.92 0.16
0.0001316 -4.08 0.24
0.00013164 -4.08 0.24
0.00013168 -4.24 0.16
0.00013172 -4.24 0.16
0.00013176 -4.4 0.16
0.0001318 -4.4 0.24
0.00013184 -4.48 0.24
0.00013188 -4.56 0.16
0.00013192 -4.64 0.16
0.00013196 -4.72 0.16
0.000132 -4.8 0.16
0.00013204 -4.8 0.16
0.00013208 -4.88 0.16
0.00013212 -4.96 0.16
0.00013216 -5.04 0.08
0.0001322 -5.12 0.16
0.00013224 -5.12 0.08
0.00013228 -5.2 0.08
0.00013232 -5.28 0.16
0.00013236 -5.2 0.16
0.0001324 -5.44 0.08
0.00013244 -5.44 0.08
0.00013248 -5.44 0.08
0.00013252 -5.44 0.08
0.00013256 -5.6 0.08
0.0001326 -5.6 0
0.00013264 -5.68 0.08
0.00013268 -5.68 0.08
0.00013272 -5.68 0.08
0.00013276 -5.76 0
0.0001328 -5.84 0
0.00013284 -5.84 0.08
0.00013288 -5.84 0
0.00013292 -5.92 0
0.00013296 -5.92 0
0.000133 -6 0
0.00013304 -6.08 0
0.00013308 -6 0
0.00013312 -6.08 -0.16
0.00013316 -6 -0.16
0.0001332 -6.08 0
0.00013324 -6.08 -0.16
0.00013328 -6.08 -0.24
0.00013332 -6.16 -0.16
0.00013336 -6.08 0
0.0001334 -6.16 -0.16
0.00013344 -6.16 0
0.00013348 -6.16 -0.24
0.00013352 -6.16 -0.16
0.00013356 -6.16 -0.24
0.0001336 -6.08 -0.16
0.00013364 -6.16 -0.24
0.00013368 -6.16 -0.24
0.00013372 -6.16 -0.24
0.00013376 -6.08 -0.16
0.0001338 -6.08 -0.24
0.00013384 -6.08 -0.24
0.00013388 -6.08 -0.24
0.00013392 -6.08 -0.24
0.00013396 -6 -0.24
0.000134 -6 -0.24
0.00013404 -6 -0.32
0.00013408 -6 -0.24
0.00013412 -5.92 -0.32
0.00013416 -5.92 -0.32
0.0001342 -5.84 -0.32
0.00013424 -5.84 -0.32
0.00013428 -5.84 -0.32
0.00013432 -5.76 -0.32
0.00013436 -5.76 -0.32
0.0001344 -5.76 -0.4
0.00013444 -5.68 -0.32
0.00013448 -5.68 -0.32
0.00013452 -5.52 -0.32
0.00013456 -5.52 -0.4
0.0001346 -5.44 -0.4
0.00013464 -5.44 -0.4
0.00013468 -5.36 -0.4
0.00013472 -5.36 -0.4
0.00013476 -5.28 -0.4
0.0001348 -5.2 -0.4
0.00013484 -5.12 -0.4
0.00013488 -5.12 -0.48
0.00013492 -5.04 -0.4
0.00013496 -4.96 -0.4
0.000135 -4.88 -0.4
0.00013504 -4.8 -0.4
0.00013508 -4.8 -0.48
0.00013512 -4.8 -0.48
0.00013516 -4.72 -0.4
0.0001352 -4.56 -0.4
0.00013524 -4.48 -0.48
0.00013528 -4.48 -0.48
0.00013532 -4.4 -0.4
0.00013536 -4.24 -0.4
0.0001354 -4.24 -0.48
0.00013544 -4.08 -0.56
0.00013548 -4.08 -0.48
0.00013552 -4 -0.48
0.00013556 -3.92 -0.48
0.0001356 -3.84 -0.48
0.00013564 -3.76 -0.48
0.00013568 -3.76 -0.48
0.00013572 -3.6 -0.48
0.00013576 -3.52 -0.48
0.0001358 -3.44 -0.48
0.00013584 -3.28 -0.56
0.00013588 -3.2 -0.48
0.00013592 -3.12 -0.48
0.00013596 -3.12 -0.56
0.000136 -2.96 -0.56
0.00013604 -2.88 -0.56
0.00013608 -2.8 -0.56
0.00013612 -2.64 -0.56
0.00013616 -2.56 -0.56
0.0001362 -2.48 -0.56
0.00013624 -2.32 -0.48
0.00013628 -2.24 -0.48
0.00013632 -2.16 -0.64
0.00013636 -2.08 -0.56
0.0001364 -2 -0.56
0.00013644 -1.84 -0.48
0.00013648 -1.84 -0.56
0.00013652 -1.68 -0.56
0.00013656 -1.52 -0.56
0.0001366 -1.44 -0.56
0.00013664 -1.36 -0.48
0.00013668 -1.28 -0.64
0.00013672 -1.04 -0.56
0.00013676 -1.04 -0.56
0.0001368 -0.96 -0.56
0.00013684 -0.8 -0.56
0.00013688 -0.72 -0.56
0.00013692 -0.64 -0.56
0.00013696 -0.56 -0.56
0.000137 -0.4 -0.56
0.00013704 -0.32 -0.56
0.00013708 -0.24 -0.56
0.00013712 0 -0.48
0.00013716 0.08 -0.56
0.0001372 0.16 -0.56
0.00013724 0.32 -0.56
0.00013728 0.32 -0.56
0.00013732 0.48 -0.56
0.00013736 0.64 -0.56
0.0001374 0.72 -0.56
0.00013744 0.88 -0.56
0.00013748 0.96 -0.48
0.00013752 1.04 -0.4
0.00013756 1.12 -0.48
0.0001376 1.28 -0.48
0.00013764 1.36 -0.56
0.00013768 1.44 -0.56
0.00013772 1.6 -0.56
0.00013776 1.68 -0.56
0.0001378 1.76 -0.48
0.00013784 1.92 -0.48
0.00013788 2 -0.56
0.00013792 2.08 -0.48
0.00013796 2.24 -0.48
0.000138 2.24 -0.48
0.00013804 2.4 -0.4
0.00013808 2.4 -0.48
0.00013812 2.56 -0.48
0.00013816 2.64 -0.48
0.0001382 2.8 -0.4
0.00013824 2.88 -0.4
0.00013828 2.88 -0.4
0.00013832 3.04 -0.48
0.00013836 3.2 -0.4
0.0001384 3.28 -0.4
0.00013844 3.36 -0.4
0.00013848 3.36 -0.48
0.00013852 3.52 -0.4
0.00013856 3.6 -0.4
0.0001386 3.68 -0.4
0.00013864 3.68 -0.4
0.00013868 3.84 -0.4
0.00013872 3.92 -0.4
0.00013876 4 -0.32
0.0001388 4.08 -0.4
0.00013884 4.16 -0.4
0.00013888 4.16 -0.4
0.00013892 4.24 -0.32
0.00013896 4.4 -0.32
0.000139 4.48 -0.4
0.00013904 4.48 -0.32
0.00013908 4.56 -0.24
0.00013912 4.64 -0.32
0.00013916 4.8 -0.32
0.0001392 4.8 -0.32
0.00013924 4.88 -0.32
0.00013928 4.88 -0.24
0.00013932 4.96 -0.32
0.00013936 5.12 -0.32
0.0001394 5.12 -0.32
0.00013944 5.12 -0.24
0.00013948 5.2 -0.24
0.00013952 5.28 -0.32
0.00013956 5.28 -0.24
0.0001396 5.28 -0.24
0.00013964 5.44 -0.24
0.00013968 5.44 -0.24
0.00013972 5.52 -0.16
0.00013976 5.6 0
0.0001398 5.6 -0.16
0.00013984 5.6 -0.24
0.00013988 5.6 -0.24
0.00013992 5.68 -0.24
0.00013996 5.76 0
0.00014 5.76 -0.16
0.00014004 5.76 -0.16
0.00014008 5.84 -0.16
0.00014012 5.84 -0.16
0.00014016 5.92 0
0.0001402 5.92 -0.16
0.00014024 5.92 -0.16
0.00014028 5.92 -0.16
0.00014032 5.92 0
0.00014036 6 0
0.0001404 6 0
0.00014044 6.08 0
0.00014048 6 0
0.00014052 6.08 0
0.00014056 6.08 0
0.0001406 6.08 0
0.00014064 6.08 0.08
0.00014068 6.08 0
0.00014072 6 0.08
0.00014076 6 0
0.0001408 6.08 0.08
0.00014084 6.08 0.08
0.00014088 6 0.08
0.00014092 6 0.08
0.00014096 5.92 0.08
0.000141 5.92 0.08
0.00014104 5.92 0.08
0.00014108 6 0.16
0.00014112 5.92 0.08
0.00014116 5.92 0.08
0.0001412 5.84 0.08
0.00014124 5.84 0.16
0.00014128 5.84 0.16
0.00014132 5.76 0.16
0.00014136 5.76 0.08
0.0001414 5.76 0.16
0.00014144 5.76 0.08
0.00014148 5.6 0.16
0.00014152 5.6 0.16
0.00014156 5.6 0.16
0.0001416 5.52 0.24
0.00014164 5.52 0.16
0.00014168 5.52 0.24
0.00014172 5.44 0.24
0.00014176 5.44 0.16
0.0001418 5.28 0.16
0.00014184 5.28 0.16
0.00014188 5.2 0.24
0.00014192 5.12 0.32
0.00014196 5.12 0.32
0.000142 5.12 0.24
0.00014204 4.96 0.24
0.00014208 4.96 0.32
0.00014212 4.88 0.32
0.00014216 4.8 0.32
0.0001422 4.8 0.32
0.00014224 4.64 0.32
0.00014228 4.64 0.32
0.00014232 4.56 0.32
0.00014236 4.48 0.32
0.0001424 4.48 0.32
0.00014244 4.32 0.24
0.00014248 4.24 0.32
0.00014252 4.16 0.32
0.00014256 4.16 0.32
0.0001426 4 0.4
0.00014264 3.92 0.32
0.00014268 3.84 0.32
0.00014272 3.84 0.32
0.00014276 3.68 0.32
0.0001428 3.68 0.4
0.00014284 3.6 0.32
0.00014288 3.44 0.4
0.00014292 3.44 0.32
0.00014296 3.28 0.32
0.000143 3.2 0.4
0.00014304 3.04 0.32
0.00014308 3.04 0.32
0.00014312 2.88 0.4
0.00014316 2.88 0.4
0.0001432 2.72 0.4
0.00014324 2.64 0.4
0.00014328 2.56 0.4
0.00014332 2.4 0.32
0.00014336 2.32 0.4
0.0001434 2.32 0.4
0.00014344 2.08 0.4
0.00014348 2 0.4
0.00014352 1.92 0.4
0.00014356 1.92 0.4
0.0001436 1.68 0.32
0.00014364 1.6 0.4
0.00014368 1.6 0.4
0.00014372 1.44 0.4
0.00014376 1.36 0.4
0.0001438 1.28 0.32
0.00014384 1.12 0.4
0.00014388 1.04 0.4
0.00014392 0.96 0.4
0.00014396 0.72 0.32
0.000144 0.64 0.32
0.00014404 0.56 0.4
0.00014408 0.48 0.4
0.00014412 0.4 0.4
0.00014416 0.32 0.32
0.0001442 0.16 0.32
0.00014424 0.08 0.4
0.00014428 0 0.4
0.00014432 -0.24 0.4
0.00014436 -0.32 0.4
0.0001444 -0.4 0.4
0.00014444 -0.56 0.4
0.00014448 -0.64 0.4
0.00014452 -0.8 0.32
0.00014456 -0.88 0.4
0.0001446 -0.96 0.4
0.00014464 -1.04 0.32
0.00014468 -1.2 0.32
0.00014472 -1.36 0.4
0.00014476 -1.36 0.4
0.0001448 -1.52 0.4
0.00014484 -1.6 0.32
0.00014488 -1.68 0.32
0.00014492 -1.76 0.32
0.00014496 -1.92 0.4
0.000145 -2 0.32
0.00014504 -2.16 0.32
0.00014508 -2.24 0.32
0.00014512 -2.32 0.4
0.00014516 -2.48 0.32
0.0001452 -2.56 0.32
0.00014524 -2.64 0.32
0.00014528 -2.72 0.32
0.00014532 -2.8 0.32
0.00014536 -2.88 0.32
0.0001454 -2.96 0.32
0.00014544 -3.04 0.32
0.00014548 -3.2 0.32
0.00014552 -3.28 0.32
0.00014556 -3.36 0.24
0.0001456 -3.52 0.24
0.00014564 -3.52 0.32
0.00014568 -3.6 0.32
0.00014572 -3.68 0.24
0.00014576 -3.76 0.16
0.0001458 -3.84 0.16
0.00014584 -3.92 0.32
0.00014588 -4.08 0.16
0.00014592 -4.08 0.16
0.00014596 -4.16 0.16
0.000146 -4.24 0.32
0.00014604 -4.4 0.24
0.00014608 -4.4 0.16
0.00014612 -4.48 0.24
0.00014616 -4.56 0.16
0.0001462 -4.72 0.16
0.00014624 -4.72 0.16
0.00014628 -4.8 0.08
0.00014632 -4.88 0.16
0.00014636 -4.88 0.16
0.0001464 -4.88 0.16
0.00014644 -5.04 0.08
0.00014648 -5.12 0.08
0.00014652 -5.12 0.16
0.00014656 -5.2 0.16
0.0001466 -5.2 0.08
0.00014664 -5.36 0.08
0.00014668 -5.36 0.16
0.00014672 -5.44 0.08
0.00014676 -5.44 0
0.0001468 -5.52 0.08
0.00014684 -5.52 0
0.00014688 -5.52 0.08
0.00014692 -5.6 0.08
0.00014696 -5.68 0
0.000147 -5.76 0.08
0.00014704 -5.76 0
0.00014708 -5.76 0
0.00014712 -5.84 0
0.00014716 -5.84 0
0.0001472 -5.84 0
0.00014724 -6 0
0.00014728 -5.92 0
0.00014732 -6 0
0.00014736 -6 0
0.0001474 -6 0
0.00014744 -6.08 0
0.00014748 -6.08 -0.16
0.00014752 -6.08 -0.16
0.00014756 -6.08 -0.16
0.0001476 -6.08 -0.16
0.00014764 -6.08 -0.16
0.00014768 -6.16 -0.24
0.00014772 -6.08 -0.16
0.00014776 -6.08 -0.16
0.0001478 -6.08 -0.16
0.00014784 -6.16 -0.16
0.00014788 -6.08 -0.24
0.00014792 -6.08 -0.24
0.00014796 -6.16 -0.16
0.000148 -6.08 -0.24
0.00014804 -6.08 -0.24
0.00014808 -6.16 -0.24
0.00014812 -6.08 -0.24
0.00014816 -6.16 -0.24
0.0001482 -6.08 -0.24
0.00014824 -6.08 -0.24
0.00014828 -6 -0.24
0.00014832 -6 -0.24
0.00014836 -5.92 -0.32
0.0001484 -5.92 -0.32
0.00014844 -6 -0.32
0.00014848 -5.84 -0.24
0.00014852 -5.84 -0.32
0.00014856 -5.84 -0.32
0.0001486 -5.76 -0.32
0.00014864 -5.76 -0.32
0.00014868 -5.68 -0.32
0.00014872 -5.68 -0.4
0.00014876 -5.6 -0.4
0.0001488 -5.52 -0.4
0.00014884 -5.52 -0.32
0.00014888 -5.52 -0.4
0.00014892 -5.44 -0.4
0.00014896 -5.36 -0.4
0.000149 -5.36 -0.4
0.00014904 -5.28 -0.4
0.00014908 -5.2 -0.48
0.00014912 -5.2 -0.4
0.00014916 -5.12 -0.4
0.0001492 -5.04 -0.4
0.00014924 -5.04 -0.4
0.00014928 -4.96 -0.48
0.00014932 -4.88 -0.4
0.00014936 -4.88 -0.4
0.0001494 -4.8 -0.4
0.00014944 -4.72 -0.48
0.00014948 -4.56 -0.48
0.00014952 -4.56 -0.4
0.00014956 -4.48 -0.48
0.0001496 -4.4 -0.48
0.00014964 -4.4 -0.48
0.00014968 -4.24 -0.56
0.00014972 -4.16 -0.48
0.00014976 -4.08 -0.56
0.0001498 -3.92 -0.48
0.00014984 -3.92 -0.48
0.00014988 -3.84 -0.48
0.00014992 -3.84 -0.48
0.00014996 -3.76 -0.48
0.00015 -3.6 -0.56
0.00015004 -3.52 -0.48
0.00015008 -3.44 -0.48
0.00015012 -3.28 -0.48
0.00015016 -3.2 -0.56
0.0001502 -3.12 -0.56
0.00015024 -3.12 -0.48
0.00015028 -2.96 -0.48
0.00015032 -2.88 -0.56
0.00015036 -2.8 -0.56
0.0001504 -2.64 -0.56
0.00015044 -2.56 -0.48
0.00015048 -2.48 -0.56
0.00015052 -2.4 -0.64
0.00015056 -2.32 -0.56
0.0001506 -2.16 -0.56
0.00015064 -2.16 -0.56
0.00015068 -2 -0.56
0.00015072 -1.92 -0.64
0.00015076 -1.76 -0.56
0.0001508 -1.68 -0.56
0.00015084 -1.52 -0.56
0.00015088 -1.52 -0.64
0.00015092 -1.36 -0.56
0.00015096 -1.28 -0.56
0.000151 -1.12 -0.56
0.00015104 -1.04 -0.56
0.00015108 -0.96 -0.56
0.00015112 -0.88 -0.48
0.00015116 -0.72 -0.56
0.0001512 -0.64 -0.64
0.00015124 -0.56 -0.56
0.00015128 -0.4 -0.56
0.00015132 -0.32 -0.48
0.00015136 -0.24 -0.56
0.0001514 0 -0.56
0.00015144 0.08 -0.56
0.00015148 0.16 -0.48
0.00015152 0.32 -0.56
0.00015156 0.4 -0.56
0.0001516 0.48 -0.56
0.00015164 0.64 -0.56
0.00015168 0.72 -0.56
0.00015172 0.8 -0.48
0.00015176 0.88 -0.48
0.0001518 1.04 -0.48
0.00015184 1.12 -0.48
0.00015188 1.28 -0.48
0.00015192 1.28 -0.56
0.00015196 1.44 -0.56
0.000152 1.6 -0.56
0.00015204 1.6 -0.48
0.00015208 1.76 -0.56
0.00015212 1.76 -0.48
0.00015216 1.92 -0.48
0.0001522 2.08 -0.48
0.00015224 2.08 -0.48
0.00015228 2.24 -0.56
0.00015232 2.32 -0.48
0.00015236 2.4 -0.48
0.0001524 2.56 -0.4
0.00015244 2.64 -0.48
0.00015248 2.8 -0.56
0.00015252 2.88 -0.48
0.00015256 2.96 -0.4
0.0001526 3.04 -0.4
0.00015264 3.04 -0.4
0.00015268 3.2 -0.48
0.00015272 3.28 -0.4
0.00015276 3.36 -0.4
0.0001528 3.52 -0.4
0.00015284 3.6 -0.4
0.00015288 3.68 -0.4
0.00015292 3.76 -0.4
0.00015296 3.84 -0.4
0.000153 3.92 -0.4
0.00015304 3.92 -0.32
0.00015308 4 -0.4
0.00015312 4.16 -0.4
0.00015316 4.16 -0.4
0.0001532 4.24 -0.4
0.00015324 4.32 -0.32
0.00015328 4.48 -0.32
0.00015332 4.56 -0.32
0.00015336 4.56 -0.4
0.0001534 4.72 -0.4
0.00015344 4.64 -0.32
0.00015348 4.8 -0.32
0.00015352 4.8 -0.32
0.00015356 4.88 -0.32
0.0001536 4.96 -0.24
0.00015364 5.04 -0.24
0.00015368 5.12 -0.32
0.00015372 5.12 -0.32
0.00015376 5.2 -0.32
0.0001538 5.2 -0.32
0.00015384 5.28 -0.24
0.00015388 5.28 -0.24
0.00015392 5.44 -0.24
0.00015396 5.44 -0.24
0.000154 5.44 -0.16
0.00015404 5.52 -0.24
0.00015408 5.6 -0.24
0.00015412 5.6 -0.24
0.00015416 5.68 -0.16
0.0001542 5.6 -0.24
0.00015424 5.76 -0.24
0.00015428 5.76 -0.16
0.00015432 5.76 -0.16
0.00015436 5.76 0
0.0001544 5.84 -0.24
0.00015444 5.92 -0.16
0.00015448 5.84 -0.16
0.00015452 5.84 0
0.00015456 5.92 0
0.0001546 5.92 0
0.00015464 6 0
0.00015468 6 0
0.00015472 6 0
0.00015476 6 -0.16
0.0001548 6.08 0
0.00015484 6.08 0
0.00015488 6.08 0
0.00015492 6.08 0
0.00015496 6 0
0.000155 6.08 0
0.00015504 6 0.08
0.00015508 6.08 0.08
0.00015512 6 0
0.00015516 6.08 0.08
0.0001552 6 0.08
0.00015524 5.92 0.16
0.00015528 5.92 0.08
0.00015532 5.92 0.08
0.00015536 5.92 0.08
0.0001554 5.92 0.16
0.00015544 5.92 0.08
0.00015548 5.84 0.08
0.00015552 5.84 0.08
0.00015556 5.84 0.08
0.0001556 5.84 0.16
0.00015564 5.76 0.16
0.00015568 5.76 0.08
0.00015572 5.76 0.16
0.00015576 5.68 0.24
0.0001558 5.6 0.16
0.00015584 5.6 0.16
0.00015588 5.52 0.16
0.00015592 5.52 0.24
0.00015596 5.44 0.24
0.000156 5.44 0.16
0.00015604 5.44 0.16
0.00015608 5.28 0.24
0.00015612 5.28 0.32
0.00015616 5.2 0.32
0.0001562 5.12 0.24
0.00015624 5.12 0.32
0.00015628 5.12 0.32
0.00015632 5.04 0.24
0.00015636 4.96 0.32
0.0001564 4.88 0.24
0.00015644 4.8 0.32
0.00015648 4.8 0.32
0.00015652 4.64 0.32
0.00015656 4.64 0.24
0.0001566 4.64 0.24
0.00015664 4.48 0.32
0.00015668 4.48 0.32
0.00015672 4.32 0.32
0.00015676 4.24 0.32
0.0001568 4.16 0.32
0.00015684 4.16 0.4
0.00015688 4 0.32
0.00015692 4 0.32
0.00015696 3.92 0.32
0.000157 3.84 0.4
0.00015704 3.76 0.32
0.00015708 3.68 0.32
0.00015712 3.52 0.32
0.00015716 3.52 0.4
0.0001572 3.36 0.32
0.00015724 3.28 0.32
0.00015728 3.2 0.32
0.00015732 3.04 0.32
0.00015736 3.04 0.4
0.0001574 2.88 0.4
0.00015744 2.88 0.4
0.00015748 2.72 0.4
0.00015752 2.56 0.32
0.00015756 2.56 0.32
0.0001576 2.4 0.4
0.00015764 2.32 0.32
0.00015768 2.24 0.4
0.00015772 2.08 0.4
0.00015776 2.08 0.4
0.0001578 1.92 0.4
0.00015784 1.92 0.4
0.00015788 1.76 0.4
0.00015792 1.6 0.4
0.00015796 1.6 0.32
0.000158 1.44 0.4
0.00015804 1.36 0.4
0.00015808 1.28 0.4
0.00015812 1.12 0.4
0.00015816 0.96 0.32
0.0001582 0.96 0.32
0.00015824 0.8 0.4
0.00015828 0.72 0.4
0.00015832 0.56 0.4
0.00015836 0.48 0.32
0.0001584 0.32 0.4
0.00015844 0.32 0.4
0.00015848 0.16 0.32
0.00015852 0.08 0.4
0.00015856 0 0.4
0.0001586 -0.24 0.4
0.00015864 -0.32 0.4
0.00015868 -0.4 0.4
0.00015872 -0.56 0.4
0.00015876 -0.64 0.4
0.0001588 -0.72 0.32
0.00015884 -0.88 0.32
0.00015888 -0.96 0.4
0.00015892 -1.04 0.4
0.00015896 -1.2 0.4
0.000159 -1.36 0.4
0.00015904 -1.36 0.32
0.00015908 -1.52 0.32
0.00015912 -1.6 0.4
0.00015916 -1.68 0.4
0.0001592 -1.76 0.32
0.00015924 -1.92 0.32
0.00015928 -2 0.4
0.00015932 -2.08 0.32
0.00015936 -2.24 0.32
0.0001594 -2.24 0.32
0.00015944 -2.4 0.32
0.00015948 -2.56 0.32
0.00015952 -2.56 0.32
0.00015956 -2.64 0.32
0.0001596 -2.8 0.32
0.00015964 -2.88 0.32
0.00015968 -2.96 0.32
0.00015972 -3.04 0.32
0.00015976 -3.12 0.32
0.0001598 -3.28 0.24
0.00015984 -3.28 0.32
0.00015988 -3.44 0.24
0.00015992 -3.52 0.32
0.00015996 -3.6 0.24
