0 1.68 -0.64
4e-08 1.68 -0.64
8e-08 -1.28 -1.68
1.2e-07 -1.2 -1.68
1.6e-07 -1.04 -1.6
2e-07 -1.04 -1.6
2.4e-07 -0.88 -1.6
2.8e-07 -0.8 -1.52
3.2e-07 -0.72 -1.52
3.6e-07 -0.64 -1.52
4e-07 -0.56 -1.52
4.4e-07 -0.4 -1.52
4.8e-07 -0.32 -1.36
5.2e-07 -0.24 -1.36
5.6e-07 -0.24 -1.36
6e-07 0 -1.36
6.4e-07 0.16 -1.28
6.8e-07 0.32 -1.2
7.2e-07 0.32 -1.2
7.6e-07 0.4 -1.2
8e-07 0.48 -1.12
8.4e-07 0.64 -1.04
8.8e-07 0.72 -1.04
9.2e-07 0.72 -1.04
9.6e-07 0.96 -1.04
1e-06 0.96 -1.04
1.04e-06 1.04 -0.88
1.08e-06 1.12 -0.88
1.12e-06 1.28 -0.88
1.16e-06 1.36 -0.88
1.2e-06 1.44 -0.8
1.24e-06 1.52 -0.72
1.28e-06 1.6 -0.72
1.32e-06 1.68 -0.64
1.36e-06 1.76 -0.72
1.4e-06 1.92 -0.56
1.44e-06 1.92 -0.56
1.48e-06 2.08 -0.48
1.52e-06 2.24 -0.48
1.56e-06 2.24 -0.4
1.6e-06 2.32 -0.4
1.64e-06 2.4 -0.4
1.68e-06 2.56 -0.4
1.72e-06 2.56 -0.24
1.76e-06 2.64 -0.24
1.8e-06 2.72 -0.16
1.84e-06 2.88 -0.24
1.88e-06 2.88 -0.16
1.92e-06 3.04 0
1.96e-06 3.04 0
2e-06 3.2 0
2.04e-06 3.2 0
2.08e-06 3.28 0.08
2.12e-06 3.36 0.08
2.16e-06 3.52 0.16
2.2e-06 3.6 0.16
2.24e-06 3.6 0.24
2.28e-06 3.68 0.32
2.32e-06 3.76 0.32
2.36e-06 3.84 0.32
2.4e-06 3.84 0.4
2.44e-06 3.92 0.4
2.48e-06 4 0.48
2.52e-06 4.16 0.4
2.56e-06 4.16 0.48
2.6e-06 4.24 0.56
2.64e-06 4.24 0.64
2.68e-06 4.32 0.64
2.72e-06 4.48 0.64
2.76e-06 4.48 0.72
2.8e-06 4.56 0.8
2.84e-06 4.64 0.8
2.88e-06 4.72 0.8
2.92e-06 4.8 0.8
2.96e-06 4.8 0.88
3e-06 4.8 0.88
3.04e-06 4.8 0.96
3.08e-06 4.96 0.96
3.12e-06 4.96 1.04
3.16e-06 5.12 1.04
3.2e-06 5.12 1.04
3.24e-06 5.12 1.12
3.28e-06 5.2 1.12
3.32e-06 5.2 1.2
3.36e-06 5.28 1.28
3.4e-06 5.36 1.28
3.44e-06 5.28 1.28
3.48e-06 5.44 1.28
3.52e-06 5.44 1.36
3.56e-06 5.44 1.28
3.6e-06 5.52 1.36
3.64e-06 5.52 1.36
3.68e-06 5.6 1.52
3.72e-06 5.6 1.52
3.76e-06 5.6 1.44
3.8e-06 5.68 1.52
3.84e-06 5.68 1.52
3.88e-06 5.68 1.6
3.92e-06 5.76 1.6
3.96e-06 5.76 1.6
4e-06 5.76 1.68
4.04e-06 5.84 1.68
4.08e-06 5.84 1.76
4.12e-06 5.84 1.68
4.16e-06 5.84 1.76
4.2e-06 5.84 1.76
4.24e-06 5.92 1.84
4.28e-06 5.92 1.76
4.32e-06 5.92 1.92
4.36e-06 5.92 1.92
4.4e-06 5.92 1.92
4.44e-06 5.92 1.92
4.48e-06 5.92 1.92
4.52e-06 5.92 1.92
4.56e-06 5.92 2
4.6e-06 5.92 2
4.64e-06 5.92 2.08
4.68e-06 5.92 2
4.72e-06 5.92 2
4.76e-06 5.92 2.08
4.8e-06 5.92 2.08
4.84e-06 5.92 2.16
4.88e-06 5.92 2.08
4.92e-06 5.92 2.24
4.96e-06 5.84 2.24
5e-06 5.84 2.16
5.04e-06 5.84 2.16
5.08e-06 5.84 2.24
5.12e-06 5.84 2.24
5.16e-06 5.76 2.24
5.2e-06 5.76 2.24
5.24e-06 5.76 2.24
5.28e-06 5.6 2.24
5.32e-06 5.6 2.32
5.36e-06 5.6 2.24
5.4e-06 5.6 2.24
5.44e-06 5.6 2.24
5.48e-06 5.52 2.32
5.52e-06 5.52 2.32
5.56e-06 5.44 2.24
5.6e-06 5.44 2.32
5.64e-06 5.44 2.24
5.68e-06 5.36 2.32
5.72e-06 5.28 2.32
5.76e-06 5.28 2.24
5.8e-06 5.2 2.24
5.84e-06 5.2 2.32
5.88e-06 5.12 2.32
5.92e-06 5.12 2.32
5.96e-06 5.12 2.32
6e-06 4.96 2.32
6.04e-06 4.96 2.32
6.08e-06 4.88 2.32
6.12e-06 4.8 2.32
6.16e-06 4.8 2.32
6.2e-06 4.8 2.32
6.24e-06 4.64 2.24
6.28e-06 4.64 2.24
6.32e-06 4.56 2.24
6.36e-06 4.48 2.32
6.4e-06 4.48 2.24
6.44e-06 4.32 2.24
6.48e-06 4.24 2.24
6.52e-06 4.24 2.32
6.56e-06 4.16 2.24
6.6e-06 4.16 2.24
6.64e-06 4 2.24
6.68e-06 3.92 2.24
6.72e-06 3.92 2.16
6.76e-06 3.84 2.24
6.8e-06 3.84 2.16
6.84e-06 3.68 2.24
6.88e-06 3.6 2.16
6.92e-06 3.52 2.16
6.96e-06 3.52 2.08
7e-06 3.36 2.08
7.04e-06 3.28 2.08
7.08e-06 3.2 2.08
7.12e-06 3.2 2
7.16e-06 3.04 2
7.2e-06 2.96 2.08
7.24e-06 2.88 2
7.28e-06 2.88 2
7.32e-06 2.72 1.92
7.36e-06 2.64 1.92
7.4e-06 2.56 1.92
7.44e-06 2.56 1.84
7.48e-06 2.32 1.92
7.52e-06 2.32 1.76
7.56e-06 2.24 1.84
7.6e-06 2.08 1.76
7.64e-06 2 1.68
7.68e-06 1.92 1.68
7.72e-06 1.84 1.68
7.76e-06 1.68 1.76
7.8e-06 1.68 1.68
7.84e-06 1.6 1.6
7.88e-06 1.44 1.6
7.92e-06 1.36 1.52
7.96e-06 1.28 1.6
8e-06 1.2 1.44
8.04e-06 1.12 1.44
8.08e-06 1.04 1.44
8.12e-06 0.96 1.44
8.16e-06 0.8 1.44
8.2e-06 0.72 1.36
8.24e-06 0.64 1.36
8.28e-06 0.56 1.36
8.32e-06 0.48 1.36
8.36e-06 0.32 1.28
8.4e-06 0.24 1.2
8.44e-06 0.16 1.28
8.48e-06 0.08 1.2
8.52e-06 0 1.12
8.56e-06 0 1.04
8.6e-06 -0.24 1.04
8.64e-06 -0.4 1.04
8.68e-06 -0.4 0.96
8.72e-06 -0.56 1.04
8.76e-06 -0.64 0.96
8.8e-06 -0.72 0.96
8.84e-06 -0.88 0.88
8.88e-06 -0.96 0.8
8.92e-06 -1.04 0.8
8.96e-06 -1.2 0.8
9e-06 -1.2 0.8
9.04e-06 -1.36 0.72
9.08e-06 -1.44 0.64
9.12e-06 -1.52 0.56
9.16e-06 -1.6 0.64
9.2e-06 -1.68 0.64
9.24e-06 -1.84 0.48
9.28e-06 -1.84 0.48
9.32e-06 -1.92 0.4
9.36e-06 -2 0.4
9.4e-06 -2.16 0.4
9.44e-06 -2.24 0.32
9.48e-06 -2.24 0.32
9.52e-06 -2.32 0.32
9.56e-06 -2.48 0.24
9.6e-06 -2.56 0.16
9.64e-06 -2.64 0.16
9.68e-06 -2.64 0.08
9.72e-06 -2.8 0.08
9.76e-06 -2.88 0.08
9.8e-06 -2.96 0
9.84e-06 -3.04 0
9.88e-06 -3.12 -0.16
9.92e-06 -3.2 -0.16
9.96e-06 -3.28 -0.24
1e-05 -3.44 -0.24
1.004e-05 -3.44 -0.24
1.008e-05 -3.52 -0.24
1.012e-05 -3.6 -0.4
1.016e-05 -3.68 -0.4
1.02e-05 -3.76 -0.4
1.024e-05 -3.84 -0.4
1.028e-05 -3.92 -0.48
1.032e-05 -3.92 -0.56
1.036e-05 -4.08 -0.56
1.04e-05 -4.08 -0.64
1.044e-05 -4.16 -0.64
1.048e-05 -4.24 -0.72
1.052e-05 -4.32 -0.72
1.056e-05 -4.4 -0.8
1.06e-05 -4.48 -0.72
1.064e-05 -4.48 -0.88
1.068e-05 -4.56 -0.88
1.072e-05 -4.56 -0.88
1.076e-05 -4.72 -0.96
1.08e-05 -4.72 -0.96
1.084e-05 -4.8 -1.04
1.088e-05 -4.88 -1.04
1.092e-05 -4.88 -1.04
1.096e-05 -4.96 -1.12
1.1e-05 -5.04 -1.12
1.104e-05 -5.12 -1.2
1.108e-05 -5.12 -1.2
1.112e-05 -5.2 -1.2
1.116e-05 -5.2 -1.28
1.12e-05 -5.2 -1.28
1.124e-05 -5.28 -1.36
1.128e-05 -5.36 -1.36
1.132e-05 -5.44 -1.36
1.136e-05 -5.44 -1.36
1.14e-05 -5.52 -1.52
1.144e-05 -5.52 -1.44
1.148e-05 -5.52 -1.52
1.152e-05 -5.52 -1.6
1.156e-05 -5.6 -1.6
1.16e-05 -5.68 -1.6
1.164e-05 -5.68 -1.6
1.168e-05 -5.76 -1.6
1.172e-05 -5.76 -1.68
1.176e-05 -5.84 -1.68
1.18e-05 -5.84 -1.76
1.184e-05 -5.84 -1.68
1.188e-05 -5.84 -1.84
1.192e-05 -5.84 -1.84
1.196e-05 -5.84 -1.84
1.2e-05 -6 -1.84
1.204e-05 -5.92 -1.92
1.208e-05 -6 -2
1.212e-05 -6 -2
1.216e-05 -6 -2
1.22e-05 -6 -2
1.224e-05 -6 -2
1.228e-05 -6 -2.08
1.232e-05 -6 -2
1.236e-05 -6 -2.08
1.24e-05 -6.08 -2.16
1.244e-05 -6.08 -2.16
1.248e-05 -6 -2.16
1.252e-05 -6 -2.16
1.256e-05 -6.08 -2.16
1.26e-05 -6.08 -2.24
1.264e-05 -6 -2.32
1.268e-05 -6 -2.24
1.272e-05 -6 -2.24
1.276e-05 -6 -2.32
1.28e-05 -6 -2.32
1.284e-05 -6 -2.32
1.288e-05 -6 -2.24
1.292e-05 -6 -2.24
1.296e-05 -5.92 -2.32
1.3e-05 -5.84 -2.32
1.304e-05 -5.84 -2.32
1.308e-05 -5.84 -2.32
1.312e-05 -5.84 -2.4
1.316e-05 -5.84 -2.4
1.32e-05 -5.76 -2.48
1.324e-05 -5.76 -2.48
1.328e-05 -5.76 -2.4
1.332e-05 -5.68 -2.48
1.336e-05 -5.68 -2.4
1.34e-05 -5.68 -2.48
1.344e-05 -5.52 -2.4
1.348e-05 -5.52 -2.48
1.352e-05 -5.52 -2.48
1.356e-05 -5.52 -2.48
1.36e-05 -5.44 -2.4
1.364e-05 -5.44 -2.48
1.368e-05 -5.36 -2.56
1.372e-05 -5.36 -2.48
1.376e-05 -5.36 -2.48
1.38e-05 -5.2 -2.48
1.384e-05 -5.2 -2.48
1.388e-05 -5.12 -2.48
1.392e-05 -5.12 -2.4
1.396e-05 -5.04 -2.48
1.4e-05 -5.04 -2.56
1.404e-05 -4.88 -2.48
1.408e-05 -4.88 -2.48
1.412e-05 -4.88 -2.48
1.416e-05 -4.8 -2.48
1.42e-05 -4.72 -2.48
1.424e-05 -4.72 -2.48
1.428e-05 -4.56 -2.48
1.432e-05 -4.56 -2.4
1.436e-05 -4.48 -2.48
1.44e-05 -4.4 -2.48
1.444e-05 -4.4 -2.4
1.448e-05 -4.32 -2.32
1.452e-05 -4.24 -2.32
1.456e-05 -4.16 -2.4
1.46e-05 -4.08 -2.32
1.464e-05 -3.92 -2.32
1.468e-05 -3.92 -2.32
1.472e-05 -3.84 -2.32
1.476e-05 -3.76 -2.4
1.48e-05 -3.76 -2.24
1.484e-05 -3.6 -2.32
1.488e-05 -3.6 -2.32
1.492e-05 -3.52 -2.32
1.496e-05 -3.44 -2.24
1.5e-05 -3.36 -2.24
1.504e-05 -3.28 -2.16
1.508e-05 -3.2 -2.24
1.512e-05 -3.12 -2.16
1.516e-05 -3.04 -2.16
1.52e-05 -2.96 -2.16
1.524e-05 -2.88 -2.16
1.528e-05 -2.8 -2.16
1.532e-05 -2.64 -2.08
1.536e-05 -2.64 -2
1.54e-05 -2.48 -2
1.544e-05 -2.48 -2
1.548e-05 -2.32 -2.08
1.552e-05 -2.32 -1.92
1.556e-05 -2.16 -1.92
1.56e-05 -2.08 -1.92
1.564e-05 -2 -1.92
1.568e-05 -1.92 -1.84
1.572e-05 -1.84 -1.84
1.576e-05 -1.68 -1.84
1.58e-05 -1.6 -1.84
1.584e-05 -1.52 -1.76
1.588e-05 -1.44 -1.76
1.592e-05 -1.36 -1.68
1.596e-05 -1.28 -1.68
1.6e-05 -1.2 -1.68
1.604e-05 -1.04 -1.6
1.608e-05 -0.96 -1.6
1.612e-05 -0.96 -1.6
1.616e-05 -0.8 -1.6
1.62e-05 -0.64 -1.52
1.624e-05 -0.64 -1.44
1.628e-05 -0.48 -1.44
1.632e-05 -0.4 -1.44
1.636e-05 -0.32 -1.36
1.64e-05 -0.24 -1.28
1.644e-05 0 -1.28
1.648e-05 0 -1.28
1.652e-05 0.16 -1.28
1.656e-05 0.16 -1.28
1.66e-05 0.32 -1.2
1.664e-05 0.4 -1.2
1.668e-05 0.48 -1.2
1.672e-05 0.64 -1.04
1.676e-05 0.72 -1.12
1.68e-05 0.8 -1.04
1.684e-05 0.88 -1.04
1.688e-05 0.96 -0.96
1.692e-05 1.04 -0.96
1.696e-05 1.2 -0.88
1.7e-05 1.28 -0.88
1.704e-05 1.36 -0.88
1.708e-05 1.44 -0.8
1.712e-05 1.6 -0.72
1.716e-05 1.6 -0.64
1.72e-05 1.68 -0.72
1.724e-05 1.76 -0.64
1.728e-05 1.92 -0.56
1.732e-05 2 -0.56
1.736e-05 2.08 -0.48
1.74e-05 2.16 -0.56
1.744e-05 2.24 -0.4
1.748e-05 2.32 -0.4
1.752e-05 2.4 -0.32
1.756e-05 2.56 -0.32
1.76e-05 2.56 -0.32
1.764e-05 2.72 -0.24
1.768e-05 2.72 -0.16
1.772e-05 2.88 -0.24
1.776e-05 2.96 -0.16
1.78e-05 3.04 -0.16
1.784e-05 3.04 0
1.788e-05 3.2 0
1.792e-05 3.28 0
1.796e-05 3.36 0.08
1.8e-05 3.36 0.16
1.804e-05 3.52 0.16
1.808e-05 3.52 0.16
1.812e-05 3.6 0.24
1.816e-05 3.68 0.24
1.82e-05 3.84 0.4
1.824e-05 3.84 0.4
1.828e-05 3.84 0.4
1.832e-05 3.92 0.4
1.836e-05 4 0.48
1.84e-05 4.16 0.48
1.844e-05 4.16 0.48
1.848e-05 4.24 0.48
1.852e-05 4.32 0.64
1.856e-05 4.48 0.64
1.86e-05 4.48 0.72
1.864e-05 4.48 0.72
1.868e-05 4.56 0.8
1.872e-05 4.64 0.8
1.876e-05 4.72 0.8
1.88e-05 4.8 0.88
1.884e-05 4.88 0.88
1.888e-05 4.88 0.96
1.892e-05 4.88 0.96
1.896e-05 4.96 0.96
1.9e-05 5.04 0.96
1.904e-05 5.12 1.04
1.908e-05 5.12 1.12
1.912e-05 5.12 1.12
1.916e-05 5.2 1.12
1.92e-05 5.28 1.2
1.924e-05 5.28 1.28
1.928e-05 5.36 1.28
1.932e-05 5.36 1.28
1.936e-05 5.44 1.28
1.94e-05 5.44 1.28
1.944e-05 5.52 1.36
1.948e-05 5.52 1.36
1.952e-05 5.52 1.44
1.956e-05 5.52 1.44
1.96e-05 5.6 1.44
1.964e-05 5.6 1.52
1.968e-05 5.68 1.52
1.972e-05 5.76 1.6
1.976e-05 5.76 1.6
1.98e-05 5.76 1.6
1.984e-05 5.76 1.6
1.988e-05 5.76 1.6
1.992e-05 5.84 1.68
1.996e-05 5.84 1.76
2e-05 5.84 1.68
2.004e-05 5.84 1.68
2.008e-05 5.84 1.76
2.012e-05 5.84 1.84
2.016e-05 5.92 1.84
2.02e-05 5.92 1.84
2.024e-05 5.92 1.84
2.028e-05 5.92 1.92
2.032e-05 5.92 1.92
2.036e-05 5.92 1.92
2.04e-05 6 2
2.044e-05 5.92 1.92
2.048e-05 5.92 2.08
2.052e-05 5.92 2
2.056e-05 5.92 2.08
2.06e-05 5.92 2.08
2.064e-05 5.92 2.16
2.068e-05 5.84 2.08
2.072e-05 5.92 2.08
2.076e-05 5.92 2.08
2.08e-05 5.84 2.16
2.084e-05 5.84 2.24
2.088e-05 5.84 2.16
2.092e-05 5.84 2.16
2.096e-05 5.76 2.24
2.1e-05 5.76 2.24
2.104e-05 5.76 2.24
2.108e-05 5.76 2.24
2.112e-05 5.76 2.24
2.116e-05 5.6 2.24
2.12e-05 5.6 2.24
2.124e-05 5.6 2.32
2.128e-05 5.6 2.24
2.132e-05 5.6 2.24
2.136e-05 5.52 2.24
2.14e-05 5.52 2.32
2.144e-05 5.44 2.32
2.148e-05 5.44 2.32
2.152e-05 5.44 2.32
2.156e-05 5.28 2.32
2.16e-05 5.28 2.32
2.164e-05 5.28 2.24
2.168e-05 5.2 2.24
2.172e-05 5.2 2.4
2.176e-05 5.12 2.32
2.18e-05 5.12 2.32
2.184e-05 5.04 2.24
2.188e-05 4.96 2.32
2.192e-05 4.96 2.32
2.196e-05 4.88 2.32
2.2e-05 4.88 2.32
2.204e-05 4.8 2.32
2.208e-05 4.8 2.32
2.212e-05 4.64 2.32
2.216e-05 4.64 2.32
2.22e-05 4.56 2.24
2.224e-05 4.48 2.24
2.228e-05 4.48 2.24
2.232e-05 4.32 2.24
2.236e-05 4.24 2.24
2.24e-05 4.24 2.24
2.244e-05 4.16 2.24
2.248e-05 4.16 2.24
2.252e-05 4 2.24
2.256e-05 3.92 2.24
2.26e-05 3.84 2.24
2.264e-05 3.84 2.16
2.268e-05 3.68 2.16
2.272e-05 3.68 2.16
2.276e-05 3.6 2.16
2.28e-05 3.52 2.16
2.284e-05 3.36 2.08
2.288e-05 3.36 2.08
2.292e-05 3.28 2.08
2.296e-05 3.2 2
2.3e-05 3.2 2.08
2.304e-05 3.04 2
2.308e-05 2.96 2
2.312e-05 2.88 2
2.316e-05 2.72 2
2.32e-05 2.64 1.92
2.324e-05 2.56 1.92
2.328e-05 2.56 1.92
2.332e-05 2.4 1.92
2.336e-05 2.32 1.84
2.34e-05 2.32 1.76
2.344e-05 2.24 1.84
2.348e-05 2.08 1.76
2.352e-05 2 1.76
2.356e-05 1.92 1.68
2.36e-05 1.84 1.6
2.364e-05 1.68 1.68
2.368e-05 1.6 1.68
2.372e-05 1.6 1.6
2.376e-05 1.44 1.52
2.38e-05 1.36 1.6
2.384e-05 1.28 1.6
2.388e-05 1.28 1.6
2.392e-05 1.12 1.52
2.396e-05 0.96 1.44
2.4e-05 0.88 1.44
2.404e-05 0.8 1.36
2.408e-05 0.72 1.36
2.412e-05 0.64 1.28
2.416e-05 0.56 1.28
2.42e-05 0.4 1.28
2.424e-05 0.4 1.28
2.428e-05 0.32 1.28
2.432e-05 0.16 1.2
2.436e-05 0.08 1.2
2.44e-05 0 1.2
2.444e-05 -0.24 1.04
2.448e-05 -0.24 1.12
2.452e-05 -0.4 1.04
2.456e-05 -0.48 1.04
2.46e-05 -0.56 0.96
2.464e-05 -0.72 0.96
2.468e-05 -0.8 0.88
2.472e-05 -0.88 0.88
2.476e-05 -0.96 0.88
2.48e-05 -1.04 0.8
2.484e-05 -1.12 0.72
2.488e-05 -1.2 0.72
2.492e-05 -1.28 0.72
2.496e-05 -1.36 0.64
2.5e-05 -1.52 0.56
2.504e-05 -1.6 0.64
2.508e-05 -1.68 0.56
2.512e-05 -1.84 0.48
2.516e-05 -1.84 0.4
2.52e-05 -2 0.4
2.524e-05 -2 0.4
2.528e-05 -2.16 0.4
2.532e-05 -2.24 0.32
2.536e-05 -2.32 0.24
2.54e-05 -2.32 0.32
2.544e-05 -2.48 0.32
2.548e-05 -2.56 0.24
2.552e-05 -2.64 0.16
2.556e-05 -2.8 0.08
2.56e-05 -2.88 0.08
2.564e-05 -2.88 0.08
2.568e-05 -2.96 0
2.572e-05 -3.12 -0.16
2.576e-05 -3.2 0
2.58e-05 -3.28 -0.16
2.584e-05 -3.28 -0.24
2.588e-05 -3.44 -0.24
2.592e-05 -3.44 -0.24
2.596e-05 -3.6 -0.32
2.6e-05 -3.6 -0.32
2.604e-05 -3.6 -0.4
2.608e-05 -3.76 -0.4
2.612e-05 -3.84 -0.4
2.616e-05 -3.92 -0.48
2.62e-05 -4 -0.56
2.624e-05 -4.08 -0.64
2.628e-05 -4.16 -0.64
2.632e-05 -4.16 -0.64
2.636e-05 -4.24 -0.64
2.64e-05 -4.32 -0.8
2.644e-05 -4.4 -0.8
2.648e-05 -4.48 -0.8
2.652e-05 -4.48 -0.8
2.656e-05 -4.56 -0.88
2.66e-05 -4.56 -0.96
2.664e-05 -4.72 -0.96
2.668e-05 -4.8 -0.96
2.672e-05 -4.8 -1.04
2.676e-05 -4.88 -1.04
2.68e-05 -4.88 -1.12
2.684e-05 -4.88 -1.04
2.688e-05 -5.04 -1.12
2.692e-05 -5.12 -1.12
2.696e-05 -5.12 -1.28
2.7e-05 -5.2 -1.28
2.704e-05 -5.2 -1.28
2.708e-05 -5.2 -1.36
2.712e-05 -5.36 -1.36
2.716e-05 -5.36 -1.36
2.72e-05 -5.44 -1.36
2.724e-05 -5.44 -1.44
2.728e-05 -5.52 -1.52
2.732e-05 -5.52 -1.52
2.736e-05 -5.52 -1.52
2.74e-05 -5.6 -1.52
2.744e-05 -5.6 -1.6
2.748e-05 -5.68 -1.6
2.752e-05 -5.68 -1.68
2.756e-05 -5.68 -1.68
2.76e-05 -5.76 -1.68
2.764e-05 -5.84 -1.68
2.768e-05 -5.84 -1.84
2.772e-05 -5.84 -1.76
2.776e-05 -5.92 -1.84
2.78e-05 -5.84 -1.84
2.784e-05 -5.92 -1.84
2.788e-05 -5.92 -1.84
2.792e-05 -5.92 -1.92
2.796e-05 -5.92 -1.92
2.8e-05 -6 -2
2.804e-05 -6.08 -2
2.808e-05 -6 -1.92
2.812e-05 -6.08 -2
2.816e-05 -6 -2.08
2.82e-05 -6 -2.08
2.824e-05 -6.08 -2.08
2.828e-05 -6 -2.08
2.832e-05 -6.08 -2.16
2.836e-05 -6 -2.16
2.84e-05 -6.08 -2.16
2.844e-05 -6.08 -2.16
2.848e-05 -6 -2.16
2.852e-05 -6 -2.24
2.856e-05 -6.08 -2.24
2.86e-05 -6 -2.24
2.864e-05 -6 -2.24
2.868e-05 -6.08 -2.32
2.872e-05 -6 -2.32
2.876e-05 -6 -2.32
2.88e-05 -5.92 -2.32
2.884e-05 -5.84 -2.32
2.888e-05 -5.84 -2.32
2.892e-05 -5.84 -2.4
2.896e-05 -5.84 -2.4
2.9e-05 -5.84 -2.32
2.904e-05 -5.84 -2.4
2.908e-05 -5.76 -2.48
2.912e-05 -5.76 -2.4
2.916e-05 -5.76 -2.4
2.92e-05 -5.68 -2.48
2.924e-05 -5.68 -2.48
2.928e-05 -5.68 -2.48
2.932e-05 -5.68 -2.48
2.936e-05 -5.52 -2.48
2.94e-05 -5.52 -2.4
2.944e-05 -5.52 -2.48
2.948e-05 -5.44 -2.48
2.952e-05 -5.36 -2.48
2.956e-05 -5.36 -2.56
2.96e-05 -5.36 -2.48
2.964e-05 -5.36 -2.48
2.968e-05 -5.2 -2.48
2.972e-05 -5.2 -2.48
2.976e-05 -5.12 -2.48
2.98e-05 -5.12 -2.48
2.984e-05 -5.04 -2.48
2.988e-05 -5.04 -2.48
2.992e-05 -4.88 -2.56
2.996e-05 -4.88 -2.48
3e-05 -4.8 -2.48
3.004e-05 -4.8 -2.48
3.008e-05 -4.72 -2.4
3.012e-05 -4.72 -2.48
3.016e-05 -4.56 -2.4
3.02e-05 -4.56 -2.48
3.024e-05 -4.4 -2.4
3.028e-05 -4.4 -2.48
3.032e-05 -4.4 -2.48
3.036e-05 -4.24 -2.4
3.04e-05 -4.24 -2.32
3.044e-05 -4.16 -2.4
3.048e-05 -4.08 -2.4
3.052e-05 -4 -2.4
3.056e-05 -3.92 -2.32
3.06e-05 -3.84 -2.32
3.064e-05 -3.76 -2.32
3.068e-05 -3.68 -2.32
3.072e-05 -3.6 -2.24
3.076e-05 -3.52 -2.24
3.08e-05 -3.52 -2.24
3.084e-05 -3.44 -2.24
3.088e-05 -3.36 -2.32
3.092e-05 -3.2 -2.24
3.096e-05 -3.12 -2.24
3.1e-05 -3.12 -2.24
3.104e-05 -3.04 -2.24
3.108e-05 -2.96 -2.08
3.112e-05 -2.88 -2.08
3.116e-05 -2.8 -2.16
3.12e-05 -2.64 -2.16
3.124e-05 -2.64 -2.08
3.128e-05 -2.48 -2
3.132e-05 -2.4 -2
3.136e-05 -2.32 -2
3.14e-05 -2.32 -2
3.144e-05 -2.16 -1.92
3.148e-05 -2 -1.92
3.152e-05 -1.92 -1.92
3.156e-05 -1.92 -1.92
3.16e-05 -1.84 -1.84
3.164e-05 -1.76 -1.84
3.168e-05 -1.6 -1.76
3.172e-05 -1.52 -1.84
3.176e-05 -1.36 -1.76
3.18e-05 -1.36 -1.68
3.184e-05 -1.2 -1.68
3.188e-05 -1.12 -1.68
3.192e-05 -1.04 -1.68
3.196e-05 -0.96 -1.6
3.2e-05 -0.88 -1.52
3.204e-05 -0.72 -1.52
3.208e-05 -0.64 -1.52
3.212e-05 -0.56 -1.52
3.216e-05 -0.48 -1.44
3.22e-05 -0.4 -1.44
3.224e-05 -0.32 -1.36
3.228e-05 -0.24 -1.36
3.232e-05 0 -1.36
3.236e-05 0 -1.28
3.24e-05 0.16 -1.28
3.244e-05 0.32 -1.2
3.248e-05 0.4 -1.2
3.252e-05 0.48 -1.2
3.256e-05 0.64 -1.12
3.26e-05 0.64 -1.04
3.264e-05 0.72 -1.04
3.268e-05 0.8 -0.96
3.272e-05 0.96 -1.04
3.276e-05 0.96 -0.96
3.28e-05 1.04 -0.96
3.284e-05 1.12 -0.96
3.288e-05 1.28 -0.88
3.292e-05 1.36 -0.8
3.296e-05 1.44 -0.88
3.3e-05 1.6 -0.72
3.304e-05 1.6 -0.72
3.308e-05 1.76 -0.64
3.312e-05 1.76 -0.64
3.316e-05 1.92 -0.64
3.32e-05 2 -0.56
3.324e-05 2.08 -0.56
3.328e-05 2.24 -0.48
3.332e-05 2.24 -0.48
3.336e-05 2.32 -0.4
3.34e-05 2.4 -0.4
3.344e-05 2.56 -0.4
3.348e-05 2.56 -0.4
3.352e-05 2.64 -0.24
3.356e-05 2.72 -0.24
3.36e-05 2.88 -0.16
3.364e-05 2.96 -0.16
3.368e-05 3.04 0
3.372e-05 3.12 0
3.376e-05 3.2 0.08
3.38e-05 3.28 0
3.384e-05 3.36 0.08
3.388e-05 3.44 0.08
3.392e-05 3.52 0.16
3.396e-05 3.6 0.24
3.4e-05 3.68 0.16
3.404e-05 3.68 0.32
3.408e-05 3.84 0.32
3.412e-05 3.84 0.32
3.416e-05 3.84 0.4
3.42e-05 4.08 0.4
3.424e-05 4.08 0.48
3.428e-05 4.16 0.48
3.432e-05 4.16 0.48
3.436e-05 4.24 0.64
3.44e-05 4.32 0.56
3.444e-05 4.4 0.64
3.448e-05 4.48 0.72
3.452e-05 4.56 0.72
3.456e-05 4.56 0.72
3.46e-05 4.64 0.8
3.464e-05 4.64 0.88
3.468e-05 4.8 0.88
3.472e-05 4.8 0.8
3.476e-05 4.88 0.96
3.48e-05 4.88 1.04
3.484e-05 4.96 1.04
3.488e-05 5.04 0.96
3.492e-05 5.12 1.04
3.496e-05 5.12 1.04
3.5e-05 5.12 1.12
3.504e-05 5.2 1.12
3.508e-05 5.28 1.2
3.512e-05 5.28 1.2
3.516e-05 5.36 1.28
3.52e-05 5.44 1.28
3.524e-05 5.44 1.28
3.528e-05 5.44 1.36
3.532e-05 5.52 1.36
3.536e-05 5.52 1.44
3.54e-05 5.52 1.36
3.544e-05 5.6 1.44
3.548e-05 5.6 1.52
3.552e-05 5.6 1.52
3.556e-05 5.6 1.52
3.56e-05 5.6 1.52
3.564e-05 5.76 1.52
3.568e-05 5.76 1.68
3.572e-05 5.76 1.6
3.576e-05 5.84 1.68
3.58e-05 5.84 1.6
3.584e-05 5.84 1.68
3.588e-05 5.84 1.76
3.592e-05 5.84 1.76
3.596e-05 5.92 1.76
3.6e-05 5.84 1.76
3.604e-05 5.92 1.84
3.608e-05 5.84 1.84
3.612e-05 5.92 1.84
3.616e-05 5.92 1.92
3.62e-05 6 1.92
3.624e-05 5.92 1.92
3.628e-05 5.92 1.92
3.632e-05 5.92 2
3.636e-05 5.92 2
3.64e-05 5.92 2
3.644e-05 5.92 2.08
3.648e-05 5.92 2
3.652e-05 5.92 2.08
3.656e-05 5.92 2.08
3.66e-05 5.92 2.16
3.664e-05 5.92 2.16
3.668e-05 5.92 2.08
3.672e-05 5.84 2.16
3.676e-05 5.84 2.16
3.68e-05 5.84 2.16
3.684e-05 5.84 2.16
3.688e-05 5.76 2.24
3.692e-05 5.76 2.24
3.696e-05 5.76 2.24
3.7e-05 5.76 2.24
3.704e-05 5.76 2.24
3.708e-05 5.68 2.24
3.712e-05 5.6 2.32
3.716e-05 5.6 2.24
3.72e-05 5.6 2.24
3.724e-05 5.44 2.24
3.728e-05 5.52 2.4
3.732e-05 5.52 2.32
3.736e-05 5.44 2.32
3.74e-05 5.44 2.24
3.744e-05 5.36 2.32
3.748e-05 5.28 2.32
3.752e-05 5.28 2.32
3.756e-05 5.2 2.24
3.76e-05 5.12 2.32
3.764e-05 5.12 2.4
3.768e-05 5.12 2.32
3.772e-05 4.96 2.32
3.776e-05 4.96 2.32
3.78e-05 4.96 2.24
3.784e-05 4.96 2.32
3.788e-05 4.8 2.24
3.792e-05 4.8 2.32
3.796e-05 4.72 2.32
3.8e-05 4.64 2.32
3.804e-05 4.56 2.32
3.808e-05 4.56 2.24
3.812e-05 4.48 2.32
3.816e-05 4.48 2.24
3.82e-05 4.32 2.32
3.824e-05 4.24 2.24
3.828e-05 4.16 2.24
3.832e-05 4.16 2.24
3.836e-05 4.16 2.24
3.84e-05 4 2.24
3.844e-05 3.92 2.16
3.848e-05 3.92 2.16
3.852e-05 3.84 2.24
3.856e-05 3.68 2.16
3.86e-05 3.6 2.16
3.864e-05 3.6 2.08
3.868e-05 3.52 2.16
3.872e-05 3.44 2.16
3.876e-05 3.28 2
3.88e-05 3.36 2.08
3.884e-05 3.2 2
3.888e-05 3.12 2.16
3.892e-05 2.96 2
3.896e-05 2.88 2
3.9e-05 2.88 2
3.904e-05 2.8 2
3.908e-05 2.72 2
3.912e-05 2.56 1.84
3.916e-05 2.56 1.84
3.92e-05 2.4 1.84
3.924e-05 2.4 1.84
3.928e-05 2.24 1.84
3.932e-05 2.24 1.68
3.936e-05 2.08 1.76
3.94e-05 2 1.76
3.944e-05 1.92 1.76
3.948e-05 1.76 1.68
3.952e-05 1.68 1.6
3.956e-05 1.6 1.68
3.96e-05 1.6 1.68
3.964e-05 1.44 1.6
3.968e-05 1.36 1.52
3.972e-05 1.28 1.52
3.976e-05 1.2 1.52
3.98e-05 1.12 1.44
3.984e-05 0.96 1.44
3.988e-05 0.96 1.36
3.992e-05 0.8 1.44
3.996e-05 0.72 1.36
4e-05 0.64 1.36
4.004e-05 0.56 1.36
4.008e-05 0.4 1.28
4.012e-05 0.32 1.28
4.016e-05 0.32 1.2
4.02e-05 0.16 1.2
4.024e-05 0 1.12
4.028e-05 0 1.12
4.032e-05 -0.24 1.12
4.036e-05 -0.32 1.04
4.04e-05 -0.4 1.04
4.044e-05 -0.48 0.96
4.048e-05 -0.56 0.96
4.052e-05 -0.72 0.96
4.056e-05 -0.72 0.88
4.06e-05 -0.88 0.96
4.064e-05 -0.96 0.88
4.068e-05 -1.04 0.8
4.072e-05 -1.12 0.72
4.076e-05 -1.28 0.72
4.08e-05 -1.36 0.72
4.084e-05 -1.36 0.72
4.088e-05 -1.52 0.64
4.092e-05 -1.6 0.56
4.096e-05 -1.68 0.56
4.1e-05 -1.76 0.48
4.104e-05 -1.84 0.48
4.108e-05 -1.92 0.4
4.112e-05 -2 0.4
4.116e-05 -2.16 0.4
4.12e-05 -2.24 0.4
4.124e-05 -2.32 0.32
4.128e-05 -2.32 0.32
4.132e-05 -2.48 0.16
4.136e-05 -2.64 0.16
4.14e-05 -2.64 0.16
4.144e-05 -2.8 0.08
4.148e-05 -2.88 0.08
4.152e-05 -2.96 0
4.156e-05 -2.96 0
4.16e-05 -3.12 -0.16
4.164e-05 -3.2 0
4.168e-05 -3.28 -0.16
4.172e-05 -3.28 -0.16
4.176e-05 -3.36 -0.32
4.18e-05 -3.44 -0.32
4.184e-05 -3.52 -0.32
4.188e-05 -3.6 -0.4
4.192e-05 -3.68 -0.4
4.196e-05 -3.84 -0.4
4.2e-05 -3.84 -0.48
4.204e-05 -3.92 -0.48
4.208e-05 -3.92 -0.56
4.212e-05 -4.08 -0.64
4.216e-05 -4.16 -0.64
4.22e-05 -4.16 -0.64
4.224e-05 -4.24 -0.72
4.228e-05 -4.32 -0.64
4.232e-05 -4.48 -0.8
4.236e-05 -4.48 -0.88
4.24e-05 -4.56 -0.8
4.244e-05 -4.56 -0.88
4.248e-05 -4.72 -0.96
4.252e-05 -4.72 -0.96
4.256e-05 -4.8 -0.96
4.26e-05 -4.88 -1.04
4.264e-05 -4.88 -1.04
4.268e-05 -4.96 -1.04
4.272e-05 -4.96 -1.04
4.276e-05 -5.04 -1.12
4.28e-05 -5.12 -1.2
4.284e-05 -5.12 -1.28
4.288e-05 -5.2 -1.2
4.292e-05 -5.2 -1.28
4.296e-05 -5.2 -1.28
4.3e-05 -5.36 -1.28
4.304e-05 -5.36 -1.36
4.308e-05 -5.36 -1.44
4.312e-05 -5.44 -1.44
4.316e-05 -5.44 -1.36
4.32e-05 -5.52 -1.52
4.324e-05 -5.52 -1.6
4.328e-05 -5.52 -1.6
4.332e-05 -5.68 -1.52
4.336e-05 -5.68 -1.6
4.34e-05 -5.68 -1.6
4.344e-05 -5.76 -1.6
4.348e-05 -5.76 -1.68
4.352e-05 -5.76 -1.68
4.356e-05 -5.84 -1.76
4.36e-05 -5.84 -1.84
4.364e-05 -5.84 -1.76
4.368e-05 -5.84 -1.84
4.372e-05 -5.84 -1.84
4.376e-05 -5.92 -1.92
4.38e-05 -6 -1.92
4.384e-05 -5.92 -1.92
4.388e-05 -6 -2
4.392e-05 -6 -1.92
4.396e-05 -5.92 -2
4.4e-05 -6 -2
4.404e-05 -6 -2
4.408e-05 -6 -2.08
4.412e-05 -6.08 -2.08
4.416e-05 -6.08 -2.16
4.42e-05 -6.08 -2.16
4.424e-05 -6.08 -2.08
4.428e-05 -6.08 -2.16
4.432e-05 -6 -2.16
4.436e-05 -6 -2.24
4.44e-05 -6.08 -2.16
4.444e-05 -6 -2.24
4.448e-05 -6 -2.24
4.452e-05 -6 -2.24
4.456e-05 -6 -2.24
4.46e-05 -5.92 -2.32
4.464e-05 -5.92 -2.32
4.468e-05 -6 -2.24
4.472e-05 -5.84 -2.32
4.476e-05 -5.92 -2.32
4.48e-05 -5.84 -2.4
4.484e-05 -5.84 -2.4
4.488e-05 -5.84 -2.32
4.492e-05 -5.84 -2.32
4.496e-05 -5.76 -2.4
4.5e-05 -5.76 -2.48
4.504e-05 -5.68 -2.4
4.508e-05 -5.68 -2.4
4.512e-05 -5.68 -2.4
4.516e-05 -5.6 -2.4
4.52e-05 -5.52 -2.48
4.524e-05 -5.52 -2.4
4.528e-05 -5.52 -2.48
4.532e-05 -5.52 -2.48
4.536e-05 -5.44 -2.48
4.54e-05 -5.44 -2.48
4.544e-05 -5.36 -2.48
4.548e-05 -5.36 -2.56
4.552e-05 -5.28 -2.48
4.556e-05 -5.2 -2.48
4.56e-05 -5.2 -2.48
4.564e-05 -5.12 -2.48
4.568e-05 -5.04 -2.56
4.572e-05 -5.04 -2.48
4.576e-05 -4.96 -2.48
4.58e-05 -4.88 -2.48
4.584e-05 -4.88 -2.48
4.588e-05 -4.8 -2.48
4.592e-05 -4.8 -2.48
4.596e-05 -4.72 -2.48
4.6e-05 -4.72 -2.48
4.604e-05 -4.56 -2.48
4.608e-05 -4.48 -2.48
4.612e-05 -4.48 -2.4
4.616e-05 -4.4 -2.48
4.62e-05 -4.24 -2.4
4.624e-05 -4.24 -2.4
4.628e-05 -4.16 -2.32
4.632e-05 -4.08 -2.32
4.636e-05 -4.08 -2.4
4.64e-05 -3.92 -2.32
4.644e-05 -3.92 -2.32
4.648e-05 -3.84 -2.32
4.652e-05 -3.76 -2.32
4.656e-05 -3.76 -2.32
4.66e-05 -3.6 -2.32
4.664e-05 -3.6 -2.24
4.668e-05 -3.52 -2.24
4.672e-05 -3.28 -2.24
4.676e-05 -3.28 -2.24
4.68e-05 -3.2 -2.24
4.684e-05 -3.12 -2.16
4.688e-05 -3.04 -2.16
4.692e-05 -2.96 -2.16
4.696e-05 -2.88 -2.16
4.7e-05 -2.8 -2.08
4.704e-05 -2.8 -2.08
4.708e-05 -2.64 -2.08
4.712e-05 -2.56 -2.08
4.716e-05 -2.48 -2
4.72e-05 -2.48 -2
4.724e-05 -2.32 -2
4.728e-05 -2.16 -2
4.732e-05 -2.16 -1.92
4.736e-05 -2 -1.84
4.74e-05 -1.92 -1.84
4.744e-05 -1.92 -1.92
4.748e-05 -1.84 -1.92
4.752e-05 -1.68 -1.84
4.756e-05 -1.6 -1.76
4.76e-05 -1.52 -1.76
4.764e-05 -1.36 -1.84
4.768e-05 -1.36 -1.76
4.772e-05 -1.2 -1.68
4.776e-05 -1.12 -1.68
4.78e-05 -0.96 -1.6
4.784e-05 -0.96 -1.6
4.788e-05 -0.88 -1.6
4.792e-05 -0.72 -1.52
4.796e-05 -0.64 -1.52
4.8e-05 -0.56 -1.52
4.804e-05 -0.4 -1.44
4.808e-05 -0.32 -1.36
4.812e-05 -0.32 -1.36
4.816e-05 -0.24 -1.36
4.82e-05 0 -1.36
4.824e-05 0.08 -1.28
4.828e-05 0.16 -1.28
4.832e-05 0.32 -1.28
4.836e-05 0.32 -1.28
4.84e-05 0.4 -1.2
4.844e-05 0.56 -1.12
4.848e-05 0.64 -1.04
4.852e-05 0.72 -1.12
4.856e-05 0.8 -1.04
4.86e-05 0.96 -1.04
4.864e-05 1.04 -0.96
4.868e-05 1.04 -0.96
4.872e-05 1.2 -0.88
4.876e-05 1.28 -0.8
4.88e-05 1.36 -0.8
4.884e-05 1.44 -0.72
4.888e-05 1.6 -0.72
4.892e-05 1.6 -0.72
4.896e-05 1.76 -0.64
4.9e-05 1.76 -0.72
4.904e-05 1.92 -0.56
4.908e-05 2 -0.56
4.912e-05 2.16 -0.4
4.916e-05 2.24 -0.4
4.92e-05 2.24 -0.48
4.924e-05 2.32 -0.4
4.928e-05 2.48 -0.4
4.932e-05 2.56 -0.24
4.936e-05 2.64 -0.32
4.94e-05 2.64 -0.24
4.944e-05 2.8 -0.32
4.948e-05 2.88 -0.16
4.952e-05 2.96 0
4.956e-05 3.04 -0.16
4.96e-05 3.12 0
4.964e-05 3.2 0
4.968e-05 3.28 0.08
4.972e-05 3.36 0.16
4.976e-05 3.44 0.16
4.98e-05 3.52 0.16
4.984e-05 3.52 0.24
4.988e-05 3.68 0.24
4.992e-05 3.76 0.24
4.996e-05 3.84 0.32
5e-05 3.84 0.32
5.004e-05 3.92 0.4
5.008e-05 4 0.48
5.012e-05 4.08 0.4
5.016e-05 4.16 0.48
5.02e-05 4.16 0.64
5.024e-05 4.24 0.56
5.028e-05 4.32 0.48
5.032e-05 4.48 0.56
5.036e-05 4.48 0.72
5.04e-05 4.56 0.72
5.044e-05 4.64 0.72
5.048e-05 4.64 0.8
5.052e-05 4.64 0.8
5.056e-05 4.8 0.88
5.06e-05 4.8 0.88
5.064e-05 4.88 0.96
5.068e-05 4.96 0.96
5.072e-05 4.96 0.96
5.076e-05 5.04 1.04
5.08e-05 5.12 1.04
5.084e-05 5.12 1.04
5.088e-05 5.12 1.12
5.092e-05 5.2 1.2
5.096e-05 5.2 1.2
5.1e-05 5.28 1.2
5.104e-05 5.36 1.28
5.108e-05 5.44 1.28
5.112e-05 5.44 1.36
5.116e-05 5.44 1.28
5.12e-05 5.44 1.36
5.124e-05 5.52 1.44
5.128e-05 5.52 1.44
5.132e-05 5.6 1.44
5.136e-05 5.68 1.44
5.14e-05 5.68 1.52
5.144e-05 5.76 1.6
5.148e-05 5.76 1.6
5.152e-05 5.76 1.6
5.156e-05 5.76 1.6
5.16e-05 5.84 1.68
5.164e-05 5.84 1.68
5.168e-05 5.84 1.68
5.172e-05 5.84 1.68
5.176e-05 5.84 1.76
5.18e-05 5.84 1.76
5.184e-05 5.92 1.68
5.188e-05 5.84 1.76
5.192e-05 5.92 1.92
5.196e-05 5.92 1.92
5.2e-05 5.92 1.92
5.204e-05 5.92 1.84
5.208e-05 5.92 1.92
5.212e-05 5.92 1.92
5.216e-05 5.92 2
5.22e-05 5.92 1.92
5.224e-05 5.92 2
5.228e-05 5.92 2
5.232e-05 5.92 2.08
5.236e-05 5.92 2.08
5.24e-05 5.84 2
5.244e-05 5.92 2.08
5.248e-05 5.92 2.08
5.252e-05 5.84 2.08
5.256e-05 5.92 2.16
5.26e-05 5.84 2.16
5.264e-05 5.84 2.24
5.268e-05 5.84 2.24
5.272e-05 5.84 2.24
5.276e-05 5.76 2.24
5.28e-05 5.76 2.24
5.284e-05 5.68 2.24
5.288e-05 5.76 2.24
5.292e-05 5.76 2.24
5.296e-05 5.6 2.24
5.3e-05 5.6 2.32
5.304e-05 5.6 2.24
5.308e-05 5.52 2.24
5.312e-05 5.52 2.24
5.316e-05 5.52 2.32
5.32e-05 5.52 2.32
5.324e-05 5.44 2.32
5.328e-05 5.44 2.32
5.332e-05 5.28 2.32
5.336e-05 5.28 2.32
5.34e-05 5.28 2.32
5.344e-05 5.2 2.32
5.348e-05 5.2 2.32
5.352e-05 5.12 2.32
5.356e-05 5.12 2.32
5.36e-05 5.04 2.32
5.364e-05 4.96 2.24
5.368e-05 4.96 2.32
5.372e-05 4.8 2.32
5.376e-05 4.8 2.32
5.38e-05 4.8 2.32
5.384e-05 4.72 2.32
5.388e-05 4.64 2.32
5.392e-05 4.56 2.32
5.396e-05 4.56 2.32
5.4e-05 4.48 2.24
5.404e-05 4.4 2.24
5.408e-05 4.32 2.32
5.412e-05 4.24 2.24
5.416e-05 4.16 2.24
5.42e-05 4.16 2.24
5.424e-05 4 2.24
5.428e-05 4 2.24
5.432e-05 3.92 2.24
5.436e-05 3.84 2.24
5.44e-05 3.84 2.24
5.444e-05 3.76 2.24
5.448e-05 3.6 2.16
5.452e-05 3.52 2.08
5.456e-05 3.52 2.08
5.46e-05 3.36 2.08
5.464e-05 3.36 2.08
5.468e-05 3.28 2
5.472e-05 3.2 2
5.476e-05 3.04 2.08
5.48e-05 3.04 2
5.484e-05 2.96 2
5.488e-05 2.88 1.92
5.492e-05 2.72 2
5.496e-05 2.64 1.92
5.5e-05 2.56 1.92
5.504e-05 2.48 1.92
5.508e-05 2.4 1.84
5.512e-05 2.32 1.84
5.516e-05 2.24 1.84
5.52e-05 2.08 1.76
5.524e-05 2.08 1.68
5.528e-05 2 1.68
5.532e-05 1.92 1.68
5.536e-05 1.76 1.68
5.54e-05 1.68 1.6
5.544e-05 1.6 1.68
5.548e-05 1.6 1.68
5.552e-05 1.44 1.6
5.556e-05 1.36 1.52
5.56e-05 1.28 1.6
5.564e-05 1.12 1.52
5.568e-05 1.12 1.6
5.572e-05 0.96 1.44
5.576e-05 0.88 1.44
5.58e-05 0.8 1.44
5.584e-05 0.72 1.36
5.588e-05 0.64 1.36
5.592e-05 0.48 1.28
5.596e-05 0.4 1.28
5.6e-05 0.32 1.28
5.604e-05 0.32 1.28
5.608e-05 0.16 1.2
5.612e-05 0 1.2
5.616e-05 0 1.12
5.62e-05 -0.24 1.12
5.624e-05 -0.32 1.04
5.628e-05 -0.4 1.04
5.632e-05 -0.56 0.96
5.636e-05 -0.64 0.96
5.64e-05 -0.72 0.96
5.644e-05 -0.72 0.96
5.648e-05 -0.88 0.8
5.652e-05 -0.96 0.8
5.656e-05 -1.04 0.8
5.66e-05 -1.2 0.72
5.664e-05 -1.28 0.72
5.668e-05 -1.36 0.64
5.672e-05 -1.52 0.72
5.676e-05 -1.52 0.64
5.68e-05 -1.6 0.64
5.684e-05 -1.68 0.48
5.688e-05 -1.76 0.48
5.692e-05 -1.92 0.48
5.696e-05 -2 0.4
5.7e-05 -2 0.4
5.704e-05 -2.16 0.32
5.708e-05 -2.24 0.32
5.712e-05 -2.32 0.32
5.716e-05 -2.48 0.24
5.72e-05 -2.56 0.16
5.724e-05 -2.64 0.16
5.728e-05 -2.64 0.16
5.732e-05 -2.8 0.08
5.736e-05 -2.88 0
5.74e-05 -2.96 0.08
5.744e-05 -2.96 0
5.748e-05 -3.12 0
5.752e-05 -3.12 -0.16
5.756e-05 -3.2 -0.24
5.76e-05 -3.28 -0.24
5.764e-05 -3.44 -0.24
5.768e-05 -3.52 -0.32
5.772e-05 -3.6 -0.4
5.776e-05 -3.6 -0.4
5.78e-05 -3.76 -0.32
5.784e-05 -3.76 -0.4
5.788e-05 -3.92 -0.48
5.792e-05 -3.92 -0.56
5.796e-05 -4 -0.48
5.8e-05 -4.08 -0.56
5.804e-05 -4.16 -0.64
5.808e-05 -4.24 -0.64
5.812e-05 -4.24 -0.72
5.816e-05 -4.4 -0.72
5.82e-05 -4.4 -0.8
5.824e-05 -4.48 -0.88
5.828e-05 -4.56 -0.88
5.832e-05 -4.56 -0.88
5.836e-05 -4.72 -0.88
5.84e-05 -4.72 -1.04
5.844e-05 -4.8 -0.96
5.848e-05 -4.8 -1.04
5.852e-05 -4.88 -1.04
5.856e-05 -4.96 -1.04
5.86e-05 -5.04 -1.12
5.864e-05 -5.04 -1.2
5.868e-05 -5.12 -1.2
5.872e-05 -5.12 -1.2
5.876e-05 -5.2 -1.28
5.88e-05 -5.2 -1.28
5.884e-05 -5.2 -1.28
5.888e-05 -5.36 -1.36
5.892e-05 -5.36 -1.36
5.896e-05 -5.44 -1.36
5.9e-05 -5.44 -1.36
5.904e-05 -5.52 -1.44
5.908e-05 -5.52 -1.52
5.912e-05 -5.52 -1.52
5.916e-05 -5.6 -1.6
5.92e-05 -5.68 -1.52
5.924e-05 -5.68 -1.6
5.928e-05 -5.68 -1.68
5.932e-05 -5.68 -1.68
5.936e-05 -5.76 -1.68
5.94e-05 -5.76 -1.68
5.944e-05 -5.84 -1.76
5.948e-05 -5.84 -1.84
5.952e-05 -5.84 -1.84
5.956e-05 -5.84 -1.76
5.96e-05 -5.84 -1.84
5.964e-05 -6 -1.84
5.968e-05 -6 -1.92
5.972e-05 -6 -1.92
5.976e-05 -6 -2
5.98e-05 -6 -2
5.984e-05 -6 -2
5.988e-05 -6.08 -2
5.992e-05 -6.08 -2
5.996e-05 -6 -2
6e-05 -6 -2.16
6.004e-05 -6.08 -2.16
6.008e-05 -6 -2.08
6.012e-05 -6.08 -2.16
6.016e-05 -6 -2.24
6.02e-05 -6 -2.24
6.024e-05 -6.08 -2.16
6.028e-05 -6 -2.16
6.032e-05 -6 -2.24
6.036e-05 -6 -2.32
6.04e-05 -6.08 -2.32
6.044e-05 -6 -2.32
6.048e-05 -6 -2.32
6.052e-05 -5.92 -2.32
6.056e-05 -5.92 -2.32
6.06e-05 -5.84 -2.32
6.064e-05 -5.84 -2.32
6.068e-05 -5.84 -2.32
6.072e-05 -5.84 -2.4
6.076e-05 -5.76 -2.4
6.08e-05 -5.84 -2.32
6.084e-05 -5.76 -2.4
6.088e-05 -5.76 -2.4
6.092e-05 -5.68 -2.48
6.096e-05 -5.68 -2.4
6.1e-05 -5.68 -2.48
6.104e-05 -5.6 -2.48
6.108e-05 -5.6 -2.56
6.112e-05 -5.52 -2.4
6.116e-05 -5.52 -2.48
6.12e-05 -5.52 -2.4
6.124e-05 -5.44 -2.56
6.128e-05 -5.44 -2.48
6.132e-05 -5.36 -2.48
6.136e-05 -5.2 -2.48
6.14e-05 -5.2 -2.56
6.144e-05 -5.2 -2.56
6.148e-05 -5.2 -2.48
6.152e-05 -5.12 -2.48
6.156e-05 -5.12 -2.48
6.16e-05 -5.04 -2.48
6.164e-05 -4.96 -2.48
6.168e-05 -4.88 -2.4
6.172e-05 -4.88 -2.48
6.176e-05 -4.8 -2.48
6.18e-05 -4.8 -2.48
6.184e-05 -4.64 -2.4
6.188e-05 -4.56 -2.4
6.192e-05 -4.56 -2.48
6.196e-05 -4.48 -2.4
6.2e-05 -4.4 -2.4
6.204e-05 -4.4 -2.32
6.208e-05 -4.32 -2.4
6.212e-05 -4.24 -2.4
6.216e-05 -4.16 -2.4
6.22e-05 -4.16 -2.32
6.224e-05 -4.08 -2.32
6.228e-05 -3.92 -2.32
6.232e-05 -3.92 -2.32
6.236e-05 -3.84 -2.32
6.24e-05 -3.76 -2.32
6.244e-05 -3.6 -2.32
6.248e-05 -3.6 -2.24
6.252e-05 -3.6 -2.24
6.256e-05 -3.44 -2.24
6.26e-05 -3.36 -2.24
6.264e-05 -3.28 -2.24
6.268e-05 -3.2 -2.24
6.272e-05 -3.12 -2.16
6.276e-05 -3.04 -2.24
6.28e-05 -2.96 -2.16
6.284e-05 -2.88 -2.16
6.288e-05 -2.8 -2.16
6.292e-05 -2.72 -2.08
6.296e-05 -2.64 -2.08
6.3e-05 -2.56 -2
6.304e-05 -2.4 -2
6.308e-05 -2.32 -2
6.312e-05 -2.24 -2
6.316e-05 -2.24 -1.92
6.32e-05 -2.16 -1.92
6.324e-05 -2 -1.92
6.328e-05 -1.92 -1.92
6.332e-05 -1.84 -1.92
6.336e-05 -1.68 -1.84
6.34e-05 -1.6 -1.84
6.344e-05 -1.6 -1.76
6.348e-05 -1.52 -1.68
6.352e-05 -1.36 -1.76
6.356e-05 -1.28 -1.68
6.36e-05 -1.2 -1.68
6.364e-05 -1.12 -1.6
6.368e-05 -1.04 -1.6
6.372e-05 -0.88 -1.6
6.376e-05 -0.8 -1.6
6.38e-05 -0.72 -1.52
6.384e-05 -0.64 -1.52
6.388e-05 -0.56 -1.52
6.392e-05 -0.48 -1.52
6.396e-05 -0.4 -1.36
6.4e-05 -0.24 -1.36
6.404e-05 -0.16 -1.28
6.408e-05 0 -1.36
6.412e-05 0.08 -1.28
6.416e-05 0.16 -1.2
6.42e-05 0.32 -1.2
6.424e-05 0.32 -1.2
6.428e-05 0.4 -1.2
6.432e-05 0.64 -1.04
6.436e-05 0.64 -1.04
6.44e-05 0.8 -1.04
6.444e-05 0.8 -1.04
6.448e-05 0.96 -0.96
6.452e-05 0.96 -0.96
6.456e-05 1.12 -0.96
6.46e-05 1.28 -0.88
6.464e-05 1.28 -0.88
6.468e-05 1.36 -0.8
6.472e-05 1.52 -0.72
6.476e-05 1.6 -0.8
6.48e-05 1.68 -0.72
6.484e-05 1.76 -0.64
6.488e-05 1.92 -0.56
6.492e-05 1.92 -0.64
6.496e-05 2.08 -0.56
6.5e-05 2.08 -0.56
6.504e-05 2.24 -0.48
6.508e-05 2.32 -0.4
6.512e-05 2.4 -0.48
6.516e-05 2.48 -0.4
6.52e-05 2.56 -0.32
6.524e-05 2.64 -0.24
6.528e-05 2.72 -0.24
6.532e-05 2.88 -0.24
6.536e-05 2.88 -0.16
6.54e-05 2.96 0
6.544e-05 3.04 0
6.548e-05 3.12 0
6.552e-05 3.2 0
6.556e-05 3.28 0.08
6.56e-05 3.36 0.08
6.564e-05 3.44 0.16
6.568e-05 3.52 0.08
6.572e-05 3.6 0.24
6.576e-05 3.68 0.32
6.58e-05 3.68 0.32
6.584e-05 3.84 0.32
6.588e-05 3.84 0.32
6.592e-05 3.92 0.4
6.596e-05 4 0.48
6.6e-05 4.08 0.4
6.604e-05 4.16 0.48
6.608e-05 4.24 0.48
6.612e-05 4.32 0.56
6.616e-05 4.32 0.64
6.62e-05 4.4 0.64
6.624e-05 4.48 0.64
6.628e-05 4.56 0.72
6.632e-05 4.56 0.8
6.636e-05 4.64 0.72
6.64e-05 4.72 0.72
6.644e-05 4.8 0.88
6.648e-05 4.8 0.96
6.652e-05 4.88 0.96
6.656e-05 4.96 0.96
6.66e-05 5.04 1.04
6.664e-05 5.04 1.04
6.668e-05 5.12 1.04
6.672e-05 5.12 1.04
6.676e-05 5.2 1.04
6.68e-05 5.2 1.12
6.684e-05 5.2 1.2
6.688e-05 5.28 1.2
6.692e-05 5.44 1.2
6.696e-05 5.44 1.28
6.7e-05 5.44 1.36
6.704e-05 5.44 1.36
6.708e-05 5.52 1.36
6.712e-05 5.52 1.36
6.716e-05 5.6 1.44
6.72e-05 5.6 1.44
6.724e-05 5.6 1.44
6.728e-05 5.6 1.52
6.732e-05 5.68 1.52
6.736e-05 5.76 1.6
6.74e-05 5.76 1.6
6.744e-05 5.76 1.6
6.748e-05 5.84 1.6
6.752e-05 5.76 1.68
6.756e-05 5.76 1.76
6.76e-05 5.84 1.68
6.764e-05 5.84 1.68
6.768e-05 5.84 1.76
6.772e-05 5.92 1.84
6.776e-05 5.92 1.76
6.78e-05 5.92 1.84
6.784e-05 5.92 1.84
6.788e-05 5.92 1.92
6.792e-05 5.92 1.92
6.796e-05 5.92 1.84
6.8e-05 5.92 1.92
6.804e-05 5.92 2
6.808e-05 5.92 2
6.812e-05 5.92 2
6.816e-05 5.84 2
6.82e-05 5.92 2.08
6.824e-05 5.92 2.08
6.828e-05 5.92 2
6.832e-05 5.92 2.16
6.836e-05 5.92 2
6.84e-05 5.92 2.16
6.844e-05 5.84 2.16
6.848e-05 5.84 2.16
6.852e-05 5.84 2.16
6.856e-05 5.84 2.24
6.86e-05 5.76 2.24
6.864e-05 5.76 2.24
6.868e-05 5.76 2.24
6.872e-05 5.76 2.24
6.876e-05 5.68 2.24
6.88e-05 5.68 2.32
6.884e-05 5.6 2.24
6.888e-05 5.6 2.32
6.892e-05 5.6 2.32
6.896e-05 5.52 2.32
6.9e-05 5.52 2.24
6.904e-05 5.44 2.24
6.908e-05 5.44 2.32
6.912e-05 5.44 2.32
6.916e-05 5.44 2.32
6.92e-05 5.36 2.24
6.924e-05 5.28 2.32
6.928e-05 5.2 2.32
6.932e-05 5.2 2.32
6.936e-05 5.12 2.32
6.94e-05 5.12 2.32
6.944e-05 5.12 2.32
6.948e-05 5.04 2.32
6.952e-05 4.96 2.32
6.956e-05 4.88 2.24
6.96e-05 4.88 2.24
6.964e-05 4.8 2.32
6.968e-05 4.8 2.32
6.972e-05 4.64 2.32
6.976e-05 4.64 2.24
6.98e-05 4.56 2.32
6.984e-05 4.48 2.32
6.988e-05 4.48 2.24
6.992e-05 4.4 2.32
6.996e-05 4.32 2.24
7e-05 4.24 2.32
7.004e-05 4.24 2.24
7.008e-05 4.16 2.24
7.012e-05 4 2.24
7.016e-05 4 2.24
7.02e-05 3.92 2.24
7.024e-05 3.84 2.16
7.028e-05 3.84 2.08
7.032e-05 3.68 2.16
7.036e-05 3.6 2.16
7.04e-05 3.6 2.16
7.044e-05 3.52 2
7.048e-05 3.36 2.08
7.052e-05 3.28 2.08
7.056e-05 3.2 2.08
7.06e-05 3.2 2
7.064e-05 3.04 1.92
7.068e-05 3.04 2
7.072e-05 2.88 2
7.076e-05 2.88 2
7.08e-05 2.72 1.92
7.084e-05 2.64 1.92
7.088e-05 2.56 1.92
7.092e-05 2.48 1.92
7.096e-05 2.4 1.92
7.1e-05 2.32 1.76
7.104e-05 2.24 1.84
7.108e-05 2.24 1.76
7.112e-05 2.08 1.76
7.116e-05 2 1.76
7.12e-05 1.84 1.68
7.124e-05 1.76 1.68
7.128e-05 1.68 1.6
7.132e-05 1.6 1.6
7.136e-05 1.52 1.6
7.14e-05 1.44 1.6
7.144e-05 1.36 1.6
7.148e-05 1.28 1.52
7.152e-05 1.12 1.44
7.156e-05 1.04 1.44
7.16e-05 1.04 1.44
7.164e-05 0.96 1.44
7.168e-05 0.8 1.36
7.172e-05 0.64 1.36
7.176e-05 0.64 1.36
7.18e-05 0.48 1.36
7.184e-05 0.4 1.28
7.188e-05 0.24 1.28
7.192e-05 0.24 1.28
7.196e-05 0.08 1.2
7.2e-05 0 1.2
7.204e-05 -0.16 1.12
7.208e-05 -0.24 1.04
7.212e-05 -0.32 1.04
7.216e-05 -0.4 1.04
7.22e-05 -0.56 0.96
7.224e-05 -0.56 0.96
7.228e-05 -0.72 0.96
7.232e-05 -0.8 0.96
7.236e-05 -0.88 0.8
7.24e-05 -1.04 0.8
7.244e-05 -1.12 0.72
7.248e-05 -1.12 0.8
7.252e-05 -1.28 0.72
7.256e-05 -1.36 0.72
7.26e-05 -1.36 0.64
7.264e-05 -1.6 0.64
7.268e-05 -1.68 0.64
7.272e-05 -1.68 0.48
7.276e-05 -1.84 0.48
7.28e-05 -1.92 0.48
7.284e-05 -2 0.4
7.288e-05 -2.08 0.4
7.292e-05 -2.16 0.32
7.296e-05 -2.32 0.32
7.3e-05 -2.32 0.32
7.304e-05 -2.4 0.24
7.308e-05 -2.48 0.16
7.312e-05 -2.64 0.08
7.316e-05 -2.64 0.08
7.32e-05 -2.72 0.08
7.324e-05 -2.88 0.08
7.328e-05 -2.96 0
7.332e-05 -3.04 0
7.336e-05 -3.12 0
7.34e-05 -3.2 -0.16
7.344e-05 -3.28 -0.24
7.348e-05 -3.28 -0.24
7.352e-05 -3.44 -0.24
7.356e-05 -3.52 -0.32
7.36e-05 -3.6 -0.32
7.364e-05 -3.6 -0.4
7.368e-05 -3.76 -0.4
7.372e-05 -3.76 -0.4
7.376e-05 -3.84 -0.56
7.38e-05 -3.92 -0.56
7.384e-05 -4.08 -0.56
7.388e-05 -4.08 -0.56
7.392e-05 -4.16 -0.56
7.396e-05 -4.24 -0.72
7.4e-05 -4.24 -0.72
7.404e-05 -4.4 -0.72
7.408e-05 -4.4 -0.72
7.412e-05 -4.48 -0.8
7.416e-05 -4.56 -0.88
7.42e-05 -4.56 -0.88
7.424e-05 -4.72 -0.88
7.428e-05 -4.8 -0.96
7.432e-05 -4.8 -1.04
7.436e-05 -4.8 -1.04
7.44e-05 -4.88 -1.04
7.444e-05 -4.88 -1.04
7.448e-05 -5.04 -1.12
7.452e-05 -5.12 -1.2
7.456e-05 -5.12 -1.2
7.46e-05 -5.12 -1.2
7.464e-05 -5.2 -1.28
7.468e-05 -5.2 -1.36
7.472e-05 -5.36 -1.36
7.476e-05 -5.36 -1.36
7.48e-05 -5.36 -1.36
7.484e-05 -5.44 -1.36
7.488e-05 -5.44 -1.52
7.492e-05 -5.52 -1.52
7.496e-05 -5.52 -1.52
7.5e-05 -5.52 -1.52
7.504e-05 -5.6 -1.6
7.508e-05 -5.68 -1.6
7.512e-05 -5.68 -1.6
7.516e-05 -5.68 -1.6
7.52e-05 -5.76 -1.68
7.524e-05 -5.76 -1.68
7.528e-05 -5.76 -1.76
7.532e-05 -5.84 -1.76
7.536e-05 -5.84 -1.76
7.54e-05 -5.84 -1.84
7.544e-05 -5.84 -1.84
7.548e-05 -5.84 -1.84
7.552e-05 -5.84 -1.92
7.556e-05 -6 -2
7.56e-05 -6 -1.92
7.564e-05 -6 -1.92
7.568e-05 -6 -2
7.572e-05 -6 -2
7.576e-05 -6 -2.08
7.58e-05 -6 -2
7.584e-05 -6.08 -2
7.588e-05 -6 -2.08
7.592e-05 -6.08 -2.16
7.596e-05 -6.08 -2.24
7.6e-05 -6 -2.16
7.604e-05 -6 -2.16
7.608e-05 -6 -2.16
7.612e-05 -6.08 -2.24
7.616e-05 -6.08 -2.24
7.62e-05 -6.08 -2.24
7.624e-05 -6 -2.24
7.628e-05 -6 -2.24
7.632e-05 -6 -2.32
7.636e-05 -6 -2.32
7.64e-05 -5.92 -2.32
7.644e-05 -6 -2.32
7.648e-05 -5.84 -2.4
7.652e-05 -5.84 -2.32
7.656e-05 -5.84 -2.32
7.66e-05 -5.84 -2.4
7.664e-05 -5.84 -2.4
7.668e-05 -5.84 -2.4
7.672e-05 -5.76 -2.4
7.676e-05 -5.76 -2.4
7.68e-05 -5.68 -2.48
7.684e-05 -5.68 -2.4
7.688e-05 -5.68 -2.48
7.692e-05 -5.52 -2.4
7.696e-05 -5.52 -2.48
7.7e-05 -5.52 -2.48
7.704e-05 -5.52 -2.4
7.708e-05 -5.52 -2.48
7.712e-05 -5.44 -2.48
7.716e-05 -5.36 -2.56
7.72e-05 -5.36 -2.56
7.724e-05 -5.36 -2.48
7.728e-05 -5.2 -2.48
7.732e-05 -5.2 -2.48
7.736e-05 -5.12 -2.56
7.74e-05 -5.12 -2.48
7.744e-05 -5.04 -2.48
7.748e-05 -5.04 -2.56
7.752e-05 -4.96 -2.4
7.756e-05 -4.88 -2.56
7.76e-05 -4.88 -2.32
7.764e-05 -4.88 -2.48
7.768e-05 -4.8 -2.48
7.772e-05 -4.72 -2.48
7.776e-05 -4.64 -2.48
7.78e-05 -4.56 -2.4
7.784e-05 -4.48 -2.48
7.788e-05 -4.4 -2.48
7.792e-05 -4.4 -2.48
7.796e-05 -4.32 -2.4
7.8e-05 -4.24 -2.32
7.804e-05 -4.16 -2.32
7.808e-05 -4.08 -2.32
7.812e-05 -4.08 -2.32
7.816e-05 -3.92 -2.32
7.82e-05 -3.92 -2.32
7.824e-05 -3.84 -2.32
7.828e-05 -3.76 -2.24
7.832e-05 -3.6 -2.32
7.836e-05 -3.6 -2.24
7.84e-05 -3.52 -2.32
7.844e-05 -3.44 -2.24
7.848e-05 -3.28 -2.24
7.852e-05 -3.28 -2.24
7.856e-05 -3.2 -2.24
7.86e-05 -3.12 -2.16
7.864e-05 -2.96 -2.16
7.868e-05 -2.96 -2.16
7.872e-05 -2.88 -2.16
7.876e-05 -2.8 -2.16
7.88e-05 -2.64 -2.16
7.884e-05 -2.64 -2.08
7.888e-05 -2.56 -2.08
7.892e-05 -2.48 -2
7.896e-05 -2.32 -2
7.9e-05 -2.24 -1.92
7.904e-05 -2.16 -2
7.908e-05 -2.08 -1.92
7.912e-05 -2 -1.92
7.916e-05 -1.92 -1.92
7.92e-05 -1.84 -1.84
7.924e-05 -1.68 -1.84
7.928e-05 -1.68 -1.84
7.932e-05 -1.6 -1.76
7.936e-05 -1.52 -1.68
7.94e-05 -1.36 -1.76
7.944e-05 -1.28 -1.68
7.948e-05 -1.2 -1.68
7.952e-05 -1.04 -1.6
7.956e-05 -1.04 -1.6
7.96e-05 -0.96 -1.6
7.964e-05 -0.88 -1.6
7.968e-05 -0.72 -1.52
7.972e-05 -0.64 -1.44
7.976e-05 -0.56 -1.44
7.98e-05 -0.4 -1.36
7.984e-05 -0.4 -1.44
7.988e-05 -0.24 -1.36
7.992e-05 0 -1.36
7.996e-05 0 -1.36
8e-05 0.16 -1.28
8.004e-05 0.16 -1.28
8.008e-05 0.32 -1.2
8.012e-05 0.4 -1.2
8.016e-05 0.48 -1.2
8.02e-05 0.56 -1.12
8.024e-05 0.72 -1.04
8.028e-05 0.8 -1.04
8.032e-05 0.88 -1.04
8.036e-05 0.96 -0.96
8.04e-05 1.04 -0.96
8.044e-05 1.12 -0.88
8.048e-05 1.28 -0.88
8.052e-05 1.36 -0.88
8.056e-05 1.44 -0.88
8.06e-05 1.52 -0.72
8.064e-05 1.6 -0.72
8.068e-05 1.68 -0.72
8.072e-05 1.76 -0.72
8.076e-05 1.84 -0.64
8.08e-05 1.92 -0.56
8.084e-05 2.08 -0.56
8.088e-05 2.16 -0.56
8.092e-05 2.24 -0.48
8.096e-05 2.32 -0.4
8.1e-05 2.4 -0.4
8.104e-05 2.48 -0.4
8.108e-05 2.56 -0.32
8.112e-05 2.64 -0.24
8.116e-05 2.72 -0.24
8.12e-05 2.88 -0.24
8.124e-05 2.96 -0.16
8.128e-05 2.96 0
8.132e-05 3.12 0
8.136e-05 3.2 0
8.14e-05 3.2 0
8.144e-05 3.28 0.08
8.148e-05 3.36 0.16
8.152e-05 3.52 0.16
8.156e-05 3.52 0.16
8.16e-05 3.6 0.16
8.164e-05 3.68 0.24
8.168e-05 3.84 0.32
8.172e-05 3.84 0.32
8.176e-05 3.92 0.32
8.18e-05 3.92 0.4
8.184e-05 4 0.4
8.188e-05 4.08 0.48
8.192e-05 4.16 0.48
8.196e-05 4.24 0.56
8.2e-05 4.32 0.56
8.204e-05 4.32 0.64
8.208e-05 4.48 0.64
8.212e-05 4.48 0.64
8.216e-05 4.56 0.72
8.22e-05 4.64 0.72
8.224e-05 4.8 0.8
8.228e-05 4.8 0.8
8.232e-05 4.8 0.88
8.236e-05 4.88 0.96
8.24e-05 4.96 0.96
8.244e-05 4.96 0.96
8.248e-05 4.96 0.96
8.252e-05 5.04 0.96
8.256e-05 5.12 1.12
8.26e-05 5.12 1.12
8.264e-05 5.2 1.12
8.268e-05 5.2 1.12
8.272e-05 5.28 1.2
8.276e-05 5.28 1.28
8.28e-05 5.36 1.28
8.284e-05 5.44 1.28
8.288e-05 5.44 1.28
8.292e-05 5.52 1.28
8.296e-05 5.52 1.36
8.3e-05 5.52 1.36
8.304e-05 5.6 1.44
8.308e-05 5.6 1.44
8.312e-05 5.6 1.52
8.316e-05 5.68 1.52
8.32e-05 5.6 1.52
8.324e-05 5.76 1.6
8.328e-05 5.76 1.68
8.332e-05 5.84 1.6
8.336e-05 5.84 1.6
8.34e-05 5.84 1.6
8.344e-05 5.84 1.68
8.348e-05 5.84 1.76
8.352e-05 5.84 1.68
8.356e-05 5.84 1.76
8.36e-05 5.92 1.76
8.364e-05 5.92 1.84
8.368e-05 5.92 1.84
8.372e-05 5.92 1.92
8.376e-05 6 1.92
8.38e-05 5.92 1.92
8.384e-05 5.92 1.92
8.388e-05 5.92 1.92
8.392e-05 5.92 1.92
8.396e-05 5.92 2
8.4e-05 5.92 2
8.404e-05 5.92 2.08
8.408e-05 5.92 2
8.412e-05 5.92 2.08
8.416e-05 5.92 2.08
8.42e-05 5.84 2.08
8.424e-05 5.92 2.08
8.428e-05 5.84 2.08
8.432e-05 5.84 2.24
8.436e-05 5.84 2.24
8.44e-05 5.84 2.24
8.444e-05 5.84 2.16
8.448e-05 5.76 2.24
8.452e-05 5.76 2.24
8.456e-05 5.76 2.24
8.46e-05 5.76 2.16
8.464e-05 5.76 2.24
8.468e-05 5.76 2.24
8.472e-05 5.6 2.32
8.476e-05 5.6 2.24
8.48e-05 5.6 2.24
8.484e-05 5.52 2.24
8.488e-05 5.52 2.32
8.492e-05 5.44 2.24
8.496e-05 5.44 2.32
8.5e-05 5.44 2.32
8.504e-05 5.44 2.32
8.508e-05 5.36 2.32
8.512e-05 5.28 2.24
8.516e-05 5.2 2.24
8.52e-05 5.2 2.32
8.524e-05 5.2 2.32
8.528e-05 5.12 2.32
8.532e-05 5.12 2.24
8.536e-05 5.04 2.32
8.54e-05 4.96 2.32
8.544e-05 4.88 2.24
8.548e-05 4.88 2.32
8.552e-05 4.8 2.32
8.556e-05 4.8 2.32
8.56e-05 4.64 2.32
8.564e-05 4.64 2.24
8.568e-05 4.56 2.24
8.572e-05 4.48 2.32
8.576e-05 4.48 2.24
8.58e-05 4.32 2.24
8.584e-05 4.32 2.24
8.588e-05 4.24 2.24
8.592e-05 4.16 2.24
8.596e-05 4.16 2.24
8.6e-05 4 2.16
8.604e-05 4 2.24
8.608e-05 3.92 2.24
8.612e-05 3.84 2.24
8.616e-05 3.84 2.24
8.62e-05 3.68 2.16
8.624e-05 3.6 2.16
8.628e-05 3.6 2.16
8.632e-05 3.52 2.08
8.636e-05 3.36 2.08
8.64e-05 3.36 2
8.644e-05 3.2 2.08
8.648e-05 3.2 2
8.652e-05 3.04 2.08
8.656e-05 2.96 2
8.66e-05 2.88 2.08
8.664e-05 2.8 2
8.668e-05 2.72 1.92
8.672e-05 2.64 1.92
8.676e-05 2.56 1.84
8.68e-05 2.56 1.92
8.684e-05 2.32 1.84
8.688e-05 2.32 1.76
8.692e-05 2.24 1.84
8.696e-05 2.08 1.84
8.7e-05 2.08 1.84
8.704e-05 1.92 1.68
8.708e-05 1.84 1.68
8.712e-05 1.76 1.68
8.716e-05 1.68 1.6
8.72e-05 1.6 1.68
8.724e-05 1.44 1.6
8.728e-05 1.36 1.6
8.732e-05 1.36 1.6
8.736e-05 1.28 1.6
8.74e-05 1.12 1.52
8.744e-05 1.04 1.52
8.748e-05 0.96 1.44
8.752e-05 0.88 1.44
8.756e-05 0.8 1.36
8.76e-05 0.64 1.36
8.764e-05 0.48 1.28
8.768e-05 0.48 1.28
8.772e-05 0.4 1.28
8.776e-05 0.32 1.2
8.78e-05 0.16 1.2
8.784e-05 0.16 1.2
8.788e-05 0 1.12
8.792e-05 -0.16 1.12
8.796e-05 -0.24 1.04
8.8e-05 -0.4 1.04
8.804e-05 -0.4 1.04
8.808e-05 -0.56 0.96
8.812e-05 -0.64 0.88
8.816e-05 -0.72 0.96
8.82e-05 -0.8 0.88
8.824e-05 -0.96 0.88
8.828e-05 -1.04 0.8
8.832e-05 -1.04 0.8
8.836e-05 -1.2 0.8
8.84e-05 -1.28 0.72
8.844e-05 -1.36 0.64
8.848e-05 -1.52 0.64
8.852e-05 -1.6 0.64
8.856e-05 -1.68 0.64
8.86e-05 -1.68 0.48
8.864e-05 -1.84 0.48
8.868e-05 -1.92 0.4
8.872e-05 -2 0.48
8.876e-05 -2.08 0.4
8.88e-05 -2.24 0.4
8.884e-05 -2.24 0.32
8.888e-05 -2.4 0.32
8.892e-05 -2.48 0.32
8.896e-05 -2.56 0.24
8.9e-05 -2.64 0.16
8.904e-05 -2.64 0.08
8.908e-05 -2.8 0.08
8.912e-05 -2.96 0.08
8.916e-05 -2.96 0
8.92e-05 -3.12 0
8.924e-05 -3.2 0
8.928e-05 -3.2 -0.16
8.932e-05 -3.28 -0.24
8.936e-05 -3.36 -0.24
8.94e-05 -3.44 -0.24
8.944e-05 -3.52 -0.24
8.948e-05 -3.6 -0.32
8.952e-05 -3.6 -0.4
8.956e-05 -3.76 -0.4
8.96e-05 -3.84 -0.4
8.964e-05 -3.92 -0.4
8.968e-05 -3.92 -0.56
8.972e-05 -3.92 -0.56
8.976e-05 -4.08 -0.56
8.98e-05 -4.16 -0.64
8.984e-05 -4.24 -0.64
8.988e-05 -4.24 -0.72
8.992e-05 -4.4 -0.8
8.996e-05 -4.48 -0.8
9e-05 -4.48 -0.8
9.004e-05 -4.56 -0.88
9.008e-05 -4.56 -0.88
9.012e-05 -4.72 -0.96
9.016e-05 -4.72 -0.96
9.02e-05 -4.8 -0.96
9.024e-05 -4.8 -1.04
9.028e-05 -4.88 -1.04
9.032e-05 -4.88 -1.04
9.036e-05 -5.04 -1.12
9.04e-05 -5.04 -1.2
9.044e-05 -5.2 -1.2
9.048e-05 -5.12 -1.2
9.052e-05 -5.2 -1.2
9.056e-05 -5.2 -1.28
9.06e-05 -5.28 -1.36
9.064e-05 -5.28 -1.36
9.068e-05 -5.36 -1.36
9.072e-05 -5.44 -1.36
9.076e-05 -5.44 -1.44
9.08e-05 -5.52 -1.52
9.084e-05 -5.52 -1.52
9.088e-05 -5.6 -1.52
9.092e-05 -5.52 -1.6
9.096e-05 -5.68 -1.6
9.1e-05 -5.68 -1.6
9.104e-05 -5.68 -1.68
9.108e-05 -5.76 -1.68
9.112e-05 -5.76 -1.76
9.116e-05 -5.84 -1.68
9.12e-05 -5.84 -1.76
9.124e-05 -5.84 -1.76
9.128e-05 -5.84 -1.84
9.132e-05 -5.84 -1.92
9.136e-05 -5.84 -1.84
9.14e-05 -5.84 -1.84
9.144e-05 -6 -1.92
9.148e-05 -6 -2
9.152e-05 -6 -2
9.156e-05 -6.08 -2
9.16e-05 -6 -2
9.164e-05 -6 -2
9.168e-05 -6 -2.08
9.172e-05 -6.08 -2.08
9.176e-05 -6 -2
9.18e-05 -6 -2.16
9.184e-05 -6.08 -2.16
9.188e-05 -6.08 -2.16
9.192e-05 -6 -2.16
9.196e-05 -6.08 -2.16
9.2e-05 -6.08 -2.24
9.204e-05 -6.08 -2.24
9.208e-05 -6.08 -2.24
9.212e-05 -6 -2.24
9.216e-05 -6 -2.32
9.22e-05 -6 -2.32
9.224e-05 -6 -2.32
9.228e-05 -5.92 -2.24
9.232e-05 -6 -2.32
9.236e-05 -6 -2.4
9.24e-05 -5.92 -2.32
9.244e-05 -5.84 -2.4
9.248e-05 -5.76 -2.32
9.252e-05 -5.84 -2.32
9.256e-05 -5.84 -2.4
9.26e-05 -5.76 -2.4
9.264e-05 -5.76 -2.4
9.268e-05 -5.68 -2.4
9.272e-05 -5.68 -2.48
9.276e-05 -5.68 -2.48
9.28e-05 -5.52 -2.48
9.284e-05 -5.52 -2.48
9.288e-05 -5.52 -2.48
9.292e-05 -5.52 -2.48
9.296e-05 -5.44 -2.48
9.3e-05 -5.36 -2.48
9.304e-05 -5.44 -2.48
9.308e-05 -5.36 -2.48
9.312e-05 -5.36 -2.48
9.316e-05 -5.2 -2.4
9.32e-05 -5.2 -2.48
9.324e-05 -5.2 -2.48
9.328e-05 -5.12 -2.56
9.332e-05 -5.04 -2.48
9.336e-05 -5.04 -2.48
9.34e-05 -4.96 -2.48
9.344e-05 -4.88 -2.48
9.348e-05 -4.8 -2.48
9.352e-05 -4.8 -2.48
9.356e-05 -4.72 -2.4
9.36e-05 -4.72 -2.48
9.364e-05 -4.56 -2.4
9.368e-05 -4.48 -2.48
9.372e-05 -4.48 -2.4
9.376e-05 -4.4 -2.4
9.38e-05 -4.4 -2.48
9.384e-05 -4.32 -2.32
9.388e-05 -4.24 -2.4
9.392e-05 -4.16 -2.32
9.396e-05 -4.08 -2.4
9.4e-05 -4.08 -2.4
9.404e-05 -3.92 -2.32
9.408e-05 -3.92 -2.32
9.412e-05 -3.84 -2.32
9.416e-05 -3.76 -2.32
9.42e-05 -3.68 -2.24
9.424e-05 -3.6 -2.24
9.428e-05 -3.52 -2.32
9.432e-05 -3.44 -2.32
9.436e-05 -3.36 -2.32
9.44e-05 -3.28 -2.24
9.444e-05 -3.2 -2.24
9.448e-05 -3.12 -2.16
9.452e-05 -3.04 -2.16
9.456e-05 -2.96 -2.16
9.46e-05 -2.88 -2.16
9.464e-05 -2.72 -2.16
9.468e-05 -2.64 -2.08
9.472e-05 -2.64 -2.08
9.476e-05 -2.48 -2
9.48e-05 -2.4 -2
9.484e-05 -2.32 -2
9.488e-05 -2.32 -2
9.492e-05 -2.16 -2
9.496e-05 -2.08 -1.92
9.5e-05 -2 -1.92
9.504e-05 -1.92 -1.92
9.508e-05 -1.84 -1.84
9.512e-05 -1.68 -1.84
9.516e-05 -1.68 -1.76
9.52e-05 -1.52 -1.84
9.524e-05 -1.52 -1.76
9.528e-05 -1.36 -1.68
9.532e-05 -1.28 -1.68
9.536e-05 -1.2 -1.6
9.54e-05 -1.04 -1.68
9.544e-05 -1.04 -1.68
9.548e-05 -0.88 -1.6
9.552e-05 -0.8 -1.6
9.556e-05 -0.64 -1.6
9.56e-05 -0.64 -1.52
9.564e-05 -0.48 -1.44
9.568e-05 -0.4 -1.44
9.572e-05 -0.32 -1.36
9.576e-05 -0.24 -1.36
9.58e-05 -0.16 -1.36
9.584e-05 0 -1.28
9.588e-05 0.16 -1.28
9.592e-05 0.24 -1.2
9.596e-05 0.32 -1.28
9.6e-05 0.4 -1.12
9.604e-05 0.48 -1.12
9.608e-05 0.64 -1.12
9.612e-05 0.72 -1.12
9.616e-05 0.8 -1.04
9.62e-05 0.96 -1.04
9.624e-05 0.96 -1.04
9.628e-05 1.04 -0.96
9.632e-05 1.12 -0.96
9.636e-05 1.28 -0.88
9.64e-05 1.36 -0.8
9.644e-05 1.44 -0.8
9.648e-05 1.52 -0.8
9.652e-05 1.6 -0.72
9.656e-05 1.68 -0.64
9.66e-05 1.76 -0.72
9.664e-05 1.92 -0.64
9.668e-05 1.92 -0.56
9.672e-05 2.08 -0.56
9.676e-05 2.16 -0.48
9.68e-05 2.24 -0.48
9.684e-05 2.32 -0.4
9.688e-05 2.4 -0.32
9.692e-05 2.56 -0.32
9.696e-05 2.56 -0.32
9.7e-05 2.64 -0.32
9.704e-05 2.72 -0.24
9.708e-05 2.88 -0.24
9.712e-05 2.96 -0.24
9.716e-05 3.04 -0.16
9.72e-05 3.12 0
9.724e-05 3.2 0
9.728e-05 3.2 0
9.732e-05 3.36 0.08
9.736e-05 3.44 0.08
9.74e-05 3.52 0.16
9.744e-05 3.52 0.16
9.748e-05 3.6 0.16
9.752e-05 3.68 0.32
9.756e-05 3.84 0.32
9.76e-05 3.84 0.4
9.764e-05 3.92 0.4
9.768e-05 3.92 0.4
9.772e-05 4.08 0.4
9.776e-05 4.16 0.48
9.78e-05 4.16 0.48
9.784e-05 4.24 0.56
9.788e-05 4.24 0.56
9.792e-05 4.32 0.64
9.796e-05 4.4 0.64
9.8e-05 4.48 0.72
9.804e-05 4.56 0.72
9.808e-05 4.64 0.8
9.812e-05 4.64 0.8
9.816e-05 4.72 0.8
9.82e-05 4.8 0.88
9.824e-05 4.88 0.88
9.828e-05 4.96 0.96
9.832e-05 4.96 0.96
9.836e-05 4.96 0.96
9.84e-05 5.04 0.96
9.844e-05 5.12 1.04
9.848e-05 5.12 1.12
9.852e-05 5.2 1.12
9.856e-05 5.28 1.12
9.86e-05 5.28 1.2
9.864e-05 5.28 1.28
9.868e-05 5.36 1.28
9.872e-05 5.44 1.28
9.876e-05 5.44 1.28
9.88e-05 5.44 1.36
9.884e-05 5.6 1.44
9.888e-05 5.52 1.36
9.892e-05 5.52 1.36
9.896e-05 5.6 1.44
9.9e-05 5.6 1.52
9.904e-05 5.76 1.52
9.908e-05 5.76 1.44
9.912e-05 5.76 1.6
9.916e-05 5.76 1.6
9.92e-05 5.84 1.6
9.924e-05 5.84 1.68
9.928e-05 5.84 1.68
9.932e-05 5.84 1.76
9.936e-05 5.84 1.76
9.94e-05 5.84 1.76
9.944e-05 5.92 1.76
9.948e-05 5.84 1.68
9.952e-05 5.84 1.84
9.956e-05 5.92 1.84
9.96e-05 5.92 1.92
9.964e-05 5.92 1.84
9.968e-05 5.92 1.92
9.972e-05 5.92 2
9.976e-05 5.92 1.92
9.98e-05 5.92 1.92
9.984e-05 5.92 2
9.988e-05 5.92 2.08
9.992e-05 5.92 2.08
9.996e-05 5.92 2.08
0.0001 5.92 2.16
0.00010004 5.84 2.08
0.00010008 5.84 2.08
0.00010012 5.92 2.08
0.00010016 5.92 2.08
0.0001002 5.84 2.24
0.00010024 5.84 2.08
0.00010028 5.84 2.24
0.00010032 5.76 2.16
0.00010036 5.76 2.24
0.0001004 5.76 2.24
0.00010044 5.76 2.24
0.00010048 5.76 2.24
0.00010052 5.6 2.24
0.00010056 5.68 2.24
0.0001006 5.6 2.32
0.00010064 5.6 2.32
0.00010068 5.6 2.24
0.00010072 5.6 2.24
0.00010076 5.52 2.32
0.0001008 5.44 2.32
0.00010084 5.44 2.32
0.00010088 5.44 2.24
0.00010092 5.28 2.32
0.00010096 5.28 2.32
0.000101 5.28 2.32
0.00010104 5.2 2.32
0.00010108 5.12 2.32
0.00010112 5.12 2.32
0.00010116 5.12 2.32
0.0001012 5.04 2.24
0.00010124 4.96 2.32
0.00010128 4.96 2.32
0.00010132 4.88 2.32
0.00010136 4.88 2.24
0.0001014 4.8 2.24
0.00010144 4.8 2.24
0.00010148 4.64 2.32
0.00010152 4.56 2.24
0.00010156 4.56 2.24
0.0001016 4.48 2.24
0.00010164 4.48 2.32
0.00010168 4.32 2.32
0.00010172 4.24 2.24
0.00010176 4.24 2.24
0.0001018 4.16 2.24
0.00010184 4.16 2.32
0.00010188 4 2.24
0.00010192 3.92 2.16
0.00010196 3.92 2.24
0.000102 3.84 2.16
0.00010204 3.76 2.16
0.00010208 3.68 2.08
0.00010212 3.6 2.16
0.00010216 3.52 2.08
0.0001022 3.44 2.16
0.00010224 3.36 2.08
0.00010228 3.2 2.08
0.00010232 3.2 2.08
0.00010236 3.2 2.08
0.0001024 3.04 2
0.00010244 2.96 2
0.00010248 2.88 1.92
0.00010252 2.88 2
0.00010256 2.72 2
0.0001026 2.56 1.92
0.00010264 2.56 1.92
0.00010268 2.48 1.84
0.00010272 2.32 1.84
0.00010276 2.24 1.76
0.0001028 2.24 1.84
0.00010284 2.16 1.76
0.00010288 2.08 1.76
0.00010292 1.92 1.68
0.00010296 1.84 1.68
0.000103 1.76 1.68
0.00010304 1.6 1.68
0.00010308 1.6 1.6
0.00010312 1.44 1.6
0.00010316 1.36 1.6
0.0001032 1.28 1.52
0.00010324 1.28 1.6
0.00010328 1.12 1.52
0.00010332 1.04 1.44
0.00010336 0.96 1.36
0.0001034 0.8 1.44
0.00010344 0.72 1.44
0.00010348 0.64 1.36
0.00010352 0.48 1.28
0.00010356 0.48 1.28
0.0001036 0.32 1.28
0.00010364 0.32 1.28
0.00010368 0.16 1.28
0.00010372 0.08 1.2
0.00010376 0 1.12
0.0001038 -0.16 1.12
0.00010384 -0.32 1.04
0.00010388 -0.32 1.04
0.00010392 -0.4 0.96
0.00010396 -0.56 1.04
0.000104 -0.64 0.96
0.00010404 -0.72 0.88
0.00010408 -0.88 0.88
0.00010412 -0.96 0.88
0.00010416 -1.04 0.88
0.0001042 -1.2 0.72
0.00010424 -1.2 0.72
0.00010428 -1.28 0.72
0.00010432 -1.36 0.72
0.00010436 -1.52 0.64
0.0001044 -1.6 0.56
0.00010444 -1.68 0.56
0.00010448 -1.76 0.48
0.00010452 -1.84 0.48
0.00010456 -1.92 0.4
0.0001046 -2 0.4
0.00010464 -2.16 0.4
0.00010468 -2.24 0.32
0.00010472 -2.32 0.32
0.00010476 -2.32 0.24
0.0001048 -2.48 0.24
0.00010484 -2.56 0.16
0.00010488 -2.64 0.16
0.00010492 -2.72 0.08
0.00010496 -2.88 0.08
0.000105 -2.96 0.08
0.00010504 -2.96 0
0.00010508 -2.96 0
0.00010512 -3.12 -0.16
0.00010516 -3.2 -0.24
0.0001052 -3.28 -0.16
0.00010524 -3.44 -0.24
0.00010528 -3.44 -0.32
0.00010532 -3.52 -0.32
0.00010536 -3.6 -0.4
0.0001054 -3.6 -0.32
0.00010544 -3.76 -0.4
0.00010548 -3.84 -0.4
0.00010552 -3.92 -0.48
0.00010556 -3.92 -0.56
0.0001056 -4 -0.56
0.00010564 -4.16 -0.64
0.00010568 -4.24 -0.64
0.00010572 -4.24 -0.64
0.00010576 -4.24 -0.72
0.0001058 -4.4 -0.8
0.00010584 -4.48 -0.8
0.00010588 -4.48 -0.8
0.00010592 -4.56 -0.88
0.00010596 -4.56 -0.88
0.000106 -4.72 -0.96
0.00010604 -4.72 -0.88
0.00010608 -4.8 -0.96
0.00010612 -4.88 -1.04
0.00010616 -4.88 -1.04
0.0001062 -4.96 -1.12
0.00010624 -5.04 -1.12
0.00010628 -5.04 -1.12
0.00010632 -5.12 -1.2
0.00010636 -5.2 -1.28
0.0001064 -5.2 -1.28
0.00010644 -5.28 -1.28
0.00010648 -5.36 -1.36
0.00010652 -5.36 -1.36
0.00010656 -5.36 -1.36
0.0001066 -5.44 -1.44
0.00010664 -5.44 -1.44
0.00010668 -5.52 -1.52
0.00010672 -5.52 -1.52
0.00010676 -5.52 -1.52
0.0001068 -5.6 -1.6
0.00010684 -5.68 -1.6
0.00010688 -5.68 -1.68
0.00010692 -5.68 -1.6
0.00010696 -5.76 -1.68
0.000107 -5.76 -1.68
0.00010704 -5.84 -1.76
0.00010708 -5.84 -1.84
0.00010712 -5.84 -1.76
0.00010716 -5.84 -1.84
0.0001072 -5.92 -1.84
0.00010724 -5.92 -1.92
0.00010728 -6 -1.92
0.00010732 -6 -1.92
0.00010736 -6 -2
0.0001074 -6 -2
0.00010744 -6 -2
0.00010748 -6 -2
0.00010752 -6 -2
0.00010756 -6 -2.08
0.0001076 -6 -2.16
0.00010764 -6 -2.16
0.00010768 -6 -2.08
0.00010772 -6 -2.16
0.00010776 -6 -2.16
0.0001078 -6 -2.16
0.00010784 -6.08 -2.24
0.00010788 -6.08 -2.24
0.00010792 -6 -2.24
0.00010796 -6.08 -2.32
0.000108 -6 -2.24
0.00010804 -6 -2.24
0.00010808 -6 -2.32
0.00010812 -6 -2.32
0.00010816 -6 -2.32
0.0001082 -5.92 -2.32
0.00010824 -6 -2.32
0.00010828 -5.84 -2.4
0.00010832 -5.84 -2.4
0.00010836 -5.84 -2.32
0.0001084 -5.84 -2.32
0.00010844 -5.76 -2.4
0.00010848 -5.76 -2.48
0.00010852 -5.76 -2.48
0.00010856 -5.68 -2.48
0.0001086 -5.68 -2.4
0.00010864 -5.68 -2.48
0.00010868 -5.68 -2.48
0.00010872 -5.52 -2.32
0.00010876 -5.52 -2.48
0.0001088 -5.44 -2.48
0.00010884 -5.44 -2.48
0.00010888 -5.44 -2.48
0.00010892 -5.36 -2.48
0.00010896 -5.36 -2.56
0.000109 -5.2 -2.48
0.00010904 -5.2 -2.56
0.00010908 -5.2 -2.48
0.00010912 -5.2 -2.48
0.00010916 -5.12 -2.48
0.0001092 -5.04 -2.48
0.00010924 -5.04 -2.56
0.00010928 -4.88 -2.48
0.00010932 -4.88 -2.56
0.00010936 -4.88 -2.48
0.0001094 -4.8 -2.48
0.00010944 -4.72 -2.48
0.00010948 -4.64 -2.48
0.00010952 -4.56 -2.48
0.00010956 -4.56 -2.4
0.0001096 -4.48 -2.4
0.00010964 -4.4 -2.4
0.00010968 -4.24 -2.48
0.00010972 -4.24 -2.4
0.00010976 -4.16 -2.4
0.0001098 -4.16 -2.32
0.00010984 -4.08 -2.4
0.00010988 -4 -2.4
0.00010992 -3.92 -2.32
0.00010996 -3.92 -2.32
0.00011 -3.84 -2.32
0.00011004 -3.76 -2.32
0.00011008 -3.6 -2.32
0.00011012 -3.6 -2.24
0.00011016 -3.52 -2.24
0.0001102 -3.44 -2.24
0.00011024 -3.28 -2.24
0.00011028 -3.28 -2.24
0.00011032 -3.12 -2.16
0.00011036 -3.12 -2.24
0.0001104 -2.96 -2.16
0.00011044 -2.96 -2.16
0.00011048 -2.8 -2.16
0.00011052 -2.8 -2.16
0.00011056 -2.64 -2.16
0.0001106 -2.56 -2.08
0.00011064 -2.48 -2
0.00011068 -2.4 -1.92
0.00011072 -2.32 -2
0.00011076 -2.24 -2
0.0001108 -2.16 -2
0.00011084 -2.08 -1.92
0.00011088 -2 -1.84
0.00011092 -1.92 -1.92
0.00011096 -1.84 -1.92
0.000111 -1.68 -1.84
0.00011104 -1.6 -1.76
0.00011108 -1.52 -1.76
0.00011112 -1.36 -1.76
0.00011116 -1.28 -1.76
0.0001112 -1.28 -1.68
0.00011124 -1.12 -1.68
0.00011128 -1.04 -1.6
0.00011132 -0.96 -1.6
0.00011136 -0.88 -1.6
0.0001114 -0.88 -1.52
0.00011144 -0.64 -1.6
0.00011148 -0.56 -1.44
0.00011152 -0.48 -1.44
0.00011156 -0.4 -1.44
0.0001116 -0.32 -1.36
0.00011164 -0.16 -1.36
0.00011168 0 -1.28
0.00011172 0 -1.28
0.00011176 0.16 -1.28
0.0001118 0.32 -1.28
0.00011184 0.32 -1.28
0.00011188 0.4 -1.2
0.00011192 0.48 -1.04
0.00011196 0.64 -1.12
0.000112 0.72 -1.04
0.00011204 0.8 -1.04
0.00011208 0.96 -1.04
0.00011212 1.04 -0.96
0.00011216 1.12 -0.96
0.0001122 1.12 -0.96
0.00011224 1.28 -0.88
0.00011228 1.36 -0.88
0.00011232 1.44 -0.8
0.00011236 1.52 -0.88
0.0001124 1.68 -0.72
0.00011244 1.68 -0.72
0.00011248 1.92 -0.64
0.00011252 1.92 -0.64
0.00011256 2 -0.56
0.0001126 2.08 -0.48
0.00011264 2.16 -0.4
0.00011268 2.24 -0.48
0.00011272 2.4 -0.4
0.00011276 2.4 -0.4
0.0001128 2.48 -0.32
0.00011284 2.56 -0.32
0.00011288 2.72 -0.32
0.00011292 2.72 -0.24
0.00011296 2.88 -0.24
0.000113 2.96 -0.16
0.00011304 2.96 -0.16
0.00011308 3.04 0
0.00011312 3.2 0
0.00011316 3.28 0.08
0.0001132 3.36 0.08
0.00011324 3.36 0.08
0.00011328 3.52 0.16
0.00011332 3.6 0.24
0.00011336 3.6 0.16
0.0001134 3.68 0.16
0.00011344 3.84 0.32
0.00011348 3.84 0.32
0.00011352 3.92 0.4
0.00011356 4 0.48
0.0001136 4.16 0.4
0.00011364 4.16 0.48
0.00011368 4.16 0.56
0.00011372 4.24 0.56
0.00011376 4.32 0.64
0.0001138 4.4 0.64
0.00011384 4.48 0.72
0.00011388 4.48 0.72
0.00011392 4.56 0.72
0.00011396 4.64 0.8
0.000114 4.72 0.8
0.00011404 4.8 0.8
0.00011408 4.8 0.8
0.00011412 4.88 0.88
0.00011416 4.88 0.96
0.0001142 4.96 0.96
0.00011424 5.12 1.04
0.00011428 5.12 1.04
0.00011432 5.12 1.04
0.00011436 5.12 1.12
0.0001144 5.2 1.2
0.00011444 5.2 1.2
0.00011448 5.28 1.2
0.00011452 5.36 1.28
0.00011456 5.44 1.28
0.0001146 5.44 1.28
0.00011464 5.44 1.28
0.00011468 5.52 1.36
0.00011472 5.52 1.36
0.00011476 5.52 1.44
0.0001148 5.52 1.44
0.00011484 5.6 1.44
0.00011488 5.6 1.52
0.00011492 5.76 1.6
0.00011496 5.76 1.52
0.000115 5.76 1.6
0.00011504 5.76 1.6
0.00011508 5.76 1.68
0.00011512 5.84 1.68
0.00011516 5.76 1.6
0.0001152 5.84 1.68
0.00011524 5.84 1.76
0.00011528 5.84 1.84
0.00011532 5.84 1.76
0.00011536 5.92 1.76
0.0001154 5.92 1.84
0.00011544 5.92 1.92
0.00011548 5.92 1.92
0.00011552 5.92 1.92
0.00011556 5.92 1.92
0.0001156 5.92 1.92
0.00011564 5.92 1.92
0.00011568 5.92 2
0.00011572 5.92 2
0.00011576 5.92 2
0.0001158 5.92 2
0.00011584 5.92 2.08
0.00011588 5.92 2
0.00011592 5.92 2.08
0.00011596 5.92 2.16
0.000116 5.92 2.16
0.00011604 5.84 2.08
0.00011608 5.84 2.16
0.00011612 5.84 2.24
0.00011616 5.84 2.24
0.0001162 5.84 2.24
0.00011624 5.84 2.16
0.00011628 5.76 2.24
0.00011632 5.76 2.24
0.00011636 5.76 2.24
0.0001164 5.76 2.24
0.00011644 5.6 2.24
0.00011648 5.6 2.24
0.00011652 5.6 2.24
0.00011656 5.6 2.24
0.0001166 5.52 2.32
0.00011664 5.52 2.24
0.00011668 5.44 2.32
0.00011672 5.44 2.32
0.00011676 5.44 2.24
0.0001168 5.44 2.32
0.00011684 5.36 2.32
0.00011688 5.28 2.32
0.00011692 5.2 2.32
0.00011696 5.12 2.32
0.000117 5.12 2.32
0.00011704 5.12 2.32
0.00011708 5.12 2.32
0.00011712 4.96 2.24
0.00011716 4.88 2.32
0.0001172 4.88 2.32
0.00011724 4.88 2.32
0.00011728 4.8 2.32
0.00011732 4.72 2.32
0.00011736 4.64 2.32
0.0001174 4.64 2.32
0.00011744 4.56 2.24
0.00011748 4.48 2.24
0.00011752 4.32 2.24
0.00011756 4.32 2.32
0.0001176 4.24 2.24
0.00011764 4.16 2.24
0.00011768 4.16 2.24
0.00011772 4.08 2.24
0.00011776 4.08 2.24
0.0001178 3.92 2.24
0.00011784 3.84 2.24
0.00011788 3.84 2.16
0.00011792 3.76 2.24
0.00011796 3.68 2.16
0.000118 3.6 2.16
0.00011804 3.52 2
0.00011808 3.44 2.16
0.00011812 3.36 2.08
0.00011816 3.2 2.08
0.0001182 3.2 2
0.00011824 3.04 2
0.00011828 3.04 2
0.00011832 2.96 2
0.00011836 2.88 2
0.0001184 2.72 1.92
0.00011844 2.64 1.92
0.00011848 2.64 1.92
0.00011852 2.56 1.92
0.00011856 2.4 1.84
0.0001186 2.4 1.84
0.00011864 2.32 1.84
0.00011868 2.24 1.84
0.00011872 2.08 1.68
0.00011876 2 1.76
0.0001188 1.92 1.76
0.00011884 1.84 1.68
0.00011888 1.76 1.6
0.00011892 1.6 1.6
0.00011896 1.6 1.68
0.000119 1.44 1.6
0.00011904 1.36 1.6
0.00011908 1.36 1.52
0.00011912 1.28 1.44
0.00011916 1.12 1.52
0.0001192 1.04 1.44
0.00011924 0.96 1.44
0.00011928 0.8 1.36
0.00011932 0.72 1.36
0.00011936 0.64 1.36
0.0001194 0.48 1.28
0.00011944 0.4 1.28
0.00011948 0.4 1.28
0.00011952 0.32 1.28
0.00011956 0.16 1.28
0.0001196 0.08 1.12
0.00011964 0 1.12
0.00011968 -0.16 1.12
0.00011972 -0.32 1.12
0.00011976 -0.4 0.96
0.0001198 -0.48 0.96
0.00011984 -0.56 0.96
0.00011988 -0.64 0.96
0.00011992 -0.8 0.96
0.00011996 -0.88 0.8
0.00012 -0.96 0.88
0.00012004 -1.04 0.8
0.00012008 -1.2 0.8
0.00012012 -1.28 0.72
0.00012016 -1.36 0.72
0.0001202 -1.36 0.64
0.00012024 -1.52 0.64
0.00012028 -1.6 0.56
0.00012032 -1.68 0.48
0.00012036 -1.84 0.48
0.0001204 -1.84 0.48
0.00012044 -1.92 0.4
0.00012048 -2 0.4
0.00012052 -2.16 0.4
0.00012056 -2.24 0.4
0.0001206 -2.32 0.32
0.00012064 -2.32 0.24
0.00012068 -2.48 0.24
0.00012072 -2.56 0.16
0.00012076 -2.64 0.16
0.0001208 -2.8 0.08
0.00012084 -2.8 0.08
0.00012088 -2.96 0
0.00012092 -2.96 0
0.00012096 -3.12 0
0.000121 -3.2 -0.16
0.00012104 -3.2 -0.24
0.00012108 -3.28 -0.16
0.00012112 -3.44 -0.24
0.00012116 -3.52 -0.24
0.0001212 -3.6 -0.32
0.00012124 -3.6 -0.32
0.00012128 -3.68 -0.4
0.00012132 -3.76 -0.4
0.00012136 -3.84 -0.4
0.0001214 -3.92 -0.56
0.00012144 -3.92 -0.48
0.00012148 -4.08 -0.56
0.00012152 -4.08 -0.56
0.00012156 -4.24 -0.72
0.0001216 -4.24 -0.72
0.00012164 -4.24 -0.72
0.00012168 -4.4 -0.72
0.00012172 -4.48 -0.8
0.00012176 -4.56 -0.88
0.0001218 -4.56 -0.8
0.00012184 -4.56 -0.88
0.00012188 -4.72 -0.96
0.00012192 -4.8 -0.96
0.00012196 -4.8 -1.04
0.000122 -4.88 -0.96
0.00012204 -4.88 -1.12
0.00012208 -5.04 -1.12
0.00012212 -5.04 -1.2
0.00012216 -5.12 -1.2
0.0001222 -5.12 -1.2
0.00012224 -5.2 -1.28
0.00012228 -5.2 -1.28
0.00012232 -5.2 -1.36
0.00012236 -5.28 -1.28
0.0001224 -5.36 -1.36
0.00012244 -5.44 -1.36
0.00012248 -5.44 -1.36
0.00012252 -5.52 -1.44
0.00012256 -5.52 -1.52
0.0001226 -5.52 -1.6
0.00012264 -5.52 -1.6
0.00012268 -5.6 -1.6
0.00012272 -5.68 -1.6
0.00012276 -5.68 -1.6
0.0001228 -5.76 -1.68
0.00012284 -5.76 -1.68
0.00012288 -5.76 -1.68
0.00012292 -5.84 -1.76
0.00012296 -5.76 -1.76
0.000123 -5.84 -1.84
0.00012304 -5.84 -1.76
0.00012308 -5.92 -1.84
0.00012312 -6 -1.84
0.00012316 -6 -1.92
0.0001232 -5.92 -1.92
0.00012324 -6 -1.92
0.00012328 -5.92 -2
0.00012332 -6 -2
0.00012336 -6.08 -2
0.0001234 -6 -2
0.00012344 -6 -2
0.00012348 -6 -2.08
0.00012352 -6 -2.08
0.00012356 -6.08 -2.16
0.0001236 -6 -2.08
0.00012364 -6.08 -2.24
0.00012368 -6 -2.24
0.00012372 -6.08 -2.24
0.00012376 -6 -2.16
0.0001238 -6 -2.24
0.00012384 -6.08 -2.32
0.00012388 -6 -2.32
0.00012392 -6 -2.24
0.00012396 -5.92 -2.32
0.000124 -6 -2.32
0.00012404 -5.84 -2.32
0.00012408 -5.92 -2.32
0.00012412 -5.84 -2.32
0.00012416 -5.84 -2.4
0.0001242 -5.84 -2.32
0.00012424 -5.84 -2.4
0.00012428 -5.76 -2.32
0.00012432 -5.76 -2.4
0.00012436 -5.76 -2.4
0.0001244 -5.68 -2.48
0.00012444 -5.68 -2.32
0.00012448 -5.68 -2.32
0.00012452 -5.6 -2.48
0.00012456 -5.52 -2.48
0.0001246 -5.52 -2.48
0.00012464 -5.52 -2.48
0.00012468 -5.52 -2.48
0.00012472 -5.52 -2.48
0.00012476 -5.44 -2.48
0.0001248 -5.36 -2.48
0.00012484 -5.36 -2.48
0.00012488 -5.2 -2.48
0.00012492 -5.2 -2.48
0.00012496 -5.2 -2.56
0.000125 -5.12 -2.48
0.00012504 -5.04 -2.48
0.00012508 -5.04 -2.48
0.00012512 -4.88 -2.48
0.00012516 -4.88 -2.4
0.0001252 -4.88 -2.4
0.00012524 -4.8 -2.56
0.00012528 -4.8 -2.48
0.00012532 -4.72 -2.4
0.00012536 -4.64 -2.48
0.0001254 -4.56 -2.48
0.00012544 -4.48 -2.4
0.00012548 -4.48 -2.48
0.00012552 -4.4 -2.4
0.00012556 -4.24 -2.4
0.0001256 -4.24 -2.48
0.00012564 -4.24 -2.4
0.00012568 -4.08 -2.32
0.00012572 -4.08 -2.32
0.00012576 -4 -2.48
0.0001258 -3.92 -2.32
0.00012584 -3.84 -2.32
0.00012588 -3.76 -2.32
0.00012592 -3.68 -2.32
0.00012596 -3.6 -2.32
0.000126 -3.6 -2.32
0.00012604 -3.52 -2.24
0.00012608 -3.44 -2.24
0.00012612 -3.28 -2.32
0.00012616 -3.2 -2.24
0.0001262 -3.12 -2.24
0.00012624 -3.12 -2.16
0.00012628 -2.96 -2.16
0.00012632 -2.88 -2.24
0.00012636 -2.88 -2.16
0.0001264 -2.72 -2.08
0.00012644 -2.64 -2.08
0.00012648 -2.56 -2
0.00012652 -2.48 -2.08
0.00012656 -2.32 -2
0.0001266 -2.32 -2
0.00012664 -2.24 -1.92
0.00012668 -2.16 -1.92
0.00012672 -2 -1.92
0.00012676 -1.92 -1.92
0.0001268 -1.84 -1.92
0.00012684 -1.84 -1.84
0.00012688 -1.68 -1.76
0.00012692 -1.6 -1.76
0.00012696 -1.52 -1.76
0.000127 -1.36 -1.76
0.00012704 -1.28 -1.68
0.00012708 -1.28 -1.68
0.00012712 -1.2 -1.68
0.00012716 -1.04 -1.6
0.0001272 -0.96 -1.6
0.00012724 -0.88 -1.52
0.00012728 -0.72 -1.52
0.00012732 -0.64 -1.44
0.00012736 -0.56 -1.52
0.0001274 -0.4 -1.44
0.00012744 -0.4 -1.36
0.00012748 -0.32 -1.28
0.00012752 -0.24 -1.36
0.00012756 0 -1.36
0.0001276 0.08 -1.28
0.00012764 0.16 -1.28
0.00012768 0.32 -1.28
0.00012772 0.4 -1.2
0.00012776 0.4 -1.2
0.0001278 0.48 -1.04
0.00012784 0.64 -1.12
0.00012788 0.72 -1.04
0.00012792 0.8 -1.04
0.00012796 0.96 -0.96
0.000128 1.04 -0.96
0.00012804 1.12 -0.96
0.00012808 1.2 -0.88
0.00012812 1.28 -0.88
0.00012816 1.36 -0.8
0.0001282 1.44 -0.72
0.00012824 1.6 -0.72
0.00012828 1.68 -0.72
0.00012832 1.76 -0.72
0.00012836 1.84 -0.64
0.0001284 1.92 -0.64
0.00012844 2 -0.56
0.00012848 2.08 -0.56
0.00012852 2.16 -0.4
0.00012856 2.24 -0.4
0.0001286 2.32 -0.48
0.00012864 2.4 -0.4
0.00012868 2.56 -0.32
0.00012872 2.64 -0.24
0.00012876 2.72 -0.24
0.0001288 2.8 -0.24
0.00012884 2.88 -0.16
0.00012888 2.96 0
0.00012892 3.04 0
0.00012896 3.04 0
0.000129 3.2 0
0.00012904 3.2 0
0.00012908 3.36 0.08
0.00012912 3.44 0.16
0.00012916 3.52 0.08
0.0001292 3.52 0.16
0.00012924 3.6 0.32
0.00012928 3.68 0.24
0.00012932 3.84 0.32
0.00012936 3.84 0.32
0.0001294 3.92 0.4
0.00012944 4 0.48
0.00012948 4 0.4
0.00012952 4.16 0.4
0.00012956 4.16 0.48
0.0001296 4.24 0.56
0.00012964 4.32 0.56
0.00012968 4.4 0.64
0.00012972 4.48 0.72
0.00012976 4.48 0.72
0.0001298 4.56 0.72
0.00012984 4.64 0.72
0.00012988 4.8 0.88
0.00012992 4.8 0.8
0.00012996 4.8 0.96
0.00013 4.88 0.88
0.00013004 4.88 0.96
0.00013008 4.96 0.96
0.00013012 4.96 1.04
0.00013016 5.12 1.04
0.0001302 5.12 1.04
0.00013024 5.12 1.12
0.00013028 5.2 1.12
0.00013032 5.28 1.2
0.00013036 5.28 1.2
0.0001304 5.36 1.28
0.00013044 5.44 1.28
0.00013048 5.44 1.36
0.00013052 5.44 1.28
0.00013056 5.52 1.36
0.0001306 5.52 1.36
0.00013064 5.52 1.44
0.00013068 5.6 1.44
0.00013072 5.6 1.44
0.00013076 5.68 1.44
0.0001308 5.6 1.6
0.00013084 5.76 1.6
0.00013088 5.76 1.6
0.00013092 5.76 1.6
0.00013096 5.76 1.6
0.000131 5.84 1.76
0.00013104 5.84 1.68
0.00013108 5.84 1.76
0.00013112 5.84 1.76
0.00013116 5.92 1.76
0.0001312 5.84 1.76
0.00013124 5.92 1.76
0.00013128 5.92 1.84
0.00013132 5.92 1.84
0.00013136 5.92 1.92
0.0001314 5.92 1.92
0.00013144 5.92 1.84
0.00013148 5.92 1.92
0.00013152 5.92 2
0.00013156 5.92 2
0.0001316 5.92 2
0.00013164 5.92 2
0.00013168 5.92 2.08
0.00013172 5.92 2.08
0.00013176 5.92 2.08
0.0001318 5.92 2.08
0.00013184 5.92 2.08
0.00013188 5.92 2.16
0.00013192 5.84 2.16
0.00013196 5.84 2.16
0.000132 5.84 2.16
0.00013204 5.84 2.24
0.00013208 5.84 2.24
0.00013212 5.76 2.24
0.00013216 5.76 2.24
0.0001322 5.76 2.24
0.00013224 5.76 2.24
0.00013228 5.76 2.24
0.00013232 5.6 2.32
0.00013236 5.6 2.24
0.0001324 5.6 2.32
0.00013244 5.52 2.32
0.00013248 5.52 2.24
0.00013252 5.44 2.24
0.00013256 5.44 2.32
0.0001326 5.44 2.32
0.00013264 5.36 2.32
0.00013268 5.36 2.32
0.00013272 5.28 2.32
0.00013276 5.28 2.32
0.0001328 5.28 2.4
0.00013284 5.12 2.32
0.00013288 5.12 2.24
0.00013292 5.12 2.32
0.00013296 5.04 2.32
0.000133 4.96 2.32
0.00013304 4.96 2.24
0.00013308 4.88 2.32
0.00013312 4.8 2.32
0.00013316 4.8 2.32
0.0001332 4.8 2.24
0.00013324 4.64 2.32
0.00013328 4.56 2.32
0.00013332 4.56 2.32
0.00013336 4.48 2.24
0.0001334 4.48 2.24
0.00013344 4.32 2.24
0.00013348 4.24 2.32
0.00013352 4.16 2.24
0.00013356 4.16 2.24
0.0001336 4.08 2.16
0.00013364 4 2.24
0.00013368 3.92 2.24
0.00013372 3.84 2.16
0.00013376 3.84 2.16
0.0001338 3.68 2.16
0.00013384 3.68 2.16
0.00013388 3.6 2.16
0.00013392 3.52 2.16
0.00013396 3.44 2.08
0.000134 3.36 2.08
0.00013404 3.2 2
0.00013408 3.2 2.08
0.00013412 3.12 2
0.00013416 3.04 2.08
0.0001342 2.96 2
0.00013424 2.88 2
0.00013428 2.8 1.92
0.00013432 2.72 1.92
0.00013436 2.64 1.92
0.0001344 2.56 1.92
0.00013444 2.4 1.92
0.00013448 2.32 1.76
0.00013452 2.24 1.84
0.00013456 2.16 1.84
0.0001346 2.08 1.76
0.00013464 2 1.68
0.00013468 1.92 1.68
0.00013472 1.76 1.68
0.00013476 1.68 1.68
0.0001348 1.6 1.68
0.00013484 1.6 1.6
0.00013488 1.44 1.6
0.00013492 1.36 1.6
0.00013496 1.28 1.52
0.000135 1.28 1.52
0.00013504 1.12 1.44
0.00013508 0.96 1.44
0.00013512 0.88 1.36
0.00013516 0.8 1.36
0.0001352 0.72 1.36
0.00013524 0.64 1.36
0.00013528 0.48 1.28
0.00013532 0.4 1.28
0.00013536 0.32 1.2
0.0001354 0.32 1.28
0.00013544 0.16 1.2
0.00013548 0 1.12
0.00013552 0 1.12
0.00013556 -0.16 1.12
0.0001356 -0.32 1.04
0.00013564 -0.4 1.04
0.00013568 -0.48 1.04
0.00013572 -0.56 0.96
0.00013576 -0.64 0.96
0.0001358 -0.72 0.96
0.00013584 -0.88 0.88
0.00013588 -0.96 0.8
0.00013592 -1.04 0.72
0.00013596 -1.04 0.72
0.000136 -1.28 0.72
0.00013604 -1.28 0.64
0.00013608 -1.36 0.64
0.00013612 -1.52 0.64
0.00013616 -1.68 0.64
0.0001362 -1.68 0.48
0.00013624 -1.84 0.48
0.00013628 -1.84 0.48
0.00013632 -2 0.48
0.00013636 -2 0.32
0.0001364 -2.16 0.32
0.00013644 -2.24 0.32
0.00013648 -2.32 0.32
0.00013652 -2.48 0.32
0.00013656 -2.56 0.16
0.0001366 -2.64 0.16
0.00013664 -2.64 0.16
0.00013668 -2.72 0.08
0.00013672 -2.88 0.08
0.00013676 -2.96 0.08
0.0001368 -2.96 0
0.00013684 -3.12 0
0.00013688 -3.2 -0.16
0.00013692 -3.28 -0.24
0.00013696 -3.28 -0.24
0.000137 -3.44 -0.24
0.00013704 -3.44 -0.32
0.00013708 -3.52 -0.32
0.00013712 -3.6 -0.4
0.00013716 -3.68 -0.4
0.0001372 -3.76 -0.4
0.00013724 -3.84 -0.48
0.00013728 -3.92 -0.56
0.00013732 -4 -0.56
0.00013736 -4.08 -0.48
0.0001374 -4.16 -0.56
0.00013744 -4.16 -0.64
0.00013748 -4.24 -0.72
0.00013752 -4.32 -0.72
0.00013756 -4.4 -0.72
0.0001376 -4.48 -0.8
0.00013764 -4.56 -0.88
0.00013768 -4.56 -0.8
0.00013772 -4.56 -0.96
0.00013776 -4.72 -0.88
0.0001378 -4.8 -1.04
0.00013784 -4.8 -1.04
0.00013788 -4.88 -1.04
0.00013792 -4.88 -1.04
0.00013796 -4.96 -1.2
0.000138 -5.04 -1.2
0.00013804 -5.12 -1.12
0.00013808 -5.2 -1.2
0.00013812 -5.2 -1.28
0.00013816 -5.2 -1.28
0.0001382 -5.28 -1.36
0.00013824 -5.36 -1.28
0.00013828 -5.36 -1.36
0.00013832 -5.44 -1.36
0.00013836 -5.44 -1.44
0.0001384 -5.52 -1.44
0.00013844 -5.52 -1.52
0.00013848 -5.52 -1.52
0.00013852 -5.6 -1.6
0.00013856 -5.68 -1.6
0.0001386 -5.68 -1.6
0.00013864 -5.68 -1.6
0.00013868 -5.76 -1.68
0.00013872 -5.76 -1.68
0.00013876 -5.84 -1.68
0.0001388 -5.84 -1.76
0.00013884 -5.84 -1.84
0.00013888 -5.84 -1.84
0.00013892 -5.84 -1.84
0.00013896 -5.84 -1.84
0.000139 -6 -1.84
0.00013904 -5.92 -1.92
0.00013908 -6 -1.92
0.00013912 -6 -1.92
0.00013916 -6 -1.92
0.0001392 -6 -2
0.00013924 -6 -2
0.00013928 -6 -2
0.00013932 -6 -2
0.00013936 -6 -2.08
0.0001394 -6.08 -2.16
0.00013944 -6.08 -2.16
0.00013948 -6 -2.16
0.00013952 -6.08 -2.16
0.00013956 -6.08 -2.24
0.0001396 -6 -2.24
0.00013964 -6 -2.16
0.00013968 -6 -2.24
0.00013972 -6 -2.32
0.00013976 -6 -2.32
0.0001398 -6 -2.32
0.00013984 -5.92 -2.32
0.00013988 -5.92 -2.32
0.00013992 -6 -2.32
0.00013996 -5.84 -2.32
0.00014 -5.92 -2.32
0.00014004 -5.84 -2.32
0.00014008 -5.84 -2.32
0.00014012 -5.84 -2.4
0.00014016 -5.76 -2.4
0.0001402 -5.84 -2.32
0.00014024 -5.68 -2.32
0.00014028 -5.76 -2.48
0.00014032 -5.68 -2.48
0.00014036 -5.68 -2.48
0.0001404 -5.68 -2.48
0.00014044 -5.52 -2.48
0.00014048 -5.52 -2.48
0.00014052 -5.52 -2.4
0.00014056 -5.52 -2.48
0.0001406 -5.52 -2.48
0.00014064 -5.36 -2.56
0.00014068 -5.36 -2.48
0.00014072 -5.36 -2.48
0.00014076 -5.28 -2.4
0.0001408 -5.2 -2.56
0.00014084 -5.2 -2.56
0.00014088 -5.2 -2.48
0.00014092 -5.04 -2.48
0.00014096 -5.04 -2.48
0.000141 -5.04 -2.48
0.00014104 -4.88 -2.56
0.00014108 -4.88 -2.48
0.00014112 -4.8 -2.48
0.00014116 -4.8 -2.4
0.0001412 -4.72 -2.48
0.00014124 -4.72 -2.4
0.00014128 -4.56 -2.4
0.00014132 -4.56 -2.48
0.00014136 -4.48 -2.4
0.0001414 -4.4 -2.4
0.00014144 -4.32 -2.32
0.00014148 -4.24 -2.4
0.00014152 -4.16 -2.4
0.00014156 -4.08 -2.4
0.0001416 -4.08 -2.32
0.00014164 -3.92 -2.32
0.00014168 -3.84 -2.32
0.00014172 -3.84 -2.32
0.00014176 -3.76 -2.32
0.0001418 -3.68 -2.24
0.00014184 -3.6 -2.32
0.00014188 -3.6 -2.32
0.00014192 -3.52 -2.24
0.00014196 -3.44 -2.24
0.000142 -3.28 -2.16
0.00014204 -3.2 -2.16
0.00014208 -3.2 -2.24
0.00014212 -3.04 -2.16
0.00014216 -2.96 -2.16
0.0001422 -2.96 -2.16
0.00014224 -2.8 -2.16
0.00014228 -2.72 -2.16
0.00014232 -2.64 -2.08
0.00014236 -2.56 -2.16
0.0001424 -2.48 -2
0.00014244 -2.32 -2
0.00014248 -2.32 -1.92
0.00014252 -2.24 -2
0.00014256 -2.16 -2
0.0001426 -2 -1.92
0.00014264 -2 -1.92
0.00014268 -1.84 -1.84
0.00014272 -1.76 -1.84
0.00014276 -1.68 -1.84
0.0001428 -1.6 -1.84
0.00014284 -1.52 -1.76
0.00014288 -1.36 -1.76
0.00014292 -1.36 -1.76
0.00014296 -1.2 -1.68
0.000143 -1.12 -1.68
0.00014304 -1.04 -1.6
0.00014308 -0.96 -1.6
0.00014312 -0.88 -1.6
0.00014316 -0.72 -1.52
0.0001432 -0.64 -1.52
0.00014324 -0.56 -1.44
0.00014328 -0.4 -1.44
0.00014332 -0.32 -1.36
0.00014336 -0.32 -1.36
0.0001434 0 -1.36
0.00014344 0 -1.36
0.00014348 0.08 -1.36
0.00014352 0.16 -1.28
0.00014356 0.32 -1.2
0.0001436 0.32 -1.2
0.00014364 0.48 -1.2
0.00014368 0.56 -1.12
0.00014372 0.64 -1.04
0.00014376 0.72 -0.96
0.0001438 0.8 -1.04
0.00014384 0.96 -0.96
0.00014388 1.04 -1.04
0.00014392 1.12 -0.96
0.00014396 1.28 -0.88
0.000144 1.28 -0.8
0.00014404 1.36 -0.88
0.00014408 1.44 -0.72
0.00014412 1.6 -0.72
0.00014416 1.68 -0.72
0.0001442 1.76 -0.64
0.00014424 1.92 -0.72
0.00014428 1.92 -0.56
0.00014432 2.08 -0.56
0.00014436 2.08 -0.56
0.0001444 2.24 -0.48
0.00014444 2.24 -0.4
0.00014448 2.4 -0.4
0.00014452 2.4 -0.4
0.00014456 2.56 -0.4
0.0001446 2.56 -0.32
0.00014464 2.72 -0.24
0.00014468 2.88 -0.24
0.00014472 2.88 -0.16
0.00014476 2.96 -0.16
0.0001448 3.04 0
0.00014484 3.04 0
0.00014488 3.2 0
0.00014492 3.28 0
0.00014496 3.28 0.08
0.000145 3.44 0.16
0.00014504 3.52 0.16
0.00014508 3.6 0.16
0.00014512 3.68 0.24
0.00014516 3.76 0.32
0.0001452 3.84 0.32
0.00014524 3.84 0.4
0.00014528 3.92 0.4
0.00014532 4 0.48
0.00014536 4.16 0.48
0.0001454 4.16 0.48
0.00014544 4.24 0.56
0.00014548 4.24 0.64
0.00014552 4.32 0.64
0.00014556 4.4 0.64
0.0001456 4.48 0.64
0.00014564 4.56 0.72
0.00014568 4.56 0.8
0.00014572 4.64 0.8
0.00014576 4.8 0.8
0.0001458 4.72 0.88
0.00014584 4.8 0.88
0.00014588 4.88 0.96
0.00014592 4.88 0.96
0.00014596 4.96 0.96
0.000146 5.04 1.04
0.00014604 5.12 1.04
0.00014608 5.12 1.04
0.00014612 5.2 1.12
0.00014616 5.2 1.12
0.0001462 5.28 1.2
0.00014624 5.28 1.2
0.00014628 5.44 1.28
0.00014632 5.36 1.28
0.00014636 5.44 1.28
0.0001464 5.44 1.36
0.00014644 5.52 1.36
0.00014648 5.52 1.36
0.00014652 5.6 1.44
0.00014656 5.6 1.52
0.0001466 5.6 1.52
0.00014664 5.68 1.52
0.00014668 5.6 1.44
0.00014672 5.68 1.6
0.00014676 5.76 1.6
0.0001468 5.76 1.6
0.00014684 5.76 1.6
0.00014688 5.84 1.68
0.00014692 5.84 1.68
0.00014696 5.84 1.76
0.000147 5.92 1.68
0.00014704 5.92 1.76
0.00014708 5.92 1.76
0.00014712 5.84 1.84
0.00014716 5.92 1.76
0.0001472 5.92 1.84
0.00014724 5.92 1.92
0.00014728 5.92 2
0.00014732 5.92 1.92
0.00014736 5.92 1.84
0.0001474 5.92 1.84
0.00014744 5.92 2
0.00014748 5.92 2
0.00014752 5.92 2
0.00014756 5.92 2
0.0001476 5.92 2.08
0.00014764 5.92 2.16
0.00014768 5.92 2.08
0.00014772 5.92 2.08
0.00014776 5.92 2.16
0.0001478 5.92 2.16
0.00014784 5.92 2.16
0.00014788 5.84 2.16
0.00014792 5.84 2.16
0.00014796 5.84 2.24
0.000148 5.84 2.24
0.00014804 5.76 2.24
0.00014808 5.76 2.24
0.00014812 5.76 2.24
0.00014816 5.76 2.32
0.0001482 5.6 2.32
0.00014824 5.6 2.24
0.00014828 5.6 2.24
0.00014832 5.52 2.24
0.00014836 5.52 2.32
0.0001484 5.52 2.32
0.00014844 5.44 2.32
0.00014848 5.44 2.32
0.00014852 5.44 2.32
0.00014856 5.28 2.32
0.0001486 5.28 2.32
0.00014864 5.2 2.32
0.00014868 5.2 2.32
0.00014872 5.12 2.32
0.00014876 5.12 2.32
0.0001488 5.12 2.32
0.00014884 5.04 2.32
0.00014888 5.04 2.32
0.00014892 4.96 2.32
0.00014896 4.88 2.32
0.000149 4.88 2.24
0.00014904 4.8 2.4
0.00014908 4.64 2.32
0.00014912 4.64 2.24
0.00014916 4.56 2.24
0.0001492 4.56 2.24
0.00014924 4.48 2.32
0.00014928 4.4 2.24
0.00014932 4.32 2.24
0.00014936 4.24 2.24
0.0001494 4.16 2.32
0.00014944 4.16 2.24
0.00014948 4 2.24
0.00014952 4 2.16
0.00014956 3.92 2.24
0.0001496 3.92 2.24
0.00014964 3.84 2.16
0.00014968 3.68 2.08
0.00014972 3.6 2.16
0.00014976 3.52 2.16
0.0001498 3.52 2.16
0.00014984 3.36 2.08
0.00014988 3.36 2.08
0.00014992 3.28 2.08
0.00014996 3.2 2.08
0.00015 3.04 2
0.00015004 3.04 2
0.00015008 2.96 2
0.00015012 2.88 2.08
0.00015016 2.72 1.92
0.0001502 2.64 1.92
0.00015024 2.56 1.84
0.00015028 2.56 1.92
0.00015032 2.4 1.84
0.00015036 2.32 1.76
0.0001504 2.24 1.84
0.00015044 2.16 1.84
0.00015048 2.08 1.76
0.00015052 2 1.76
0.00015056 1.92 1.76
0.0001506 1.76 1.68
0.00015064 1.76 1.68
0.00015068 1.6 1.68
0.00015072 1.6 1.6
0.00015076 1.44 1.6
0.0001508 1.36 1.6
0.00015084 1.28 1.6
0.00015088 1.12 1.44
0.00015092 1.04 1.44
0.00015096 1.04 1.52
0.000151 0.96 1.36
0.00015104 0.8 1.36
0.00015108 0.72 1.36
0.00015112 0.64 1.36
0.00015116 0.56 1.28
0.0001512 0.48 1.28
0.00015124 0.32 1.28
0.00015128 0.24 1.2
0.00015132 0.16 1.2
0.00015136 0 1.2
0.0001514 -0.16 1.12
0.00015144 -0.24 1.04
0.00015148 -0.32 1.04
0.00015152 -0.4 1.04
0.00015156 -0.4 1.04
0.0001516 -0.64 0.96
0.00015164 -0.64 0.96
0.00015168 -0.72 0.96
0.00015172 -0.88 0.88
0.00015176 -0.96 0.8
0.0001518 -1.04 0.8
0.00015184 -1.2 0.8
0.00015188 -1.28 0.8
0.00015192 -1.36 0.64
0.00015196 -1.36 0.64
0.000152 -1.52 0.64
0.00015204 -1.6 0.64
0.00015208 -1.68 0.56
0.00015212 -1.76 0.4
0.00015216 -1.92 0.48
0.0001522 -2 0.4
0.00015224 -2 0.4
0.00015228 -2.16 0.4
0.00015232 -2.32 0.4
0.00015236 -2.32 0.32
0.0001524 -2.4 0.24
0.00015244 -2.56 0.16
0.00015248 -2.64 0.16
0.00015252 -2.64 0.16
0.00015256 -2.8 0.16
0.0001526 -2.88 0.08
0.00015264 -2.96 0
0.00015268 -3.04 0
0.00015272 -3.12 0
0.00015276 -3.2 0
0.0001528 -3.28 -0.24
0.00015284 -3.28 -0.24
0.00015288 -3.44 -0.24
0.00015292 -3.52 -0.24
0.00015296 -3.6 -0.24
0.000153 -3.6 -0.4
0.00015304 -3.6 -0.4
0.00015308 -3.76 -0.48
0.00015312 -3.84 -0.48
0.00015316 -3.92 -0.56
0.0001532 -4.08 -0.56
0.00015324 -4.08 -0.56
0.00015328 -4.16 -0.64
0.00015332 -4.24 -0.64
0.00015336 -4.24 -0.72
0.0001534 -4.24 -0.72
0.00015344 -4.4 -0.8
0.00015348 -4.48 -0.8
0.00015352 -4.56 -0.8
0.00015356 -4.56 -0.88
0.0001536 -4.64 -0.88
0.00015364 -4.72 -0.88
0.00015368 -4.8 -0.96
0.00015372 -4.8 -1.04
0.00015376 -4.88 -1.04
0.0001538 -4.88 -1.04
0.00015384 -5.04 -1.04
0.00015388 -5.12 -1.2
0.00015392 -5.12 -1.2
0.00015396 -5.2 -1.2
0.000154 -5.2 -1.2
0.00015404 -5.2 -1.28
0.00015408 -5.2 -1.36
0.00015412 -5.36 -1.36
0.00015416 -5.36 -1.36
0.0001542 -5.44 -1.36
0.00015424 -5.44 -1.44
0.00015428 -5.52 -1.52
0.00015432 -5.52 -1.52
0.00015436 -5.52 -1.52
0.0001544 -5.6 -1.6
0.00015444 -5.68 -1.6
0.00015448 -5.68 -1.6
0.00015452 -5.76 -1.6
0.00015456 -5.76 -1.68
0.0001546 -5.76 -1.76
0.00015464 -5.76 -1.76
0.00015468 -5.84 -1.76
0.00015472 -5.84 -1.68
0.00015476 -5.84 -1.84
0.0001548 -5.84 -1.92
0.00015484 -5.84 -1.84
0.00015488 -5.92 -1.84
0.00015492 -6 -1.92
0.00015496 -6 -2
0.000155 -6 -2
0.00015504 -6 -2
0.00015508 -6 -2
0.00015512 -6 -2
0.00015516 -6.08 -2
0.0001552 -6.08 -2
0.00015524 -6.08 -2.08
0.00015528 -6 -2.16
0.00015532 -6 -2.16
0.00015536 -6.08 -2.16
0.0001554 -6.08 -2.16
0.00015544 -6 -2.16
0.00015548 -6.08 -2.16
0.00015552 -6 -2.24
0.00015556 -6.08 -2.24
0.0001556 -6 -2.24
0.00015564 -6 -2.32
0.00015568 -6 -2.32
0.00015572 -6 -2.32
0.00015576 -6 -2.24
0.0001558 -5.92 -2.32
0.00015584 -5.92 -2.32
0.00015588 -5.84 -2.32
0.00015592 -5.84 -2.32
0.00015596 -5.84 -2.32
0.000156 -5.84 -2.4
0.00015604 -5.76 -2.4
0.00015608 -5.76 -2.4
0.00015612 -5.76 -2.4
0.00015616 -5.76 -2.4
0.0001562 -5.76 -2.48
0.00015624 -5.68 -2.4
0.00015628 -5.68 -2.48
0.00015632 -5.68 -2.48
0.00015636 -5.52 -2.48
0.0001564 -5.52 -2.56
0.00015644 -5.44 -2.48
0.00015648 -5.44 -2.48
0.00015652 -5.44 -2.48
0.00015656 -5.36 -2.48
0.0001566 -5.36 -2.48
0.00015664 -5.2 -2.48
0.00015668 -5.2 -2.56
0.00015672 -5.12 -2.48
0.00015676 -5.12 -2.48
0.0001568 -5.12 -2.48
0.00015684 -5.04 -2.4
0.00015688 -4.88 -2.48
0.00015692 -4.88 -2.48
0.00015696 -4.88 -2.56
0.000157 -4.88 -2.4
0.00015704 -4.8 -2.56
0.00015708 -4.72 -2.48
0.00015712 -4.56 -2.48
0.00015716 -4.56 -2.4
0.0001572 -4.56 -2.4
0.00015724 -4.48 -2.48
0.00015728 -4.4 -2.4
0.00015732 -4.4 -2.4
0.00015736 -4.24 -2.4
0.0001574 -4.16 -2.32
0.00015744 -4.08 -2.4
0.00015748 -4 -2.32
0.00015752 -4 -2.32
0.00015756 -3.92 -2.32
0.0001576 -3.84 -2.32
0.00015764 -3.84 -2.32
0.00015768 -3.6 -2.24
0.00015772 -3.6 -2.24
0.00015776 -3.52 -2.32
0.0001578 -3.52 -2.24
0.00015784 -3.28 -2.24
0.00015788 -3.28 -2.24
0.00015792 -3.28 -2.24
0.00015796 -3.12 -2.24
0.000158 -3.04 -2.16
0.00015804 -2.96 -2.16
0.00015808 -2.88 -2.08
0.00015812 -2.88 -2.16
0.00015816 -2.8 -2
0.0001582 -2.64 -2.08
0.00015824 -2.56 -2
0.00015828 -2.48 -2
0.00015832 -2.32 -2
0.00015836 -2.32 -2
0.0001584 -2.24 -1.92
0.00015844 -2.08 -1.92
0.00015848 -2 -1.92
0.00015852 -1.92 -1.92
0.00015856 -1.84 -1.84
0.0001586 -1.76 -1.84
0.00015864 -1.68 -1.84
0.00015868 -1.6 -1.76
0.00015872 -1.52 -1.68
0.00015876 -1.36 -1.68
0.0001588 -1.28 -1.68
0.00015884 -1.2 -1.68
0.00015888 -1.12 -1.68
0.00015892 -1.04 -1.6
0.00015896 -0.96 -1.6
0.000159 -0.88 -1.6
0.00015904 -0.72 -1.6
0.00015908 -0.64 -1.52
0.00015912 -0.56 -1.44
0.00015916 -0.4 -1.44
0.0001592 -0.32 -1.36
0.00015924 -0.24 -1.36
0.00015928 -0.24 -1.28
0.00015932 0 -1.28
0.00015936 0.08 -1.28
0.0001594 0.16 -1.28
0.00015944 0.32 -1.28
0.00015948 0.4 -1.2
0.00015952 0.48 -1.12
0.00015956 0.64 -1.12
0.0001596 0.64 -1.04
0.00015964 0.72 -1.04
0.00015968 0.8 -0.96
0.00015972 0.96 -1.04
0.00015976 1.04 -0.96
0.0001598 1.12 -0.88
0.00015984 1.2 -0.88
0.00015988 1.28 -0.88
0.00015992 1.36 -0.88
0.00015996 1.52 -0.72
