0 -5.52 -2.96
4e-08 -5.52 -2.96
8e-08 5.76 2.56
1.2e-07 5.76 2.56
1.6e-07 5.76 2.64
2e-07 5.76 2.64
2.4e-07 5.76 2.64
2.8e-07 5.76 2.64
3.2e-07 5.84 2.64
3.6e-07 5.84 2.64
4e-07 5.84 2.64
4.4e-07 5.84 2.72
4.8e-07 5.92 2.72
5.2e-07 5.84 2.64
5.6e-07 5.92 2.64
6e-07 5.92 2.72
6.4e-07 5.92 2.8
6.8e-07 5.92 2.72
7.2e-07 5.92 2.8
7.6e-07 5.92 2.72
8e-07 5.84 2.8
8.4e-07 5.92 2.8
8.8e-07 5.84 2.72
9.2e-07 5.84 2.8
9.6e-07 5.92 2.8
1e-06 5.92 2.8
1.04e-06 5.84 2.72
1.08e-06 5.84 2.8
1.12e-06 5.84 2.8
1.16e-06 5.84 2.88
1.2e-06 5.84 2.72
1.24e-06 5.84 2.72
1.28e-06 5.76 2.8
1.32e-06 5.76 2.8
1.36e-06 5.76 2.72
1.4e-06 5.76 2.72
1.44e-06 5.76 2.72
1.48e-06 5.76 2.8
1.52e-06 5.6 2.72
1.56e-06 5.6 2.72
1.6e-06 5.6 2.72
1.64e-06 5.52 2.72
1.68e-06 5.6 2.72
1.72e-06 5.52 2.64
1.76e-06 5.52 2.64
1.8e-06 5.44 2.64
1.84e-06 5.44 2.72
1.88e-06 5.36 2.64
1.92e-06 5.36 2.64
1.96e-06 5.28 2.64
2e-06 5.28 2.56
2.04e-06 5.28 2.56
2.08e-06 5.2 2.56
2.12e-06 5.12 2.56
2.16e-06 5.12 2.56
2.2e-06 5.12 2.56
2.24e-06 5.04 2.56
2.28e-06 4.96 2.48
2.32e-06 4.96 2.48
2.36e-06 4.88 2.4
2.4e-06 4.8 2.48
2.44e-06 4.8 2.4
2.48e-06 4.8 2.4
2.52e-06 4.64 2.4
2.56e-06 4.64 2.4
2.6e-06 4.56 2.32
2.64e-06 4.48 2.32
2.68e-06 4.48 2.24
2.72e-06 4.32 2.24
2.76e-06 4.4 2.24
2.8e-06 4.24 2.24
2.84e-06 4.24 2.16
2.88e-06 4.16 2.24
2.92e-06 4.08 2.16
2.96e-06 4 2.08
3e-06 3.92 2.08
3.04e-06 3.84 2
3.08e-06 3.84 2.08
3.12e-06 3.76 2
3.16e-06 3.68 1.92
3.2e-06 3.6 1.92
3.24e-06 3.52 1.92
3.28e-06 3.52 1.84
3.32e-06 3.36 1.76
3.36e-06 3.36 1.76
3.4e-06 3.28 1.76
3.44e-06 3.2 1.76
3.48e-06 3.2 1.76
3.52e-06 2.96 1.6
3.56e-06 2.96 1.6
3.6e-06 2.88 1.6
3.64e-06 2.72 1.52
3.68e-06 2.64 1.52
3.72e-06 2.64 1.44
3.76e-06 2.56 1.44
3.8e-06 2.4 1.44
3.84e-06 2.32 1.36
3.88e-06 2.4 1.28
3.92e-06 2.24 1.28
3.96e-06 2.24 1.28
4e-06 2.08 1.28
4.04e-06 1.92 1.2
4.08e-06 1.92 1.12
4.12e-06 1.76 1.12
4.16e-06 1.68 1.12
4.2e-06 1.6 1.04
4.24e-06 1.6 0.96
4.28e-06 1.44 0.96
4.32e-06 1.36 0.96
4.36e-06 1.28 0.88
4.4e-06 1.28 0.8
4.44e-06 1.12 0.8
4.48e-06 1.04 0.72
4.52e-06 0.96 0.72
4.56e-06 0.88 0.64
4.6e-06 0.72 0.64
4.64e-06 0.64 0.56
4.68e-06 0.64 0.56
4.72e-06 0.48 0.48
4.76e-06 0.4 0.48
4.8e-06 0.32 0.4
4.84e-06 0.32 0.32
4.88e-06 0.16 0.32
4.92e-06 0.08 0.24
4.96e-06 -0.16 0.16
5e-06 -0.24 0.16
5.04e-06 -0.32 0.16
5.08e-06 -0.4 0.16
5.12e-06 -0.48 0
5.16e-06 -0.56 0
5.2e-06 -0.64 0
5.24e-06 -0.8 0
5.28e-06 -0.8 -0.16
5.32e-06 -0.96 -0.24
5.36e-06 -1.04 -0.16
5.4e-06 -1.04 -0.32
5.44e-06 -1.2 -0.32
5.48e-06 -1.2 -0.4
5.52e-06 -1.36 -0.4
5.56e-06 -1.36 -0.48
5.6e-06 -1.52 -0.56
5.64e-06 -1.6 -0.56
5.68e-06 -1.68 -0.56
5.72e-06 -1.84 -0.56
5.76e-06 -1.84 -0.64
5.8e-06 -1.92 -0.72
5.84e-06 -2 -0.72
5.88e-06 -2.16 -0.8
5.92e-06 -2.24 -0.8
5.96e-06 -2.32 -0.88
6e-06 -2.32 -0.96
6.04e-06 -2.48 -0.96
6.08e-06 -2.56 -0.96
6.12e-06 -2.64 -0.96
6.16e-06 -2.64 -1.04
6.2e-06 -2.8 -1.12
6.24e-06 -2.88 -1.2
6.28e-06 -2.96 -1.2
6.32e-06 -2.96 -1.28
6.36e-06 -3.12 -1.28
6.4e-06 -3.2 -1.28
6.44e-06 -3.28 -1.36
6.48e-06 -3.36 -1.36
6.52e-06 -3.44 -1.36
6.56e-06 -3.52 -1.52
6.6e-06 -3.6 -1.44
6.64e-06 -3.6 -1.6
6.68e-06 -3.6 -1.6
6.72e-06 -3.84 -1.6
6.76e-06 -3.84 -1.6
6.8e-06 -3.92 -1.68
6.84e-06 -3.92 -1.68
6.88e-06 -4.08 -1.76
6.92e-06 -4.08 -1.84
6.96e-06 -4.16 -1.76
7e-06 -4.24 -1.76
7.04e-06 -4.24 -1.92
7.08e-06 -4.4 -1.92
7.12e-06 -4.4 -2
7.16e-06 -4.48 -1.92
7.2e-06 -4.56 -2
7.24e-06 -4.56 -2
7.28e-06 -4.72 -2.08
7.32e-06 -4.72 -2.16
7.36e-06 -4.72 -2.16
7.4e-06 -4.88 -2.24
7.44e-06 -4.88 -2.24
7.48e-06 -4.88 -2.24
7.52e-06 -4.88 -2.24
7.56e-06 -5.04 -2.32
7.6e-06 -5.04 -2.32
7.64e-06 -5.12 -2.32
7.68e-06 -5.12 -2.32
7.72e-06 -5.2 -2.4
7.76e-06 -5.2 -2.48
7.8e-06 -5.28 -2.48
7.84e-06 -5.36 -2.48
7.88e-06 -5.36 -2.48
7.92e-06 -5.44 -2.48
7.96e-06 -5.44 -2.56
8e-06 -5.52 -2.56
8.04e-06 -5.44 -2.64
8.08e-06 -5.52 -2.56
8.12e-06 -5.52 -2.56
8.16e-06 -5.6 -2.64
8.2e-06 -5.68 -2.64
8.24e-06 -5.68 -2.64
8.28e-06 -5.68 -2.72
8.32e-06 -5.68 -2.72
8.36e-06 -5.68 -2.8
8.4e-06 -5.76 -2.72
8.44e-06 -5.84 -2.8
8.48e-06 -5.84 -2.8
8.52e-06 -5.84 -2.8
8.56e-06 -5.84 -2.88
8.6e-06 -5.84 -2.8
8.64e-06 -5.84 -2.88
8.68e-06 -5.84 -2.88
8.72e-06 -5.92 -2.88
8.76e-06 -6 -2.8
8.8e-06 -6 -2.88
8.84e-06 -6 -2.96
8.88e-06 -6 -2.88
8.92e-06 -6 -2.88
8.96e-06 -6 -2.88
9e-06 -6 -2.96
9.04e-06 -6 -2.96
9.08e-06 -6 -2.96
9.12e-06 -6 -2.96
9.16e-06 -6 -2.88
9.2e-06 -6 -2.88
9.24e-06 -6 -2.96
9.28e-06 -6 -2.96
9.32e-06 -6 -2.96
9.36e-06 -6 -2.96
9.4e-06 -6 -2.96
9.44e-06 -5.92 -2.88
9.48e-06 -5.92 -2.96
9.52e-06 -5.92 -2.96
9.56e-06 -6 -2.96
9.6e-06 -5.84 -2.96
9.64e-06 -5.84 -2.88
9.68e-06 -5.84 -2.88
9.72e-06 -5.84 -2.96
9.76e-06 -5.76 -2.96
9.8e-06 -5.84 -2.88
9.84e-06 -5.76 -2.88
9.88e-06 -5.76 -2.88
9.92e-06 -5.68 -2.96
9.96e-06 -5.68 -2.96
1e-05 -5.68 -2.88
1.004e-05 -5.68 -2.88
1.008e-05 -5.6 -2.88
1.012e-05 -5.52 -2.88
1.016e-05 -5.52 -2.88
1.02e-05 -5.52 -2.8
1.024e-05 -5.44 -2.88
1.028e-05 -5.44 -2.8
1.032e-05 -5.36 -2.8
1.036e-05 -5.36 -2.8
1.04e-05 -5.36 -2.88
1.044e-05 -5.2 -2.8
1.048e-05 -5.2 -2.64
1.052e-05 -5.2 -2.64
1.056e-05 -5.12 -2.64
1.06e-05 -5.12 -2.72
1.064e-05 -5.04 -2.64
1.068e-05 -5.04 -2.56
1.072e-05 -4.88 -2.64
1.076e-05 -4.88 -2.56
1.08e-05 -4.8 -2.64
1.084e-05 -4.8 -2.56
1.088e-05 -4.72 -2.48
1.092e-05 -4.72 -2.56
1.096e-05 -4.64 -2.48
1.1e-05 -4.56 -2.48
1.104e-05 -4.48 -2.4
1.108e-05 -4.4 -2.32
1.112e-05 -4.4 -2.32
1.116e-05 -4.24 -2.32
1.12e-05 -4.24 -2.24
1.124e-05 -4.24 -2.24
1.128e-05 -4.16 -2.32
1.132e-05 -4.08 -2.24
1.136e-05 -4.08 -2.24
1.14e-05 -3.92 -2.16
1.144e-05 -3.84 -2.16
1.148e-05 -3.84 -2.16
1.152e-05 -3.68 -2.08
1.156e-05 -3.68 -2.08
1.16e-05 -3.6 -2
1.164e-05 -3.52 -2
1.168e-05 -3.44 -2
1.172e-05 -3.36 -1.92
1.176e-05 -3.28 -1.92
1.18e-05 -3.28 -1.92
1.184e-05 -3.12 -1.92
1.188e-05 -3.12 -1.76
1.192e-05 -2.96 -1.84
1.196e-05 -2.88 -1.68
1.2e-05 -2.88 -1.76
1.204e-05 -2.8 -1.68
1.208e-05 -2.64 -1.6
1.212e-05 -2.56 -1.6
1.216e-05 -2.56 -1.6
1.22e-05 -2.4 -1.52
1.224e-05 -2.32 -1.52
1.228e-05 -2.24 -1.36
1.232e-05 -2.16 -1.44
1.236e-05 -2.08 -1.36
1.24e-05 -2 -1.36
1.244e-05 -2 -1.28
1.248e-05 -1.84 -1.2
1.252e-05 -1.84 -1.28
1.256e-05 -1.68 -1.2
1.26e-05 -1.6 -1.12
1.264e-05 -1.52 -1.04
1.268e-05 -1.36 -1.04
1.272e-05 -1.36 -1.04
1.276e-05 -1.28 -0.96
1.28e-05 -1.12 -0.96
1.284e-05 -1.04 -0.88
1.288e-05 -0.96 -0.88
1.292e-05 -0.88 -0.88
1.296e-05 -0.8 -0.72
1.3e-05 -0.64 -0.64
1.304e-05 -0.64 -0.64
1.308e-05 -0.56 -0.64
1.312e-05 -0.4 -0.56
1.316e-05 -0.32 -0.56
1.32e-05 -0.24 -0.56
1.324e-05 -0.16 -0.48
1.328e-05 0 -0.4
1.332e-05 0.08 -0.4
1.336e-05 0.16 -0.24
1.34e-05 0.32 -0.24
1.344e-05 0.32 -0.32
1.348e-05 0.4 -0.24
1.352e-05 0.56 -0.24
1.356e-05 0.64 0
1.36e-05 0.72 0
1.364e-05 0.8 0
1.368e-05 0.96 0.08
1.372e-05 0.96 0.08
1.376e-05 1.04 0.08
1.38e-05 1.12 0.16
1.384e-05 1.28 0.16
1.388e-05 1.36 0.32
1.392e-05 1.36 0.32
1.396e-05 1.44 0.32
1.4e-05 1.6 0.4
1.404e-05 1.68 0.4
1.408e-05 1.76 0.48
1.412e-05 1.84 0.4
1.416e-05 1.92 0.48
1.42e-05 2 0.56
1.424e-05 2.08 0.64
1.428e-05 2.24 0.72
1.432e-05 2.24 0.72
1.436e-05 2.4 0.8
1.44e-05 2.4 0.8
1.444e-05 2.56 0.88
1.448e-05 2.56 0.88
1.452e-05 2.72 0.88
1.456e-05 2.72 1.04
1.46e-05 2.88 1.04
1.464e-05 2.88 1.04
1.468e-05 2.96 1.12
1.472e-05 3.04 1.12
1.476e-05 3.2 1.12
1.48e-05 3.2 1.2
1.484e-05 3.28 1.28
1.488e-05 3.36 1.28
1.492e-05 3.44 1.36
1.496e-05 3.52 1.36
1.5e-05 3.6 1.28
1.504e-05 3.68 1.44
1.508e-05 3.68 1.44
1.512e-05 3.76 1.52
1.516e-05 3.84 1.52
1.52e-05 3.92 1.52
1.524e-05 3.92 1.6
1.528e-05 4 1.6
1.532e-05 4.16 1.68
1.536e-05 4.24 1.68
1.54e-05 4.24 1.68
1.544e-05 4.24 1.76
1.548e-05 4.32 1.84
1.552e-05 4.48 1.84
1.556e-05 4.48 1.84
1.56e-05 4.48 1.92
1.564e-05 4.56 1.92
1.568e-05 4.64 2
1.572e-05 4.8 2
1.576e-05 4.8 2
1.58e-05 4.8 2.08
1.584e-05 4.8 2.08
1.588e-05 4.88 2.08
1.592e-05 4.96 2.08
1.596e-05 5.04 2.16
1.6e-05 5.12 2.24
1.604e-05 5.12 2.24
1.608e-05 5.12 2.24
1.612e-05 5.2 2.24
1.616e-05 5.2 2.4
1.62e-05 5.28 2.32
1.624e-05 5.28 2.32
1.628e-05 5.36 2.32
1.632e-05 5.44 2.4
1.636e-05 5.44 2.4
1.64e-05 5.44 2.4
1.644e-05 5.44 2.4
1.648e-05 5.52 2.48
1.652e-05 5.52 2.48
1.656e-05 5.52 2.56
1.66e-05 5.52 2.48
1.664e-05 5.6 2.56
1.668e-05 5.68 2.56
1.672e-05 5.68 2.56
1.676e-05 5.6 2.56
1.68e-05 5.76 2.64
1.684e-05 5.76 2.64
1.688e-05 5.76 2.64
1.692e-05 5.76 2.64
1.696e-05 5.76 2.64
1.7e-05 5.84 2.64
1.704e-05 5.84 2.72
1.708e-05 5.84 2.72
1.712e-05 5.84 2.72
1.716e-05 5.84 2.64
1.72e-05 5.92 2.72
1.724e-05 5.84 2.72
1.728e-05 5.84 2.72
1.732e-05 5.92 2.72
1.736e-05 5.92 2.72
1.74e-05 5.92 2.72
1.744e-05 5.84 2.72
1.748e-05 5.92 2.8
1.752e-05 5.92 2.72
1.756e-05 5.84 2.8
1.76e-05 5.92 2.8
1.764e-05 5.84 2.72
1.768e-05 5.84 2.8
1.772e-05 5.84 2.8
1.776e-05 5.84 2.8
1.78e-05 5.84 2.8
1.784e-05 5.84 2.72
1.788e-05 5.84 2.8
1.792e-05 5.76 2.72
1.796e-05 5.76 2.8
1.8e-05 5.76 2.8
1.804e-05 5.68 2.72
1.808e-05 5.76 2.8
1.812e-05 5.6 2.8
1.816e-05 5.68 2.8
1.82e-05 5.68 2.72
1.824e-05 5.6 2.64
1.828e-05 5.6 2.72
1.832e-05 5.6 2.72
1.836e-05 5.52 2.72
1.84e-05 5.52 2.64
1.844e-05 5.52 2.72
1.848e-05 5.44 2.64
1.852e-05 5.44 2.64
1.856e-05 5.36 2.64
1.86e-05 5.28 2.56
1.864e-05 5.28 2.64
1.868e-05 5.28 2.64
1.872e-05 5.2 2.56
1.876e-05 5.12 2.56
1.88e-05 5.2 2.56
1.884e-05 5.12 2.56
1.888e-05 5.04 2.48
1.892e-05 4.96 2.56
1.896e-05 4.96 2.48
1.9e-05 4.96 2.56
1.904e-05 4.88 2.56
1.908e-05 4.8 2.48
1.912e-05 4.8 2.4
1.916e-05 4.64 2.4
1.92e-05 4.64 2.4
1.924e-05 4.64 2.32
1.928e-05 4.56 2.32
1.932e-05 4.48 2.32
1.936e-05 4.48 2.32
1.94e-05 4.32 2.24
1.944e-05 4.32 2.16
1.948e-05 4.24 2.24
1.952e-05 4.16 2.24
1.956e-05 4.16 2.24
1.96e-05 4.08 2.16
1.964e-05 4 2
1.968e-05 3.84 2.08
1.972e-05 3.84 2.08
1.976e-05 3.68 2
1.98e-05 3.76 1.92
1.984e-05 3.68 1.92
1.988e-05 3.6 1.92
1.992e-05 3.52 1.92
1.996e-05 3.52 1.84
2e-05 3.36 1.76
2.004e-05 3.28 1.76
2.008e-05 3.2 1.76
2.012e-05 3.2 1.68
2.016e-05 3.04 1.68
2.02e-05 2.96 1.6
2.024e-05 2.88 1.6
2.028e-05 2.88 1.6
2.032e-05 2.72 1.52
2.036e-05 2.64 1.44
2.04e-05 2.56 1.44
2.044e-05 2.56 1.44
2.048e-05 2.4 1.36
2.052e-05 2.32 1.28
2.056e-05 2.24 1.36
2.06e-05 2.24 1.28
2.064e-05 2.08 1.28
2.068e-05 2 1.2
2.072e-05 1.92 1.2
2.076e-05 1.84 1.12
2.08e-05 1.76 1.04
2.084e-05 1.68 1.04
2.088e-05 1.6 0.96
2.092e-05 1.6 1.04
2.096e-05 1.36 0.96
2.1e-05 1.36 0.96
2.104e-05 1.28 0.88
2.108e-05 1.12 0.8
2.112e-05 1.12 0.72
2.116e-05 1.04 0.72
2.12e-05 0.96 0.64
2.124e-05 0.8 0.64
2.128e-05 0.72 0.64
2.132e-05 0.64 0.56
2.136e-05 0.48 0.48
2.14e-05 0.4 0.48
2.144e-05 0.4 0.4
2.148e-05 0.32 0.4
2.152e-05 0.16 0.32
2.156e-05 0.08 0.32
2.16e-05 0 0.24
2.164e-05 0 0.24
2.168e-05 -0.24 0.16
2.172e-05 -0.4 0.08
2.176e-05 -0.4 0.08
2.18e-05 -0.48 0.08
2.184e-05 -0.64 0
2.188e-05 -0.64 0
2.192e-05 -0.8 0
2.196e-05 -0.88 -0.16
2.2e-05 -0.96 -0.24
2.204e-05 -1.04 -0.24
2.208e-05 -1.12 -0.32
2.212e-05 -1.2 -0.4
2.216e-05 -1.28 -0.4
2.22e-05 -1.36 -0.4
2.224e-05 -1.52 -0.48
2.228e-05 -1.52 -0.56
2.232e-05 -1.68 -0.56
2.236e-05 -1.68 -0.56
2.24e-05 -1.84 -0.64
2.244e-05 -1.92 -0.64
2.248e-05 -2 -0.72
2.252e-05 -2 -0.72
2.256e-05 -2.16 -0.8
2.26e-05 -2.24 -0.88
2.264e-05 -2.32 -0.88
2.268e-05 -2.32 -0.96
2.272e-05 -2.48 -0.96
2.276e-05 -2.56 -1.04
2.28e-05 -2.64 -1.04
2.284e-05 -2.72 -1.04
2.288e-05 -2.8 -1.12
2.292e-05 -2.88 -1.2
2.296e-05 -2.96 -1.28
2.3e-05 -3.04 -1.2
2.304e-05 -3.12 -1.28
2.308e-05 -3.2 -1.28
2.312e-05 -3.28 -1.36
2.316e-05 -3.28 -1.36
2.32e-05 -3.44 -1.36
2.324e-05 -3.52 -1.44
2.328e-05 -3.6 -1.52
2.332e-05 -3.6 -1.52
2.336e-05 -3.76 -1.6
2.34e-05 -3.76 -1.6
2.344e-05 -3.84 -1.68
2.348e-05 -3.92 -1.68
2.352e-05 -3.92 -1.68
2.356e-05 -4.08 -1.76
2.36e-05 -4.08 -1.76
2.364e-05 -4.16 -1.84
2.368e-05 -4.24 -1.92
2.372e-05 -4.24 -1.92
2.376e-05 -4.4 -1.92
2.38e-05 -4.4 -1.92
2.384e-05 -4.48 -2
2.388e-05 -4.48 -2
2.392e-05 -4.56 -2.08
2.396e-05 -4.64 -2
2.4e-05 -4.72 -2.16
2.404e-05 -4.72 -2.16
2.408e-05 -4.8 -2.16
2.412e-05 -4.88 -2.16
2.416e-05 -4.88 -2.16
2.42e-05 -5.04 -2.32
2.424e-05 -5.04 -2.32
2.428e-05 -5.12 -2.32
2.432e-05 -5.12 -2.32
2.436e-05 -5.2 -2.32
2.44e-05 -5.2 -2.4
2.444e-05 -5.2 -2.4
2.448e-05 -5.36 -2.48
2.452e-05 -5.36 -2.48
2.456e-05 -5.36 -2.56
2.46e-05 -5.44 -2.56
2.464e-05 -5.52 -2.56
2.468e-05 -5.52 -2.56
2.472e-05 -5.52 -2.64
2.476e-05 -5.52 -2.64
2.48e-05 -5.6 -2.64
2.484e-05 -5.68 -2.64
2.488e-05 -5.68 -2.64
2.492e-05 -5.68 -2.72
2.496e-05 -5.68 -2.8
2.5e-05 -5.76 -2.64
2.504e-05 -5.76 -2.72
2.508e-05 -5.84 -2.72
2.512e-05 -5.76 -2.8
2.516e-05 -5.84 -2.8
2.52e-05 -5.84 -2.8
2.524e-05 -5.84 -2.8
2.528e-05 -5.84 -2.88
2.532e-05 -5.84 -2.8
2.536e-05 -5.92 -2.8
2.54e-05 -6 -2.8
2.544e-05 -6 -2.88
2.548e-05 -6 -2.88
2.552e-05 -6 -2.88
2.556e-05 -6 -2.88
2.56e-05 -6 -2.96
2.564e-05 -6 -2.88
2.568e-05 -6 -2.88
2.572e-05 -6 -2.96
2.576e-05 -6 -2.96
2.58e-05 -6 -2.96
2.584e-05 -6 -2.96
2.588e-05 -6 -2.96
2.592e-05 -6 -2.96
2.596e-05 -6 -2.96
2.6e-05 -6 -2.96
2.604e-05 -6 -2.88
2.608e-05 -6 -2.88
2.612e-05 -5.84 -2.96
2.616e-05 -6 -3.04
2.62e-05 -5.92 -3.04
2.624e-05 -5.92 -2.96
2.628e-05 -5.84 -2.96
2.632e-05 -5.84 -2.96
2.636e-05 -5.84 -2.96
2.64e-05 -5.84 -2.88
2.644e-05 -5.76 -2.88
2.648e-05 -5.84 -2.88
2.652e-05 -5.76 -2.88
2.656e-05 -5.76 -2.96
2.66e-05 -5.68 -2.88
2.664e-05 -5.68 -2.88
2.668e-05 -5.68 -2.88
2.672e-05 -5.52 -2.88
2.676e-05 -5.6 -2.88
2.68e-05 -5.52 -2.88
2.684e-05 -5.52 -2.88
2.688e-05 -5.44 -2.88
2.692e-05 -5.44 -2.8
2.696e-05 -5.44 -2.8
2.7e-05 -5.44 -2.8
2.704e-05 -5.36 -2.72
2.708e-05 -5.36 -2.8
2.712e-05 -5.2 -2.72
2.716e-05 -5.2 -2.72
2.72e-05 -5.2 -2.72
2.724e-05 -5.12 -2.72
2.728e-05 -5.12 -2.64
2.732e-05 -5.12 -2.64
2.736e-05 -4.96 -2.64
2.74e-05 -4.88 -2.64
2.744e-05 -4.88 -2.64
2.748e-05 -4.88 -2.56
2.752e-05 -4.8 -2.56
2.756e-05 -4.72 -2.56
2.76e-05 -4.64 -2.48
2.764e-05 -4.56 -2.48
2.768e-05 -4.48 -2.48
2.772e-05 -4.48 -2.4
2.776e-05 -4.4 -2.4
2.78e-05 -4.32 -2.4
2.784e-05 -4.24 -2.24
2.788e-05 -4.24 -2.32
2.792e-05 -4.16 -2.32
2.796e-05 -4.08 -2.32
2.8e-05 -4.08 -2.24
2.804e-05 -3.92 -2.24
2.808e-05 -3.92 -2.24
2.812e-05 -3.84 -2.16
2.816e-05 -3.76 -2.16
2.82e-05 -3.6 -2.08
2.824e-05 -3.6 -2
2.828e-05 -3.6 -2
2.832e-05 -3.52 -2
2.836e-05 -3.36 -2
2.84e-05 -3.36 -1.92
2.844e-05 -3.28 -1.84
2.848e-05 -3.2 -1.92
2.852e-05 -3.12 -1.84
2.856e-05 -3.04 -1.84
2.86e-05 -2.96 -1.76
2.864e-05 -2.88 -1.84
2.868e-05 -2.8 -1.68
2.872e-05 -2.72 -1.6
2.876e-05 -2.64 -1.6
2.88e-05 -2.64 -1.6
2.884e-05 -2.48 -1.6
2.888e-05 -2.4 -1.52
2.892e-05 -2.32 -1.36
2.896e-05 -2.24 -1.44
2.9e-05 -2.16 -1.44
2.904e-05 -2 -1.36
2.908e-05 -2 -1.36
2.912e-05 -1.84 -1.28
2.916e-05 -1.84 -1.28
2.92e-05 -1.68 -1.2
2.924e-05 -1.68 -1.2
2.928e-05 -1.52 -1.04
2.932e-05 -1.36 -1.12
2.936e-05 -1.36 -1.04
2.94e-05 -1.28 -1.04
2.944e-05 -1.2 -0.88
2.948e-05 -1.12 -0.88
2.952e-05 -1.04 -0.96
2.956e-05 -0.96 -0.88
2.96e-05 -0.88 -0.8
2.964e-05 -0.72 -0.72
2.968e-05 -0.72 -0.8
2.972e-05 -0.56 -0.72
2.976e-05 -0.56 -0.64
2.98e-05 -0.4 -0.64
2.984e-05 -0.32 -0.48
2.988e-05 -0.24 -0.56
2.992e-05 0 -0.4
2.996e-05 0 -0.4
3e-05 0.08 -0.4
3.004e-05 0.16 -0.32
3.008e-05 0.32 -0.32
3.012e-05 0.4 -0.24
3.016e-05 0.48 -0.16
3.02e-05 0.56 0
3.024e-05 0.64 -0.16
3.028e-05 0.72 0
3.032e-05 0.8 0.08
3.036e-05 0.96 0.08
3.04e-05 1.04 0.08
3.044e-05 1.04 0.08
3.048e-05 1.2 0.32
3.052e-05 1.28 0.24
3.056e-05 1.28 0.24
3.06e-05 1.44 0.32
3.064e-05 1.6 0.4
3.068e-05 1.6 0.4
3.072e-05 1.68 0.4
3.076e-05 1.76 0.48
3.08e-05 1.84 0.48
3.084e-05 1.92 0.64
3.088e-05 2 0.64
3.092e-05 2.08 0.56
3.096e-05 2.16 0.72
3.1e-05 2.24 0.72
3.104e-05 2.4 0.8
3.108e-05 2.4 0.8
3.112e-05 2.56 0.88
3.116e-05 2.56 0.96
3.12e-05 2.72 0.96
3.124e-05 2.72 1.04
3.128e-05 2.88 1.04
3.132e-05 2.96 1.04
3.136e-05 3.04 1.12
3.14e-05 3.12 1.12
3.144e-05 3.2 1.12
3.148e-05 3.2 1.12
3.152e-05 3.36 1.28
3.156e-05 3.36 1.28
3.16e-05 3.52 1.36
3.164e-05 3.52 1.28
3.168e-05 3.6 1.36
3.172e-05 3.68 1.44
3.176e-05 3.76 1.52
3.18e-05 3.84 1.52
3.184e-05 3.84 1.6
3.188e-05 3.92 1.52
3.192e-05 4 1.6
3.196e-05 4.08 1.6
3.2e-05 4.16 1.68
3.204e-05 4.16 1.68
3.208e-05 4.24 1.76
3.212e-05 4.32 1.76
3.216e-05 4.32 1.76
3.22e-05 4.48 1.84
3.224e-05 4.48 1.92
3.228e-05 4.56 2
3.232e-05 4.56 1.92
3.236e-05 4.64 1.92
3.24e-05 4.72 2
3.244e-05 4.8 2
3.248e-05 4.88 2.08
3.252e-05 4.88 2.08
3.256e-05 4.96 2.16
3.26e-05 4.96 2.16
3.264e-05 5.04 2.16
3.268e-05 5.12 2.24
3.272e-05 5.12 2.16
3.276e-05 5.12 2.24
3.28e-05 5.28 2.24
3.284e-05 5.2 2.32
3.288e-05 5.28 2.32
3.292e-05 5.28 2.32
3.296e-05 5.44 2.4
3.3e-05 5.44 2.4
3.304e-05 5.44 2.4
3.308e-05 5.44 2.4
3.312e-05 5.52 2.48
3.316e-05 5.52 2.56
3.32e-05 5.52 2.48
3.324e-05 5.6 2.56
3.328e-05 5.6 2.56
3.332e-05 5.6 2.56
3.336e-05 5.68 2.56
3.34e-05 5.68 2.56
3.344e-05 5.76 2.64
3.348e-05 5.76 2.56
3.352e-05 5.76 2.64
3.356e-05 5.76 2.64
3.36e-05 5.76 2.64
3.364e-05 5.84 2.72
3.368e-05 5.84 2.72
3.372e-05 5.84 2.72
3.376e-05 5.84 2.64
3.38e-05 5.84 2.64
3.384e-05 5.84 2.64
3.388e-05 5.84 2.72
3.392e-05 5.92 2.72
3.396e-05 5.84 2.72
3.4e-05 5.92 2.72
3.404e-05 5.92 2.72
3.408e-05 5.92 2.72
3.412e-05 5.92 2.72
3.416e-05 5.92 2.72
3.42e-05 5.92 2.8
3.424e-05 5.92 2.8
3.428e-05 5.84 2.8
3.432e-05 5.84 2.72
3.436e-05 5.92 2.8
3.44e-05 5.92 2.8
3.444e-05 5.92 2.72
3.448e-05 5.84 2.72
3.452e-05 5.84 2.72
3.456e-05 5.84 2.8
3.46e-05 5.84 2.88
3.464e-05 5.76 2.72
3.468e-05 5.76 2.72
3.472e-05 5.76 2.72
3.476e-05 5.68 2.72
3.48e-05 5.76 2.8
3.484e-05 5.6 2.72
3.488e-05 5.6 2.72
3.492e-05 5.6 2.72
3.496e-05 5.52 2.72
3.5e-05 5.6 2.64
3.504e-05 5.52 2.64
3.508e-05 5.52 2.72
3.512e-05 5.52 2.72
3.516e-05 5.44 2.72
3.52e-05 5.44 2.64
3.524e-05 5.44 2.64
3.528e-05 5.36 2.64
3.532e-05 5.28 2.56
3.536e-05 5.28 2.56
3.54e-05 5.2 2.56
3.544e-05 5.2 2.64
3.548e-05 5.12 2.56
3.552e-05 5.12 2.56
3.556e-05 5.04 2.48
3.56e-05 4.96 2.56
3.564e-05 4.96 2.56
3.568e-05 4.88 2.4
3.572e-05 4.88 2.4
3.576e-05 4.8 2.4
3.58e-05 4.8 2.4
3.584e-05 4.64 2.4
3.588e-05 4.64 2.32
3.592e-05 4.56 2.32
3.596e-05 4.48 2.32
3.6e-05 4.48 2.32
3.604e-05 4.4 2.24
3.608e-05 4.32 2.24
3.612e-05 4.32 2.24
3.616e-05 4.24 2.24
3.62e-05 4.16 2.24
3.624e-05 4.16 2.08
3.628e-05 4 2.08
3.632e-05 4 2.08
3.636e-05 3.92 2.08
3.64e-05 3.84 2
3.644e-05 3.76 1.92
3.648e-05 3.68 2
3.652e-05 3.6 1.92
3.656e-05 3.52 1.84
3.66e-05 3.52 1.84
3.664e-05 3.36 1.84
3.668e-05 3.36 1.76
3.672e-05 3.28 1.76
3.676e-05 3.2 1.68
3.68e-05 3.04 1.68
3.684e-05 3.04 1.68
3.688e-05 3.04 1.68
3.692e-05 2.88 1.6
3.696e-05 2.8 1.6
3.7e-05 2.72 1.52
3.704e-05 2.64 1.6
3.708e-05 2.56 1.44
3.712e-05 2.4 1.36
3.716e-05 2.4 1.36
3.72e-05 2.32 1.36
3.724e-05 2.24 1.28
3.728e-05 2.16 1.28
3.732e-05 2.08 1.2
3.736e-05 2 1.2
3.74e-05 1.92 1.2
3.744e-05 1.76 1.12
3.748e-05 1.76 1.04
3.752e-05 1.68 1.04
3.756e-05 1.6 0.96
3.76e-05 1.44 0.96
3.764e-05 1.44 0.88
3.768e-05 1.28 0.88
3.772e-05 1.28 0.8
3.776e-05 1.12 0.8
3.78e-05 1.04 0.8
3.784e-05 0.96 0.72
3.788e-05 0.88 0.72
3.792e-05 0.8 0.72
3.796e-05 0.64 0.64
3.8e-05 0.64 0.56
3.804e-05 0.48 0.56
3.808e-05 0.4 0.48
3.812e-05 0.32 0.48
3.816e-05 0.32 0.4
3.82e-05 0.16 0.32
3.824e-05 0.08 0.32
3.828e-05 0 0.32
3.832e-05 -0.24 0.16
3.836e-05 -0.32 0.16
3.84e-05 -0.32 0.08
3.844e-05 -0.4 0.08
3.848e-05 -0.56 0
3.852e-05 -0.64 0
3.856e-05 -0.72 0
3.86e-05 -0.8 -0.16
3.864e-05 -0.88 -0.16
3.868e-05 -1.04 -0.32
3.872e-05 -1.12 -0.24
3.876e-05 -1.2 -0.24
3.88e-05 -1.28 -0.32
3.884e-05 -1.36 -0.4
3.888e-05 -1.44 -0.4
3.892e-05 -1.52 -0.48
3.896e-05 -1.6 -0.56
3.9e-05 -1.68 -0.56
3.904e-05 -1.84 -0.56
3.908e-05 -1.84 -0.64
3.912e-05 -1.92 -0.64
3.916e-05 -2 -0.72
3.92e-05 -2.08 -0.8
3.924e-05 -2.16 -0.8
3.928e-05 -2.24 -0.88
3.932e-05 -2.32 -0.88
3.936e-05 -2.48 -0.88
3.94e-05 -2.48 -0.96
3.944e-05 -2.64 -1.04
3.948e-05 -2.64 -1.04
3.952e-05 -2.8 -1.12
3.956e-05 -2.88 -1.2
3.96e-05 -2.88 -1.2
3.964e-05 -2.96 -1.28
3.968e-05 -2.96 -1.2
3.972e-05 -3.12 -1.28
3.976e-05 -3.28 -1.36
3.98e-05 -3.28 -1.36
3.984e-05 -3.36 -1.36
3.988e-05 -3.44 -1.44
3.992e-05 -3.52 -1.52
3.996e-05 -3.52 -1.52
4e-05 -3.68 -1.52
4.004e-05 -3.76 -1.6
4.008e-05 -3.84 -1.6
4.012e-05 -3.84 -1.68
4.016e-05 -3.92 -1.68
4.02e-05 -3.92 -1.76
4.024e-05 -4.08 -1.76
4.028e-05 -4.16 -1.84
4.032e-05 -4.16 -1.84
4.036e-05 -4.24 -1.84
4.04e-05 -4.24 -1.92
4.044e-05 -4.4 -1.92
4.048e-05 -4.48 -2
4.052e-05 -4.48 -2
4.056e-05 -4.56 -2
4.06e-05 -4.56 -2.08
4.064e-05 -4.72 -2.08
4.068e-05 -4.8 -2.16
4.072e-05 -4.8 -2.16
4.076e-05 -4.88 -2.24
4.08e-05 -4.88 -2.24
4.084e-05 -4.88 -2.32
4.088e-05 -4.88 -2.32
4.092e-05 -5.04 -2.24
4.096e-05 -5.12 -2.24
4.1e-05 -5.12 -2.32
4.104e-05 -5.2 -2.4
4.108e-05 -5.2 -2.4
4.112e-05 -5.2 -2.4
4.116e-05 -5.2 -2.48
4.12e-05 -5.36 -2.48
4.124e-05 -5.44 -2.56
4.128e-05 -5.44 -2.48
4.132e-05 -5.44 -2.48
4.136e-05 -5.52 -2.64
4.14e-05 -5.52 -2.64
4.144e-05 -5.6 -2.56
4.148e-05 -5.52 -2.56
4.152e-05 -5.68 -2.64
4.156e-05 -5.68 -2.64
4.16e-05 -5.68 -2.64
4.164e-05 -5.68 -2.64
4.168e-05 -5.76 -2.72
4.172e-05 -5.76 -2.8
4.176e-05 -5.76 -2.8
4.18e-05 -5.84 -2.72
4.184e-05 -5.84 -2.8
4.188e-05 -5.84 -2.72
4.192e-05 -5.84 -2.88
4.196e-05 -5.84 -2.88
4.2e-05 -5.92 -2.8
4.204e-05 -5.84 -2.88
4.208e-05 -5.92 -2.88
4.212e-05 -5.92 -2.88
4.216e-05 -6 -2.88
4.22e-05 -6 -2.88
4.224e-05 -6 -2.88
4.228e-05 -6 -2.96
4.232e-05 -6.08 -2.88
4.236e-05 -6 -2.96
4.24e-05 -6 -2.96
4.244e-05 -5.92 -3.04
4.248e-05 -6 -2.88
4.252e-05 -6 -2.88
4.256e-05 -6 -2.96
4.26e-05 -6.08 -2.96
4.264e-05 -6 -2.96
4.268e-05 -6 -2.96
4.272e-05 -6 -2.88
4.276e-05 -6 -2.96
4.28e-05 -6 -2.96
4.284e-05 -5.92 -2.96
4.288e-05 -5.92 -2.96
4.292e-05 -5.84 -2.88
4.296e-05 -5.84 -2.96
4.3e-05 -5.84 -2.96
4.304e-05 -5.84 -2.96
4.308e-05 -5.76 -2.96
4.312e-05 -5.84 -2.96
4.316e-05 -5.76 -2.96
4.32e-05 -5.76 -2.88
4.324e-05 -5.76 -2.88
4.328e-05 -5.68 -2.88
4.332e-05 -5.68 -2.88
4.336e-05 -5.6 -2.88
4.34e-05 -5.68 -2.8
4.344e-05 -5.52 -2.88
4.348e-05 -5.52 -2.88
4.352e-05 -5.52 -2.88
4.356e-05 -5.52 -2.8
4.36e-05 -5.44 -2.72
4.364e-05 -5.44 -2.8
4.368e-05 -5.36 -2.8
4.372e-05 -5.28 -2.8
4.376e-05 -5.36 -2.72
4.38e-05 -5.2 -2.72
4.384e-05 -5.2 -2.64
4.388e-05 -5.12 -2.72
4.392e-05 -5.12 -2.72
4.396e-05 -5.04 -2.64
4.4e-05 -5.04 -2.64
4.404e-05 -4.88 -2.64
4.408e-05 -4.88 -2.64
4.412e-05 -4.8 -2.56
4.416e-05 -4.8 -2.56
4.42e-05 -4.72 -2.56
4.424e-05 -4.72 -2.56
4.428e-05 -4.64 -2.48
4.432e-05 -4.56 -2.4
4.436e-05 -4.56 -2.48
4.44e-05 -4.48 -2.48
4.444e-05 -4.4 -2.32
4.448e-05 -4.32 -2.32
4.452e-05 -4.24 -2.32
4.456e-05 -4.24 -2.32
4.46e-05 -4.16 -2.32
4.464e-05 -4.08 -2.24
4.468e-05 -4 -2.24
4.472e-05 -3.92 -2.24
4.476e-05 -3.92 -2.16
4.48e-05 -3.84 -2.16
4.484e-05 -3.76 -2.08
4.488e-05 -3.6 -2.16
4.492e-05 -3.6 -2.08
4.496e-05 -3.52 -2
4.5e-05 -3.44 -2
4.504e-05 -3.28 -2
4.508e-05 -3.28 -1.92
4.512e-05 -3.28 -1.84
4.516e-05 -3.12 -1.84
4.52e-05 -3.04 -1.84
4.524e-05 -2.96 -1.84
4.528e-05 -2.88 -1.76
4.532e-05 -2.88 -1.68
4.536e-05 -2.8 -1.68
4.54e-05 -2.64 -1.6
4.544e-05 -2.64 -1.68
4.548e-05 -2.56 -1.6
4.552e-05 -2.48 -1.52
4.556e-05 -2.4 -1.52
4.56e-05 -2.32 -1.44
4.564e-05 -2.16 -1.44
4.568e-05 -2.16 -1.36
4.572e-05 -2 -1.36
4.576e-05 -1.92 -1.36
4.58e-05 -1.92 -1.28
4.584e-05 -1.76 -1.2
4.588e-05 -1.68 -1.2
4.592e-05 -1.6 -1.2
4.596e-05 -1.52 -1.12
4.6e-05 -1.44 -1.04
4.604e-05 -1.36 -1.04
4.608e-05 -1.28 -0.96
4.612e-05 -1.2 -0.96
4.616e-05 -1.12 -0.96
4.62e-05 -1.04 -0.88
4.624e-05 -0.96 -0.8
4.628e-05 -0.88 -0.72
4.632e-05 -0.72 -0.72
4.636e-05 -0.64 -0.72
4.64e-05 -0.56 -0.64
4.644e-05 -0.4 -0.56
4.648e-05 -0.4 -0.64
4.652e-05 -0.32 -0.56
4.656e-05 -0.24 -0.48
4.66e-05 0 -0.4
4.664e-05 0.08 -0.4
4.668e-05 0.16 -0.32
4.672e-05 0.32 -0.32
4.676e-05 0.32 -0.24
4.68e-05 0.48 -0.24
4.684e-05 0.48 -0.16
4.688e-05 0.64 -0.16
4.692e-05 0.72 0
4.696e-05 0.72 0
4.7e-05 0.88 0
4.704e-05 0.96 0.08
4.708e-05 1.04 0.08
4.712e-05 1.12 0.16
4.716e-05 1.2 0.16
4.72e-05 1.28 0.24
4.724e-05 1.36 0.32
4.728e-05 1.44 0.4
4.732e-05 1.6 0.32
4.736e-05 1.6 0.4
4.74e-05 1.76 0.4
4.744e-05 1.76 0.48
4.748e-05 1.92 0.56
4.752e-05 1.92 0.64
4.756e-05 2.08 0.56
4.76e-05 2.24 0.64
4.764e-05 2.24 0.72
4.768e-05 2.32 0.8
4.772e-05 2.32 0.72
4.776e-05 2.56 0.88
4.78e-05 2.56 0.88
4.784e-05 2.64 0.96
4.788e-05 2.72 0.96
4.792e-05 2.88 0.96
4.796e-05 2.88 1.04
4.8e-05 2.88 1.04
4.804e-05 3.04 1.12
4.808e-05 3.04 1.04
4.812e-05 3.2 1.12
4.816e-05 3.28 1.2
4.82e-05 3.28 1.28
4.824e-05 3.36 1.28
4.828e-05 3.52 1.36
4.832e-05 3.52 1.36
4.836e-05 3.6 1.44
4.84e-05 3.68 1.44
4.844e-05 3.68 1.44
4.848e-05 3.84 1.44
4.852e-05 3.92 1.6
4.856e-05 3.92 1.52
4.86e-05 4 1.6
4.864e-05 4.16 1.6
4.868e-05 4.16 1.68
4.872e-05 4.16 1.76
4.876e-05 4.32 1.76
4.88e-05 4.32 1.76
4.884e-05 4.32 1.84
4.888e-05 4.48 1.92
4.892e-05 4.48 1.92
4.896e-05 4.56 1.84
4.9e-05 4.72 1.92
4.904e-05 4.64 2
4.908e-05 4.8 2
4.912e-05 4.8 2.08
4.916e-05 4.8 2
4.92e-05 4.88 2.08
4.924e-05 4.96 2.16
4.928e-05 4.96 2.16
4.932e-05 5.12 2.16
4.936e-05 5.12 2.24
4.94e-05 5.12 2.24
4.944e-05 5.2 2.24
4.948e-05 5.2 2.32
4.952e-05 5.28 2.32
4.956e-05 5.28 2.4
4.96e-05 5.36 2.32
4.964e-05 5.44 2.4
4.968e-05 5.44 2.4
4.972e-05 5.44 2.4
4.976e-05 5.52 2.48
4.98e-05 5.44 2.4
4.984e-05 5.52 2.48
4.988e-05 5.52 2.48
4.992e-05 5.52 2.56
4.996e-05 5.6 2.56
5e-05 5.6 2.56
5.004e-05 5.76 2.56
5.008e-05 5.68 2.56
5.012e-05 5.68 2.64
5.016e-05 5.76 2.64
5.02e-05 5.76 2.64
5.024e-05 5.76 2.64
5.028e-05 5.76 2.64
5.032e-05 5.84 2.64
5.036e-05 5.84 2.64
5.04e-05 5.84 2.64
5.044e-05 5.84 2.72
5.048e-05 5.84 2.64
5.052e-05 5.92 2.72
5.056e-05 5.84 2.64
5.06e-05 5.84 2.72
5.064e-05 5.92 2.8
5.068e-05 5.92 2.8
5.072e-05 5.84 2.72
5.076e-05 5.92 2.72
5.08e-05 5.84 2.8
5.084e-05 5.92 2.8
5.088e-05 5.92 2.72
5.092e-05 5.92 2.72
5.096e-05 5.84 2.72
5.1e-05 5.84 2.8
5.104e-05 5.84 2.72
5.108e-05 5.84 2.8
5.112e-05 5.84 2.72
5.116e-05 5.84 2.8
5.12e-05 5.84 2.72
5.124e-05 5.84 2.72
5.128e-05 5.84 2.8
5.132e-05 5.76 2.72
5.136e-05 5.84 2.8
5.14e-05 5.76 2.8
5.144e-05 5.76 2.72
5.148e-05 5.68 2.8
5.152e-05 5.68 2.72
5.156e-05 5.6 2.72
5.16e-05 5.6 2.72
5.164e-05 5.52 2.64
5.168e-05 5.52 2.64
5.172e-05 5.52 2.64
5.176e-05 5.52 2.72
5.18e-05 5.44 2.56
5.184e-05 5.44 2.64
5.188e-05 5.44 2.64
5.192e-05 5.36 2.64
5.196e-05 5.28 2.64
5.2e-05 5.28 2.56
5.204e-05 5.28 2.56
5.208e-05 5.2 2.56
5.212e-05 5.2 2.56
5.216e-05 5.12 2.56
5.22e-05 5.12 2.56
5.224e-05 5.04 2.48
5.228e-05 4.96 2.48
5.232e-05 4.88 2.48
5.236e-05 4.88 2.56
5.24e-05 4.88 2.48
5.244e-05 4.8 2.4
5.248e-05 4.8 2.32
5.252e-05 4.64 2.4
5.256e-05 4.64 2.32
5.26e-05 4.56 2.4
5.264e-05 4.48 2.24
5.268e-05 4.48 2.24
5.272e-05 4.32 2.24
5.276e-05 4.32 2.24
5.28e-05 4.24 2.24
5.284e-05 4.24 2.16
5.288e-05 4.16 2.16
5.292e-05 4.08 2.08
5.296e-05 4 2.08
5.3e-05 4 2.08
5.304e-05 3.84 2
5.308e-05 3.84 2
5.312e-05 3.76 2
5.316e-05 3.68 2
5.32e-05 3.6 1.92
5.324e-05 3.52 1.84
5.328e-05 3.52 1.92
5.332e-05 3.36 1.76
5.336e-05 3.36 1.76
5.34e-05 3.28 1.68
5.344e-05 3.2 1.68
5.348e-05 3.12 1.68
5.352e-05 2.96 1.68
5.356e-05 2.96 1.6
5.36e-05 2.88 1.6
5.364e-05 2.72 1.6
5.368e-05 2.64 1.6
5.372e-05 2.56 1.44
5.376e-05 2.56 1.36
5.38e-05 2.4 1.36
5.384e-05 2.32 1.36
5.388e-05 2.32 1.36
5.392e-05 2.24 1.28
5.396e-05 2.08 1.28
5.4e-05 2.08 1.2
5.404e-05 2 1.2
5.408e-05 1.92 1.12
5.412e-05 1.76 1.12
5.416e-05 1.68 1.04
5.42e-05 1.6 1.04
5.424e-05 1.6 1.04
5.428e-05 1.44 0.96
5.432e-05 1.36 0.88
5.436e-05 1.28 0.96
5.44e-05 1.28 0.88
5.444e-05 1.12 0.72
5.448e-05 1.04 0.72
5.452e-05 0.96 0.72
5.456e-05 0.8 0.72
5.46e-05 0.72 0.64
5.464e-05 0.64 0.56
5.468e-05 0.64 0.48
5.472e-05 0.48 0.48
5.476e-05 0.4 0.48
5.48e-05 0.32 0.4
5.484e-05 0.16 0.32
5.488e-05 0.16 0.32
5.492e-05 0.08 0.32
5.496e-05 -0.16 0.24
5.5e-05 -0.24 0.16
5.504e-05 -0.32 0.16
5.508e-05 -0.4 0.16
5.512e-05 -0.48 0.08
5.516e-05 -0.56 0
5.52e-05 -0.64 0
5.524e-05 -0.72 0
5.528e-05 -0.88 -0.16
5.532e-05 -0.96 -0.24
5.536e-05 -1.04 -0.24
5.54e-05 -1.04 -0.32
5.544e-05 -1.2 -0.24
5.548e-05 -1.28 -0.4
5.552e-05 -1.36 -0.4
5.556e-05 -1.36 -0.4
5.56e-05 -1.52 -0.56
5.564e-05 -1.6 -0.56
5.568e-05 -1.68 -0.64
5.572e-05 -1.76 -0.72
5.576e-05 -1.84 -0.64
5.58e-05 -1.92 -0.64
5.584e-05 -2 -0.72
5.588e-05 -2.16 -0.72
5.592e-05 -2.24 -0.8
5.596e-05 -2.24 -0.88
5.6e-05 -2.32 -0.96
5.604e-05 -2.48 -0.96
5.608e-05 -2.56 -1.04
5.612e-05 -2.64 -0.96
5.616e-05 -2.64 -1.04
5.62e-05 -2.8 -1.04
5.624e-05 -2.88 -1.2
5.628e-05 -2.96 -1.2
5.632e-05 -2.96 -1.28
5.636e-05 -3.12 -1.28
5.64e-05 -3.12 -1.36
5.644e-05 -3.28 -1.36
5.648e-05 -3.28 -1.36
5.652e-05 -3.36 -1.36
5.656e-05 -3.52 -1.52
5.66e-05 -3.52 -1.52
5.664e-05 -3.6 -1.52
5.668e-05 -3.68 -1.52
5.672e-05 -3.76 -1.68
5.676e-05 -3.84 -1.68
5.68e-05 -3.92 -1.68
5.684e-05 -3.92 -1.68
5.688e-05 -3.92 -1.76
5.692e-05 -4.16 -1.84
5.696e-05 -4.16 -1.84
5.7e-05 -4.24 -1.84
5.704e-05 -4.24 -1.84
5.708e-05 -4.4 -1.92
5.712e-05 -4.4 -1.92
5.716e-05 -4.48 -1.92
5.72e-05 -4.48 -2
5.724e-05 -4.56 -2.08
5.728e-05 -4.56 -2.16
5.732e-05 -4.72 -2.16
5.736e-05 -4.8 -2.16
5.74e-05 -4.8 -2.16
5.744e-05 -4.88 -2.24
5.748e-05 -4.88 -2.32
5.752e-05 -5.04 -2.24
5.756e-05 -5.04 -2.32
5.76e-05 -5.04 -2.32
5.764e-05 -5.12 -2.32
5.768e-05 -5.12 -2.4
5.772e-05 -5.2 -2.32
5.776e-05 -5.2 -2.4
5.78e-05 -5.28 -2.4
5.784e-05 -5.36 -2.48
5.788e-05 -5.36 -2.56
5.792e-05 -5.44 -2.48
5.796e-05 -5.44 -2.56
5.8e-05 -5.44 -2.64
5.804e-05 -5.44 -2.56
5.808e-05 -5.52 -2.56
5.812e-05 -5.52 -2.56
5.816e-05 -5.6 -2.64
5.82e-05 -5.68 -2.64
5.824e-05 -5.68 -2.64
5.828e-05 -5.68 -2.64
5.832e-05 -5.68 -2.72
5.836e-05 -5.76 -2.8
5.84e-05 -5.76 -2.8
5.844e-05 -5.76 -2.8
5.848e-05 -5.84 -2.8
5.852e-05 -5.84 -2.88
5.856e-05 -5.84 -2.8
5.86e-05 -5.84 -2.88
5.864e-05 -5.84 -2.8
5.868e-05 -5.92 -2.88
5.872e-05 -5.92 -2.88
5.876e-05 -5.92 -2.88
5.88e-05 -6 -2.88
5.884e-05 -6 -2.96
5.888e-05 -6 -2.96
5.892e-05 -6 -2.88
5.896e-05 -6 -2.88
5.9e-05 -6 -2.88
5.904e-05 -6.08 -2.96
5.908e-05 -6 -2.96
5.912e-05 -6 -2.96
5.916e-05 -6 -2.96
5.92e-05 -6 -2.96
5.924e-05 -6 -2.96
5.928e-05 -6 -2.96
5.932e-05 -6 -2.96
5.936e-05 -6 -2.96
5.94e-05 -6 -2.96
5.944e-05 -5.92 -2.96
5.948e-05 -5.92 -2.96
5.952e-05 -6 -2.96
5.956e-05 -5.92 -2.96
5.96e-05 -5.84 -2.96
5.964e-05 -5.84 -2.96
5.968e-05 -5.84 -2.96
5.972e-05 -5.84 -2.88
5.976e-05 -5.84 -2.96
5.98e-05 -5.84 -2.96
5.984e-05 -5.76 -2.88
5.988e-05 -5.76 -2.88
5.992e-05 -5.68 -2.88
5.996e-05 -5.68 -2.88
6e-05 -5.68 -2.88
6.004e-05 -5.6 -2.8
6.008e-05 -5.52 -2.88
6.012e-05 -5.52 -2.88
6.016e-05 -5.52 -2.88
6.02e-05 -5.52 -2.8
6.024e-05 -5.52 -2.88
6.028e-05 -5.44 -2.8
6.032e-05 -5.36 -2.8
6.036e-05 -5.36 -2.8
6.04e-05 -5.28 -2.72
6.044e-05 -5.2 -2.8
6.048e-05 -5.2 -2.8
6.052e-05 -5.2 -2.72
6.056e-05 -5.12 -2.64
6.06e-05 -5.12 -2.72
6.064e-05 -5.04 -2.64
6.068e-05 -4.96 -2.64
6.072e-05 -4.88 -2.64
6.076e-05 -4.88 -2.56
6.08e-05 -4.8 -2.64
6.084e-05 -4.72 -2.56
6.088e-05 -4.72 -2.56
6.092e-05 -4.72 -2.48
6.096e-05 -4.56 -2.48
6.1e-05 -4.56 -2.56
6.104e-05 -4.48 -2.48
6.108e-05 -4.4 -2.32
6.112e-05 -4.4 -2.32
6.116e-05 -4.24 -2.32
6.12e-05 -4.24 -2.32
6.124e-05 -4.24 -2.24
6.128e-05 -4.08 -2.32
6.132e-05 -4.08 -2.24
6.136e-05 -3.92 -2.24
6.14e-05 -3.92 -2.24
6.144e-05 -3.92 -2.16
6.148e-05 -3.84 -2.16
6.152e-05 -3.68 -2.16
6.156e-05 -3.6 -2.08
6.16e-05 -3.6 -2
6.164e-05 -3.6 -2
6.168e-05 -3.44 -2
6.172e-05 -3.36 -1.92
6.176e-05 -3.28 -1.92
6.18e-05 -3.2 -1.84
6.184e-05 -3.12 -1.84
6.188e-05 -3.12 -1.84
6.192e-05 -2.96 -1.84
6.196e-05 -2.96 -1.76
6.2e-05 -2.8 -1.68
6.204e-05 -2.72 -1.68
6.208e-05 -2.56 -1.68
6.212e-05 -2.64 -1.6
6.216e-05 -2.48 -1.6
6.22e-05 -2.48 -1.52
6.224e-05 -2.32 -1.44
6.228e-05 -2.24 -1.44
6.232e-05 -2.16 -1.36
6.236e-05 -2.08 -1.36
6.24e-05 -2 -1.28
6.244e-05 -2 -1.36
6.248e-05 -1.84 -1.28
6.252e-05 -1.84 -1.2
6.256e-05 -1.68 -1.2
6.26e-05 -1.6 -1.2
6.264e-05 -1.52 -1.12
6.268e-05 -1.36 -1.04
6.272e-05 -1.36 -1.04
6.276e-05 -1.28 -1.04
6.28e-05 -1.12 -0.96
6.284e-05 -1.04 -0.88
6.288e-05 -1.04 -0.88
6.292e-05 -0.88 -0.88
6.296e-05 -0.8 -0.72
6.3e-05 -0.64 -0.72
6.304e-05 -0.64 -0.64
6.308e-05 -0.56 -0.64
6.312e-05 -0.4 -0.56
6.316e-05 -0.32 -0.56
6.32e-05 -0.24 -0.48
6.324e-05 0 -0.48
6.328e-05 0 -0.48
6.332e-05 0.08 -0.4
6.336e-05 0.16 -0.4
6.34e-05 0.32 -0.24
6.344e-05 0.32 -0.32
6.348e-05 0.48 -0.24
6.352e-05 0.56 -0.16
6.356e-05 0.64 0
6.36e-05 0.72 0
6.364e-05 0.8 0
6.368e-05 0.88 0
6.372e-05 0.96 0.08
6.376e-05 1.04 0.08
6.38e-05 1.12 0.24
6.384e-05 1.28 0.16
6.388e-05 1.36 0.24
6.392e-05 1.36 0.32
6.396e-05 1.44 0.32
6.4e-05 1.6 0.32
6.404e-05 1.6 0.4
6.408e-05 1.76 0.48
6.412e-05 1.76 0.48
6.416e-05 1.92 0.56
6.42e-05 2 0.64
6.424e-05 2.08 0.64
6.428e-05 2.16 0.64
6.432e-05 2.24 0.64
6.436e-05 2.32 0.72
6.44e-05 2.4 0.8
6.444e-05 2.56 0.88
6.448e-05 2.56 0.96
6.452e-05 2.64 0.88
6.456e-05 2.72 0.96
6.46e-05 2.88 0.96
6.464e-05 2.96 1.04
6.468e-05 2.96 1.04
6.472e-05 3.04 1.12
6.476e-05 3.04 1.2
6.48e-05 3.28 1.2
6.484e-05 3.28 1.28
6.488e-05 3.36 1.2
6.492e-05 3.52 1.28
6.496e-05 3.52 1.36
6.5e-05 3.6 1.36
6.504e-05 3.6 1.44
6.508e-05 3.68 1.44
6.512e-05 3.84 1.52
6.516e-05 3.84 1.6
6.52e-05 3.92 1.6
6.524e-05 3.92 1.6
6.528e-05 4.08 1.6
6.532e-05 4.16 1.68
6.536e-05 4.16 1.68
6.54e-05 4.16 1.68
6.544e-05 4.32 1.76
6.548e-05 4.32 1.76
6.552e-05 4.48 1.76
6.556e-05 4.48 1.84
6.56e-05 4.56 1.84
6.564e-05 4.56 1.92
6.568e-05 4.64 2
6.572e-05 4.8 2.08
6.576e-05 4.8 2
6.58e-05 4.8 2.08
6.584e-05 4.88 2.08
6.588e-05 4.96 2.08
6.592e-05 4.96 2.16
6.596e-05 5.04 2.16
6.6e-05 5.12 2.24
6.604e-05 5.12 2.24
6.608e-05 5.12 2.32
6.612e-05 5.2 2.24
6.616e-05 5.2 2.32
6.62e-05 5.28 2.32
6.624e-05 5.28 2.32
6.628e-05 5.36 2.32
6.632e-05 5.36 2.4
6.636e-05 5.44 2.4
6.64e-05 5.44 2.48
6.644e-05 5.52 2.48
6.648e-05 5.52 2.4
6.652e-05 5.52 2.4
6.656e-05 5.6 2.56
6.66e-05 5.6 2.56
6.664e-05 5.6 2.56
6.668e-05 5.6 2.56
6.672e-05 5.68 2.56
6.676e-05 5.76 2.56
6.68e-05 5.68 2.64
6.684e-05 5.76 2.64
6.688e-05 5.76 2.64
6.692e-05 5.84 2.72
6.696e-05 5.84 2.64
6.7e-05 5.84 2.64
6.704e-05 5.84 2.64
6.708e-05 5.84 2.72
6.712e-05 5.84 2.72
6.716e-05 5.84 2.64
6.72e-05 5.84 2.72
6.724e-05 5.92 2.72
6.728e-05 5.84 2.72
6.732e-05 5.84 2.8
6.736e-05 5.84 2.72
6.74e-05 5.92 2.72
6.744e-05 5.92 2.72
6.748e-05 5.92 2.8
6.752e-05 5.84 2.72
6.756e-05 5.92 2.72
6.76e-05 5.84 2.72
6.764e-05 5.92 2.72
6.768e-05 5.92 2.8
6.772e-05 5.84 2.8
6.776e-05 5.84 2.72
6.78e-05 5.84 2.72
6.784e-05 5.84 2.72
6.788e-05 5.84 2.8
6.792e-05 5.84 2.8
6.796e-05 5.76 2.8
6.8e-05 5.76 2.8
6.804e-05 5.76 2.72
6.808e-05 5.76 2.72
6.812e-05 5.76 2.72
6.816e-05 5.6 2.8
6.82e-05 5.6 2.72
6.824e-05 5.6 2.72
6.828e-05 5.6 2.72
6.832e-05 5.6 2.72
6.836e-05 5.52 2.72
6.84e-05 5.52 2.64
6.844e-05 5.52 2.64
6.848e-05 5.44 2.64
6.852e-05 5.44 2.72
6.856e-05 5.44 2.64
6.86e-05 5.36 2.64
6.864e-05 5.28 2.64
6.868e-05 5.28 2.64
6.872e-05 5.2 2.64
6.876e-05 5.2 2.56
6.88e-05 5.2 2.56
6.884e-05 5.12 2.56
6.888e-05 5.12 2.48
6.892e-05 5.04 2.56
6.896e-05 4.96 2.48
6.9e-05 4.88 2.48
6.904e-05 4.88 2.48
6.908e-05 4.8 2.4
6.912e-05 4.8 2.4
6.916e-05 4.72 2.4
6.92e-05 4.64 2.4
6.924e-05 4.64 2.4
6.928e-05 4.48 2.32
6.932e-05 4.48 2.24
6.936e-05 4.48 2.24
6.94e-05 4.32 2.24
6.944e-05 4.24 2.24
6.948e-05 4.24 2.24
6.952e-05 4.16 2.16
6.956e-05 4.16 2.16
6.96e-05 4.08 2.16
6.964e-05 3.92 2.08
6.968e-05 3.92 2.16
6.972e-05 3.84 2
6.976e-05 3.84 2
6.98e-05 3.68 2
6.984e-05 3.68 1.92
6.988e-05 3.6 1.92
6.992e-05 3.52 1.92
6.996e-05 3.52 1.84
7e-05 3.36 1.68
7.004e-05 3.28 1.76
7.008e-05 3.28 1.76
7.012e-05 3.2 1.68
7.016e-05 3.04 1.68
7.02e-05 2.96 1.6
7.024e-05 2.88 1.68
7.028e-05 2.88 1.6
7.032e-05 2.8 1.6
7.036e-05 2.64 1.44
7.04e-05 2.56 1.44
7.044e-05 2.56 1.44
7.048e-05 2.4 1.44
7.052e-05 2.32 1.36
7.056e-05 2.24 1.28
7.06e-05 2.24 1.28
7.064e-05 2.08 1.28
7.068e-05 2 1.2
7.072e-05 1.92 1.12
7.076e-05 1.84 1.12
7.08e-05 1.76 1.12
7.084e-05 1.68 1.12
7.088e-05 1.6 0.96
7.092e-05 1.52 0.96
7.096e-05 1.44 0.96
7.1e-05 1.36 0.96
7.104e-05 1.28 0.88
7.108e-05 1.2 0.72
7.112e-05 1.04 0.72
7.116e-05 1.04 0.72
7.12e-05 0.96 0.72
7.124e-05 0.8 0.56
7.128e-05 0.72 0.56
7.132e-05 0.64 0.64
7.136e-05 0.56 0.56
7.14e-05 0.48 0.48
7.144e-05 0.4 0.48
7.148e-05 0.32 0.4
7.152e-05 0.16 0.32
7.156e-05 0.16 0.32
7.16e-05 0 0.32
7.164e-05 0 0.16
7.168e-05 -0.24 0.16
7.172e-05 -0.32 0.16
7.176e-05 -0.4 0.16
7.18e-05 -0.48 0
7.184e-05 -0.56 0
7.188e-05 -0.72 0
7.192e-05 -0.8 -0.16
7.196e-05 -0.88 -0.16
7.2e-05 -0.96 -0.24
7.204e-05 -1.04 -0.24
7.208e-05 -1.04 -0.32
7.212e-05 -1.2 -0.32
7.216e-05 -1.28 -0.4
7.22e-05 -1.36 -0.4
7.224e-05 -1.44 -0.4
7.228e-05 -1.6 -0.48
7.232e-05 -1.68 -0.56
7.236e-05 -1.68 -0.64
7.24e-05 -1.84 -0.64
7.244e-05 -1.92 -0.64
7.248e-05 -2 -0.72
7.252e-05 -2 -0.8
7.256e-05 -2.16 -0.88
7.26e-05 -2.24 -0.8
7.264e-05 -2.32 -0.88
7.268e-05 -2.48 -0.88
7.272e-05 -2.48 -0.96
7.276e-05 -2.56 -1.04
7.28e-05 -2.64 -1.04
7.284e-05 -2.72 -1.12
7.288e-05 -2.8 -1.12
7.292e-05 -2.88 -1.2
7.296e-05 -2.96 -1.2
7.3e-05 -2.96 -1.2
7.304e-05 -3.12 -1.28
7.308e-05 -3.2 -1.28
7.312e-05 -3.28 -1.36
7.316e-05 -3.28 -1.36
7.32e-05 -3.44 -1.36
7.324e-05 -3.52 -1.52
7.328e-05 -3.52 -1.52
7.332e-05 -3.6 -1.52
7.336e-05 -3.68 -1.6
7.34e-05 -3.76 -1.68
7.344e-05 -3.92 -1.68
7.348e-05 -3.92 -1.68
7.352e-05 -3.92 -1.76
7.356e-05 -4 -1.76
7.36e-05 -4.08 -1.76
7.364e-05 -4.16 -1.84
7.368e-05 -4.24 -1.84
7.372e-05 -4.24 -1.92
7.376e-05 -4.4 -1.92
7.38e-05 -4.4 -2
7.384e-05 -4.48 -1.92
7.388e-05 -4.56 -2
7.392e-05 -4.56 -2.08
7.396e-05 -4.72 -2.08
7.4e-05 -4.72 -2.16
7.404e-05 -4.8 -2.16
7.408e-05 -4.8 -2.24
7.412e-05 -4.88 -2.24
7.416e-05 -4.88 -2.24
7.42e-05 -4.88 -2.24
7.424e-05 -5.04 -2.24
7.428e-05 -5.12 -2.32
7.432e-05 -5.12 -2.32
7.436e-05 -5.2 -2.32
7.44e-05 -5.2 -2.4
7.444e-05 -5.2 -2.4
7.448e-05 -5.36 -2.56
7.452e-05 -5.36 -2.48
7.456e-05 -5.44 -2.48
7.46e-05 -5.36 -2.48
7.464e-05 -5.44 -2.64
7.468e-05 -5.44 -2.64
7.472e-05 -5.52 -2.56
7.476e-05 -5.52 -2.64
7.48e-05 -5.52 -2.64
7.484e-05 -5.6 -2.64
7.488e-05 -5.68 -2.64
7.492e-05 -5.76 -2.64
7.496e-05 -5.68 -2.72
7.5e-05 -5.68 -2.72
7.504e-05 -5.76 -2.72
7.508e-05 -5.76 -2.72
7.512e-05 -5.84 -2.8
7.516e-05 -5.84 -2.8
7.52e-05 -5.84 -2.8
7.524e-05 -5.84 -2.88
7.528e-05 -5.84 -2.8
7.532e-05 -5.84 -2.88
7.536e-05 -5.84 -2.88
7.54e-05 -5.92 -2.88
7.544e-05 -6 -2.88
7.548e-05 -6 -2.96
7.552e-05 -6 -2.88
7.556e-05 -6 -2.88
7.56e-05 -6 -2.88
7.564e-05 -6 -2.88
7.568e-05 -6 -2.96
7.572e-05 -6 -2.96
7.576e-05 -6 -2.96
7.58e-05 -6 -2.96
7.584e-05 -6 -2.96
7.588e-05 -6 -2.96
7.592e-05 -6 -2.96
7.596e-05 -6 -2.96
7.6e-05 -5.92 -2.96
7.604e-05 -6 -2.96
7.608e-05 -6 -2.96
7.612e-05 -5.92 -2.96
7.616e-05 -6 -2.96
7.62e-05 -5.92 -2.96
7.624e-05 -5.84 -2.96
7.628e-05 -5.84 -2.96
7.632e-05 -5.84 -2.88
7.636e-05 -5.84 -2.96
7.64e-05 -5.84 -2.96
7.644e-05 -5.76 -2.88
7.648e-05 -5.76 -2.88
7.652e-05 -5.76 -2.88
7.656e-05 -5.76 -2.96
7.66e-05 -5.68 -2.88
7.664e-05 -5.68 -2.88
7.668e-05 -5.68 -2.88
7.672e-05 -5.52 -2.88
7.676e-05 -5.6 -2.88
7.68e-05 -5.52 -2.88
7.684e-05 -5.52 -2.8
7.688e-05 -5.52 -2.8
7.692e-05 -5.44 -2.88
7.696e-05 -5.44 -2.8
7.7e-05 -5.36 -2.8
7.704e-05 -5.36 -2.8
7.708e-05 -5.36 -2.8
7.712e-05 -5.2 -2.72
7.716e-05 -5.2 -2.64
7.72e-05 -5.2 -2.64
7.724e-05 -5.2 -2.72
7.728e-05 -5.04 -2.64
7.732e-05 -5.04 -2.72
7.736e-05 -4.88 -2.64
7.74e-05 -4.88 -2.64
7.744e-05 -4.88 -2.64
7.748e-05 -4.8 -2.64
7.752e-05 -4.8 -2.56
7.756e-05 -4.72 -2.56
7.76e-05 -4.72 -2.56
7.764e-05 -4.56 -2.48
7.768e-05 -4.56 -2.48
7.772e-05 -4.48 -2.4
7.776e-05 -4.4 -2.32
7.78e-05 -4.4 -2.32
7.784e-05 -4.32 -2.32
7.788e-05 -4.24 -2.32
7.792e-05 -4.16 -2.24
7.796e-05 -4.08 -2.32
7.8e-05 -4.08 -2.24
7.804e-05 -3.92 -2.24
7.808e-05 -3.92 -2.16
7.812e-05 -3.84 -2.16
7.816e-05 -3.84 -2.16
7.82e-05 -3.68 -2.08
7.824e-05 -3.68 -2.08
7.828e-05 -3.6 -2
7.832e-05 -3.44 -2
7.836e-05 -3.44 -2
7.84e-05 -3.28 -1.84
7.844e-05 -3.28 -1.84
7.848e-05 -3.2 -1.84
7.852e-05 -3.12 -1.84
7.856e-05 -2.96 -1.84
7.86e-05 -2.96 -1.76
7.864e-05 -2.88 -1.76
7.868e-05 -2.8 -1.68
7.872e-05 -2.72 -1.68
7.876e-05 -2.64 -1.6
7.88e-05 -2.56 -1.52
7.884e-05 -2.48 -1.6
7.888e-05 -2.48 -1.52
7.892e-05 -2.32 -1.52
7.896e-05 -2.24 -1.36
7.9e-05 -2.16 -1.44
7.904e-05 -2.08 -1.36
7.908e-05 -1.92 -1.28
7.912e-05 -1.84 -1.28
7.916e-05 -1.76 -1.28
7.92e-05 -1.68 -1.28
7.924e-05 -1.68 -1.2
7.928e-05 -1.52 -1.12
7.932e-05 -1.44 -1.04
7.936e-05 -1.36 -1.04
7.94e-05 -1.36 -1.04
7.944e-05 -1.2 -0.96
7.948e-05 -1.12 -0.96
7.952e-05 -1.04 -0.88
7.956e-05 -0.96 -0.88
7.96e-05 -0.88 -0.88
7.964e-05 -0.72 -0.72
7.968e-05 -0.64 -0.64
7.972e-05 -0.56 -0.72
7.976e-05 -0.56 -0.72
7.98e-05 -0.4 -0.64
7.984e-05 -0.32 -0.56
7.988e-05 -0.24 -0.48
7.992e-05 0 -0.48
7.996e-05 0 -0.4
8e-05 0.08 -0.32
8.004e-05 0.32 -0.32
8.008e-05 0.32 -0.32
8.012e-05 0.4 -0.24
8.016e-05 0.48 -0.24
8.02e-05 0.64 0
8.024e-05 0.64 -0.16
8.028e-05 0.72 0
8.032e-05 0.8 0
8.036e-05 0.88 0.08
8.04e-05 1.04 0.08
8.044e-05 1.12 0.08
8.048e-05 1.28 0.16
8.052e-05 1.28 0.24
8.056e-05 1.36 0.32
8.06e-05 1.36 0.32
8.064e-05 1.44 0.32
8.068e-05 1.6 0.4
8.072e-05 1.68 0.4
8.076e-05 1.76 0.48
8.08e-05 1.92 0.48
8.084e-05 1.92 0.48
8.088e-05 2 0.64
8.092e-05 2.16 0.64
8.096e-05 2.24 0.72
8.1e-05 2.32 0.64
8.104e-05 2.4 0.8
8.108e-05 2.4 0.8
8.112e-05 2.56 0.88
8.116e-05 2.64 0.88
8.12e-05 2.72 0.96
8.124e-05 2.8 1.04
8.128e-05 2.88 1.04
8.132e-05 2.88 1.04
8.136e-05 2.96 1.04
8.14e-05 3.04 1.12
8.144e-05 3.2 1.2
8.148e-05 3.28 1.2
8.152e-05 3.28 1.28
8.156e-05 3.36 1.28
8.16e-05 3.52 1.28
8.164e-05 3.52 1.36
8.168e-05 3.6 1.36
8.172e-05 3.68 1.44
8.176e-05 3.76 1.44
8.18e-05 3.84 1.52
8.184e-05 3.92 1.52
8.188e-05 3.92 1.6
8.192e-05 4 1.6
8.196e-05 4 1.68
8.2e-05 4.16 1.6
8.204e-05 4.16 1.68
8.208e-05 4.24 1.68
8.212e-05 4.32 1.76
8.216e-05 4.4 1.84
8.22e-05 4.4 1.92
8.224e-05 4.48 1.92
8.228e-05 4.56 1.92
8.232e-05 4.64 2
8.236e-05 4.64 2
8.24e-05 4.72 2
8.244e-05 4.8 2
8.248e-05 4.8 2.08
8.252e-05 4.88 2.08
8.256e-05 4.96 2.08
8.26e-05 4.96 2.16
8.264e-05 4.96 2.24
8.268e-05 5.12 2.24
8.272e-05 5.12 2.24
8.276e-05 5.12 2.24
8.28e-05 5.2 2.24
8.284e-05 5.2 2.32
8.288e-05 5.28 2.32
8.292e-05 5.28 2.32
8.296e-05 5.36 2.32
8.3e-05 5.44 2.4
8.304e-05 5.44 2.48
8.308e-05 5.44 2.4
8.312e-05 5.44 2.4
8.316e-05 5.52 2.48
8.32e-05 5.52 2.48
8.324e-05 5.52 2.56
8.328e-05 5.6 2.48
8.332e-05 5.6 2.56
8.336e-05 5.68 2.56
8.34e-05 5.76 2.64
8.344e-05 5.76 2.56
8.348e-05 5.76 2.64
8.352e-05 5.76 2.64
8.356e-05 5.76 2.64
8.36e-05 5.84 2.64
8.364e-05 5.76 2.64
8.368e-05 5.84 2.64
8.372e-05 5.84 2.72
8.376e-05 5.84 2.72
8.38e-05 5.84 2.72
8.384e-05 5.84 2.64
8.388e-05 5.92 2.72
8.392e-05 5.84 2.72
8.396e-05 5.92 2.72
8.4e-05 5.84 2.72
8.404e-05 5.92 2.72
8.408e-05 5.92 2.8
8.412e-05 5.84 2.72
8.416e-05 5.92 2.72
8.42e-05 5.84 2.8
8.424e-05 5.92 2.72
8.428e-05 5.84 2.8
8.432e-05 5.92 2.8
8.436e-05 5.84 2.8
8.44e-05 5.84 2.8
8.444e-05 5.84 2.8
8.448e-05 5.84 2.8
8.452e-05 5.84 2.72
8.456e-05 5.84 2.8
8.46e-05 5.84 2.8
8.464e-05 5.76 2.8
8.468e-05 5.76 2.72
8.472e-05 5.76 2.72
8.476e-05 5.76 2.8
8.48e-05 5.76 2.88
8.484e-05 5.6 2.72
8.488e-05 5.6 2.72
8.492e-05 5.6 2.64
8.496e-05 5.6 2.72
8.5e-05 5.52 2.64
8.504e-05 5.52 2.64
8.508e-05 5.52 2.72
8.512e-05 5.44 2.72
8.516e-05 5.44 2.72
8.52e-05 5.44 2.64
8.524e-05 5.36 2.56
8.528e-05 5.36 2.64
8.532e-05 5.28 2.64
8.536e-05 5.28 2.64
8.54e-05 5.2 2.56
8.544e-05 5.2 2.64
8.548e-05 5.12 2.56
8.552e-05 5.12 2.56
8.556e-05 5.04 2.48
8.56e-05 4.96 2.56
8.564e-05 4.96 2.56
8.568e-05 4.88 2.48
8.572e-05 4.88 2.56
8.576e-05 4.8 2.4
8.58e-05 4.8 2.4
8.584e-05 4.8 2.4
8.588e-05 4.64 2.4
8.592e-05 4.56 2.32
8.596e-05 4.48 2.32
8.6e-05 4.48 2.32
8.604e-05 4.4 2.32
8.608e-05 4.32 2.24
8.612e-05 4.24 2.16
8.616e-05 4.24 2.16
8.62e-05 4.16 2.24
8.624e-05 4.16 2.08
8.628e-05 4 2.08
8.632e-05 3.92 2.08
8.636e-05 3.84 2.08
8.64e-05 3.84 2
8.644e-05 3.76 1.92
8.648e-05 3.68 1.92
8.652e-05 3.68 1.92
8.656e-05 3.52 2
8.66e-05 3.52 1.84
8.664e-05 3.44 1.76
8.668e-05 3.36 1.76
8.672e-05 3.28 1.76
8.676e-05 3.2 1.76
8.68e-05 3.2 1.6
8.684e-05 3.04 1.68
8.688e-05 2.96 1.6
8.692e-05 2.88 1.6
8.696e-05 2.88 1.6
8.7e-05 2.72 1.52
8.704e-05 2.64 1.52
8.708e-05 2.56 1.44
8.712e-05 2.56 1.44
8.716e-05 2.4 1.36
8.72e-05 2.32 1.28
8.724e-05 2.24 1.28
8.728e-05 2.24 1.28
8.732e-05 2.08 1.2
8.736e-05 2 1.12
8.74e-05 1.92 1.2
8.744e-05 1.76 1.12
8.748e-05 1.76 1.04
8.752e-05 1.68 0.96
8.756e-05 1.6 0.96
8.76e-05 1.44 0.96
8.764e-05 1.36 0.96
8.768e-05 1.28 0.88
8.772e-05 1.28 0.88
8.776e-05 1.12 0.72
8.78e-05 1.04 0.8
8.784e-05 0.96 0.72
8.788e-05 0.8 0.64
8.792e-05 0.72 0.64
8.796e-05 0.64 0.64
8.8e-05 0.56 0.64
8.804e-05 0.48 0.48
8.808e-05 0.4 0.48
8.812e-05 0.32 0.4
8.816e-05 0.24 0.48
8.82e-05 0.16 0.32
8.824e-05 0 0.32
8.828e-05 0 0.32
8.832e-05 -0.16 0.24
8.836e-05 -0.24 0.16
8.84e-05 -0.4 0.08
8.844e-05 -0.4 0.08
8.848e-05 -0.56 0.08
8.852e-05 -0.64 0
8.856e-05 -0.72 0
8.86e-05 -0.88 -0.16
8.864e-05 -0.96 -0.24
8.868e-05 -0.96 -0.24
8.872e-05 -1.04 -0.32
8.876e-05 -1.12 -0.32
8.88e-05 -1.2 -0.32
8.884e-05 -1.28 -0.4
8.888e-05 -1.36 -0.4
8.892e-05 -1.52 -0.4
8.896e-05 -1.6 -0.56
8.9e-05 -1.68 -0.56
8.904e-05 -1.76 -0.56
8.908e-05 -1.84 -0.64
8.912e-05 -1.92 -0.64
8.916e-05 -2 -0.72
8.92e-05 -2.08 -0.72
8.924e-05 -2.24 -0.8
8.928e-05 -2.32 -0.88
8.932e-05 -2.32 -0.88
8.936e-05 -2.32 -0.96
8.94e-05 -2.56 -0.96
8.944e-05 -2.56 -1.04
8.948e-05 -2.64 -1.12
8.952e-05 -2.72 -1.04
8.956e-05 -2.8 -1.12
8.96e-05 -2.96 -1.2
8.964e-05 -2.96 -1.28
8.968e-05 -3.04 -1.28
8.972e-05 -3.12 -1.28
8.976e-05 -3.2 -1.28
8.98e-05 -3.28 -1.36
8.984e-05 -3.28 -1.36
8.988e-05 -3.52 -1.44
8.992e-05 -3.52 -1.52
8.996e-05 -3.6 -1.52
9e-05 -3.6 -1.6
9.004e-05 -3.76 -1.6
9.008e-05 -3.76 -1.6
9.012e-05 -3.84 -1.68
9.016e-05 -3.92 -1.68
9.02e-05 -3.92 -1.76
9.024e-05 -4.08 -1.76
9.028e-05 -4.16 -1.76
9.032e-05 -4.16 -1.84
9.036e-05 -4.24 -1.92
9.04e-05 -4.32 -1.92
9.044e-05 -4.4 -1.92
9.048e-05 -4.48 -1.92
9.052e-05 -4.48 -2
9.056e-05 -4.56 -2
9.06e-05 -4.64 -2.08
9.064e-05 -4.72 -2.08
9.068e-05 -4.8 -2.16
9.072e-05 -4.8 -2.24
9.076e-05 -4.8 -2.16
9.08e-05 -4.88 -2.24
9.084e-05 -4.88 -2.24
9.088e-05 -5.04 -2.32
9.092e-05 -5.12 -2.24
9.096e-05 -5.12 -2.32
9.1e-05 -5.12 -2.32
9.104e-05 -5.2 -2.48
9.108e-05 -5.2 -2.48
9.112e-05 -5.2 -2.4
9.116e-05 -5.36 -2.48
9.12e-05 -5.36 -2.56
9.124e-05 -5.44 -2.56
9.128e-05 -5.44 -2.56
9.132e-05 -5.44 -2.56
9.136e-05 -5.52 -2.56
9.14e-05 -5.52 -2.64
9.144e-05 -5.6 -2.64
9.148e-05 -5.52 -2.64
9.152e-05 -5.68 -2.64
9.156e-05 -5.68 -2.72
9.16e-05 -5.68 -2.72
9.164e-05 -5.76 -2.8
9.168e-05 -5.76 -2.64
9.172e-05 -5.84 -2.8
9.176e-05 -5.76 -2.8
9.18e-05 -5.84 -2.8
9.184e-05 -5.84 -2.8
9.188e-05 -5.84 -2.8
9.192e-05 -5.84 -2.8
9.196e-05 -5.84 -2.88
9.2e-05 -5.84 -2.88
9.204e-05 -6 -2.88
9.208e-05 -6 -2.8
9.212e-05 -6 -2.88
9.216e-05 -6 -2.88
9.22e-05 -6 -2.96
9.224e-05 -6 -2.88
9.228e-05 -6 -2.88
9.232e-05 -6 -2.96
9.236e-05 -6 -2.96
9.24e-05 -6 -2.96
9.244e-05 -6 -2.88
9.248e-05 -6.08 -2.96
9.252e-05 -6 -2.96
9.256e-05 -6 -2.96
9.26e-05 -6 -2.96
9.264e-05 -6 -2.96
9.268e-05 -6 -2.96
9.272e-05 -6 -2.96
9.276e-05 -5.92 -2.88
9.28e-05 -6 -2.96
9.284e-05 -6 -2.96
9.288e-05 -5.92 -2.96
9.292e-05 -5.92 -2.88
9.296e-05 -5.84 -2.96
9.3e-05 -5.84 -2.96
9.304e-05 -5.84 -2.96
9.308e-05 -5.84 -2.88
9.312e-05 -5.84 -2.88
9.316e-05 -5.76 -2.96
9.32e-05 -5.68 -2.88
9.324e-05 -5.76 -2.88
9.328e-05 -5.68 -2.88
9.332e-05 -5.68 -2.88
9.336e-05 -5.68 -2.88
9.34e-05 -5.52 -2.88
9.344e-05 -5.52 -2.88
9.348e-05 -5.52 -2.8
9.352e-05 -5.52 -2.88
9.356e-05 -5.52 -2.88
9.36e-05 -5.44 -2.8
9.364e-05 -5.44 -2.8
9.368e-05 -5.36 -2.8
9.372e-05 -5.36 -2.8
9.376e-05 -5.2 -2.72
9.38e-05 -5.2 -2.8
9.384e-05 -5.2 -2.72
9.388e-05 -5.2 -2.72
9.392e-05 -5.12 -2.72
9.396e-05 -5.12 -2.64
9.4e-05 -5.04 -2.64
9.404e-05 -4.88 -2.64
9.408e-05 -4.88 -2.56
9.412e-05 -4.88 -2.64
9.416e-05 -4.8 -2.48
9.42e-05 -4.72 -2.56
9.424e-05 -4.64 -2.56
9.428e-05 -4.56 -2.48
9.432e-05 -4.56 -2.48
9.436e-05 -4.56 -2.4
9.44e-05 -4.48 -2.4
9.444e-05 -4.4 -2.4
9.448e-05 -4.4 -2.32
9.452e-05 -4.24 -2.24
9.456e-05 -4.16 -2.32
9.46e-05 -4.16 -2.32
9.464e-05 -4.08 -2.24
9.468e-05 -3.92 -2.24
9.472e-05 -3.92 -2.24
9.476e-05 -3.92 -2.24
9.48e-05 -3.84 -2.16
9.484e-05 -3.76 -2.16
9.488e-05 -3.6 -2.08
9.492e-05 -3.6 -2
9.496e-05 -3.6 -2
9.5e-05 -3.44 -2
9.504e-05 -3.44 -1.92
9.508e-05 -3.28 -1.92
9.512e-05 -3.2 -1.92
9.516e-05 -3.12 -1.84
9.52e-05 -3.12 -1.76
9.524e-05 -2.96 -1.84
9.528e-05 -2.96 -1.76
9.532e-05 -2.88 -1.76
9.536e-05 -2.8 -1.68
9.54e-05 -2.72 -1.68
9.544e-05 -2.56 -1.6
9.548e-05 -2.48 -1.6
9.552e-05 -2.48 -1.52
9.556e-05 -2.32 -1.52
9.56e-05 -2.32 -1.36
9.564e-05 -2.16 -1.44
9.568e-05 -2.08 -1.36
9.572e-05 -2 -1.36
9.576e-05 -1.92 -1.28
9.58e-05 -1.84 -1.28
9.584e-05 -1.84 -1.28
9.588e-05 -1.68 -1.2
9.592e-05 -1.68 -1.12
9.596e-05 -1.52 -1.04
9.6e-05 -1.44 -1.12
9.604e-05 -1.36 -1.04
9.608e-05 -1.28 -0.96
9.612e-05 -1.2 -0.96
9.616e-05 -1.04 -0.88
9.62e-05 -1.04 -0.88
9.624e-05 -0.88 -0.8
9.628e-05 -0.8 -0.8
9.632e-05 -0.72 -0.72
9.636e-05 -0.64 -0.72
9.64e-05 -0.56 -0.72
9.644e-05 -0.48 -0.64
9.648e-05 -0.32 -0.64
9.652e-05 -0.24 -0.48
9.656e-05 -0.24 -0.56
9.66e-05 0 -0.4
9.664e-05 0.08 -0.4
9.668e-05 0.16 -0.32
9.672e-05 0.32 -0.32
9.676e-05 0.32 -0.32
9.68e-05 0.48 -0.16
9.684e-05 0.48 -0.16
9.688e-05 0.64 -0.16
9.692e-05 0.72 0
9.696e-05 0.8 0
9.7e-05 0.88 0.08
9.704e-05 0.96 0.08
9.708e-05 1.04 0.08
9.712e-05 1.12 0.16
9.716e-05 1.2 0.16
9.72e-05 1.28 0.16
9.724e-05 1.36 0.24
9.728e-05 1.44 0.32
9.732e-05 1.6 0.32
9.736e-05 1.6 0.4
9.74e-05 1.68 0.48
9.744e-05 1.76 0.48
9.748e-05 1.92 0.56
9.752e-05 2 0.64
9.756e-05 2.08 0.64
9.76e-05 2.24 0.64
9.764e-05 2.24 0.72
9.768e-05 2.24 0.72
9.772e-05 2.4 0.72
9.776e-05 2.48 0.8
9.78e-05 2.56 0.8
9.784e-05 2.64 0.96
9.788e-05 2.72 0.96
9.792e-05 2.88 0.96
9.796e-05 2.88 1.04
9.8e-05 2.96 1.04
9.804e-05 3.04 1.12
9.808e-05 3.04 1.12
9.812e-05 3.2 1.2
9.816e-05 3.28 1.2
9.82e-05 3.36 1.28
9.824e-05 3.36 1.28
9.828e-05 3.52 1.28
9.832e-05 3.52 1.36
9.836e-05 3.68 1.36
9.84e-05 3.68 1.44
9.844e-05 3.68 1.52
9.848e-05 3.84 1.52
9.852e-05 3.84 1.6
9.856e-05 3.92 1.6
9.86e-05 4 1.68
9.864e-05 4.16 1.6
9.868e-05 4.16 1.68
9.872e-05 4.16 1.68
9.876e-05 4.24 1.76
9.88e-05 4.32 1.76
9.884e-05 4.4 1.76
9.888e-05 4.48 1.92
9.892e-05 4.48 1.84
9.896e-05 4.64 1.92
9.9e-05 4.64 1.92
9.904e-05 4.64 1.92
9.908e-05 4.72 2.08
9.912e-05 4.8 2
9.916e-05 4.88 2
9.92e-05 4.96 2.08
9.924e-05 4.96 2.08
9.928e-05 4.96 2.24
9.932e-05 4.96 2.16
9.936e-05 5.12 2.24
9.94e-05 5.12 2.24
9.944e-05 5.2 2.32
9.948e-05 5.2 2.32
9.952e-05 5.2 2.24
9.956e-05 5.28 2.32
9.96e-05 5.36 2.32
9.964e-05 5.28 2.4
9.968e-05 5.36 2.4
9.972e-05 5.44 2.4
9.976e-05 5.52 2.48
9.98e-05 5.52 2.48
9.984e-05 5.52 2.48
9.988e-05 5.6 2.48
9.992e-05 5.52 2.56
9.996e-05 5.6 2.56
0.0001 5.6 2.56
0.00010004 5.68 2.64
0.00010008 5.76 2.56
0.00010012 5.76 2.56
0.00010016 5.76 2.64
0.0001002 5.76 2.64
0.00010024 5.84 2.64
0.00010028 5.76 2.64
0.00010032 5.76 2.72
0.00010036 5.84 2.72
0.0001004 5.84 2.72
0.00010044 5.84 2.64
0.00010048 5.84 2.64
0.00010052 5.84 2.72
0.00010056 5.84 2.72
0.0001006 5.84 2.72
0.00010064 5.92 2.72
0.00010068 5.84 2.72
0.00010072 5.84 2.72
0.00010076 5.92 2.72
0.0001008 5.92 2.72
0.00010084 5.92 2.72
0.00010088 5.92 2.8
0.00010092 5.92 2.8
0.00010096 5.84 2.8
0.000101 5.92 2.8
0.00010104 5.84 2.8
0.00010108 5.84 2.72
0.00010112 5.84 2.72
0.00010116 5.84 2.72
0.0001012 5.84 2.8
0.00010124 5.84 2.8
0.00010128 5.76 2.72
0.00010132 5.76 2.72
0.00010136 5.76 2.72
0.0001014 5.76 2.8
0.00010144 5.76 2.88
0.00010148 5.76 2.72
0.00010152 5.6 2.72
0.00010156 5.6 2.72
0.0001016 5.6 2.72
0.00010164 5.52 2.64
0.00010168 5.6 2.64
0.00010172 5.52 2.72
0.00010176 5.52 2.72
0.0001018 5.44 2.64
0.00010184 5.44 2.64
0.00010188 5.44 2.64
0.00010192 5.36 2.64
0.00010196 5.28 2.64
0.000102 5.28 2.64
0.00010204 5.28 2.56
0.00010208 5.2 2.56
0.00010212 5.2 2.56
0.00010216 5.12 2.56
0.0001022 5.04 2.56
0.00010224 5.04 2.56
0.00010228 4.96 2.48
0.00010232 4.96 2.56
0.00010236 4.88 2.4
0.0001024 4.8 2.48
0.00010244 4.8 2.4
0.00010248 4.72 2.4
0.00010252 4.72 2.4
0.00010256 4.64 2.4
0.0001026 4.56 2.32
0.00010264 4.48 2.32
0.00010268 4.48 2.32
0.00010272 4.4 2.32
0.00010276 4.32 2.24
0.0001028 4.24 2.24
0.00010284 4.16 2.16
0.00010288 4.16 2.16
0.00010292 4.08 2.08
0.00010296 4 2.08
0.000103 3.92 2.08
0.00010304 3.84 2
0.00010308 3.84 2
0.00010312 3.76 1.92
0.00010316 3.68 2
0.0001032 3.6 1.92
0.00010324 3.52 1.92
0.00010328 3.52 1.84
0.00010332 3.36 1.84
0.00010336 3.28 1.84
0.0001034 3.2 1.76
0.00010344 3.2 1.68
0.00010348 3.04 1.68
0.00010352 2.96 1.6
0.00010356 2.88 1.6
0.0001036 2.88 1.52
0.00010364 2.8 1.6
0.00010368 2.64 1.52
0.00010372 2.56 1.52
0.00010376 2.56 1.36
0.0001038 2.4 1.36
0.00010384 2.4 1.36
0.00010388 2.32 1.36
0.00010392 2.24 1.28
0.00010396 2.16 1.28
0.000104 2 1.2
0.00010404 1.92 1.2
0.00010408 1.92 1.12
0.00010412 1.76 1.12
0.00010416 1.68 1.04
0.0001042 1.6 1.04
0.00010424 1.6 0.96
0.00010428 1.44 0.96
0.00010432 1.36 0.88
0.00010436 1.28 0.88
0.0001044 1.28 0.88
0.00010444 1.12 0.8
0.00010448 0.96 0.8
0.00010452 0.96 0.72
0.00010456 0.8 0.64
0.0001046 0.8 0.64
0.00010464 0.72 0.56
0.00010468 0.56 0.48
0.00010472 0.48 0.48
0.00010476 0.32 0.48
0.0001048 0.32 0.48
0.00010484 0.16 0.32
0.00010488 0.08 0.32
0.00010492 0.08 0.32
0.00010496 0 0.32
0.000105 -0.16 0.16
0.00010504 -0.32 0.16
0.00010508 -0.4 0.08
0.00010512 -0.4 0.08
0.00010516 -0.56 0.08
0.0001052 -0.64 -0.16
0.00010524 -0.8 -0.16
0.00010528 -0.88 0
0.00010532 -0.96 -0.16
0.00010536 -1.04 -0.24
0.0001054 -1.04 -0.24
0.00010544 -1.2 -0.32
0.00010548 -1.28 -0.32
0.00010552 -1.36 -0.4
0.00010556 -1.52 -0.48
0.0001056 -1.6 -0.56
0.00010564 -1.6 -0.4
0.00010568 -1.68 -0.56
0.00010572 -1.84 -0.64
0.00010576 -1.84 -0.64
0.0001058 -2 -0.72
0.00010584 -2 -0.72
0.00010588 -2.16 -0.8
0.00010592 -2.24 -0.88
0.00010596 -2.24 -0.88
0.000106 -2.32 -0.88
0.00010604 -2.48 -0.96
0.00010608 -2.56 -0.96
0.00010612 -2.64 -1.04
0.00010616 -2.72 -1.04
0.0001062 -2.8 -1.04
0.00010624 -2.88 -1.2
0.00010628 -2.96 -1.2
0.00010632 -2.96 -1.2
0.00010636 -3.12 -1.28
0.0001064 -3.12 -1.28
0.00010644 -3.28 -1.36
0.00010648 -3.28 -1.36
0.00010652 -3.44 -1.36
0.00010656 -3.52 -1.52
0.0001066 -3.6 -1.52
0.00010664 -3.6 -1.52
0.00010668 -3.6 -1.6
0.00010672 -3.76 -1.52
0.00010676 -3.84 -1.6
0.0001068 -3.92 -1.68
0.00010684 -3.92 -1.76
0.00010688 -4.08 -1.68
0.00010692 -4.08 -1.76
0.00010696 -4.16 -1.76
0.000107 -4.24 -1.84
0.00010704 -4.24 -1.92
0.00010708 -4.24 -1.92
0.00010712 -4.4 -2
0.00010716 -4.48 -2
0.0001072 -4.48 -2
0.00010724 -4.56 -2
0.00010728 -4.72 -2
0.00010732 -4.72 -2.08
0.00010736 -4.72 -2.16
0.0001074 -4.8 -2.16
0.00010744 -4.88 -2.16
0.00010748 -4.88 -2.24
0.00010752 -5.04 -2.24
0.00010756 -5.04 -2.24
0.0001076 -5.12 -2.32
0.00010764 -5.12 -2.32
0.00010768 -5.2 -2.4
0.00010772 -5.2 -2.4
0.00010776 -5.2 -2.32
0.0001078 -5.28 -2.4
0.00010784 -5.28 -2.48
0.00010788 -5.36 -2.48
0.00010792 -5.44 -2.56
0.00010796 -5.44 -2.56
0.000108 -5.44 -2.56
0.00010804 -5.52 -2.64
0.00010808 -5.52 -2.64
0.00010812 -5.52 -2.64
0.00010816 -5.6 -2.64
0.0001082 -5.68 -2.64
0.00010824 -5.68 -2.64
0.00010828 -5.76 -2.72
0.00010832 -5.68 -2.72
0.00010836 -5.84 -2.72
0.0001084 -5.84 -2.72
0.00010844 -5.76 -2.8
0.00010848 -5.84 -2.72
0.00010852 -5.84 -2.8
0.00010856 -5.84 -2.88
0.0001086 -5.84 -2.8
0.00010864 -5.84 -2.88
0.00010868 -5.92 -2.88
0.00010872 -5.92 -2.88
0.00010876 -5.84 -2.88
0.0001088 -6 -2.88
0.00010884 -6 -2.88
0.00010888 -6 -2.88
0.00010892 -6 -2.88
0.00010896 -6 -2.96
0.000109 -6 -2.88
0.00010904 -6 -2.88
0.00010908 -6 -2.96
0.00010912 -6 -2.96
0.00010916 -6 -2.96
0.0001092 -6 -2.96
0.00010924 -6 -2.96
0.00010928 -6 -3.04
0.00010932 -6 -2.96
0.00010936 -5.92 -2.96
0.0001094 -6 -2.96
0.00010944 -6 -2.96
0.00010948 -5.92 -2.96
0.00010952 -5.84 -2.88
0.00010956 -5.84 -2.88
0.0001096 -5.92 -2.96
0.00010964 -5.84 -2.96
0.00010968 -5.84 -2.96
0.00010972 -5.84 -2.96
0.00010976 -5.84 -2.96
0.0001098 -5.84 -2.96
0.00010984 -5.76 -2.88
0.00010988 -5.76 -2.88
0.00010992 -5.68 -2.88
0.00010996 -5.68 -2.88
0.00011 -5.68 -2.88
0.00011004 -5.68 -2.88
0.00011008 -5.6 -2.8
0.00011012 -5.52 -2.88
0.00011016 -5.52 -2.88
0.0001102 -5.52 -2.8
0.00011024 -5.52 -2.8
0.00011028 -5.44 -2.8
0.00011032 -5.36 -2.88
0.00011036 -5.36 -2.8
0.0001104 -5.28 -2.72
0.00011044 -5.28 -2.72
0.00011048 -5.2 -2.72
0.00011052 -5.2 -2.72
0.00011056 -5.12 -2.72
0.0001106 -5.04 -2.64
0.00011064 -5.04 -2.64
0.00011068 -4.96 -2.64
0.00011072 -4.96 -2.64
0.00011076 -4.88 -2.56
0.0001108 -4.8 -2.56
0.00011084 -4.8 -2.56
0.00011088 -4.72 -2.56
0.00011092 -4.72 -2.56
0.00011096 -4.64 -2.48
0.000111 -4.56 -2.48
0.00011104 -4.48 -2.48
0.00011108 -4.48 -2.4
0.00011112 -4.4 -2.32
0.00011116 -4.24 -2.32
0.0001112 -4.24 -2.32
0.00011124 -4.16 -2.32
0.00011128 -4.08 -2.32
0.00011132 -4 -2.24
0.00011136 -3.92 -2.24
0.0001114 -3.92 -2.24
0.00011144 -3.84 -2.16
0.00011148 -3.84 -2.16
0.00011152 -3.76 -2
0.00011156 -3.6 -2.08
0.0001116 -3.6 -2.08
0.00011164 -3.52 -2
0.00011168 -3.52 -1.92
0.00011172 -3.44 -1.92
0.00011176 -3.28 -1.84
0.0001118 -3.2 -1.84
0.00011184 -3.12 -1.84
0.00011188 -3.04 -1.84
0.00011192 -2.96 -1.76
0.00011196 -2.96 -1.76
0.000112 -2.8 -1.68
0.00011204 -2.72 -1.68
0.00011208 -2.64 -1.68
0.00011212 -2.56 -1.6
0.00011216 -2.56 -1.6
0.0001122 -2.4 -1.52
0.00011224 -2.32 -1.52
0.00011228 -2.24 -1.52
0.00011232 -2.16 -1.36
0.00011236 -2.08 -1.28
0.0001124 -2 -1.28
0.00011244 -1.92 -1.28
0.00011248 -1.84 -1.28
0.00011252 -1.76 -1.2
0.00011256 -1.68 -1.2
0.0001126 -1.6 -1.2
0.00011264 -1.52 -1.12
0.00011268 -1.36 -1.04
0.00011272 -1.36 -1.04
0.00011276 -1.28 -0.96
0.0001128 -1.2 -0.96
0.00011284 -1.04 -0.88
0.00011288 -1.04 -0.88
0.00011292 -0.88 -0.72
0.00011296 -0.8 -0.8
0.000113 -0.72 -0.72
0.00011304 -0.64 -0.64
0.00011308 -0.48 -0.56
0.00011312 -0.4 -0.56
0.00011316 -0.32 -0.56
0.0001132 -0.24 -0.56
0.00011324 0 -0.4
0.00011328 0 -0.4
0.00011332 0.08 -0.4
0.00011336 0.16 -0.4
0.0001134 0.32 -0.32
0.00011344 0.4 -0.24
0.00011348 0.4 -0.24
0.00011352 0.48 -0.16
0.00011356 0.64 -0.16
0.0001136 0.72 0
0.00011364 0.8 0
0.00011368 0.8 0
0.00011372 1.04 0.08
0.00011376 1.04 0.16
0.0001138 1.12 0.24
0.00011384 1.28 0.16
0.00011388 1.28 0.24
0.00011392 1.36 0.32
0.00011396 1.52 0.4
0.000114 1.6 0.4
0.00011404 1.68 0.4
0.00011408 1.68 0.4
0.00011412 1.92 0.48
0.00011416 1.92 0.64
0.0001142 2 0.56
0.00011424 2.08 0.64
0.00011428 2.24 0.64
0.00011432 2.24 0.72
0.00011436 2.32 0.8
0.0001144 2.4 0.8
0.00011444 2.56 0.8
0.00011448 2.56 0.88
0.00011452 2.72 0.96
0.00011456 2.72 0.96
0.0001146 2.8 1.04
0.00011464 2.88 1.04
0.00011468 2.96 1.04
0.00011472 3.04 1.04
0.00011476 3.2 1.2
0.0001148 3.2 1.2
0.00011484 3.28 1.2
0.00011488 3.36 1.28
0.00011492 3.52 1.28
0.00011496 3.52 1.28
0.000115 3.6 1.36
0.00011504 3.6 1.44
0.00011508 3.68 1.36
0.00011512 3.76 1.44
0.00011516 3.84 1.44
0.0001152 3.84 1.6
0.00011524 4 1.6
0.00011528 4 1.68
0.00011532 4.16 1.6
0.00011536 4.16 1.68
0.0001154 4.24 1.76
0.00011544 4.24 1.76
0.00011548 4.32 1.76
0.00011552 4.48 1.76
0.00011556 4.48 1.84
0.0001156 4.48 1.84
0.00011564 4.56 1.84
0.00011568 4.64 1.92
0.00011572 4.8 2
0.00011576 4.8 2.08
0.0001158 4.8 2
0.00011584 4.88 2.08
0.00011588 4.88 2.16
0.00011592 4.96 2.16
0.00011596 4.96 2.16
0.000116 5.12 2.16
0.00011604 5.12 2.08
0.00011608 5.12 2.24
0.00011612 5.2 2.32
0.00011616 5.2 2.32
0.0001162 5.28 2.32
0.00011624 5.28 2.32
0.00011628 5.28 2.32
0.00011632 5.36 2.32
0.00011636 5.44 2.4
0.0001164 5.44 2.4
0.00011644 5.44 2.48
0.00011648 5.52 2.48
0.00011652 5.52 2.48
0.00011656 5.52 2.56
0.0001166 5.6 2.56
0.00011664 5.6 2.56
0.00011668 5.6 2.48
0.00011672 5.6 2.56
0.00011676 5.76 2.56
0.0001168 5.76 2.64
0.00011684 5.76 2.64
0.00011688 5.76 2.56
0.00011692 5.76 2.64
0.00011696 5.84 2.64
0.000117 5.84 2.72
0.00011704 5.84 2.64
0.00011708 5.84 2.64
0.00011712 5.84 2.72
0.00011716 5.84 2.72
0.0001172 5.92 2.64
0.00011724 5.92 2.64
0.00011728 5.92 2.72
0.00011732 5.84 2.72
0.00011736 5.92 2.72
0.0001174 5.92 2.72
0.00011744 5.92 2.72
0.00011748 5.92 2.8
0.00011752 5.92 2.8
0.00011756 5.84 2.72
0.0001176 5.92 2.8
0.00011764 5.84 2.72
0.00011768 5.84 2.88
0.00011772 5.92 2.8
0.00011776 5.84 2.8
0.0001178 5.84 2.72
0.00011784 5.76 2.88
0.00011788 5.84 2.88
0.00011792 5.84 2.72
0.00011796 5.76 2.72
0.000118 5.76 2.8
0.00011804 5.76 2.8
0.00011808 5.76 2.8
0.00011812 5.76 2.72
0.00011816 5.68 2.72
0.0001182 5.6 2.72
0.00011824 5.6 2.72
0.00011828 5.6 2.64
0.00011832 5.6 2.72
0.00011836 5.6 2.72
0.0001184 5.52 2.72
0.00011844 5.44 2.64
0.00011848 5.44 2.64
0.00011852 5.44 2.64
0.00011856 5.36 2.64
0.0001186 5.36 2.64
0.00011864 5.28 2.64
0.00011868 5.36 2.64
0.00011872 5.28 2.64
0.00011876 5.2 2.64
0.0001188 5.12 2.56
0.00011884 5.12 2.56
0.00011888 5.12 2.56
0.00011892 4.96 2.48
0.00011896 4.96 2.48
0.000119 4.96 2.48
0.00011904 4.88 2.4
0.00011908 4.88 2.4
0.00011912 4.8 2.4
0.00011916 4.72 2.32
0.0001192 4.64 2.4
0.00011924 4.64 2.32
0.00011928 4.56 2.32
0.00011932 4.48 2.24
0.00011936 4.48 2.32
0.0001194 4.32 2.32
0.00011944 4.32 2.24
0.00011948 4.24 2.24
0.00011952 4.16 2.16
0.00011956 4.16 2.08
0.0001196 4 2.16
0.00011964 3.92 2.08
0.00011968 3.92 2.08
0.00011972 3.84 2
0.00011976 3.84 2
0.0001198 3.68 2
0.00011984 3.68 1.92
0.00011988 3.52 1.92
0.00011992 3.52 1.84
0.00011996 3.52 1.92
0.00012 3.36 1.76
0.00012004 3.28 1.76
0.00012008 3.28 1.68
0.00012012 3.2 1.68
0.00012016 3.04 1.68
0.0001202 2.96 1.6
0.00012024 2.88 1.6
0.00012028 2.88 1.6
0.00012032 2.72 1.6
0.00012036 2.64 1.52
0.0001204 2.56 1.44
0.00012044 2.56 1.44
0.00012048 2.4 1.36
0.00012052 2.32 1.36
0.00012056 2.24 1.36
0.0001206 2.16 1.28
0.00012064 2.08 1.28
0.00012068 2.08 1.2
0.00012072 1.92 1.12
0.00012076 1.76 1.12
0.0001208 1.76 1.04
0.00012084 1.68 1.04
0.00012088 1.6 1.04
0.00012092 1.52 0.96
0.00012096 1.44 0.96
0.000121 1.28 0.96
0.00012104 1.28 0.88
0.00012108 1.12 0.8
0.00012112 1.12 0.72
0.00012116 1.04 0.72
0.0001212 0.96 0.72
0.00012124 0.8 0.64
0.00012128 0.72 0.56
0.00012132 0.64 0.56
0.00012136 0.48 0.56
0.0001214 0.4 0.48
0.00012144 0.4 0.4
0.00012148 0.32 0.32
0.00012152 0.16 0.32
0.00012156 0.08 0.32
0.0001216 0 0.32
0.00012164 0 0.24
0.00012168 -0.24 0.16
0.00012172 -0.32 0.08
0.00012176 -0.4 0.08
0.0001218 -0.48 0
0.00012184 -0.56 0
0.00012188 -0.72 0
0.00012192 -0.72 0
0.00012196 -0.88 -0.16
0.000122 -0.96 -0.32
0.00012204 -1.04 -0.24
0.00012208 -1.12 -0.32
0.00012212 -1.2 -0.32
0.00012216 -1.28 -0.4
0.0001222 -1.36 -0.4
0.00012224 -1.52 -0.4
0.00012228 -1.52 -0.48
0.00012232 -1.68 -0.56
0.00012236 -1.68 -0.64
0.0001224 -1.84 -0.64
0.00012244 -1.84 -0.64
0.00012248 -2 -0.72
0.00012252 -2.08 -0.72
0.00012256 -2.16 -0.88
0.0001226 -2.24 -0.88
0.00012264 -2.32 -0.88
0.00012268 -2.4 -0.96
0.00012272 -2.48 -0.96
0.00012276 -2.56 -0.96
0.0001228 -2.64 -1.04
0.00012284 -2.64 -1.04
0.00012288 -2.8 -1.12
0.00012292 -2.88 -1.2
0.00012296 -2.96 -1.2
0.000123 -3.04 -1.28
0.00012304 -3.12 -1.28
0.00012308 -3.2 -1.36
0.00012312 -3.28 -1.36
0.00012316 -3.28 -1.36
0.0001232 -3.44 -1.36
0.00012324 -3.52 -1.52
0.00012328 -3.6 -1.52
0.00012332 -3.6 -1.52
0.00012336 -3.76 -1.52
0.0001234 -3.76 -1.6
0.00012344 -3.92 -1.68
0.00012348 -3.92 -1.68
0.00012352 -3.92 -1.68
0.00012356 -4.08 -1.76
0.0001236 -4.08 -1.84
0.00012364 -4.16 -1.84
0.00012368 -4.24 -1.84
0.00012372 -4.4 -1.92
0.00012376 -4.4 -1.92
0.0001238 -4.4 -1.92
0.00012384 -4.48 -2
0.00012388 -4.56 -2
0.00012392 -4.64 -2.08
0.00012396 -4.64 -2.16
0.000124 -4.72 -2.16
0.00012404 -4.8 -2.16
0.00012408 -4.8 -2.16
0.00012412 -4.88 -2.24
0.00012416 -4.88 -2.32
0.0001242 -5.04 -2.24
0.00012424 -5.04 -2.24
0.00012428 -5.04 -2.32
0.00012432 -5.12 -2.32
0.00012436 -5.2 -2.4
0.0001244 -5.2 -2.32
0.00012444 -5.2 -2.48
0.00012448 -5.28 -2.4
0.00012452 -5.36 -2.48
0.00012456 -5.36 -2.48
0.0001246 -5.44 -2.56
0.00012464 -5.44 -2.56
0.00012468 -5.44 -2.56
0.00012472 -5.52 -2.56
0.00012476 -5.52 -2.64
0.0001248 -5.52 -2.56
0.00012484 -5.6 -2.72
0.00012488 -5.68 -2.72
0.00012492 -5.68 -2.64
0.00012496 -5.68 -2.64
0.000125 -5.76 -2.72
0.00012504 -5.76 -2.64
0.00012508 -5.76 -2.72
0.00012512 -5.84 -2.72
0.00012516 -5.84 -2.72
0.0001252 -5.84 -2.8
0.00012524 -5.84 -2.88
0.00012528 -5.84 -2.8
0.00012532 -6 -2.88
0.00012536 -6 -2.88
0.0001254 -6 -2.88
0.00012544 -6 -2.88
0.00012548 -6 -2.88
0.00012552 -6 -2.88
0.00012556 -6 -2.96
0.0001256 -6 -2.88
0.00012564 -6 -2.88
0.00012568 -6.08 -2.96
0.00012572 -6 -2.88
0.00012576 -6 -2.96
0.0001258 -6 -2.88
0.00012584 -6 -2.96
0.00012588 -6 -2.96
0.00012592 -6 -2.96
0.00012596 -6 -2.88
0.000126 -6 -2.88
0.00012604 -6 -2.96
0.00012608 -5.92 -2.96
0.00012612 -6 -2.96
0.00012616 -5.92 -2.96
0.0001262 -5.92 -2.88
0.00012624 -5.92 -2.96
0.00012628 -5.84 -2.96
0.00012632 -5.84 -2.96
0.00012636 -5.84 -2.88
0.0001264 -5.84 -2.96
0.00012644 -5.84 -2.96
0.00012648 -5.76 -2.96
0.00012652 -5.76 -2.88
0.00012656 -5.68 -2.96
0.0001266 -5.68 -2.96
0.00012664 -5.68 -2.88
0.00012668 -5.68 -2.88
0.00012672 -5.68 -2.88
0.00012676 -5.6 -2.88
0.0001268 -5.52 -2.88
0.00012684 -5.52 -2.88
0.00012688 -5.44 -2.8
0.00012692 -5.44 -2.8
0.00012696 -5.44 -2.8
0.000127 -5.36 -2.8
0.00012704 -5.2 -2.8
0.00012708 -5.36 -2.8
0.00012712 -5.28 -2.8
0.00012716 -5.2 -2.72
0.0001272 -5.12 -2.64
0.00012724 -5.12 -2.64
0.00012728 -5.12 -2.64
0.00012732 -5.04 -2.64
0.00012736 -4.88 -2.64
0.0001274 -4.88 -2.64
0.00012744 -4.88 -2.56
0.00012748 -4.8 -2.56
0.00012752 -4.8 -2.56
0.00012756 -4.72 -2.56
0.0001276 -4.72 -2.48
0.00012764 -4.56 -2.48
0.00012768 -4.56 -2.56
0.00012772 -4.48 -2.48
0.00012776 -4.4 -2.4
0.0001278 -4.4 -2.32
0.00012784 -4.32 -2.32
0.00012788 -4.24 -2.32
0.00012792 -4.16 -2.24
0.00012796 -4.08 -2.24
0.000128 -4 -2.24
0.00012804 -3.92 -2.24
0.00012808 -3.92 -2.24
0.00012812 -3.84 -2.08
0.00012816 -3.76 -2.16
0.0001282 -3.76 -2.16
0.00012824 -3.6 -2.08
0.00012828 -3.6 -2
0.00012832 -3.52 -2
0.00012836 -3.44 -2
0.0001284 -3.28 -1.92
0.00012844 -3.28 -1.92
0.00012848 -3.2 -1.84
0.00012852 -3.12 -1.84
0.00012856 -3.04 -1.84
0.0001286 -2.96 -1.68
0.00012864 -2.88 -1.68
0.00012868 -2.8 -1.68
0.00012872 -2.8 -1.68
0.00012876 -2.64 -1.6
0.0001288 -2.56 -1.6
0.00012884 -2.48 -1.6
0.00012888 -2.32 -1.52
0.00012892 -2.32 -1.52
0.00012896 -2.24 -1.36
0.000129 -2.16 -1.36
0.00012904 -2.08 -1.36
0.00012908 -2 -1.36
0.00012912 -1.84 -1.36
0.00012916 -1.76 -1.2
0.0001292 -1.68 -1.2
0.00012924 -1.68 -1.2
0.00012928 -1.52 -1.12
0.00012932 -1.44 -1.04
0.00012936 -1.36 -1.04
0.0001294 -1.28 -1.04
0.00012944 -1.28 -0.96
0.00012948 -1.12 -0.96
0.00012952 -1.04 -0.96
0.00012956 -0.96 -0.8
0.0001296 -0.88 -0.88
0.00012964 -0.72 -0.8
0.00012968 -0.72 -0.72
0.00012972 -0.56 -0.64
0.00012976 -0.48 -0.64
0.0001298 -0.4 -0.64
0.00012984 -0.32 -0.56
0.00012988 -0.24 -0.48
0.00012992 0 -0.4
0.00012996 0 -0.48
0.00013 0.16 -0.4
0.00013004 0.24 -0.32
0.00013008 0.32 -0.32
0.00013012 0.4 -0.24
0.00013016 0.48 -0.16
0.0001302 0.64 0
0.00013024 0.64 0
0.00013028 0.72 0
0.00013032 0.8 0
0.00013036 0.96 0
0.0001304 1.04 0.16
0.00013044 1.04 0.16
0.00013048 1.12 0.16
0.00013052 1.28 0.16
0.00013056 1.36 0.24
0.0001306 1.44 0.32
0.00013064 1.44 0.32
0.00013068 1.6 0.4
0.00013072 1.68 0.4
0.00013076 1.76 0.56
0.0001308 1.92 0.64
0.00013084 1.92 0.56
0.00013088 2 0.64
0.00013092 2.08 0.64
0.00013096 2.24 0.72
0.000131 2.24 0.72
0.00013104 2.32 0.8
0.00013108 2.4 0.88
0.00013112 2.56 0.8
0.00013116 2.56 0.96
0.0001312 2.64 0.88
0.00013124 2.8 0.96
0.00013128 2.88 1.04
0.00013132 2.88 1.04
0.00013136 3.04 1.04
0.0001314 3.04 1.12
0.00013144 3.2 1.2
0.00013148 3.28 1.28
0.00013152 3.28 1.28
0.00013156 3.36 1.28
0.0001316 3.44 1.28
0.00013164 3.6 1.36
0.00013168 3.6 1.36
0.00013172 3.68 1.44
0.00013176 3.84 1.44
0.0001318 3.84 1.52
0.00013184 3.84 1.6
0.00013188 3.92 1.6
0.00013192 4 1.6
0.00013196 4.08 1.6
0.000132 4.16 1.68
0.00013204 4.16 1.68
0.00013208 4.24 1.68
0.00013212 4.32 1.76
0.00013216 4.32 1.76
0.0001322 4.48 1.84
0.00013224 4.48 1.76
0.00013228 4.56 1.84
0.00013232 4.64 1.92
0.00013236 4.64 2
0.0001324 4.72 2
0.00013244 4.8 2
0.00013248 4.8 2
0.00013252 4.88 2.08
0.00013256 4.96 2.16
0.0001326 4.96 2.08
0.00013264 4.96 2.16
0.00013268 5.04 2.16
0.00013272 5.12 2.24
0.00013276 5.12 2.24
0.0001328 5.12 2.24
0.00013284 5.2 2.32
0.00013288 5.28 2.32
0.00013292 5.2 2.32
0.00013296 5.44 2.4
0.000133 5.44 2.4
0.00013304 5.44 2.48
0.00013308 5.44 2.4
0.00013312 5.52 2.4
0.00013316 5.52 2.4
0.0001332 5.52 2.48
0.00013324 5.6 2.56
0.00013328 5.6 2.56
0.00013332 5.6 2.56
0.00013336 5.6 2.56
0.0001334 5.6 2.56
0.00013344 5.76 2.64
0.00013348 5.68 2.56
0.00013352 5.76 2.56
0.00013356 5.76 2.64
0.0001336 5.76 2.64
0.00013364 5.84 2.72
0.00013368 5.84 2.72
0.00013372 5.84 2.64
0.00013376 5.84 2.64
0.0001338 5.92 2.72
0.00013384 5.92 2.72
0.00013388 5.92 2.64
0.00013392 5.92 2.72
0.00013396 5.84 2.72
0.000134 5.92 2.72
0.00013404 5.92 2.72
0.00013408 5.84 2.72
0.00013412 5.92 2.72
0.00013416 5.92 2.72
0.0001342 5.92 2.72
0.00013424 5.84 2.8
0.00013428 5.92 2.8
0.00013432 5.84 2.88
0.00013436 5.84 2.8
0.0001344 5.84 2.72
0.00013444 5.84 2.72
0.00013448 5.84 2.8
0.00013452 5.84 2.72
0.00013456 5.76 2.8
0.0001346 5.84 2.8
0.00013464 5.84 2.72
0.00013468 5.84 2.8
0.00013472 5.76 2.72
0.00013476 5.68 2.72
0.0001348 5.76 2.72
0.00013484 5.76 2.8
0.00013488 5.6 2.72
0.00013492 5.6 2.72
0.00013496 5.6 2.72
0.000135 5.52 2.72
0.00013504 5.52 2.72
0.00013508 5.52 2.64
0.00013512 5.44 2.64
0.00013516 5.44 2.64
0.0001352 5.44 2.64
0.00013524 5.44 2.64
0.00013528 5.28 2.64
0.00013532 5.28 2.64
0.00013536 5.28 2.64
0.0001354 5.2 2.56
0.00013544 5.2 2.56
0.00013548 5.12 2.56
0.00013552 5.12 2.56
0.00013556 5.12 2.48
0.0001356 4.96 2.56
0.00013564 4.96 2.48
0.00013568 4.88 2.4
0.00013572 4.8 2.4
0.00013576 4.8 2.4
0.0001358 4.8 2.4
0.00013584 4.8 2.4
0.00013588 4.64 2.32
0.00013592 4.56 2.32
0.00013596 4.56 2.32
0.000136 4.48 2.32
0.00013604 4.48 2.32
0.00013608 4.32 2.32
0.00013612 4.24 2.24
0.00013616 4.24 2.16
0.0001362 4.16 2.16
0.00013624 4.16 2.16
0.00013628 4.08 2.08
0.00013632 4 2
0.00013636 3.92 2
0.0001364 3.84 1.92
0.00013644 3.84 2
0.00013648 3.68 2
0.00013652 3.68 1.92
0.00013656 3.6 1.92
0.0001366 3.52 1.92
0.00013664 3.36 1.84
0.00013668 3.36 1.76
0.00013672 3.28 1.76
0.00013676 3.2 1.76
0.0001368 3.2 1.68
0.00013684 3.04 1.68
0.00013688 2.96 1.52
0.00013692 2.88 1.6
0.00013696 2.88 1.6
0.000137 2.72 1.52
0.00013704 2.64 1.44
0.00013708 2.56 1.44
0.00013712 2.48 1.44
0.00013716 2.4 1.44
0.0001372 2.32 1.36
0.00013724 2.24 1.28
0.00013728 2.16 1.28
0.00013732 2.08 1.2
0.00013736 2 1.12
0.0001374 1.92 1.12
0.00013744 1.76 1.12
0.00013748 1.76 1.04
0.00013752 1.6 1.04
0.00013756 1.6 0.96
0.0001376 1.44 0.96
0.00013764 1.36 0.96
0.00013768 1.28 0.88
0.00013772 1.28 0.8
0.00013776 1.12 0.8
0.0001378 1.04 0.8
0.00013784 0.96 0.8
0.00013788 0.88 0.72
0.00013792 0.72 0.56
0.00013796 0.72 0.56
0.000138 0.56 0.64
0.00013804 0.48 0.48
0.00013808 0.4 0.48
0.00013812 0.32 0.4
0.00013816 0.32 0.4
0.0001382 0.16 0.4
0.00013824 0.08 0.32
0.00013828 0 0.32
0.00013832 -0.16 0.16
0.00013836 -0.32 0.24
0.0001384 -0.4 0.16
0.00013844 -0.48 0.08
0.00013848 -0.56 0.08
0.00013852 -0.64 0
0.00013856 -0.72 0
0.0001386 -0.8 -0.16
0.00013864 -0.88 -0.24
0.00013868 -1.04 -0.24
0.00013872 -1.04 -0.32
0.00013876 -1.2 -0.32
0.0001388 -1.28 -0.4
0.00013884 -1.28 -0.32
0.00013888 -1.36 -0.4
0.00013892 -1.52 -0.4
0.00013896 -1.6 -0.48
0.000139 -1.68 -0.64
0.00013904 -1.68 -0.56
0.00013908 -1.76 -0.64
0.00013912 -1.92 -0.64
0.00013916 -2.08 -0.72
0.0001392 -2.16 -0.72
0.00013924 -2.16 -0.88
0.00013928 -2.24 -0.88
0.00013932 -2.32 -0.88
0.00013936 -2.48 -0.88
0.0001394 -2.48 -0.96
0.00013944 -2.64 -0.96
0.00013948 -2.64 -1.04
0.00013952 -2.72 -1.12
0.00013956 -2.8 -1.2
0.0001396 -2.88 -1.12
0.00013964 -2.96 -1.2
0.00013968 -2.96 -1.28
0.00013972 -3.12 -1.28
0.00013976 -3.2 -1.36
0.0001398 -3.28 -1.28
0.00013984 -3.36 -1.44
0.00013988 -3.44 -1.44
0.00013992 -3.52 -1.52
0.00013996 -3.6 -1.44
0.00014 -3.6 -1.52
0.00014004 -3.76 -1.6
0.00014008 -3.84 -1.6
0.00014012 -3.92 -1.68
0.00014016 -3.92 -1.68
0.0001402 -4 -1.76
0.00014024 -4.08 -1.76
0.00014028 -4.16 -1.76
0.00014032 -4.16 -1.84
0.00014036 -4.24 -1.84
0.0001404 -4.32 -1.92
0.00014044 -4.4 -1.92
0.00014048 -4.48 -2
0.00014052 -4.48 -2
0.00014056 -4.56 -2.08
0.0001406 -4.56 -2.08
0.00014064 -4.72 -2
0.00014068 -4.72 -2.08
0.00014072 -4.8 -2.16
0.00014076 -4.8 -2.24
0.0001408 -4.88 -2.24
0.00014084 -4.88 -2.24
0.00014088 -5.04 -2.32
0.00014092 -5.04 -2.24
0.00014096 -5.12 -2.32
0.000141 -5.2 -2.32
0.00014104 -5.2 -2.32
0.00014108 -5.2 -2.4
0.00014112 -5.2 -2.48
0.00014116 -5.28 -2.48
0.0001412 -5.36 -2.32
0.00014124 -5.36 -2.48
0.00014128 -5.44 -2.56
0.00014132 -5.52 -2.56
0.00014136 -5.44 -2.48
0.0001414 -5.52 -2.64
0.00014144 -5.52 -2.64
0.00014148 -5.6 -2.64
0.00014152 -5.68 -2.64
0.00014156 -5.68 -2.64
0.0001416 -5.68 -2.64
0.00014164 -5.76 -2.72
0.00014168 -5.76 -2.72
0.00014172 -5.76 -2.72
0.00014176 -5.84 -2.72
0.0001418 -5.84 -2.8
0.00014184 -5.84 -2.8
0.00014188 -5.84 -2.8
0.00014192 -5.84 -2.8
0.00014196 -5.92 -2.8
0.000142 -5.92 -2.88
0.00014204 -6 -2.88
0.00014208 -5.84 -2.88
0.00014212 -5.84 -2.88
0.00014216 -6 -2.96
0.0001422 -6 -2.88
0.00014224 -6 -2.88
0.00014228 -5.92 -2.88
0.00014232 -6 -2.96
0.00014236 -6 -2.96
0.0001424 -6 -2.96
0.00014244 -6 -2.88
0.00014248 -6.08 -2.96
0.00014252 -6 -2.96
0.00014256 -6 -2.96
0.0001426 -6 -2.96
0.00014264 -6 -2.96
0.00014268 -6 -2.96
0.00014272 -6 -2.96
0.00014276 -5.84 -2.96
0.0001428 -5.84 -2.96
0.00014284 -6 -2.88
0.00014288 -5.92 -2.96
0.00014292 -5.92 -2.88
0.00014296 -5.84 -2.96
0.000143 -5.84 -2.96
0.00014304 -5.84 -2.96
0.00014308 -5.84 -2.96
0.00014312 -5.76 -2.88
0.00014316 -5.76 -2.88
0.0001432 -5.76 -2.96
0.00014324 -5.76 -2.96
0.00014328 -5.68 -2.88
0.00014332 -5.68 -2.88
0.00014336 -5.68 -2.88
0.0001434 -5.68 -2.88
0.00014344 -5.52 -2.96
0.00014348 -5.52 -2.8
0.00014352 -5.52 -2.8
0.00014356 -5.52 -2.8
0.0001436 -5.44 -2.88
0.00014364 -5.44 -2.8
0.00014368 -5.36 -2.8
0.00014372 -5.36 -2.8
0.00014376 -5.36 -2.72
0.0001438 -5.2 -2.72
0.00014384 -5.2 -2.8
0.00014388 -5.12 -2.64
0.00014392 -5.12 -2.64
0.00014396 -5.04 -2.64
0.000144 -5.04 -2.64
0.00014404 -4.96 -2.56
0.00014408 -4.88 -2.64
0.00014412 -4.88 -2.56
0.00014416 -4.88 -2.56
0.0001442 -4.72 -2.48
0.00014424 -4.72 -2.48
0.00014428 -4.64 -2.56
0.00014432 -4.56 -2.48
0.00014436 -4.56 -2.4
0.0001444 -4.48 -2.48
0.00014444 -4.4 -2.48
0.00014448 -4.32 -2.4
0.00014452 -4.24 -2.32
0.00014456 -4.16 -2.32
0.0001446 -4.16 -2.24
0.00014464 -4.08 -2.24
0.00014468 -3.92 -2.32
0.00014472 -3.92 -2.16
0.00014476 -3.84 -2.16
0.0001448 -3.84 -2.16
0.00014484 -3.76 -2.16
0.00014488 -3.6 -2.08
0.00014492 -3.6 -2.08
0.00014496 -3.52 -2
0.000145 -3.44 -2
0.00014504 -3.44 -2
0.00014508 -3.28 -1.92
0.00014512 -3.28 -1.84
0.00014516 -3.2 -1.92
0.0001452 -3.12 -1.84
0.00014524 -2.96 -1.76
0.00014528 -2.96 -1.68
0.00014532 -2.88 -1.76
0.00014536 -2.8 -1.68
0.0001454 -2.64 -1.68
0.00014544 -2.64 -1.68
0.00014548 -2.56 -1.52
0.00014552 -2.48 -1.6
0.00014556 -2.4 -1.52
0.0001456 -2.32 -1.44
0.00014564 -2.24 -1.36
0.00014568 -2.16 -1.36
0.00014572 -2 -1.28
0.00014576 -2 -1.28
0.0001458 -1.84 -1.28
0.00014584 -1.84 -1.28
0.00014588 -1.68 -1.2
0.00014592 -1.6 -1.12
0.00014596 -1.52 -1.12
0.000146 -1.36 -1.04
0.00014604 -1.36 -1.04
0.00014608 -1.28 -1.04
0.00014612 -1.2 -0.96
0.00014616 -1.04 -0.88
0.0001462 -1.04 -0.88
0.00014624 -0.88 -0.88
0.00014628 -0.88 -0.8
0.00014632 -0.72 -0.72
0.00014636 -0.64 -0.64
0.0001464 -0.56 -0.72
0.00014644 -0.4 -0.64
0.00014648 -0.4 -0.56
0.00014652 -0.32 -0.48
0.00014656 -0.24 -0.48
0.0001466 0 -0.48
0.00014664 0.08 -0.4
0.00014668 0.16 -0.4
0.00014672 0.24 -0.32
0.00014676 0.32 -0.32
0.0001468 0.4 -0.24
0.00014684 0.48 -0.24
0.00014688 0.64 0
0.00014692 0.64 -0.16
0.00014696 0.8 0
0.000147 0.88 0.08
0.00014704 0.96 0.08
0.00014708 1.04 0.16
0.00014712 1.12 0.08
0.00014716 1.12 0.16
0.0001472 1.28 0.32
0.00014724 1.36 0.32
0.00014728 1.44 0.32
0.00014732 1.6 0.4
0.00014736 1.6 0.4
0.0001474 1.68 0.48
0.00014744 1.76 0.48
0.00014748 1.92 0.56
0.00014752 1.92 0.56
0.00014756 2.08 0.64
0.0001476 2.16 0.64
0.00014764 2.24 0.72
0.00014768 2.32 0.72
0.00014772 2.4 0.8
0.00014776 2.48 0.88
0.0001478 2.56 0.8
0.00014784 2.72 0.88
0.00014788 2.72 0.96
0.00014792 2.88 1.04
0.00014796 2.88 1.04
0.000148 2.88 1.04
0.00014804 2.96 1.12
0.00014808 3.12 1.12
0.00014812 3.2 1.2
0.00014816 3.2 1.2
0.0001482 3.28 1.28
0.00014824 3.44 1.28
0.00014828 3.52 1.28
0.00014832 3.52 1.36
0.00014836 3.6 1.36
0.0001484 3.68 1.44
0.00014844 3.76 1.44
0.00014848 3.84 1.44
0.00014852 3.92 1.52
0.00014856 3.92 1.52
0.0001486 4 1.6
0.00014864 4.16 1.68
0.00014868 4.16 1.68
0.00014872 4.24 1.68
0.00014876 4.24 1.68
0.0001488 4.32 1.76
0.00014884 4.48 1.84
0.00014888 4.48 1.84
0.00014892 4.48 1.84
0.00014896 4.56 1.92
0.000149 4.64 2
0.00014904 4.72 1.92
0.00014908 4.8 2
0.00014912 4.8 2
0.00014916 4.88 2.08
0.0001492 4.88 2.08
0.00014924 4.96 2.16
0.00014928 4.96 2.16
0.00014932 5.12 2.16
0.00014936 5.12 2.24
0.0001494 5.12 2.24
0.00014944 5.12 2.24
0.00014948 5.2 2.32
0.00014952 5.28 2.32
0.00014956 5.28 2.32
0.0001496 5.28 2.32
0.00014964 5.28 2.32
0.00014968 5.44 2.4
0.00014972 5.44 2.48
0.00014976 5.44 2.4
0.0001498 5.52 2.4
0.00014984 5.52 2.48
0.00014988 5.52 2.56
0.00014992 5.6 2.56
0.00014996 5.6 2.56
0.00015 5.6 2.56
0.00015004 5.68 2.56
0.00015008 5.76 2.56
0.00015012 5.76 2.64
0.00015016 5.76 2.64
0.0001502 5.76 2.64
0.00015024 5.76 2.64
0.00015028 5.76 2.64
0.00015032 5.84 2.64
0.00015036 5.76 2.72
0.0001504 5.84 2.72
0.00015044 5.84 2.72
0.00015048 5.84 2.64
0.00015052 5.84 2.72
0.00015056 5.92 2.72
0.0001506 5.92 2.72
0.00015064 5.92 2.72
0.00015068 5.92 2.72
0.00015072 5.84 2.72
0.00015076 5.92 2.8
0.0001508 5.92 2.72
0.00015084 5.92 2.72
0.00015088 5.92 2.72
0.00015092 5.84 2.8
0.00015096 5.92 2.8
0.000151 5.84 2.8
0.00015104 5.84 2.72
0.00015108 5.84 2.88
0.00015112 5.84 2.8
0.00015116 5.84 2.8
0.0001512 5.84 2.72
0.00015124 5.76 2.8
0.00015128 5.76 2.8
0.00015132 5.76 2.72
0.00015136 5.76 2.8
0.0001514 5.76 2.72
0.00015144 5.76 2.72
0.00015148 5.76 2.72
0.00015152 5.68 2.64
0.00015156 5.6 2.72
0.0001516 5.6 2.72
0.00015164 5.6 2.72
0.00015168 5.52 2.72
0.00015172 5.52 2.64
0.00015176 5.52 2.64
0.0001518 5.52 2.64
0.00015184 5.44 2.64
0.00015188 5.44 2.64
0.00015192 5.36 2.64
0.00015196 5.28 2.56
0.000152 5.28 2.64
0.00015204 5.2 2.56
0.00015208 5.2 2.56
0.00015212 5.2 2.56
0.00015216 5.12 2.56
0.0001522 5.12 2.56
0.00015224 5.04 2.56
0.00015228 4.96 2.48
0.00015232 4.96 2.56
0.00015236 4.88 2.4
0.0001524 4.88 2.4
0.00015244 4.8 2.4
0.00015248 4.8 2.32
0.00015252 4.72 2.48
0.00015256 4.64 2.4
0.0001526 4.56 2.32
0.00015264 4.48 2.32
0.00015268 4.48 2.32
0.00015272 4.4 2.24
0.00015276 4.4 2.24
0.0001528 4.24 2.24
0.00015284 4.24 2.16
0.00015288 4.16 2.24
0.00015292 4.08 2.16
0.00015296 4 2.08
0.000153 3.92 2.08
0.00015304 3.84 2
0.00015308 3.84 2.08
0.00015312 3.68 1.92
0.00015316 3.68 1.92
0.0001532 3.6 1.92
0.00015324 3.52 2
0.00015328 3.52 1.84
0.00015332 3.36 1.76
0.00015336 3.28 1.76
0.0001534 3.2 1.76
0.00015344 3.2 1.76
0.00015348 3.04 1.68
0.00015352 2.96 1.6
0.00015356 2.96 1.6
0.0001536 2.88 1.6
0.00015364 2.8 1.6
0.00015368 2.72 1.44
0.00015372 2.64 1.52
0.00015376 2.56 1.44
0.0001538 2.48 1.44
0.00015384 2.32 1.36
0.00015388 2.32 1.28
0.00015392 2.24 1.28
0.00015396 2.08 1.28
0.000154 2.08 1.2
0.00015404 1.92 1.2
0.00015408 1.92 1.2
0.00015412 1.76 1.12
0.00015416 1.76 1.04
0.0001542 1.6 0.96
0.00015424 1.6 0.96
0.00015428 1.44 0.96
0.00015432 1.36 0.96
0.00015436 1.28 0.8
0.0001544 1.2 0.8
0.00015444 1.12 0.72
0.00015448 1.04 0.8
0.00015452 0.96 0.72
0.00015456 0.88 0.64
0.0001546 0.8 0.64
0.00015464 0.72 0.64
0.00015468 0.64 0.56
0.00015472 0.48 0.4
0.00015476 0.4 0.48
0.0001548 0.32 0.4
0.00015484 0.16 0.4
0.00015488 0.16 0.32
0.00015492 0 0.32
0.00015496 0 0.32
0.000155 -0.16 0.24
0.00015504 -0.32 0.16
0.00015508 -0.32 0.08
0.00015512 -0.56 0.08
0.00015516 -0.56 0
0.0001552 -0.64 0
0.00015524 -0.72 0
0.00015528 -0.8 -0.16
0.00015532 -0.96 -0.16
0.00015536 -1.04 -0.24
0.0001554 -1.04 -0.32
0.00015544 -1.2 -0.32
0.00015548 -1.28 -0.4
0.00015552 -1.36 -0.32
0.00015556 -1.52 -0.4
0.0001556 -1.52 -0.48
0.00015564 -1.6 -0.56
0.00015568 -1.68 -0.56
0.00015572 -1.76 -0.64
0.00015576 -1.84 -0.72
0.0001558 -1.92 -0.72
0.00015584 -2 -0.72
0.00015588 -2.16 -0.8
0.00015592 -2.24 -0.8
0.00015596 -2.32 -0.96
0.000156 -2.32 -0.88
0.00015604 -2.4 -0.96
0.00015608 -2.48 -0.96
0.00015612 -2.64 -1.04
0.00015616 -2.64 -1.04
0.0001562 -2.8 -1.04
0.00015624 -2.88 -1.12
0.00015628 -2.88 -1.2
0.00015632 -2.96 -1.28
0.00015636 -3.12 -1.28
0.0001564 -3.12 -1.28
0.00015644 -3.28 -1.36
0.00015648 -3.28 -1.36
0.00015652 -3.44 -1.44
0.00015656 -3.52 -1.36
0.0001566 -3.6 -1.44
0.00015664 -3.6 -1.52
0.00015668 -3.68 -1.6
0.00015672 -3.76 -1.68
0.00015676 -3.84 -1.6
0.0001568 -3.92 -1.68
0.00015684 -3.92 -1.68
0.00015688 -4 -1.76
0.00015692 -4.08 -1.76
0.00015696 -4.16 -1.84
0.000157 -4.24 -1.92
0.00015704 -4.24 -1.92
0.00015708 -4.32 -1.92
0.00015712 -4.4 -1.92
0.00015716 -4.48 -2
0.0001572 -4.48 -2.08
0.00015724 -4.56 -2.08
0.00015728 -4.64 -2
0.00015732 -4.72 -2.08
0.00015736 -4.72 -2.16
0.0001574 -4.8 -2.16
0.00015744 -4.88 -2.16
0.00015748 -4.88 -2.16
0.00015752 -4.96 -2.24
0.00015756 -4.96 -2.32
0.0001576 -5.04 -2.32
0.00015764 -5.12 -2.32
0.00015768 -5.12 -2.32
0.00015772 -5.2 -2.4
0.00015776 -5.2 -2.4
0.0001578 -5.28 -2.4
0.00015784 -5.36 -2.4
0.00015788 -5.36 -2.56
0.00015792 -5.44 -2.48
0.00015796 -5.44 -2.56
0.000158 -5.44 -2.48
0.00015804 -5.52 -2.56
0.00015808 -5.52 -2.64
0.00015812 -5.52 -2.64
0.00015816 -5.68 -2.64
0.0001582 -5.68 -2.64
0.00015824 -5.68 -2.72
0.00015828 -5.68 -2.72
0.00015832 -5.76 -2.72
0.00015836 -5.76 -2.72
0.0001584 -5.76 -2.64
0.00015844 -5.76 -2.8
0.00015848 -5.84 -2.8
0.00015852 -5.84 -2.88
0.00015856 -5.84 -2.8
0.0001586 -5.84 -2.8
0.00015864 -5.84 -2.88
0.00015868 -5.84 -2.8
0.00015872 -5.84 -2.88
0.00015876 -5.92 -2.88
0.0001588 -6 -2.96
0.00015884 -6 -2.88
0.00015888 -6 -2.8
0.00015892 -6 -2.88
0.00015896 -6 -2.96
0.000159 -6 -2.88
0.00015904 -6 -2.88
0.00015908 -6 -2.88
0.00015912 -6 -2.96
0.00015916 -6 -2.96
0.0001592 -6.08 -2.96
0.00015924 -6 -2.96
0.00015928 -6 -2.96
0.00015932 -6 -2.96
0.00015936 -6 -2.96
0.0001594 -6 -2.88
0.00015944 -6 -2.88
0.00015948 -6 -2.96
0.00015952 -5.92 -2.96
0.00015956 -5.92 -2.96
0.0001596 -5.84 -2.88
0.00015964 -5.84 -2.96
0.00015968 -5.84 -2.96
0.00015972 -5.84 -2.88
0.00015976 -5.76 -2.88
0.0001598 -5.76 -2.88
0.00015984 -5.76 -2.96
0.00015988 -5.76 -2.96
0.00015992 -5.68 -2.88
0.00015996 -5.68 -2.88
