0 5.84 1.44
4e-08 5.84 1.44
8e-08 -6 -1.28
1.2e-07 -6 -1.2
1.6e-07 -6 -1.28
2e-07 -6.08 -1.28
2.4e-07 -6.08 -1.28
2.8e-07 -6.08 -1.36
3.2e-07 -6.08 -1.36
3.6e-07 -6.08 -1.36
4e-07 -6.08 -1.36
4.4e-07 -6.08 -1.36
4.8e-07 -6.08 -1.44
5.2e-07 -6.08 -1.44
5.6e-07 -6.08 -1.44
6e-07 -6.08 -1.52
6.4e-07 -6.08 -1.6
6.8e-07 -6 -1.52
7.2e-07 -6 -1.6
7.6e-07 -6 -1.52
8e-07 -6 -1.6
8.4e-07 -6 -1.68
8.8e-07 -5.92 -1.6
9.2e-07 -5.92 -1.68
9.6e-07 -6 -1.6
1e-06 -5.84 -1.68
1.04e-06 -5.84 -1.68
1.08e-06 -5.84 -1.68
1.12e-06 -5.84 -1.68
1.16e-06 -5.76 -1.68
1.2e-06 -5.68 -1.76
1.24e-06 -5.76 -1.76
1.28e-06 -5.68 -1.76
1.32e-06 -5.6 -1.76
1.36e-06 -5.52 -1.76
1.4e-06 -5.52 -1.84
1.44e-06 -5.52 -1.84
1.48e-06 -5.44 -1.84
1.52e-06 -5.44 -1.92
1.56e-06 -5.44 -1.84
1.6e-06 -5.44 -1.92
1.64e-06 -5.36 -1.84
1.68e-06 -5.2 -1.84
1.72e-06 -5.2 -1.92
1.76e-06 -5.2 -1.92
1.8e-06 -5.04 -1.84
1.84e-06 -5.12 -1.84
1.88e-06 -5.04 -1.92
1.92e-06 -5.04 -2
1.96e-06 -4.88 -1.92
2e-06 -4.8 -1.92
2.04e-06 -4.72 -1.92
2.08e-06 -4.72 -2
2.12e-06 -4.72 -1.92
2.16e-06 -4.56 -2
2.2e-06 -4.56 -1.92
2.24e-06 -4.48 -2
2.28e-06 -4.4 -1.92
2.32e-06 -4.32 -1.92
2.36e-06 -4.24 -2
2.4e-06 -4.16 -1.92
2.44e-06 -4.08 -2
2.48e-06 -4 -1.92
2.52e-06 -3.92 -1.92
2.56e-06 -3.92 -1.92
2.6e-06 -3.76 -2
2.64e-06 -3.76 -1.92
2.68e-06 -3.6 -1.92
2.72e-06 -3.52 -1.92
2.76e-06 -3.44 -1.92
2.8e-06 -3.44 -1.92
2.84e-06 -3.28 -1.92
2.88e-06 -3.2 -1.92
2.92e-06 -3.12 -1.92
2.96e-06 -3.04 -1.92
3e-06 -2.96 -1.92
3.04e-06 -2.88 -1.92
3.08e-06 -2.8 -1.84
3.12e-06 -2.64 -1.92
3.16e-06 -2.56 -1.84
3.2e-06 -2.48 -1.84
3.24e-06 -2.32 -1.76
3.28e-06 -2.32 -1.84
3.32e-06 -2.24 -1.84
3.36e-06 -2.16 -1.76
3.4e-06 -2 -1.76
3.44e-06 -2 -1.76
3.48e-06 -1.84 -1.76
3.52e-06 -1.76 -1.76
3.56e-06 -1.68 -1.68
3.6e-06 -1.6 -1.76
3.64e-06 -1.52 -1.6
3.68e-06 -1.36 -1.68
3.72e-06 -1.28 -1.6
3.76e-06 -1.2 -1.6
3.8e-06 -1.12 -1.6
3.84e-06 -1.04 -1.6
3.88e-06 -0.96 -1.6
3.92e-06 -0.88 -1.52
3.96e-06 -0.72 -1.52
4e-06 -0.56 -1.52
4.04e-06 -0.48 -1.52
4.08e-06 -0.4 -1.52
4.12e-06 -0.32 -1.52
4.16e-06 -0.24 -1.52
4.2e-06 0 -1.44
4.24e-06 0.08 -1.44
4.28e-06 0.16 -1.36
4.32e-06 0.32 -1.36
4.36e-06 0.4 -1.36
4.4e-06 0.48 -1.28
4.44e-06 0.48 -1.28
4.48e-06 0.64 -1.2
4.52e-06 0.8 -1.28
4.56e-06 0.88 -1.28
4.6e-06 0.96 -1.2
4.64e-06 1.04 -1.2
4.68e-06 1.12 -1.04
4.72e-06 1.28 -1.2
4.76e-06 1.36 -1.12
4.8e-06 1.44 -1.04
4.84e-06 1.52 -1.04
4.88e-06 1.68 -0.96
4.92e-06 1.76 -0.96
4.96e-06 1.76 -0.96
5e-06 2 -0.96
5.04e-06 2 -0.96
5.08e-06 2.08 -0.88
5.12e-06 2.24 -0.88
5.16e-06 2.32 -0.8
5.2e-06 2.4 -0.8
5.24e-06 2.56 -0.8
5.28e-06 2.56 -0.8
5.32e-06 2.72 -0.64
5.36e-06 2.72 -0.64
5.4e-06 2.88 -0.72
5.44e-06 2.88 -0.64
5.48e-06 3.04 -0.64
5.52e-06 3.12 -0.48
5.56e-06 3.2 -0.48
5.6e-06 3.28 -0.48
5.64e-06 3.36 -0.48
5.68e-06 3.44 -0.48
5.72e-06 3.52 -0.4
5.76e-06 3.6 -0.4
5.8e-06 3.68 -0.4
5.84e-06 3.84 -0.32
5.88e-06 3.84 -0.32
5.92e-06 3.92 -0.32
5.96e-06 4 -0.32
6e-06 4.08 -0.16
6.04e-06 4.16 -0.16
6.08e-06 4.24 0
6.12e-06 4.24 0
6.16e-06 4.32 0
6.2e-06 4.4 0
6.24e-06 4.48 0.08
6.28e-06 4.48 0
6.32e-06 4.56 0.08
6.36e-06 4.64 0.08
6.4e-06 4.64 0.16
6.44e-06 4.8 0.24
6.48e-06 4.8 0.16
6.52e-06 4.88 0.16
6.56e-06 4.96 0.24
6.6e-06 4.96 0.32
6.64e-06 5.12 0.32
6.68e-06 5.12 0.4
6.72e-06 5.12 0.32
6.76e-06 5.12 0.4
6.8e-06 5.28 0.48
6.84e-06 5.28 0.48
6.88e-06 5.28 0.48
6.92e-06 5.44 0.48
6.96e-06 5.44 0.56
7e-06 5.52 0.56
7.04e-06 5.44 0.56
7.08e-06 5.52 0.64
7.12e-06 5.6 0.72
7.16e-06 5.6 0.72
7.2e-06 5.6 0.64
7.24e-06 5.76 0.72
7.28e-06 5.76 0.8
7.32e-06 5.76 0.8
7.36e-06 5.76 0.8
7.4e-06 5.76 0.8
7.44e-06 5.84 0.88
7.48e-06 5.84 0.96
7.52e-06 5.84 0.96
7.56e-06 5.84 0.96
7.6e-06 5.84 0.96
7.64e-06 5.92 0.96
7.68e-06 5.84 1.04
7.72e-06 5.92 1.04
7.76e-06 5.92 1.04
7.8e-06 5.92 1.12
7.84e-06 6 1.12
7.88e-06 6 1.12
7.92e-06 5.92 1.2
7.96e-06 5.92 1.2
8e-06 6 1.28
8.04e-06 5.92 1.2
8.08e-06 6 1.28
8.12e-06 5.92 1.28
8.16e-06 5.92 1.36
8.2e-06 5.92 1.36
8.24e-06 5.92 1.28
8.28e-06 5.92 1.28
8.32e-06 5.92 1.36
8.36e-06 5.92 1.44
8.4e-06 5.92 1.36
8.44e-06 5.84 1.44
8.48e-06 5.92 1.44
8.52e-06 5.84 1.44
8.56e-06 5.76 1.52
8.6e-06 5.76 1.52
8.64e-06 5.76 1.44
8.68e-06 5.76 1.52
8.72e-06 5.76 1.52
8.76e-06 5.76 1.6
8.8e-06 5.6 1.6
8.84e-06 5.6 1.6
8.88e-06 5.52 1.6
8.92e-06 5.52 1.6
8.96e-06 5.52 1.6
9e-06 5.44 1.6
9.04e-06 5.44 1.68
9.08e-06 5.44 1.68
9.12e-06 5.28 1.68
9.16e-06 5.28 1.68
9.2e-06 5.2 1.6
9.24e-06 5.2 1.68
9.28e-06 5.12 1.68
9.32e-06 5.12 1.68
9.36e-06 4.96 1.68
9.4e-06 4.96 1.68
9.44e-06 4.96 1.76
9.48e-06 4.88 1.68
9.52e-06 4.88 1.68
9.56e-06 4.8 1.68
9.6e-06 4.72 1.84
9.64e-06 4.64 1.76
9.68e-06 4.56 1.76
9.72e-06 4.56 1.76
9.76e-06 4.48 1.76
9.8e-06 4.32 1.76
9.84e-06 4.24 1.68
9.88e-06 4.24 1.68
9.92e-06 4.16 1.76
9.96e-06 4.08 1.76
1e-05 4 1.76
1.004e-05 3.92 1.68
1.008e-05 3.84 1.76
1.012e-05 3.84 1.76
1.016e-05 3.68 1.76
1.02e-05 3.6 1.76
1.024e-05 3.6 1.68
1.028e-05 3.52 1.76
1.032e-05 3.36 1.76
1.036e-05 3.36 1.76
1.04e-05 3.28 1.68
1.044e-05 3.12 1.68
1.048e-05 3.04 1.68
1.052e-05 2.96 1.68
1.056e-05 2.88 1.68
1.06e-05 2.88 1.6
1.064e-05 2.72 1.68
1.068e-05 2.64 1.68
1.072e-05 2.56 1.6
1.076e-05 2.4 1.68
1.08e-05 2.4 1.68
1.084e-05 2.32 1.68
1.088e-05 2.16 1.6
1.092e-05 2.08 1.6
1.096e-05 2 1.6
1.1e-05 1.92 1.6
1.104e-05 1.76 1.6
1.108e-05 1.68 1.52
1.112e-05 1.6 1.44
1.116e-05 1.6 1.44
1.12e-05 1.36 1.6
1.124e-05 1.28 1.44
1.128e-05 1.28 1.44
1.132e-05 1.12 1.52
1.136e-05 1.04 1.44
1.14e-05 0.96 1.36
1.144e-05 0.8 1.36
1.148e-05 0.72 1.36
1.152e-05 0.64 1.36
1.156e-05 0.48 1.36
1.16e-05 0.48 1.28
1.164e-05 0.32 1.36
1.168e-05 0.24 1.28
1.172e-05 0.16 1.36
1.176e-05 0.08 1.2
1.18e-05 0 1.2
1.184e-05 -0.24 1.2
1.188e-05 -0.4 1.28
1.192e-05 -0.4 1.2
1.196e-05 -0.56 1.2
1.2e-05 -0.64 1.12
1.204e-05 -0.72 1.04
1.208e-05 -0.8 1.12
1.212e-05 -0.96 1.04
1.216e-05 -1.04 1.04
1.22e-05 -1.2 1.04
1.224e-05 -1.2 0.96
1.228e-05 -1.36 0.96
1.232e-05 -1.36 0.96
1.236e-05 -1.52 0.96
1.24e-05 -1.52 0.96
1.244e-05 -1.68 0.8
1.248e-05 -1.84 0.8
1.252e-05 -1.92 0.8
1.256e-05 -2 0.72
1.26e-05 -2.16 0.72
1.264e-05 -2.24 0.72
1.268e-05 -2.32 0.64
1.272e-05 -2.32 0.64
1.276e-05 -2.48 0.72
1.28e-05 -2.56 0.56
1.284e-05 -2.64 0.56
1.288e-05 -2.64 0.48
1.292e-05 -2.8 0.48
1.296e-05 -2.96 0.48
1.3e-05 -2.96 0.48
1.304e-05 -3.12 0.4
1.308e-05 -3.2 0.4
1.312e-05 -3.28 0.4
1.316e-05 -3.36 0.4
1.32e-05 -3.44 0.32
1.324e-05 -3.6 0.32
1.328e-05 -3.6 0.24
1.332e-05 -3.6 0.24
1.336e-05 -3.76 0.16
1.34e-05 -3.84 0.16
1.344e-05 -3.92 0.16
1.348e-05 -3.92 0.08
1.352e-05 -4.08 0.08
1.356e-05 -4.16 0
1.36e-05 -4.24 0
1.364e-05 -4.24 0
1.368e-05 -4.4 0
1.372e-05 -4.4 0
1.376e-05 -4.48 -0.24
1.38e-05 -4.56 -0.16
1.384e-05 -4.56 -0.24
1.388e-05 -4.72 -0.24
1.392e-05 -4.8 -0.32
1.396e-05 -4.8 -0.32
1.4e-05 -4.88 -0.4
1.404e-05 -4.88 -0.32
1.408e-05 -4.88 -0.4
1.412e-05 -5.04 -0.4
1.416e-05 -5.04 -0.4
1.42e-05 -5.12 -0.48
1.424e-05 -5.2 -0.48
1.428e-05 -5.2 -0.56
1.432e-05 -5.28 -0.64
1.436e-05 -5.36 -0.56
1.44e-05 -5.36 -0.64
1.444e-05 -5.44 -0.64
1.448e-05 -5.52 -0.72
1.452e-05 -5.52 -0.72
1.456e-05 -5.52 -0.72
1.46e-05 -5.68 -0.8
1.464e-05 -5.6 -0.88
1.468e-05 -5.68 -0.8
1.472e-05 -5.68 -0.8
1.476e-05 -5.76 -0.88
1.48e-05 -5.76 -0.96
1.484e-05 -5.76 -0.96
1.488e-05 -5.84 -1.04
1.492e-05 -5.84 -0.96
1.496e-05 -5.84 -1.04
1.5e-05 -5.84 -1.04
1.504e-05 -5.92 -1.04
1.508e-05 -6 -1.12
1.512e-05 -6 -1.04
1.516e-05 -6 -1.2
1.52e-05 -6 -1.2
1.524e-05 -6 -1.2
1.528e-05 -6.08 -1.2
1.532e-05 -6 -1.28
1.536e-05 -6.08 -1.28
1.54e-05 -6.08 -1.28
1.544e-05 -6.08 -1.28
1.548e-05 -6.08 -1.36
1.552e-05 -6.08 -1.36
1.556e-05 -6.08 -1.36
1.56e-05 -6.08 -1.36
1.564e-05 -6.08 -1.44
1.568e-05 -6 -1.44
1.572e-05 -6 -1.52
1.576e-05 -6.08 -1.52
1.58e-05 -6.08 -1.52
1.584e-05 -6 -1.6
1.588e-05 -6 -1.52
1.592e-05 -6 -1.6
1.596e-05 -6 -1.6
1.6e-05 -6 -1.6
1.604e-05 -6 -1.68
1.608e-05 -6 -1.68
1.612e-05 -5.84 -1.6
1.616e-05 -5.84 -1.68
1.62e-05 -5.84 -1.76
1.624e-05 -5.84 -1.68
1.628e-05 -5.84 -1.68
1.632e-05 -5.76 -1.68
1.636e-05 -5.76 -1.68
1.64e-05 -5.68 -1.84
1.644e-05 -5.68 -1.76
1.648e-05 -5.68 -1.76
1.652e-05 -5.52 -1.68
1.656e-05 -5.6 -1.84
1.66e-05 -5.52 -1.84
1.664e-05 -5.52 -1.84
1.668e-05 -5.44 -1.84
1.672e-05 -5.44 -1.84
1.676e-05 -5.36 -1.92
1.68e-05 -5.28 -1.92
1.684e-05 -5.2 -1.84
1.688e-05 -5.2 -1.84
1.692e-05 -5.12 -1.92
1.696e-05 -5.12 -1.92
1.7e-05 -5.04 -1.92
1.704e-05 -4.96 -1.92
1.708e-05 -4.88 -1.92
1.712e-05 -4.88 -1.92
1.716e-05 -4.8 -1.92
1.72e-05 -4.8 -1.92
1.724e-05 -4.72 -2
1.728e-05 -4.56 -2
1.732e-05 -4.56 -2
1.736e-05 -4.48 -1.92
1.74e-05 -4.4 -1.92
1.744e-05 -4.4 -2
1.748e-05 -4.24 -2
1.752e-05 -4.24 -2
1.756e-05 -4.16 -1.92
1.76e-05 -4.08 -1.92
1.764e-05 -3.92 -1.92
1.768e-05 -3.92 -1.92
1.772e-05 -3.92 -1.92
1.776e-05 -3.76 -1.92
1.78e-05 -3.68 -1.92
1.784e-05 -3.6 -2
1.788e-05 -3.52 -1.92
1.792e-05 -3.52 -1.92
1.796e-05 -3.44 -1.92
1.8e-05 -3.28 -2
1.804e-05 -3.2 -1.92
1.808e-05 -3.12 -1.84
1.812e-05 -2.96 -1.84
1.816e-05 -2.96 -1.92
1.82e-05 -2.88 -1.92
1.824e-05 -2.8 -1.84
1.828e-05 -2.64 -1.76
1.832e-05 -2.56 -1.84
1.836e-05 -2.48 -1.84
1.84e-05 -2.32 -1.84
1.844e-05 -2.24 -1.84
1.848e-05 -2.24 -1.84
1.852e-05 -2.16 -1.84
1.856e-05 -2 -1.76
1.86e-05 -1.92 -1.68
1.864e-05 -1.84 -1.68
1.868e-05 -1.68 -1.76
1.872e-05 -1.68 -1.68
1.876e-05 -1.6 -1.68
1.88e-05 -1.52 -1.68
1.884e-05 -1.36 -1.68
1.888e-05 -1.2 -1.68
1.892e-05 -1.2 -1.6
1.896e-05 -1.04 -1.6
1.9e-05 -1.04 -1.6
1.904e-05 -0.88 -1.6
1.908e-05 -0.8 -1.6
1.912e-05 -0.64 -1.52
1.916e-05 -0.56 -1.52
1.92e-05 -0.48 -1.52
1.924e-05 -0.4 -1.52
1.928e-05 -0.24 -1.44
1.932e-05 0 -1.44
1.936e-05 0 -1.36
1.94e-05 0.08 -1.36
1.944e-05 0.16 -1.36
1.948e-05 0.32 -1.28
1.952e-05 0.4 -1.28
1.956e-05 0.48 -1.28
1.96e-05 0.64 -1.28
1.964e-05 0.72 -1.28
1.968e-05 0.8 -1.28
1.972e-05 0.88 -1.28
1.976e-05 1.04 -1.2
1.98e-05 1.12 -1.12
1.984e-05 1.2 -1.12
1.988e-05 1.28 -1.12
1.992e-05 1.36 -1.12
1.996e-05 1.52 -1.12
2e-05 1.6 -1.12
2.004e-05 1.68 -1.04
2.008e-05 1.76 -1.04
2.012e-05 1.76 -0.96
2.016e-05 2 -0.96
2.02e-05 2.08 -0.88
2.024e-05 2.24 -0.88
2.028e-05 2.24 -0.88
2.032e-05 2.32 -0.88
2.036e-05 2.4 -0.8
2.04e-05 2.56 -0.72
2.044e-05 2.64 -0.72
2.048e-05 2.64 -0.64
2.052e-05 2.88 -0.72
2.056e-05 2.88 -0.64
2.06e-05 2.96 -0.64
2.064e-05 3.04 -0.56
2.068e-05 3.12 -0.56
2.072e-05 3.2 -0.48
2.076e-05 3.28 -0.48
2.08e-05 3.36 -0.48
2.084e-05 3.52 -0.56
2.088e-05 3.52 -0.4
2.092e-05 3.6 -0.4
2.096e-05 3.68 -0.32
2.1e-05 3.76 -0.32
2.104e-05 3.84 -0.32
2.108e-05 3.92 -0.24
2.112e-05 3.92 -0.24
2.116e-05 4 -0.24
2.12e-05 4.16 -0.16
2.124e-05 4.24 -0.16
2.128e-05 4.32 -0.16
2.132e-05 4.32 0
2.136e-05 4.4 0
2.14e-05 4.48 0
2.144e-05 4.56 0.08
2.148e-05 4.64 0.08
2.152e-05 4.64 0.08
2.156e-05 4.72 0.16
2.16e-05 4.8 0.16
2.164e-05 4.8 0.24
2.168e-05 4.88 0.32
2.172e-05 4.96 0.32
2.176e-05 5.04 0.32
2.18e-05 5.12 0.32
2.184e-05 5.12 0.4
2.188e-05 5.12 0.32
2.192e-05 5.2 0.32
2.196e-05 5.28 0.48
2.2e-05 5.28 0.48
2.204e-05 5.36 0.56
2.208e-05 5.44 0.48
2.212e-05 5.44 0.56
2.216e-05 5.44 0.64
2.22e-05 5.52 0.64
2.224e-05 5.52 0.64
2.228e-05 5.6 0.64
2.232e-05 5.6 0.8
2.236e-05 5.6 0.8
2.24e-05 5.68 0.72
2.244e-05 5.76 0.72
2.248e-05 5.76 0.8
2.252e-05 5.76 0.88
2.256e-05 5.76 0.8
2.26e-05 5.84 0.8
2.264e-05 5.84 0.96
2.268e-05 5.84 0.96
2.272e-05 5.84 0.96
2.276e-05 5.84 0.96
2.28e-05 5.92 1.04
2.284e-05 5.92 1.04
2.288e-05 5.92 1.12
2.292e-05 5.92 1.04
2.296e-05 5.92 1.04
2.3e-05 5.92 1.12
2.304e-05 5.92 1.2
2.308e-05 5.92 1.2
2.312e-05 5.92 1.12
2.316e-05 6 1.2
2.32e-05 5.92 1.28
2.324e-05 5.92 1.28
2.328e-05 5.92 1.28
2.332e-05 6.08 1.28
2.336e-05 5.92 1.36
2.34e-05 5.92 1.36
2.344e-05 5.92 1.36
2.348e-05 5.92 1.36
2.352e-05 5.84 1.36
2.356e-05 5.84 1.44
2.36e-05 5.84 1.36
2.364e-05 5.84 1.44
2.368e-05 5.84 1.44
2.372e-05 5.84 1.44
2.376e-05 5.76 1.6
2.38e-05 5.76 1.44
2.384e-05 5.76 1.52
2.388e-05 5.76 1.6
2.392e-05 5.6 1.6
2.396e-05 5.6 1.6
2.4e-05 5.6 1.52
2.404e-05 5.52 1.6
2.408e-05 5.52 1.6
2.412e-05 5.44 1.6
2.416e-05 5.44 1.6
2.42e-05 5.44 1.6
2.424e-05 5.28 1.68
2.428e-05 5.28 1.68
2.432e-05 5.28 1.68
2.436e-05 5.2 1.6
2.44e-05 5.2 1.68
2.444e-05 5.12 1.76
2.448e-05 5.12 1.68
2.452e-05 5.04 1.68
2.456e-05 4.96 1.68
2.46e-05 4.88 1.76
2.464e-05 4.88 1.76
2.468e-05 4.8 1.76
2.472e-05 4.8 1.68
2.476e-05 4.72 1.68
2.48e-05 4.64 1.76
2.484e-05 4.48 1.68
2.488e-05 4.48 1.76
2.492e-05 4.48 1.76
2.496e-05 4.32 1.76
2.5e-05 4.32 1.76
2.504e-05 4.16 1.76
2.508e-05 4.16 1.76
2.512e-05 4 1.76
2.516e-05 4 1.76
2.52e-05 3.92 1.76
2.524e-05 3.84 1.76
2.528e-05 3.76 1.76
2.532e-05 3.68 1.76
2.536e-05 3.6 1.76
2.54e-05 3.52 1.68
2.544e-05 3.52 1.68
2.548e-05 3.36 1.76
2.552e-05 3.28 1.68
2.556e-05 3.2 1.76
2.56e-05 3.2 1.68
2.564e-05 3.04 1.68
2.568e-05 2.96 1.68
2.572e-05 2.88 1.76
2.576e-05 2.8 1.68
2.58e-05 2.64 1.6
2.584e-05 2.56 1.68
2.588e-05 2.56 1.68
2.592e-05 2.4 1.68
2.596e-05 2.4 1.6
2.6e-05 2.24 1.6
2.604e-05 2.16 1.6
2.608e-05 2.08 1.6
2.612e-05 2 1.6
2.616e-05 1.92 1.52
2.62e-05 1.76 1.6
2.624e-05 1.68 1.6
2.628e-05 1.6 1.52
2.632e-05 1.52 1.52
2.636e-05 1.36 1.44
2.64e-05 1.28 1.52
2.644e-05 1.28 1.44
2.648e-05 1.12 1.44
2.652e-05 1.04 1.44
2.656e-05 0.88 1.44
2.66e-05 0.8 1.44
2.664e-05 0.72 1.36
2.668e-05 0.64 1.36
2.672e-05 0.48 1.36
2.676e-05 0.4 1.36
2.68e-05 0.32 1.28
2.684e-05 0.16 1.28
2.688e-05 0.16 1.28
2.692e-05 0 1.28
2.696e-05 0 1.28
2.7e-05 -0.24 1.2
2.704e-05 -0.4 1.2
2.708e-05 -0.4 1.2
2.712e-05 -0.56 1.2
2.716e-05 -0.64 1.12
2.72e-05 -0.72 1.04
2.724e-05 -0.88 1.12
2.728e-05 -0.96 1.12
2.732e-05 -1.04 1.04
2.736e-05 -1.12 0.96
2.74e-05 -1.28 0.96
2.744e-05 -1.36 1.04
2.748e-05 -1.44 0.96
2.752e-05 -1.6 0.96
2.756e-05 -1.68 0.88
2.76e-05 -1.68 0.8
2.764e-05 -1.84 0.88
2.768e-05 -1.92 0.8
2.772e-05 -2 0.8
2.776e-05 -2.16 0.8
2.78e-05 -2.24 0.72
2.784e-05 -2.32 0.72
2.788e-05 -2.32 0.64
2.792e-05 -2.48 0.64
2.796e-05 -2.56 0.64
2.8e-05 -2.64 0.64
2.804e-05 -2.8 0.56
2.808e-05 -2.8 0.48
2.812e-05 -2.88 0.48
2.816e-05 -2.96 0.48
2.82e-05 -3.12 0.4
2.824e-05 -3.2 0.32
2.828e-05 -3.28 0.32
2.832e-05 -3.36 0.32
2.836e-05 -3.44 0.32
2.84e-05 -3.52 0.32
2.844e-05 -3.6 0.32
2.848e-05 -3.6 0.24
2.852e-05 -3.76 0.24
2.856e-05 -3.84 0.16
2.86e-05 -3.92 0.08
2.864e-05 -3.92 0.08
2.868e-05 -4.08 0.08
2.872e-05 -4.08 0
2.876e-05 -4.24 0
2.88e-05 -4.24 0
2.884e-05 -4.4 0
2.888e-05 -4.4 0
2.892e-05 -4.48 -0.16
2.896e-05 -4.56 -0.24
2.9e-05 -4.56 -0.24
2.904e-05 -4.72 -0.24
2.908e-05 -4.72 -0.24
2.912e-05 -4.8 -0.32
2.916e-05 -4.88 -0.32
2.92e-05 -4.88 -0.4
2.924e-05 -4.88 -0.4
2.928e-05 -5.04 -0.4
2.932e-05 -5.12 -0.48
2.936e-05 -5.12 -0.48
2.94e-05 -5.2 -0.48
2.944e-05 -5.2 -0.56
2.948e-05 -5.28 -0.56
2.952e-05 -5.36 -0.64
2.956e-05 -5.36 -0.64
2.96e-05 -5.44 -0.72
2.964e-05 -5.44 -0.64
2.968e-05 -5.52 -0.72
2.972e-05 -5.52 -0.72
2.976e-05 -5.6 -0.8
2.98e-05 -5.68 -0.8
2.984e-05 -5.68 -0.88
2.988e-05 -5.76 -0.88
2.992e-05 -5.76 -0.88
2.996e-05 -5.76 -0.96
3e-05 -5.76 -0.96
3.004e-05 -5.84 -0.96
3.008e-05 -5.84 -1.04
3.012e-05 -5.84 -0.96
3.016e-05 -5.84 -1.04
3.02e-05 -5.92 -1.04
3.024e-05 -5.92 -1.12
3.028e-05 -6 -1.12
3.032e-05 -6 -1.12
3.036e-05 -6.08 -1.2
3.04e-05 -6 -1.2
3.044e-05 -6.08 -1.28
3.048e-05 -6.08 -1.2
3.052e-05 -6.08 -1.28
3.056e-05 -6.08 -1.28
3.06e-05 -6 -1.36
3.064e-05 -6.08 -1.36
3.068e-05 -6.08 -1.36
3.072e-05 -6.08 -1.44
3.076e-05 -6.08 -1.36
3.08e-05 -6 -1.44
3.084e-05 -6.08 -1.36
3.088e-05 -6.08 -1.44
3.092e-05 -6.08 -1.52
3.096e-05 -6 -1.44
3.1e-05 -6.08 -1.44
3.104e-05 -6 -1.52
3.108e-05 -6.08 -1.6
3.112e-05 -6.08 -1.6
3.116e-05 -6 -1.52
3.12e-05 -6 -1.6
3.124e-05 -5.92 -1.6
3.128e-05 -5.92 -1.68
3.132e-05 -5.92 -1.68
3.136e-05 -5.84 -1.68
3.14e-05 -5.84 -1.68
3.144e-05 -5.76 -1.68
3.148e-05 -5.76 -1.76
3.152e-05 -5.76 -1.68
3.156e-05 -5.76 -1.76
3.16e-05 -5.68 -1.76
3.164e-05 -5.68 -1.84
3.168e-05 -5.52 -1.84
3.172e-05 -5.52 -1.76
3.176e-05 -5.52 -1.84
3.18e-05 -5.44 -1.84
3.184e-05 -5.44 -1.84
3.188e-05 -5.44 -1.84
3.192e-05 -5.36 -1.84
3.196e-05 -5.28 -1.92
3.2e-05 -5.2 -1.92
3.204e-05 -5.2 -1.84
3.208e-05 -5.12 -1.84
3.212e-05 -5.12 -1.92
3.216e-05 -5.04 -1.92
3.22e-05 -5.04 -1.92
3.224e-05 -4.88 -1.92
3.228e-05 -4.88 -1.92
3.232e-05 -4.8 -2
3.236e-05 -4.8 -2
3.24e-05 -4.72 -1.92
3.244e-05 -4.56 -1.92
3.248e-05 -4.56 -1.92
3.252e-05 -4.48 -1.92
3.256e-05 -4.4 -1.92
3.26e-05 -4.4 -1.92
3.264e-05 -4.24 -2
3.268e-05 -4.24 -1.92
3.272e-05 -4.16 -2
3.276e-05 -4.08 -1.92
3.28e-05 -3.92 -1.92
3.284e-05 -3.92 -1.92
3.288e-05 -3.84 -2
3.292e-05 -3.76 -1.92
3.296e-05 -3.6 -1.92
3.3e-05 -3.6 -1.92
3.304e-05 -3.52 -1.92
3.308e-05 -3.52 -1.92
3.312e-05 -3.44 -1.84
3.316e-05 -3.28 -1.92
3.32e-05 -3.2 -1.92
3.324e-05 -3.12 -1.92
3.328e-05 -2.96 -1.92
3.332e-05 -2.96 -1.84
3.336e-05 -2.8 -1.84
3.34e-05 -2.8 -1.92
3.344e-05 -2.64 -1.84
3.348e-05 -2.56 -1.84
3.352e-05 -2.48 -1.84
3.356e-05 -2.32 -1.84
3.36e-05 -2.32 -1.84
3.364e-05 -2.24 -1.76
3.368e-05 -2.16 -1.76
3.372e-05 -2 -1.76
3.376e-05 -1.92 -1.76
3.38e-05 -1.84 -1.68
3.384e-05 -1.68 -1.68
3.388e-05 -1.68 -1.68
3.392e-05 -1.52 -1.68
3.396e-05 -1.36 -1.68
3.4e-05 -1.36 -1.6
3.404e-05 -1.28 -1.68
3.408e-05 -1.12 -1.6
3.412e-05 -1.04 -1.6
3.416e-05 -0.96 -1.6
3.42e-05 -0.88 -1.6
3.424e-05 -0.72 -1.6
3.428e-05 -0.64 -1.52
3.432e-05 -0.56 -1.52
3.436e-05 -0.48 -1.52
3.44e-05 -0.4 -1.44
3.444e-05 -0.32 -1.44
3.448e-05 0 -1.44
3.452e-05 0 -1.44
3.456e-05 0.08 -1.36
3.46e-05 0.16 -1.44
3.464e-05 0.32 -1.36
3.468e-05 0.4 -1.36
3.472e-05 0.48 -1.28
3.476e-05 0.64 -1.28
3.48e-05 0.72 -1.36
3.484e-05 0.8 -1.2
3.488e-05 0.96 -1.2
3.492e-05 0.96 -1.2
3.496e-05 1.12 -1.2
3.5e-05 1.2 -1.2
3.504e-05 1.28 -1.12
3.508e-05 1.36 -1.04
3.512e-05 1.52 -1.04
3.516e-05 1.6 -1.04
3.52e-05 1.68 -1.04
3.524e-05 1.76 -0.96
3.528e-05 1.92 -0.96
3.532e-05 2 -0.96
3.536e-05 2.08 -0.96
3.54e-05 2.16 -0.88
3.544e-05 2.32 -0.88
3.548e-05 2.32 -0.8
3.552e-05 2.4 -0.8
3.556e-05 2.56 -0.8
3.56e-05 2.56 -0.72
3.564e-05 2.72 -0.72
3.568e-05 2.8 -0.72
3.572e-05 2.88 -0.72
3.576e-05 2.96 -0.56
3.58e-05 3.04 -0.56
3.584e-05 3.2 -0.56
3.588e-05 3.2 -0.56
3.592e-05 3.36 -0.48
3.596e-05 3.36 -0.4
3.6e-05 3.44 -0.4
3.604e-05 3.6 -0.4
3.608e-05 3.6 -0.4
3.612e-05 3.68 -0.32
3.616e-05 3.76 -0.32
3.62e-05 3.84 -0.32
3.624e-05 3.92 -0.24
3.628e-05 4 -0.24
3.632e-05 4.08 -0.24
3.636e-05 4.16 -0.16
3.64e-05 4.24 -0.24
3.644e-05 4.24 -0.16
3.648e-05 4.32 0
3.652e-05 4.48 0
3.656e-05 4.48 0
3.66e-05 4.56 0.08
3.664e-05 4.56 0.16
3.668e-05 4.64 0.08
3.672e-05 4.8 0.16
3.676e-05 4.8 0.16
3.68e-05 4.8 0.16
3.684e-05 4.88 0.24
3.688e-05 4.96 0.24
3.692e-05 4.96 0.32
3.696e-05 5.12 0.32
3.7e-05 5.12 0.32
3.704e-05 5.12 0.4
3.708e-05 5.2 0.32
3.712e-05 5.28 0.4
3.716e-05 5.28 0.48
3.72e-05 5.44 0.48
3.724e-05 5.44 0.64
3.728e-05 5.44 0.56
3.732e-05 5.44 0.64
3.736e-05 5.52 0.64
3.74e-05 5.52 0.64
3.744e-05 5.6 0.64
3.748e-05 5.6 0.56
3.752e-05 5.6 0.8
3.756e-05 5.6 0.72
3.76e-05 5.68 0.8
3.764e-05 5.76 0.8
3.768e-05 5.76 0.88
3.772e-05 5.84 0.88
3.776e-05 5.84 0.88
3.78e-05 5.84 0.96
3.784e-05 5.84 0.88
3.788e-05 5.92 0.96
3.792e-05 5.84 1.04
3.796e-05 5.92 1.04
3.8e-05 5.92 1.04
3.804e-05 6 1.04
3.808e-05 5.92 1.04
3.812e-05 5.92 1.04
3.816e-05 6 1.12
3.82e-05 6 1.2
3.824e-05 5.92 1.2
3.828e-05 6 1.28
3.832e-05 5.92 1.2
3.836e-05 5.92 1.28
3.84e-05 6 1.28
3.844e-05 6 1.36
3.848e-05 5.92 1.28
3.852e-05 5.92 1.28
3.856e-05 5.92 1.28
3.86e-05 5.92 1.36
3.864e-05 5.84 1.36
3.868e-05 5.92 1.36
3.872e-05 5.84 1.36
3.876e-05 5.84 1.44
3.88e-05 5.84 1.52
3.884e-05 5.84 1.44
3.888e-05 5.76 1.44
3.892e-05 5.76 1.52
3.896e-05 5.76 1.52
3.9e-05 5.76 1.52
3.904e-05 5.76 1.44
3.908e-05 5.68 1.6
3.912e-05 5.6 1.6
3.916e-05 5.6 1.6
3.92e-05 5.52 1.6
3.924e-05 5.52 1.6
3.928e-05 5.44 1.6
3.932e-05 5.44 1.68
3.936e-05 5.36 1.6
3.94e-05 5.44 1.68
3.944e-05 5.28 1.68
3.948e-05 5.28 1.68
3.952e-05 5.2 1.76
3.956e-05 5.12 1.68
3.96e-05 5.12 1.68
3.964e-05 5.04 1.68
3.968e-05 5.04 1.68
3.972e-05 4.96 1.68
3.976e-05 4.88 1.68
3.98e-05 4.8 1.76
3.984e-05 4.8 1.76
3.988e-05 4.72 1.76
3.992e-05 4.64 1.68
3.996e-05 4.64 1.76
4e-05 4.56 1.76
4.004e-05 4.48 1.76
4.008e-05 4.48 1.68
4.012e-05 4.32 1.76
4.016e-05 4.24 1.76
4.02e-05 4.24 1.84
4.024e-05 4.16 1.76
4.028e-05 4 1.68
4.032e-05 3.92 1.68
4.036e-05 3.92 1.84
4.04e-05 3.84 1.76
4.044e-05 3.76 1.76
4.048e-05 3.68 1.76
4.052e-05 3.6 1.76
4.056e-05 3.52 1.76
4.06e-05 3.52 1.76
4.064e-05 3.36 1.76
4.068e-05 3.36 1.68
4.072e-05 3.2 1.76
4.076e-05 3.12 1.76
4.08e-05 3.04 1.68
4.084e-05 2.96 1.68
4.088e-05 2.88 1.68
4.092e-05 2.72 1.68
4.096e-05 2.64 1.68
4.1e-05 2.56 1.68
4.104e-05 2.56 1.68
4.108e-05 2.4 1.68
4.112e-05 2.32 1.68
4.116e-05 2.24 1.6
4.12e-05 2.08 1.6
4.124e-05 2.08 1.6
4.128e-05 2 1.6
4.132e-05 1.84 1.6
4.136e-05 1.76 1.52
4.14e-05 1.68 1.52
4.144e-05 1.6 1.52
4.148e-05 1.44 1.52
4.152e-05 1.36 1.44
4.156e-05 1.28 1.44
4.16e-05 1.12 1.44
4.164e-05 1.12 1.44
4.168e-05 1.04 1.44
4.172e-05 0.88 1.44
4.176e-05 0.8 1.36
4.18e-05 0.72 1.36
4.184e-05 0.64 1.36
4.188e-05 0.48 1.36
4.192e-05 0.32 1.28
4.196e-05 0.32 1.36
4.2e-05 0.16 1.36
4.204e-05 0.08 1.28
4.208e-05 0 1.28
4.212e-05 -0.16 1.28
4.216e-05 -0.32 1.28
4.22e-05 -0.4 1.2
4.224e-05 -0.56 1.12
4.228e-05 -0.56 1.12
4.232e-05 -0.72 1.12
4.236e-05 -0.8 1.12
4.24e-05 -0.88 1.04
4.244e-05 -0.96 1.12
4.248e-05 -1.04 1.04
4.252e-05 -1.2 1.04
4.256e-05 -1.28 0.96
4.26e-05 -1.36 0.96
4.264e-05 -1.44 0.96
4.268e-05 -1.52 0.96
4.272e-05 -1.6 0.8
4.276e-05 -1.68 0.8
4.28e-05 -1.84 0.88
4.284e-05 -1.92 0.8
4.288e-05 -2.08 0.72
4.292e-05 -2.16 0.72
4.296e-05 -2.24 0.72
4.3e-05 -2.32 0.72
4.304e-05 -2.4 0.72
4.308e-05 -2.48 0.64
4.312e-05 -2.64 0.56
4.316e-05 -2.64 0.48
4.32e-05 -2.8 0.56
4.324e-05 -2.88 0.48
4.328e-05 -2.96 0.48
4.332e-05 -2.96 0.48
4.336e-05 -3.12 0.4
4.34e-05 -3.2 0.4
4.344e-05 -3.28 0.32
4.348e-05 -3.36 0.32
4.352e-05 -3.44 0.32
4.356e-05 -3.6 0.32
4.36e-05 -3.6 0.32
4.364e-05 -3.68 0.24
4.368e-05 -3.84 0.16
4.372e-05 -3.84 0.24
4.376e-05 -3.92 0.16
4.38e-05 -3.92 0.08
4.384e-05 -4.08 0
4.388e-05 -4.16 0
4.392e-05 -4.16 0
4.396e-05 -4.24 0
4.4e-05 -4.4 -0.16
4.404e-05 -4.48 -0.16
4.408e-05 -4.56 -0.16
4.412e-05 -4.56 -0.24
4.416e-05 -4.56 -0.24
4.42e-05 -4.72 -0.32
4.424e-05 -4.72 -0.24
4.428e-05 -4.88 -0.32
4.432e-05 -4.88 -0.4
4.436e-05 -4.88 -0.48
4.44e-05 -5.04 -0.4
4.444e-05 -5.04 -0.4
4.448e-05 -5.12 -0.48
4.452e-05 -5.12 -0.56
4.456e-05 -5.2 -0.48
4.46e-05 -5.2 -0.56
4.464e-05 -5.28 -0.56
4.468e-05 -5.36 -0.64
4.472e-05 -5.36 -0.64
4.476e-05 -5.44 -0.72
4.48e-05 -5.44 -0.72
4.484e-05 -5.52 -0.72
4.488e-05 -5.52 -0.72
4.492e-05 -5.52 -0.8
4.496e-05 -5.6 -0.8
4.5e-05 -5.68 -0.88
4.504e-05 -5.68 -0.88
4.508e-05 -5.76 -0.96
4.512e-05 -5.76 -0.96
4.516e-05 -5.76 -0.96
4.52e-05 -5.84 -0.96
4.524e-05 -5.84 -0.96
4.528e-05 -5.84 -0.96
4.532e-05 -5.84 -1.04
4.536e-05 -5.84 -1.04
4.54e-05 -5.92 -1.12
4.544e-05 -6 -1.2
4.548e-05 -6 -1.12
4.552e-05 -6 -1.2
4.556e-05 -6.08 -1.2
4.56e-05 -6 -1.28
4.564e-05 -6.08 -1.2
4.568e-05 -6.08 -1.2
4.572e-05 -6.08 -1.28
4.576e-05 -6.08 -1.36
4.58e-05 -6.08 -1.36
4.584e-05 -6.08 -1.36
4.588e-05 -6.08 -1.36
4.592e-05 -6.08 -1.44
4.596e-05 -6.08 -1.36
4.6e-05 -6.08 -1.52
4.604e-05 -6.08 -1.52
4.608e-05 -6.08 -1.52
4.612e-05 -6.08 -1.52
4.616e-05 -6.08 -1.52
4.62e-05 -6 -1.6
4.624e-05 -6 -1.6
4.628e-05 -6.08 -1.6
4.632e-05 -6 -1.6
4.636e-05 -6 -1.6
4.64e-05 -6 -1.6
4.644e-05 -5.84 -1.68
4.648e-05 -5.84 -1.68
4.652e-05 -5.84 -1.68
4.656e-05 -5.84 -1.68
4.66e-05 -5.76 -1.68
4.664e-05 -5.76 -1.84
4.668e-05 -5.76 -1.84
4.672e-05 -5.76 -1.76
4.676e-05 -5.68 -1.84
4.68e-05 -5.52 -1.84
4.684e-05 -5.6 -1.84
4.688e-05 -5.52 -1.76
4.692e-05 -5.52 -1.76
4.696e-05 -5.44 -1.84
4.7e-05 -5.44 -1.92
4.704e-05 -5.44 -1.92
4.708e-05 -5.36 -1.84
4.712e-05 -5.2 -1.84
4.716e-05 -5.2 -1.84
4.72e-05 -5.2 -1.84
4.724e-05 -5.12 -1.84
4.728e-05 -5.12 -1.84
4.732e-05 -5.04 -1.92
4.736e-05 -4.96 -1.92
4.74e-05 -4.88 -1.92
4.744e-05 -4.8 -1.84
4.748e-05 -4.8 -1.92
4.752e-05 -4.72 -2
4.756e-05 -4.72 -2
4.76e-05 -4.56 -1.92
4.764e-05 -4.56 -1.92
4.768e-05 -4.48 -1.92
4.772e-05 -4.4 -2
4.776e-05 -4.32 -2
4.78e-05 -4.24 -1.92
4.784e-05 -4.16 -1.92
4.788e-05 -4.08 -1.92
4.792e-05 -4.08 -2
4.796e-05 -3.92 -1.92
4.8e-05 -3.92 -1.92
4.804e-05 -3.84 -1.92
4.808e-05 -3.76 -1.92
4.812e-05 -3.6 -1.92
4.816e-05 -3.6 -1.92
4.82e-05 -3.44 -1.92
4.824e-05 -3.44 -1.92
4.828e-05 -3.36 -1.92
4.832e-05 -3.2 -1.84
4.836e-05 -3.2 -1.92
4.84e-05 -3.04 -1.92
4.844e-05 -3.04 -1.92
4.848e-05 -2.96 -1.92
4.852e-05 -2.8 -1.76
4.856e-05 -2.8 -1.92
4.86e-05 -2.56 -1.84
4.864e-05 -2.56 -1.84
4.868e-05 -2.48 -1.76
4.872e-05 -2.32 -1.84
4.876e-05 -2.32 -1.84
4.88e-05 -2.16 -1.76
4.884e-05 -2.16 -1.76
4.888e-05 -2 -1.68
4.892e-05 -1.92 -1.76
4.896e-05 -1.84 -1.76
4.9e-05 -1.68 -1.68
4.904e-05 -1.6 -1.68
4.908e-05 -1.6 -1.68
4.912e-05 -1.44 -1.68
4.916e-05 -1.28 -1.68
4.92e-05 -1.2 -1.6
4.924e-05 -1.2 -1.6
4.928e-05 -1.04 -1.6
4.932e-05 -0.96 -1.6
4.936e-05 -0.88 -1.52
4.94e-05 -0.72 -1.44
4.944e-05 -0.64 -1.52
4.948e-05 -0.48 -1.6
4.952e-05 -0.4 -1.52
4.956e-05 -0.4 -1.44
4.96e-05 -0.24 -1.52
4.964e-05 0 -1.44
4.968e-05 0 -1.44
4.972e-05 0.16 -1.36
4.976e-05 0.24 -1.36
4.98e-05 0.32 -1.36
4.984e-05 0.4 -1.36
4.988e-05 0.56 -1.36
4.992e-05 0.64 -1.28
4.996e-05 0.72 -1.28
5e-05 0.8 -1.28
5.004e-05 0.96 -1.2
5.008e-05 1.04 -1.2
5.012e-05 1.12 -1.2
5.016e-05 1.28 -1.2
5.02e-05 1.28 -1.12
5.024e-05 1.44 -1.04
5.028e-05 1.52 -1.04
5.032e-05 1.6 -0.96
5.036e-05 1.68 -1.04
5.04e-05 1.84 -0.96
5.044e-05 1.92 -0.96
5.048e-05 2 -0.88
5.052e-05 2.08 -0.96
5.056e-05 2.16 -0.88
5.06e-05 2.24 -0.8
5.064e-05 2.32 -0.8
5.068e-05 2.48 -0.8
5.072e-05 2.56 -0.8
5.076e-05 2.64 -0.72
5.08e-05 2.64 -0.72
5.084e-05 2.88 -0.72
5.088e-05 2.88 -0.64
5.092e-05 2.96 -0.64
5.096e-05 3.04 -0.56
5.1e-05 3.2 -0.48
5.104e-05 3.28 -0.56
5.108e-05 3.36 -0.48
5.112e-05 3.36 -0.48
5.116e-05 3.52 -0.4
5.12e-05 3.6 -0.4
5.124e-05 3.68 -0.4
5.128e-05 3.76 -0.4
5.132e-05 3.84 -0.32
5.136e-05 3.84 -0.24
5.14e-05 3.92 -0.32
5.144e-05 4 -0.24
5.148e-05 4.16 -0.16
5.152e-05 4.16 -0.16
5.156e-05 4.16 0
5.16e-05 4.32 0
5.164e-05 4.4 0.08
5.168e-05 4.48 0
5.172e-05 4.48 0
5.176e-05 4.56 0.08
5.18e-05 4.64 0.08
5.184e-05 4.72 0.16
5.188e-05 4.8 0.16
5.192e-05 4.8 0.24
5.196e-05 4.88 0.16
5.2e-05 4.96 0.24
5.204e-05 4.96 0.32
5.208e-05 5.12 0.32
5.212e-05 5.12 0.32
5.216e-05 5.12 0.32
5.22e-05 5.2 0.4
5.224e-05 5.28 0.48
5.228e-05 5.28 0.4
5.232e-05 5.28 0.48
5.236e-05 5.44 0.48
5.24e-05 5.44 0.56
5.244e-05 5.44 0.56
5.248e-05 5.44 0.64
5.252e-05 5.44 0.64
5.256e-05 5.52 0.64
5.26e-05 5.52 0.64
5.264e-05 5.6 0.72
5.268e-05 5.68 0.72
5.272e-05 5.76 0.72
5.276e-05 5.76 0.8
5.28e-05 5.76 0.8
5.284e-05 5.84 0.8
5.288e-05 5.84 0.88
5.292e-05 5.84 0.96
5.296e-05 5.84 0.96
5.3e-05 5.84 0.96
5.304e-05 5.84 0.96
5.308e-05 5.92 1.04
5.312e-05 5.92 1.04
5.316e-05 5.92 1.04
5.32e-05 5.92 1.04
5.324e-05 5.92 1.12
5.328e-05 6 1.12
5.332e-05 5.92 1.12
5.336e-05 5.92 1.2
5.34e-05 5.92 1.2
5.344e-05 6 1.28
5.348e-05 6 1.28
5.352e-05 5.92 1.28
5.356e-05 5.92 1.28
5.36e-05 6 1.28
5.364e-05 5.92 1.28
5.368e-05 5.92 1.36
5.372e-05 5.92 1.36
5.376e-05 5.92 1.36
5.38e-05 5.92 1.36
5.384e-05 5.92 1.44
5.388e-05 5.92 1.36
5.392e-05 5.84 1.44
5.396e-05 5.84 1.44
5.4e-05 5.76 1.52
5.404e-05 5.76 1.44
5.408e-05 5.84 1.44
5.412e-05 5.76 1.52
5.416e-05 5.76 1.6
5.42e-05 5.6 1.6
5.424e-05 5.6 1.52
5.428e-05 5.6 1.6
5.432e-05 5.6 1.6
5.436e-05 5.6 1.6
5.44e-05 5.52 1.6
5.444e-05 5.52 1.68
5.448e-05 5.44 1.68
5.452e-05 5.36 1.68
5.456e-05 5.44 1.68
5.46e-05 5.28 1.6
5.464e-05 5.2 1.68
5.468e-05 5.2 1.76
5.472e-05 5.12 1.68
5.476e-05 5.12 1.68
5.48e-05 5.12 1.68
5.484e-05 4.96 1.68
5.488e-05 4.96 1.76
5.492e-05 4.88 1.76
5.496e-05 4.8 1.68
5.5e-05 4.8 1.68
5.504e-05 4.8 1.76
5.508e-05 4.72 1.76
5.512e-05 4.64 1.76
5.516e-05 4.56 1.76
5.52e-05 4.48 1.68
5.524e-05 4.4 1.84
5.528e-05 4.32 1.68
5.532e-05 4.24 1.76
5.536e-05 4.16 1.76
5.54e-05 4.16 1.76
5.544e-05 4 1.76
5.548e-05 4 1.68
5.552e-05 3.92 1.76
5.556e-05 3.84 1.76
5.56e-05 3.76 1.76
5.564e-05 3.68 1.76
5.568e-05 3.68 1.68
5.572e-05 3.52 1.76
5.576e-05 3.44 1.76
5.58e-05 3.36 1.68
5.584e-05 3.28 1.68
5.588e-05 3.2 1.68
5.592e-05 3.04 1.76
5.596e-05 3.04 1.76
5.6e-05 2.96 1.68
5.604e-05 2.88 1.68
5.608e-05 2.72 1.68
5.612e-05 2.72 1.68
5.616e-05 2.56 1.6
5.62e-05 2.56 1.68
5.624e-05 2.4 1.6
5.628e-05 2.32 1.68
5.632e-05 2.24 1.6
5.636e-05 2.08 1.6
5.64e-05 2 1.6
5.644e-05 1.92 1.6
5.648e-05 1.84 1.6
5.652e-05 1.68 1.52
5.656e-05 1.6 1.6
5.66e-05 1.6 1.52
5.664e-05 1.44 1.52
5.668e-05 1.36 1.52
5.672e-05 1.28 1.44
5.676e-05 1.12 1.44
5.68e-05 1.04 1.44
5.684e-05 0.96 1.52
5.688e-05 0.8 1.44
5.692e-05 0.8 1.36
5.696e-05 0.72 1.36
5.7e-05 0.56 1.36
5.704e-05 0.48 1.36
5.708e-05 0.4 1.28
5.712e-05 0.32 1.28
5.716e-05 0.16 1.28
5.72e-05 0.08 1.2
5.724e-05 0 1.2
5.728e-05 -0.24 1.2
5.732e-05 -0.24 1.28
5.736e-05 -0.4 1.2
5.74e-05 -0.56 1.2
5.744e-05 -0.56 1.12
5.748e-05 -0.64 1.04
5.752e-05 -0.8 1.12
5.756e-05 -0.88 1.04
5.76e-05 -1.04 1.04
5.764e-05 -1.04 0.96
5.768e-05 -1.2 1.04
5.772e-05 -1.28 0.96
5.776e-05 -1.36 0.96
5.78e-05 -1.36 0.88
5.784e-05 -1.6 0.88
5.788e-05 -1.68 0.96
5.792e-05 -1.76 0.88
5.796e-05 -1.84 0.8
5.8e-05 -2 0.8
5.804e-05 -2 0.72
5.808e-05 -2.16 0.72
5.812e-05 -2.24 0.72
5.816e-05 -2.32 0.64
5.82e-05 -2.32 0.72
5.824e-05 -2.56 0.64
5.828e-05 -2.64 0.64
5.832e-05 -2.64 0.48
5.836e-05 -2.8 0.56
5.84e-05 -2.88 0.48
5.844e-05 -2.96 0.48
5.848e-05 -3.12 0.4
5.852e-05 -3.12 0.4
5.856e-05 -3.28 0.4
5.86e-05 -3.28 0.4
5.864e-05 -3.44 0.32
5.868e-05 -3.52 0.32
5.872e-05 -3.6 0.24
5.876e-05 -3.6 0.32
5.88e-05 -3.76 0.16
5.884e-05 -3.76 0.16
5.888e-05 -3.84 0.16
5.892e-05 -3.92 0.08
5.896e-05 -4 0.16
5.9e-05 -4.08 0
5.904e-05 -4.16 0
5.908e-05 -4.24 0
5.912e-05 -4.24 0
5.916e-05 -4.4 0
5.92e-05 -4.48 -0.16
5.924e-05 -4.56 -0.24
5.928e-05 -4.48 -0.24
5.932e-05 -4.56 -0.24
5.936e-05 -4.72 -0.32
5.94e-05 -4.8 -0.32
5.944e-05 -4.88 -0.32
5.948e-05 -4.88 -0.32
5.952e-05 -4.96 -0.4
5.956e-05 -5.04 -0.4
5.96e-05 -5.04 -0.4
5.964e-05 -5.12 -0.4
5.968e-05 -5.12 -0.48
5.972e-05 -5.2 -0.56
5.976e-05 -5.2 -0.56
5.98e-05 -5.36 -0.56
5.984e-05 -5.36 -0.64
5.988e-05 -5.44 -0.64
5.992e-05 -5.44 -0.72
5.996e-05 -5.52 -0.72
6e-05 -5.52 -0.72
6.004e-05 -5.52 -0.8
6.008e-05 -5.6 -0.8
6.012e-05 -5.68 -0.8
6.016e-05 -5.68 -0.8
6.02e-05 -5.76 -0.88
6.024e-05 -5.76 -0.96
6.028e-05 -5.84 -0.96
6.032e-05 -5.84 -0.96
6.036e-05 -5.84 -0.96
6.04e-05 -5.84 -1.04
6.044e-05 -5.84 -1.04
6.048e-05 -6 -1.12
6.052e-05 -5.92 -1.04
6.056e-05 -6 -1.04
6.06e-05 -6 -1.2
6.064e-05 -6 -1.2
6.068e-05 -6 -1.2
6.072e-05 -6.08 -1.2
6.076e-05 -6.08 -1.2
6.08e-05 -6.08 -1.28
6.084e-05 -6.08 -1.28
6.088e-05 -6 -1.28
6.092e-05 -6.08 -1.36
6.096e-05 -6.08 -1.36
6.1e-05 -6.08 -1.36
6.104e-05 -6.08 -1.36
6.108e-05 -6.08 -1.44
6.112e-05 -6.08 -1.36
6.116e-05 -6.08 -1.44
6.12e-05 -6.08 -1.44
6.124e-05 -6.08 -1.44
6.128e-05 -6.08 -1.52
6.132e-05 -6.08 -1.52
6.136e-05 -6 -1.52
6.14e-05 -6.08 -1.6
6.144e-05 -6 -1.6
6.148e-05 -5.92 -1.6
6.152e-05 -6 -1.68
6.156e-05 -5.84 -1.68
6.16e-05 -5.92 -1.6
6.164e-05 -5.84 -1.68
6.168e-05 -5.84 -1.76
6.172e-05 -5.76 -1.68
6.176e-05 -5.76 -1.76
6.18e-05 -5.84 -1.68
6.184e-05 -5.68 -1.76
6.188e-05 -5.68 -1.76
6.192e-05 -5.52 -1.76
6.196e-05 -5.6 -1.68
6.2e-05 -5.52 -1.84
6.204e-05 -5.52 -1.84
6.208e-05 -5.52 -1.84
6.212e-05 -5.44 -1.84
6.216e-05 -5.44 -1.84
6.22e-05 -5.36 -1.84
6.224e-05 -5.36 -1.92
6.228e-05 -5.2 -1.92
6.232e-05 -5.2 -1.92
6.236e-05 -5.2 -1.92
6.24e-05 -5.12 -1.92
6.244e-05 -5.04 -1.92
6.248e-05 -5.04 -1.84
6.252e-05 -4.96 -1.92
6.256e-05 -4.88 -1.92
6.26e-05 -4.88 -1.92
6.264e-05 -4.8 -1.92
6.268e-05 -4.72 -1.92
6.272e-05 -4.72 -1.92
6.276e-05 -4.56 -1.92
6.28e-05 -4.56 -2
6.284e-05 -4.48 -1.92
6.288e-05 -4.4 -2
6.292e-05 -4.32 -1.92
6.296e-05 -4.24 -1.92
6.3e-05 -4.16 -1.92
6.304e-05 -4.08 -1.92
6.308e-05 -4.08 -1.92
6.312e-05 -3.92 -1.92
6.316e-05 -3.92 -1.92
6.32e-05 -3.84 -1.92
6.324e-05 -3.76 -1.92
6.328e-05 -3.6 -1.92
6.332e-05 -3.6 -1.92
6.336e-05 -3.44 -1.92
6.34e-05 -3.44 -1.92
6.344e-05 -3.28 -2
6.348e-05 -3.28 -1.92
6.352e-05 -3.2 -1.92
6.356e-05 -3.12 -1.84
6.36e-05 -2.96 -1.84
6.364e-05 -2.88 -1.84
6.368e-05 -2.8 -1.84
6.372e-05 -2.72 -1.84
6.376e-05 -2.64 -1.84
6.38e-05 -2.48 -1.84
6.384e-05 -2.48 -1.84
6.388e-05 -2.32 -1.84
6.392e-05 -2.24 -1.84
6.396e-05 -2.16 -1.84
6.4e-05 -2.08 -1.84
6.404e-05 -2 -1.76
6.408e-05 -1.84 -1.68
6.412e-05 -1.84 -1.84
6.416e-05 -1.68 -1.68
6.42e-05 -1.6 -1.76
6.424e-05 -1.52 -1.68
6.428e-05 -1.36 -1.68
6.432e-05 -1.28 -1.68
6.436e-05 -1.2 -1.68
6.44e-05 -1.2 -1.6
6.444e-05 -1.04 -1.6
6.448e-05 -0.96 -1.6
6.452e-05 -0.8 -1.6
6.456e-05 -0.72 -1.6
6.46e-05 -0.56 -1.52
6.464e-05 -0.56 -1.52
6.468e-05 -0.4 -1.52
6.472e-05 -0.4 -1.44
6.476e-05 -0.24 -1.36
6.48e-05 0 -1.36
6.484e-05 0.08 -1.36
6.488e-05 0.16 -1.36
6.492e-05 0.32 -1.36
6.496e-05 0.32 -1.28
6.5e-05 0.4 -1.28
6.504e-05 0.48 -1.36
6.508e-05 0.64 -1.28
6.512e-05 0.72 -1.2
6.516e-05 0.8 -1.28
6.52e-05 0.96 -1.2
6.524e-05 1.12 -1.28
6.528e-05 1.12 -1.2
6.532e-05 1.28 -1.12
6.536e-05 1.36 -1.12
6.54e-05 1.44 -1.12
6.544e-05 1.52 -1.04
6.548e-05 1.6 -0.96
6.552e-05 1.68 -1.04
6.556e-05 1.84 -0.96
6.56e-05 1.92 -0.96
6.564e-05 2 -0.96
6.568e-05 2.08 -0.88
6.572e-05 2.24 -0.88
6.576e-05 2.24 -0.88
6.58e-05 2.4 -0.8
6.584e-05 2.4 -0.8
6.588e-05 2.56 -0.72
6.592e-05 2.64 -0.72
6.596e-05 2.72 -0.72
6.6e-05 2.88 -0.64
6.604e-05 2.88 -0.64
6.608e-05 3.04 -0.56
6.612e-05 3.04 -0.64
6.616e-05 3.2 -0.56
6.62e-05 3.28 -0.48
6.624e-05 3.28 -0.48
6.628e-05 3.52 -0.56
6.632e-05 3.52 -0.48
6.636e-05 3.6 -0.4
6.64e-05 3.68 -0.4
6.644e-05 3.68 -0.4
6.648e-05 3.84 -0.24
6.652e-05 3.84 -0.32
6.656e-05 3.92 -0.24
6.66e-05 4 -0.24
6.664e-05 4.16 -0.16
6.668e-05 4.16 -0.24
6.672e-05 4.24 0
6.676e-05 4.32 -0.16
6.68e-05 4.32 0
6.684e-05 4.48 0
6.688e-05 4.56 0.08
6.692e-05 4.56 0.08
6.696e-05 4.64 0.08
6.7e-05 4.64 0.08
6.704e-05 4.72 0.16
6.708e-05 4.8 0.24
6.712e-05 4.8 0.24
6.716e-05 4.88 0.32
6.72e-05 4.96 0.32
6.724e-05 5.04 0.32
6.728e-05 5.12 0.32
6.732e-05 5.12 0.4
6.736e-05 5.2 0.4
6.74e-05 5.28 0.48
6.744e-05 5.28 0.48
6.748e-05 5.44 0.48
6.752e-05 5.44 0.48
6.756e-05 5.44 0.48
6.76e-05 5.44 0.64
6.764e-05 5.52 0.64
6.768e-05 5.52 0.64
6.772e-05 5.6 0.64
6.776e-05 5.6 0.72
6.78e-05 5.6 0.8
6.784e-05 5.6 0.72
6.788e-05 5.68 0.8
6.792e-05 5.76 0.72
6.796e-05 5.84 0.8
6.8e-05 5.76 0.8
6.804e-05 5.76 0.88
6.808e-05 5.84 0.96
6.812e-05 5.84 0.96
6.816e-05 5.84 0.96
6.82e-05 5.84 0.96
6.824e-05 5.92 0.96
6.828e-05 5.92 1.04
6.832e-05 5.92 1.12
6.836e-05 5.92 1.04
6.84e-05 5.92 1.12
6.844e-05 6.08 1.12
6.848e-05 6 1.2
6.852e-05 5.92 1.12
6.856e-05 5.92 1.12
6.86e-05 5.92 1.2
6.864e-05 6 1.28
6.868e-05 6 1.28
6.872e-05 5.92 1.36
6.876e-05 5.92 1.2
6.88e-05 5.92 1.36
6.884e-05 5.92 1.36
6.888e-05 5.92 1.36
6.892e-05 5.92 1.36
6.896e-05 5.84 1.36
6.9e-05 5.92 1.44
6.904e-05 5.84 1.44
6.908e-05 5.84 1.44
6.912e-05 5.76 1.36
6.916e-05 5.84 1.44
6.92e-05 5.76 1.44
6.924e-05 5.76 1.44
6.928e-05 5.76 1.52
6.932e-05 5.76 1.6
6.936e-05 5.6 1.6
6.94e-05 5.68 1.6
6.944e-05 5.6 1.6
6.948e-05 5.6 1.52
6.952e-05 5.52 1.6
6.956e-05 5.44 1.68
6.96e-05 5.44 1.6
6.964e-05 5.44 1.6
6.968e-05 5.36 1.6
6.972e-05 5.44 1.68
6.976e-05 5.28 1.68
6.98e-05 5.2 1.6
6.984e-05 5.2 1.68
6.988e-05 5.12 1.68
6.992e-05 5.12 1.68
6.996e-05 5.04 1.68
7e-05 4.96 1.68
7.004e-05 4.96 1.76
7.008e-05 4.88 1.76
7.012e-05 4.8 1.68
7.016e-05 4.8 1.76
7.02e-05 4.72 1.68
7.024e-05 4.64 1.76
7.028e-05 4.56 1.76
7.032e-05 4.48 1.76
7.036e-05 4.48 1.68
7.04e-05 4.4 1.76
7.044e-05 4.24 1.76
7.048e-05 4.24 1.76
7.052e-05 4.16 1.76
7.056e-05 4.08 1.68
7.06e-05 4 1.84
7.064e-05 4 1.76
7.068e-05 3.92 1.68
7.072e-05 3.84 1.68
7.076e-05 3.76 1.76
7.08e-05 3.68 1.76
7.084e-05 3.6 1.76
7.088e-05 3.52 1.76
7.092e-05 3.52 1.76
7.096e-05 3.36 1.76
7.1e-05 3.28 1.76
7.104e-05 3.2 1.68
7.108e-05 3.04 1.76
7.112e-05 2.96 1.68
7.116e-05 2.96 1.68
7.12e-05 2.8 1.68
7.124e-05 2.72 1.6
7.128e-05 2.64 1.68
7.132e-05 2.56 1.68
7.136e-05 2.48 1.68
7.14e-05 2.32 1.6
7.144e-05 2.24 1.6
7.148e-05 2.24 1.6
7.152e-05 2.16 1.6
7.156e-05 1.92 1.6
7.16e-05 1.92 1.52
7.164e-05 1.76 1.6
7.168e-05 1.68 1.6
7.172e-05 1.6 1.52
7.176e-05 1.6 1.44
7.18e-05 1.36 1.52
7.184e-05 1.36 1.52
7.188e-05 1.28 1.52
7.192e-05 1.12 1.44
7.196e-05 1.04 1.44
7.2e-05 0.96 1.44
7.204e-05 0.8 1.44
7.208e-05 0.8 1.36
7.212e-05 0.64 1.36
7.216e-05 0.56 1.28
7.22e-05 0.48 1.36
7.224e-05 0.4 1.36
7.228e-05 0.32 1.28
7.232e-05 0.16 1.28
7.236e-05 0.08 1.28
7.24e-05 0 1.28
7.244e-05 -0.24 1.28
7.248e-05 -0.32 1.12
7.252e-05 -0.4 1.2
7.256e-05 -0.56 1.2
7.26e-05 -0.64 1.12
7.264e-05 -0.72 1.04
7.268e-05 -0.88 1.04
7.272e-05 -0.96 1.04
7.276e-05 -1.04 1.04
7.28e-05 -1.12 0.96
7.284e-05 -1.2 0.96
7.288e-05 -1.36 0.96
7.292e-05 -1.36 0.96
7.296e-05 -1.44 0.96
7.3e-05 -1.6 0.96
7.304e-05 -1.68 0.8
7.308e-05 -1.84 0.88
7.312e-05 -1.92 0.72
7.316e-05 -2 0.8
7.32e-05 -2.08 0.72
7.324e-05 -2.16 0.72
7.328e-05 -2.24 0.72
7.332e-05 -2.32 0.64
7.336e-05 -2.48 0.64
7.34e-05 -2.48 0.64
7.344e-05 -2.64 0.64
7.348e-05 -2.64 0.64
7.352e-05 -2.88 0.48
7.356e-05 -2.88 0.48
7.36e-05 -2.96 0.48
7.364e-05 -3.04 0.4
7.368e-05 -3.12 0.4
7.372e-05 -3.28 0.32
7.376e-05 -3.28 0.32
7.38e-05 -3.44 0.32
7.384e-05 -3.52 0.24
7.388e-05 -3.6 0.24
7.392e-05 -3.6 0.24
7.396e-05 -3.76 0.24
7.4e-05 -3.76 0.24
7.404e-05 -3.92 0.08
7.408e-05 -3.92 0.08
7.412e-05 -4 0.08
7.416e-05 -4.16 0.08
7.42e-05 -4.24 0
7.424e-05 -4.24 0
7.428e-05 -4.4 0
7.432e-05 -4.4 0
7.436e-05 -4.48 -0.16
7.44e-05 -4.56 -0.16
7.444e-05 -4.56 -0.24
7.448e-05 -4.72 -0.24
7.452e-05 -4.72 -0.24
7.456e-05 -4.8 -0.32
7.46e-05 -4.88 -0.32
7.464e-05 -4.88 -0.32
7.468e-05 -4.88 -0.4
7.472e-05 -5.04 -0.4
7.476e-05 -5.12 -0.4
7.48e-05 -5.12 -0.48
7.484e-05 -5.2 -0.48
7.488e-05 -5.2 -0.48
7.492e-05 -5.2 -0.64
7.496e-05 -5.36 -0.64
7.5e-05 -5.36 -0.64
7.504e-05 -5.44 -0.64
7.508e-05 -5.44 -0.64
7.512e-05 -5.52 -0.8
7.516e-05 -5.52 -0.72
7.52e-05 -5.52 -0.72
7.524e-05 -5.68 -0.8
7.528e-05 -5.68 -0.88
7.532e-05 -5.68 -0.88
7.536e-05 -5.76 -0.88
7.54e-05 -5.76 -0.88
7.544e-05 -5.76 -0.96
7.548e-05 -5.84 -0.96
7.552e-05 -5.84 -0.96
7.556e-05 -5.84 -1.04
7.56e-05 -5.84 -1.04
7.564e-05 -5.92 -1.04
7.568e-05 -6 -1.12
7.572e-05 -5.84 -1.12
7.576e-05 -6 -1.12
7.58e-05 -6.08 -1.28
7.584e-05 -6 -1.2
7.588e-05 -6 -1.28
7.592e-05 -6 -1.2
7.596e-05 -6.08 -1.28
7.6e-05 -6.08 -1.36
7.604e-05 -6 -1.28
7.608e-05 -6.08 -1.36
7.612e-05 -6.08 -1.36
7.616e-05 -6.08 -1.44
7.62e-05 -6.08 -1.36
7.624e-05 -6.08 -1.44
7.628e-05 -6.08 -1.36
7.632e-05 -6.08 -1.52
7.636e-05 -6.08 -1.52
7.64e-05 -6.08 -1.52
7.644e-05 -6.08 -1.52
7.648e-05 -6.08 -1.52
7.652e-05 -6 -1.6
7.656e-05 -6 -1.6
7.66e-05 -6 -1.6
7.664e-05 -6 -1.6
7.668e-05 -6 -1.6
7.672e-05 -6 -1.68
7.676e-05 -5.84 -1.68
7.68e-05 -5.84 -1.68
7.684e-05 -5.84 -1.68
7.688e-05 -5.84 -1.76
7.692e-05 -5.76 -1.76
7.696e-05 -5.76 -1.68
7.7e-05 -5.68 -1.68
7.704e-05 -5.68 -1.76
7.708e-05 -5.68 -1.76
7.712e-05 -5.52 -1.84
7.716e-05 -5.52 -1.76
7.72e-05 -5.52 -1.84
7.724e-05 -5.52 -1.92
7.728e-05 -5.52 -1.84
7.732e-05 -5.44 -1.84
7.736e-05 -5.36 -1.84
7.74e-05 -5.36 -1.92
7.744e-05 -5.2 -1.84
7.748e-05 -5.2 -1.92
7.752e-05 -5.2 -1.84
7.756e-05 -5.12 -1.92
7.76e-05 -5.12 -1.92
7.764e-05 -5.04 -1.92
7.768e-05 -4.88 -1.92
7.772e-05 -4.88 -1.92
7.776e-05 -4.8 -1.92
7.78e-05 -4.72 -2
7.784e-05 -4.72 -1.92
7.788e-05 -4.56 -1.92
7.792e-05 -4.56 -1.92
7.796e-05 -4.56 -2
7.8e-05 -4.4 -1.92
7.804e-05 -4.4 -1.92
7.808e-05 -4.24 -2
7.812e-05 -4.24 -2
7.816e-05 -4.16 -2
7.82e-05 -4.08 -1.84
7.824e-05 -4.08 -1.92
7.828e-05 -3.92 -1.92
7.832e-05 -3.84 -1.92
7.836e-05 -3.76 -1.92
7.84e-05 -3.76 -1.92
7.844e-05 -3.68 -1.92
7.848e-05 -3.6 -2
7.852e-05 -3.52 -1.92
7.856e-05 -3.44 -1.92
7.86e-05 -3.28 -1.84
7.864e-05 -3.2 -1.92
7.868e-05 -3.12 -1.92
7.872e-05 -2.96 -1.92
7.876e-05 -2.96 -1.84
7.88e-05 -2.88 -1.84
7.884e-05 -2.8 -1.84
7.888e-05 -2.64 -1.92
7.892e-05 -2.64 -1.84
7.896e-05 -2.48 -1.76
7.9e-05 -2.4 -1.84
7.904e-05 -2.32 -1.84
7.908e-05 -2.24 -1.76
7.912e-05 -2.24 -1.76
7.916e-05 -2 -1.76
7.92e-05 -1.92 -1.76
7.924e-05 -1.92 -1.76
7.928e-05 -1.76 -1.68
7.932e-05 -1.6 -1.68
7.936e-05 -1.6 -1.68
7.94e-05 -1.52 -1.76
7.944e-05 -1.36 -1.68
7.948e-05 -1.28 -1.68
7.952e-05 -1.2 -1.68
7.956e-05 -1.04 -1.68
7.96e-05 -1.04 -1.6
7.964e-05 -0.88 -1.52
7.968e-05 -0.88 -1.6
7.972e-05 -0.72 -1.6
7.976e-05 -0.56 -1.52
7.98e-05 -0.48 -1.44
7.984e-05 -0.4 -1.52
7.988e-05 -0.32 -1.44
7.992e-05 -0.16 -1.44
7.996e-05 0 -1.44
8e-05 0.08 -1.36
8.004e-05 0.16 -1.44
8.008e-05 0.32 -1.36
8.012e-05 0.4 -1.28
8.016e-05 0.48 -1.36
8.02e-05 0.64 -1.28
8.024e-05 0.72 -1.36
8.028e-05 0.8 -1.28
8.032e-05 0.96 -1.28
8.036e-05 0.96 -1.2
8.04e-05 1.04 -1.2
8.044e-05 1.12 -1.2
8.048e-05 1.28 -1.12
8.052e-05 1.36 -1.04
8.056e-05 1.44 -1.04
8.06e-05 1.6 -1.04
8.064e-05 1.6 -1.04
8.068e-05 1.76 -0.96
8.072e-05 1.76 -1.04
8.076e-05 1.92 -0.96
8.08e-05 2 -0.88
8.084e-05 2.08 -0.88
8.088e-05 2.24 -0.88
8.092e-05 2.32 -0.88
8.096e-05 2.4 -0.8
8.1e-05 2.48 -0.8
8.104e-05 2.56 -0.72
8.108e-05 2.64 -0.72
8.112e-05 2.8 -0.64
8.116e-05 2.88 -0.72
8.12e-05 2.88 -0.64
8.124e-05 2.96 -0.56
8.128e-05 3.04 -0.64
8.132e-05 3.2 -0.56
8.136e-05 3.28 -0.48
8.14e-05 3.36 -0.48
8.144e-05 3.44 -0.4
8.148e-05 3.52 -0.48
8.152e-05 3.52 -0.32
8.156e-05 3.68 -0.4
8.16e-05 3.76 -0.32
8.164e-05 3.84 -0.32
8.168e-05 3.92 -0.32
8.172e-05 3.92 -0.24
8.176e-05 4 -0.24
8.18e-05 4.16 -0.24
8.184e-05 4.24 -0.16
8.188e-05 4.24 0
8.192e-05 4.32 0
8.196e-05 4.4 0
8.2e-05 4.48 0
8.204e-05 4.56 0.08
8.208e-05 4.64 0.08
8.212e-05 4.64 0.08
8.216e-05 4.72 0.08
8.22e-05 4.8 0.16
8.224e-05 4.8 0.16
8.228e-05 4.88 0.32
8.232e-05 4.96 0.24
8.236e-05 5.04 0.32
8.24e-05 5.04 0.32
8.244e-05 5.12 0.32
8.248e-05 5.12 0.4
8.252e-05 5.2 0.32
8.256e-05 5.28 0.4
8.26e-05 5.28 0.48
8.264e-05 5.36 0.48
8.268e-05 5.44 0.56
8.272e-05 5.44 0.56
8.276e-05 5.44 0.64
8.28e-05 5.52 0.56
8.284e-05 5.52 0.72
8.288e-05 5.6 0.64
8.292e-05 5.6 0.72
8.296e-05 5.6 0.72
8.3e-05 5.6 0.8
8.304e-05 5.76 0.72
8.308e-05 5.76 0.8
8.312e-05 5.76 0.8
8.316e-05 5.76 0.96
8.32e-05 5.76 0.88
8.324e-05 5.84 0.88
8.328e-05 5.84 0.96
8.332e-05 5.92 0.96
8.336e-05 5.92 1.04
8.34e-05 5.92 0.96
8.344e-05 5.92 1.04
8.348e-05 5.92 1.04
8.352e-05 5.92 1.12
8.356e-05 5.92 1.12
8.36e-05 5.92 1.12
8.364e-05 5.92 1.12
8.368e-05 5.92 1.12
8.372e-05 5.92 1.2
8.376e-05 6 1.2
8.38e-05 5.92 1.28
8.384e-05 6 1.28
8.388e-05 6 1.36
8.392e-05 5.92 1.28
8.396e-05 5.92 1.36
8.4e-05 5.92 1.36
8.404e-05 5.92 1.36
8.408e-05 5.92 1.44
8.412e-05 5.92 1.36
8.416e-05 5.84 1.44
8.42e-05 5.84 1.44
8.424e-05 5.84 1.44
8.428e-05 5.84 1.44
8.432e-05 5.84 1.44
8.436e-05 5.84 1.44
8.44e-05 5.76 1.6
8.444e-05 5.76 1.6
8.448e-05 5.76 1.52
8.452e-05 5.6 1.52
8.456e-05 5.6 1.6
8.46e-05 5.6 1.6
8.464e-05 5.52 1.6
8.468e-05 5.52 1.6
8.472e-05 5.52 1.68
8.476e-05 5.44 1.6
8.48e-05 5.44 1.6
8.484e-05 5.44 1.6
8.488e-05 5.28 1.68
8.492e-05 5.28 1.68
8.496e-05 5.2 1.68
8.5e-05 5.2 1.68
8.504e-05 5.12 1.68
8.508e-05 5.12 1.68
8.512e-05 5.12 1.76
8.516e-05 4.96 1.68
8.52e-05 4.88 1.68
8.524e-05 4.88 1.68
8.528e-05 4.8 1.76
8.532e-05 4.8 1.76
8.536e-05 4.72 1.68
8.54e-05 4.64 1.76
8.544e-05 4.56 1.76
8.548e-05 4.48 1.76
8.552e-05 4.48 1.76
8.556e-05 4.32 1.84
8.56e-05 4.32 1.84
8.564e-05 4.24 1.76
8.568e-05 4.16 1.76
8.572e-05 4.16 1.76
8.576e-05 4 1.76
8.58e-05 3.92 1.76
8.584e-05 3.84 1.76
8.588e-05 3.84 1.76
8.592e-05 3.68 1.68
8.596e-05 3.6 1.76
8.6e-05 3.6 1.76
8.604e-05 3.52 1.68
8.608e-05 3.36 1.68
8.612e-05 3.28 1.68
8.616e-05 3.28 1.76
8.62e-05 3.2 1.76
8.624e-05 3.04 1.68
8.628e-05 2.96 1.68
8.632e-05 2.88 1.68
8.636e-05 2.88 1.68
8.64e-05 2.72 1.68
8.644e-05 2.56 1.68
8.648e-05 2.56 1.6
8.652e-05 2.4 1.68
8.656e-05 2.4 1.68
8.66e-05 2.24 1.6
8.664e-05 2.16 1.6
8.668e-05 2.08 1.6
8.672e-05 2 1.68
8.676e-05 1.92 1.6
8.68e-05 1.76 1.6
8.684e-05 1.68 1.6
8.688e-05 1.6 1.6
8.692e-05 1.6 1.6
8.696e-05 1.36 1.44
8.7e-05 1.28 1.44
8.704e-05 1.2 1.52
8.708e-05 1.12 1.44
8.712e-05 1.04 1.44
8.716e-05 0.96 1.36
8.72e-05 0.8 1.36
8.724e-05 0.72 1.44
8.728e-05 0.64 1.36
8.732e-05 0.48 1.36
8.736e-05 0.4 1.36
8.74e-05 0.32 1.36
8.744e-05 0.32 1.28
8.748e-05 0.08 1.28
8.752e-05 0.08 1.28
8.756e-05 0 1.28
8.76e-05 -0.24 1.28
8.764e-05 -0.32 1.12
8.768e-05 -0.4 1.12
8.772e-05 -0.56 1.2
8.776e-05 -0.56 1.2
8.78e-05 -0.72 1.12
8.784e-05 -0.8 1.04
8.788e-05 -0.96 1.04
8.792e-05 -1.04 1.04
8.796e-05 -1.12 1.04
8.8e-05 -1.28 0.96
8.804e-05 -1.36 0.96
8.808e-05 -1.36 0.96
8.812e-05 -1.52 0.96
8.816e-05 -1.6 0.88
8.82e-05 -1.68 0.8
8.824e-05 -1.84 0.8
8.828e-05 -1.92 0.8
8.832e-05 -2 0.8
8.836e-05 -2 0.8
8.84e-05 -2.16 0.72
8.844e-05 -2.32 0.72
8.848e-05 -2.32 0.64
8.852e-05 -2.48 0.64
8.856e-05 -2.56 0.64
8.86e-05 -2.64 0.56
8.864e-05 -2.64 0.64
8.868e-05 -2.8 0.48
8.872e-05 -2.96 0.48
8.876e-05 -2.96 0.4
8.88e-05 -3.12 0.4
8.884e-05 -3.2 0.48
8.888e-05 -3.2 0.4
8.892e-05 -3.28 0.32
8.896e-05 -3.44 0.32
8.9e-05 -3.52 0.32
8.904e-05 -3.6 0.32
8.908e-05 -3.6 0.32
8.912e-05 -3.76 0.16
8.916e-05 -3.84 0.16
8.92e-05 -3.92 0.08
8.924e-05 -3.92 0.16
8.928e-05 -4.08 0.08
8.932e-05 -4.16 0.08
8.936e-05 -4.16 0
8.94e-05 -4.24 0
8.944e-05 -4.32 0
8.948e-05 -4.4 -0.16
8.952e-05 -4.48 0
8.956e-05 -4.56 -0.16
8.96e-05 -4.56 -0.24
8.964e-05 -4.72 -0.24
8.968e-05 -4.72 -0.24
8.972e-05 -4.8 -0.24
8.976e-05 -4.88 -0.32
8.98e-05 -4.88 -0.4
8.984e-05 -4.96 -0.4
8.988e-05 -5.04 -0.4
8.992e-05 -5.04 -0.4
8.996e-05 -5.12 -0.48
9e-05 -5.2 -0.56
9.004e-05 -5.2 -0.56
9.008e-05 -5.2 -0.48
9.012e-05 -5.36 -0.64
9.016e-05 -5.36 -0.64
9.02e-05 -5.44 -0.72
9.024e-05 -5.52 -0.64
9.028e-05 -5.44 -0.72
9.032e-05 -5.52 -0.72
9.036e-05 -5.52 -0.72
9.04e-05 -5.6 -0.8
9.044e-05 -5.68 -0.88
9.048e-05 -5.68 -0.88
9.052e-05 -5.76 -0.96
9.056e-05 -5.76 -0.96
9.06e-05 -5.76 -0.96
9.064e-05 -5.76 -0.96
9.068e-05 -5.84 -1.04
9.072e-05 -5.84 -1.04
9.076e-05 -5.84 -1.04
9.08e-05 -5.92 -1.04
9.084e-05 -6 -1.12
9.088e-05 -5.92 -1.2
9.092e-05 -6 -1.2
9.096e-05 -6 -1.2
9.1e-05 -6.08 -1.2
9.104e-05 -6 -1.28
9.108e-05 -6.08 -1.28
9.112e-05 -6.08 -1.28
9.116e-05 -6.08 -1.28
9.12e-05 -6.08 -1.36
9.124e-05 -6.08 -1.28
9.128e-05 -6.08 -1.36
9.132e-05 -6.08 -1.36
9.136e-05 -6.08 -1.36
9.14e-05 -6.08 -1.44
9.144e-05 -6.08 -1.44
9.148e-05 -6.08 -1.36
9.152e-05 -6.08 -1.52
9.156e-05 -6.08 -1.52
9.16e-05 -6 -1.6
9.164e-05 -6 -1.6
9.168e-05 -6 -1.52
9.172e-05 -6 -1.6
9.176e-05 -6 -1.68
9.18e-05 -6 -1.6
9.184e-05 -5.92 -1.6
9.188e-05 -5.84 -1.6
9.192e-05 -5.84 -1.68
9.196e-05 -5.84 -1.68
9.2e-05 -5.84 -1.68
9.204e-05 -5.76 -1.68
9.208e-05 -5.76 -1.68
9.212e-05 -5.76 -1.76
9.216e-05 -5.68 -1.68
9.22e-05 -5.68 -1.76
9.224e-05 -5.6 -1.84
9.228e-05 -5.6 -1.84
9.232e-05 -5.52 -1.84
9.236e-05 -5.52 -1.76
9.24e-05 -5.52 -1.84
9.244e-05 -5.44 -1.84
9.248e-05 -5.36 -1.92
9.252e-05 -5.36 -1.84
9.256e-05 -5.28 -1.84
9.26e-05 -5.2 -1.84
9.264e-05 -5.2 -1.92
9.268e-05 -5.12 -1.92
9.272e-05 -5.12 -1.84
9.276e-05 -5.04 -1.92
9.28e-05 -5.04 -1.92
9.284e-05 -4.88 -1.92
9.288e-05 -4.88 -1.92
9.292e-05 -4.8 -1.92
9.296e-05 -4.72 -2
9.3e-05 -4.72 -1.92
9.304e-05 -4.72 -1.92
9.308e-05 -4.56 -1.92
9.312e-05 -4.48 -1.92
9.316e-05 -4.4 -2
9.32e-05 -4.32 -1.92
9.324e-05 -4.32 -1.92
9.328e-05 -4.24 -1.92
9.332e-05 -4.16 -1.92
9.336e-05 -4.08 -2
9.34e-05 -3.92 -1.92
9.344e-05 -3.92 -1.92
9.348e-05 -3.84 -1.92
9.352e-05 -3.76 -2
9.356e-05 -3.68 -1.92
9.36e-05 -3.6 -1.92
9.364e-05 -3.52 -1.92
9.368e-05 -3.44 -1.84
9.372e-05 -3.44 -1.92
9.376e-05 -3.28 -1.92
9.38e-05 -3.2 -1.84
9.384e-05 -3.12 -1.92
9.388e-05 -3.04 -1.92
9.392e-05 -2.96 -1.92
9.396e-05 -2.88 -1.84
9.4e-05 -2.72 -1.92
9.404e-05 -2.64 -1.92
9.408e-05 -2.56 -1.84
9.412e-05 -2.48 -1.84
9.416e-05 -2.32 -1.76
9.42e-05 -2.32 -1.84
9.424e-05 -2.24 -1.76
9.428e-05 -2.16 -1.84
9.432e-05 -2 -1.76
9.436e-05 -1.92 -1.76
9.44e-05 -1.92 -1.84
9.444e-05 -1.68 -1.76
9.448e-05 -1.68 -1.68
9.452e-05 -1.6 -1.68
9.456e-05 -1.52 -1.68
9.46e-05 -1.36 -1.68
9.464e-05 -1.28 -1.68
9.468e-05 -1.2 -1.6
9.472e-05 -1.04 -1.6
9.476e-05 -1.04 -1.6
9.48e-05 -0.88 -1.6
9.484e-05 -0.72 -1.52
9.488e-05 -0.64 -1.6
9.492e-05 -0.56 -1.52
9.496e-05 -0.4 -1.52
9.5e-05 -0.4 -1.44
9.504e-05 -0.24 -1.44
9.508e-05 -0.24 -1.44
9.512e-05 0 -1.44
9.516e-05 0.08 -1.36
9.52e-05 0.16 -1.36
9.524e-05 0.32 -1.36
9.528e-05 0.4 -1.36
9.532e-05 0.48 -1.36
9.536e-05 0.64 -1.28
9.54e-05 0.64 -1.28
9.544e-05 0.8 -1.28
9.548e-05 0.96 -1.2
9.552e-05 0.96 -1.2
9.556e-05 1.12 -1.2
9.56e-05 1.2 -1.2
9.564e-05 1.28 -1.12
9.568e-05 1.36 -1.04
9.572e-05 1.52 -1.04
9.576e-05 1.6 -1.04
9.58e-05 1.68 -1.04
9.584e-05 1.76 -1.04
9.588e-05 1.84 -0.96
9.592e-05 1.92 -0.96
9.596e-05 2.08 -0.96
9.6e-05 2.08 -0.88
9.604e-05 2.24 -0.8
9.608e-05 2.32 -0.8
9.612e-05 2.4 -0.8
9.616e-05 2.56 -0.88
9.62e-05 2.56 -0.8
9.624e-05 2.72 -0.72
9.628e-05 2.88 -0.72
9.632e-05 2.88 -0.64
9.636e-05 2.96 -0.64
9.64e-05 3.04 -0.64
9.644e-05 3.2 -0.56
9.648e-05 3.2 -0.56
9.652e-05 3.28 -0.48
9.656e-05 3.36 -0.48
9.66e-05 3.52 -0.4
9.664e-05 3.52 -0.4
9.668e-05 3.6 -0.4
9.672e-05 3.68 -0.4
9.676e-05 3.76 -0.32
9.68e-05 3.84 -0.32
9.684e-05 3.92 -0.32
9.688e-05 3.92 -0.24
9.692e-05 4.08 -0.16
9.696e-05 4.16 -0.16
9.7e-05 4.16 0
9.704e-05 4.24 -0.16
9.708e-05 4.32 -0.16
9.712e-05 4.48 0
9.716e-05 4.48 0.08
9.72e-05 4.56 0
9.724e-05 4.64 0.08
9.728e-05 4.64 0.08
9.732e-05 4.72 0.16
9.736e-05 4.8 0.16
9.74e-05 4.88 0.16
9.744e-05 4.88 0.32
9.748e-05 4.96 0.24
9.752e-05 5.04 0.32
9.756e-05 5.12 0.32
9.76e-05 5.12 0.32
9.764e-05 5.12 0.4
9.768e-05 5.2 0.48
9.772e-05 5.28 0.4
9.776e-05 5.28 0.48
9.78e-05 5.28 0.48
9.784e-05 5.44 0.56
9.788e-05 5.44 0.48
9.792e-05 5.44 0.64
9.796e-05 5.52 0.64
9.8e-05 5.52 0.64
9.804e-05 5.6 0.72
9.808e-05 5.6 0.72
9.812e-05 5.6 0.72
9.816e-05 5.68 0.72
9.82e-05 5.76 0.8
9.824e-05 5.76 0.8
9.828e-05 5.76 0.8
9.832e-05 5.84 0.88
9.836e-05 5.84 0.88
9.84e-05 5.84 0.96
9.844e-05 5.84 0.96
9.848e-05 5.84 0.96
9.852e-05 5.84 1.04
9.856e-05 5.92 1.04
9.86e-05 5.92 1.04
9.864e-05 5.92 1.04
9.868e-05 5.92 1.12
9.872e-05 6.08 1.12
9.876e-05 5.92 1.12
9.88e-05 5.92 1.12
9.884e-05 6 1.12
9.888e-05 5.92 1.2
9.892e-05 5.92 1.28
9.896e-05 5.92 1.28
9.9e-05 5.92 1.28
9.904e-05 5.92 1.28
9.908e-05 5.92 1.36
9.912e-05 5.92 1.36
9.916e-05 5.92 1.36
9.92e-05 5.92 1.36
9.924e-05 5.92 1.36
9.928e-05 5.92 1.44
9.932e-05 5.92 1.36
9.936e-05 5.84 1.44
9.94e-05 5.84 1.44
9.944e-05 5.84 1.52
9.948e-05 5.76 1.52
9.952e-05 5.76 1.44
9.956e-05 5.76 1.52
9.96e-05 5.76 1.52
9.964e-05 5.76 1.6
9.968e-05 5.6 1.44
9.972e-05 5.6 1.52
9.976e-05 5.6 1.6
9.98e-05 5.52 1.6
9.984e-05 5.52 1.6
9.988e-05 5.52 1.6
9.992e-05 5.44 1.6
9.996e-05 5.44 1.68
0.0001 5.44 1.68
0.00010004 5.28 1.68
0.00010008 5.28 1.6
0.00010012 5.2 1.68
0.00010016 5.2 1.68
0.0001002 5.12 1.68
0.00010024 5.12 1.68
0.00010028 5.04 1.68
0.00010032 4.96 1.68
0.00010036 4.96 1.68
0.0001004 4.88 1.68
0.00010044 4.88 1.68
0.00010048 4.8 1.76
0.00010052 4.64 1.76
0.00010056 4.64 1.68
0.0001006 4.56 1.68
0.00010064 4.56 1.76
0.00010068 4.48 1.76
0.00010072 4.32 1.76
0.00010076 4.32 1.76
0.0001008 4.16 1.76
0.00010084 4.16 1.76
0.00010088 4.16 1.76
0.00010092 4 1.68
0.00010096 3.92 1.76
0.000101 3.84 1.68
0.00010104 3.76 1.76
0.00010108 3.68 1.68
0.00010112 3.6 1.76
0.00010116 3.52 1.76
0.0001012 3.52 1.76
0.00010124 3.36 1.68
0.00010128 3.28 1.76
0.00010132 3.2 1.68
0.00010136 3.12 1.76
0.0001014 3.04 1.76
0.00010144 2.96 1.68
0.00010148 2.88 1.68
0.00010152 2.8 1.68
0.00010156 2.72 1.68
0.0001016 2.56 1.68
0.00010164 2.48 1.68
0.00010168 2.4 1.68
0.00010172 2.32 1.68
0.00010176 2.24 1.68
0.0001018 2.08 1.6
0.00010184 2.08 1.6
0.00010188 2 1.6
0.00010192 1.92 1.6
0.00010196 1.76 1.6
0.000102 1.68 1.52
0.00010204 1.6 1.52
0.00010208 1.44 1.44
0.00010212 1.36 1.52
0.00010216 1.28 1.44
0.0001022 1.28 1.44
0.00010224 1.12 1.44
0.00010228 0.96 1.44
0.00010232 0.88 1.36
0.00010236 0.8 1.44
0.0001024 0.72 1.36
0.00010244 0.64 1.44
0.00010248 0.48 1.36
0.00010252 0.4 1.28
0.00010256 0.32 1.28
0.0001026 0.24 1.36
0.00010264 0.16 1.28
0.00010268 0 1.28
0.00010272 0 1.28
0.00010276 -0.24 1.28
0.0001028 -0.32 1.2
0.00010284 -0.4 1.12
0.00010288 -0.56 1.12
0.00010292 -0.64 1.12
0.00010296 -0.72 1.12
0.000103 -0.88 1.12
0.00010304 -0.96 1.04
0.00010308 -1.04 1.04
0.00010312 -1.2 0.96
0.00010316 -1.28 0.96
0.0001032 -1.28 0.96
0.00010324 -1.36 0.88
0.00010328 -1.52 0.96
0.00010332 -1.68 0.88
0.00010336 -1.76 0.88
0.0001034 -1.84 0.8
0.00010344 -1.92 0.8
0.00010348 -2 0.72
0.00010352 -2.08 0.8
0.00010356 -2.24 0.72
0.0001036 -2.32 0.64
0.00010364 -2.32 0.64
0.00010368 -2.48 0.72
0.00010372 -2.64 0.64
0.00010376 -2.64 0.56
0.0001038 -2.8 0.56
0.00010384 -2.88 0.48
0.00010388 -2.96 0.48
0.00010392 -3.04 0.48
0.00010396 -3.12 0.4
0.000104 -3.2 0.4
0.00010404 -3.28 0.4
0.00010408 -3.36 0.32
0.00010412 -3.44 0.32
0.00010416 -3.6 0.32
0.0001042 -3.6 0.32
0.00010424 -3.76 0.24
0.00010428 -3.76 0.16
0.00010432 -3.84 0.08
0.00010436 -3.92 0.24
0.0001044 -3.92 0.08
0.00010444 -4.08 0.08
0.00010448 -4.16 0
0.00010452 -4.24 0
0.00010456 -4.24 0.08
0.0001046 -4.4 0
0.00010464 -4.4 -0.16
0.00010468 -4.48 -0.16
0.00010472 -4.56 -0.16
0.00010476 -4.56 -0.16
0.0001048 -4.72 -0.24
0.00010484 -4.72 -0.32
0.00010488 -4.8 -0.32
0.00010492 -4.88 -0.32
0.00010496 -4.88 -0.32
0.000105 -4.88 -0.4
0.00010504 -5.04 -0.4
0.00010508 -5.04 -0.4
0.00010512 -5.2 -0.48
0.00010516 -5.2 -0.56
0.0001052 -5.2 -0.64
0.00010524 -5.36 -0.56
0.00010528 -5.36 -0.56
0.00010532 -5.44 -0.64
0.00010536 -5.44 -0.64
0.0001054 -5.44 -0.72
0.00010544 -5.52 -0.72
0.00010548 -5.52 -0.72
0.00010552 -5.52 -0.8
0.00010556 -5.6 -0.88
0.0001056 -5.68 -0.88
0.00010564 -5.68 -0.88
0.00010568 -5.76 -0.96
0.00010572 -5.76 -0.96
0.00010576 -5.76 -0.96
0.0001058 -5.84 -0.96
0.00010584 -5.84 -1.04
0.00010588 -5.84 -1.04
0.00010592 -5.84 -1.04
0.00010596 -5.92 -1.04
0.000106 -6 -1.12
0.00010604 -6 -1.12
0.00010608 -6 -1.2
0.00010612 -6 -1.2
0.00010616 -6 -1.2
0.0001062 -6.08 -1.2
0.00010624 -6.08 -1.28
0.00010628 -6.08 -1.28
0.00010632 -6.08 -1.36
0.00010636 -6.08 -1.28
0.0001064 -6.08 -1.28
0.00010644 -6.08 -1.44
0.00010648 -6.08 -1.36
0.00010652 -6.08 -1.36
0.00010656 -6.08 -1.36
0.0001066 -6.08 -1.52
0.00010664 -6.08 -1.52
0.00010668 -6.08 -1.52
0.00010672 -6 -1.52
0.00010676 -6 -1.52
0.0001068 -6 -1.6
0.00010684 -6 -1.52
0.00010688 -6 -1.6
0.00010692 -6 -1.6
0.00010696 -6 -1.6
0.000107 -6 -1.6
0.00010704 -5.84 -1.6
0.00010708 -5.84 -1.68
0.00010712 -5.84 -1.68
0.00010716 -5.76 -1.76
0.0001072 -5.76 -1.68
0.00010724 -5.76 -1.68
0.00010728 -5.76 -1.76
0.00010732 -5.68 -1.76
0.00010736 -5.68 -1.76
0.0001074 -5.68 -1.68
0.00010744 -5.52 -1.76
0.00010748 -5.52 -1.84
0.00010752 -5.44 -1.84
0.00010756 -5.44 -1.84
0.0001076 -5.44 -1.84
0.00010764 -5.36 -1.92
0.00010768 -5.36 -1.92
0.00010772 -5.2 -1.84
0.00010776 -5.2 -1.84
0.0001078 -5.2 -1.92
0.00010784 -5.12 -1.92
0.00010788 -5.04 -1.92
0.00010792 -5.04 -1.92
0.00010796 -4.96 -1.84
0.000108 -4.88 -1.92
0.00010804 -4.88 -1.92
0.00010808 -4.8 -1.92
0.00010812 -4.72 -1.92
0.00010816 -4.72 -1.92
0.0001082 -4.56 -2
0.00010824 -4.56 -1.92
0.00010828 -4.48 -1.92
0.00010832 -4.4 -1.92
0.00010836 -4.32 -2
0.0001084 -4.24 -1.92
0.00010844 -4.24 -2
0.00010848 -4.08 -1.92
0.00010852 -4.08 -2
0.00010856 -3.92 -1.92
0.0001086 -3.92 -2
0.00010864 -3.84 -1.84
0.00010868 -3.76 -1.92
0.00010872 -3.68 -1.92
0.00010876 -3.6 -1.92
0.0001088 -3.52 -1.84
0.00010884 -3.44 -1.92
0.00010888 -3.36 -2
0.00010892 -3.28 -1.92
0.00010896 -3.2 -1.84
0.000109 -3.12 -1.84
0.00010904 -2.96 -1.84
0.00010908 -2.96 -1.84
0.00010912 -2.88 -1.84
0.00010916 -2.64 -1.84
0.0001092 -2.64 -1.84
0.00010924 -2.56 -1.84
0.00010928 -2.48 -1.84
0.00010932 -2.4 -1.84
0.00010936 -2.32 -1.76
0.0001094 -2.24 -1.76
0.00010944 -2.16 -1.84
0.00010948 -2 -1.76
0.00010952 -1.92 -1.68
0.00010956 -1.84 -1.76
0.0001096 -1.76 -1.68
0.00010964 -1.6 -1.76
0.00010968 -1.52 -1.68
0.00010972 -1.52 -1.68
0.00010976 -1.36 -1.68
0.0001098 -1.2 -1.68
0.00010984 -1.2 -1.68
0.00010988 -1.04 -1.6
0.00010992 -1.04 -1.6
0.00010996 -0.88 -1.6
0.00011 -0.72 -1.6
0.00011004 -0.64 -1.52
0.00011008 -0.56 -1.52
0.00011012 -0.4 -1.52
0.00011016 -0.32 -1.52
0.0001102 -0.24 -1.52
0.00011024 0 -1.44
0.00011028 0.08 -1.36
0.00011032 0.16 -1.36
0.00011036 0.24 -1.36
0.0001104 0.32 -1.36
0.00011044 0.4 -1.36
0.00011048 0.48 -1.28
0.00011052 0.64 -1.28
0.00011056 0.72 -1.28
0.0001106 0.8 -1.2
0.00011064 0.96 -1.28
0.00011068 1.04 -1.28
0.00011072 1.12 -1.12
0.00011076 1.2 -1.12
0.0001108 1.28 -1.12
0.00011084 1.44 -1.04
0.00011088 1.52 -1.04
0.00011092 1.6 -1.04
0.00011096 1.68 -0.96
0.000111 1.76 -0.96
0.00011104 1.92 -1.04
0.00011108 2 -0.96
0.00011112 2.08 -0.88
0.00011116 2.16 -0.88
0.0001112 2.24 -0.88
0.00011124 2.32 -0.8
0.00011128 2.4 -0.8
0.00011132 2.56 -0.72
0.00011136 2.56 -0.8
0.0001114 2.72 -0.72
0.00011144 2.8 -0.64
0.00011148 2.88 -0.64
0.00011152 2.88 -0.64
0.00011156 3.04 -0.56
0.0001116 3.2 -0.56
0.00011164 3.2 -0.48
0.00011168 3.36 -0.48
0.00011172 3.44 -0.48
0.00011176 3.44 -0.48
0.0001118 3.52 -0.4
0.00011184 3.6 -0.4
0.00011188 3.68 -0.32
0.00011192 3.76 -0.4
0.00011196 3.84 -0.32
0.000112 3.92 -0.24
0.00011204 4 -0.24
0.00011208 4.08 -0.16
0.00011212 4.16 -0.24
0.00011216 4.24 0
0.0001122 4.24 0
0.00011224 4.32 0
0.00011228 4.4 0
0.00011232 4.48 0
0.00011236 4.56 0.08
0.0001124 4.64 0.08
0.00011244 4.64 0.08
0.00011248 4.8 0.16
0.00011252 4.8 0.16
0.00011256 4.88 0.24
0.0001126 4.96 0.24
0.00011264 4.96 0.32
0.00011268 5.12 0.24
0.00011272 5.12 0.32
0.00011276 5.12 0.32
0.0001128 5.12 0.4
0.00011284 5.2 0.4
0.00011288 5.28 0.48
0.00011292 5.36 0.4
0.00011296 5.36 0.48
0.000113 5.44 0.48
0.00011304 5.44 0.56
0.00011308 5.44 0.56
0.00011312 5.52 0.64
0.00011316 5.52 0.64
0.0001132 5.52 0.72
0.00011324 5.6 0.72
0.00011328 5.6 0.72
0.00011332 5.68 0.72
0.00011336 5.76 0.8
0.0001134 5.76 0.8
0.00011344 5.76 0.88
0.00011348 5.84 0.88
0.00011352 5.84 0.88
0.00011356 5.84 0.96
0.0001136 5.84 1.04
0.00011364 5.84 0.96
0.00011368 5.92 0.96
0.00011372 5.92 0.96
0.00011376 5.92 1.12
0.0001138 5.92 1.04
0.00011384 5.92 1.12
0.00011388 5.92 1.12
0.00011392 5.92 1.12
0.00011396 5.92 1.12
0.000114 5.92 1.12
0.00011404 5.92 1.2
0.00011408 5.92 1.28
0.00011412 6 1.28
0.00011416 6 1.28
0.0001142 5.92 1.28
0.00011424 5.92 1.28
0.00011428 6 1.36
0.00011432 5.92 1.36
0.00011436 5.92 1.28
0.0001144 5.84 1.36
0.00011444 5.92 1.44
0.00011448 5.92 1.44
0.00011452 5.84 1.44
0.00011456 5.84 1.36
0.0001146 5.76 1.44
0.00011464 5.84 1.44
0.00011468 5.76 1.52
0.00011472 5.76 1.52
0.00011476 5.68 1.6
0.0001148 5.6 1.44
0.00011484 5.6 1.6
0.00011488 5.52 1.6
0.00011492 5.6 1.6
0.00011496 5.52 1.6
0.000115 5.52 1.68
0.00011504 5.44 1.6
0.00011508 5.44 1.6
0.00011512 5.44 1.6
0.00011516 5.28 1.68
0.0001152 5.28 1.6
0.00011524 5.2 1.6
0.00011528 5.2 1.6
0.00011532 5.12 1.76
0.00011536 5.12 1.68
0.0001154 5.12 1.68
0.00011544 4.96 1.68
0.00011548 4.96 1.68
0.00011552 4.96 1.76
0.00011556 4.88 1.76
0.0001156 4.8 1.76
0.00011564 4.8 1.68
0.00011568 4.72 1.76
0.00011572 4.56 1.76
0.00011576 4.56 1.76
0.0001158 4.48 1.76
0.00011584 4.32 1.76
0.00011588 4.32 1.76
0.00011592 4.24 1.68
0.00011596 4.24 1.76
0.000116 4.08 1.76
0.00011604 4.08 1.76
0.00011608 3.92 1.84
0.00011612 3.92 1.68
0.00011616 3.84 1.76
0.0001162 3.84 1.76
0.00011624 3.68 1.76
0.00011628 3.6 1.76
0.00011632 3.52 1.76
0.00011636 3.36 1.68
0.0001164 3.36 1.76
0.00011644 3.28 1.76
0.00011648 3.2 1.68
0.00011652 3.04 1.68
0.00011656 3.04 1.76
0.0001166 2.88 1.68
0.00011664 2.88 1.68
0.00011668 2.72 1.68
0.00011672 2.64 1.68
0.00011676 2.56 1.68
0.0001168 2.56 1.68
0.00011684 2.4 1.6
0.00011688 2.32 1.6
0.00011692 2.24 1.6
0.00011696 2.08 1.6
0.000117 2 1.6
0.00011704 1.92 1.6
0.00011708 1.76 1.6
0.00011712 1.76 1.6
0.00011716 1.68 1.6
0.0001172 1.6 1.6
0.00011724 1.52 1.52
0.00011728 1.36 1.52
0.00011732 1.28 1.52
0.00011736 1.2 1.44
0.0001174 1.04 1.44
0.00011744 0.96 1.36
0.00011748 0.96 1.36
0.00011752 0.72 1.44
0.00011756 0.64 1.36
0.0001176 0.64 1.36
0.00011764 0.48 1.36
0.00011768 0.4 1.36
0.00011772 0.32 1.28
0.00011776 0.16 1.28
0.0001178 0.08 1.28
0.00011784 0 1.36
0.00011788 0 1.28
0.00011792 -0.32 1.2
0.00011796 -0.4 1.2
0.000118 -0.48 1.28
0.00011804 -0.56 1.12
0.00011808 -0.72 1.12
0.00011812 -0.72 1.04
0.00011816 -0.88 1.12
0.0001182 -1.04 1.04
0.00011824 -1.04 1.04
0.00011828 -1.2 0.96
0.00011832 -1.28 0.96
0.00011836 -1.36 0.96
0.0001184 -1.52 0.96
0.00011844 -1.6 0.88
0.00011848 -1.68 0.88
0.00011852 -1.76 0.88
0.00011856 -1.84 0.8
0.0001186 -1.92 0.8
0.00011864 -2.08 0.72
0.00011868 -2.16 0.72
0.00011872 -2.24 0.72
0.00011876 -2.32 0.64
0.0001188 -2.4 0.56
0.00011884 -2.56 0.64
0.00011888 -2.56 0.64
0.00011892 -2.64 0.64
0.00011896 -2.8 0.48
0.000119 -2.88 0.56
0.00011904 -2.96 0.48
0.00011908 -3.04 0.56
0.00011912 -3.12 0.4
0.00011916 -3.2 0.4
0.0001192 -3.28 0.4
0.00011924 -3.36 0.32
0.00011928 -3.44 0.32
0.00011932 -3.6 0.32
0.00011936 -3.6 0.16
0.0001194 -3.76 0.24
0.00011944 -3.84 0.16
0.00011948 -3.84 0.16
0.00011952 -3.92 0.16
0.00011956 -3.92 0.16
0.0001196 -4.08 0.08
0.00011964 -4.16 0
0.00011968 -4.24 0
0.00011972 -4.24 0
0.00011976 -4.4 0
0.0001198 -4.4 -0.16
0.00011984 -4.48 -0.24
0.00011988 -4.56 -0.24
0.00011992 -4.56 -0.24
0.00011996 -4.72 -0.24
0.00012 -4.72 -0.32
0.00012004 -4.8 -0.4
0.00012008 -4.88 -0.32
0.00012012 -4.88 -0.32
0.00012016 -4.96 -0.4
0.0001202 -5.04 -0.4
0.00012024 -5.12 -0.4
0.00012028 -5.12 -0.56
0.00012032 -5.2 -0.48
0.00012036 -5.2 -0.64
0.0001204 -5.28 -0.56
0.00012044 -5.36 -0.56
0.00012048 -5.44 -0.64
0.00012052 -5.36 -0.64
0.00012056 -5.44 -0.72
0.0001206 -5.52 -0.72
0.00012064 -5.52 -0.72
0.00012068 -5.52 -0.8
0.00012072 -5.6 -0.88
0.00012076 -5.68 -0.88
0.0001208 -5.68 -0.88
0.00012084 -5.76 -0.88
0.00012088 -5.76 -0.96
0.00012092 -5.76 -0.96
0.00012096 -5.76 -1.04
0.000121 -5.84 -0.96
0.00012104 -5.92 -1.04
0.00012108 -5.84 -1.04
0.00012112 -5.84 -1.04
0.00012116 -5.92 -1.04
0.0001212 -6 -1.12
0.00012124 -6 -1.2
0.00012128 -6 -1.2
0.00012132 -6 -1.2
0.00012136 -6 -1.2
0.0001214 -6.08 -1.28
0.00012144 -6.08 -1.2
0.00012148 -6 -1.28
0.00012152 -6.08 -1.36
0.00012156 -6.08 -1.36
0.0001216 -6.08 -1.36
0.00012164 -6.08 -1.36
0.00012168 -6.08 -1.36
0.00012172 -6.08 -1.44
0.00012176 -6.08 -1.36
0.0001218 -6.08 -1.52
0.00012184 -6.08 -1.52
0.00012188 -6.08 -1.52
0.00012192 -6 -1.52
0.00012196 -6.08 -1.6
0.000122 -6 -1.6
0.00012204 -6 -1.6
0.00012208 -6 -1.6
0.00012212 -6 -1.68
0.00012216 -5.84 -1.68
0.0001222 -5.92 -1.68
0.00012224 -5.84 -1.68
0.00012228 -5.84 -1.68
0.00012232 -5.84 -1.76
0.00012236 -5.76 -1.68
0.0001224 -5.76 -1.68
0.00012244 -5.68 -1.76
0.00012248 -5.68 -1.84
0.00012252 -5.68 -1.76
0.00012256 -5.52 -1.76
0.0001226 -5.52 -1.76
0.00012264 -5.52 -1.84
0.00012268 -5.52 -1.84
0.00012272 -5.52 -1.84
0.00012276 -5.36 -1.84
0.0001228 -5.36 -1.84
0.00012284 -5.28 -1.84
0.00012288 -5.28 -1.92
0.00012292 -5.2 -1.92
0.00012296 -5.2 -1.84
0.000123 -5.12 -1.84
0.00012304 -5.12 -1.84
0.00012308 -5.04 -1.92
0.00012312 -4.96 -1.92
0.00012316 -4.88 -1.92
0.0001232 -4.88 -1.92
0.00012324 -4.8 -1.92
0.00012328 -4.72 -1.92
0.00012332 -4.72 -1.92
0.00012336 -4.56 -1.92
0.0001234 -4.56 -1.92
0.00012344 -4.48 -1.92
0.00012348 -4.4 -1.92
0.00012352 -4.4 -1.92
0.00012356 -4.24 -1.92
0.0001236 -4.24 -2
0.00012364 -4.08 -1.92
0.00012368 -4.08 -1.84
0.00012372 -3.92 -1.92
0.00012376 -3.92 -1.92
0.0001238 -3.84 -2
0.00012384 -3.76 -1.92
0.00012388 -3.6 -1.92
0.00012392 -3.6 -2
0.00012396 -3.52 -1.92
0.000124 -3.44 -1.92
0.00012404 -3.28 -1.84
0.00012408 -3.28 -1.92
0.00012412 -3.2 -1.92
0.00012416 -3.12 -1.92
0.0001242 -2.96 -1.84
0.00012424 -2.88 -1.84
0.00012428 -2.8 -1.92
0.00012432 -2.72 -1.84
0.00012436 -2.64 -1.84
0.0001244 -2.56 -1.84
0.00012444 -2.4 -1.84
0.00012448 -2.4 -1.84
0.00012452 -2.32 -1.84
0.00012456 -2.16 -1.84
0.0001246 -2.08 -1.76
0.00012464 -2.08 -1.84
0.00012468 -1.84 -1.76
0.00012472 -1.84 -1.68
0.00012476 -1.68 -1.68
0.0001248 -1.6 -1.68
0.00012484 -1.52 -1.76
0.00012488 -1.36 -1.68
0.00012492 -1.28 -1.68
0.00012496 -1.2 -1.6
0.000125 -1.2 -1.68
0.00012504 -1.04 -1.6
0.00012508 -0.96 -1.6
0.00012512 -0.88 -1.6
0.00012516 -0.72 -1.6
0.0001252 -0.64 -1.52
0.00012524 -0.56 -1.52
0.00012528 -0.4 -1.44
0.00012532 -0.32 -1.52
0.00012536 -0.24 -1.44
0.0001254 0 -1.36
0.00012544 0 -1.36
0.00012548 0.16 -1.36
0.00012552 0.24 -1.36
0.00012556 0.32 -1.36
0.0001256 0.4 -1.28
0.00012564 0.48 -1.28
0.00012568 0.64 -1.28
0.00012572 0.72 -1.28
0.00012576 0.8 -1.28
0.0001258 0.96 -1.2
0.00012584 1.04 -1.2
0.00012588 1.12 -1.12
0.00012592 1.28 -1.12
0.00012596 1.28 -1.12
0.000126 1.44 -1.04
0.00012604 1.6 -1.04
0.00012608 1.6 -1.04
0.00012612 1.68 -0.96
0.00012616 1.76 -0.96
0.0001262 1.92 -0.96
0.00012624 2 -0.96
0.00012628 2.08 -0.88
0.00012632 2.16 -0.88
0.00012636 2.24 -0.88
0.0001264 2.32 -0.8
0.00012644 2.48 -0.8
0.00012648 2.56 -0.72
0.00012652 2.56 -0.64
0.00012656 2.72 -0.72
0.0001266 2.88 -0.64
0.00012664 2.88 -0.64
0.00012668 2.96 -0.56
0.00012672 3.04 -0.56
0.00012676 3.2 -0.64
0.0001268 3.28 -0.56
0.00012684 3.36 -0.48
0.00012688 3.52 -0.4
0.00012692 3.52 -0.48
0.00012696 3.52 -0.4
0.000127 3.6 -0.4
0.00012704 3.68 -0.32
0.00012708 3.84 -0.32
0.00012712 3.84 -0.32
0.00012716 3.92 -0.24
0.0001272 4 -0.24
0.00012724 4.16 -0.16
0.00012728 4.16 -0.24
0.00012732 4.24 -0.24
0.00012736 4.32 0
0.0001274 4.4 0
0.00012744 4.48 0
0.00012748 4.48 0
0.00012752 4.56 0
0.00012756 4.64 0.08
0.0001276 4.64 0.16
0.00012764 4.72 0.16
0.00012768 4.8 0.16
0.00012772 4.88 0.32
0.00012776 4.96 0.24
0.0001278 4.96 0.32
0.00012784 5.04 0.32
0.00012788 5.12 0.32
0.00012792 5.12 0.32
0.00012796 5.12 0.4
0.000128 5.2 0.4
0.00012804 5.2 0.4
0.00012808 5.28 0.48
0.00012812 5.44 0.48
0.00012816 5.44 0.48
0.0001282 5.44 0.56
0.00012824 5.52 0.64
0.00012828 5.52 0.72
0.00012832 5.6 0.64
0.00012836 5.6 0.64
0.0001284 5.6 0.72
0.00012844 5.68 0.8
0.00012848 5.68 0.8
0.00012852 5.76 0.72
0.00012856 5.76 0.8
0.0001286 5.76 0.88
0.00012864 5.76 0.88
0.00012868 5.84 0.88
0.00012872 5.84 0.88
0.00012876 5.84 1.04
0.0001288 5.84 0.96
0.00012884 5.84 0.96
0.00012888 5.92 1.04
0.00012892 5.92 1.04
0.00012896 5.92 1.12
0.000129 5.92 1.12
0.00012904 5.92 1.12
0.00012908 5.92 1.12
0.00012912 6 1.2
0.00012916 6 1.2
0.0001292 5.92 1.2
0.00012924 5.92 1.2
0.00012928 5.92 1.2
0.00012932 5.92 1.28
0.00012936 5.92 1.28
0.0001294 5.92 1.28
0.00012944 5.92 1.36
0.00012948 5.92 1.36
0.00012952 5.92 1.36
0.00012956 5.92 1.36
0.0001296 5.92 1.36
0.00012964 5.84 1.44
0.00012968 5.84 1.44
0.00012972 5.84 1.44
0.00012976 5.76 1.44
0.0001298 5.84 1.44
0.00012984 5.76 1.6
0.00012988 5.76 1.52
0.00012992 5.76 1.52
0.00012996 5.76 1.52
0.00013 5.6 1.6
0.00013004 5.6 1.6
0.00013008 5.52 1.6
0.00013012 5.52 1.6
0.00013016 5.52 1.6
0.0001302 5.44 1.68
0.00013024 5.44 1.68
0.00013028 5.44 1.68
0.00013032 5.28 1.68
0.00013036 5.28 1.6
0.0001304 5.2 1.68
0.00013044 5.2 1.68
0.00013048 5.12 1.68
0.00013052 5.12 1.68
0.00013056 5.12 1.76
0.0001306 4.96 1.68
0.00013064 4.88 1.68
0.00013068 4.88 1.68
0.00013072 4.8 1.76
0.00013076 4.8 1.76
0.0001308 4.72 1.68
0.00013084 4.64 1.68
0.00013088 4.56 1.76
0.00013092 4.56 1.76
0.00013096 4.48 1.76
0.000131 4.4 1.68
0.00013104 4.32 1.76
0.00013108 4.24 1.76
0.00013112 4.16 1.76
0.00013116 4.16 1.68
0.0001312 4 1.76
0.00013124 4 1.76
0.00013128 3.92 1.76
0.00013132 3.84 1.68
0.00013136 3.84 1.68
0.0001314 3.68 1.76
0.00013144 3.6 1.76
0.00013148 3.52 1.68
0.00013152 3.44 1.68
0.00013156 3.36 1.76
0.0001316 3.28 1.76
0.00013164 3.2 1.76
0.00013168 3.04 1.68
0.00013172 2.96 1.68
0.00013176 2.88 1.6
0.0001318 2.88 1.68
0.00013184 2.64 1.68
0.00013188 2.64 1.68
0.00013192 2.56 1.6
0.00013196 2.48 1.68
0.000132 2.4 1.68
0.00013204 2.32 1.6
0.00013208 2.24 1.6
0.00013212 2.08 1.6
0.00013216 2.08 1.6
0.0001322 1.92 1.6
0.00013224 1.76 1.6
0.00013228 1.68 1.6
0.00013232 1.6 1.6
0.00013236 1.6 1.6
0.0001324 1.44 1.52
0.00013244 1.36 1.44
0.00013248 1.28 1.52
0.00013252 1.12 1.44
0.00013256 1.04 1.44
0.0001326 0.96 1.36
0.00013264 0.8 1.44
0.00013268 0.72 1.44
0.00013272 0.64 1.36
0.00013276 0.56 1.36
0.0001328 0.48 1.28
0.00013284 0.32 1.36
0.00013288 0.32 1.28
0.00013292 0.16 1.28
0.00013296 0.08 1.28
0.000133 0 1.28
0.00013304 -0.16 1.2
0.00013308 -0.32 1.2
0.00013312 -0.32 1.2
0.00013316 -0.4 1.12
0.0001332 -0.64 1.12
0.00013324 -0.72 1.12
0.00013328 -0.72 1.04
0.00013332 -0.88 1.04
0.00013336 -1.04 1.04
0.0001334 -1.12 1.04
0.00013344 -1.2 1.04
0.00013348 -1.28 0.96
0.00013352 -1.36 0.96
0.00013356 -1.52 0.96
0.0001336 -1.6 0.88
0.00013364 -1.68 0.8
0.00013368 -1.68 0.8
0.00013372 -1.84 0.8
0.00013376 -1.92 0.8
0.0001338 -2.08 0.72
0.00013384 -2.16 0.72
0.00013388 -2.32 0.72
0.00013392 -2.32 0.72
0.00013396 -2.48 0.72
0.000134 -2.56 0.64
0.00013404 -2.64 0.56
0.00013408 -2.72 0.64
0.00013412 -2.8 0.48
0.00013416 -2.88 0.48
0.0001342 -2.96 0.4
0.00013424 -3.12 0.48
0.00013428 -3.12 0.48
0.00013432 -3.2 0.32
0.00013436 -3.28 0.4
0.0001344 -3.44 0.32
0.00013444 -3.44 0.32
0.00013448 -3.6 0.32
0.00013452 -3.6 0.16
0.00013456 -3.76 0.24
0.0001346 -3.76 0.16
0.00013464 -3.84 0.24
0.00013468 -3.92 0.08
0.00013472 -4 0
0.00013476 -4.08 0.08
0.0001348 -4.16 0.08
0.00013484 -4.24 0
0.00013488 -4.24 0
0.00013492 -4.4 -0.16
0.00013496 -4.48 -0.16
0.000135 -4.48 -0.24
0.00013504 -4.56 -0.16
0.00013508 -4.64 -0.32
0.00013512 -4.72 -0.32
0.00013516 -4.72 -0.32
0.0001352 -4.88 -0.32
0.00013524 -4.88 -0.4
0.00013528 -5.04 -0.4
0.00013532 -5.04 -0.4
0.00013536 -5.12 -0.48
0.0001354 -5.12 -0.4
0.00013544 -5.12 -0.48
0.00013548 -5.2 -0.56
0.00013552 -5.2 -0.48
0.00013556 -5.36 -0.64
0.0001356 -5.36 -0.64
0.00013564 -5.36 -0.64
0.00013568 -5.44 -0.64
0.00013572 -5.44 -0.72
0.00013576 -5.52 -0.72
0.0001358 -5.52 -0.8
0.00013584 -5.52 -0.8
0.00013588 -5.6 -0.8
0.00013592 -5.68 -0.88
0.00013596 -5.68 -0.96
0.000136 -5.76 -0.88
0.00013604 -5.76 -0.96
0.00013608 -5.76 -0.96
0.00013612 -5.84 -1.04
0.00013616 -5.84 -1.04
0.0001362 -5.84 -0.96
0.00013624 -5.84 -1.04
0.00013628 -5.92 -1.04
0.00013632 -6 -1.2
0.00013636 -6 -1.04
0.0001364 -6 -1.12
0.00013644 -6 -1.2
0.00013648 -6 -1.28
0.00013652 -6 -1.28
0.00013656 -6 -1.2
0.0001366 -6.08 -1.28
0.00013664 -6.08 -1.28
0.00013668 -6.08 -1.36
0.00013672 -6.08 -1.36
0.00013676 -6.08 -1.36
0.0001368 -6.08 -1.44
0.00013684 -6.08 -1.44
0.00013688 -6.08 -1.44
0.00013692 -6.08 -1.36
0.00013696 -6.08 -1.44
0.000137 -6.08 -1.52
0.00013704 -6.08 -1.52
0.00013708 -6.08 -1.52
0.00013712 -6 -1.52
0.00013716 -6 -1.68
0.0001372 -6 -1.68
0.00013724 -5.84 -1.6
0.00013728 -5.84 -1.6
0.00013732 -5.92 -1.6
0.00013736 -5.84 -1.68
0.0001374 -5.84 -1.68
0.00013744 -5.84 -1.68
0.00013748 -5.84 -1.68
0.00013752 -5.76 -1.68
0.00013756 -5.76 -1.76
0.0001376 -5.76 -1.76
0.00013764 -5.68 -1.76
0.00013768 -5.68 -1.76
0.00013772 -5.6 -1.84
0.00013776 -5.52 -1.84
0.0001378 -5.52 -1.84
0.00013784 -5.44 -1.84
0.00013788 -5.44 -1.84
0.00013792 -5.44 -1.84
0.00013796 -5.36 -1.84
0.000138 -5.36 -1.84
0.00013804 -5.2 -1.92
0.00013808 -5.2 -1.92
0.00013812 -5.2 -1.92
0.00013816 -5.12 -1.84
0.0001382 -5.04 -1.92
0.00013824 -5.04 -1.92
0.00013828 -4.88 -1.92
0.00013832 -4.88 -1.92
0.00013836 -4.8 -1.92
0.0001384 -4.8 -1.92
0.00013844 -4.72 -2
0.00013848 -4.72 -1.92
0.00013852 -4.56 -1.92
0.00013856 -4.56 -1.84
0.0001386 -4.48 -1.92
0.00013864 -4.4 -1.92
0.00013868 -4.32 -2
0.00013872 -4.24 -1.92
0.00013876 -4.16 -1.92
0.0001388 -4.08 -2
0.00013884 -3.92 -1.92
0.00013888 -3.92 -1.92
0.00013892 -3.84 -1.92
0.00013896 -3.76 -2
0.000139 -3.76 -1.92
0.00013904 -3.6 -1.92
0.00013908 -3.6 -1.92
0.00013912 -3.52 -1.92
0.00013916 -3.44 -1.92
0.0001392 -3.28 -1.84
0.00013924 -3.28 -1.84
0.00013928 -3.12 -1.92
0.00013932 -3.04 -1.84
0.00013936 -2.96 -1.92
0.0001394 -2.88 -1.84
0.00013944 -2.8 -1.92
0.00013948 -2.64 -1.84
0.00013952 -2.64 -1.84
0.00013956 -2.56 -1.84
0.0001396 -2.4 -1.84
0.00013964 -2.32 -1.84
0.00013968 -2.32 -1.76
0.00013972 -2.16 -1.84
0.00013976 -2 -1.76
0.0001398 -1.92 -1.76
0.00013984 -1.84 -1.76
0.00013988 -1.84 -1.76
0.00013992 -1.68 -1.68
0.00013996 -1.6 -1.68
0.00014 -1.52 -1.68
0.00014004 -1.36 -1.68
0.00014008 -1.36 -1.6
0.00014012 -1.2 -1.68
0.00014016 -1.04 -1.6
0.0001402 -1.04 -1.68
0.00014024 -0.96 -1.6
0.00014028 -0.88 -1.52
0.00014032 -0.64 -1.52
0.00014036 -0.64 -1.52
0.0001404 -0.48 -1.6
0.00014044 -0.4 -1.52
0.00014048 -0.32 -1.44
0.00014052 -0.24 -1.44
0.00014056 0 -1.44
0.0001406 0 -1.44
0.00014064 0.16 -1.36
0.00014068 0.32 -1.36
0.00014072 0.32 -1.36
0.00014076 0.4 -1.28
0.0001408 0.56 -1.28
0.00014084 0.64 -1.28
0.00014088 0.8 -1.28
0.00014092 0.8 -1.2
0.00014096 0.96 -1.2
0.000141 1.04 -1.12
0.00014104 1.12 -1.2
0.00014108 1.28 -1.12
0.00014112 1.36 -1.12
0.00014116 1.44 -1.04
0.0001412 1.6 -1.04
0.00014124 1.6 -1.04
0.00014128 1.76 -0.96
0.00014132 1.76 -0.96
0.00014136 1.92 -0.96
0.0001414 2 -0.88
0.00014144 2.08 -0.88
0.00014148 2.24 -0.8
0.00014152 2.32 -0.8
0.00014156 2.4 -0.88
0.0001416 2.48 -0.8
0.00014164 2.56 -0.8
0.00014168 2.64 -0.64
0.00014172 2.72 -0.72
0.00014176 2.88 -0.64
0.0001418 2.96 -0.72
0.00014184 3.04 -0.64
0.00014188 3.04 -0.56
0.00014192 3.2 -0.56
0.00014196 3.28 -0.56
0.000142 3.36 -0.48
0.00014204 3.44 -0.4
0.00014208 3.52 -0.4
0.00014212 3.52 -0.4
0.00014216 3.68 -0.4
0.0001422 3.76 -0.4
0.00014224 3.84 -0.24
0.00014228 3.92 -0.24
0.00014232 3.92 -0.32
0.00014236 4 -0.24
0.0001424 4.16 -0.16
0.00014244 4.16 0
0.00014248 4.24 -0.16
0.00014252 4.32 -0.16
0.00014256 4.32 0
0.0001426 4.48 0.08
0.00014264 4.48 0
0.00014268 4.64 0.08
0.00014272 4.64 0.08
0.00014276 4.72 0.16
0.0001428 4.8 0.16
0.00014284 4.8 0.16
0.00014288 4.88 0.16
0.00014292 4.96 0.24
0.00014296 4.96 0.24
0.000143 5.12 0.4
0.00014304 5.12 0.32
0.00014308 5.12 0.32
0.00014312 5.2 0.4
0.00014316 5.2 0.48
0.0001432 5.28 0.48
0.00014324 5.36 0.48
0.00014328 5.44 0.56
0.00014332 5.44 0.56
0.00014336 5.44 0.64
0.0001434 5.44 0.64
0.00014344 5.52 0.64
0.00014348 5.52 0.72
0.00014352 5.6 0.64
0.00014356 5.6 0.64
0.0001436 5.68 0.72
0.00014364 5.76 0.8
0.00014368 5.76 0.8
0.00014372 5.76 0.8
0.00014376 5.76 0.88
0.0001438 5.84 0.88
0.00014384 5.84 0.96
0.00014388 5.84 0.96
0.00014392 5.84 0.96
0.00014396 5.92 0.96
0.000144 5.92 1.04
0.00014404 5.92 1.04
0.00014408 5.92 1.04
0.00014412 5.92 1.04
0.00014416 5.92 1.12
0.0001442 5.92 1.12
0.00014424 5.92 1.12
0.00014428 6.08 1.12
0.00014432 5.92 1.2
0.00014436 5.92 1.2
0.0001444 5.92 1.2
0.00014444 5.92 1.28
0.00014448 6 1.28
0.00014452 5.92 1.36
0.00014456 6 1.36
0.0001446 5.92 1.36
0.00014464 5.92 1.28
0.00014468 5.92 1.36
0.00014472 5.92 1.44
0.00014476 5.84 1.36
0.0001448 5.92 1.36
0.00014484 5.84 1.44
0.00014488 5.84 1.52
0.00014492 5.84 1.52
0.00014496 5.76 1.52
0.000145 5.76 1.52
0.00014504 5.76 1.52
0.00014508 5.76 1.6
0.00014512 5.68 1.6
0.00014516 5.6 1.6
0.0001452 5.6 1.6
0.00014524 5.52 1.6
0.00014528 5.52 1.6
0.00014532 5.52 1.6
0.00014536 5.44 1.6
0.0001454 5.44 1.68
0.00014544 5.44 1.68
0.00014548 5.28 1.6
0.00014552 5.28 1.68
0.00014556 5.2 1.68
0.0001456 5.2 1.68
0.00014564 5.12 1.68
0.00014568 5.12 1.68
0.00014572 5.04 1.68
0.00014576 4.96 1.76
0.0001458 4.96 1.68
0.00014584 4.88 1.68
0.00014588 4.8 1.68
0.00014592 4.8 1.76
0.00014596 4.8 1.76
0.000146 4.64 1.68
0.00014604 4.56 1.76
0.00014608 4.48 1.68
0.00014612 4.48 1.76
0.00014616 4.32 1.76
0.0001462 4.24 1.76
0.00014624 4.24 1.76
0.00014628 4.16 1.76
0.00014632 4.16 1.76
0.00014636 4 1.68
0.0001464 3.92 1.68
0.00014644 3.84 1.76
0.00014648 3.84 1.76
0.00014652 3.68 1.76
0.00014656 3.6 1.68
0.0001466 3.52 1.76
0.00014664 3.52 1.68
0.00014668 3.52 1.76
0.00014672 3.36 1.76
0.00014676 3.28 1.68
0.0001468 3.2 1.76
0.00014684 3.04 1.68
0.00014688 3.04 1.68
0.00014692 2.96 1.68
0.00014696 2.88 1.68
0.000147 2.72 1.68
0.00014704 2.64 1.68
0.00014708 2.56 1.6
0.00014712 2.56 1.68
0.00014716 2.4 1.68
0.0001472 2.24 1.68
0.00014724 2.24 1.6
0.00014728 2.08 1.6
0.00014732 2 1.6
0.00014736 1.92 1.6
0.0001474 1.76 1.6
0.00014744 1.68 1.52
0.00014748 1.6 1.52
0.00014752 1.6 1.52
0.00014756 1.44 1.52
0.0001476 1.28 1.44
0.00014764 1.2 1.44
0.00014768 1.12 1.44
0.00014772 1.04 1.44
0.00014776 0.96 1.44
0.0001478 0.88 1.36
0.00014784 0.8 1.44
0.00014788 0.64 1.44
0.00014792 0.48 1.36
0.00014796 0.48 1.28
0.000148 0.32 1.28
0.00014804 0.16 1.28
0.00014808 0.16 1.28
0.00014812 0 1.28
0.00014816 0 1.2
0.0001482 -0.24 1.2
0.00014824 -0.32 1.28
0.00014828 -0.4 1.28
0.00014832 -0.56 1.12
0.00014836 -0.64 1.12
0.0001484 -0.72 1.12
0.00014844 -0.88 1.2
0.00014848 -0.96 1.04
0.00014852 -0.96 1.04
0.00014856 -1.04 0.96
0.0001486 -1.2 1.04
0.00014864 -1.28 0.96
0.00014868 -1.36 0.96
0.00014872 -1.52 0.96
0.00014876 -1.6 0.96
0.0001488 -1.68 0.88
0.00014884 -1.68 0.8
0.00014888 -1.84 0.8
0.00014892 -2 0.8
0.00014896 -2.08 0.8
0.000149 -2.24 0.72
0.00014904 -2.24 0.72
0.00014908 -2.32 0.72
0.00014912 -2.48 0.64
0.00014916 -2.56 0.64
0.0001492 -2.64 0.56
0.00014924 -2.72 0.48
0.00014928 -2.8 0.56
0.00014932 -2.88 0.48
0.00014936 -2.96 0.48
0.0001494 -3.12 0.4
0.00014944 -3.12 0.4
0.00014948 -3.2 0.48
0.00014952 -3.36 0.4
0.00014956 -3.44 0.32
0.0001496 -3.52 0.24
0.00014964 -3.6 0.32
0.00014968 -3.6 0.24
0.00014972 -3.76 0.24
0.00014976 -3.84 0.16
0.0001498 -3.92 0.16
0.00014984 -4 0.16
0.00014988 -4.08 0.08
0.00014992 -4.16 0
0.00014996 -4.16 0
0.00015 -4.24 0
0.00015004 -4.4 0
0.00015008 -4.4 -0.16
0.00015012 -4.48 -0.24
0.00015016 -4.48 -0.16
0.0001502 -4.56 -0.16
0.00015024 -4.64 -0.24
0.00015028 -4.72 -0.24
0.00015032 -4.8 -0.32
0.00015036 -4.8 -0.32
0.0001504 -4.88 -0.32
0.00015044 -4.88 -0.4
0.00015048 -5.04 -0.4
0.00015052 -5.12 -0.48
0.00015056 -5.12 -0.4
0.0001506 -5.2 -0.48
0.00015064 -5.2 -0.56
0.00015068 -5.2 -0.56
0.00015072 -5.36 -0.56
0.00015076 -5.36 -0.64
0.0001508 -5.44 -0.64
0.00015084 -5.44 -0.72
0.00015088 -5.52 -0.64
0.00015092 -5.52 -0.72
0.00015096 -5.6 -0.72
0.000151 -5.6 -0.8
0.00015104 -5.68 -0.8
0.00015108 -5.68 -0.88
0.00015112 -5.76 -0.88
0.00015116 -5.76 -0.96
0.0001512 -5.76 -0.96
0.00015124 -5.84 -0.96
0.00015128 -5.84 -0.96
0.00015132 -5.84 -1.04
0.00015136 -5.84 -1.04
0.0001514 -5.92 -1.04
0.00015144 -5.84 -1.04
0.00015148 -6 -1.12
0.00015152 -6 -1.12
0.00015156 -6 -1.2
0.0001516 -6 -1.2
0.00015164 -6 -1.2
0.00015168 -6 -1.28
0.00015172 -6.08 -1.28
0.00015176 -6.08 -1.28
0.0001518 -6.08 -1.28
0.00015184 -6.08 -1.36
0.00015188 -6.08 -1.36
0.00015192 -6.08 -1.36
0.00015196 -6.08 -1.36
0.000152 -6.08 -1.44
0.00015204 -6.08 -1.52
0.00015208 -6.08 -1.52
0.00015212 -6.08 -1.52
0.00015216 -6.08 -1.52
0.0001522 -6.08 -1.6
0.00015224 -6.08 -1.6
0.00015228 -6 -1.6
0.00015232 -6 -1.52
0.00015236 -6 -1.6
0.0001524 -6 -1.68
0.00015244 -5.92 -1.68
0.00015248 -5.92 -1.6
0.00015252 -5.84 -1.68
0.00015256 -5.84 -1.68
0.0001526 -5.84 -1.68
0.00015264 -5.84 -1.76
0.00015268 -5.76 -1.68
0.00015272 -5.76 -1.76
0.00015276 -5.68 -1.76
0.0001528 -5.68 -1.76
0.00015284 -5.68 -1.76
0.00015288 -5.52 -1.76
0.00015292 -5.52 -1.84
0.00015296 -5.52 -1.84
0.000153 -5.52 -1.84
0.00015304 -5.44 -1.84
0.00015308 -5.44 -1.84
0.00015312 -5.36 -1.92
0.00015316 -5.28 -1.84
0.0001532 -5.28 -1.92
0.00015324 -5.2 -1.84
0.00015328 -5.2 -1.92
0.00015332 -5.12 -1.92
0.00015336 -5.04 -1.92
0.0001534 -4.96 -1.92
0.00015344 -4.88 -1.92
0.00015348 -4.88 -1.92
0.00015352 -4.8 -1.92
0.00015356 -4.8 -1.92
0.0001536 -4.72 -1.92
0.00015364 -4.64 -1.92
0.00015368 -4.56 -1.92
0.00015372 -4.48 -1.92
0.00015376 -4.48 -1.92
0.0001538 -4.4 -2
0.00015384 -4.24 -2
0.00015388 -4.16 -2
0.00015392 -4.08 -1.92
0.00015396 -4.08 -2
0.000154 -3.92 -1.92
0.00015404 -3.92 -1.92
0.00015408 -3.92 -1.84
0.00015412 -3.76 -1.92
0.00015416 -3.68 -1.92
0.0001542 -3.6 -1.92
0.00015424 -3.52 -1.92
0.00015428 -3.44 -1.92
0.00015432 -3.44 -1.92
0.00015436 -3.28 -1.92
0.0001544 -3.2 -1.92
0.00015444 -3.12 -1.92
0.00015448 -2.96 -1.92
0.00015452 -2.96 -1.92
0.00015456 -2.88 -1.84
0.0001546 -2.8 -1.92
0.00015464 -2.64 -1.84
0.00015468 -2.56 -1.84
0.00015472 -2.48 -1.84
0.00015476 -2.4 -1.84
0.0001548 -2.32 -1.76
0.00015484 -2.24 -1.84
0.00015488 -2.16 -1.76
0.00015492 -2 -1.76
0.00015496 -1.92 -1.68
0.000155 -1.84 -1.76
0.00015504 -1.68 -1.76
0.00015508 -1.68 -1.76
0.00015512 -1.6 -1.68
0.00015516 -1.52 -1.68
0.0001552 -1.36 -1.68
0.00015524 -1.28 -1.68
0.00015528 -1.2 -1.6
0.00015532 -1.04 -1.52
0.00015536 -0.96 -1.6
0.0001554 -0.88 -1.6
0.00015544 -0.8 -1.6
0.00015548 -0.64 -1.52
0.00015552 -0.56 -1.52
0.00015556 -0.56 -1.52
0.0001556 -0.4 -1.52
0.00015564 -0.32 -1.44
0.00015568 -0.16 -1.36
0.00015572 0 -1.36
0.00015576 0.08 -1.44
0.0001558 0.16 -1.36
0.00015584 0.32 -1.36
0.00015588 0.32 -1.28
0.00015592 0.48 -1.36
0.00015596 0.64 -1.28
0.000156 0.72 -1.2
0.00015604 0.8 -1.28
0.00015608 0.88 -1.2
0.00015612 0.96 -1.2
0.00015616 1.04 -1.2
0.0001562 1.12 -1.12
0.00015624 1.28 -1.2
0.00015628 1.36 -1.12
0.00015632 1.44 -1.04
0.00015636 1.6 -1.04
0.0001564 1.68 -1.04
0.00015644 1.76 -1.04
0.00015648 1.92 -0.96
0.00015652 1.92 -0.96
0.00015656 2.08 -0.88
0.0001566 2.08 -0.88
0.00015664 2.24 -0.88
0.00015668 2.32 -0.88
0.00015672 2.4 -0.8
0.00015676 2.48 -0.8
0.0001568 2.56 -0.8
0.00015684 2.64 -0.72
0.00015688 2.88 -0.64
0.00015692 2.88 -0.64
0.00015696 2.88 -0.56
0.000157 3.04 -0.56
0.00015704 3.12 -0.56
0.00015708 3.2 -0.56
0.00015712 3.28 -0.56
0.00015716 3.36 -0.56
0.0001572 3.52 -0.48
0.00015724 3.52 -0.4
0.00015728 3.6 -0.4
0.00015732 3.68 -0.4
0.00015736 3.84 -0.4
0.0001574 3.84 -0.32
0.00015744 3.92 -0.24
0.00015748 4 -0.24
0.00015752 4 -0.24
0.00015756 4.16 -0.24
0.0001576 4.24 0
0.00015764 4.24 0
0.00015768 4.32 0
0.00015772 4.4 0
0.00015776 4.48 0
0.0001578 4.48 0.08
0.00015784 4.56 0.08
0.00015788 4.64 0.08
0.00015792 4.8 0.08
0.00015796 4.8 0.16
0.000158 4.88 0.16
0.00015804 4.88 0.24
0.00015808 4.96 0.32
0.00015812 5.04 0.32
0.00015816 5.12 0.32
0.0001582 5.04 0.32
0.00015824 5.12 0.4
0.00015828 5.2 0.4
0.00015832 5.28 0.48
0.00015836 5.28 0.48
0.0001584 5.44 0.48
0.00015844 5.44 0.48
0.00015848 5.44 0.56
0.00015852 5.44 0.56
0.00015856 5.44 0.64
0.0001586 5.6 0.64
0.00015864 5.52 0.64
0.00015868 5.6 0.72
0.00015872 5.6 0.72
0.00015876 5.76 0.72
0.0001588 5.76 0.8
0.00015884 5.76 0.8
0.00015888 5.76 0.8
0.00015892 5.76 0.88
0.00015896 5.84 0.88
0.000159 5.84 0.88
0.00015904 5.84 0.96
0.00015908 5.92 0.96
0.00015912 5.84 0.96
0.00015916 5.92 1.04
0.0001592 5.92 1.04
0.00015924 5.92 1.04
0.00015928 5.92 1.04
0.00015932 5.92 1.12
0.00015936 6 1.12
0.0001594 6 1.2
0.00015944 6 1.2
0.00015948 6 1.2
0.00015952 5.92 1.2
0.00015956 6 1.2
0.0001596 5.92 1.28
0.00015964 6.08 1.2
0.00015968 6 1.28
0.00015972 5.92 1.28
0.00015976 5.92 1.36
0.0001598 5.92 1.36
0.00015984 5.92 1.36
0.00015988 5.92 1.36
0.00015992 5.92 1.44
0.00015996 5.84 1.36
