0 0.16 -0.88
2e-08 0.16 -0.88
4e-08 0.16 -0.96
6e-08 0.32 -1.04
8e-08 0.32 -0.96
1e-07 0.32 -0.88
1.2e-07 0.4 -0.96
1.4e-07 0.48 -0.96
1.6e-07 0.48 -0.96
1.8e-07 0.64 -0.88
2e-07 0.64 -0.88
2.2e-07 0.72 -0.96
2.4e-07 0.72 -0.88
2.6e-07 0.8 -0.88
2.8e-07 0.96 -0.96
3e-07 0.96 -0.96
3.2e-07 0.96 -0.88
3.4e-07 1.04 -0.88
3.6e-07 1.12 -0.8
3.8e-07 1.2 -0.8
4e-07 1.28 -0.88
4.2e-07 1.28 -0.96
4.4e-07 1.28 -0.88
4.6e-07 1.36 -0.88
4.8e-07 1.36 -0.88
5e-07 1.44 -0.88
5.2e-07 1.6 -0.72
5.4e-07 1.6 -0.8
5.6e-07 1.68 -0.8
5.8e-07 1.68 -0.88
6e-07 1.76 -0.88
6.2e-07 1.76 -0.88
6.4e-07 1.92 -0.88
6.6e-07 1.92 -0.72
6.8e-07 1.92 -0.72
7e-07 2.08 -0.8
7.2e-07 2.08 -0.8
7.4e-07 2.16 -0.8
7.6e-07 2.24 -0.72
7.8e-07 2.24 -0.72
8e-07 2.32 -0.72
8.2e-07 2.32 -0.72
8.4e-07 2.4 -0.72
8.6e-07 2.48 -0.72
8.8e-07 2.56 -0.64
9e-07 2.56 -0.72
9.2e-07 2.64 -0.64
9.4e-07 2.64 -0.72
9.6e-07 2.64 -0.72
9.8e-07 2.72 -0.72
1e-06 2.88 -0.64
1.02e-06 2.88 -0.64
1.04e-06 2.88 -0.64
1.06e-06 2.96 -0.64
1.08e-06 3.04 -0.64
1.1e-06 3.04 -0.64
1.12e-06 3.04 -0.64
1.14e-06 3.2 -0.64
1.16e-06 3.2 -0.64
1.18e-06 3.2 -0.64
1.2e-06 3.28 -0.64
1.22e-06 3.36 -0.56
1.24e-06 3.36 -0.56
1.26e-06 3.36 -0.48
1.28e-06 3.52 -0.64
1.3e-06 3.52 -0.56
1.32e-06 3.52 -0.56
1.34e-06 3.6 -0.56
1.36e-06 3.68 -0.48
1.38e-06 3.68 -0.56
1.4e-06 3.84 -0.48
1.42e-06 3.84 -0.48
1.44e-06 3.84 -0.4
1.46e-06 3.84 -0.56
1.48e-06 3.92 -0.56
1.5e-06 4 -0.48
1.52e-06 4 -0.48
1.54e-06 4 -0.48
1.56e-06 4.16 -0.4
1.58e-06 4.16 -0.4
1.6e-06 4.16 -0.4
1.62e-06 4.24 -0.4
1.64e-06 4.24 -0.4
1.66e-06 4.32 -0.4
1.68e-06 4.32 -0.4
1.7e-06 4.4 -0.4
1.72e-06 4.48 -0.4
1.74e-06 4.48 -0.32
1.76e-06 4.48 -0.4
1.78e-06 4.56 -0.32
1.8e-06 4.56 -0.4
1.82e-06 4.64 -0.4
1.84e-06 4.64 -0.32
1.86e-06 4.64 -0.32
1.88e-06 4.64 -0.32
1.9e-06 4.8 -0.32
1.92e-06 4.8 -0.32
1.94e-06 4.88 -0.24
1.96e-06 4.88 -0.32
1.98e-06 4.88 -0.24
2e-06 4.88 -0.24
2.02e-06 4.96 -0.32
2.04e-06 4.96 -0.32
2.06e-06 4.96 -0.32
2.08e-06 5.12 -0.24
2.1e-06 5.12 -0.24
2.12e-06 5.12 -0.16
2.14e-06 5.12 -0.16
2.16e-06 5.2 -0.16
2.18e-06 5.2 -0.16
2.2e-06 5.2 -0.16
2.22e-06 5.2 -0.16
2.24e-06 5.2 -0.16
2.26e-06 5.28 -0.16
2.28e-06 5.28 0
2.3e-06 5.44 0
2.32e-06 5.44 -0.16
2.34e-06 5.44 -0.16
2.36e-06 5.44 -0.16
2.38e-06 5.44 0
2.4e-06 5.44 0
2.42e-06 5.44 0
2.44e-06 5.52 0
2.46e-06 5.52 0
2.48e-06 5.52 0
2.5e-06 5.52 0
2.52e-06 5.6 0
2.54e-06 5.6 0
2.56e-06 5.6 0
2.58e-06 5.6 0.08
2.6e-06 5.6 0.08
2.62e-06 5.76 0.08
2.64e-06 5.76 0.08
2.66e-06 5.76 0.08
2.68e-06 5.76 0.08
2.7e-06 5.76 0.08
2.72e-06 5.76 0.08
2.74e-06 5.76 0.08
2.76e-06 5.84 0.16
2.78e-06 5.84 0.16
2.8e-06 5.84 0.08
2.82e-06 5.84 0.16
2.84e-06 5.84 0.16
2.86e-06 5.92 0.24
2.88e-06 5.92 0.08
2.9e-06 5.92 0.16
2.92e-06 5.84 0.24
2.94e-06 5.92 0.24
2.96e-06 5.92 0.24
2.98e-06 5.92 0.16
3e-06 5.92 0.24
3.02e-06 5.92 0.32
3.04e-06 5.92 0.24
3.06e-06 5.92 0.32
3.08e-06 5.92 0.24
3.1e-06 5.92 0.24
3.12e-06 5.92 0.32
3.14e-06 6.08 0.32
3.16e-06 6 0.32
3.18e-06 6 0.24
3.2e-06 6.08 0.4
3.22e-06 5.92 0.32
3.24e-06 6.08 0.32
3.26e-06 6 0.32
3.28e-06 6.08 0.32
3.3e-06 5.92 0.32
3.32e-06 6 0.4
3.34e-06 5.92 0.4
3.36e-06 6 0.4
3.38e-06 6.08 0.4
3.4e-06 5.92 0.4
3.42e-06 6.08 0.4
3.44e-06 5.92 0.4
3.46e-06 6 0.4
3.48e-06 6 0.4
3.5e-06 6 0.48
3.52e-06 5.92 0.48
3.54e-06 6.08 0.4
3.56e-06 5.92 0.4
3.58e-06 5.92 0.48
3.6e-06 5.92 0.48
3.62e-06 5.92 0.48
3.64e-06 5.92 0.48
3.66e-06 5.92 0.48
3.68e-06 5.92 0.48
3.7e-06 5.92 0.48
3.72e-06 5.84 0.48
3.74e-06 5.92 0.48
3.76e-06 5.84 0.48
3.78e-06 5.92 0.56
3.8e-06 5.84 0.48
3.82e-06 5.84 0.48
3.84e-06 5.84 0.48
3.86e-06 5.76 0.64
3.88e-06 5.76 0.64
3.9e-06 5.76 0.64
3.92e-06 5.76 0.64
3.94e-06 5.76 0.56
3.96e-06 5.76 0.56
3.98e-06 5.76 0.64
4e-06 5.68 0.64
4.02e-06 5.76 0.56
4.04e-06 5.6 0.64
4.06e-06 5.6 0.64
4.08e-06 5.6 0.64
4.1e-06 5.6 0.72
4.12e-06 5.52 0.56
4.14e-06 5.52 0.64
4.16e-06 5.52 0.64
4.18e-06 5.44 0.64
4.2e-06 5.44 0.72
4.22e-06 5.44 0.64
4.24e-06 5.44 0.72
4.26e-06 5.44 0.72
4.28e-06 5.44 0.72
4.3e-06 5.28 0.64
4.32e-06 5.36 0.64
4.34e-06 5.28 0.72
4.36e-06 5.2 0.72
4.38e-06 5.2 0.72
4.4e-06 5.2 0.72
4.42e-06 5.2 0.72
4.44e-06 5.12 0.8
4.46e-06 5.12 0.8
4.48e-06 5.12 0.72
4.5e-06 5.12 0.72
4.52e-06 5.12 0.72
4.54e-06 4.96 0.72
4.56e-06 4.96 0.8
4.58e-06 4.88 0.72
4.6e-06 4.96 0.8
4.62e-06 4.88 0.72
4.64e-06 4.88 0.8
4.66e-06 4.8 0.8
4.68e-06 4.8 0.72
4.7e-06 4.8 0.72
4.72e-06 4.8 0.8
4.74e-06 4.72 0.8
4.76e-06 4.64 0.8
4.78e-06 4.64 0.88
4.8e-06 4.56 0.8
4.82e-06 4.48 0.8
4.84e-06 4.48 0.8
4.86e-06 4.48 0.72
4.88e-06 4.4 0.8
4.9e-06 4.32 0.8
4.92e-06 4.32 0.88
4.94e-06 4.24 0.8
4.96e-06 4.24 0.88
4.98e-06 4.24 0.8
5e-06 4.16 0.88
5.02e-06 4.16 0.8
5.04e-06 4.16 0.8
5.06e-06 4.08 0.8
5.08e-06 4 0.88
5.1e-06 4 0.88
5.12e-06 3.92 0.88
5.14e-06 3.92 0.88
5.16e-06 3.84 0.88
5.18e-06 3.84 0.8
5.2e-06 3.84 0.8
5.22e-06 3.68 0.88
5.24e-06 3.68 0.88
5.26e-06 3.6 0.8
5.28e-06 3.6 0.88
5.3e-06 3.52 0.96
5.32e-06 3.52 0.88
5.34e-06 3.44 0.88
5.36e-06 3.36 0.88
5.38e-06 3.36 0.88
5.4e-06 3.28 0.88
5.42e-06 3.28 0.96
5.44e-06 3.28 0.8
5.46e-06 3.2 0.96
5.48e-06 3.12 0.96
5.5e-06 3.04 0.88
5.52e-06 3.04 0.88
5.54e-06 2.96 0.88
5.56e-06 2.96 0.88
5.58e-06 2.88 0.8
5.6e-06 2.88 0.88
5.62e-06 2.72 0.96
5.64e-06 2.72 0.8
5.66e-06 2.64 0.88
5.68e-06 2.64 0.88
5.7e-06 2.56 0.88
5.72e-06 2.56 0.88
5.74e-06 2.4 0.8
5.76e-06 2.4 0.96
5.78e-06 2.4 0.88
5.8e-06 2.32 0.88
5.82e-06 2.24 0.88
5.84e-06 2.24 0.88
5.86e-06 2.24 0.96
5.88e-06 2.08 0.96
5.9e-06 2 0.88
5.92e-06 1.92 0.8
5.94e-06 1.92 0.8
5.96e-06 1.92 0.88
5.98e-06 1.76 0.88
6e-06 1.76 0.96
6.02e-06 1.76 0.88
6.04e-06 1.68 0.88
6.06e-06 1.6 0.88
6.08e-06 1.6 0.8
6.1e-06 1.6 0.8
6.12e-06 1.44 0.8
6.14e-06 1.36 0.88
6.16e-06 1.36 0.88
6.18e-06 1.28 0.88
6.2e-06 1.28 0.88
6.22e-06 1.12 0.8
6.24e-06 1.12 0.8
6.26e-06 1.04 0.88
6.28e-06 1.04 0.8
6.3e-06 0.96 0.88
6.32e-06 0.96 0.8
6.34e-06 0.8 0.88
6.36e-06 0.8 0.8
6.38e-06 0.72 0.88
6.4e-06 0.64 0.8
6.42e-06 0.64 0.8
6.44e-06 0.56 0.8
6.46e-06 0.48 0.8
6.48e-06 0.4 0.8
6.5e-06 0.4 0.72
6.52e-06 0.32 0.8
6.54e-06 0.32 0.8
6.56e-06 0.24 0.8
6.58e-06 0.16 0.8
6.6e-06 0.08 0.72
6.62e-06 0 0.8
6.64e-06 0 0.8
6.66e-06 -0.16 0.72
6.68e-06 -0.24 0.72
6.7e-06 -0.24 0.8
6.72e-06 -0.32 0.8
6.74e-06 -0.4 0.8
6.76e-06 -0.4 0.8
6.78e-06 -0.56 0.72
6.8e-06 -0.56 0.8
6.82e-06 -0.56 0.72
6.84e-06 -0.72 0.72
6.86e-06 -0.72 0.72
6.88e-06 -0.8 0.8
6.9e-06 -0.88 0.8
6.92e-06 -0.88 0.8
6.94e-06 -0.88 0.72
6.96e-06 -1.04 0.64
6.98e-06 -1.04 0.72
7e-06 -1.12 0.64
7.02e-06 -1.2 0.72
7.04e-06 -1.2 0.72
7.06e-06 -1.36 0.72
7.08e-06 -1.36 0.72
7.1e-06 -1.36 0.72
7.12e-06 -1.36 0.72
7.14e-06 -1.52 0.64
7.16e-06 -1.52 0.64
7.18e-06 -1.6 0.64
7.2e-06 -1.68 0.64
7.22e-06 -1.68 0.64
7.24e-06 -1.76 0.72
7.26e-06 -1.84 0.64
7.28e-06 -1.92 0.64
7.3e-06 -1.92 0.64
7.32e-06 -2 0.64
7.34e-06 -2 0.56
7.36e-06 -2.16 0.56
7.38e-06 -2.16 0.56
7.4e-06 -2.24 0.64
7.42e-06 -2.24 0.64
7.44e-06 -2.32 0.64
7.46e-06 -2.32 0.56
7.48e-06 -2.4 0.64
7.5e-06 -2.48 0.56
7.52e-06 -2.48 0.56
7.54e-06 -2.64 0.56
7.56e-06 -2.64 0.56
7.58e-06 -2.64 0.56
7.6e-06 -2.72 0.56
7.62e-06 -2.8 0.56
7.64e-06 -2.88 0.48
7.66e-06 -2.88 0.48
7.68e-06 -2.96 0.48
7.7e-06 -2.96 0.48
7.72e-06 -3.04 0.48
7.74e-06 -3.12 0.48
7.76e-06 -3.12 0.48
7.78e-06 -3.2 0.48
7.8e-06 -3.2 0.48
7.82e-06 -3.28 0.4
7.84e-06 -3.28 0.4
7.86e-06 -3.36 0.4
7.88e-06 -3.44 0.4
7.9e-06 -3.52 0.4
7.92e-06 -3.52 0.4
7.94e-06 -3.6 0.4
7.96e-06 -3.6 0.4
7.98e-06 -3.68 0.4
8e-06 -3.68 0.4
8.02e-06 -3.76 0.32
8.04e-06 -3.76 0.32
8.06e-06 -3.84 0.4
8.08e-06 -3.84 0.32
8.1e-06 -3.92 0.32
8.12e-06 -3.92 0.4
8.14e-06 -4 0.4
8.16e-06 -4.08 0.32
8.18e-06 -4.16 0.24
8.2e-06 -4.16 0.32
8.22e-06 -4.24 0.32
8.24e-06 -4.24 0.32
8.26e-06 -4.24 0.32
8.28e-06 -4.24 0.24
8.3e-06 -4.24 0.32
8.32e-06 -4.4 0.32
8.34e-06 -4.4 0.24
8.36e-06 -4.48 0.24
8.38e-06 -4.48 0.16
8.4e-06 -4.56 0.24
8.42e-06 -4.56 0.24
8.44e-06 -4.64 0.16
8.46e-06 -4.64 0.16
8.48e-06 -4.72 0.16
8.5e-06 -4.72 0.16
8.52e-06 -4.8 0.16
8.54e-06 -4.88 0.16
8.56e-06 -4.8 0.08
8.58e-06 -4.88 0.16
8.6e-06 -4.88 0.08
8.62e-06 -4.88 0.08
8.64e-06 -4.88 0.08
8.66e-06 -5.04 0.08
8.68e-06 -5.04 0.08
8.7e-06 -5.04 0.08
8.72e-06 -5.12 0.08
8.74e-06 -5.2 0.08
8.76e-06 -5.2 0
8.78e-06 -5.2 0
8.8e-06 -5.2 0
8.82e-06 -5.2 0.08
8.84e-06 -5.2 0
8.86e-06 -5.36 0
8.88e-06 -5.36 0
8.9e-06 -5.36 0
8.92e-06 -5.44 0
8.94e-06 -5.44 -0.16
8.96e-06 -5.44 -0.16
8.98e-06 -5.44 0
9e-06 -5.52 0
9.02e-06 -5.52 0
9.04e-06 -5.52 0
9.06e-06 -5.6 0
9.08e-06 -5.6 0
9.1e-06 -5.6 -0.16
9.12e-06 -5.68 -0.24
9.14e-06 -5.6 -0.16
9.16e-06 -5.68 -0.16
9.18e-06 -5.68 -0.16
9.2e-06 -5.68 -0.16
9.22e-06 -5.76 -0.16
9.24e-06 -5.68 -0.24
9.26e-06 -5.76 -0.32
9.28e-06 -5.76 -0.24
9.3e-06 -5.84 -0.24
9.32e-06 -5.84 -0.24
9.34e-06 -5.84 -0.24
9.36e-06 -5.84 -0.24
9.38e-06 -5.84 -0.24
9.4e-06 -5.84 -0.24
9.42e-06 -5.92 -0.24
9.44e-06 -5.92 -0.32
9.46e-06 -6 -0.32
9.48e-06 -5.92 -0.32
9.5e-06 -6 -0.32
9.52e-06 -6 -0.32
9.54e-06 -6 -0.32
9.56e-06 -5.92 -0.32
9.58e-06 -6 -0.32
9.6e-06 -6 -0.4
9.62e-06 -6.08 -0.4
9.64e-06 -6.08 -0.4
9.66e-06 -6.08 -0.4
9.68e-06 -6.08 -0.4
9.7e-06 -6.08 -0.4
9.72e-06 -6.16 -0.32
9.74e-06 -6.08 -0.4
9.76e-06 -6.08 -0.4
9.78e-06 -6.08 -0.4
9.8e-06 -6.08 -0.48
9.82e-06 -6.16 -0.4
9.84e-06 -6.08 -0.48
9.86e-06 -6.16 -0.48
9.88e-06 -6.08 -0.48
9.9e-06 -6.08 -0.48
9.92e-06 -6.08 -0.48
9.94e-06 -6.08 -0.48
9.96e-06 -6.08 -0.48
9.98e-06 -6.08 -0.56
1e-05 -6.16 -0.56
1.002e-05 -6.08 -0.56
1.004e-05 -6.08 -0.56
1.006e-05 -6.08 -0.48
1.008e-05 -6.16 -0.56
1.01e-05 -6.08 -0.64
1.012e-05 -6.08 -0.56
1.014e-05 -6.08 -0.56
1.016e-05 -6.08 -0.56
1.018e-05 -6.08 -0.64
1.02e-05 -6.08 -0.64
1.022e-05 -6.08 -0.56
1.024e-05 -6.08 -0.56
1.026e-05 -6 -0.56
1.028e-05 -6.08 -0.64
1.03e-05 -6 -0.64
1.032e-05 -6.08 -0.64
1.034e-05 -6 -0.72
1.036e-05 -6 -0.72
1.038e-05 -6 -0.72
1.04e-05 -6 -0.64
1.042e-05 -6 -0.64
1.044e-05 -6 -0.72
1.046e-05 -6 -0.64
1.048e-05 -5.84 -0.72
1.05e-05 -5.92 -0.72
1.052e-05 -5.84 -0.72
1.054e-05 -5.84 -0.72
1.056e-05 -5.84 -0.72
1.058e-05 -5.84 -0.72
1.06e-05 -5.84 -0.72
1.062e-05 -5.84 -0.72
1.064e-05 -5.84 -0.72
1.066e-05 -5.76 -0.8
1.068e-05 -5.76 -0.8
1.07e-05 -5.68 -0.8
1.072e-05 -5.68 -0.8
1.074e-05 -5.68 -0.8
1.076e-05 -5.68 -0.8
1.078e-05 -5.68 -0.8
1.08e-05 -5.6 -0.8
1.082e-05 -5.6 -0.8
1.084e-05 -5.52 -0.88
1.086e-05 -5.52 -0.88
1.088e-05 -5.52 -0.88
1.09e-05 -5.52 -0.8
1.092e-05 -5.52 -0.88
1.094e-05 -5.44 -0.88
1.096e-05 -5.52 -0.88
1.098e-05 -5.52 -0.88
1.1e-05 -5.36 -0.88
1.102e-05 -5.44 -0.88
1.104e-05 -5.36 -0.88
1.106e-05 -5.36 -0.88
1.108e-05 -5.2 -0.88
1.11e-05 -5.2 -0.88
1.112e-05 -5.2 -0.88
1.114e-05 -5.2 -0.88
1.116e-05 -5.2 -0.88
1.118e-05 -5.12 -0.88
1.12e-05 -5.12 -0.88
1.122e-05 -5.12 -0.96
1.124e-05 -5.04 -0.96
1.126e-05 -5.04 -0.96
1.128e-05 -5.04 -0.88
1.13e-05 -4.88 -0.88
1.132e-05 -4.88 -0.88
1.134e-05 -4.88 -0.96
1.136e-05 -4.8 -0.96
1.138e-05 -4.8 -0.88
1.14e-05 -4.8 -0.96
1.142e-05 -4.72 -0.96
1.144e-05 -4.8 -0.96
1.146e-05 -4.72 -0.96
1.148e-05 -4.56 -0.96
1.15e-05 -4.64 -0.96
1.152e-05 -4.56 -0.96
1.154e-05 -4.56 -0.96
1.156e-05 -4.48 -1.04
1.158e-05 -4.4 -1.04
1.16e-05 -4.4 -1.04
1.162e-05 -4.4 -0.96
1.164e-05 -4.32 -0.96
1.166e-05 -4.32 -0.96
1.168e-05 -4.24 -1.04
1.17e-05 -4.24 -0.96
1.172e-05 -4.24 -1.04
1.174e-05 -4.16 -1.04
1.176e-05 -4.08 -1.04
1.178e-05 -4 -1.04
1.18e-05 -3.92 -1.04
1.182e-05 -3.92 -0.96
1.184e-05 -3.92 -0.96
1.186e-05 -3.84 -0.96
1.188e-05 -3.84 -0.96
1.19e-05 -3.76 -1.04
1.192e-05 -3.76 -1.04
1.194e-05 -3.76 -1.04
1.196e-05 -3.6 -1.04
1.198e-05 -3.6 -1.04
1.2e-05 -3.52 -1.04
1.202e-05 -3.52 -1.04
1.204e-05 -3.44 -1.04
1.206e-05 -3.44 -1.04
1.208e-05 -3.36 -1.04
1.21e-05 -3.28 -1.04
1.212e-05 -3.28 -1.04
1.214e-05 -3.2 -1.04
1.216e-05 -3.2 -1.04
1.218e-05 -3.12 -1.04
1.22e-05 -3.12 -1.04
1.222e-05 -2.96 -0.96
1.224e-05 -2.96 -1.04
1.226e-05 -2.96 -1.04
1.228e-05 -2.8 -1.04
1.23e-05 -2.88 -1.04
1.232e-05 -2.8 -1.04
1.234e-05 -2.8 -1.04
1.236e-05 -2.64 -1.04
1.238e-05 -2.64 -1.04
1.24e-05 -2.56 -1.04
1.242e-05 -2.48 -1.04
1.244e-05 -2.48 -1.12
1.246e-05 -2.4 -1.04
1.248e-05 -2.4 -1.04
1.25e-05 -2.32 -1.04
1.252e-05 -2.24 -1.04
1.254e-05 -2.24 -1.04
1.256e-05 -2.16 -1.04
1.258e-05 -2.08 -1.04
1.26e-05 -2 -1.04
1.262e-05 -2 -1.04
1.264e-05 -1.92 -1.04
1.266e-05 -1.92 -1.04
1.268e-05 -1.84 -1.04
1.27e-05 -1.84 -0.96
1.272e-05 -1.68 -1.04
1.274e-05 -1.68 -1.04
1.276e-05 -1.6 -1.04
1.278e-05 -1.6 -1.04
1.28e-05 -1.52 -0.96
1.282e-05 -1.44 -1.04
1.284e-05 -1.36 -1.04
1.286e-05 -1.36 -1.04
1.288e-05 -1.28 -1.04
1.29e-05 -1.2 -0.96
1.292e-05 -1.2 -0.96
1.294e-05 -1.04 -0.96
1.296e-05 -1.04 -1.04
1.298e-05 -0.96 -1.04
1.3e-05 -0.96 -1.04
1.302e-05 -0.96 -1.04
1.304e-05 -0.88 -1.04
1.306e-05 -0.72 -0.96
1.308e-05 -0.72 -0.96
1.31e-05 -0.64 -0.96
1.312e-05 -0.64 -0.96
1.314e-05 -0.56 -1.04
1.316e-05 -0.56 -1.04
1.318e-05 -0.4 -0.96
1.32e-05 -0.4 -0.96
1.322e-05 -0.4 -0.96
1.324e-05 -0.32 -0.96
1.326e-05 -0.24 -0.96
1.328e-05 0 -0.96
1.33e-05 0 -0.88
1.332e-05 0 -1.04
1.334e-05 0.16 -0.96
1.336e-05 0.16 -0.96
1.338e-05 0.24 -0.88
1.34e-05 0.32 -0.96
1.342e-05 0.32 -0.96
1.344e-05 0.4 -0.96
1.346e-05 0.4 -0.88
1.348e-05 0.48 -0.88
1.35e-05 0.56 -0.88
1.352e-05 0.64 -0.96
1.354e-05 0.72 -0.96
1.356e-05 0.72 -0.96
1.358e-05 0.72 -0.88
1.36e-05 0.8 -0.96
1.362e-05 0.96 -0.88
1.364e-05 0.96 -0.88
1.366e-05 1.04 -0.88
1.368e-05 1.04 -0.88
1.37e-05 1.12 -0.88
1.372e-05 1.12 -0.96
1.374e-05 1.28 -0.88
1.376e-05 1.28 -0.8
1.378e-05 1.28 -0.8
1.38e-05 1.36 -0.8
1.382e-05 1.44 -0.8
1.384e-05 1.52 -0.88
1.386e-05 1.6 -0.88
1.388e-05 1.6 -0.8
1.39e-05 1.68 -0.8
1.392e-05 1.68 -0.8
1.394e-05 1.76 -0.72
1.396e-05 1.84 -0.8
1.398e-05 1.92 -0.72
1.4e-05 1.92 -0.8
1.402e-05 2 -0.8
1.404e-05 2 -0.72
1.406e-05 2.08 -0.8
1.408e-05 2.16 -0.72
1.41e-05 2.24 -0.8
1.412e-05 2.24 -0.72
1.414e-05 2.32 -0.72
1.416e-05 2.4 -0.64
1.418e-05 2.4 -0.72
1.42e-05 2.4 -0.72
1.422e-05 2.56 -0.72
1.424e-05 2.56 -0.72
1.426e-05 2.64 -0.72
1.428e-05 2.64 -0.72
1.43e-05 2.72 -0.64
1.432e-05 2.72 -0.64
1.434e-05 2.88 -0.64
1.436e-05 2.88 -0.64
1.438e-05 2.96 -0.64
1.44e-05 2.96 -0.64
1.442e-05 2.96 -0.64
1.444e-05 3.04 -0.64
1.446e-05 3.12 -0.64
1.448e-05 3.2 -0.64
1.45e-05 3.2 -0.64
1.452e-05 3.28 -0.56
1.454e-05 3.36 -0.56
1.456e-05 3.36 -0.64
1.458e-05 3.36 -0.56
1.46e-05 3.52 -0.56
1.462e-05 3.52 -0.56
1.464e-05 3.6 -0.56
1.466e-05 3.6 -0.56
1.468e-05 3.68 -0.48
1.47e-05 3.68 -0.48
1.472e-05 3.68 -0.48
1.474e-05 3.84 -0.56
1.476e-05 3.84 -0.48
1.478e-05 3.84 -0.56
1.48e-05 3.84 -0.48
1.482e-05 3.92 -0.4
1.484e-05 4 -0.48
1.486e-05 4 -0.4
1.488e-05 4.08 -0.48
1.49e-05 4.08 -0.4
1.492e-05 4.16 -0.4
1.494e-05 4.16 -0.4
1.496e-05 4.16 -0.4
1.498e-05 4.24 -0.4
1.5e-05 4.32 -0.4
1.502e-05 4.32 -0.4
1.504e-05 4.48 -0.4
1.506e-05 4.48 -0.32
1.508e-05 4.48 -0.32
1.51e-05 4.48 -0.4
1.512e-05 4.56 -0.4
1.514e-05 4.56 -0.4
1.516e-05 4.64 -0.32
1.518e-05 4.64 -0.32
1.52e-05 4.64 -0.32
1.522e-05 4.72 -0.32
1.524e-05 4.8 -0.32
1.526e-05 4.88 -0.32
1.528e-05 4.8 -0.32
1.53e-05 4.88 -0.32
1.532e-05 4.88 -0.32
1.534e-05 4.96 -0.32
1.536e-05 4.96 -0.24
1.538e-05 5.04 -0.24
1.54e-05 4.96 -0.16
1.542e-05 4.96 -0.24
1.544e-05 5.12 -0.24
1.546e-05 5.12 -0.24
1.548e-05 5.12 -0.16
1.55e-05 5.2 -0.16
1.552e-05 5.2 -0.24
1.554e-05 5.2 0
1.556e-05 5.28 -0.16
1.558e-05 5.28 0
1.56e-05 5.28 -0.16
1.562e-05 5.36 -0.16
1.564e-05 5.36 -0.16
1.566e-05 5.44 0
1.568e-05 5.44 -0.16
1.57e-05 5.44 0
1.572e-05 5.44 0
1.574e-05 5.52 0
1.576e-05 5.52 0
1.578e-05 5.52 0
1.58e-05 5.52 0
1.582e-05 5.52 0
1.584e-05 5.52 0
1.586e-05 5.6 0
1.588e-05 5.6 0
1.59e-05 5.6 0.08
1.592e-05 5.6 0.08
1.594e-05 5.6 0.08
1.596e-05 5.76 0.08
1.598e-05 5.76 0
1.6e-05 5.76 0
1.602e-05 5.76 0.08
1.604e-05 5.76 0.16
1.606e-05 5.76 0.08
1.608e-05 5.84 0.16
1.61e-05 5.76 0.16
1.612e-05 5.84 0.16
1.614e-05 5.84 0.16
1.616e-05 5.84 0.08
1.618e-05 5.84 0.16
1.62e-05 5.84 0.16
1.622e-05 5.84 0.16
1.624e-05 5.92 0.16
1.626e-05 5.84 0.24
1.628e-05 5.92 0.24
1.63e-05 5.92 0.24
1.632e-05 5.92 0.32
1.634e-05 5.92 0.24
1.636e-05 5.92 0.16
1.638e-05 5.92 0.24
1.64e-05 5.92 0.24
1.642e-05 6.08 0.32
1.644e-05 5.92 0.24
1.646e-05 6 0.32
1.648e-05 6 0.32
1.65e-05 6 0.32
1.652e-05 5.92 0.32
1.654e-05 6 0.24
1.656e-05 6.08 0.32
1.658e-05 6.08 0.32
1.66e-05 6 0.4
1.662e-05 6 0.4
1.664e-05 6.08 0.4
1.666e-05 6 0.32
1.668e-05 5.92 0.32
1.67e-05 6.08 0.4
1.672e-05 6 0.4
1.674e-05 5.92 0.4
1.676e-05 6 0.4
1.678e-05 6.08 0.4
1.68e-05 6 0.4
1.682e-05 5.92 0.48
1.684e-05 5.92 0.4
1.686e-05 5.92 0.4
1.688e-05 5.92 0.4
1.69e-05 5.92 0.48
1.692e-05 5.92 0.4
1.694e-05 5.92 0.48
1.696e-05 5.92 0.48
1.698e-05 5.92 0.48
1.7e-05 5.92 0.48
1.702e-05 5.92 0.48
1.704e-05 5.92 0.48
1.706e-05 5.92 0.48
1.708e-05 5.92 0.48
1.71e-05 5.84 0.56
1.712e-05 5.84 0.56
1.714e-05 5.84 0.56
1.716e-05 5.84 0.56
1.718e-05 5.84 0.64
1.72e-05 5.76 0.48
1.722e-05 5.76 0.56
1.724e-05 5.76 0.56
1.726e-05 5.76 0.56
1.728e-05 5.76 0.64
1.73e-05 5.68 0.64
1.732e-05 5.68 0.64
1.734e-05 5.68 0.64
1.736e-05 5.6 0.64
1.738e-05 5.6 0.64
1.74e-05 5.6 0.56
1.742e-05 5.52 0.64
1.744e-05 5.6 0.64
1.746e-05 5.52 0.64
1.748e-05 5.52 0.64
1.75e-05 5.52 0.72
1.752e-05 5.44 0.72
1.754e-05 5.52 0.64
1.756e-05 5.44 0.64
1.758e-05 5.44 0.64
1.76e-05 5.44 0.72
1.762e-05 5.44 0.56
1.764e-05 5.28 0.72
1.766e-05 5.28 0.72
1.768e-05 5.28 0.72
1.77e-05 5.2 0.72
1.772e-05 5.2 0.72
1.774e-05 5.2 0.72
1.776e-05 5.2 0.72
1.778e-05 5.12 0.72
1.78e-05 5.12 0.64
1.782e-05 5.12 0.72
1.784e-05 5.12 0.72
1.786e-05 5.04 0.8
1.788e-05 4.96 0.72
1.79e-05 5.04 0.72
1.792e-05 4.88 0.8
1.794e-05 4.88 0.8
1.796e-05 4.88 0.72
1.798e-05 4.88 0.8
1.8e-05 4.8 0.8
1.802e-05 4.8 0.8
1.804e-05 4.8 0.8
1.806e-05 4.64 0.8
1.808e-05 4.64 0.72
1.81e-05 4.64 0.8
1.812e-05 4.64 0.8
1.814e-05 4.56 0.8
1.816e-05 4.48 0.8
1.818e-05 4.48 0.88
1.82e-05 4.48 0.88
1.822e-05 4.4 0.8
1.824e-05 4.32 0.88
1.826e-05 4.32 0.8
1.828e-05 4.24 0.8
1.83e-05 4.24 0.8
1.832e-05 4.16 0.8
1.834e-05 4.16 0.88
1.836e-05 4.08 0.8
1.838e-05 4.08 0.88
1.84e-05 4 0.88
1.842e-05 4 0.88
1.844e-05 3.92 0.8
1.846e-05 3.92 0.8
1.848e-05 3.92 0.88
1.85e-05 3.84 0.88
1.852e-05 3.84 0.88
1.854e-05 3.76 0.8
1.856e-05 3.68 0.88
1.858e-05 3.68 0.96
1.86e-05 3.6 0.88
1.862e-05 3.6 0.88
1.864e-05 3.52 0.8
1.866e-05 3.52 0.88
1.868e-05 3.44 0.88
1.87e-05 3.36 0.88
1.872e-05 3.36 0.88
1.874e-05 3.36 0.96
1.876e-05 3.2 0.96
1.878e-05 3.2 0.88
1.88e-05 3.2 0.96
1.882e-05 3.04 0.8
1.884e-05 3.04 0.8
1.886e-05 3.04 0.88
1.888e-05 2.96 0.96
1.89e-05 2.96 0.88
1.892e-05 2.88 0.96
1.894e-05 2.8 0.88
1.896e-05 2.72 0.88
1.898e-05 2.72 0.88
1.9e-05 2.64 0.88
1.902e-05 2.56 0.88
1.904e-05 2.56 0.8
1.906e-05 2.56 0.88
1.908e-05 2.4 0.88
1.91e-05 2.4 0.88
1.912e-05 2.32 0.96
1.914e-05 2.24 0.8
1.916e-05 2.24 0.88
1.918e-05 2.24 0.88
1.92e-05 2.24 0.88
1.922e-05 2.08 0.8
1.924e-05 2 0.88
1.926e-05 2 0.96
1.928e-05 1.92 0.88
1.93e-05 1.92 0.88
1.932e-05 1.76 0.88
1.934e-05 1.76 0.88
1.936e-05 1.68 0.88
1.938e-05 1.6 0.8
1.94e-05 1.6 0.88
1.942e-05 1.52 0.88
1.944e-05 1.52 0.96
1.946e-05 1.44 0.88
1.948e-05 1.36 0.8
1.95e-05 1.28 0.8
1.952e-05 1.28 0.88
1.954e-05 1.28 0.8
1.956e-05 1.12 0.8
1.958e-05 1.12 0.88
1.96e-05 1.04 0.8
1.962e-05 0.96 0.88
1.964e-05 0.96 0.8
1.966e-05 0.88 0.88
1.968e-05 0.8 0.8
1.97e-05 0.8 0.8
1.972e-05 0.72 0.8
1.974e-05 0.72 0.88
1.976e-05 0.48 0.8
1.978e-05 0.48 0.8
1.98e-05 0.48 0.88
1.982e-05 0.4 0.8
1.984e-05 0.32 0.88
1.986e-05 0.32 0.8
1.988e-05 0.32 0.8
1.99e-05 0.16 0.8
1.992e-05 0.16 0.8
1.994e-05 0.08 0.8
1.996e-05 0.08 0.8
1.998e-05 0 0.8
2e-05 0 0.8
2.002e-05 -0.24 0.8
2.004e-05 -0.32 0.8
2.006e-05 -0.32 0.72
2.008e-05 -0.4 0.72
2.01e-05 -0.4 0.8
2.012e-05 -0.56 0.8
2.014e-05 -0.56 0.8
2.016e-05 -0.64 0.72
2.018e-05 -0.72 0.8
2.02e-05 -0.8 0.72
2.022e-05 -0.8 0.72
2.024e-05 -0.88 0.72
2.026e-05 -0.96 0.8
2.028e-05 -1.04 0.72
2.03e-05 -1.04 0.72
2.032e-05 -1.04 0.64
2.034e-05 -1.04 0.72
2.036e-05 -1.28 0.72
2.038e-05 -1.28 0.72
2.04e-05 -1.28 0.72
2.042e-05 -1.36 0.72
2.044e-05 -1.36 0.72
2.046e-05 -1.44 0.64
2.048e-05 -1.52 0.72
2.05e-05 -1.6 0.64
2.052e-05 -1.6 0.72
2.054e-05 -1.68 0.64
2.056e-05 -1.68 0.64
2.058e-05 -1.84 0.72
2.06e-05 -1.84 0.64
2.062e-05 -1.92 0.64
2.064e-05 -2 0.64
2.066e-05 -2 0.64
2.068e-05 -2 0.64
2.07e-05 -2.16 0.64
2.072e-05 -2.16 0.56
2.074e-05 -2.24 0.56
2.076e-05 -2.32 0.64
2.078e-05 -2.32 0.64
2.08e-05 -2.32 0.56
2.082e-05 -2.4 0.56
2.084e-05 -2.48 0.56
2.086e-05 -2.48 0.64
2.088e-05 -2.56 0.56
2.09e-05 -2.64 0.56
2.092e-05 -2.72 0.48
2.094e-05 -2.8 0.48
2.096e-05 -2.88 0.48
2.098e-05 -2.8 0.48
2.1e-05 -2.88 0.48
2.102e-05 -2.96 0.56
2.104e-05 -2.96 0.56
2.106e-05 -3.04 0.48
2.108e-05 -3.12 0.48
2.11e-05 -3.12 0.4
2.112e-05 -3.2 0.48
2.114e-05 -3.28 0.4
2.116e-05 -3.28 0.48
2.118e-05 -3.44 0.4
2.12e-05 -3.44 0.4
2.122e-05 -3.44 0.4
2.124e-05 -3.52 0.4
2.126e-05 -3.52 0.48
2.128e-05 -3.6 0.4
2.13e-05 -3.6 0.4
2.132e-05 -3.6 0.4
2.134e-05 -3.76 0.4
2.136e-05 -3.76 0.4
2.138e-05 -3.84 0.4
2.14e-05 -3.84 0.32
2.142e-05 -3.84 0.4
2.144e-05 -3.92 0.32
2.146e-05 -4 0.32
2.148e-05 -3.92 0.32
2.15e-05 -4.08 0.32
2.152e-05 -4.16 0.32
2.154e-05 -4.16 0.32
2.156e-05 -4.16 0.32
2.158e-05 -4.24 0.32
2.16e-05 -4.24 0.32
2.162e-05 -4.32 0.32
2.164e-05 -4.4 0.24
2.166e-05 -4.4 0.24
2.168e-05 -4.48 0.24
2.17e-05 -4.48 0.32
2.172e-05 -4.56 0.32
2.174e-05 -4.56 0.16
2.176e-05 -4.56 0.24
2.178e-05 -4.64 0.16
2.18e-05 -4.72 0.16
2.182e-05 -4.72 0.16
2.184e-05 -4.8 0.16
2.186e-05 -4.8 0.16
2.188e-05 -4.8 0.08
2.19e-05 -4.8 0.16
2.192e-05 -4.88 0.16
2.194e-05 -4.88 0.16
2.196e-05 -4.88 0.08
2.198e-05 -4.96 0.08
2.2e-05 -5.04 0.08
2.202e-05 -5.04 0.08
2.204e-05 -5.12 0.08
2.206e-05 -5.12 0
2.208e-05 -5.2 0.08
2.21e-05 -5.2 0.16
2.212e-05 -5.2 0.08
2.214e-05 -5.2 0.08
2.216e-05 -5.36 0
2.218e-05 -5.2 0
2.22e-05 -5.36 0
2.222e-05 -5.36 0
2.224e-05 -5.36 0
2.226e-05 -5.44 0
2.228e-05 -5.44 0
2.23e-05 -5.44 0
2.232e-05 -5.52 0
2.234e-05 -5.44 -0.16
2.236e-05 -5.52 -0.16
2.238e-05 -5.52 -0.16
2.24e-05 -5.6 -0.16
2.242e-05 -5.52 0
2.244e-05 -5.6 -0.16
2.246e-05 -5.68 0
2.248e-05 -5.68 -0.16
2.25e-05 -5.68 -0.16
2.252e-05 -5.68 -0.24
2.254e-05 -5.76 -0.24
2.256e-05 -5.76 -0.24
2.258e-05 -5.76 -0.16
2.26e-05 -5.76 -0.24
2.262e-05 -5.76 -0.24
2.264e-05 -5.84 -0.24
2.266e-05 -5.84 -0.24
2.268e-05 -5.84 -0.24
2.27e-05 -5.84 -0.32
2.272e-05 -5.84 -0.32
2.274e-05 -5.84 -0.32
2.276e-05 -5.92 -0.32
2.278e-05 -5.84 -0.24
2.28e-05 -5.84 -0.32
2.282e-05 -6 -0.32
2.284e-05 -6 -0.32
2.286e-05 -6 -0.32
2.288e-05 -6 -0.32
2.29e-05 -6 -0.4
2.292e-05 -6.08 -0.4
2.294e-05 -6.08 -0.32
2.296e-05 -6.08 -0.32
2.298e-05 -6.08 -0.4
2.3e-05 -6.08 -0.4
2.302e-05 -6.08 -0.4
2.304e-05 -6.08 -0.4
2.306e-05 -6 -0.48
2.308e-05 -6.08 -0.48
2.31e-05 -6.08 -0.4
2.312e-05 -6.16 -0.4
2.314e-05 -6.08 -0.4
2.316e-05 -6.08 -0.4
2.318e-05 -6.08 -0.4
2.32e-05 -6.08 -0.48
2.322e-05 -6.08 -0.56
2.324e-05 -6.08 -0.48
2.326e-05 -6.08 -0.48
2.328e-05 -6.08 -0.56
2.33e-05 -6.08 -0.48
2.332e-05 -6.08 -0.48
2.334e-05 -6.16 -0.56
2.336e-05 -6.16 -0.48
2.338e-05 -6.16 -0.56
2.34e-05 -6.08 -0.56
2.342e-05 -6.08 -0.56
2.344e-05 -6.16 -0.56
2.346e-05 -6.08 -0.64
2.348e-05 -6.08 -0.64
2.35e-05 -6.08 -0.56
2.352e-05 -6.08 -0.56
2.354e-05 -6.08 -0.56
2.356e-05 -6.08 -0.64
2.358e-05 -6.08 -0.64
2.36e-05 -6.08 -0.64
2.362e-05 -6.08 -0.64
2.364e-05 -6 -0.64
2.366e-05 -6 -0.64
2.368e-05 -6 -0.64
2.37e-05 -6.08 -0.64
2.372e-05 -6 -0.64
2.374e-05 -6 -0.72
2.376e-05 -6 -0.72
2.378e-05 -5.92 -0.64
2.38e-05 -6 -0.72
2.382e-05 -5.84 -0.72
2.384e-05 -5.84 -0.72
2.386e-05 -5.84 -0.72
2.388e-05 -5.92 -0.72
2.39e-05 -5.84 -0.72
2.392e-05 -5.84 -0.72
2.394e-05 -5.84 -0.8
2.396e-05 -5.76 -0.72
2.398e-05 -5.84 -0.8
2.4e-05 -5.76 -0.72
2.402e-05 -5.76 -0.8
2.404e-05 -5.68 -0.8
2.406e-05 -5.76 -0.72
2.408e-05 -5.68 -0.8
2.41e-05 -5.68 -0.8
2.412e-05 -5.68 -0.8
2.414e-05 -5.68 -0.8
2.416e-05 -5.6 -0.8
2.418e-05 -5.52 -0.88
2.42e-05 -5.52 -0.8
2.422e-05 -5.52 -0.8
2.424e-05 -5.52 -0.88
2.426e-05 -5.52 -0.88
2.428e-05 -5.44 -0.8
2.43e-05 -5.44 -0.88
2.432e-05 -5.44 -0.88
2.434e-05 -5.44 -0.88
2.436e-05 -5.36 -0.88
2.438e-05 -5.36 -0.88
2.44e-05 -5.36 -0.88
2.442e-05 -5.28 -0.88
2.444e-05 -5.2 -0.88
2.446e-05 -5.2 -0.96
2.448e-05 -5.2 -0.96
2.45e-05 -5.2 -0.96
2.452e-05 -5.12 -0.96
2.454e-05 -5.12 -0.88
2.456e-05 -5.04 -0.88
2.458e-05 -5.04 -0.88
2.46e-05 -5.04 -0.96
2.462e-05 -5.04 -0.96
2.464e-05 -4.88 -0.96
2.466e-05 -4.88 -0.96
2.468e-05 -4.88 -0.96
2.47e-05 -4.8 -0.96
2.472e-05 -4.8 -0.96
2.474e-05 -4.8 -0.88
2.476e-05 -4.72 -0.96
2.478e-05 -4.72 -0.96
2.48e-05 -4.72 -0.96
2.482e-05 -4.56 -0.96
2.484e-05 -4.56 -0.96
2.486e-05 -4.56 -0.96
2.488e-05 -4.56 -1.04
2.49e-05 -4.48 -0.96
2.492e-05 -4.4 -0.96
2.494e-05 -4.4 -0.96
2.496e-05 -4.4 -0.96
2.498e-05 -4.32 -0.96
2.5e-05 -4.24 -1.04
2.502e-05 -4.24 -1.04
2.504e-05 -4.24 -0.96
2.506e-05 -4.16 -1.04
2.508e-05 -4.16 -0.96
2.51e-05 -4.08 -1.04
2.512e-05 -4.08 -0.96
2.514e-05 -3.92 -0.96
2.516e-05 -3.92 -1.04
2.518e-05 -3.92 -1.04
2.52e-05 -3.84 -1.04
2.522e-05 -3.84 -1.04
2.524e-05 -3.76 -1.04
2.526e-05 -3.76 -1.04
2.528e-05 -3.6 -0.96
2.53e-05 -3.6 -1.04
2.532e-05 -3.6 -1.04
2.534e-05 -3.6 -1.04
2.536e-05 -3.52 -1.04
2.538e-05 -3.44 -0.96
2.54e-05 -3.44 -1.04
2.542e-05 -3.36 -1.04
2.544e-05 -3.28 -0.96
2.546e-05 -3.28 -1.04
2.548e-05 -3.2 -1.04
2.55e-05 -3.2 -1.04
2.552e-05 -3.12 -1.04
2.554e-05 -3.12 -1.04
2.556e-05 -3.04 -1.04
2.558e-05 -2.96 -1.04
2.56e-05 -2.96 -1.04
2.562e-05 -2.88 -0.96
2.564e-05 -2.8 -1.04
2.566e-05 -2.8 -1.04
2.568e-05 -2.64 -1.04
2.57e-05 -2.64 -1.04
2.572e-05 -2.64 -1.04
2.574e-05 -2.56 -1.12
2.576e-05 -2.48 -1.04
2.578e-05 -2.48 -1.04
2.58e-05 -2.32 -1.04
2.582e-05 -2.32 -1.04
2.584e-05 -2.32 -1.04
2.586e-05 -2.32 -1.04
2.588e-05 -2.16 -1.04
2.59e-05 -2.16 -1.04
2.592e-05 -2.08 -1.04
2.594e-05 -2 -1.04
2.596e-05 -2 -1.04
2.598e-05 -1.92 -0.96
2.6e-05 -1.84 -1.04
2.602e-05 -1.84 -1.04
2.604e-05 -1.68 -1.04
2.606e-05 -1.68 -1.04
2.608e-05 -1.68 -1.04
2.61e-05 -1.6 -1.04
2.612e-05 -1.52 -1.04
2.614e-05 -1.52 -1.04
2.616e-05 -1.36 -0.96
2.618e-05 -1.36 -1.04
2.62e-05 -1.36 -0.96
2.622e-05 -1.2 -1.04
2.624e-05 -1.2 -1.04
2.626e-05 -1.12 -0.96
2.628e-05 -1.04 -0.96
2.63e-05 -1.04 -0.96
2.632e-05 -1.04 -1.04
2.634e-05 -0.96 -0.96
2.636e-05 -0.88 -0.96
2.638e-05 -0.88 -1.04
2.64e-05 -0.72 -1.04
2.642e-05 -0.72 -1.04
2.644e-05 -0.64 -1.04
2.646e-05 -0.56 -0.96
2.648e-05 -0.56 -0.96
2.65e-05 -0.56 -0.96
2.652e-05 -0.4 -0.96
2.654e-05 -0.4 -0.96
2.656e-05 -0.32 -0.96
2.658e-05 -0.24 -0.96
2.66e-05 -0.24 -0.96
2.662e-05 0 -0.96
2.664e-05 0 -0.96
2.666e-05 0 -0.96
2.668e-05 0.08 -0.96
2.67e-05 0.16 -0.88
2.672e-05 0.24 -0.96
2.674e-05 0.32 -0.96
2.676e-05 0.32 -0.96
2.678e-05 0.4 -0.96
2.68e-05 0.4 -0.96
2.682e-05 0.48 -0.88
2.684e-05 0.64 -0.88
2.686e-05 0.64 -0.88
2.688e-05 0.72 -0.96
2.69e-05 0.72 -0.96
2.692e-05 0.8 -0.88
2.694e-05 0.8 -0.88
2.696e-05 0.96 -0.96
2.698e-05 0.96 -0.88
2.7e-05 0.96 -0.88
2.702e-05 1.12 -0.88
2.704e-05 1.12 -0.8
2.706e-05 1.28 -0.8
2.708e-05 1.28 -0.88
2.71e-05 1.28 -0.88
2.712e-05 1.36 -0.88
2.714e-05 1.36 -0.88
2.716e-05 1.44 -0.8
2.718e-05 1.52 -0.8
2.72e-05 1.6 -0.88
2.722e-05 1.6 -0.72
2.724e-05 1.68 -0.72
2.726e-05 1.68 -0.8
2.728e-05 1.76 -0.8
2.73e-05 1.84 -0.8
2.732e-05 1.84 -0.88
2.734e-05 1.92 -0.8
2.736e-05 2 -0.72
2.738e-05 2.08 -0.8
2.74e-05 2.08 -0.72
2.742e-05 2.24 -0.72
2.744e-05 2.24 -0.72
2.746e-05 2.24 -0.72
2.748e-05 2.32 -0.72
2.75e-05 2.4 -0.72
2.752e-05 2.4 -0.72
2.754e-05 2.48 -0.72
2.756e-05 2.56 -0.72
2.758e-05 2.64 -0.72
2.76e-05 2.64 -0.64
2.762e-05 2.72 -0.72
2.764e-05 2.72 -0.72
2.766e-05 2.88 -0.72
2.768e-05 2.88 -0.72
2.77e-05 2.88 -0.64
2.772e-05 2.88 -0.64
2.774e-05 3.04 -0.64
2.776e-05 3.04 -0.64
2.778e-05 3.2 -0.64
2.78e-05 3.12 -0.64
2.782e-05 3.2 -0.56
2.784e-05 3.28 -0.64
2.786e-05 3.28 -0.64
2.788e-05 3.28 -0.56
2.79e-05 3.36 -0.56
2.792e-05 3.44 -0.56
2.794e-05 3.52 -0.56
2.796e-05 3.52 -0.56
2.798e-05 3.52 -0.56
2.8e-05 3.52 -0.56
2.802e-05 3.6 -0.56
2.804e-05 3.68 -0.48
2.806e-05 3.68 -0.56
2.808e-05 3.76 -0.48
2.81e-05 3.84 -0.48
2.812e-05 3.92 -0.4
2.814e-05 3.92 -0.48
2.816e-05 3.92 -0.48
2.818e-05 4 -0.48
2.82e-05 4 -0.4
2.822e-05 4.08 -0.4
2.824e-05 4.16 -0.48
2.826e-05 4.16 -0.4
2.828e-05 4.16 -0.4
2.83e-05 4.24 -0.4
2.832e-05 4.32 -0.4
2.834e-05 4.32 -0.4
2.836e-05 4.32 -0.4
2.838e-05 4.4 -0.4
2.84e-05 4.48 -0.4
2.842e-05 4.48 -0.4
2.844e-05 4.56 -0.32
2.846e-05 4.56 -0.32
2.848e-05 4.64 -0.32
2.85e-05 4.64 -0.32
2.852e-05 4.64 -0.32
2.854e-05 4.8 -0.32
2.856e-05 4.8 -0.32
2.858e-05 4.8 -0.32
2.86e-05 4.8 -0.32
2.862e-05 4.8 -0.24
2.864e-05 4.88 -0.24
2.866e-05 4.88 -0.24
2.868e-05 4.96 -0.24
2.87e-05 4.96 -0.32
2.872e-05 5.04 -0.32
2.874e-05 4.96 -0.24
2.876e-05 5.12 -0.24
2.878e-05 5.12 -0.24
2.88e-05 5.12 -0.16
2.882e-05 5.12 -0.16
2.884e-05 5.12 -0.16
2.886e-05 5.2 0
2.888e-05 5.2 -0.24
2.89e-05 5.28 -0.16
2.892e-05 5.28 -0.16
2.894e-05 5.28 -0.16
2.896e-05 5.36 -0.16
2.898e-05 5.44 -0.16
2.9e-05 5.44 0
2.902e-05 5.44 0
2.904e-05 5.44 0
2.906e-05 5.44 -0.16
2.908e-05 5.44 0
2.91e-05 5.52 0
2.912e-05 5.52 0
2.914e-05 5.52 0
2.916e-05 5.52 0
2.918e-05 5.6 0
2.92e-05 5.6 0.08
2.922e-05 5.6 0
2.924e-05 5.6 0.08
2.926e-05 5.68 0
2.928e-05 5.6 0.08
2.93e-05 5.68 0.08
2.932e-05 5.76 0.08
2.934e-05 5.76 0.08
2.936e-05 5.76 0.08
2.938e-05 5.76 0.16
2.94e-05 5.76 0.08
2.942e-05 5.84 0.08
2.944e-05 5.76 0.08
2.946e-05 5.84 0.08
2.948e-05 5.84 0.16
2.95e-05 5.84 0.16
2.952e-05 5.84 0.16
2.954e-05 5.92 0.16
2.956e-05 5.84 0.16
2.958e-05 5.84 0.16
2.96e-05 5.92 0.16
2.962e-05 5.92 0.16
2.964e-05 5.92 0.24
2.966e-05 5.92 0.16
2.968e-05 6 0.32
2.97e-05 5.92 0.32
2.972e-05 5.92 0.32
2.974e-05 5.92 0.24
2.976e-05 5.92 0.32
2.978e-05 5.92 0.32
2.98e-05 6 0.32
2.982e-05 6.08 0.32
2.984e-05 5.92 0.32
2.986e-05 5.92 0.32
2.988e-05 6.08 0.4
2.99e-05 6.08 0.32
2.992e-05 6.08 0.32
2.994e-05 5.92 0.32
2.996e-05 6 0.32
2.998e-05 6 0.4
3e-05 6 0.32
3.002e-05 6 0.4
3.004e-05 6 0.4
3.006e-05 6.08 0.4
3.008e-05 6 0.4
3.01e-05 6 0.4
3.012e-05 6 0.32
3.014e-05 6.08 0.4
3.016e-05 5.92 0.4
3.018e-05 5.92 0.48
3.02e-05 5.92 0.4
3.022e-05 6 0.4
3.024e-05 6.08 0.48
3.026e-05 5.92 0.48
3.028e-05 6 0.48
3.03e-05 5.92 0.4
3.032e-05 5.92 0.48
3.034e-05 5.92 0.48
3.036e-05 5.92 0.48
3.038e-05 5.84 0.48
3.04e-05 5.92 0.48
3.042e-05 5.84 0.48
3.044e-05 5.84 0.48
3.046e-05 5.84 0.56
3.048e-05 5.84 0.48
3.05e-05 5.84 0.48
3.052e-05 5.76 0.56
3.054e-05 5.84 0.64
3.056e-05 5.76 0.64
3.058e-05 5.76 0.64
3.06e-05 5.76 0.64
3.062e-05 5.68 0.64
3.064e-05 5.68 0.64
3.066e-05 5.76 0.64
3.068e-05 5.68 0.56
3.07e-05 5.68 0.56
3.072e-05 5.6 0.64
3.074e-05 5.68 0.64
3.076e-05 5.6 0.64
3.078e-05 5.52 0.64
3.08e-05 5.6 0.64
3.082e-05 5.52 0.64
3.084e-05 5.52 0.64
3.086e-05 5.52 0.64
3.088e-05 5.52 0.64
3.09e-05 5.44 0.72
3.092e-05 5.44 0.72
3.094e-05 5.36 0.72
3.096e-05 5.44 0.72
3.098e-05 5.36 0.64
3.1e-05 5.28 0.72
3.102e-05 5.28 0.72
3.104e-05 5.28 0.72
3.106e-05 5.2 0.72
3.108e-05 5.28 0.72
3.11e-05 5.2 0.72
3.112e-05 5.12 0.72
3.114e-05 5.12 0.8
3.116e-05 5.12 0.72
3.118e-05 5.12 0.72
3.12e-05 4.96 0.72
3.122e-05 4.96 0.8
3.124e-05 4.96 0.8
3.126e-05 4.96 0.72
3.128e-05 4.88 0.8
3.13e-05 4.88 0.8
3.132e-05 4.88 0.8
3.134e-05 4.8 0.8
3.136e-05 4.8 0.72
3.138e-05 4.8 0.8
3.14e-05 4.72 0.8
3.142e-05 4.64 0.8
3.144e-05 4.64 0.8
3.146e-05 4.56 0.8
3.148e-05 4.56 0.8
3.15e-05 4.56 0.88
3.152e-05 4.56 0.88
3.154e-05 4.48 0.72
3.156e-05 4.4 0.8
3.158e-05 4.32 0.8
3.16e-05 4.32 0.8
3.162e-05 4.32 0.8
3.164e-05 4.24 0.88
3.166e-05 4.16 0.88
3.168e-05 4.16 0.88
3.17e-05 4.16 0.8
3.172e-05 4.16 0.8
3.174e-05 4 0.88
3.176e-05 4 0.8
3.178e-05 3.92 0.88
3.18e-05 3.84 0.88
3.182e-05 3.84 0.88
3.184e-05 3.84 0.88
3.186e-05 3.84 0.8
3.188e-05 3.84 0.8
3.19e-05 3.68 0.88
3.192e-05 3.6 0.8
3.194e-05 3.6 0.88
3.196e-05 3.52 0.88
3.198e-05 3.52 0.96
3.2e-05 3.52 0.88
3.202e-05 3.36 0.96
3.204e-05 3.36 0.96
3.206e-05 3.36 0.96
3.208e-05 3.28 0.88
3.21e-05 3.2 0.88
3.212e-05 3.2 0.8
3.214e-05 3.12 0.88
3.216e-05 3.04 0.96
3.218e-05 3.04 0.96
3.22e-05 3.04 0.96
3.222e-05 2.96 0.88
3.224e-05 2.88 0.88
3.226e-05 2.88 0.88
3.228e-05 2.88 0.8
3.23e-05 2.72 0.88
3.232e-05 2.64 0.88
3.234e-05 2.64 0.96
3.236e-05 2.56 0.88
3.238e-05 2.56 0.96
3.24e-05 2.48 0.8
3.242e-05 2.4 0.88
3.244e-05 2.4 0.88
3.246e-05 2.32 0.88
3.248e-05 2.32 0.96
3.25e-05 2.24 0.88
3.252e-05 2.24 0.96
3.254e-05 2.08 0.88
3.256e-05 2.08 0.88
3.258e-05 2 0.8
3.26e-05 1.92 0.88
3.262e-05 1.92 0.88
3.264e-05 1.76 0.88
3.266e-05 1.76 0.88
3.268e-05 1.76 0.88
3.27e-05 1.68 0.88
3.272e-05 1.6 0.88
3.274e-05 1.6 0.88
3.276e-05 1.6 0.88
3.278e-05 1.44 0.8
3.28e-05 1.44 0.88
3.282e-05 1.36 0.88
3.284e-05 1.28 0.8
3.286e-05 1.28 0.88
3.288e-05 1.28 0.88
3.29e-05 1.12 0.88
3.292e-05 1.12 0.88
3.294e-05 1.04 0.8
3.296e-05 0.96 0.8
3.298e-05 0.96 0.8
3.3e-05 0.8 0.8
3.302e-05 0.8 0.88
3.304e-05 0.72 0.8
3.306e-05 0.64 0.8
3.308e-05 0.64 0.8
3.31e-05 0.48 0.8
3.312e-05 0.48 0.88
3.314e-05 0.48 0.72
3.316e-05 0.4 0.8
3.318e-05 0.32 0.72
3.32e-05 0.32 0.8
3.322e-05 0.24 0.8
3.324e-05 0.16 0.88
3.326e-05 0.16 0.8
3.328e-05 0.08 0.72
3.33e-05 0 0.88
3.332e-05 0 0.8
3.334e-05 0 0.8
3.336e-05 -0.24 0.72
3.338e-05 -0.32 0.8
3.34e-05 -0.32 0.8
3.342e-05 -0.4 0.8
3.344e-05 -0.48 0.8
3.346e-05 -0.56 0.8
3.348e-05 -0.56 0.8
3.35e-05 -0.64 0.72
3.352e-05 -0.72 0.72
3.354e-05 -0.8 0.72
3.356e-05 -0.8 0.72
3.358e-05 -0.88 0.8
3.36e-05 -0.96 0.72
3.362e-05 -1.04 0.72
3.364e-05 -1.04 0.72
3.366e-05 -1.12 0.72
3.368e-05 -1.12 0.64
3.37e-05 -1.2 0.72
3.372e-05 -1.28 0.64
3.374e-05 -1.36 0.72
3.376e-05 -1.36 0.72
3.378e-05 -1.36 0.72
3.38e-05 -1.44 0.72
3.382e-05 -1.6 0.64
3.384e-05 -1.6 0.72
3.386e-05 -1.68 0.64
3.388e-05 -1.68 0.64
3.39e-05 -1.68 0.64
3.392e-05 -1.84 0.64
3.394e-05 -1.92 0.64
3.396e-05 -2 0.64
3.398e-05 -1.92 0.72
3.4e-05 -2 0.56
3.402e-05 -2.08 0.56
3.404e-05 -2.16 0.56
3.406e-05 -2.24 0.56
3.408e-05 -2.24 0.56
3.41e-05 -2.32 0.64
3.412e-05 -2.32 0.64
3.414e-05 -2.48 0.64
3.416e-05 -2.48 0.64
3.418e-05 -2.48 0.56
3.42e-05 -2.56 0.48
3.422e-05 -2.64 0.48
3.424e-05 -2.64 0.56
3.426e-05 -2.64 0.56
3.428e-05 -2.8 0.56
3.43e-05 -2.8 0.48
3.432e-05 -2.88 0.56
3.434e-05 -2.88 0.48
3.436e-05 -2.96 0.4
3.438e-05 -2.96 0.48
3.44e-05 -3.12 0.4
3.442e-05 -3.12 0.4
3.444e-05 -3.12 0.48
3.446e-05 -3.2 0.48
3.448e-05 -3.2 0.48
3.45e-05 -3.28 0.48
3.452e-05 -3.36 0.48
3.454e-05 -3.44 0.4
3.456e-05 -3.52 0.4
3.458e-05 -3.52 0.4
3.46e-05 -3.6 0.32
3.462e-05 -3.6 0.48
3.464e-05 -3.6 0.4
3.466e-05 -3.6 0.4
3.468e-05 -3.76 0.4
3.47e-05 -3.76 0.4
3.472e-05 -3.84 0.32
3.474e-05 -3.92 0.32
3.476e-05 -3.92 0.32
3.478e-05 -3.92 0.32
3.48e-05 -4 0.32
3.482e-05 -4 0.4
3.484e-05 -4.08 0.32
3.486e-05 -4.16 0.32
3.488e-05 -4.16 0.32
3.49e-05 -4.16 0.32
3.492e-05 -4.24 0.24
3.494e-05 -4.32 0.24
3.496e-05 -4.32 0.24
3.498e-05 -4.4 0.32
3.5e-05 -4.4 0.24
3.502e-05 -4.4 0.24
3.504e-05 -4.48 0.24
3.506e-05 -4.56 0.16
3.508e-05 -4.56 0.24
3.51e-05 -4.56 0.16
3.512e-05 -4.56 0.24
3.514e-05 -4.72 0.16
3.516e-05 -4.72 0.24
3.518e-05 -4.8 0.16
3.52e-05 -4.8 0.16
3.522e-05 -4.8 0.16
3.524e-05 -4.88 0.08
3.526e-05 -4.88 0.08
3.528e-05 -4.96 0.08
3.53e-05 -4.96 0.16
3.532e-05 -5.04 0.16
3.534e-05 -5.04 0.08
3.536e-05 -5.04 0.08
3.538e-05 -5.04 0.08
3.54e-05 -5.12 0.08
3.542e-05 -5.12 0.08
3.544e-05 -5.2 0
3.546e-05 -5.2 0.08
3.548e-05 -5.2 0
3.55e-05 -5.28 0.08
3.552e-05 -5.36 0
3.554e-05 -5.36 0
3.556e-05 -5.36 0.08
3.558e-05 -5.36 0
3.56e-05 -5.44 0
3.562e-05 -5.44 -0.16
3.564e-05 -5.44 -0.16
3.566e-05 -5.44 0
3.568e-05 -5.52 -0.16
3.57e-05 -5.52 0
3.572e-05 -5.52 0
3.574e-05 -5.52 -0.16
3.576e-05 -5.6 -0.16
3.578e-05 -5.6 -0.16
3.58e-05 -5.6 -0.24
3.582e-05 -5.68 -0.16
3.584e-05 -5.68 -0.16
3.586e-05 -5.68 -0.16
3.588e-05 -5.68 -0.16
3.59e-05 -5.68 -0.16
3.592e-05 -5.76 -0.24
3.594e-05 -5.76 -0.16
3.596e-05 -5.76 -0.24
3.598e-05 -5.76 -0.24
3.6e-05 -5.84 -0.24
3.602e-05 -5.84 -0.32
3.604e-05 -5.84 -0.24
3.606e-05 -5.84 -0.24
3.608e-05 -5.84 -0.32
3.61e-05 -5.84 -0.32
3.612e-05 -6 -0.32
3.614e-05 -5.84 -0.32
3.616e-05 -6 -0.32
3.618e-05 -6 -0.32
3.62e-05 -6 -0.32
3.622e-05 -6 -0.32
3.624e-05 -6 -0.32
3.626e-05 -6.08 -0.4
3.628e-05 -6.08 -0.4
3.63e-05 -6.08 -0.4
3.632e-05 -6 -0.4
3.634e-05 -6.08 -0.4
3.636e-05 -6.08 -0.4
3.638e-05 -6 -0.4
3.64e-05 -6.08 -0.4
3.642e-05 -6.08 -0.4
3.644e-05 -6.08 -0.4
3.646e-05 -6.08 -0.4
3.648e-05 -6.08 -0.56
3.65e-05 -6.08 -0.4
3.652e-05 -6.08 -0.48
3.654e-05 -6.08 -0.4
3.656e-05 -6.08 -0.4
3.658e-05 -6.08 -0.48
3.66e-05 -6.08 -0.48
3.662e-05 -6.16 -0.48
3.664e-05 -6.08 -0.48
3.666e-05 -6.08 -0.56
3.668e-05 -6.08 -0.56
3.67e-05 -6.16 -0.56
3.672e-05 -6.08 -0.48
3.674e-05 -6.08 -0.56
3.676e-05 -6.08 -0.56
3.678e-05 -6.08 -0.56
3.68e-05 -6.08 -0.56
3.682e-05 -6.08 -0.56
3.684e-05 -6.08 -0.64
3.686e-05 -6.08 -0.64
3.688e-05 -6.08 -0.64
3.69e-05 -6.08 -0.64
3.692e-05 -6.08 -0.56
3.694e-05 -6.08 -0.56
3.696e-05 -6 -0.64
3.698e-05 -6.08 -0.64
3.7e-05 -6.08 -0.64
3.702e-05 -6 -0.64
3.704e-05 -6 -0.64
3.706e-05 -6 -0.72
3.708e-05 -6 -0.72
3.71e-05 -5.92 -0.64
3.712e-05 -6 -0.64
3.714e-05 -5.92 -0.72
3.716e-05 -5.92 -0.72
3.718e-05 -6 -0.72
3.72e-05 -5.84 -0.72
3.722e-05 -5.84 -0.72
3.724e-05 -5.84 -0.72
3.726e-05 -5.84 -0.72
3.728e-05 -5.84 -0.64
3.73e-05 -5.84 -0.72
3.732e-05 -5.76 -0.72
3.734e-05 -5.76 -0.8
3.736e-05 -5.76 -0.72
3.738e-05 -5.76 -0.8
3.74e-05 -5.68 -0.88
3.742e-05 -5.68 -0.8
3.744e-05 -5.68 -0.88
3.746e-05 -5.68 -0.8
3.748e-05 -5.68 -0.8
3.75e-05 -5.6 -0.8
3.752e-05 -5.52 -0.88
3.754e-05 -5.52 -0.8
3.756e-05 -5.52 -0.88
3.758e-05 -5.52 -0.8
3.76e-05 -5.44 -0.88
3.762e-05 -5.44 -0.88
3.764e-05 -5.52 -0.88
3.766e-05 -5.44 -0.8
3.768e-05 -5.36 -0.88
3.77e-05 -5.36 -0.88
3.772e-05 -5.36 -0.88
3.774e-05 -5.28 -0.96
3.776e-05 -5.2 -0.88
3.778e-05 -5.2 -0.88
3.78e-05 -5.2 -0.96
3.782e-05 -5.2 -0.88
3.784e-05 -5.2 -0.88
3.786e-05 -5.12 -0.96
3.788e-05 -5.12 -0.96
3.79e-05 -5.12 -0.96
3.792e-05 -5.04 -0.96
3.794e-05 -4.96 -0.96
3.796e-05 -5.04 -0.96
3.798e-05 -4.88 -0.96
3.8e-05 -4.88 -0.96
3.802e-05 -4.88 -0.96
3.804e-05 -4.8 -0.96
3.806e-05 -4.8 -0.96
3.808e-05 -4.72 -1.04
3.81e-05 -4.72 -0.96
3.812e-05 -4.72 -1.04
3.814e-05 -4.72 -0.96
3.816e-05 -4.64 -0.96
3.818e-05 -4.56 -0.96
3.82e-05 -4.56 -0.96
3.822e-05 -4.48 -0.96
3.824e-05 -4.48 -0.96
3.826e-05 -4.4 -0.96
3.828e-05 -4.4 -1.04
3.83e-05 -4.4 -1.04
3.832e-05 -4.32 -0.96
3.834e-05 -4.24 -0.96
3.836e-05 -4.16 -1.04
3.838e-05 -4.16 -1.04
3.84e-05 -4.16 -1.04
3.842e-05 -4.08 -1.04
3.844e-05 -4.08 -0.96
3.846e-05 -4.08 -1.04
3.848e-05 -3.92 -1.04
3.85e-05 -3.92 -1.04
3.852e-05 -3.92 -0.96
3.854e-05 -3.84 -1.04
3.856e-05 -3.76 -0.96
3.858e-05 -3.76 -1.04
3.86e-05 -3.76 -0.96
3.862e-05 -3.6 -1.04
3.864e-05 -3.68 -1.04
3.866e-05 -3.6 -1.04
3.868e-05 -3.6 -1.04
3.87e-05 -3.44 -0.96
3.872e-05 -3.44 -1.04
3.874e-05 -3.44 -0.96
3.876e-05 -3.36 -1.04
3.878e-05 -3.28 -1.04
3.88e-05 -3.2 -1.04
3.882e-05 -3.2 -1.04
3.884e-05 -3.2 -1.04
3.886e-05 -3.12 -1.04
3.888e-05 -3.04 -1.04
3.89e-05 -2.96 -1.04
3.892e-05 -2.96 -1.04
3.894e-05 -2.88 -1.04
3.896e-05 -2.88 -1.04
3.898e-05 -2.8 -1.04
3.9e-05 -2.8 -1.12
3.902e-05 -2.64 -1.04
3.904e-05 -2.64 -1.04
3.906e-05 -2.56 -1.04
3.908e-05 -2.56 -0.96
3.91e-05 -2.48 -1.04
3.912e-05 -2.48 -1.04
3.914e-05 -2.32 -1.04
3.916e-05 -2.32 -1.12
3.918e-05 -2.32 -1.04
3.92e-05 -2.24 -1.04
3.922e-05 -2.16 -1.04
3.924e-05 -2.16 -1.04
3.926e-05 -2 -1.04
3.928e-05 -2 -1.04
3.93e-05 -1.92 -1.04
3.932e-05 -1.92 -1.04
3.934e-05 -1.84 -1.04
3.936e-05 -1.84 -1.04
3.938e-05 -1.68 -0.96
3.94e-05 -1.68 -1.04
3.942e-05 -1.68 -0.96
3.944e-05 -1.52 -0.96
3.946e-05 -1.52 -0.96
3.948e-05 -1.52 -1.04
3.95e-05 -1.36 -1.04
3.952e-05 -1.36 -1.04
3.954e-05 -1.36 -1.04
3.956e-05 -1.28 -0.96
3.958e-05 -1.2 -1.04
3.96e-05 -1.2 -1.04
3.962e-05 -1.04 -1.04
3.964e-05 -1.04 -1.04
3.966e-05 -0.96 -0.96
3.968e-05 -0.96 -1.04
3.97e-05 -0.88 -1.04
3.972e-05 -0.88 -0.96
3.974e-05 -0.72 -1.04
3.976e-05 -0.72 -1.04
3.978e-05 -0.64 -0.96
3.98e-05 -0.56 -0.96
3.982e-05 -0.56 -0.96
3.984e-05 -0.4 -0.96
3.986e-05 -0.4 -1.04
3.988e-05 -0.32 -1.04
3.99e-05 -0.24 -0.96
3.992e-05 -0.24 -0.96
3.994e-05 -0.16 -0.96
3.996e-05 0 -0.88
3.998e-05 0 -0.96
4e-05 0.08 -0.96
4.002e-05 0.08 -0.96
4.004e-05 0.16 -0.96
4.006e-05 0.32 -0.96
4.008e-05 0.32 -0.96
4.01e-05 0.4 -0.96
4.012e-05 0.4 -0.88
4.014e-05 0.48 -0.96
4.016e-05 0.48 -0.88
4.018e-05 0.64 -0.96
4.02e-05 0.64 -0.88
4.022e-05 0.72 -0.88
4.024e-05 0.8 -0.88
4.026e-05 0.8 -0.88
4.028e-05 0.96 -0.88
4.03e-05 0.96 -0.88
4.032e-05 0.96 -0.88
4.034e-05 1.04 -0.96
4.036e-05 1.12 -0.88
4.038e-05 1.2 -0.88
4.04e-05 1.2 -0.88
4.042e-05 1.28 -0.88
4.044e-05 1.28 -0.8
4.046e-05 1.44 -0.8
4.048e-05 1.44 -0.88
4.05e-05 1.44 -0.8
4.052e-05 1.6 -0.8
4.054e-05 1.6 -0.8
4.056e-05 1.68 -0.88
4.058e-05 1.68 -0.88
4.06e-05 1.76 -0.8
4.062e-05 1.76 -0.8
4.064e-05 1.92 -0.8
4.066e-05 1.92 -0.8
4.068e-05 1.92 -0.72
4.07e-05 2 -0.72
4.072e-05 2.08 -0.8
4.074e-05 2.16 -0.8
4.076e-05 2.24 -0.8
4.078e-05 2.24 -0.72
4.08e-05 2.24 -0.72
4.082e-05 2.4 -0.72
4.084e-05 2.4 -0.72
4.086e-05 2.4 -0.72
4.088e-05 2.56 -0.72
4.09e-05 2.56 -0.72
4.092e-05 2.56 -0.72
4.094e-05 2.64 -0.64
4.096e-05 2.64 -0.72
4.098e-05 2.72 -0.64
4.1e-05 2.8 -0.64
4.102e-05 2.88 -0.64
4.104e-05 2.88 -0.64
4.106e-05 2.96 -0.64
4.108e-05 3.04 -0.64
4.11e-05 3.04 -0.64
4.112e-05 3.12 -0.64
4.114e-05 3.2 -0.64
4.116e-05 3.2 -0.64
4.118e-05 3.28 -0.56
4.12e-05 3.28 -0.56
4.122e-05 3.36 -0.56
4.124e-05 3.36 -0.64
4.126e-05 3.36 -0.56
4.128e-05 3.52 -0.56
4.13e-05 3.52 -0.64
4.132e-05 3.6 -0.56
4.134e-05 3.6 -0.48
4.136e-05 3.68 -0.56
4.138e-05 3.68 -0.48
4.14e-05 3.76 -0.56
4.142e-05 3.84 -0.48
4.144e-05 3.84 -0.48
4.146e-05 3.92 -0.48
4.148e-05 3.92 -0.48
4.15e-05 3.92 -0.48
4.152e-05 4 -0.4
4.154e-05 4.08 -0.4
4.156e-05 4.16 -0.4
4.158e-05 4.16 -0.4
4.16e-05 4.24 -0.48
4.162e-05 4.24 -0.4
4.164e-05 4.24 -0.4
4.166e-05 4.32 -0.4
4.168e-05 4.32 -0.4
4.17e-05 4.32 -0.48
4.172e-05 4.48 -0.32
4.174e-05 4.48 -0.4
4.176e-05 4.48 -0.32
4.178e-05 4.56 -0.32
4.18e-05 4.56 -0.4
4.182e-05 4.56 -0.32
4.184e-05 4.64 -0.32
4.186e-05 4.64 -0.32
4.188e-05 4.72 -0.32
4.19e-05 4.8 -0.32
4.192e-05 4.8 -0.24
4.194e-05 4.8 -0.24
4.196e-05 4.88 -0.24
4.198e-05 4.88 -0.32
4.2e-05 4.96 -0.32
4.202e-05 4.96 -0.32
4.204e-05 5.04 -0.24
4.206e-05 5.12 -0.24
4.208e-05 5.04 -0.24
4.21e-05 5.12 -0.24
4.212e-05 5.12 -0.16
4.214e-05 5.12 -0.16
4.216e-05 5.12 -0.24
4.218e-05 5.2 -0.24
4.22e-05 5.2 -0.24
4.222e-05 5.2 0
4.224e-05 5.28 -0.16
4.226e-05 5.36 0
4.228e-05 5.28 -0.16
4.23e-05 5.36 -0.16
4.232e-05 5.36 -0.16
4.234e-05 5.44 -0.16
4.236e-05 5.44 0
4.238e-05 5.44 0
4.24e-05 5.44 0
4.242e-05 5.44 0
4.244e-05 5.52 0
4.246e-05 5.52 0
4.248e-05 5.52 0
4.25e-05 5.52 0
4.252e-05 5.6 0.08
4.254e-05 5.6 0
4.256e-05 5.6 0
4.258e-05 5.68 0.08
4.26e-05 5.68 0.08
4.262e-05 5.68 0.08
4.264e-05 5.76 0.08
4.266e-05 5.76 0.08
4.268e-05 5.76 0.08
4.27e-05 5.76 0.16
4.272e-05 5.84 0.08
4.274e-05 5.76 0.08
4.276e-05 5.76 0.16
4.278e-05 5.84 0.16
4.28e-05 5.84 0.16
4.282e-05 5.84 0.16
4.284e-05 5.84 0.08
4.286e-05 5.84 0.16
4.288e-05 5.92 0.16
4.29e-05 5.84 0.16
4.292e-05 5.92 0.16
4.294e-05 5.92 0.16
4.296e-05 5.92 0.24
4.298e-05 5.92 0.24
4.3e-05 5.92 0.24
4.302e-05 5.92 0.16
4.304e-05 5.92 0.24
4.306e-05 5.92 0.24
4.308e-05 5.92 0.32
4.31e-05 5.92 0.32
4.312e-05 6 0.32
4.314e-05 6 0.32
4.316e-05 6.08 0.32
4.318e-05 6 0.32
4.32e-05 5.92 0.32
4.322e-05 6 0.32
4.324e-05 5.92 0.32
4.326e-05 6.08 0.32
4.328e-05 6.08 0.32
4.33e-05 6.08 0.32
4.332e-05 6 0.32
4.334e-05 6.08 0.4
4.336e-05 6.08 0.4
4.338e-05 5.92 0.32
4.34e-05 6 0.32
4.342e-05 6 0.4
4.344e-05 6 0.4
4.346e-05 6.08 0.4
4.348e-05 6 0.4
4.35e-05 5.92 0.4
4.352e-05 6 0.48
4.354e-05 5.92 0.4
4.356e-05 6 0.48
4.358e-05 5.92 0.48
4.36e-05 5.92 0.48
4.362e-05 5.92 0.4
4.364e-05 5.92 0.48
4.366e-05 5.92 0.48
4.368e-05 5.92 0.56
4.37e-05 5.92 0.48
4.372e-05 5.92 0.48
4.374e-05 5.84 0.48
4.376e-05 5.84 0.48
4.378e-05 5.84 0.56
4.38e-05 5.84 0.48
4.382e-05 5.84 0.56
4.384e-05 5.84 0.56
4.386e-05 5.84 0.64
4.388e-05 5.76 0.48
4.39e-05 5.76 0.48
4.392e-05 5.76 0.64
4.394e-05 5.76 0.64
4.396e-05 5.76 0.56
4.398e-05 5.76 0.64
4.4e-05 5.76 0.56
4.402e-05 5.68 0.72
4.404e-05 5.6 0.64
4.406e-05 5.6 0.64
4.408e-05 5.6 0.64
4.41e-05 5.6 0.64
4.412e-05 5.52 0.64
4.414e-05 5.52 0.64
4.416e-05 5.52 0.64
4.418e-05 5.44 0.64
4.42e-05 5.44 0.64
4.422e-05 5.44 0.72
4.424e-05 5.44 0.72
4.426e-05 5.44 0.64
4.428e-05 5.44 0.72
4.43e-05 5.44 0.64
4.432e-05 5.36 0.64
4.434e-05 5.28 0.72
4.436e-05 5.28 0.72
4.438e-05 5.28 0.72
4.44e-05 5.2 0.72
4.442e-05 5.2 0.72
4.444e-05 5.12 0.72
4.446e-05 5.2 0.72
4.448e-05 5.12 0.72
4.45e-05 5.12 0.8
4.452e-05 5.04 0.72
4.454e-05 4.96 0.72
4.456e-05 4.96 0.8
4.458e-05 4.96 0.8
4.46e-05 4.96 0.8
4.462e-05 4.88 0.8
4.464e-05 4.88 0.8
4.466e-05 4.8 0.8
4.468e-05 4.8 0.72
4.47e-05 4.8 0.72
4.472e-05 4.8 0.8
4.474e-05 4.72 0.8
4.476e-05 4.64 0.8
4.478e-05 4.64 0.8
4.48e-05 4.64 0.8
4.482e-05 4.48 0.8
4.484e-05 4.48 0.8
4.486e-05 4.48 0.8
4.488e-05 4.32 0.88
4.49e-05 4.4 0.8
4.492e-05 4.32 0.88
4.494e-05 4.32 0.88
4.496e-05 4.24 0.8
4.498e-05 4.24 0.8
4.5e-05 4.16 0.8
4.502e-05 4.16 0.8
4.504e-05 4.16 0.88
4.506e-05 4.08 0.88
4.508e-05 4 0.8
4.51e-05 4 0.96
4.512e-05 3.92 0.8
4.514e-05 3.84 0.8
4.516e-05 3.84 0.8
4.518e-05 3.84 0.8
4.52e-05 3.84 0.88
4.522e-05 3.68 0.8
4.524e-05 3.68 0.96
4.526e-05 3.68 0.88
4.528e-05 3.6 0.96
4.53e-05 3.52 0.88
4.532e-05 3.52 0.8
4.534e-05 3.52 0.88
4.536e-05 3.44 0.8
4.538e-05 3.36 0.88
4.54e-05 3.36 0.8
4.542e-05 3.28 0.88
4.544e-05 3.2 0.96
4.546e-05 3.2 0.88
4.548e-05 3.12 0.88
4.55e-05 3.04 0.88
4.552e-05 3.04 0.88
4.554e-05 2.96 0.88
4.556e-05 2.96 0.88
4.558e-05 2.88 0.88
4.56e-05 2.8 0.88
4.562e-05 2.72 0.96
4.564e-05 2.72 0.96
4.566e-05 2.64 0.88
4.568e-05 2.64 0.8
4.57e-05 2.56 0.88
4.572e-05 2.48 0.8
4.574e-05 2.4 0.96
4.576e-05 2.4 0.88
4.578e-05 2.32 0.96
4.58e-05 2.32 0.88
4.582e-05 2.24 0.96
4.584e-05 2.24 0.96
4.586e-05 2.16 0.8
4.588e-05 2.08 0.88
4.59e-05 2 0.8
4.592e-05 2 0.96
4.594e-05 1.92 0.88
4.596e-05 1.92 0.88
4.598e-05 1.84 0.88
4.6e-05 1.76 0.88
4.602e-05 1.68 0.88
4.604e-05 1.6 0.88
4.606e-05 1.6 0.8
4.608e-05 1.6 0.8
4.61e-05 1.44 0.88
4.612e-05 1.44 0.88
4.614e-05 1.36 0.88
4.616e-05 1.28 0.88
4.618e-05 1.28 0.88
4.62e-05 1.28 0.88
4.622e-05 1.12 0.8
4.624e-05 1.12 0.8
4.626e-05 1.04 0.88
4.628e-05 0.96 0.88
4.63e-05 0.96 0.88
4.632e-05 0.88 0.88
4.634e-05 0.8 0.8
4.636e-05 0.8 0.88
4.638e-05 0.72 0.8
4.64e-05 0.64 0.8
4.642e-05 0.64 0.8
4.644e-05 0.56 0.8
4.646e-05 0.48 0.8
4.648e-05 0.4 0.88
4.65e-05 0.4 0.8
4.652e-05 0.32 0.8
4.654e-05 0.32 0.8
4.656e-05 0.16 0.8
4.658e-05 0.16 0.8
4.66e-05 0.08 0.8
4.662e-05 0 0.8
4.664e-05 0 0.72
4.666e-05 0 0.8
4.668e-05 -0.24 0.8
4.67e-05 -0.32 0.8
4.672e-05 -0.32 0.8
4.674e-05 -0.4 0.72
4.676e-05 -0.4 0.8
4.678e-05 -0.56 0.72
4.68e-05 -0.56 0.8
4.682e-05 -0.64 0.72
4.684e-05 -0.64 0.72
4.686e-05 -0.72 0.8
4.688e-05 -0.8 0.72
4.69e-05 -0.88 0.8
4.692e-05 -0.96 0.72
4.694e-05 -0.88 0.72
4.696e-05 -1.04 0.72
4.698e-05 -1.04 0.72
4.7e-05 -1.12 0.72
4.702e-05 -1.2 0.72
4.704e-05 -1.28 0.72
4.706e-05 -1.28 0.72
4.708e-05 -1.36 0.72
4.71e-05 -1.36 0.72
4.712e-05 -1.44 0.72
4.714e-05 -1.52 0.64
4.716e-05 -1.52 0.72
4.718e-05 -1.6 0.64
4.72e-05 -1.68 0.72
4.722e-05 -1.68 0.64
4.724e-05 -1.84 0.64
4.726e-05 -1.84 0.64
4.728e-05 -1.84 0.56
4.73e-05 -1.92 0.56
4.732e-05 -2 0.56
4.734e-05 -2.08 0.64
4.736e-05 -2.16 0.64
4.738e-05 -2.16 0.64
4.74e-05 -2.16 0.64
4.742e-05 -2.24 0.56
4.744e-05 -2.32 0.64
4.746e-05 -2.32 0.56
4.748e-05 -2.48 0.56
4.75e-05 -2.48 0.48
4.752e-05 -2.56 0.56
4.754e-05 -2.56 0.64
4.756e-05 -2.64 0.64
4.758e-05 -2.64 0.48
4.76e-05 -2.72 0.56
4.762e-05 -2.8 0.48
4.764e-05 -2.88 0.48
4.766e-05 -2.88 0.48
4.768e-05 -2.96 0.48
4.77e-05 -2.96 0.48
4.772e-05 -3.04 0.48
4.774e-05 -3.12 0.48
4.776e-05 -3.12 0.48
4.778e-05 -3.2 0.48
4.78e-05 -3.2 0.4
4.782e-05 -3.28 0.4
4.784e-05 -3.28 0.4
4.786e-05 -3.28 0.4
4.788e-05 -3.44 0.4
4.79e-05 -3.52 0.48
4.792e-05 -3.6 0.4
4.794e-05 -3.6 0.4
4.796e-05 -3.6 0.32
4.798e-05 -3.68 0.4
4.8e-05 -3.76 0.32
4.802e-05 -3.76 0.4
4.804e-05 -3.84 0.4
4.806e-05 -3.84 0.32
4.808e-05 -3.84 0.4
4.81e-05 -3.92 0.32
4.812e-05 -3.92 0.32
4.814e-05 -4 0.32
4.816e-05 -4.08 0.24
4.818e-05 -4.08 0.32
4.82e-05 -4.16 0.32
4.822e-05 -4.16 0.32
4.824e-05 -4.24 0.32
4.826e-05 -4.24 0.32
4.828e-05 -4.32 0.32
4.83e-05 -4.32 0.32
4.832e-05 -4.4 0.24
4.834e-05 -4.4 0.16
4.836e-05 -4.48 0.16
4.838e-05 -4.48 0.24
4.84e-05 -4.56 0.24
4.842e-05 -4.64 0.24
4.844e-05 -4.56 0.24
4.846e-05 -4.72 0.24
4.848e-05 -4.72 0.16
4.85e-05 -4.72 0.16
4.852e-05 -4.8 0.08
4.854e-05 -4.8 0.08
4.856e-05 -4.88 0.16
4.858e-05 -4.88 0.08
4.86e-05 -4.88 0.08
4.862e-05 -4.88 0.16
4.864e-05 -4.88 0.08
4.866e-05 -5.04 0.08
4.868e-05 -5.04 0.08
4.87e-05 -5.12 0.08
4.872e-05 -5.12 0.08
4.874e-05 -5.2 0
4.876e-05 -5.2 0.08
4.878e-05 -5.2 0.08
4.88e-05 -5.2 0.08
4.882e-05 -5.28 0
4.884e-05 -5.2 0
4.886e-05 -5.28 0
4.888e-05 -5.36 0
4.89e-05 -5.44 0
4.892e-05 -5.36 0
4.894e-05 -5.44 0
4.896e-05 -5.44 0
4.898e-05 -5.44 0
4.9e-05 -5.52 0
4.902e-05 -5.52 -0.16
4.904e-05 -5.52 0
4.906e-05 -5.52 0
4.908e-05 -5.52 -0.16
4.91e-05 -5.52 -0.16
4.912e-05 -5.6 -0.16
4.914e-05 -5.68 0
4.916e-05 -5.68 -0.16
4.918e-05 -5.68 -0.16
4.92e-05 -5.76 -0.24
4.922e-05 -5.68 -0.24
4.924e-05 -5.68 -0.24
4.926e-05 -5.76 -0.24
4.928e-05 -5.76 -0.32
4.93e-05 -5.84 -0.24
4.932e-05 -5.84 -0.16
4.934e-05 -5.84 -0.24
4.936e-05 -5.84 -0.24
4.938e-05 -5.84 -0.32
4.94e-05 -5.84 -0.32
4.942e-05 -5.84 -0.24
4.944e-05 -5.92 -0.32
4.946e-05 -5.84 -0.32
4.948e-05 -6 -0.32
4.95e-05 -6 -0.32
4.952e-05 -6 -0.32
4.954e-05 -6 -0.32
4.956e-05 -6 -0.32
4.958e-05 -6 -0.4
4.96e-05 -6 -0.4
4.962e-05 -6 -0.32
4.964e-05 -6.08 -0.32
4.966e-05 -6.08 -0.4
4.968e-05 -6.08 -0.4
4.97e-05 -6 -0.4
4.972e-05 -6.08 -0.4
4.974e-05 -6.08 -0.4
4.976e-05 -6.08 -0.4
4.978e-05 -6.08 -0.48
4.98e-05 -6.08 -0.48
4.982e-05 -6.08 -0.48
4.984e-05 -6.08 -0.4
4.986e-05 -6.08 -0.4
4.988e-05 -6.08 -0.4
4.99e-05 -6.16 -0.4
4.992e-05 -6.08 -0.48
4.994e-05 -6.08 -0.56
4.996e-05 -6.16 -0.56
4.998e-05 -6.16 -0.56
5e-05 -6.08 -0.48
5.002e-05 -6.16 -0.56
5.004e-05 -6.16 -0.56
5.006e-05 -6.08 -0.56
5.008e-05 -6.16 -0.56
5.01e-05 -6.16 -0.56
5.012e-05 -6.08 -0.64
5.014e-05 -6.08 -0.56
5.016e-05 -6 -0.64
5.018e-05 -6.08 -0.64
5.02e-05 -6.08 -0.64
5.022e-05 -6.08 -0.56
5.024e-05 -6.08 -0.64
5.026e-05 -6.08 -0.64
5.028e-05 -6 -0.64
5.03e-05 -6.08 -0.64
5.032e-05 -6 -0.64
5.034e-05 -6 -0.64
5.036e-05 -6 -0.64
5.038e-05 -6 -0.64
5.04e-05 -6 -0.64
5.042e-05 -6 -0.72
5.044e-05 -6 -0.72
5.046e-05 -5.84 -0.64
5.048e-05 -6 -0.72
5.05e-05 -6 -0.8
5.052e-05 -5.84 -0.72
5.054e-05 -5.84 -0.72
5.056e-05 -5.76 -0.64
5.058e-05 -5.84 -0.72
5.06e-05 -5.84 -0.72
5.062e-05 -5.84 -0.72
5.064e-05 -5.84 -0.72
5.066e-05 -5.84 -0.72
5.068e-05 -5.76 -0.8
5.07e-05 -5.76 -0.8
5.072e-05 -5.68 -0.8
5.074e-05 -5.68 -0.8
5.076e-05 -5.68 -0.8
5.078e-05 -5.68 -0.8
5.08e-05 -5.68 -0.88
5.082e-05 -5.6 -0.8
5.084e-05 -5.52 -0.88
5.086e-05 -5.52 -0.8
5.088e-05 -5.52 -0.88
5.09e-05 -5.52 -0.88
5.092e-05 -5.52 -0.8
5.094e-05 -5.52 -0.88
5.096e-05 -5.52 -0.88
5.098e-05 -5.44 -0.88
5.1e-05 -5.44 -0.88
5.102e-05 -5.36 -0.88
5.104e-05 -5.36 -0.88
5.106e-05 -5.36 -0.88
5.108e-05 -5.28 -0.88
5.11e-05 -5.2 -0.88
5.112e-05 -5.2 -0.88
5.114e-05 -5.2 -0.88
5.116e-05 -5.2 -0.96
5.118e-05 -5.2 -0.96
5.12e-05 -5.12 -0.96
5.122e-05 -5.12 -0.88
5.124e-05 -5.12 -0.96
5.126e-05 -5.04 -0.88
5.128e-05 -4.96 -0.96
5.13e-05 -4.88 -0.96
5.132e-05 -4.88 -0.96
5.134e-05 -4.88 -0.96
5.136e-05 -4.8 -1.04
5.138e-05 -4.88 -0.96
5.14e-05 -4.8 -0.96
5.142e-05 -4.8 -0.96
5.144e-05 -4.72 -0.96
5.146e-05 -4.72 -0.96
5.148e-05 -4.64 -0.96
5.15e-05 -4.56 -0.96
5.152e-05 -4.56 -1.04
5.154e-05 -4.48 -1.04
5.156e-05 -4.48 -0.96
5.158e-05 -4.48 -1.04
5.16e-05 -4.4 -0.96
5.162e-05 -4.4 -0.96
5.164e-05 -4.4 -0.96
5.166e-05 -4.24 -0.96
5.168e-05 -4.24 -1.04
5.17e-05 -4.24 -0.96
5.172e-05 -4.16 -0.96
5.174e-05 -4.16 -1.04
5.176e-05 -4.08 -1.04
5.178e-05 -4.08 -1.04
5.18e-05 -3.92 -0.96
5.182e-05 -3.92 -0.96
5.184e-05 -3.92 -1.04
5.186e-05 -3.84 -1.04
5.188e-05 -3.84 -1.04
5.19e-05 -3.84 -1.04
5.192e-05 -3.76 -1.04
5.194e-05 -3.68 -1.04
5.196e-05 -3.6 -1.04
5.198e-05 -3.6 -1.04
5.2e-05 -3.52 -1.04
5.202e-05 -3.52 -1.04
5.204e-05 -3.44 -1.04
5.206e-05 -3.44 -1.04
5.208e-05 -3.44 -1.04
5.21e-05 -3.28 -1.04
5.212e-05 -3.28 -1.04
5.214e-05 -3.28 -1.04
5.216e-05 -3.2 -1.04
5.218e-05 -3.12 -1.04
5.22e-05 -3.12 -0.96
5.222e-05 -3.04 -1.04
5.224e-05 -2.96 -1.04
5.226e-05 -2.96 -1.04
5.228e-05 -2.88 -1.04
5.23e-05 -2.88 -1.04
5.232e-05 -2.8 -1.04
5.234e-05 -2.8 -1.04
5.236e-05 -2.64 -1.04
5.238e-05 -2.64 -1.04
5.24e-05 -2.56 -0.96
5.242e-05 -2.56 -1.04
5.244e-05 -2.48 -1.04
5.246e-05 -2.48 -1.04
5.248e-05 -2.32 -0.96
5.25e-05 -2.32 -1.04
5.252e-05 -2.24 -1.04
5.254e-05 -2.16 -1.04
5.256e-05 -2.16 -1.04
5.258e-05 -2.16 -1.04
5.26e-05 -2.08 -1.04
5.262e-05 -2 -1.04
5.264e-05 -2 -1.04
5.266e-05 -1.92 -1.04
5.268e-05 -1.84 -1.04
5.27e-05 -1.84 -1.04
5.272e-05 -1.68 -1.04
5.274e-05 -1.68 -1.04
5.276e-05 -1.6 -1.04
5.278e-05 -1.52 -1.04
5.28e-05 -1.52 -1.04
5.282e-05 -1.52 -0.96
5.284e-05 -1.36 -0.96
5.286e-05 -1.36 -1.04
5.288e-05 -1.28 -0.96
5.29e-05 -1.2 -1.04
5.292e-05 -1.2 -1.04
5.294e-05 -1.12 -1.04
5.296e-05 -1.04 -1.04
5.298e-05 -1.04 -1.04
5.3e-05 -0.96 -1.04
5.302e-05 -0.88 -0.96
5.304e-05 -0.88 -0.96
5.306e-05 -0.72 -0.96
5.308e-05 -0.72 -1.04
5.31e-05 -0.64 -1.04
5.312e-05 -0.64 -0.96
5.314e-05 -0.56 -1.04
5.316e-05 -0.56 -0.96
5.318e-05 -0.4 -1.04
5.32e-05 -0.4 -0.96
5.322e-05 -0.32 -0.96
5.324e-05 -0.24 -0.96
5.326e-05 -0.24 -0.96
5.328e-05 -0.16 -0.96
5.33e-05 0 -1.04
5.332e-05 0 -0.96
5.334e-05 0.08 -0.96
5.336e-05 0.16 -0.96
5.338e-05 0.32 -0.96
5.34e-05 0.32 -0.88
5.342e-05 0.32 -0.88
5.344e-05 0.4 -0.96
5.346e-05 0.4 -0.96
5.348e-05 0.48 -0.96
5.35e-05 0.48 -0.96
5.352e-05 0.64 -0.88
5.354e-05 0.64 -0.96
5.356e-05 0.72 -0.88
5.358e-05 0.8 -0.88
5.36e-05 0.8 -0.88
5.362e-05 0.88 -0.88
5.364e-05 0.96 -0.88
5.366e-05 1.04 -0.88
5.368e-05 1.04 -0.88
5.37e-05 1.12 -0.8
5.372e-05 1.12 -0.88
5.374e-05 1.28 -0.88
5.376e-05 1.28 -0.88
5.378e-05 1.28 -0.88
5.38e-05 1.36 -0.8
5.382e-05 1.44 -0.88
5.384e-05 1.52 -0.88
5.386e-05 1.6 -0.88
5.388e-05 1.6 -0.88
5.39e-05 1.68 -0.72
5.392e-05 1.68 -0.8
5.394e-05 1.76 -0.8
5.396e-05 1.84 -0.72
5.398e-05 1.92 -0.8
5.4e-05 1.92 -0.8
5.402e-05 2 -0.8
5.404e-05 2 -0.8
5.406e-05 2.08 -0.72
5.408e-05 2.08 -0.72
5.41e-05 2.24 -0.72
5.412e-05 2.24 -0.72
5.414e-05 2.32 -0.72
5.416e-05 2.4 -0.72
5.418e-05 2.32 -0.72
5.42e-05 2.4 -0.8
5.422e-05 2.48 -0.72
5.424e-05 2.56 -0.72
5.426e-05 2.56 -0.64
5.428e-05 2.64 -0.64
5.43e-05 2.72 -0.64
5.432e-05 2.8 -0.72
5.434e-05 2.8 -0.72
5.436e-05 2.88 -0.64
5.438e-05 2.88 -0.64
5.44e-05 2.96 -0.64
5.442e-05 2.96 -0.64
5.444e-05 3.04 -0.56
5.446e-05 3.04 -0.56
5.448e-05 3.2 -0.56
5.45e-05 3.2 -0.64
5.452e-05 3.28 -0.64
5.454e-05 3.28 -0.56
5.456e-05 3.36 -0.48
5.458e-05 3.44 -0.56
5.46e-05 3.52 -0.56
5.462e-05 3.52 -0.56
5.464e-05 3.6 -0.56
5.466e-05 3.52 -0.56
5.468e-05 3.6 -0.48
5.47e-05 3.68 -0.56
5.472e-05 3.68 -0.56
5.474e-05 3.76 -0.48
5.476e-05 3.84 -0.56
5.478e-05 3.84 -0.48
5.48e-05 3.84 -0.48
5.482e-05 3.92 -0.4
5.484e-05 4 -0.4
5.486e-05 4 -0.48
5.488e-05 4 -0.56
5.49e-05 4.16 -0.4
5.492e-05 4.16 -0.48
5.494e-05 4.16 -0.4
5.496e-05 4.24 -0.4
5.498e-05 4.24 -0.32
5.5e-05 4.24 -0.4
5.502e-05 4.4 -0.4
5.504e-05 4.4 -0.4
5.506e-05 4.48 -0.4
5.508e-05 4.48 -0.4
5.51e-05 4.48 -0.4
5.512e-05 4.56 -0.32
5.514e-05 4.56 -0.4
5.516e-05 4.64 -0.32
5.518e-05 4.56 -0.24
5.52e-05 4.72 -0.32
5.522e-05 4.8 -0.32
5.524e-05 4.8 -0.32
5.526e-05 4.8 -0.32
5.528e-05 4.8 -0.32
5.53e-05 4.88 -0.24
5.532e-05 4.96 -0.24
5.534e-05 4.96 -0.24
5.536e-05 4.96 -0.24
5.538e-05 4.96 -0.24
5.54e-05 5.04 -0.24
5.542e-05 4.96 -0.24
5.544e-05 5.12 -0.24
5.546e-05 5.12 -0.24
5.548e-05 5.12 -0.24
5.55e-05 5.2 -0.16
5.552e-05 5.2 -0.16
5.554e-05 5.28 -0.16
5.556e-05 5.2 -0.16
5.558e-05 5.2 -0.16
5.56e-05 5.28 -0.16
5.562e-05 5.36 -0.16
5.564e-05 5.28 -0.16
5.566e-05 5.36 -0.16
5.568e-05 5.44 0
5.57e-05 5.44 0
5.572e-05 5.44 0
5.574e-05 5.44 0
5.576e-05 5.44 0
5.578e-05 5.52 0
5.58e-05 5.52 0
5.582e-05 5.6 0
5.584e-05 5.52 0
5.586e-05 5.6 0
5.588e-05 5.6 0
5.59e-05 5.6 0.08
5.592e-05 5.6 0
5.594e-05 5.6 0
5.596e-05 5.68 0
5.598e-05 5.76 0
5.6e-05 5.76 0.08
5.602e-05 5.76 0.08
5.604e-05 5.76 0.08
5.606e-05 5.76 0.16
5.608e-05 5.84 0.16
5.61e-05 5.76 0.08
5.612e-05 5.84 0.08
5.614e-05 5.84 0.08
5.616e-05 5.84 0.16
5.618e-05 5.84 0.16
5.62e-05 5.92 0.16
5.622e-05 5.92 0.16
5.624e-05 5.92 0.24
5.626e-05 5.92 0.16
5.628e-05 5.92 0.24
5.63e-05 5.92 0.16
5.632e-05 5.92 0.16
5.634e-05 5.92 0.16
5.636e-05 5.92 0.32
5.638e-05 5.92 0.24
5.64e-05 5.92 0.32
5.642e-05 5.92 0.32
5.644e-05 6.08 0.32
5.646e-05 6.08 0.32
5.648e-05 6 0.24
5.65e-05 6 0.32
5.652e-05 5.92 0.32
5.654e-05 6.08 0.32
5.656e-05 6 0.32
5.658e-05 6 0.32
5.66e-05 6.08 0.32
5.662e-05 6 0.32
5.664e-05 6.08 0.32
5.666e-05 5.92 0.32
5.668e-05 6.08 0.4
5.67e-05 5.92 0.4
5.672e-05 6.08 0.4
5.674e-05 5.92 0.4
5.676e-05 6 0.4
5.678e-05 6 0.4
5.68e-05 6.08 0.4
5.682e-05 5.92 0.4
5.684e-05 6 0.4
5.686e-05 5.92 0.4
5.688e-05 6 0.4
5.69e-05 5.92 0.4
5.692e-05 5.92 0.48
5.694e-05 5.92 0.48
5.696e-05 5.92 0.48
5.698e-05 5.92 0.48
5.7e-05 5.92 0.48
5.702e-05 5.92 0.48
5.704e-05 5.92 0.48
5.706e-05 5.84 0.48
5.708e-05 5.84 0.48
5.71e-05 5.84 0.64
5.712e-05 5.84 0.56
5.714e-05 5.84 0.56
5.716e-05 5.84 0.48
5.718e-05 5.76 0.48
5.72e-05 5.76 0.48
5.722e-05 5.84 0.56
5.724e-05 5.76 0.56
5.726e-05 5.76 0.56
5.728e-05 5.76 0.64
5.73e-05 5.76 0.64
5.732e-05 5.68 0.64
5.734e-05 5.68 0.64
5.736e-05 5.68 0.56
5.738e-05 5.6 0.64
5.74e-05 5.6 0.64
5.742e-05 5.6 0.64
5.744e-05 5.6 0.64
5.746e-05 5.52 0.64
5.748e-05 5.52 0.72
5.75e-05 5.52 0.64
5.752e-05 5.44 0.64
5.754e-05 5.44 0.64
5.756e-05 5.44 0.64
5.758e-05 5.44 0.64
5.76e-05 5.44 0.72
5.762e-05 5.36 0.72
5.764e-05 5.36 0.72
5.766e-05 5.36 0.72
5.768e-05 5.28 0.72
5.77e-05 5.28 0.64
5.772e-05 5.2 0.72
5.774e-05 5.2 0.72
5.776e-05 5.2 0.72
5.778e-05 5.12 0.8
5.78e-05 5.12 0.72
5.782e-05 5.12 0.72
5.784e-05 5.12 0.72
5.786e-05 4.96 0.72
5.788e-05 5.04 0.8
5.79e-05 5.04 0.72
5.792e-05 4.96 0.8
5.794e-05 4.88 0.72
5.796e-05 4.96 0.8
5.798e-05 4.8 0.8
5.8e-05 4.88 0.88
5.802e-05 4.8 0.8
5.804e-05 4.8 0.8
5.806e-05 4.8 0.8
5.808e-05 4.72 0.8
5.81e-05 4.64 0.8
5.812e-05 4.64 0.8
5.814e-05 4.56 0.8
5.816e-05 4.56 0.88
5.818e-05 4.56 0.8
5.82e-05 4.48 0.8
5.822e-05 4.4 0.8
5.824e-05 4.32 0.8
5.826e-05 4.32 0.8
5.828e-05 4.32 0.8
5.83e-05 4.32 0.8
5.832e-05 4.24 0.88
5.834e-05 4.16 0.96
5.836e-05 4.16 0.88
5.838e-05 4.16 0.88
5.84e-05 4.08 0.8
5.842e-05 3.92 0.88
5.844e-05 4 0.8
5.846e-05 3.92 0.88
5.848e-05 3.84 0.88
5.85e-05 3.84 0.88
5.852e-05 3.84 0.88
5.854e-05 3.84 0.88
5.856e-05 3.76 0.96
5.858e-05 3.68 0.88
5.86e-05 3.6 0.8
5.862e-05 3.6 0.8
5.864e-05 3.52 0.88
5.866e-05 3.52 0.96
5.868e-05 3.44 0.8
5.87e-05 3.36 0.88
5.872e-05 3.36 0.88
5.874e-05 3.28 0.96
5.876e-05 3.28 0.88
5.878e-05 3.2 0.88
5.88e-05 3.2 0.88
5.882e-05 3.04 0.96
5.884e-05 3.04 0.88
5.886e-05 3.04 0.88
5.888e-05 2.96 0.88
5.89e-05 2.88 0.96
5.892e-05 2.88 0.96
5.894e-05 2.8 0.88
5.896e-05 2.72 0.88
5.898e-05 2.72 0.88
5.9e-05 2.64 0.88
5.902e-05 2.56 0.96
5.904e-05 2.56 0.96
5.906e-05 2.48 0.88
5.908e-05 2.4 0.88
5.91e-05 2.4 0.88
5.912e-05 2.32 0.88
5.914e-05 2.32 0.88
5.916e-05 2.24 0.88
5.918e-05 2.24 0.88
5.92e-05 2.08 0.96
5.922e-05 2.08 0.88
5.924e-05 2 0.96
5.926e-05 2 0.88
5.928e-05 1.92 0.88
5.93e-05 1.84 0.88
5.932e-05 1.76 0.88
5.934e-05 1.76 0.88
5.936e-05 1.68 0.8
5.938e-05 1.6 0.88
5.94e-05 1.6 0.8
5.942e-05 1.52 0.88
5.944e-05 1.44 0.88
5.946e-05 1.44 0.8
5.948e-05 1.36 0.88
5.95e-05 1.28 0.88
5.952e-05 1.28 0.8
5.954e-05 1.28 0.8
5.956e-05 1.12 0.88
5.958e-05 1.12 0.88
5.96e-05 1.04 0.88
5.962e-05 0.96 0.8
5.964e-05 0.96 0.8
5.966e-05 0.88 0.8
5.968e-05 0.8 0.88
5.97e-05 0.72 0.8
5.972e-05 0.72 0.8
5.974e-05 0.64 0.8
5.976e-05 0.56 0.8
5.978e-05 0.48 0.8
5.98e-05 0.48 0.8
5.982e-05 0.4 0.8
5.984e-05 0.32 0.8
5.986e-05 0.32 0.8
5.988e-05 0.24 0.8
5.99e-05 0.16 0.8
5.992e-05 0.16 0.8
5.994e-05 0 0.8
5.996e-05 0 0.8
5.998e-05 0 0.8
6e-05 -0.16 0.8
6.002e-05 -0.24 0.8
6.004e-05 -0.32 0.72
6.006e-05 -0.32 0.8
6.008e-05 -0.4 0.8
6.01e-05 -0.4 0.8
6.012e-05 -0.56 0.8
6.014e-05 -0.56 0.72
6.016e-05 -0.64 0.8
6.018e-05 -0.72 0.72
6.02e-05 -0.72 0.72
6.022e-05 -0.72 0.72
6.024e-05 -0.88 0.72
6.026e-05 -0.88 0.72
6.028e-05 -0.96 0.72
6.03e-05 -1.04 0.72
6.032e-05 -1.04 0.72
6.034e-05 -1.2 0.72
6.036e-05 -1.2 0.72
6.038e-05 -1.28 0.64
6.04e-05 -1.28 0.64
6.042e-05 -1.36 0.72
6.044e-05 -1.36 0.72
6.046e-05 -1.44 0.72
6.048e-05 -1.52 0.64
6.05e-05 -1.6 0.64
6.052e-05 -1.6 0.64
6.054e-05 -1.68 0.64
6.056e-05 -1.76 0.56
6.058e-05 -1.84 0.56
6.06e-05 -1.84 0.64
6.062e-05 -1.92 0.72
6.064e-05 -2 0.64
6.066e-05 -2 0.64
6.068e-05 -2.08 0.64
6.07e-05 -2.16 0.64
6.072e-05 -2.24 0.64
6.074e-05 -2.24 0.64
6.076e-05 -2.24 0.56
6.078e-05 -2.32 0.56
6.08e-05 -2.4 0.64
6.082e-05 -2.48 0.64
6.084e-05 -2.48 0.56
6.086e-05 -2.56 0.48
6.088e-05 -2.64 0.56
6.09e-05 -2.64 0.48
6.092e-05 -2.64 0.48
6.094e-05 -2.8 0.48
6.096e-05 -2.8 0.48
6.098e-05 -2.88 0.48
6.1e-05 -2.88 0.56
6.102e-05 -2.96 0.48
6.104e-05 -2.96 0.48
6.106e-05 -2.96 0.48
6.108e-05 -3.12 0.48
6.11e-05 -3.12 0.48
6.112e-05 -3.2 0.4
6.114e-05 -3.28 0.4
6.116e-05 -3.28 0.48
6.118e-05 -3.28 0.4
6.12e-05 -3.44 0.48
6.122e-05 -3.44 0.4
6.124e-05 -3.52 0.32
6.126e-05 -3.52 0.4
6.128e-05 -3.6 0.4
6.13e-05 -3.6 0.4
6.132e-05 -3.68 0.4
6.134e-05 -3.76 0.4
6.136e-05 -3.76 0.4
6.138e-05 -3.76 0.4
6.14e-05 -3.84 0.32
6.142e-05 -3.92 0.24
6.144e-05 -3.92 0.32
6.146e-05 -3.92 0.32
6.148e-05 -4 0.32
6.15e-05 -4.08 0.32
6.152e-05 -4.08 0.32
6.154e-05 -4.16 0.32
6.156e-05 -4.16 0.32
6.158e-05 -4.24 0.32
6.16e-05 -4.24 0.32
6.162e-05 -4.32 0.24
6.164e-05 -4.4 0.16
6.166e-05 -4.4 0.32
6.168e-05 -4.48 0.32
6.17e-05 -4.48 0.24
6.172e-05 -4.48 0.24
6.174e-05 -4.56 0.24
6.176e-05 -4.56 0.24
6.178e-05 -4.56 0.16
6.18e-05 -4.64 0.16
6.182e-05 -4.72 0.16
6.184e-05 -4.72 0.16
6.186e-05 -4.8 0.16
6.188e-05 -4.8 0.16
6.19e-05 -4.88 0.16
6.192e-05 -4.88 0.16
6.194e-05 -4.88 0.08
6.196e-05 -4.96 0.08
6.198e-05 -4.96 0.08
6.2e-05 -5.04 0.08
6.202e-05 -5.04 0.08
6.204e-05 -5.04 0.08
6.206e-05 -5.12 0.08
6.208e-05 -5.2 0.16
6.21e-05 -5.2 0.08
6.212e-05 -5.2 0
6.214e-05 -5.28 0
6.216e-05 -5.2 0
6.218e-05 -5.2 0
6.22e-05 -5.36 0
6.222e-05 -5.36 0
6.224e-05 -5.36 0
6.226e-05 -5.36 0
6.228e-05 -5.44 0
6.23e-05 -5.44 0
6.232e-05 -5.52 0
6.234e-05 -5.52 -0.16
6.236e-05 -5.52 0
6.238e-05 -5.52 -0.16
6.24e-05 -5.52 0
6.242e-05 -5.52 0
6.244e-05 -5.68 0
6.246e-05 -5.68 -0.16
6.248e-05 -5.68 -0.24
6.25e-05 -5.68 -0.24
6.252e-05 -5.68 -0.16
6.254e-05 -5.68 -0.24
6.256e-05 -5.76 -0.24
6.258e-05 -5.76 -0.16
6.26e-05 -5.76 -0.24
6.262e-05 -5.76 -0.24
6.264e-05 -5.76 -0.24
6.266e-05 -5.84 -0.24
6.268e-05 -5.84 -0.24
6.27e-05 -5.84 -0.24
6.272e-05 -5.84 -0.24
6.274e-05 -5.84 -0.32
6.276e-05 -5.92 -0.24
6.278e-05 -5.92 -0.32
6.28e-05 -6 -0.32
6.282e-05 -5.84 -0.32
6.284e-05 -5.92 -0.32
6.286e-05 -6 -0.32
6.288e-05 -6 -0.4
6.29e-05 -6 -0.32
6.292e-05 -6 -0.32
6.294e-05 -6.08 -0.32
6.296e-05 -6.08 -0.4
6.298e-05 -6.08 -0.4
6.3e-05 -6.08 -0.4
6.302e-05 -6.08 -0.4
6.304e-05 -6.08 -0.4
6.306e-05 -6.08 -0.48
6.308e-05 -6.08 -0.4
6.31e-05 -6.08 -0.4
6.312e-05 -6.08 -0.4
6.314e-05 -6.08 -0.4
6.316e-05 -6.08 -0.4
6.318e-05 -6.08 -0.48
6.32e-05 -6.08 -0.48
6.322e-05 -6.08 -0.56
6.324e-05 -6.08 -0.48
6.326e-05 -6.08 -0.4
6.328e-05 -6.08 -0.48
6.33e-05 -6.08 -0.48
6.332e-05 -6.08 -0.56
6.334e-05 -6.08 -0.56
6.336e-05 -6.08 -0.48
6.338e-05 -6.08 -0.56
6.34e-05 -6.08 -0.56
6.342e-05 -6.16 -0.56
6.344e-05 -6.08 -0.56
6.346e-05 -6.08 -0.48
6.348e-05 -6.08 -0.64
6.35e-05 -6.08 -0.56
6.352e-05 -6.08 -0.64
6.354e-05 -6.16 -0.64
6.356e-05 -6.08 -0.64
6.358e-05 -6.08 -0.64
6.36e-05 -6 -0.64
6.362e-05 -6 -0.72
6.364e-05 -6 -0.64
6.366e-05 -6 -0.64
6.368e-05 -6 -0.64
6.37e-05 -6 -0.64
6.372e-05 -6 -0.72
6.374e-05 -6 -0.64
6.376e-05 -6 -0.64
6.378e-05 -5.92 -0.64
6.38e-05 -6 -0.72
6.382e-05 -5.92 -0.64
6.384e-05 -5.84 -0.64
6.386e-05 -5.92 -0.72
6.388e-05 -5.84 -0.72
6.39e-05 -5.84 -0.72
6.392e-05 -5.84 -0.8
6.394e-05 -5.84 -0.72
6.396e-05 -5.84 -0.8
6.398e-05 -5.76 -0.72
6.4e-05 -5.76 -0.8
6.402e-05 -5.68 -0.72
6.404e-05 -5.76 -0.72
6.406e-05 -5.76 -0.8
6.408e-05 -5.68 -0.8
6.41e-05 -5.68 -0.8
6.412e-05 -5.68 -0.8
6.414e-05 -5.6 -0.8
6.416e-05 -5.68 -0.8
6.418e-05 -5.52 -0.8
6.42e-05 -5.6 -0.8
6.422e-05 -5.52 -0.8
6.424e-05 -5.52 -0.8
6.426e-05 -5.52 -0.88
6.428e-05 -5.52 -0.88
6.43e-05 -5.44 -0.96
6.432e-05 -5.44 -0.8
6.434e-05 -5.36 -0.88
6.436e-05 -5.36 -0.88
6.438e-05 -5.36 -0.88
6.44e-05 -5.28 -0.88
6.442e-05 -5.36 -0.88
6.444e-05 -5.2 -0.88
6.446e-05 -5.2 -0.88
6.448e-05 -5.2 -0.88
6.45e-05 -5.2 -0.96
6.452e-05 -5.12 -0.88
6.454e-05 -5.12 -0.88
6.456e-05 -5.04 -0.96
6.458e-05 -5.12 -0.88
6.46e-05 -5.04 -0.96
6.462e-05 -5.04 -0.96
6.464e-05 -4.96 -0.96
6.466e-05 -4.88 -0.96
6.468e-05 -4.88 -0.96
6.47e-05 -4.88 -0.96
6.472e-05 -4.8 -0.88
6.474e-05 -4.8 -0.96
6.476e-05 -4.72 -0.96
6.478e-05 -4.72 -0.96
6.48e-05 -4.72 -0.96
6.482e-05 -4.64 -1.04
6.484e-05 -4.56 -0.96
6.486e-05 -4.56 -0.96
6.488e-05 -4.48 -1.04
6.49e-05 -4.48 -0.96
6.492e-05 -4.4 -0.96
6.494e-05 -4.4 -1.04
6.496e-05 -4.4 -0.96
6.498e-05 -4.32 -1.04
6.5e-05 -4.32 -1.04
6.502e-05 -4.24 -0.96
6.504e-05 -4.24 -1.04
6.506e-05 -4.16 -0.96
6.508e-05 -4.08 -1.04
6.51e-05 -4.08 -0.96
6.512e-05 -4.08 -1.04
6.514e-05 -3.92 -1.04
6.516e-05 -3.92 -1.04
6.518e-05 -3.92 -0.96
6.52e-05 -3.84 -1.04
6.522e-05 -3.76 -0.96
6.524e-05 -3.84 -1.04
6.526e-05 -3.68 -0.96
6.528e-05 -3.6 -1.04
6.53e-05 -3.6 -1.04
6.532e-05 -3.6 -1.04
6.534e-05 -3.6 -1.04
6.536e-05 -3.52 -1.04
6.538e-05 -3.52 -1.04
6.54e-05 -3.44 -1.04
6.542e-05 -3.36 -1.04
6.544e-05 -3.28 -1.04
6.546e-05 -3.28 -1.04
6.548e-05 -3.2 -1.04
6.55e-05 -3.12 -1.04
6.552e-05 -3.12 -1.04
6.554e-05 -3.12 -1.04
6.556e-05 -2.96 -1.04
6.558e-05 -2.96 -1.04
6.56e-05 -2.96 -1.04
6.562e-05 -2.96 -1.04
6.564e-05 -2.8 -1.04
6.566e-05 -2.8 -1.04
6.568e-05 -2.72 -1.04
6.57e-05 -2.64 -1.04
6.572e-05 -2.64 -1.04
6.574e-05 -2.56 -1.04
6.576e-05 -2.48 -1.04
6.578e-05 -2.48 -1.04
6.58e-05 -2.32 -1.04
6.582e-05 -2.32 -1.04
6.584e-05 -2.24 -1.04
6.586e-05 -2.24 -1.04
6.588e-05 -2.24 -1.04
6.59e-05 -2.16 -1.04
6.592e-05 -2 -1.04
6.594e-05 -2 -0.96
6.596e-05 -2 -1.04
6.598e-05 -1.92 -1.04
6.6e-05 -1.92 -1.04
6.602e-05 -1.84 -1.04
6.604e-05 -1.76 -1.04
6.606e-05 -1.68 -1.04
6.608e-05 -1.68 -1.04
6.61e-05 -1.6 -1.04
6.612e-05 -1.52 -1.04
6.614e-05 -1.44 -0.96
6.616e-05 -1.44 -1.04
6.618e-05 -1.36 -1.04
6.62e-05 -1.36 -0.96
6.622e-05 -1.28 -1.04
6.624e-05 -1.2 -1.04
6.626e-05 -1.12 -1.04
6.628e-05 -1.04 -1.04
6.63e-05 -1.04 -0.96
6.632e-05 -1.04 -0.96
6.634e-05 -0.96 -0.96
6.636e-05 -0.88 -1.04
6.638e-05 -0.8 -1.04
6.64e-05 -0.72 -1.04
6.642e-05 -0.64 -0.96
6.644e-05 -0.64 -0.96
6.646e-05 -0.56 -0.96
6.648e-05 -0.56 -0.96
6.65e-05 -0.4 -0.96
6.652e-05 -0.4 -0.96
6.654e-05 -0.32 -0.96
6.656e-05 -0.32 -1.04
6.658e-05 -0.24 -0.96
6.66e-05 -0.24 -0.96
6.662e-05 0 -0.96
6.664e-05 0 -0.96
6.666e-05 0 -0.96
6.668e-05 0.08 -0.88
6.67e-05 0.16 -0.96
6.672e-05 0.16 -0.96
6.674e-05 0.32 -0.96
6.676e-05 0.32 -0.96
6.678e-05 0.32 -0.88
6.68e-05 0.48 -0.96
6.682e-05 0.48 -0.88
6.684e-05 0.64 -0.88
6.686e-05 0.64 -0.88
6.688e-05 0.64 -0.88
6.69e-05 0.72 -0.88
6.692e-05 0.8 -0.88
6.694e-05 0.8 -0.88
6.696e-05 0.88 -0.88
6.698e-05 0.96 -0.88
6.7e-05 1.04 -0.88
6.702e-05 1.04 -0.88
6.704e-05 1.12 -0.88
6.706e-05 1.12 -0.88
6.708e-05 1.28 -0.88
6.71e-05 1.28 -0.88
6.712e-05 1.36 -0.88
6.714e-05 1.36 -0.88
6.716e-05 1.44 -0.8
6.718e-05 1.6 -0.8
6.72e-05 1.6 -0.88
6.722e-05 1.6 -0.8
6.724e-05 1.68 -0.8
6.726e-05 1.76 -0.8
6.728e-05 1.68 -0.8
6.73e-05 1.92 -0.8
6.732e-05 1.92 -0.88
6.734e-05 2 -0.72
6.736e-05 2 -0.72
6.738e-05 2 -0.72
6.74e-05 2.08 -0.8
6.742e-05 2.16 -0.72
6.744e-05 2.24 -0.8
6.746e-05 2.24 -0.72
6.748e-05 2.32 -0.8
6.75e-05 2.4 -0.72
6.752e-05 2.4 -0.72
6.754e-05 2.4 -0.64
6.756e-05 2.56 -0.72
6.758e-05 2.56 -0.72
6.76e-05 2.64 -0.72
6.762e-05 2.72 -0.64
6.764e-05 2.72 -0.72
6.766e-05 2.8 -0.64
6.768e-05 2.88 -0.64
6.77e-05 2.88 -0.64
6.772e-05 2.96 -0.56
6.774e-05 2.96 -0.64
6.776e-05 3.04 -0.56
6.778e-05 3.04 -0.64
6.78e-05 3.2 -0.64
6.782e-05 3.2 -0.64
6.784e-05 3.28 -0.56
6.786e-05 3.28 -0.56
6.788e-05 3.36 -0.56
6.79e-05 3.36 -0.56
6.792e-05 3.36 -0.56
6.794e-05 3.52 -0.48
6.796e-05 3.52 -0.56
6.798e-05 3.6 -0.64
6.8e-05 3.6 -0.56
6.802e-05 3.68 -0.56
6.804e-05 3.68 -0.48
6.806e-05 3.76 -0.56
6.808e-05 3.84 -0.56
6.81e-05 3.84 -0.4
6.812e-05 3.84 -0.48
6.814e-05 3.92 -0.48
6.816e-05 4 -0.48
6.818e-05 4 -0.48
6.82e-05 4 -0.4
6.822e-05 4.16 -0.4
6.824e-05 4.16 -0.4
6.826e-05 4.16 -0.4
6.828e-05 4.16 -0.4
6.83e-05 4.24 -0.4
6.832e-05 4.24 -0.4
6.834e-05 4.32 -0.4
6.836e-05 4.4 -0.4
6.838e-05 4.32 -0.4
6.84e-05 4.48 -0.32
6.842e-05 4.48 -0.4
6.844e-05 4.56 -0.32
6.846e-05 4.56 -0.32
6.848e-05 4.56 -0.32
6.85e-05 4.64 -0.32
6.852e-05 4.64 -0.32
6.854e-05 4.72 -0.32
6.856e-05 4.8 -0.32
6.858e-05 4.8 -0.32
6.86e-05 4.8 -0.24
6.862e-05 4.88 -0.24
6.864e-05 4.88 -0.32
6.866e-05 4.88 -0.32
6.868e-05 4.88 -0.24
6.87e-05 4.96 -0.24
6.872e-05 4.96 -0.24
6.874e-05 5.12 -0.24
6.876e-05 5.12 -0.24
6.878e-05 5.12 -0.16
6.88e-05 5.12 -0.16
6.882e-05 5.12 -0.24
6.884e-05 5.12 -0.24
6.886e-05 5.2 -0.16
6.888e-05 5.2 -0.16
6.89e-05 5.28 -0.16
6.892e-05 5.28 -0.16
6.894e-05 5.28 0
6.896e-05 5.28 0
6.898e-05 5.36 0
6.9e-05 5.36 0
6.902e-05 5.44 0
6.904e-05 5.44 -0.16
6.906e-05 5.44 0
6.908e-05 5.44 0
6.91e-05 5.52 0
6.912e-05 5.52 0
6.914e-05 5.52 0
6.916e-05 5.52 0
6.918e-05 5.52 0
6.92e-05 5.6 0
6.922e-05 5.6 0
6.924e-05 5.6 0
6.926e-05 5.6 0.08
6.928e-05 5.6 0.08
6.93e-05 5.76 0.08
6.932e-05 5.76 0.16
6.934e-05 5.76 0.08
6.936e-05 5.76 0.08
6.938e-05 5.84 0.08
6.94e-05 5.84 0.08
6.942e-05 5.76 0.08
6.944e-05 5.76 0.16
6.946e-05 5.84 0.16
6.948e-05 5.84 0.08
6.95e-05 5.92 0.16
6.952e-05 5.92 0.16
6.954e-05 5.92 0.16
6.956e-05 5.92 0.24
6.958e-05 5.92 0.16
6.96e-05 5.92 0.16
6.962e-05 5.92 0.24
6.964e-05 5.92 0.24
6.966e-05 5.92 0.32
6.968e-05 5.92 0.24
6.97e-05 5.92 0.24
6.972e-05 5.92 0.24
6.974e-05 6 0.32
6.976e-05 5.92 0.16
6.978e-05 6 0.32
6.98e-05 5.92 0.32
6.982e-05 5.92 0.32
6.984e-05 6.08 0.32
6.986e-05 6.08 0.32
6.988e-05 6 0.32
6.99e-05 6.08 0.32
6.992e-05 6 0.32
6.994e-05 6 0.32
6.996e-05 6 0.32
6.998e-05 5.92 0.32
7e-05 6.08 0.4
7.002e-05 6.08 0.32
7.004e-05 6.08 0.4
7.006e-05 6 0.4
7.008e-05 6 0.32
7.01e-05 6 0.4
7.012e-05 6.08 0.4
7.014e-05 5.92 0.4
7.016e-05 5.92 0.4
7.018e-05 5.92 0.4
7.02e-05 6 0.56
7.022e-05 5.92 0.48
7.024e-05 5.92 0.4
7.026e-05 5.92 0.4
7.028e-05 5.92 0.48
7.03e-05 5.92 0.48
7.032e-05 5.92 0.48
7.034e-05 5.92 0.48
7.036e-05 5.92 0.48
7.038e-05 5.92 0.56
7.04e-05 5.92 0.48
7.042e-05 5.92 0.48
7.044e-05 5.84 0.48
7.046e-05 5.84 0.48
7.048e-05 5.84 0.48
7.05e-05 5.84 0.56
7.052e-05 5.84 0.48
7.054e-05 5.76 0.64
7.056e-05 5.76 0.56
7.058e-05 5.76 0.56
7.06e-05 5.76 0.64
7.062e-05 5.76 0.56
7.064e-05 5.76 0.56
7.066e-05 5.68 0.48
7.068e-05 5.76 0.64
7.07e-05 5.6 0.64
7.072e-05 5.6 0.64
7.074e-05 5.6 0.64
7.076e-05 5.6 0.64
7.078e-05 5.52 0.64
7.08e-05 5.52 0.64
7.082e-05 5.52 0.64
7.084e-05 5.44 0.64
7.086e-05 5.44 0.72
7.088e-05 5.44 0.64
7.09e-05 5.44 0.64
7.092e-05 5.44 0.72
7.094e-05 5.44 0.64
7.096e-05 5.44 0.72
7.098e-05 5.28 0.72
7.1e-05 5.28 0.64
7.102e-05 5.28 0.72
7.104e-05 5.28 0.72
7.106e-05 5.2 0.72
7.108e-05 5.2 0.72
7.11e-05 5.12 0.72
7.112e-05 5.12 0.72
7.114e-05 5.12 0.72
7.116e-05 5.12 0.72
7.118e-05 5.04 0.72
7.12e-05 5.12 0.72
7.122e-05 4.96 0.72
7.124e-05 4.96 0.8
7.126e-05 4.96 0.8
7.128e-05 4.88 0.8
7.13e-05 4.88 0.72
7.132e-05 4.88 0.8
7.134e-05 4.8 0.72
7.136e-05 4.8 0.8
7.138e-05 4.8 0.8
7.14e-05 4.72 0.8
7.142e-05 4.64 0.8
7.144e-05 4.64 0.8
7.146e-05 4.64 0.8
7.148e-05 4.56 0.8
7.15e-05 4.56 0.8
7.152e-05 4.48 0.8
7.154e-05 4.48 0.8
7.156e-05 4.4 0.8
7.158e-05 4.32 0.88
7.16e-05 4.32 0.8
7.162e-05 4.24 0.8
7.164e-05 4.24 0.8
7.166e-05 4.16 0.8
7.168e-05 4.16 0.8
7.17e-05 4.16 0.8
7.172e-05 4.16 0.8
7.174e-05 4 0.8
7.176e-05 4 0.88
7.178e-05 3.92 0.88
7.18e-05 3.92 0.96
7.182e-05 3.84 0.88
7.184e-05 3.84 0.8
7.186e-05 3.84 0.8
7.188e-05 3.76 0.88
7.19e-05 3.68 0.88
7.192e-05 3.68 0.96
7.194e-05 3.6 0.88
7.196e-05 3.52 0.96
7.198e-05 3.52 0.96
7.2e-05 3.52 0.96
7.202e-05 3.36 0.88
7.204e-05 3.36 0.8
7.206e-05 3.36 0.8
7.208e-05 3.28 0.8
7.21e-05 3.28 0.96
7.212e-05 3.2 0.88
7.214e-05 3.12 0.88
7.216e-05 3.12 0.88
7.218e-05 3.04 0.88
7.22e-05 2.96 0.88
7.222e-05 2.88 0.96
7.224e-05 2.88 0.8
7.226e-05 2.88 0.8
7.228e-05 2.72 0.88
7.23e-05 2.8 0.96
7.232e-05 2.64 0.88
7.234e-05 2.64 0.88
7.236e-05 2.56 0.88
7.238e-05 2.56 0.88
7.24e-05 2.56 0.88
7.242e-05 2.4 0.88
7.244e-05 2.32 0.88
7.246e-05 2.4 0.88
7.248e-05 2.24 0.88
7.25e-05 2.24 0.96
7.252e-05 2.24 0.88
7.254e-05 2.08 0.88
7.256e-05 2.08 0.88
7.258e-05 2 0.8
7.26e-05 2 0.88
7.262e-05 1.92 0.88
7.264e-05 1.92 0.88
7.266e-05 1.76 0.96
7.268e-05 1.76 0.88
7.27e-05 1.68 0.88
7.272e-05 1.6 0.8
7.274e-05 1.6 0.88
7.276e-05 1.6 0.8
7.278e-05 1.44 0.88
7.28e-05 1.36 0.88
7.282e-05 1.36 0.8
7.284e-05 1.28 0.88
7.286e-05 1.28 0.88
7.288e-05 1.12 0.96
7.29e-05 1.12 0.88
7.292e-05 1.04 0.8
7.294e-05 1.04 0.88
7.296e-05 0.96 0.88
7.298e-05 0.88 0.8
7.3e-05 0.8 0.88
7.302e-05 0.8 0.88
7.304e-05 0.72 0.88
7.306e-05 0.72 0.8
7.308e-05 0.64 0.8
7.31e-05 0.56 0.8
7.312e-05 0.48 0.8
7.314e-05 0.48 0.8
7.316e-05 0.4 0.8
7.318e-05 0.32 0.8
7.32e-05 0.32 0.88
7.322e-05 0.16 0.8
7.324e-05 0.16 0.8
7.326e-05 0.08 0.8
7.328e-05 0.08 0.8
7.33e-05 0 0.8
7.332e-05 -0.16 0.72
7.334e-05 -0.16 0.8
7.336e-05 -0.24 0.8
7.338e-05 -0.32 0.8
7.34e-05 -0.4 0.72
7.342e-05 -0.4 0.72
7.344e-05 -0.48 0.72
7.346e-05 -0.56 0.72
7.348e-05 -0.56 0.72
7.35e-05 -0.72 0.72
7.352e-05 -0.72 0.72
7.354e-05 -0.72 0.72
7.356e-05 -0.8 0.8
7.358e-05 -0.88 0.72
7.36e-05 -0.88 0.72
7.362e-05 -1.04 0.72
7.364e-05 -1.04 0.72
7.366e-05 -1.04 0.72
7.368e-05 -1.12 0.72
7.37e-05 -1.2 0.72
7.372e-05 -1.28 0.72
7.374e-05 -1.36 0.72
7.376e-05 -1.36 0.72
7.378e-05 -1.44 0.64
7.38e-05 -1.52 0.64
7.382e-05 -1.52 0.64
7.384e-05 -1.6 0.64
7.386e-05 -1.68 0.64
7.388e-05 -1.68 0.64
7.39e-05 -1.68 0.72
7.392e-05 -1.84 0.64
7.394e-05 -1.84 0.64
7.396e-05 -1.92 0.56
7.398e-05 -2 0.56
7.4e-05 -2 0.64
7.402e-05 -2.08 0.64
7.404e-05 -2.16 0.64
7.406e-05 -2.24 0.64
7.408e-05 -2.24 0.64
7.41e-05 -2.32 0.64
7.412e-05 -2.32 0.64
7.414e-05 -2.32 0.56
7.416e-05 -2.48 0.56
7.418e-05 -2.48 0.56
7.42e-05 -2.56 0.56
7.422e-05 -2.56 0.56
7.424e-05 -2.64 0.48
7.426e-05 -2.72 0.48
7.428e-05 -2.8 0.48
7.43e-05 -2.8 0.56
7.432e-05 -2.88 0.48
7.434e-05 -2.96 0.48
7.436e-05 -2.96 0.48
7.438e-05 -2.96 0.48
7.44e-05 -3.12 0.48
7.442e-05 -3.12 0.48
7.444e-05 -3.2 0.48
7.446e-05 -3.2 0.48
7.448e-05 -3.28 0.48
7.45e-05 -3.28 0.4
7.452e-05 -3.36 0.4
7.454e-05 -3.44 0.4
7.456e-05 -3.52 0.4
7.458e-05 -3.52 0.4
7.46e-05 -3.52 0.4
7.462e-05 -3.6 0.4
7.464e-05 -3.68 0.4
7.466e-05 -3.6 0.4
7.468e-05 -3.76 0.32
7.47e-05 -3.84 0.4
7.472e-05 -3.84 0.32
7.474e-05 -3.84 0.32
7.476e-05 -3.84 0.4
7.478e-05 -3.92 0.32
7.48e-05 -3.92 0.32
7.482e-05 -3.92 0.32
7.484e-05 -4.08 0.24
7.486e-05 -4.16 0.32
7.488e-05 -4.16 0.32
7.49e-05 -4.24 0.24
7.492e-05 -4.24 0.24
7.494e-05 -4.24 0.32
7.496e-05 -4.4 0.32
7.498e-05 -4.4 0.32
7.5e-05 -4.48 0.32
7.502e-05 -4.4 0.16
7.504e-05 -4.48 0.24
7.506e-05 -4.56 0.16
7.508e-05 -4.56 0.16
7.51e-05 -4.56 0.16
7.512e-05 -4.64 0.16
7.514e-05 -4.72 0.24
7.516e-05 -4.72 0.16
7.518e-05 -4.8 0.16
7.52e-05 -4.8 0.16
7.522e-05 -4.8 0.08
7.524e-05 -4.88 0.16
7.526e-05 -4.88 0.08
7.528e-05 -4.88 0.08
7.53e-05 -4.88 0.08
7.532e-05 -4.96 0.16
7.534e-05 -5.04 0.16
7.536e-05 -5.04 0.08
7.538e-05 -5.12 0.08
7.54e-05 -5.12 0.08
7.542e-05 -5.2 0.08
7.544e-05 -5.2 0.08
7.546e-05 -5.2 0
7.548e-05 -5.2 0.08
7.55e-05 -5.28 0.08
7.552e-05 -5.36 0
7.554e-05 -5.28 0.08
7.556e-05 -5.36 0
7.558e-05 -5.36 0
7.56e-05 -5.44 0
7.562e-05 -5.52 0
7.564e-05 -5.44 0
7.566e-05 -5.52 -0.16
7.568e-05 -5.52 0
7.57e-05 -5.52 0
7.572e-05 -5.52 0
7.574e-05 -5.6 0
7.576e-05 -5.6 -0.24
7.578e-05 -5.6 -0.16
7.58e-05 -5.68 -0.16
7.582e-05 -5.68 0
7.584e-05 -5.68 -0.16
7.586e-05 -5.68 -0.16
7.588e-05 -5.76 -0.16
7.59e-05 -5.76 -0.16
7.592e-05 -5.76 -0.16
7.594e-05 -5.84 -0.24
7.596e-05 -5.84 -0.24
7.598e-05 -5.84 -0.24
7.6e-05 -5.84 -0.24
7.602e-05 -5.84 -0.16
7.604e-05 -5.84 -0.24
7.606e-05 -5.84 -0.24
7.608e-05 -5.84 -0.32
7.61e-05 -5.84 -0.24
7.612e-05 -5.92 -0.32
7.614e-05 -6 -0.32
7.616e-05 -5.92 -0.32
7.618e-05 -6 -0.24
7.62e-05 -6 -0.32
7.622e-05 -6 -0.24
7.624e-05 -6 -0.4
7.626e-05 -6 -0.4
7.628e-05 -6.08 -0.4
7.63e-05 -6.08 -0.4
7.632e-05 -6 -0.32
7.634e-05 -6.08 -0.4
7.636e-05 -6.08 -0.4
7.638e-05 -6.08 -0.4
7.64e-05 -6.08 -0.4
7.642e-05 -6.08 -0.4
7.644e-05 -6.08 -0.48
7.646e-05 -6.08 -0.4
7.648e-05 -6.08 -0.4
7.65e-05 -6.08 -0.48
7.652e-05 -6.16 -0.48
7.654e-05 -6.16 -0.4
7.656e-05 -6.08 -0.4
7.658e-05 -6.16 -0.4
7.66e-05 -6.08 -0.48
7.662e-05 -6.08 -0.56
7.664e-05 -6.16 -0.56
7.666e-05 -6.08 -0.48
7.668e-05 -6.16 -0.56
7.67e-05 -6.16 -0.56
7.672e-05 -6.08 -0.56
7.674e-05 -6.08 -0.56
7.676e-05 -6 -0.56
7.678e-05 -6.08 -0.56
7.68e-05 -6.08 -0.64
7.682e-05 -6.08 -0.64
7.684e-05 -6.08 -0.64
7.686e-05 -6.08 -0.56
7.688e-05 -6 -0.56
7.69e-05 -6.08 -0.56
7.692e-05 -6 -0.56
7.694e-05 -6.08 -0.64
7.696e-05 -6.08 -0.64
7.698e-05 -6 -0.72
7.7e-05 -6 -0.64
7.702e-05 -6.08 -0.72
7.704e-05 -6 -0.64
7.706e-05 -6 -0.64
7.708e-05 -6 -0.64
7.71e-05 -5.92 -0.72
7.712e-05 -6 -0.72
7.714e-05 -6 -0.72
7.716e-05 -5.92 -0.72
7.718e-05 -5.84 -0.72
7.72e-05 -5.84 -0.72
7.722e-05 -5.92 -0.72
7.724e-05 -5.84 -0.72
7.726e-05 -5.84 -0.72
7.728e-05 -5.84 -0.72
7.73e-05 -5.76 -0.8
7.732e-05 -5.84 -0.8
7.734e-05 -5.76 -0.8
7.736e-05 -5.76 -0.8
7.738e-05 -5.76 -0.8
7.74e-05 -5.68 -0.8
7.742e-05 -5.68 -0.8
7.744e-05 -5.68 -0.72
7.746e-05 -5.68 -0.88
7.748e-05 -5.68 -0.88
7.75e-05 -5.6 -0.8
7.752e-05 -5.52 -0.8
7.754e-05 -5.52 -0.88
7.756e-05 -5.52 -0.88
7.758e-05 -5.52 -0.88
7.76e-05 -5.52 -0.8
7.762e-05 -5.52 -0.88
7.764e-05 -5.44 -0.8
7.766e-05 -5.36 -0.88
7.768e-05 -5.44 -0.88
7.77e-05 -5.36 -0.88
7.772e-05 -5.36 -0.88
7.774e-05 -5.36 -0.88
7.776e-05 -5.2 -0.88
7.778e-05 -5.2 -0.88
7.78e-05 -5.2 -0.88
7.782e-05 -5.2 -0.88
7.784e-05 -5.2 -0.88
7.786e-05 -5.12 -0.96
7.788e-05 -5.12 -0.88
7.79e-05 -5.04 -0.96
7.792e-05 -5.04 -0.96
7.794e-05 -5.04 -0.96
7.796e-05 -4.96 -0.88
7.798e-05 -4.88 -0.88
7.8e-05 -4.88 -0.88
7.802e-05 -4.88 -0.96
7.804e-05 -4.88 -0.96
7.806e-05 -4.8 -0.96
7.808e-05 -4.8 -0.96
7.81e-05 -4.72 -0.96
7.812e-05 -4.72 -0.96
7.814e-05 -4.64 -0.96
7.816e-05 -4.64 -0.96
7.818e-05 -4.56 -0.96
7.82e-05 -4.56 -0.96
7.822e-05 -4.48 -1.04
7.824e-05 -4.48 -0.96
7.826e-05 -4.4 -1.04
7.828e-05 -4.4 -0.96
7.83e-05 -4.4 -0.96
7.832e-05 -4.24 -0.96
7.834e-05 -4.24 -0.96
7.836e-05 -4.24 -1.04
7.838e-05 -4.24 -1.04
7.84e-05 -4.16 -1.04
7.842e-05 -4.08 -1.04
7.844e-05 -4.08 -0.96
7.846e-05 -4.08 -0.96
7.848e-05 -3.92 -1.04
7.85e-05 -3.92 -1.04
7.852e-05 -3.92 -1.04
7.854e-05 -3.92 -1.04
7.856e-05 -3.84 -0.96
7.858e-05 -3.76 -1.04
7.86e-05 -3.68 -1.04
7.862e-05 -3.68 -1.04
7.864e-05 -3.6 -1.04
7.866e-05 -3.6 -1.04
7.868e-05 -3.52 -1.04
7.87e-05 -3.52 -1.04
7.872e-05 -3.44 -1.04
7.874e-05 -3.44 -1.04
7.876e-05 -3.36 -1.04
7.878e-05 -3.28 -1.04
7.88e-05 -3.28 -1.04
7.882e-05 -3.2 -1.04
7.884e-05 -3.12 -1.04
7.886e-05 -3.12 -1.04
7.888e-05 -3.04 -1.04
7.89e-05 -2.96 -1.04
7.892e-05 -2.96 -1.04
7.894e-05 -2.88 -1.04
7.896e-05 -2.8 -1.04
7.898e-05 -2.8 -1.04
7.9e-05 -2.72 -1.04
7.902e-05 -2.64 -1.04
7.904e-05 -2.64 -1.04
7.906e-05 -2.56 -1.04
7.908e-05 -2.56 -1.04
7.91e-05 -2.48 -1.04
7.912e-05 -2.48 -1.04
7.914e-05 -2.4 -1.04
7.916e-05 -2.32 -1.04
7.918e-05 -2.24 -1.04
7.92e-05 -2.24 -1.04
7.922e-05 -2.16 -1.04
7.924e-05 -2.16 -1.04
7.926e-05 -2.08 -1.04
7.928e-05 -2 -1.04
7.93e-05 -1.92 -1.04
7.932e-05 -1.92 -1.04
7.934e-05 -1.84 -1.04
7.936e-05 -1.84 -1.04
7.938e-05 -1.68 -1.04
7.94e-05 -1.68 -0.96
7.942e-05 -1.68 -1.04
7.944e-05 -1.6 -1.04
7.946e-05 -1.52 -1.04
7.948e-05 -1.52 -1.04
7.95e-05 -1.36 -1.04
7.952e-05 -1.36 -1.04
7.954e-05 -1.28 -1.04
7.956e-05 -1.2 -1.04
7.958e-05 -1.2 -1.04
7.96e-05 -1.12 -0.96
7.962e-05 -1.04 -0.96
7.964e-05 -1.04 -1.04
7.966e-05 -0.96 -1.04
7.968e-05 -0.96 -1.04
7.97e-05 -0.88 -0.96
7.972e-05 -0.72 -0.96
7.974e-05 -0.72 -0.96
7.976e-05 -0.72 -0.96
7.978e-05 -0.56 -0.96
7.98e-05 -0.56 -0.96
7.982e-05 -0.56 -1.04
7.984e-05 -0.4 -0.96
7.986e-05 -0.4 -1.04
7.988e-05 -0.4 -0.96
7.99e-05 -0.24 -0.96
7.992e-05 -0.24 -0.96
7.994e-05 -0.24 -0.96
7.996e-05 0 -0.96
7.998e-05 0 -0.96
