0 -5.44 -2.8
4e-08 -5.44 -2.8
8e-08 5.52 2.24
1.2e-07 5.52 2.32
1.6e-07 5.52 2.32
2e-07 5.6 2.24
2.4e-07 5.6 2.32
2.8e-07 5.6 2.24
3.2e-07 5.68 2.32
3.6e-07 5.76 2.32
4e-07 5.68 2.32
4.4e-07 5.76 2.4
4.8e-07 5.76 2.4
5.2e-07 5.76 2.48
5.6e-07 5.84 2.4
6e-07 5.76 2.4
6.4e-07 5.84 2.48
6.8e-07 5.84 2.56
7.2e-07 5.84 2.48
7.6e-07 5.84 2.56
8e-07 5.92 2.56
8.4e-07 5.92 2.56
8.8e-07 5.84 2.56
9.2e-07 5.84 2.56
9.6e-07 5.92 2.56
1e-06 5.92 2.56
1.04e-06 5.92 2.56
1.08e-06 5.92 2.56
1.12e-06 5.92 2.56
1.16e-06 5.84 2.64
1.2e-06 5.92 2.64
1.24e-06 5.92 2.64
1.28e-06 5.84 2.64
1.32e-06 5.92 2.56
1.36e-06 5.84 2.64
1.4e-06 5.84 2.64
1.44e-06 5.84 2.64
1.48e-06 5.84 2.64
1.52e-06 5.84 2.64
1.56e-06 5.76 2.64
1.6e-06 5.84 2.64
1.64e-06 5.76 2.64
1.68e-06 5.76 2.64
1.72e-06 5.76 2.64
1.76e-06 5.76 2.64
1.8e-06 5.68 2.64
1.84e-06 5.6 2.64
1.88e-06 5.6 2.64
1.92e-06 5.6 2.64
1.96e-06 5.6 2.56
2e-06 5.52 2.56
2.04e-06 5.52 2.56
2.08e-06 5.44 2.64
2.12e-06 5.44 2.64
2.16e-06 5.44 2.56
2.2e-06 5.36 2.64
2.24e-06 5.28 2.56
2.28e-06 5.28 2.56
2.32e-06 5.2 2.56
2.36e-06 5.2 2.56
2.4e-06 5.12 2.56
2.44e-06 5.12 2.48
2.48e-06 5.12 2.56
2.52e-06 5.04 2.48
2.56e-06 4.96 2.4
2.6e-06 4.88 2.56
2.64e-06 4.88 2.48
2.68e-06 4.8 2.48
2.72e-06 4.8 2.4
2.76e-06 4.72 2.4
2.8e-06 4.64 2.4
2.84e-06 4.64 2.4
2.88e-06 4.56 2.32
2.92e-06 4.48 2.24
2.96e-06 4.48 2.32
3e-06 4.48 2.32
3.04e-06 4.32 2.24
3.08e-06 4.24 2.24
3.12e-06 4.24 2.24
3.16e-06 4.16 2.16
3.2e-06 4.08 2.16
3.24e-06 3.92 2.08
3.28e-06 3.92 2.16
3.32e-06 3.92 2.08
3.36e-06 3.84 2.08
3.4e-06 3.84 2
3.44e-06 3.68 2
3.48e-06 3.6 2
3.52e-06 3.52 2
3.56e-06 3.52 1.92
3.6e-06 3.36 1.92
3.64e-06 3.28 1.92
3.68e-06 3.28 1.84
3.72e-06 3.2 1.84
3.76e-06 3.04 1.68
3.8e-06 3.04 1.68
3.84e-06 2.96 1.68
3.88e-06 2.88 1.6
3.92e-06 2.8 1.68
3.96e-06 2.64 1.6
4e-06 2.64 1.6
4.04e-06 2.56 1.6
4.08e-06 2.48 1.52
4.12e-06 2.32 1.44
4.16e-06 2.24 1.44
4.2e-06 2.24 1.44
4.24e-06 2.08 1.36
4.28e-06 2.08 1.36
4.32e-06 1.92 1.28
4.36e-06 1.84 1.28
4.4e-06 1.76 1.28
4.44e-06 1.68 1.2
4.48e-06 1.6 1.12
4.52e-06 1.6 1.12
4.56e-06 1.44 1.12
4.6e-06 1.36 1.04
4.64e-06 1.28 0.96
4.68e-06 1.12 1.04
4.72e-06 1.12 0.96
4.76e-06 0.96 0.96
4.8e-06 0.96 0.88
4.84e-06 0.8 0.8
4.88e-06 0.8 0.8
4.92e-06 0.64 0.8
4.96e-06 0.48 0.72
5e-06 0.48 0.64
5.04e-06 0.4 0.64
5.08e-06 0.32 0.64
5.12e-06 0.16 0.56
5.16e-06 0.08 0.48
5.2e-06 0 0.48
5.24e-06 0 0.48
5.28e-06 -0.24 0.4
5.32e-06 -0.4 0.32
5.36e-06 -0.4 0.32
5.4e-06 -0.4 0.32
5.44e-06 -0.56 0.32
5.48e-06 -0.72 0.24
5.52e-06 -0.88 0.16
5.56e-06 -0.88 0.08
5.6e-06 -0.96 0.08
5.64e-06 -1.04 0
5.68e-06 -1.12 0
5.72e-06 -1.2 0
5.76e-06 -1.36 -0.16
5.8e-06 -1.36 -0.16
5.84e-06 -1.52 -0.16
5.88e-06 -1.52 -0.24
5.92e-06 -1.68 -0.24
5.96e-06 -1.68 -0.32
6e-06 -1.84 -0.4
6.04e-06 -1.92 -0.48
6.08e-06 -2 -0.48
6.12e-06 -2 -0.48
6.16e-06 -2.16 -0.56
6.2e-06 -2.24 -0.56
6.24e-06 -2.32 -0.64
6.28e-06 -2.4 -0.64
6.32e-06 -2.48 -0.64
6.36e-06 -2.56 -0.72
6.4e-06 -2.64 -0.8
6.44e-06 -2.72 -0.8
6.48e-06 -2.8 -0.8
6.52e-06 -2.88 -0.88
6.56e-06 -2.96 -0.96
6.6e-06 -3.12 -0.96
6.64e-06 -3.12 -1.04
6.68e-06 -3.2 -1.04
6.72e-06 -3.28 -1.12
6.76e-06 -3.36 -1.12
6.8e-06 -3.44 -1.2
6.84e-06 -3.52 -1.2
6.88e-06 -3.52 -1.2
6.92e-06 -3.6 -1.28
6.96e-06 -3.76 -1.28
7e-06 -3.84 -1.36
7.04e-06 -3.84 -1.36
7.08e-06 -3.92 -1.44
7.12e-06 -3.92 -1.44
7.16e-06 -4.08 -1.52
7.2e-06 -4.08 -1.44
7.24e-06 -4.16 -1.52
7.28e-06 -4.24 -1.68
7.32e-06 -4.4 -1.6
7.36e-06 -4.4 -1.68
7.4e-06 -4.48 -1.68
7.44e-06 -4.48 -1.68
7.48e-06 -4.56 -1.84
7.52e-06 -4.64 -1.76
7.56e-06 -4.72 -1.76
7.6e-06 -4.8 -1.84
7.64e-06 -4.8 -1.84
7.68e-06 -4.88 -1.92
7.72e-06 -4.88 -1.92
7.76e-06 -4.88 -1.92
7.8e-06 -5.04 -2
7.84e-06 -5.04 -2
7.88e-06 -5.12 -2.08
7.92e-06 -5.12 -2.08
7.96e-06 -5.2 -2.16
8e-06 -5.2 -2.16
8.04e-06 -5.2 -2.24
8.08e-06 -5.28 -2.16
8.12e-06 -5.36 -2.24
8.16e-06 -5.44 -2.32
8.2e-06 -5.44 -2.24
8.24e-06 -5.52 -2.32
8.28e-06 -5.52 -2.24
8.32e-06 -5.52 -2.4
8.36e-06 -5.52 -2.4
8.4e-06 -5.68 -2.4
8.44e-06 -5.68 -2.4
8.48e-06 -5.68 -2.32
8.52e-06 -5.68 -2.48
8.56e-06 -5.76 -2.48
8.6e-06 -5.76 -2.48
8.64e-06 -5.84 -2.48
8.68e-06 -5.76 -2.48
8.72e-06 -5.84 -2.56
8.76e-06 -5.84 -2.56
8.8e-06 -5.84 -2.56
8.84e-06 -5.84 -2.56
8.88e-06 -5.84 -2.64
8.92e-06 -5.92 -2.64
8.96e-06 -5.92 -2.64
9e-06 -6 -2.64
9.04e-06 -5.92 -2.64
9.08e-06 -5.92 -2.72
9.12e-06 -6 -2.72
9.16e-06 -6 -2.72
9.2e-06 -6 -2.72
9.24e-06 -6 -2.8
9.28e-06 -6 -2.8
9.32e-06 -6.08 -2.72
9.36e-06 -6.08 -2.72
9.4e-06 -6 -2.8
9.44e-06 -6 -2.8
9.48e-06 -6 -2.8
9.52e-06 -6 -2.72
9.56e-06 -6 -2.8
9.6e-06 -6 -2.8
9.64e-06 -6 -2.8
9.68e-06 -6 -2.8
9.72e-06 -5.92 -2.8
9.76e-06 -5.92 -2.88
9.8e-06 -5.92 -2.88
9.84e-06 -5.84 -2.88
9.88e-06 -5.84 -2.8
9.92e-06 -5.92 -2.88
9.96e-06 -5.84 -2.8
1e-05 -5.84 -2.8
1.004e-05 -5.76 -2.8
1.008e-05 -5.76 -2.88
1.012e-05 -5.76 -2.88
1.016e-05 -5.76 -2.88
1.02e-05 -5.68 -2.8
1.024e-05 -5.68 -2.8
1.028e-05 -5.68 -2.8
1.032e-05 -5.68 -2.8
1.036e-05 -5.52 -2.8
1.04e-05 -5.52 -2.8
1.044e-05 -5.52 -2.72
1.048e-05 -5.52 -2.8
1.052e-05 -5.44 -2.8
1.056e-05 -5.44 -2.72
1.06e-05 -5.36 -2.72
1.064e-05 -5.36 -2.72
1.068e-05 -5.28 -2.72
1.072e-05 -5.2 -2.64
1.076e-05 -5.12 -2.64
1.08e-05 -5.2 -2.64
1.084e-05 -5.12 -2.64
1.088e-05 -5.04 -2.64
1.092e-05 -5.04 -2.64
1.096e-05 -5.04 -2.56
1.1e-05 -4.88 -2.64
1.104e-05 -4.88 -2.56
1.108e-05 -4.88 -2.56
1.112e-05 -4.72 -2.48
1.116e-05 -4.72 -2.56
1.12e-05 -4.64 -2.48
1.124e-05 -4.64 -2.48
1.128e-05 -4.56 -2.32
1.132e-05 -4.48 -2.4
1.136e-05 -4.4 -2.48
1.14e-05 -4.4 -2.4
1.144e-05 -4.24 -2.4
1.148e-05 -4.24 -2.32
1.152e-05 -4.16 -2.32
1.156e-05 -4.08 -2.24
1.16e-05 -4.08 -2.24
1.164e-05 -3.92 -2.24
1.168e-05 -3.84 -2.24
1.172e-05 -3.76 -2.24
1.176e-05 -3.76 -2.16
1.18e-05 -3.68 -2.08
1.184e-05 -3.6 -2.16
1.188e-05 -3.52 -2.08
1.192e-05 -3.52 -2.08
1.196e-05 -3.44 -2
1.2e-05 -3.36 -1.92
1.204e-05 -3.2 -2
1.208e-05 -3.12 -1.92
1.212e-05 -3.04 -2
1.216e-05 -2.96 -1.84
1.22e-05 -2.96 -1.84
1.224e-05 -2.8 -1.84
1.228e-05 -2.8 -1.76
1.232e-05 -2.64 -1.76
1.236e-05 -2.64 -1.76
1.24e-05 -2.56 -1.68
1.244e-05 -2.48 -1.68
1.248e-05 -2.32 -1.6
1.252e-05 -2.24 -1.6
1.256e-05 -2.16 -1.52
1.26e-05 -2.16 -1.52
1.264e-05 -2 -1.52
1.268e-05 -1.92 -1.52
1.272e-05 -1.84 -1.36
1.276e-05 -1.84 -1.36
1.28e-05 -1.68 -1.36
1.284e-05 -1.52 -1.28
1.288e-05 -1.52 -1.28
1.292e-05 -1.36 -1.2
1.296e-05 -1.36 -1.28
1.3e-05 -1.28 -1.2
1.304e-05 -1.2 -1.04
1.308e-05 -1.04 -1.04
1.312e-05 -0.96 -1.04
1.316e-05 -0.88 -1.04
1.32e-05 -0.8 -0.96
1.324e-05 -0.64 -0.96
1.328e-05 -0.64 -0.96
1.332e-05 -0.56 -0.88
1.336e-05 -0.4 -0.88
1.34e-05 -0.32 -0.72
1.344e-05 -0.24 -0.72
1.348e-05 -0.24 -0.72
1.352e-05 0 -0.64
1.356e-05 0.08 -0.64
1.36e-05 0.16 -0.56
1.364e-05 0.24 -0.56
1.368e-05 0.32 -0.56
1.372e-05 0.4 -0.48
1.376e-05 0.56 -0.4
1.38e-05 0.64 -0.32
1.384e-05 0.72 -0.4
1.388e-05 0.8 -0.32
1.392e-05 0.96 -0.24
1.396e-05 0.96 -0.16
1.4e-05 1.04 -0.16
1.404e-05 1.12 -0.16
1.408e-05 1.28 0.08
1.412e-05 1.36 0
1.416e-05 1.36 0.08
1.42e-05 1.44 0.08
1.424e-05 1.6 0.08
1.428e-05 1.68 0.16
1.432e-05 1.76 0.24
1.436e-05 1.84 0.32
1.44e-05 1.92 0.32
1.444e-05 2 0.32
1.448e-05 2.08 0.4
1.452e-05 2.16 0.4
1.456e-05 2.24 0.48
1.46e-05 2.32 0.48
1.464e-05 2.4 0.56
1.468e-05 2.56 0.56
1.472e-05 2.56 0.64
1.476e-05 2.64 0.56
1.48e-05 2.72 0.72
1.484e-05 2.88 0.72
1.488e-05 2.96 0.72
1.492e-05 3.04 0.72
1.496e-05 3.04 0.8
1.5e-05 3.2 0.96
1.504e-05 3.2 0.96
1.508e-05 3.28 0.96
1.512e-05 3.36 1.04
1.516e-05 3.44 1.04
1.52e-05 3.52 1.04
1.524e-05 3.6 1.12
1.528e-05 3.68 1.12
1.532e-05 3.68 1.2
1.536e-05 3.84 1.28
1.54e-05 3.84 1.28
1.544e-05 3.92 1.2
1.548e-05 4 1.28
1.552e-05 4.16 1.36
1.556e-05 4.16 1.36
1.56e-05 4.16 1.36
1.564e-05 4.24 1.44
1.568e-05 4.32 1.52
1.572e-05 4.4 1.6
1.576e-05 4.48 1.52
1.58e-05 4.48 1.6
1.584e-05 4.56 1.6
1.588e-05 4.64 1.68
1.592e-05 4.64 1.68
1.596e-05 4.64 1.68
1.6e-05 4.8 1.76
1.604e-05 4.8 1.76
1.608e-05 4.88 1.84
1.612e-05 4.88 1.84
1.616e-05 4.96 1.92
1.62e-05 5.04 1.92
1.624e-05 5.12 1.92
1.628e-05 5.12 1.92
1.632e-05 5.12 2
1.636e-05 5.2 2
1.64e-05 5.2 2.08
1.644e-05 5.28 2
1.648e-05 5.28 2.08
1.652e-05 5.36 2.08
1.656e-05 5.44 2.16
1.66e-05 5.44 2.16
1.664e-05 5.44 2.24
1.668e-05 5.52 2.24
1.672e-05 5.44 2.24
1.676e-05 5.6 2.24
1.68e-05 5.6 2.32
1.684e-05 5.6 2.32
1.688e-05 5.68 2.32
1.692e-05 5.68 2.32
1.696e-05 5.76 2.4
1.7e-05 5.68 2.32
1.704e-05 5.76 2.4
1.708e-05 5.76 2.4
1.712e-05 5.76 2.4
1.716e-05 5.76 2.4
1.72e-05 5.76 2.4
1.724e-05 5.84 2.48
1.728e-05 5.84 2.56
1.732e-05 5.84 2.56
1.736e-05 5.76 2.48
1.74e-05 5.84 2.56
1.744e-05 5.84 2.56
1.748e-05 5.92 2.56
1.752e-05 5.92 2.56
1.756e-05 5.92 2.48
1.76e-05 5.92 2.56
1.764e-05 5.84 2.56
1.768e-05 5.92 2.64
1.772e-05 5.84 2.56
1.776e-05 5.92 2.64
1.78e-05 5.92 2.64
1.784e-05 5.92 2.64
1.788e-05 5.84 2.64
1.792e-05 5.92 2.56
1.796e-05 5.84 2.64
1.8e-05 5.84 2.72
1.804e-05 5.84 2.64
1.808e-05 5.84 2.64
1.812e-05 5.76 2.64
1.816e-05 5.76 2.64
1.82e-05 5.84 2.64
1.824e-05 5.84 2.64
1.828e-05 5.76 2.64
1.832e-05 5.76 2.64
1.836e-05 5.76 2.64
1.84e-05 5.68 2.64
1.844e-05 5.76 2.56
1.848e-05 5.6 2.56
1.852e-05 5.6 2.64
1.856e-05 5.6 2.64
1.86e-05 5.52 2.64
1.864e-05 5.52 2.64
1.868e-05 5.44 2.56
1.872e-05 5.44 2.64
1.876e-05 5.44 2.56
1.88e-05 5.44 2.56
1.884e-05 5.36 2.56
1.888e-05 5.28 2.56
1.892e-05 5.2 2.56
1.896e-05 5.2 2.56
1.9e-05 5.12 2.56
1.904e-05 5.12 2.56
1.908e-05 5.12 2.56
1.912e-05 5.04 2.48
1.916e-05 5.12 2.48
1.92e-05 4.96 2.48
1.924e-05 4.88 2.4
1.928e-05 4.88 2.4
1.932e-05 4.8 2.4
1.936e-05 4.72 2.32
1.94e-05 4.64 2.4
1.944e-05 4.64 2.4
1.948e-05 4.56 2.32
1.952e-05 4.48 2.32
1.956e-05 4.48 2.32
1.96e-05 4.4 2.32
1.964e-05 4.32 2.24
1.968e-05 4.32 2.24
1.972e-05 4.16 2.16
1.976e-05 4.16 2.24
1.98e-05 4.16 2.16
1.984e-05 4 2.16
1.988e-05 3.92 2.16
1.992e-05 3.84 2.08
1.996e-05 3.84 2.08
2e-05 3.76 2
2.004e-05 3.68 2
2.008e-05 3.6 1.92
2.012e-05 3.6 2
2.016e-05 3.52 1.92
2.02e-05 3.36 1.84
2.024e-05 3.36 1.92
2.028e-05 3.2 1.84
2.032e-05 3.2 1.84
2.036e-05 3.12 1.76
2.04e-05 3.04 1.68
2.044e-05 2.96 1.76
2.048e-05 2.88 1.68
2.052e-05 2.72 1.6
2.056e-05 2.72 1.6
2.06e-05 2.64 1.6
2.064e-05 2.56 1.52
2.068e-05 2.4 1.52
2.072e-05 2.4 1.44
2.076e-05 2.32 1.44
2.08e-05 2.24 1.44
2.084e-05 2.08 1.36
2.088e-05 2.08 1.28
2.092e-05 1.92 1.36
2.096e-05 1.92 1.28
2.1e-05 1.76 1.28
2.104e-05 1.68 1.28
2.108e-05 1.68 1.2
2.112e-05 1.6 1.12
2.116e-05 1.44 1.12
2.12e-05 1.36 1.12
2.124e-05 1.28 1.04
2.128e-05 1.2 0.96
2.132e-05 1.12 0.96
2.136e-05 1.04 0.96
2.14e-05 0.96 0.96
2.144e-05 0.8 0.88
2.148e-05 0.72 0.8
2.152e-05 0.72 0.8
2.156e-05 0.64 0.72
2.16e-05 0.48 0.72
2.164e-05 0.4 0.64
2.168e-05 0.32 0.64
2.172e-05 0.16 0.56
2.176e-05 0.16 0.48
2.18e-05 0 0.48
2.184e-05 0 0.48
2.188e-05 -0.24 0.48
2.192e-05 -0.32 0.4
2.196e-05 -0.4 0.32
2.2e-05 -0.4 0.24
2.204e-05 -0.64 0.32
2.208e-05 -0.64 0.24
2.212e-05 -0.8 0.16
2.216e-05 -0.88 0.16
2.22e-05 -0.96 0.08
2.224e-05 -1.04 0.08
2.228e-05 -1.04 0
2.232e-05 -1.2 0
2.236e-05 -1.28 0
2.24e-05 -1.36 -0.16
2.244e-05 -1.52 -0.16
2.248e-05 -1.52 -0.32
2.252e-05 -1.6 -0.32
2.256e-05 -1.68 -0.32
2.26e-05 -1.76 -0.4
2.264e-05 -1.92 -0.4
2.268e-05 -2 -0.48
2.272e-05 -2 -0.48
2.276e-05 -2.16 -0.48
2.28e-05 -2.24 -0.56
2.284e-05 -2.32 -0.64
2.288e-05 -2.4 -0.64
2.292e-05 -2.48 -0.72
2.296e-05 -2.56 -0.72
2.3e-05 -2.64 -0.72
2.304e-05 -2.64 -0.88
2.308e-05 -2.8 -0.8
2.312e-05 -2.88 -0.88
2.316e-05 -2.96 -0.88
2.32e-05 -2.96 -0.96
2.324e-05 -3.12 -1.04
2.328e-05 -3.12 -1.04
2.332e-05 -3.28 -1.04
2.336e-05 -3.28 -1.12
2.34e-05 -3.44 -1.2
2.344e-05 -3.52 -1.2
2.348e-05 -3.52 -1.28
2.352e-05 -3.6 -1.28
2.356e-05 -3.68 -1.36
2.36e-05 -3.76 -1.36
2.364e-05 -3.84 -1.36
2.368e-05 -3.92 -1.36
2.372e-05 -4 -1.44
2.376e-05 -4.08 -1.52
2.38e-05 -4.16 -1.52
2.384e-05 -4.16 -1.52
2.388e-05 -4.24 -1.6
2.392e-05 -4.24 -1.68
2.396e-05 -4.4 -1.68
2.4e-05 -4.4 -1.68
2.404e-05 -4.56 -1.68
2.408e-05 -4.56 -1.76
2.412e-05 -4.56 -1.76
2.416e-05 -4.64 -1.84
2.42e-05 -4.72 -1.84
2.424e-05 -4.8 -1.84
2.428e-05 -4.88 -1.92
2.432e-05 -4.88 -1.92
2.436e-05 -4.88 -2
2.44e-05 -5.04 -2
2.444e-05 -5.04 -2.08
2.448e-05 -5.12 -2.08
2.452e-05 -5.12 -2
2.456e-05 -5.2 -2.08
2.46e-05 -5.2 -2.16
2.464e-05 -5.2 -2.16
2.468e-05 -5.28 -2.24
2.472e-05 -5.36 -2.16
2.476e-05 -5.36 -2.32
2.48e-05 -5.44 -2.32
2.484e-05 -5.44 -2.32
2.488e-05 -5.52 -2.32
2.492e-05 -5.52 -2.32
2.496e-05 -5.52 -2.32
2.5e-05 -5.52 -2.4
2.504e-05 -5.68 -2.48
2.508e-05 -5.68 -2.4
2.512e-05 -5.68 -2.48
2.516e-05 -5.68 -2.48
2.52e-05 -5.76 -2.48
2.524e-05 -5.76 -2.48
2.528e-05 -5.76 -2.56
2.532e-05 -5.84 -2.64
2.536e-05 -5.84 -2.56
2.54e-05 -5.84 -2.56
2.544e-05 -5.84 -2.56
2.548e-05 -5.84 -2.64
2.552e-05 -5.92 -2.64
2.556e-05 -5.92 -2.64
2.56e-05 -6 -2.64
2.564e-05 -6 -2.64
2.568e-05 -6 -2.72
2.572e-05 -6 -2.72
2.576e-05 -6 -2.72
2.58e-05 -6 -2.72
2.584e-05 -6 -2.72
2.588e-05 -6 -2.8
2.592e-05 -6 -2.72
2.596e-05 -6 -2.72
2.6e-05 -6 -2.8
2.604e-05 -6 -2.8
2.608e-05 -6.08 -2.88
2.612e-05 -6 -2.8
2.616e-05 -6.08 -2.8
2.62e-05 -6 -2.8
2.624e-05 -6 -2.88
2.628e-05 -6 -2.8
2.632e-05 -6 -2.8
2.636e-05 -6 -2.88
2.64e-05 -6 -2.88
2.644e-05 -5.92 -2.8
2.648e-05 -5.84 -2.8
2.652e-05 -5.84 -2.8
2.656e-05 -5.84 -2.88
2.66e-05 -5.84 -2.88
2.664e-05 -5.76 -2.8
2.668e-05 -5.84 -2.8
2.672e-05 -5.84 -2.8
2.676e-05 -5.76 -2.88
2.68e-05 -5.76 -2.8
2.684e-05 -5.68 -2.8
2.688e-05 -5.68 -2.8
2.692e-05 -5.68 -2.8
2.696e-05 -5.6 -2.8
2.7e-05 -5.6 -2.8
2.704e-05 -5.52 -2.8
2.708e-05 -5.44 -2.72
2.712e-05 -5.44 -2.8
2.716e-05 -5.36 -2.72
2.72e-05 -5.36 -2.64
2.724e-05 -5.36 -2.72
2.728e-05 -5.28 -2.8
2.732e-05 -5.2 -2.72
2.736e-05 -5.2 -2.64
2.74e-05 -5.2 -2.64
2.744e-05 -5.12 -2.64
2.748e-05 -5.12 -2.72
2.752e-05 -5.04 -2.64
2.756e-05 -5.04 -2.56
2.76e-05 -4.88 -2.64
2.764e-05 -4.88 -2.56
2.768e-05 -4.88 -2.56
2.772e-05 -4.8 -2.56
2.776e-05 -4.72 -2.48
2.78e-05 -4.72 -2.56
2.784e-05 -4.56 -2.48
2.788e-05 -4.56 -2.48
2.792e-05 -4.48 -2.48
2.796e-05 -4.4 -2.4
2.8e-05 -4.4 -2.4
2.804e-05 -4.24 -2.32
2.808e-05 -4.24 -2.32
2.812e-05 -4.16 -2.32
2.816e-05 -4.08 -2.32
2.82e-05 -4.08 -2.32
2.824e-05 -3.92 -2.24
2.828e-05 -3.92 -2.16
2.832e-05 -3.84 -2.16
2.836e-05 -3.76 -2.24
2.84e-05 -3.76 -2.08
2.844e-05 -3.68 -2
2.848e-05 -3.6 -2.16
2.852e-05 -3.44 -2.08
2.856e-05 -3.44 -2.08
2.86e-05 -3.28 -2
2.864e-05 -3.28 -2
2.868e-05 -3.12 -1.92
2.872e-05 -3.12 -1.92
2.876e-05 -2.96 -1.92
2.88e-05 -2.96 -1.84
2.884e-05 -2.88 -1.92
2.888e-05 -2.72 -1.76
2.892e-05 -2.72 -1.76
2.896e-05 -2.64 -1.68
2.9e-05 -2.56 -1.68
2.904e-05 -2.48 -1.68
2.908e-05 -2.32 -1.68
2.912e-05 -2.32 -1.6
2.916e-05 -2.24 -1.6
2.92e-05 -2.16 -1.6
2.924e-05 -2.08 -1.52
2.928e-05 -2 -1.44
2.932e-05 -1.84 -1.36
2.936e-05 -1.76 -1.36
2.94e-05 -1.68 -1.36
2.944e-05 -1.68 -1.36
2.948e-05 -1.6 -1.28
2.952e-05 -1.52 -1.2
2.956e-05 -1.36 -1.2
2.96e-05 -1.28 -1.28
2.964e-05 -1.12 -1.12
2.968e-05 -1.12 -1.04
2.972e-05 -1.04 -1.04
2.976e-05 -0.96 -1.04
2.98e-05 -0.88 -0.96
2.984e-05 -0.72 -0.96
2.988e-05 -0.64 -0.96
2.992e-05 -0.56 -0.88
2.996e-05 -0.4 -0.8
3e-05 -0.4 -0.72
3.004e-05 -0.32 -0.72
3.008e-05 -0.24 -0.72
3.012e-05 0 -0.64
3.016e-05 0 -0.64
3.02e-05 0.16 -0.56
3.024e-05 0.24 -0.56
3.028e-05 0.4 -0.48
3.032e-05 0.4 -0.4
3.036e-05 0.48 -0.4
3.04e-05 0.64 -0.4
3.044e-05 0.72 -0.4
3.048e-05 0.8 -0.32
3.052e-05 0.88 -0.24
3.056e-05 0.96 -0.16
3.06e-05 1.04 -0.16
3.064e-05 1.12 -0.16
3.068e-05 1.28 0
3.072e-05 1.28 0
3.076e-05 1.36 0.08
3.08e-05 1.44 0.08
3.084e-05 1.6 0.08
3.088e-05 1.6 0.16
3.092e-05 1.68 0.24
3.096e-05 1.76 0.24
3.1e-05 1.92 0.24
3.104e-05 2 0.32
3.108e-05 2.08 0.4
3.112e-05 2.08 0.4
3.116e-05 2.24 0.4
3.12e-05 2.32 0.4
3.124e-05 2.4 0.64
3.128e-05 2.4 0.64
3.132e-05 2.56 0.64
3.136e-05 2.64 0.64
3.14e-05 2.72 0.64
3.144e-05 2.88 0.8
3.148e-05 2.88 0.72
3.152e-05 2.96 0.8
3.156e-05 3.04 0.8
3.16e-05 3.04 0.88
3.164e-05 3.2 0.96
3.168e-05 3.28 0.96
3.172e-05 3.28 1.04
3.176e-05 3.44 1.04
3.18e-05 3.52 1.12
3.184e-05 3.52 1.04
3.188e-05 3.6 1.04
3.192e-05 3.68 1.2
3.196e-05 3.84 1.28
3.2e-05 3.84 1.28
3.204e-05 3.92 1.28
3.208e-05 3.92 1.28
3.212e-05 4 1.36
3.216e-05 4.16 1.44
3.22e-05 4.16 1.44
3.224e-05 4.24 1.44
3.228e-05 4.32 1.52
3.232e-05 4.32 1.52
3.236e-05 4.4 1.52
3.24e-05 4.48 1.6
3.244e-05 4.56 1.6
3.248e-05 4.64 1.68
3.252e-05 4.64 1.68
3.256e-05 4.72 1.68
3.26e-05 4.8 1.68
3.264e-05 4.8 1.76
3.268e-05 4.88 1.76
3.272e-05 4.88 1.76
3.276e-05 4.96 1.84
3.28e-05 4.96 1.92
3.284e-05 5.12 1.92
3.288e-05 5.12 2
3.292e-05 5.12 2
3.296e-05 5.2 2
3.3e-05 5.2 2
3.304e-05 5.28 2.08
3.308e-05 5.28 2.08
3.312e-05 5.36 2.08
3.316e-05 5.44 2.16
3.32e-05 5.44 2.16
3.324e-05 5.44 2.24
3.328e-05 5.52 2.16
3.332e-05 5.52 2.24
3.336e-05 5.52 2.24
3.34e-05 5.6 2.24
3.344e-05 5.6 2.24
3.348e-05 5.6 2.32
3.352e-05 5.68 2.32
3.356e-05 5.68 2.32
3.36e-05 5.76 2.4
3.364e-05 5.76 2.32
3.368e-05 5.76 2.4
3.372e-05 5.76 2.48
3.376e-05 5.76 2.4
3.38e-05 5.84 2.4
3.384e-05 5.84 2.48
3.388e-05 5.84 2.48
3.392e-05 5.92 2.56
3.396e-05 5.92 2.48
3.4e-05 5.92 2.56
3.404e-05 5.92 2.56
3.408e-05 5.84 2.56
3.412e-05 5.92 2.56
3.416e-05 5.92 2.56
3.42e-05 5.92 2.56
3.424e-05 5.92 2.56
3.428e-05 5.92 2.56
3.432e-05 5.92 2.56
3.436e-05 5.92 2.56
3.44e-05 5.92 2.64
3.444e-05 5.84 2.64
3.448e-05 5.92 2.64
3.452e-05 5.92 2.64
3.456e-05 5.84 2.64
3.46e-05 5.92 2.64
3.464e-05 5.92 2.64
3.468e-05 5.84 2.64
3.472e-05 5.84 2.64
3.476e-05 5.76 2.64
3.48e-05 5.76 2.64
3.484e-05 5.76 2.64
3.488e-05 5.76 2.56
3.492e-05 5.76 2.56
3.496e-05 5.76 2.64
3.5e-05 5.68 2.64
3.504e-05 5.68 2.64
3.508e-05 5.68 2.64
3.512e-05 5.6 2.64
3.516e-05 5.6 2.64
3.52e-05 5.52 2.64
3.524e-05 5.52 2.64
3.528e-05 5.44 2.64
3.532e-05 5.44 2.56
3.536e-05 5.44 2.64
3.54e-05 5.44 2.56
3.544e-05 5.44 2.56
3.548e-05 5.28 2.56
3.552e-05 5.28 2.56
3.556e-05 5.2 2.56
3.56e-05 5.2 2.56
3.564e-05 5.2 2.56
3.568e-05 5.12 2.56
3.572e-05 5.12 2.56
3.576e-05 4.96 2.4
3.58e-05 4.96 2.56
3.584e-05 4.88 2.48
3.588e-05 4.88 2.4
3.592e-05 4.88 2.4
3.596e-05 4.8 2.32
3.6e-05 4.72 2.48
3.604e-05 4.64 2.4
3.608e-05 4.64 2.32
3.612e-05 4.56 2.32
3.616e-05 4.48 2.24
3.62e-05 4.48 2.24
3.624e-05 4.32 2.24
3.628e-05 4.32 2.32
3.632e-05 4.24 2.24
3.636e-05 4.16 2.24
3.64e-05 4.16 2.24
3.644e-05 4.08 2.16
3.648e-05 4 2.08
3.652e-05 3.92 2.08
3.656e-05 3.84 2.08
3.66e-05 3.84 2
3.664e-05 3.76 2
3.668e-05 3.6 2
3.672e-05 3.52 2
3.676e-05 3.52 2
3.68e-05 3.44 1.84
3.684e-05 3.36 1.84
3.688e-05 3.28 1.84
3.692e-05 3.2 1.84
3.696e-05 3.2 1.76
3.7e-05 3.04 1.76
3.704e-05 2.96 1.76
3.708e-05 2.88 1.68
3.712e-05 2.88 1.68
3.716e-05 2.72 1.6
3.72e-05 2.64 1.6
3.724e-05 2.56 1.6
3.728e-05 2.56 1.52
3.732e-05 2.4 1.6
3.736e-05 2.32 1.44
3.74e-05 2.32 1.44
3.744e-05 2.16 1.44
3.748e-05 2.08 1.36
3.752e-05 1.92 1.36
3.756e-05 1.92 1.28
3.76e-05 1.76 1.36
3.764e-05 1.68 1.28
3.768e-05 1.6 1.2
3.772e-05 1.6 1.12
3.776e-05 1.44 1.04
3.78e-05 1.36 1.12
3.784e-05 1.28 1.04
3.788e-05 1.28 1.04
3.792e-05 1.12 0.96
3.796e-05 1.04 0.96
3.8e-05 0.96 0.96
3.804e-05 0.88 0.8
3.808e-05 0.8 0.8
3.812e-05 0.72 0.8
3.816e-05 0.64 0.8
3.82e-05 0.48 0.72
3.824e-05 0.4 0.64
3.828e-05 0.32 0.64
3.832e-05 0.32 0.56
3.836e-05 0.16 0.64
3.84e-05 0 0.48
3.844e-05 0 0.48
3.848e-05 -0.24 0.4
3.852e-05 -0.24 0.4
3.856e-05 -0.4 0.4
3.86e-05 -0.4 0.24
3.864e-05 -0.56 0.32
3.868e-05 -0.64 0.32
3.872e-05 -0.72 0.24
3.876e-05 -0.88 0.16
3.88e-05 -0.96 0.08
3.884e-05 -0.96 0.08
3.888e-05 -1.04 0
3.892e-05 -1.2 0
3.896e-05 -1.28 0
3.9e-05 -1.36 -0.16
3.904e-05 -1.36 -0.16
3.908e-05 -1.52 -0.32
3.912e-05 -1.6 -0.32
3.916e-05 -1.68 -0.32
3.92e-05 -1.84 -0.4
3.924e-05 -1.84 -0.4
3.928e-05 -2 -0.4
3.932e-05 -2 -0.4
3.936e-05 -2.16 -0.56
3.94e-05 -2.24 -0.48
3.944e-05 -2.24 -0.64
3.948e-05 -2.32 -0.64
3.952e-05 -2.48 -0.72
3.956e-05 -2.56 -0.72
3.96e-05 -2.64 -0.72
3.964e-05 -2.72 -0.88
3.968e-05 -2.8 -0.88
3.972e-05 -2.88 -0.88
3.976e-05 -2.88 -0.88
3.98e-05 -2.96 -0.96
3.984e-05 -3.12 -1.04
3.988e-05 -3.12 -1.04
3.992e-05 -3.2 -1.04
3.996e-05 -3.28 -1.12
4e-05 -3.44 -1.12
4.004e-05 -3.52 -1.2
4.008e-05 -3.52 -1.2
4.012e-05 -3.6 -1.2
4.016e-05 -3.6 -1.28
4.02e-05 -3.76 -1.36
4.024e-05 -3.84 -1.36
4.028e-05 -3.92 -1.36
4.032e-05 -3.92 -1.44
4.036e-05 -4 -1.52
4.04e-05 -4.08 -1.52
4.044e-05 -4.16 -1.52
4.048e-05 -4.16 -1.52
4.052e-05 -4.24 -1.6
4.056e-05 -4.4 -1.6
4.06e-05 -4.4 -1.68
4.064e-05 -4.48 -1.68
4.068e-05 -4.56 -1.76
4.072e-05 -4.56 -1.84
4.076e-05 -4.72 -1.76
4.08e-05 -4.72 -1.84
4.084e-05 -4.8 -1.84
4.088e-05 -4.8 -1.92
4.092e-05 -4.88 -1.92
4.096e-05 -4.96 -1.92
4.1e-05 -5.04 -1.92
4.104e-05 -5.04 -2
4.108e-05 -5.04 -2
4.112e-05 -5.12 -2
4.116e-05 -5.2 -2.08
4.12e-05 -5.2 -2.16
4.124e-05 -5.2 -2.16
4.128e-05 -5.28 -2.24
4.132e-05 -5.36 -2.24
4.136e-05 -5.36 -2.24
4.14e-05 -5.44 -2.24
4.144e-05 -5.44 -2.32
4.148e-05 -5.52 -2.32
4.152e-05 -5.52 -2.32
4.156e-05 -5.52 -2.32
4.16e-05 -5.6 -2.32
4.164e-05 -5.68 -2.4
4.168e-05 -5.68 -2.32
4.172e-05 -5.68 -2.4
4.176e-05 -5.68 -2.48
4.18e-05 -5.76 -2.48
4.184e-05 -5.68 -2.48
4.188e-05 -5.76 -2.48
4.192e-05 -5.76 -2.56
4.196e-05 -5.84 -2.56
4.2e-05 -5.84 -2.56
4.204e-05 -5.84 -2.56
4.208e-05 -5.84 -2.56
4.212e-05 -5.84 -2.64
4.216e-05 -6 -2.64
4.22e-05 -5.92 -2.64
4.224e-05 -6 -2.64
4.228e-05 -6 -2.64
4.232e-05 -6 -2.72
4.236e-05 -6 -2.64
4.24e-05 -6 -2.72
4.244e-05 -6 -2.72
4.248e-05 -6 -2.8
4.252e-05 -6 -2.72
4.256e-05 -6 -2.8
4.26e-05 -6 -2.8
4.264e-05 -6 -2.8
4.268e-05 -6 -2.8
4.272e-05 -6 -2.8
4.276e-05 -6 -2.72
4.28e-05 -6 -2.8
4.284e-05 -6 -2.8
4.288e-05 -6 -2.88
4.292e-05 -5.92 -2.8
4.296e-05 -6 -2.8
4.3e-05 -5.92 -2.8
4.304e-05 -5.92 -2.8
4.308e-05 -5.84 -2.88
4.312e-05 -5.92 -2.8
4.316e-05 -5.84 -2.88
4.32e-05 -5.84 -2.8
4.324e-05 -5.84 -2.8
4.328e-05 -5.76 -2.8
4.332e-05 -5.76 -2.8
4.336e-05 -5.76 -2.8
4.34e-05 -5.76 -2.8
4.344e-05 -5.68 -2.8
4.348e-05 -5.68 -2.8
4.352e-05 -5.68 -2.8
4.356e-05 -5.52 -2.8
4.36e-05 -5.52 -2.72
4.364e-05 -5.52 -2.72
4.368e-05 -5.52 -2.72
4.372e-05 -5.52 -2.8
4.376e-05 -5.44 -2.72
4.38e-05 -5.36 -2.72
4.384e-05 -5.36 -2.64
4.388e-05 -5.28 -2.64
4.392e-05 -5.2 -2.72
4.396e-05 -5.2 -2.64
4.4e-05 -5.2 -2.64
4.404e-05 -5.12 -2.64
4.408e-05 -5.12 -2.64
4.412e-05 -5.12 -2.64
4.416e-05 -5.04 -2.56
4.42e-05 -4.88 -2.56
4.424e-05 -4.88 -2.56
4.428e-05 -4.8 -2.56
4.432e-05 -4.8 -2.48
4.436e-05 -4.72 -2.48
4.44e-05 -4.72 -2.56
4.444e-05 -4.56 -2.48
4.448e-05 -4.56 -2.48
4.452e-05 -4.48 -2.32
4.456e-05 -4.4 -2.4
4.46e-05 -4.4 -2.32
4.464e-05 -4.24 -2.4
4.468e-05 -4.24 -2.32
4.472e-05 -4.16 -2.32
4.476e-05 -4.16 -2.32
4.48e-05 -4.08 -2.32
4.484e-05 -3.92 -2.24
4.488e-05 -3.92 -2.24
4.492e-05 -3.84 -2.16
4.496e-05 -3.84 -2.24
4.5e-05 -3.76 -2.16
4.504e-05 -3.6 -2.08
4.508e-05 -3.6 -2.08
4.512e-05 -3.52 -2.16
4.516e-05 -3.44 -2.08
4.52e-05 -3.36 -2
4.524e-05 -3.28 -1.92
4.528e-05 -3.2 -1.92
4.532e-05 -3.12 -1.92
4.536e-05 -3.04 -1.92
4.54e-05 -2.96 -1.84
4.544e-05 -2.88 -1.92
4.548e-05 -2.88 -1.76
4.552e-05 -2.72 -1.76
4.556e-05 -2.64 -1.68
4.56e-05 -2.64 -1.68
4.564e-05 -2.48 -1.68
4.568e-05 -2.4 -1.6
4.572e-05 -2.32 -1.68
4.576e-05 -2.24 -1.52
4.58e-05 -2.16 -1.6
4.584e-05 -2 -1.52
4.588e-05 -1.92 -1.44
4.592e-05 -1.92 -1.36
4.596e-05 -1.84 -1.36
4.6e-05 -1.68 -1.44
4.604e-05 -1.6 -1.36
4.608e-05 -1.52 -1.28
4.612e-05 -1.36 -1.2
4.616e-05 -1.36 -1.28
4.62e-05 -1.28 -1.12
4.624e-05 -1.28 -1.12
4.628e-05 -1.12 -1.12
4.632e-05 -1.04 -1.04
4.636e-05 -0.96 -1.04
4.64e-05 -0.88 -0.96
4.644e-05 -0.72 -0.96
4.648e-05 -0.64 -0.88
4.652e-05 -0.56 -0.88
4.656e-05 -0.48 -0.88
4.66e-05 -0.4 -0.8
4.664e-05 -0.32 -0.72
4.668e-05 -0.24 -0.72
4.672e-05 0 -0.72
4.676e-05 0 -0.64
4.68e-05 0.08 -0.56
4.684e-05 0.16 -0.56
4.688e-05 0.32 -0.56
4.692e-05 0.4 -0.48
4.696e-05 0.48 -0.48
4.7e-05 0.64 -0.32
4.704e-05 0.64 -0.4
4.708e-05 0.72 -0.32
4.712e-05 0.8 -0.24
4.716e-05 0.96 -0.16
4.72e-05 1.04 -0.24
4.724e-05 1.12 -0.24
4.728e-05 1.12 0
4.732e-05 1.28 0
4.736e-05 1.36 0
4.74e-05 1.44 0.08
4.744e-05 1.6 0.08
4.748e-05 1.6 0.16
4.752e-05 1.68 0.24
4.756e-05 1.76 0.24
4.76e-05 1.92 0.16
4.764e-05 1.92 0.32
4.768e-05 2.08 0.4
4.772e-05 2.16 0.4
4.776e-05 2.24 0.4
4.78e-05 2.32 0.4
4.784e-05 2.4 0.48
4.788e-05 2.48 0.64
4.792e-05 2.56 0.56
4.796e-05 2.64 0.64
4.8e-05 2.72 0.64
4.804e-05 2.8 0.72
4.808e-05 2.88 0.8
4.812e-05 2.96 0.8
4.816e-05 3.04 0.88
4.82e-05 3.04 0.88
4.824e-05 3.2 0.88
4.828e-05 3.2 0.88
4.832e-05 3.28 0.96
4.836e-05 3.36 1.04
4.84e-05 3.52 1.04
4.844e-05 3.52 1.12
4.848e-05 3.6 1.04
4.852e-05 3.68 1.2
4.856e-05 3.68 1.28
4.86e-05 3.84 1.28
4.864e-05 3.84 1.28
4.868e-05 3.92 1.28
4.872e-05 4 1.28
4.876e-05 4.08 1.36
4.88e-05 4.16 1.44
4.884e-05 4.16 1.36
4.888e-05 4.24 1.44
4.892e-05 4.32 1.44
4.896e-05 4.4 1.52
4.9e-05 4.48 1.6
4.904e-05 4.48 1.6
4.908e-05 4.56 1.68
4.912e-05 4.64 1.68
4.916e-05 4.72 1.76
4.92e-05 4.8 1.68
4.924e-05 4.8 1.76
4.928e-05 4.8 1.76
4.932e-05 4.88 1.84
4.936e-05 4.96 1.84
4.94e-05 4.96 1.84
4.944e-05 5.04 1.84
4.948e-05 5.12 2
4.952e-05 5.12 1.92
4.956e-05 5.12 2
4.96e-05 5.2 2
4.964e-05 5.28 2.08
4.968e-05 5.28 2.08
4.972e-05 5.28 2.08
4.976e-05 5.36 2.16
4.98e-05 5.44 2.16
4.984e-05 5.44 2.24
4.988e-05 5.44 2.16
4.992e-05 5.52 2.24
4.996e-05 5.52 2.24
5e-05 5.6 2.24
5.004e-05 5.6 2.32
5.008e-05 5.6 2.24
5.012e-05 5.6 2.32
5.016e-05 5.76 2.32
5.02e-05 5.76 2.32
5.024e-05 5.76 2.32
5.028e-05 5.76 2.4
5.032e-05 5.76 2.48
5.036e-05 5.84 2.48
5.04e-05 5.84 2.48
5.044e-05 5.84 2.4
5.048e-05 5.84 2.4
5.052e-05 5.84 2.56
5.056e-05 5.84 2.48
5.06e-05 5.84 2.56
5.064e-05 5.84 2.56
5.068e-05 5.84 2.56
5.072e-05 5.84 2.56
5.076e-05 5.92 2.56
5.08e-05 5.92 2.56
5.084e-05 5.92 2.56
5.088e-05 5.92 2.64
5.092e-05 5.92 2.56
5.096e-05 5.84 2.64
5.1e-05 5.84 2.64
5.104e-05 5.84 2.64
5.108e-05 5.92 2.64
5.112e-05 5.92 2.56
5.116e-05 5.84 2.64
5.12e-05 5.92 2.64
5.124e-05 5.84 2.64
5.128e-05 5.84 2.64
5.132e-05 5.84 2.56
5.136e-05 5.84 2.64
5.14e-05 5.84 2.64
5.144e-05 5.76 2.64
5.148e-05 5.76 2.64
5.152e-05 5.76 2.64
5.156e-05 5.76 2.64
5.16e-05 5.68 2.64
5.164e-05 5.6 2.64
5.168e-05 5.68 2.56
5.172e-05 5.6 2.64
5.176e-05 5.6 2.56
5.18e-05 5.6 2.56
5.184e-05 5.44 2.56
5.188e-05 5.52 2.64
5.192e-05 5.44 2.64
5.196e-05 5.44 2.64
5.2e-05 5.44 2.56
5.204e-05 5.28 2.56
5.208e-05 5.36 2.56
5.212e-05 5.28 2.64
5.216e-05 5.28 2.56
5.22e-05 5.2 2.56
5.224e-05 5.12 2.48
5.228e-05 5.12 2.56
5.232e-05 5.12 2.56
5.236e-05 5.04 2.4
5.24e-05 4.96 2.4
5.244e-05 4.96 2.48
5.248e-05 4.88 2.48
5.252e-05 4.8 2.4
5.256e-05 4.8 2.4
5.26e-05 4.8 2.4
5.264e-05 4.64 2.4
5.268e-05 4.56 2.32
5.272e-05 4.64 2.32
5.276e-05 4.48 2.32
5.28e-05 4.4 2.32
5.284e-05 4.4 2.32
5.288e-05 4.32 2.24
5.292e-05 4.32 2.16
5.296e-05 4.16 2.24
5.3e-05 4.16 2.24
5.304e-05 4.08 2.16
5.308e-05 4 2.16
5.312e-05 3.92 2.08
5.316e-05 3.84 2.16
5.32e-05 3.84 2.16
5.324e-05 3.68 2
5.328e-05 3.6 2
5.332e-05 3.6 1.92
5.336e-05 3.52 2
5.34e-05 3.44 1.92
5.344e-05 3.36 1.92
5.348e-05 3.36 1.84
5.352e-05 3.2 1.84
5.356e-05 3.2 1.84
5.36e-05 3.04 1.68
5.364e-05 2.96 1.68
5.368e-05 2.88 1.68
5.372e-05 2.88 1.68
5.376e-05 2.72 1.6
5.38e-05 2.64 1.6
5.384e-05 2.64 1.6
5.388e-05 2.56 1.6
5.392e-05 2.4 1.52
5.396e-05 2.32 1.44
5.4e-05 2.24 1.44
5.404e-05 2.24 1.36
5.408e-05 2.08 1.36
5.412e-05 2 1.36
5.416e-05 1.92 1.28
5.42e-05 1.84 1.28
5.424e-05 1.76 1.28
5.428e-05 1.68 1.2
5.432e-05 1.6 1.12
5.436e-05 1.52 1.04
5.44e-05 1.44 1.12
5.444e-05 1.28 1.04
5.448e-05 1.28 1.04
5.452e-05 1.12 0.96
5.456e-05 1.04 0.96
5.46e-05 0.96 0.96
5.464e-05 0.96 0.88
5.468e-05 0.8 0.88
5.472e-05 0.72 0.8
5.476e-05 0.64 0.8
5.48e-05 0.48 0.72
5.484e-05 0.4 0.64
5.488e-05 0.32 0.64
5.492e-05 0.32 0.56
5.496e-05 0.16 0.56
5.5e-05 0.16 0.48
5.504e-05 0 0.48
5.508e-05 -0.16 0.48
5.512e-05 -0.32 0.4
5.516e-05 -0.32 0.4
5.52e-05 -0.4 0.24
5.524e-05 -0.56 0.24
5.528e-05 -0.64 0.24
5.532e-05 -0.72 0.24
5.536e-05 -0.8 0.24
5.54e-05 -0.8 0.16
5.544e-05 -1.04 0.16
5.548e-05 -1.04 0.08
5.552e-05 -1.12 0
5.556e-05 -1.28 0
5.56e-05 -1.36 -0.16
5.564e-05 -1.36 -0.16
5.568e-05 -1.52 -0.24
5.572e-05 -1.6 -0.32
5.576e-05 -1.68 -0.4
5.58e-05 -1.68 -0.32
5.584e-05 -1.84 -0.4
5.588e-05 -1.92 -0.4
5.592e-05 -2 -0.48
5.596e-05 -2.08 -0.56
5.6e-05 -2.16 -0.48
5.604e-05 -2.24 -0.56
5.608e-05 -2.32 -0.64
5.612e-05 -2.48 -0.72
5.616e-05 -2.48 -0.72
5.62e-05 -2.64 -0.72
5.624e-05 -2.64 -0.8
5.628e-05 -2.8 -0.8
5.632e-05 -2.8 -0.88
5.636e-05 -2.88 -0.96
5.64e-05 -2.96 -0.88
5.644e-05 -3.04 -1.04
5.648e-05 -3.12 -1.04
5.652e-05 -3.2 -1.04
5.656e-05 -3.28 -1.04
5.66e-05 -3.36 -1.2
5.664e-05 -3.44 -1.2
5.668e-05 -3.52 -1.2
5.672e-05 -3.6 -1.28
5.676e-05 -3.6 -1.28
5.68e-05 -3.68 -1.36
5.684e-05 -3.84 -1.36
5.688e-05 -3.84 -1.36
5.692e-05 -3.92 -1.52
5.696e-05 -3.92 -1.44
5.7e-05 -4.08 -1.52
5.704e-05 -4.16 -1.52
5.708e-05 -4.24 -1.6
5.712e-05 -4.24 -1.6
5.716e-05 -4.32 -1.6
5.72e-05 -4.4 -1.68
5.724e-05 -4.4 -1.68
5.728e-05 -4.48 -1.68
5.732e-05 -4.56 -1.76
5.736e-05 -4.64 -1.84
5.74e-05 -4.72 -1.84
5.744e-05 -4.8 -1.84
5.748e-05 -4.8 -1.92
5.752e-05 -4.88 -2
5.756e-05 -4.88 -1.92
5.76e-05 -4.96 -1.92
5.764e-05 -4.96 -2
5.768e-05 -5.04 -2
5.772e-05 -5.12 -2.08
5.776e-05 -5.12 -2.08
5.78e-05 -5.2 -2.08
5.784e-05 -5.2 -2.16
5.788e-05 -5.36 -2.24
5.792e-05 -5.36 -2.16
5.796e-05 -5.36 -2.24
5.8e-05 -5.44 -2.24
5.804e-05 -5.52 -2.32
5.808e-05 -5.44 -2.32
5.812e-05 -5.52 -2.32
5.816e-05 -5.52 -2.32
5.82e-05 -5.52 -2.32
5.824e-05 -5.68 -2.4
5.828e-05 -5.6 -2.4
5.832e-05 -5.68 -2.4
5.836e-05 -5.68 -2.48
5.84e-05 -5.76 -2.48
5.844e-05 -5.84 -2.56
5.848e-05 -5.76 -2.48
5.852e-05 -5.84 -2.56
5.856e-05 -5.84 -2.64
5.86e-05 -5.84 -2.64
5.864e-05 -5.84 -2.56
5.868e-05 -5.92 -2.56
5.872e-05 -5.92 -2.64
5.876e-05 -5.92 -2.64
5.88e-05 -5.84 -2.64
5.884e-05 -6 -2.64
5.888e-05 -6 -2.64
5.892e-05 -6 -2.72
5.896e-05 -6 -2.72
5.9e-05 -6 -2.72
5.904e-05 -6 -2.72
5.908e-05 -6 -2.72
5.912e-05 -6 -2.8
5.916e-05 -6 -2.72
5.92e-05 -6 -2.8
5.924e-05 -6 -2.72
5.928e-05 -6 -2.8
5.932e-05 -6 -2.8
5.936e-05 -6 -2.8
5.94e-05 -6 -2.8
5.944e-05 -6 -2.8
5.948e-05 -6 -2.8
5.952e-05 -6 -2.72
5.956e-05 -5.92 -2.8
5.96e-05 -6 -2.8
5.964e-05 -5.92 -2.8
5.968e-05 -5.84 -2.8
5.972e-05 -5.84 -2.8
5.976e-05 -5.84 -2.8
5.98e-05 -5.84 -2.8
5.984e-05 -5.84 -2.8
5.988e-05 -5.84 -2.8
5.992e-05 -5.76 -2.8
5.996e-05 -5.76 -2.88
6e-05 -5.76 -2.8
6.004e-05 -5.76 -2.8
6.008e-05 -5.68 -2.72
6.012e-05 -5.68 -2.8
6.016e-05 -5.68 -2.8
6.02e-05 -5.6 -2.8
6.024e-05 -5.6 -2.72
6.028e-05 -5.52 -2.8
6.032e-05 -5.52 -2.8
6.036e-05 -5.44 -2.72
6.04e-05 -5.44 -2.72
6.044e-05 -5.36 -2.72
6.048e-05 -5.36 -2.72
6.052e-05 -5.28 -2.8
6.056e-05 -5.2 -2.72
6.06e-05 -5.2 -2.64
6.064e-05 -5.12 -2.64
6.068e-05 -5.12 -2.64
6.072e-05 -5.12 -2.64
6.076e-05 -5.04 -2.56
6.08e-05 -4.96 -2.56
6.084e-05 -4.88 -2.56
6.088e-05 -4.88 -2.64
6.092e-05 -4.88 -2.56
6.096e-05 -4.8 -2.56
6.1e-05 -4.72 -2.56
6.104e-05 -4.64 -2.48
6.108e-05 -4.56 -2.48
6.112e-05 -4.48 -2.48
6.116e-05 -4.48 -2.4
6.12e-05 -4.4 -2.48
6.124e-05 -4.24 -2.4
6.128e-05 -4.24 -2.4
6.132e-05 -4.16 -2.24
6.136e-05 -4.16 -2.32
6.14e-05 -4.08 -2.32
6.144e-05 -4 -2.32
6.148e-05 -3.92 -2.24
6.152e-05 -3.92 -2.16
6.156e-05 -3.84 -2.24
6.16e-05 -3.76 -2.16
6.164e-05 -3.6 -2.16
6.168e-05 -3.6 -2.16
6.172e-05 -3.52 -2.08
6.176e-05 -3.44 -2.08
6.18e-05 -3.36 -2
6.184e-05 -3.28 -2
6.188e-05 -3.28 -2
6.192e-05 -3.12 -1.92
6.196e-05 -3.12 -1.92
6.2e-05 -2.96 -1.84
6.204e-05 -2.88 -1.84
6.208e-05 -2.8 -1.76
6.212e-05 -2.8 -1.84
6.216e-05 -2.64 -1.76
6.22e-05 -2.56 -1.68
6.224e-05 -2.48 -1.68
6.228e-05 -2.32 -1.68
6.232e-05 -2.32 -1.6
6.236e-05 -2.32 -1.6
6.24e-05 -2.16 -1.52
6.244e-05 -2.08 -1.52
6.248e-05 -2 -1.44
6.252e-05 -1.92 -1.52
6.256e-05 -1.84 -1.36
6.26e-05 -1.68 -1.36
6.264e-05 -1.68 -1.36
6.268e-05 -1.6 -1.28
6.272e-05 -1.52 -1.28
6.276e-05 -1.36 -1.2
6.28e-05 -1.36 -1.28
6.284e-05 -1.2 -1.12
6.288e-05 -1.2 -1.12
6.292e-05 -1.04 -1.04
6.296e-05 -1.04 -1.04
6.3e-05 -0.88 -1.04
6.304e-05 -0.72 -0.96
6.308e-05 -0.72 -0.88
6.312e-05 -0.64 -0.88
6.316e-05 -0.56 -0.88
6.32e-05 -0.4 -0.88
6.324e-05 -0.4 -0.8
6.328e-05 -0.24 -0.72
6.332e-05 -0.16 -0.64
6.336e-05 0 -0.72
6.34e-05 0.08 -0.56
6.344e-05 0.16 -0.56
6.348e-05 0.32 -0.48
6.352e-05 0.32 -0.48
6.356e-05 0.4 -0.48
6.36e-05 0.48 -0.4
6.364e-05 0.64 -0.4
6.368e-05 0.72 -0.32
6.372e-05 0.8 -0.24
6.376e-05 0.88 -0.24
6.38e-05 1.04 -0.24
6.384e-05 1.04 -0.24
6.388e-05 1.12 -0.16
6.392e-05 1.28 0
6.396e-05 1.28 0
6.4e-05 1.44 0.16
6.404e-05 1.52 0.08
6.408e-05 1.6 0.16
6.412e-05 1.68 0.16
6.416e-05 1.76 0.32
6.42e-05 1.76 0.24
6.424e-05 1.92 0.24
6.428e-05 2 0.32
6.432e-05 2.08 0.4
6.436e-05 2.24 0.4
6.44e-05 2.24 0.48
6.444e-05 2.32 0.48
6.448e-05 2.4 0.56
6.452e-05 2.56 0.56
6.456e-05 2.56 0.64
6.46e-05 2.64 0.64
6.464e-05 2.72 0.72
6.468e-05 2.88 0.72
6.472e-05 2.88 0.8
6.476e-05 2.96 0.8
6.48e-05 3.04 0.8
6.484e-05 3.2 0.96
6.488e-05 3.2 0.88
6.492e-05 3.28 0.96
6.496e-05 3.36 0.96
6.5e-05 3.52 1.04
6.504e-05 3.52 1.04
6.508e-05 3.6 1.04
6.512e-05 3.68 1.04
6.516e-05 3.76 1.2
6.52e-05 3.84 1.28
6.524e-05 3.84 1.28
6.528e-05 3.84 1.28
6.532e-05 4 1.28
6.536e-05 4.08 1.36
6.54e-05 4.16 1.44
6.544e-05 4.16 1.44
6.548e-05 4.24 1.44
6.552e-05 4.32 1.44
6.556e-05 4.4 1.6
6.56e-05 4.48 1.6
6.564e-05 4.48 1.6
6.568e-05 4.56 1.6
6.572e-05 4.56 1.68
6.576e-05 4.64 1.68
6.58e-05 4.72 1.68
6.584e-05 4.8 1.68
6.588e-05 4.8 1.84
6.592e-05 4.88 1.84
6.596e-05 4.96 1.84
6.6e-05 4.96 1.92
6.604e-05 4.96 1.92
6.608e-05 5.12 1.92
6.612e-05 5.12 2
6.616e-05 5.2 2
6.62e-05 5.2 2
6.624e-05 5.28 2.08
6.628e-05 5.28 2.08
6.632e-05 5.28 2
6.636e-05 5.36 2.08
6.64e-05 5.44 2.16
6.644e-05 5.44 2.24
6.648e-05 5.44 2.24
6.652e-05 5.52 2.24
6.656e-05 5.52 2.24
6.66e-05 5.52 2.32
6.664e-05 5.52 2.32
6.668e-05 5.68 2.32
6.672e-05 5.6 2.32
6.676e-05 5.6 2.32
6.68e-05 5.68 2.4
6.684e-05 5.76 2.4
6.688e-05 5.76 2.32
6.692e-05 5.76 2.4
6.696e-05 5.76 2.4
6.7e-05 5.84 2.48
6.704e-05 5.84 2.48
6.708e-05 5.84 2.48
6.712e-05 5.84 2.56
6.716e-05 5.84 2.56
6.72e-05 5.84 2.56
6.724e-05 5.92 2.48
6.728e-05 5.92 2.56
6.732e-05 5.92 2.56
6.736e-05 5.84 2.56
6.74e-05 5.92 2.56
6.744e-05 5.92 2.56
6.748e-05 5.84 2.56
6.752e-05 5.92 2.64
6.756e-05 5.92 2.56
6.76e-05 5.92 2.64
6.764e-05 5.92 2.56
6.768e-05 5.92 2.64
6.772e-05 5.84 2.64
6.776e-05 5.92 2.64
6.78e-05 5.84 2.64
6.784e-05 5.84 2.64
6.788e-05 5.84 2.64
6.792e-05 5.84 2.64
6.796e-05 5.76 2.64
6.8e-05 5.76 2.64
6.804e-05 5.76 2.64
6.808e-05 5.76 2.64
6.812e-05 5.68 2.64
6.816e-05 5.76 2.64
6.82e-05 5.76 2.64
6.824e-05 5.68 2.64
6.828e-05 5.6 2.64
6.832e-05 5.68 2.64
6.836e-05 5.6 2.64
6.84e-05 5.52 2.56
6.844e-05 5.52 2.56
6.848e-05 5.52 2.56
6.852e-05 5.44 2.64
6.856e-05 5.44 2.64
6.86e-05 5.44 2.56
6.864e-05 5.36 2.56
6.868e-05 5.28 2.56
6.872e-05 5.28 2.56
6.876e-05 5.28 2.64
6.88e-05 5.2 2.56
6.884e-05 5.2 2.48
6.888e-05 5.12 2.48
6.892e-05 5.04 2.56
6.896e-05 5.04 2.48
6.9e-05 4.96 2.48
6.904e-05 4.96 2.4
6.908e-05 4.88 2.4
6.912e-05 4.88 2.48
6.916e-05 4.8 2.4
6.92e-05 4.8 2.4
6.924e-05 4.64 2.4
6.928e-05 4.56 2.4
6.932e-05 4.64 2.32
6.936e-05 4.48 2.32
6.94e-05 4.48 2.32
6.944e-05 4.4 2.32
6.948e-05 4.32 2.24
6.952e-05 4.32 2.08
6.956e-05 4.24 2.24
6.96e-05 4.16 2.24
6.964e-05 4.16 2.16
6.968e-05 4 2.16
6.972e-05 3.92 2.08
6.976e-05 3.92 2.16
6.98e-05 3.84 2.08
6.984e-05 3.84 2
6.988e-05 3.68 2
6.992e-05 3.6 1.92
6.996e-05 3.6 2
7e-05 3.52 1.92
7.004e-05 3.36 1.92
7.008e-05 3.36 1.84
7.012e-05 3.28 1.76
7.016e-05 3.2 1.84
7.02e-05 3.04 1.76
7.024e-05 3.04 1.68
7.028e-05 2.96 1.68
7.032e-05 2.88 1.68
7.036e-05 2.8 1.68
7.04e-05 2.72 1.6
7.044e-05 2.64 1.6
7.048e-05 2.56 1.6
7.052e-05 2.4 1.6
7.056e-05 2.4 1.52
7.06e-05 2.24 1.36
7.064e-05 2.24 1.36
7.068e-05 2.16 1.36
7.072e-05 2.08 1.36
7.076e-05 2 1.28
7.08e-05 1.92 1.28
7.084e-05 1.76 1.28
7.088e-05 1.68 1.2
7.092e-05 1.6 1.2
7.096e-05 1.52 1.2
7.1e-05 1.44 1.12
7.104e-05 1.36 1.12
7.108e-05 1.28 1.04
7.112e-05 1.28 1.04
7.116e-05 1.12 0.96
7.12e-05 1.04 0.96
7.124e-05 0.96 0.88
7.128e-05 0.8 0.88
7.132e-05 0.72 0.8
7.136e-05 0.64 0.8
7.14e-05 0.56 0.8
7.144e-05 0.48 0.72
7.148e-05 0.32 0.64
7.152e-05 0.32 0.64
7.156e-05 0.16 0.64
7.16e-05 0.16 0.56
7.164e-05 0 0.48
7.168e-05 0 0.48
7.172e-05 -0.24 0.4
7.176e-05 -0.32 0.4
7.18e-05 -0.4 0.32
7.184e-05 -0.48 0.32
7.188e-05 -0.56 0.24
7.192e-05 -0.64 0.24
7.196e-05 -0.72 0.24
7.2e-05 -0.88 0.08
7.204e-05 -0.96 0.08
7.208e-05 -1.04 0.08
7.212e-05 -1.12 0.08
7.216e-05 -1.2 -0.16
7.22e-05 -1.36 -0.16
7.224e-05 -1.36 0
7.228e-05 -1.44 -0.16
7.232e-05 -1.52 -0.24
7.236e-05 -1.6 -0.4
7.24e-05 -1.68 -0.4
7.244e-05 -1.84 -0.4
7.248e-05 -1.92 -0.4
7.252e-05 -2 -0.4
7.256e-05 -2 -0.48
7.26e-05 -2.16 -0.56
7.264e-05 -2.24 -0.56
7.268e-05 -2.32 -0.56
7.272e-05 -2.32 -0.64
7.276e-05 -2.48 -0.72
7.28e-05 -2.56 -0.72
7.284e-05 -2.64 -0.8
7.288e-05 -2.72 -0.8
7.292e-05 -2.8 -0.88
7.296e-05 -2.88 -0.88
7.3e-05 -2.96 -0.88
7.304e-05 -3.04 -0.96
7.308e-05 -3.12 -1.04
7.312e-05 -3.2 -1.04
7.316e-05 -3.28 -1.04
7.32e-05 -3.28 -1.04
7.324e-05 -3.44 -1.2
7.328e-05 -3.44 -1.2
7.332e-05 -3.52 -1.2
7.336e-05 -3.6 -1.28
7.34e-05 -3.76 -1.28
7.344e-05 -3.76 -1.36
7.348e-05 -3.84 -1.36
7.352e-05 -3.92 -1.36
7.356e-05 -3.92 -1.44
7.36e-05 -4.08 -1.52
7.364e-05 -4.16 -1.52
7.368e-05 -4.16 -1.6
7.372e-05 -4.24 -1.6
7.376e-05 -4.32 -1.6
7.38e-05 -4.32 -1.6
7.384e-05 -4.4 -1.68
7.388e-05 -4.48 -1.68
7.392e-05 -4.56 -1.76
7.396e-05 -4.56 -1.84
7.4e-05 -4.72 -1.84
7.404e-05 -4.8 -1.76
7.408e-05 -4.8 -1.84
7.412e-05 -4.8 -1.92
7.416e-05 -4.88 -1.92
7.42e-05 -4.88 -1.92
7.424e-05 -4.96 -2
7.428e-05 -5.04 -2
7.432e-05 -5.12 -2.16
7.436e-05 -5.12 -2.08
7.44e-05 -5.2 -2.08
7.444e-05 -5.2 -2.16
7.448e-05 -5.2 -2.16
7.452e-05 -5.28 -2.16
7.456e-05 -5.36 -2.24
7.46e-05 -5.36 -2.24
7.464e-05 -5.44 -2.24
7.468e-05 -5.52 -2.32
7.472e-05 -5.52 -2.32
7.476e-05 -5.52 -2.32
7.48e-05 -5.52 -2.32
7.484e-05 -5.6 -2.4
7.488e-05 -5.68 -2.48
7.492e-05 -5.68 -2.4
7.496e-05 -5.68 -2.4
7.5e-05 -5.68 -2.48
7.504e-05 -5.76 -2.56
7.508e-05 -5.84 -2.48
7.512e-05 -5.76 -2.56
7.516e-05 -5.84 -2.56
7.52e-05 -5.84 -2.56
7.524e-05 -5.84 -2.64
7.528e-05 -5.84 -2.56
7.532e-05 -5.84 -2.64
7.536e-05 -5.84 -2.64
7.54e-05 -5.92 -2.64
7.544e-05 -5.92 -2.64
7.548e-05 -6 -2.64
7.552e-05 -6 -2.72
7.556e-05 -6 -2.64
7.56e-05 -6 -2.72
7.564e-05 -6 -2.72
7.568e-05 -6 -2.72
7.572e-05 -6 -2.8
7.576e-05 -6.08 -2.72
7.58e-05 -6.08 -2.72
7.584e-05 -6 -2.8
7.588e-05 -6 -2.88
7.592e-05 -6.08 -2.8
7.596e-05 -6 -2.8
7.6e-05 -6 -2.8
7.604e-05 -6 -2.8
7.608e-05 -6 -2.8
7.612e-05 -6 -2.8
7.616e-05 -6 -2.8
7.62e-05 -5.84 -2.8
7.624e-05 -6 -2.88
7.628e-05 -5.84 -2.88
7.632e-05 -5.84 -2.8
7.636e-05 -5.84 -2.8
7.64e-05 -5.84 -2.8
7.644e-05 -5.84 -2.88
7.648e-05 -5.84 -2.8
7.652e-05 -5.84 -2.8
7.656e-05 -5.84 -2.88
7.66e-05 -5.76 -2.8
7.664e-05 -5.76 -2.8
7.668e-05 -5.68 -2.8
7.672e-05 -5.68 -2.8
7.676e-05 -5.6 -2.88
7.68e-05 -5.52 -2.8
7.684e-05 -5.6 -2.8
7.688e-05 -5.44 -2.72
7.692e-05 -5.52 -2.8
7.696e-05 -5.52 -2.8
7.7e-05 -5.44 -2.8
7.704e-05 -5.36 -2.64
7.708e-05 -5.36 -2.72
7.712e-05 -5.28 -2.8
7.716e-05 -5.2 -2.72
7.72e-05 -5.2 -2.72
7.724e-05 -5.2 -2.64
7.728e-05 -5.12 -2.64
7.732e-05 -5.04 -2.64
7.736e-05 -5.04 -2.56
7.74e-05 -5.04 -2.56
7.744e-05 -4.88 -2.64
7.748e-05 -4.88 -2.56
7.752e-05 -4.8 -2.56
7.756e-05 -4.8 -2.48
7.76e-05 -4.72 -2.56
7.764e-05 -4.64 -2.48
7.768e-05 -4.56 -2.56
7.772e-05 -4.56 -2.48
7.776e-05 -4.48 -2.4
7.78e-05 -4.4 -2.4
7.784e-05 -4.4 -2.4
7.788e-05 -4.24 -2.32
7.792e-05 -4.24 -2.32
7.796e-05 -4.16 -2.24
7.8e-05 -4.08 -2.32
7.804e-05 -4.08 -2.24
7.808e-05 -3.92 -2.24
7.812e-05 -3.92 -2.24
7.816e-05 -3.84 -2.24
7.82e-05 -3.76 -2.16
7.824e-05 -3.68 -2.16
7.828e-05 -3.6 -2.16
7.832e-05 -3.52 -2.08
7.836e-05 -3.52 -2.16
7.84e-05 -3.44 -2
7.844e-05 -3.28 -2
7.848e-05 -3.28 -1.92
7.852e-05 -3.12 -1.92
7.856e-05 -3.12 -2
7.86e-05 -2.96 -1.84
7.864e-05 -2.96 -1.84
7.868e-05 -2.88 -1.84
7.872e-05 -2.8 -1.84
7.876e-05 -2.64 -1.84
7.88e-05 -2.64 -1.76
7.884e-05 -2.56 -1.68
7.888e-05 -2.48 -1.68
7.892e-05 -2.4 -1.68
7.896e-05 -2.32 -1.6
7.9e-05 -2.24 -1.52
7.904e-05 -2.16 -1.52
7.908e-05 -2 -1.52
7.912e-05 -1.92 -1.44
7.916e-05 -1.84 -1.36
7.92e-05 -1.76 -1.36
7.924e-05 -1.68 -1.36
7.928e-05 -1.6 -1.28
7.932e-05 -1.52 -1.28
7.936e-05 -1.52 -1.2
7.94e-05 -1.36 -1.28
7.944e-05 -1.2 -1.2
7.948e-05 -1.2 -1.04
7.952e-05 -1.04 -1.12
7.956e-05 -0.96 -1.04
7.96e-05 -0.96 -1.04
7.964e-05 -0.88 -0.96
7.968e-05 -0.72 -0.96
7.972e-05 -0.64 -0.88
7.976e-05 -0.56 -0.88
7.98e-05 -0.48 -0.8
7.984e-05 -0.32 -0.72
7.988e-05 -0.24 -0.72
7.992e-05 -0.24 -0.64
7.996e-05 0 -0.72
8e-05 0 -0.64
8.004e-05 0.16 -0.64
8.008e-05 0.32 -0.48
8.012e-05 0.32 -0.48
8.016e-05 0.4 -0.4
8.02e-05 0.48 -0.4
8.024e-05 0.64 -0.32
8.028e-05 0.72 -0.32
8.032e-05 0.8 -0.32
8.036e-05 0.88 -0.24
8.04e-05 0.96 -0.24
8.044e-05 1.04 -0.16
8.048e-05 1.12 0
8.052e-05 1.28 -0.16
8.056e-05 1.28 0
8.06e-05 1.44 0.08
8.064e-05 1.44 0
8.068e-05 1.6 0.08
8.072e-05 1.68 0.16
8.076e-05 1.68 0.24
8.08e-05 1.84 0.32
8.084e-05 1.92 0.32
8.088e-05 2 0.32
8.092e-05 2.08 0.4
8.096e-05 2.16 0.4
8.1e-05 2.24 0.48
8.104e-05 2.32 0.48
8.108e-05 2.4 0.48
8.112e-05 2.56 0.56
8.116e-05 2.56 0.64
8.12e-05 2.64 0.64
8.124e-05 2.72 0.72
8.128e-05 2.88 0.72
8.132e-05 2.88 0.8
8.136e-05 3.04 0.8
8.14e-05 3.04 0.8
8.144e-05 3.2 0.88
8.148e-05 3.2 0.96
8.152e-05 3.36 0.96
8.156e-05 3.36 0.96
8.16e-05 3.36 1.04
8.164e-05 3.52 1.12
8.168e-05 3.6 1.04
8.172e-05 3.68 1.2
8.176e-05 3.68 1.2
8.18e-05 3.84 1.2
8.184e-05 3.84 1.28
8.188e-05 3.92 1.28
8.192e-05 4 1.36
8.196e-05 4 1.36
8.2e-05 4.16 1.36
8.204e-05 4.16 1.44
8.208e-05 4.24 1.44
8.212e-05 4.24 1.44
8.216e-05 4.4 1.52
8.22e-05 4.48 1.6
8.224e-05 4.48 1.52
8.228e-05 4.48 1.6
8.232e-05 4.64 1.68
8.236e-05 4.64 1.68
8.24e-05 4.8 1.68
8.244e-05 4.8 1.68
8.248e-05 4.8 1.76
8.252e-05 4.88 1.84
8.256e-05 4.88 1.84
8.26e-05 4.88 1.84
8.264e-05 4.96 1.92
8.268e-05 5.12 2
8.272e-05 5.12 1.92
8.276e-05 5.12 2
8.28e-05 5.2 2
8.284e-05 5.2 2
8.288e-05 5.28 2.08
8.292e-05 5.28 2
8.296e-05 5.36 2.08
8.3e-05 5.44 2.24
8.304e-05 5.44 2.24
8.308e-05 5.44 2.24
8.312e-05 5.52 2.24
8.316e-05 5.52 2.24
8.32e-05 5.6 2.24
8.324e-05 5.52 2.32
8.328e-05 5.6 2.32
8.332e-05 5.6 2.32
8.336e-05 5.76 2.32
8.34e-05 5.76 2.32
8.344e-05 5.76 2.4
8.348e-05 5.76 2.4
8.352e-05 5.84 2.4
8.356e-05 5.76 2.4
8.36e-05 5.76 2.48
8.364e-05 5.76 2.48
8.368e-05 5.84 2.48
8.372e-05 5.84 2.48
8.376e-05 5.84 2.56
8.38e-05 5.84 2.56
8.384e-05 5.92 2.56
8.388e-05 5.84 2.56
8.392e-05 5.92 2.56
8.396e-05 5.92 2.56
8.4e-05 5.92 2.56
8.404e-05 5.92 2.56
8.408e-05 5.92 2.64
8.412e-05 5.84 2.64
8.416e-05 5.92 2.56
8.42e-05 5.92 2.56
8.424e-05 5.92 2.64
8.428e-05 5.92 2.64
8.432e-05 5.92 2.64
8.436e-05 5.92 2.64
8.44e-05 5.92 2.64
8.444e-05 5.84 2.64
8.448e-05 5.84 2.64
8.452e-05 5.84 2.64
8.456e-05 5.84 2.64
8.46e-05 5.84 2.64
8.464e-05 5.76 2.64
8.468e-05 5.84 2.72
8.472e-05 5.76 2.64
8.476e-05 5.76 2.64
8.48e-05 5.76 2.64
8.484e-05 5.68 2.64
8.488e-05 5.6 2.56
8.492e-05 5.6 2.64
8.496e-05 5.6 2.64
8.5e-05 5.52 2.64
8.504e-05 5.52 2.64
8.508e-05 5.52 2.56
8.512e-05 5.52 2.56
8.516e-05 5.44 2.64
8.52e-05 5.44 2.56
8.524e-05 5.44 2.56
8.528e-05 5.44 2.56
8.532e-05 5.28 2.56
8.536e-05 5.28 2.56
8.54e-05 5.2 2.56
8.544e-05 5.12 2.56
8.548e-05 5.12 2.48
8.552e-05 5.12 2.56
8.556e-05 5.12 2.56
8.56e-05 5.04 2.48
8.564e-05 4.96 2.4
8.568e-05 4.96 2.48
8.572e-05 4.8 2.4
8.576e-05 4.8 2.4
8.58e-05 4.8 2.4
8.584e-05 4.72 2.4
8.588e-05 4.64 2.4
8.592e-05 4.56 2.32
8.596e-05 4.48 2.24
8.6e-05 4.48 2.32
8.604e-05 4.4 2.24
8.608e-05 4.32 2.32
8.612e-05 4.24 2.24
8.616e-05 4.24 2.16
8.62e-05 4.16 2.24
8.624e-05 4.16 2.16
8.628e-05 4.08 2.16
8.632e-05 3.92 2.08
8.636e-05 3.84 2.08
8.64e-05 3.84 2
8.644e-05 3.84 2.08
8.648e-05 3.68 2.08
8.652e-05 3.68 2
8.656e-05 3.6 2
8.66e-05 3.52 1.92
8.664e-05 3.44 1.92
8.668e-05 3.36 1.84
8.672e-05 3.28 1.84
8.676e-05 3.2 1.84
8.68e-05 3.2 1.76
8.684e-05 3.04 1.76
8.688e-05 2.96 1.68
8.692e-05 2.88 1.68
8.696e-05 2.88 1.6
8.7e-05 2.72 1.6
8.704e-05 2.64 1.6
8.708e-05 2.56 1.6
8.712e-05 2.56 1.6
8.716e-05 2.4 1.6
8.72e-05 2.32 1.44
8.724e-05 2.24 1.44
8.728e-05 2.08 1.36
8.732e-05 2.08 1.36
8.736e-05 2 1.28
8.74e-05 1.92 1.36
8.744e-05 1.76 1.28
8.748e-05 1.76 1.28
8.752e-05 1.6 1.2
8.756e-05 1.6 1.12
8.76e-05 1.44 1.12
8.764e-05 1.44 1.12
8.768e-05 1.28 1.04
8.772e-05 1.28 0.96
8.776e-05 1.12 0.96
8.78e-05 1.04 0.96
8.784e-05 0.96 0.88
8.788e-05 0.8 0.88
8.792e-05 0.72 0.8
8.796e-05 0.72 0.72
8.8e-05 0.64 0.8
8.804e-05 0.48 0.72
8.808e-05 0.4 0.72
8.812e-05 0.32 0.64
8.816e-05 0.32 0.56
8.82e-05 0.16 0.56
8.824e-05 0 0.48
8.828e-05 0 0.48
8.832e-05 -0.24 0.4
8.836e-05 -0.32 0.4
8.84e-05 -0.4 0.32
8.844e-05 -0.4 0.32
8.848e-05 -0.56 0.32
8.852e-05 -0.64 0.24
8.856e-05 -0.72 0.16
8.86e-05 -0.8 0.16
8.864e-05 -0.96 0.08
8.868e-05 -1.04 0.08
8.872e-05 -1.04 0.08
8.876e-05 -1.12 0
8.88e-05 -1.28 -0.16
8.884e-05 -1.36 -0.16
8.888e-05 -1.36 -0.16
8.892e-05 -1.52 -0.24
8.896e-05 -1.6 -0.24
8.9e-05 -1.68 -0.4
8.904e-05 -1.76 -0.32
8.908e-05 -1.84 -0.4
8.912e-05 -2 -0.4
8.916e-05 -2 -0.48
8.92e-05 -2.16 -0.56
8.924e-05 -2.24 -0.56
8.928e-05 -2.32 -0.56
8.932e-05 -2.32 -0.64
8.936e-05 -2.4 -0.64
8.94e-05 -2.56 -0.72
8.944e-05 -2.64 -0.72
8.948e-05 -2.64 -0.8
8.952e-05 -2.8 -0.88
8.956e-05 -2.88 -0.88
8.96e-05 -2.96 -0.88
8.964e-05 -2.96 -0.96
8.968e-05 -3.12 -1.04
8.972e-05 -3.2 -1.04
8.976e-05 -3.28 -1.04
8.98e-05 -3.28 -1.04
8.984e-05 -3.44 -1.2
8.988e-05 -3.52 -1.2
8.992e-05 -3.6 -1.28
8.996e-05 -3.6 -1.28
9e-05 -3.68 -1.28
9.004e-05 -3.76 -1.36
9.008e-05 -3.84 -1.36
9.012e-05 -3.84 -1.44
9.016e-05 -3.92 -1.36
9.02e-05 -4.08 -1.44
9.024e-05 -4.16 -1.52
9.028e-05 -4.16 -1.52
9.032e-05 -4.24 -1.52
9.036e-05 -4.24 -1.6
9.04e-05 -4.4 -1.68
9.044e-05 -4.4 -1.68
9.048e-05 -4.48 -1.68
9.052e-05 -4.56 -1.68
9.056e-05 -4.56 -1.76
9.06e-05 -4.72 -1.84
9.064e-05 -4.72 -1.84
9.068e-05 -4.72 -1.84
9.072e-05 -4.88 -1.92
9.076e-05 -4.88 -2
9.08e-05 -4.96 -2
9.084e-05 -4.96 -2
9.088e-05 -5.04 -2
9.092e-05 -5.12 -2
9.096e-05 -5.12 -2
9.1e-05 -5.2 -2.08
9.104e-05 -5.2 -2.16
9.108e-05 -5.2 -2.24
9.112e-05 -5.28 -2.16
9.116e-05 -5.36 -2.24
9.12e-05 -5.36 -2.24
9.124e-05 -5.44 -2.24
9.128e-05 -5.44 -2.24
9.132e-05 -5.52 -2.32
9.136e-05 -5.52 -2.32
9.14e-05 -5.52 -2.32
9.144e-05 -5.52 -2.4
9.148e-05 -5.68 -2.4
9.152e-05 -5.68 -2.4
9.156e-05 -5.68 -2.4
9.16e-05 -5.68 -2.48
9.164e-05 -5.68 -2.56
9.168e-05 -5.76 -2.48
9.172e-05 -5.76 -2.56
9.176e-05 -5.84 -2.48
9.18e-05 -5.84 -2.56
9.184e-05 -5.84 -2.64
9.188e-05 -5.84 -2.56
9.192e-05 -5.84 -2.64
9.196e-05 -5.84 -2.64
9.2e-05 -6 -2.64
9.204e-05 -6 -2.64
9.208e-05 -6 -2.64
9.212e-05 -6 -2.72
9.216e-05 -6 -2.72
9.22e-05 -6 -2.72
9.224e-05 -6 -2.72
9.228e-05 -6 -2.72
9.232e-05 -6 -2.8
9.236e-05 -5.92 -2.72
9.24e-05 -6 -2.8
9.244e-05 -6 -2.72
9.248e-05 -6.08 -2.8
9.252e-05 -6 -2.8
9.256e-05 -6 -2.8
9.26e-05 -6 -2.8
9.264e-05 -6 -2.8
9.268e-05 -6 -2.88
9.272e-05 -6 -2.8
9.276e-05 -6 -2.8
9.28e-05 -5.92 -2.8
9.284e-05 -5.84 -2.8
9.288e-05 -5.92 -2.8
9.292e-05 -5.84 -2.8
9.296e-05 -5.84 -2.8
9.3e-05 -5.84 -2.88
9.304e-05 -5.84 -2.88
9.308e-05 -5.84 -2.88
9.312e-05 -5.76 -2.8
9.316e-05 -5.76 -2.88
9.32e-05 -5.76 -2.8
9.324e-05 -5.68 -2.88
9.328e-05 -5.68 -2.8
9.332e-05 -5.68 -2.8
9.336e-05 -5.68 -2.8
9.34e-05 -5.52 -2.88
9.344e-05 -5.52 -2.8
9.348e-05 -5.52 -2.72
9.352e-05 -5.52 -2.72
9.356e-05 -5.44 -2.8
9.36e-05 -5.44 -2.72
9.364e-05 -5.36 -2.8
9.368e-05 -5.36 -2.72
9.372e-05 -5.36 -2.72
9.376e-05 -5.28 -2.72
9.38e-05 -5.2 -2.72
9.384e-05 -5.2 -2.64
9.388e-05 -5.12 -2.64
9.392e-05 -5.12 -2.72
9.396e-05 -5.04 -2.64
9.4e-05 -4.96 -2.56
9.404e-05 -4.88 -2.56
9.408e-05 -4.88 -2.64
9.412e-05 -4.88 -2.56
9.416e-05 -4.8 -2.56
9.42e-05 -4.8 -2.48
9.424e-05 -4.72 -2.56
9.428e-05 -4.64 -2.48
9.432e-05 -4.56 -2.48
9.436e-05 -4.56 -2.4
9.44e-05 -4.48 -2.48
9.444e-05 -4.4 -2.4
9.448e-05 -4.32 -2.4
9.452e-05 -4.24 -2.32
9.456e-05 -4.16 -2.32
9.46e-05 -4.08 -2.32
9.464e-05 -4.08 -2.32
9.468e-05 -3.92 -2.24
9.472e-05 -3.92 -2.24
9.476e-05 -3.84 -2.24
9.48e-05 -3.76 -2.16
9.484e-05 -3.68 -2.16
9.488e-05 -3.6 -2.16
9.492e-05 -3.6 -2.08
9.496e-05 -3.52 -2.16
9.5e-05 -3.44 -2.08
9.504e-05 -3.36 -2
9.508e-05 -3.28 -2
9.512e-05 -3.2 -2
9.516e-05 -3.12 -1.92
9.52e-05 -3.04 -1.84
9.524e-05 -2.96 -1.92
9.528e-05 -2.88 -1.76
9.532e-05 -2.8 -1.76
9.536e-05 -2.64 -1.84
9.54e-05 -2.64 -1.68
9.544e-05 -2.56 -1.68
9.548e-05 -2.48 -1.68
9.552e-05 -2.32 -1.68
9.556e-05 -2.32 -1.6
9.56e-05 -2.24 -1.6
9.564e-05 -2.16 -1.52
9.568e-05 -2 -1.52
9.572e-05 -2 -1.52
9.576e-05 -1.92 -1.36
9.58e-05 -1.76 -1.36
9.584e-05 -1.68 -1.36
9.588e-05 -1.68 -1.36
9.592e-05 -1.52 -1.28
9.596e-05 -1.36 -1.28
9.6e-05 -1.36 -1.2
9.604e-05 -1.28 -1.12
9.608e-05 -1.2 -1.2
9.612e-05 -1.04 -1.04
9.616e-05 -1.04 -1.04
9.62e-05 -0.96 -1.04
9.624e-05 -0.88 -1.04
9.628e-05 -0.72 -0.96
9.632e-05 -0.64 -0.88
9.636e-05 -0.56 -0.88
9.64e-05 -0.48 -0.88
9.644e-05 -0.4 -0.8
9.648e-05 -0.32 -0.72
9.652e-05 -0.24 -0.64
9.656e-05 -0.16 -0.64
9.66e-05 0.08 -0.64
9.664e-05 0.16 -0.56
9.668e-05 0.16 -0.56
9.672e-05 0.32 -0.48
9.676e-05 0.4 -0.56
9.68e-05 0.48 -0.4
9.684e-05 0.64 -0.4
9.688e-05 0.72 -0.4
9.692e-05 0.8 -0.32
9.696e-05 0.8 -0.32
9.7e-05 0.96 -0.24
9.704e-05 1.04 -0.16
9.708e-05 1.12 -0.16
9.712e-05 1.12 0
9.716e-05 1.28 0
9.72e-05 1.36 0.08
9.724e-05 1.44 0.08
9.728e-05 1.52 0.08
9.732e-05 1.6 0.16
9.736e-05 1.76 0.16
9.74e-05 1.76 0.24
9.744e-05 1.84 0.24
9.748e-05 1.92 0.32
9.752e-05 2.08 0.32
9.756e-05 2.16 0.48
9.76e-05 2.24 0.4
9.764e-05 2.32 0.48
9.768e-05 2.32 0.48
9.772e-05 2.4 0.64
9.776e-05 2.56 0.64
9.78e-05 2.56 0.64
9.784e-05 2.72 0.64
9.788e-05 2.8 0.72
9.792e-05 2.88 0.8
9.796e-05 2.96 0.8
9.8e-05 3.04 0.8
9.804e-05 3.04 0.88
9.808e-05 3.2 0.96
9.812e-05 3.2 0.96
9.816e-05 3.28 0.96
9.82e-05 3.36 0.96
9.824e-05 3.52 1.04
9.828e-05 3.52 1.04
9.832e-05 3.6 1.2
9.836e-05 3.68 1.12
9.84e-05 3.76 1.12
9.844e-05 3.84 1.2
9.848e-05 3.92 1.28
9.852e-05 3.92 1.28
9.856e-05 4 1.36
9.86e-05 4.08 1.36
9.864e-05 4.16 1.44
9.868e-05 4.16 1.36
9.872e-05 4.24 1.44
9.876e-05 4.32 1.52
9.88e-05 4.48 1.6
9.884e-05 4.48 1.6
9.888e-05 4.56 1.6
9.892e-05 4.56 1.68
9.896e-05 4.64 1.68
9.9e-05 4.64 1.76
9.904e-05 4.8 1.68
9.908e-05 4.8 1.68
9.912e-05 4.88 1.76
9.916e-05 4.96 1.84
9.92e-05 4.96 1.84
9.924e-05 4.96 1.92
9.928e-05 5.04 1.92
9.932e-05 5.12 2
9.936e-05 5.12 2
9.94e-05 5.2 2
9.944e-05 5.2 2
9.948e-05 5.28 2.08
9.952e-05 5.28 2.08
9.956e-05 5.28 2.08
9.96e-05 5.36 2.08
9.964e-05 5.44 2.16
9.968e-05 5.44 2.16
9.972e-05 5.52 2.24
9.976e-05 5.52 2.24
9.98e-05 5.6 2.24
9.984e-05 5.6 2.24
9.988e-05 5.6 2.32
9.992e-05 5.6 2.32
9.996e-05 5.6 2.32
0.0001 5.68 2.32
0.00010004 5.68 2.4
0.00010008 5.76 2.4
0.00010012 5.76 2.4
0.00010016 5.76 2.32
0.0001002 5.84 2.4
0.00010024 5.76 2.48
0.00010028 5.84 2.4
0.00010032 5.84 2.48
0.00010036 5.84 2.4
0.0001004 5.84 2.56
0.00010044 5.84 2.56
0.00010048 5.84 2.56
0.00010052 5.92 2.56
0.00010056 5.84 2.64
0.0001006 5.92 2.56
0.00010064 5.92 2.56
0.00010068 5.92 2.56
0.00010072 5.92 2.64
0.00010076 5.92 2.64
0.0001008 5.84 2.64
0.00010084 5.92 2.64
0.00010088 5.92 2.64
0.00010092 5.92 2.64
0.00010096 5.84 2.64
0.000101 5.84 2.64
0.00010104 5.84 2.56
0.00010108 5.84 2.64
0.00010112 5.84 2.64
0.00010116 5.84 2.64
0.0001012 5.76 2.64
0.00010124 5.76 2.64
0.00010128 5.76 2.64
0.00010132 5.76 2.64
0.00010136 5.76 2.64
0.0001014 5.68 2.64
0.00010144 5.76 2.72
0.00010148 5.68 2.64
0.00010152 5.6 2.56
0.00010156 5.6 2.64
0.0001016 5.6 2.56
0.00010164 5.6 2.64
0.00010168 5.52 2.64
0.00010172 5.52 2.56
0.00010176 5.44 2.56
0.0001018 5.44 2.56
0.00010184 5.44 2.64
0.00010188 5.36 2.56
0.00010192 5.28 2.56
0.00010196 5.28 2.56
0.000102 5.2 2.56
0.00010204 5.2 2.56
0.00010208 5.12 2.56
0.00010212 5.12 2.48
0.00010216 5.12 2.56
0.0001022 4.96 2.48
0.00010224 4.96 2.4
0.00010228 4.96 2.4
0.00010232 4.88 2.48
0.00010236 4.8 2.4
0.0001024 4.8 2.4
0.00010244 4.64 2.4
0.00010248 4.64 2.4
0.00010252 4.56 2.4
0.00010256 4.56 2.32
0.0001026 4.48 2.32
0.00010264 4.4 2.24
0.00010268 4.4 2.32
0.00010272 4.32 2.32
0.00010276 4.24 2.24
0.0001028 4.16 2.24
0.00010284 4.16 2.24
0.00010288 4.08 2.24
0.00010292 4 2.16
0.00010296 3.92 2.08
0.000103 3.84 2.08
0.00010304 3.76 2
0.00010308 3.84 2.08
0.00010312 3.68 1.92
0.00010316 3.6 2
0.0001032 3.52 2
0.00010324 3.44 2
0.00010328 3.36 1.84
0.00010332 3.28 1.84
0.00010336 3.2 1.84
0.0001034 3.2 1.84
0.00010344 3.04 1.76
0.00010348 2.96 1.68
0.00010352 2.96 1.6
0.00010356 2.88 1.68
0.0001036 2.72 1.6
0.00010364 2.64 1.6
0.00010368 2.56 1.6
0.00010372 2.56 1.52
0.00010376 2.4 1.52
0.0001038 2.32 1.44
0.00010384 2.32 1.44
0.00010388 2.24 1.36
0.00010392 2.08 1.36
0.00010396 2 1.36
0.000104 2 1.28
0.00010404 1.92 1.28
0.00010408 1.76 1.28
0.00010412 1.68 1.2
0.00010416 1.6 1.12
0.0001042 1.44 1.12
0.00010424 1.36 1.12
0.00010428 1.36 1.12
0.00010432 1.28 1.04
0.00010436 1.12 0.96
0.0001044 1.04 0.96
0.00010444 0.96 0.96
0.00010448 0.8 0.96
0.00010452 0.8 0.8
0.00010456 0.72 0.8
0.0001046 0.64 0.8
0.00010464 0.48 0.72
0.00010468 0.4 0.64
0.00010472 0.32 0.64
0.00010476 0.32 0.64
0.0001048 0.16 0.48
0.00010484 0.08 0.48
0.00010488 0 0.48
0.00010492 -0.16 0.48
0.00010496 -0.24 0.4
0.000105 -0.32 0.4
0.00010504 -0.4 0.32
0.00010508 -0.56 0.32
0.00010512 -0.64 0.16
0.00010516 -0.64 0.24
0.0001052 -0.8 0.08
0.00010524 -0.88 0.08
0.00010528 -0.96 0.08
0.00010532 -1.04 0
0.00010536 -1.12 0
0.0001054 -1.2 -0.16
0.00010544 -1.28 -0.16
0.00010548 -1.36 -0.16
0.00010552 -1.52 -0.16
0.00010556 -1.6 -0.24
0.0001056 -1.68 -0.32
0.00010564 -1.68 -0.32
0.00010568 -1.84 -0.32
0.00010572 -1.92 -0.4
0.00010576 -2 -0.48
0.0001058 -2.16 -0.48
0.00010584 -2.24 -0.56
0.00010588 -2.24 -0.56
0.00010592 -2.32 -0.56
0.00010596 -2.4 -0.72
0.000106 -2.56 -0.72
0.00010604 -2.56 -0.72
0.00010608 -2.64 -0.72
0.00010612 -2.8 -0.88
0.00010616 -2.8 -0.88
0.0001062 -2.88 -0.88
0.00010624 -2.96 -0.88
0.00010628 -3.12 -1.04
0.00010632 -3.2 -1.04
0.00010636 -3.28 -1.04
0.0001064 -3.28 -1.04
0.00010644 -3.28 -1.12
0.00010648 -3.52 -1.2
0.00010652 -3.52 -1.2
0.00010656 -3.6 -1.28
0.0001066 -3.68 -1.28
0.00010664 -3.76 -1.36
0.00010668 -3.84 -1.36
0.00010672 -3.92 -1.36
0.00010676 -3.92 -1.36
0.0001068 -4.08 -1.44
0.00010684 -4.16 -1.52
0.00010688 -4.08 -1.52
0.00010692 -4.24 -1.52
0.00010696 -4.24 -1.6
0.000107 -4.4 -1.68
0.00010704 -4.4 -1.68
0.00010708 -4.48 -1.68
0.00010712 -4.48 -1.68
0.00010716 -4.56 -1.68
0.0001072 -4.56 -1.84
0.00010724 -4.72 -1.84
0.00010728 -4.8 -1.84
0.00010732 -4.88 -1.84
0.00010736 -4.88 -1.92
0.0001074 -4.88 -2
0.00010744 -4.96 -1.92
0.00010748 -5.04 -2
0.00010752 -5.12 -2.08
0.00010756 -5.12 -2.16
0.0001076 -5.2 -2.16
0.00010764 -5.2 -2.16
0.00010768 -5.2 -2.24
0.00010772 -5.28 -2.16
0.00010776 -5.36 -2.16
0.0001078 -5.36 -2.24
0.00010784 -5.36 -2.24
0.00010788 -5.44 -2.32
0.00010792 -5.52 -2.32
0.00010796 -5.52 -2.32
0.000108 -5.52 -2.32
0.00010804 -5.52 -2.32
0.00010808 -5.52 -2.4
0.00010812 -5.68 -2.48
0.00010816 -5.68 -2.48
0.0001082 -5.76 -2.48
0.00010824 -5.68 -2.56
0.00010828 -5.76 -2.56
0.00010832 -5.76 -2.48
0.00010836 -5.76 -2.56
0.0001084 -5.84 -2.56
0.00010844 -5.84 -2.64
0.00010848 -5.84 -2.56
0.00010852 -5.92 -2.64
0.00010856 -5.84 -2.64
0.0001086 -6 -2.64
0.00010864 -6 -2.64
0.00010868 -6 -2.64
0.00010872 -6 -2.64
0.00010876 -6.08 -2.64
0.0001088 -6 -2.8
0.00010884 -6 -2.72
0.00010888 -6 -2.72
0.00010892 -6 -2.8
0.00010896 -6 -2.72
0.000109 -6 -2.8
0.00010904 -6 -2.72
0.00010908 -6 -2.72
0.00010912 -6 -2.8
0.00010916 -6 -2.8
0.0001092 -6 -2.8
0.00010924 -6 -2.8
0.00010928 -6 -2.8
0.00010932 -6 -2.8
0.00010936 -5.92 -2.8
0.0001094 -6 -2.8
0.00010944 -6 -2.8
0.00010948 -5.84 -2.88
0.00010952 -5.84 -2.88
0.00010956 -5.84 -2.8
0.0001096 -5.92 -2.8
0.00010964 -5.84 -2.88
0.00010968 -5.84 -2.8
0.00010972 -5.76 -2.72
0.00010976 -5.76 -2.8
0.0001098 -5.76 -2.8
0.00010984 -5.68 -2.88
0.00010988 -5.76 -2.88
0.00010992 -5.68 -2.8
0.00010996 -5.6 -2.8
0.00011 -5.68 -2.8
0.00011004 -5.6 -2.8
0.00011008 -5.52 -2.8
0.00011012 -5.52 -2.8
0.00011016 -5.44 -2.8
0.0001102 -5.44 -2.72
0.00011024 -5.36 -2.72
0.00011028 -5.36 -2.64
0.00011032 -5.36 -2.64
0.00011036 -5.28 -2.64
0.0001104 -5.2 -2.72
0.00011044 -5.2 -2.64
0.00011048 -5.12 -2.64
0.00011052 -5.12 -2.72
0.00011056 -5.04 -2.64
0.0001106 -5.04 -2.64
0.00011064 -4.88 -2.56
0.00011068 -4.88 -2.56
0.00011072 -4.88 -2.64
0.00011076 -4.8 -2.56
0.0001108 -4.72 -2.56
0.00011084 -4.72 -2.48
0.00011088 -4.64 -2.48
0.00011092 -4.56 -2.48
0.00011096 -4.56 -2.48
0.000111 -4.48 -2.48
0.00011104 -4.4 -2.4
0.00011108 -4.32 -2.4
0.00011112 -4.24 -2.4
0.00011116 -4.24 -2.4
0.0001112 -4.16 -2.32
0.00011124 -4.08 -2.32
0.00011128 -3.92 -2.32
0.00011132 -3.92 -2.24
0.00011136 -3.84 -2.24
0.0001114 -3.76 -2.24
0.00011144 -3.68 -2.16
0.00011148 -3.6 -2.24
0.00011152 -3.6 -2.08
0.00011156 -3.52 -2.08
0.0001116 -3.44 -2.08
0.00011164 -3.44 -2
0.00011168 -3.28 -2
0.00011172 -3.2 -1.92
0.00011176 -3.12 -2
0.0001118 -3.04 -1.92
0.00011184 -2.96 -1.92
0.00011188 -2.88 -1.84
0.00011192 -2.8 -1.84
0.00011196 -2.8 -1.76
0.000112 -2.64 -1.76
0.00011204 -2.56 -1.68
0.00011208 -2.48 -1.68
0.00011212 -2.4 -1.68
0.00011216 -2.32 -1.6
0.0001122 -2.32 -1.6
0.00011224 -2.16 -1.6
0.00011228 -2 -1.52
0.00011232 -2 -1.52
0.00011236 -1.92 -1.44
0.0001124 -1.84 -1.36
0.00011244 -1.76 -1.36
0.00011248 -1.68 -1.36
0.00011252 -1.6 -1.36
0.00011256 -1.44 -1.28
0.0001126 -1.36 -1.12
0.00011264 -1.28 -1.2
0.00011268 -1.28 -1.2
0.00011272 -1.12 -1.12
0.00011276 -1.04 -1.04
0.0001128 -0.96 -1.04
0.00011284 -0.96 -1.04
0.00011288 -0.8 -0.96
0.00011292 -0.64 -0.96
0.00011296 -0.64 -0.88
0.000113 -0.48 -0.88
0.00011304 -0.4 -0.8
0.00011308 -0.32 -0.8
0.00011312 -0.24 -0.72
0.00011316 0 -0.72
0.0001132 0 -0.64
0.00011324 0.08 -0.56
0.00011328 0.16 -0.56
0.00011332 0.32 -0.56
0.00011336 0.4 -0.56
0.0001134 0.48 -0.48
0.00011344 0.64 -0.4
0.00011348 0.64 -0.32
0.00011352 0.72 -0.32
0.00011356 0.8 -0.32
0.0001136 0.96 -0.24
0.00011364 0.96 -0.16
0.00011368 1.12 -0.16
0.00011372 1.2 0
0.00011376 1.28 0
0.0001138 1.36 0.08
0.00011384 1.36 0.08
0.00011388 1.52 0.08
0.00011392 1.6 0.08
0.00011396 1.68 0.16
0.000114 1.76 0.24
0.00011404 1.92 0.24
0.00011408 1.92 0.32
0.00011412 2.08 0.32
0.00011416 2.08 0.4
0.0001142 2.24 0.4
0.00011424 2.24 0.4
0.00011428 2.32 0.48
0.00011432 2.4 0.48
0.00011436 2.56 0.64
0.0001144 2.64 0.64
0.00011444 2.64 0.72
0.00011448 2.8 0.64
0.00011452 2.88 0.72
0.00011456 2.96 0.72
0.0001146 2.96 0.8
0.00011464 3.04 0.8
0.00011468 3.2 0.96
0.00011472 3.28 0.96
0.00011476 3.36 0.96
0.0001148 3.36 1.04
0.00011484 3.44 1.04
0.00011488 3.52 1.12
0.00011492 3.6 1.12
0.00011496 3.68 1.12
0.000115 3.84 1.2
0.00011504 3.84 1.28
0.00011508 3.84 1.28
0.00011512 3.92 1.28
0.00011516 4 1.36
0.0001152 4.08 1.36
0.00011524 4.16 1.44
0.00011528 4.16 1.44
0.00011532 4.24 1.44
0.00011536 4.32 1.44
0.0001154 4.48 1.6
0.00011544 4.48 1.6
0.00011548 4.48 1.6
0.00011552 4.64 1.6
0.00011556 4.64 1.68
0.0001156 4.64 1.68
0.00011564 4.8 1.68
0.00011568 4.8 1.76
0.00011572 4.8 1.76
0.00011576 4.88 1.84
0.0001158 4.96 1.92
0.00011584 4.96 1.76
0.00011588 5.04 1.92
0.00011592 5.12 1.92
0.00011596 5.12 2
0.000116 5.12 2
0.00011604 5.2 2.08
0.00011608 5.2 2.08
0.00011612 5.28 2.16
0.00011616 5.28 2.08
0.0001162 5.36 2.08
0.00011624 5.44 2.08
0.00011628 5.44 2.24
0.00011632 5.44 2.24
0.00011636 5.52 2.24
0.0001164 5.52 2.24
0.00011644 5.6 2.32
0.00011648 5.52 2.32
0.00011652 5.6 2.32
0.00011656 5.6 2.32
0.0001166 5.68 2.32
0.00011664 5.68 2.4
0.00011668 5.76 2.4
0.00011672 5.76 2.4
0.00011676 5.76 2.4
0.0001168 5.84 2.4
0.00011684 5.84 2.48
0.00011688 5.84 2.4
0.00011692 5.76 2.48
0.00011696 5.84 2.48
0.000117 5.84 2.48
0.00011704 5.84 2.56
0.00011708 5.92 2.48
0.00011712 5.92 2.56
0.00011716 5.92 2.56
0.0001172 5.92 2.56
0.00011724 5.92 2.56
0.00011728 5.92 2.56
0.00011732 5.92 2.56
0.00011736 5.92 2.64
0.0001174 5.92 2.56
0.00011744 5.92 2.56
0.00011748 5.92 2.56
0.00011752 5.92 2.64
0.00011756 5.92 2.64
0.0001176 5.84 2.64
0.00011764 5.92 2.64
0.00011768 5.92 2.72
0.00011772 5.92 2.64
0.00011776 5.84 2.64
0.0001178 5.84 2.64
0.00011784 5.76 2.64
0.00011788 5.76 2.64
0.00011792 5.76 2.64
0.00011796 5.76 2.64
0.000118 5.68 2.56
0.00011804 5.76 2.64
0.00011808 5.76 2.64
0.00011812 5.6 2.64
0.00011816 5.6 2.64
0.0001182 5.52 2.64
0.00011824 5.6 2.72
0.00011828 5.52 2.64
0.00011832 5.52 2.56
0.00011836 5.44 2.56
0.0001184 5.44 2.56
0.00011844 5.44 2.56
0.00011848 5.36 2.56
0.00011852 5.36 2.56
0.00011856 5.28 2.56
0.0001186 5.2 2.56
0.00011864 5.2 2.56
0.00011868 5.12 2.56
0.00011872 5.12 2.56
0.00011876 5.12 2.56
0.0001188 5.04 2.56
0.00011884 5.04 2.48
0.00011888 4.96 2.4
0.00011892 4.88 2.48
0.00011896 4.8 2.48
0.000119 4.8 2.4
0.00011904 4.8 2.32
0.00011908 4.72 2.32
0.00011912 4.64 2.4
0.00011916 4.56 2.32
0.0001192 4.48 2.32
0.00011924 4.48 2.32
0.00011928 4.4 2.32
0.00011932 4.32 2.24
0.00011936 4.24 2.24
0.0001194 4.24 2.24
0.00011944 4.16 2.16
0.00011948 4.08 2.16
0.00011952 4 2.16
0.00011956 3.92 2.16
0.0001196 3.92 2.08
0.00011964 3.84 2.08
0.00011968 3.76 2
0.00011972 3.68 2
0.00011976 3.6 1.92
0.0001198 3.6 2
0.00011984 3.52 1.92
0.00011988 3.36 1.92
0.00011992 3.28 1.84
0.00011996 3.28 1.84
0.00012 3.2 1.76
0.00012004 3.04 1.84
0.00012008 2.96 1.68
0.00012012 2.96 1.68
0.00012016 2.88 1.68
0.0001202 2.8 1.68
0.00012024 2.72 1.6
0.00012028 2.56 1.52
0.00012032 2.56 1.52
0.00012036 2.4 1.52
0.0001204 2.32 1.44
0.00012044 2.24 1.44
0.00012048 2.24 1.44
0.00012052 2.08 1.36
0.00012056 2 1.36
0.0001206 1.92 1.28
0.00012064 1.92 1.28
0.00012068 1.76 1.28
0.00012072 1.68 1.28
0.00012076 1.6 1.12
0.0001208 1.6 1.12
0.00012084 1.44 1.04
0.00012088 1.36 1.12
0.00012092 1.28 1.04
0.00012096 1.2 0.96
0.000121 1.12 0.96
0.00012104 1.04 0.96
0.00012108 0.96 0.88
0.00012112 0.8 0.88
0.00012116 0.72 0.8
0.0001212 0.64 0.72
0.00012124 0.48 0.72
0.00012128 0.48 0.72
0.00012132 0.4 0.64
0.00012136 0.32 0.56
0.0001214 0.16 0.56
0.00012144 0.08 0.48
0.00012148 0 0.48
0.00012152 -0.16 0.4
0.00012156 -0.24 0.48
0.0001216 -0.32 0.4
0.00012164 -0.4 0.32
0.00012168 -0.48 0.32
0.00012172 -0.56 0.24
0.00012176 -0.72 0.32
0.0001218 -0.8 0.24
0.00012184 -0.88 0.08
0.00012188 -0.96 0.08
0.00012192 -1.04 0
0.00012196 -1.2 0
0.000122 -1.2 0
0.00012204 -1.36 0
0.00012208 -1.36 -0.16
0.00012212 -1.52 -0.24
0.00012216 -1.6 -0.24
0.0001222 -1.6 -0.32
0.00012224 -1.68 -0.32
0.00012228 -1.84 -0.4
0.00012232 -1.92 -0.4
0.00012236 -2 -0.4
0.0001224 -2 -0.48
0.00012244 -2.16 -0.56
0.00012248 -2.16 -0.48
0.00012252 -2.32 -0.56
0.00012256 -2.4 -0.72
0.0001226 -2.48 -0.72
0.00012264 -2.56 -0.72
0.00012268 -2.64 -0.8
0.00012272 -2.64 -0.8
0.00012276 -2.8 -0.88
0.0001228 -2.96 -0.96
0.00012284 -2.96 -0.96
0.00012288 -3.04 -0.96
0.00012292 -3.12 -1.04
0.00012296 -3.2 -1.04
0.000123 -3.28 -1.12
0.00012304 -3.36 -1.12
0.00012308 -3.44 -1.2
0.00012312 -3.52 -1.28
0.00012316 -3.6 -1.2
0.0001232 -3.6 -1.28
0.00012324 -3.76 -1.36
0.00012328 -3.76 -1.36
0.00012332 -3.84 -1.36
0.00012336 -3.92 -1.36
0.0001234 -3.92 -1.36
0.00012344 -4.08 -1.52
0.00012348 -4.16 -1.52
0.00012352 -4.16 -1.6
0.00012356 -4.24 -1.52
0.0001236 -4.4 -1.68
0.00012364 -4.4 -1.68
0.00012368 -4.4 -1.68
0.00012372 -4.48 -1.68
0.00012376 -4.56 -1.76
0.0001238 -4.56 -1.84
0.00012384 -4.72 -1.84
0.00012388 -4.72 -1.84
0.00012392 -4.8 -1.92
0.00012396 -4.8 -1.92
0.000124 -4.88 -2
0.00012404 -4.88 -2
0.00012408 -5.04 -2
0.00012412 -5.04 -2.08
0.00012416 -5.12 -2.08
0.0001242 -5.2 -2.16
0.00012424 -5.2 -2.08
0.00012428 -5.2 -2.16
0.00012432 -5.2 -2.16
0.00012436 -5.36 -2.24
0.0001244 -5.36 -2.24
0.00012444 -5.36 -2.24
0.00012448 -5.44 -2.32
0.00012452 -5.52 -2.32
0.00012456 -5.52 -2.32
0.0001246 -5.52 -2.32
0.00012464 -5.52 -2.32
0.00012468 -5.6 -2.4
0.00012472 -5.6 -2.4
0.00012476 -5.68 -2.48
0.0001248 -5.68 -2.48
0.00012484 -5.76 -2.48
0.00012488 -5.76 -2.48
0.00012492 -5.76 -2.48
0.00012496 -5.76 -2.56
0.000125 -5.84 -2.56
0.00012504 -5.84 -2.64
0.00012508 -5.84 -2.64
0.00012512 -5.84 -2.56
0.00012516 -5.92 -2.64
0.0001252 -5.92 -2.64
0.00012524 -5.92 -2.72
0.00012528 -6 -2.64
0.00012532 -6 -2.64
0.00012536 -6 -2.64
0.0001254 -6 -2.72
0.00012544 -6 -2.72
0.00012548 -6 -2.72
0.00012552 -6 -2.72
0.00012556 -6 -2.72
0.0001256 -6.08 -2.72
0.00012564 -6.08 -2.8
0.00012568 -6 -2.72
0.00012572 -6 -2.8
0.00012576 -6.08 -2.8
0.0001258 -6 -2.88
0.00012584 -6 -2.72
0.00012588 -6 -2.8
0.00012592 -6 -2.8
0.00012596 -6 -2.8
0.000126 -6 -2.8
0.00012604 -5.92 -2.88
0.00012608 -5.84 -2.88
0.00012612 -5.92 -2.88
0.00012616 -5.84 -2.8
0.0001262 -5.84 -2.8
0.00012624 -5.84 -2.8
0.00012628 -5.84 -2.88
0.00012632 -5.76 -2.88
0.00012636 -5.76 -2.8
0.0001264 -5.76 -2.8
0.00012644 -5.76 -2.8
0.00012648 -5.76 -2.8
0.00012652 -5.68 -2.8
0.00012656 -5.6 -2.8
0.0001266 -5.68 -2.8
0.00012664 -5.52 -2.8
0.00012668 -5.52 -2.8
0.00012672 -5.52 -2.8
0.00012676 -5.52 -2.72
0.0001268 -5.44 -2.72
0.00012684 -5.44 -2.8
0.00012688 -5.36 -2.72
0.00012692 -5.36 -2.72
0.00012696 -5.36 -2.8
0.000127 -5.2 -2.72
0.00012704 -5.2 -2.72
0.00012708 -5.12 -2.56
0.00012712 -5.12 -2.64
0.00012716 -5.04 -2.64
0.0001272 -5.04 -2.64
0.00012724 -4.96 -2.56
0.00012728 -4.88 -2.56
0.00012732 -4.88 -2.64
0.00012736 -4.8 -2.56
0.0001274 -4.72 -2.56
0.00012744 -4.72 -2.48
0.00012748 -4.64 -2.48
0.00012752 -4.56 -2.48
0.00012756 -4.56 -2.48
0.0001276 -4.48 -2.48
0.00012764 -4.4 -2.4
0.00012768 -4.32 -2.4
0.00012772 -4.24 -2.4
0.00012776 -4.16 -2.32
0.0001278 -4.16 -2.32
0.00012784 -4.08 -2.32
0.00012788 -4 -2.32
0.00012792 -3.92 -2.24
0.00012796 -3.84 -2.24
0.000128 -3.76 -2.16
0.00012804 -3.76 -2.16
0.00012808 -3.76 -2.24
0.00012812 -3.6 -2.08
0.00012816 -3.52 -2.08
0.0001282 -3.44 -2.08
0.00012824 -3.44 -2.08
0.00012828 -3.28 -2
0.00012832 -3.2 -2
0.00012836 -3.12 -1.92
0.0001284 -3.12 -1.92
0.00012844 -2.96 -1.92
0.00012848 -2.96 -1.84
0.00012852 -2.88 -1.84
0.00012856 -2.8 -1.84
0.0001286 -2.64 -1.76
0.00012864 -2.56 -1.76
0.00012868 -2.56 -1.68
0.00012872 -2.48 -1.68
0.00012876 -2.32 -1.68
0.0001288 -2.32 -1.6
0.00012884 -2.16 -1.52
0.00012888 -2.16 -1.52
0.00012892 -2 -1.52
0.00012896 -2 -1.52
0.000129 -1.84 -1.44
0.00012904 -1.68 -1.36
0.00012908 -1.68 -1.28
0.00012912 -1.6 -1.36
0.00012916 -1.52 -1.28
0.0001292 -1.36 -1.2
0.00012924 -1.36 -1.2
0.00012928 -1.28 -1.12
0.00012932 -1.04 -1.2
0.00012936 -1.04 -1.04
0.0001294 -0.96 -1.04
0.00012944 -0.96 -1.04
0.00012948 -0.8 -1.04
0.00012952 -0.72 -0.88
0.00012956 -0.64 -0.88
0.0001296 -0.56 -0.96
0.00012964 -0.4 -0.88
0.00012968 -0.4 -0.8
0.00012972 -0.24 -0.72
0.00012976 -0.24 -0.72
0.0001298 0 -0.72
0.00012984 0.08 -0.64
0.00012988 0.16 -0.56
0.00012992 0.32 -0.48
0.00012996 0.32 -0.56
0.00013 0.4 -0.48
0.00013004 0.48 -0.4
0.00013008 0.64 -0.32
0.00013012 0.72 -0.32
0.00013016 0.8 -0.32
0.0001302 0.88 -0.32
0.00013024 0.96 -0.24
0.00013028 1.12 -0.16
0.00013032 1.12 -0.16
0.00013036 1.28 0
0.0001304 1.36 0.08
0.00013044 1.44 0.08
0.00013048 1.52 0.08
0.00013052 1.6 0.16
0.00013056 1.6 0.16
0.0001306 1.76 0.24
0.00013064 1.84 0.32
0.00013068 1.92 0.24
0.00013072 2 0.32
0.00013076 2.08 0.32
0.0001308 2.24 0.48
0.00013084 2.24 0.48
0.00013088 2.4 0.4
0.00013092 2.4 0.48
0.00013096 2.56 0.64
0.000131 2.56 0.72
0.00013104 2.72 0.64
0.00013108 2.8 0.64
0.00013112 2.88 0.72
0.00013116 2.88 0.72
0.0001312 2.96 0.8
0.00013124 3.04 0.8
0.00013128 3.12 0.88
0.00013132 3.2 0.96
0.00013136 3.28 1.04
0.0001314 3.36 0.96
0.00013144 3.44 1.04
0.00013148 3.52 1.04
0.00013152 3.52 1.12
0.00013156 3.6 1.12
0.0001316 3.76 1.12
0.00013164 3.84 1.28
0.00013168 3.84 1.28
0.00013172 3.92 1.28
0.00013176 4 1.28
0.0001318 4.08 1.28
0.00013184 4.16 1.44
0.00013188 4.16 1.44
0.00013192 4.24 1.44
0.00013196 4.24 1.44
0.000132 4.4 1.44
0.00013204 4.48 1.6
0.00013208 4.48 1.6
0.00013212 4.56 1.6
0.00013216 4.64 1.68
0.0001322 4.64 1.68
0.00013224 4.64 1.68
0.00013228 4.8 1.76
0.00013232 4.8 1.84
0.00013236 4.88 1.84
0.0001324 4.96 1.84
0.00013244 4.96 1.76
0.00013248 5.04 1.92
0.00013252 5.04 1.92
0.00013256 5.12 2
0.0001326 5.12 2
0.00013264 5.2 2
0.00013268 5.2 2
0.00013272 5.28 2
0.00013276 5.28 2.16
0.0001328 5.44 2.08
0.00013284 5.44 2.16
0.00013288 5.44 2.16
0.00013292 5.44 2.24
0.00013296 5.44 2.24
0.000133 5.52 2.24
0.00013304 5.52 2.24
0.00013308 5.6 2.32
0.00013312 5.6 2.32
0.00013316 5.68 2.32
0.0001332 5.76 2.32
0.00013324 5.76 2.4
0.00013328 5.76 2.4
0.00013332 5.76 2.4
0.00013336 5.76 2.4
0.0001334 5.76 2.4
0.00013344 5.84 2.48
0.00013348 5.84 2.4
0.00013352 5.76 2.56
0.00013356 5.84 2.48
0.0001336 5.84 2.48
0.00013364 5.84 2.56
0.00013368 5.92 2.48
0.00013372 5.84 2.48
0.00013376 5.92 2.56
0.0001338 5.92 2.64
0.00013384 5.92 2.64
0.00013388 5.84 2.56
0.00013392 5.92 2.64
0.00013396 5.92 2.56
0.000134 5.92 2.64
0.00013404 5.92 2.56
0.00013408 5.92 2.56
0.00013412 5.92 2.64
0.00013416 5.92 2.64
0.0001342 5.92 2.64
0.00013424 5.84 2.64
0.00013428 5.92 2.64
0.00013432 5.84 2.64
0.00013436 5.84 2.64
0.0001344 5.84 2.64
0.00013444 5.84 2.64
0.00013448 5.76 2.72
0.00013452 5.76 2.64
0.00013456 5.76 2.64
0.0001346 5.76 2.56
0.00013464 5.76 2.56
0.00013468 5.76 2.64
0.00013472 5.68 2.64
0.00013476 5.6 2.64
0.0001348 5.52 2.64
0.00013484 5.52 2.64
0.00013488 5.52 2.64
0.00013492 5.52 2.56
0.00013496 5.52 2.64
0.000135 5.44 2.56
0.00013504 5.44 2.64
0.00013508 5.44 2.64
0.00013512 5.36 2.56
0.00013516 5.28 2.56
0.0001352 5.28 2.56
0.00013524 5.2 2.56
0.00013528 5.2 2.48
0.00013532 5.12 2.4
0.00013536 5.12 2.48
0.0001354 5.04 2.48
0.00013544 4.96 2.48
0.00013548 4.96 2.4
0.00013552 4.88 2.4
0.00013556 4.88 2.4
0.0001356 4.8 2.4
0.00013564 4.8 2.4
0.00013568 4.72 2.32
0.00013572 4.64 2.4
0.00013576 4.56 2.32
0.0001358 4.48 2.32
0.00013584 4.48 2.24
0.00013588 4.4 2.24
0.00013592 4.32 2.32
0.00013596 4.32 2.24
0.000136 4.24 2.16
0.00013604 4.16 2.24
0.00013608 4.16 2.16
0.00013612 4.16 2.16
0.00013616 4 2.08
0.0001362 3.92 2.08
0.00013624 3.84 2.08
0.00013628 3.84 2.16
0.00013632 3.68 2
0.00013636 3.6 1.92
0.0001364 3.6 1.92
0.00013644 3.52 2
0.00013648 3.36 1.92
0.00013652 3.36 1.92
0.00013656 3.2 1.84
0.0001366 3.2 1.76
0.00013664 3.12 1.84
0.00013668 3.04 1.76
0.00013672 2.96 1.76
0.00013676 2.88 1.68
0.0001368 2.88 1.68
0.00013684 2.72 1.68
0.00013688 2.64 1.52
0.00013692 2.56 1.6
0.00013696 2.48 1.6
0.000137 2.4 1.52
0.00013704 2.24 1.44
0.00013708 2.24 1.36
0.00013712 2.08 1.36
0.00013716 2.08 1.36
0.0001372 1.92 1.36
0.00013724 1.92 1.28
0.00013728 1.84 1.28
0.00013732 1.68 1.28
0.00013736 1.6 1.28
0.0001374 1.6 1.12
0.00013744 1.44 1.12
0.00013748 1.44 1.04
0.00013752 1.28 1.04
0.00013756 1.2 0.96
0.0001376 1.12 0.96
0.00013764 1.04 0.96
0.00013768 0.96 0.96
0.00013772 0.88 0.88
0.00013776 0.8 0.72
0.0001378 0.64 0.72
0.00013784 0.64 0.72
0.00013788 0.48 0.72
0.00013792 0.4 0.64
0.00013796 0.32 0.64
0.000138 0.24 0.64
0.00013804 0.16 0.56
0.00013808 0 0.48
0.00013812 0 0.48
0.00013816 -0.24 0.4
0.0001382 -0.24 0.4
0.00013824 -0.4 0.32
0.00013828 -0.4 0.32
0.00013832 -0.56 0.16
0.00013836 -0.64 0.24
0.0001384 -0.72 0.24
0.00013844 -0.88 0.16
0.00013848 -0.88 0.08
0.00013852 -1.04 0.08
0.00013856 -1.04 0.08
0.0001386 -1.2 0
0.00013864 -1.36 0
0.00013868 -1.36 -0.16
0.00013872 -1.44 -0.24
0.00013876 -1.52 -0.24
0.0001388 -1.68 -0.32
0.00013884 -1.68 -0.4
0.00013888 -1.84 -0.32
0.00013892 -1.92 -0.32
0.00013896 -2 -0.4
0.000139 -2.08 -0.56
0.00013904 -2.16 -0.48
0.00013908 -2.16 -0.64
0.00013912 -2.32 -0.56
0.00013916 -2.32 -0.64
0.0001392 -2.48 -0.72
0.00013924 -2.56 -0.72
0.00013928 -2.64 -0.72
0.00013932 -2.64 -0.8
0.00013936 -2.8 -0.88
0.0001394 -2.88 -0.88
0.00013944 -2.96 -0.96
0.00013948 -2.96 -0.96
0.00013952 -3.12 -1.04
0.00013956 -3.2 -1.04
0.0001396 -3.28 -1.04
0.00013964 -3.28 -1.04
0.00013968 -3.44 -1.12
0.00013972 -3.52 -1.2
0.00013976 -3.6 -1.28
0.0001398 -3.6 -1.2
0.00013984 -3.76 -1.28
0.00013988 -3.76 -1.36
0.00013992 -3.84 -1.44
0.00013996 -3.92 -1.36
0.00014 -3.92 -1.36
0.00014004 -4.08 -1.52
0.00014008 -4.08 -1.52
0.00014012 -4.16 -1.6
0.00014016 -4.24 -1.52
0.0001402 -4.24 -1.6
0.00014024 -4.4 -1.68
0.00014028 -4.4 -1.68
0.00014032 -4.48 -1.68
0.00014036 -4.48 -1.68
0.0001404 -4.56 -1.84
0.00014044 -4.56 -1.84
0.00014048 -4.72 -1.84
0.00014052 -4.72 -1.92
0.00014056 -4.8 -1.92
0.0001406 -4.88 -2
0.00014064 -4.88 -2
0.00014068 -4.96 -1.92
0.00014072 -5.04 -2
0.00014076 -5.12 -2
0.0001408 -5.12 -2.16
0.00014084 -5.2 -2.08
0.00014088 -5.2 -2.08
0.00014092 -5.2 -2.16
0.00014096 -5.28 -2.24
0.000141 -5.36 -2.32
0.00014104 -5.36 -2.24
0.00014108 -5.36 -2.24
0.00014112 -5.44 -2.32
0.00014116 -5.52 -2.32
0.0001412 -5.52 -2.32
0.00014124 -5.52 -2.4
0.00014128 -5.6 -2.48
0.00014132 -5.68 -2.48
0.00014136 -5.68 -2.4
0.0001414 -5.68 -2.48
0.00014144 -5.68 -2.48
0.00014148 -5.76 -2.56
0.00014152 -5.76 -2.56
0.00014156 -5.76 -2.56
0.0001416 -5.76 -2.56
0.00014164 -5.84 -2.64
0.00014168 -5.84 -2.64
0.00014172 -5.84 -2.56
0.00014176 -5.84 -2.56
0.0001418 -5.84 -2.64
0.00014184 -5.84 -2.64
0.00014188 -6 -2.64
0.00014192 -5.92 -2.72
0.00014196 -6 -2.64
0.000142 -6 -2.72
0.00014204 -6 -2.8
0.00014208 -6 -2.72
0.00014212 -6 -2.72
0.00014216 -6 -2.64
0.0001422 -6 -2.8
0.00014224 -6 -2.8
0.00014228 -6 -2.8
0.00014232 -6 -2.8
0.00014236 -6 -2.8
0.0001424 -6.08 -2.8
0.00014244 -6 -2.8
0.00014248 -6 -2.72
0.00014252 -6 -2.8
0.00014256 -5.92 -2.8
0.0001426 -6 -2.8
0.00014264 -5.84 -2.8
0.00014268 -5.92 -2.8
0.00014272 -5.84 -2.88
0.00014276 -5.84 -2.88
0.0001428 -5.84 -2.8
0.00014284 -5.84 -2.8
0.00014288 -5.84 -2.88
0.00014292 -5.84 -2.88
0.00014296 -5.76 -2.88
0.000143 -5.76 -2.72
0.00014304 -5.76 -2.8
0.00014308 -5.68 -2.8
0.00014312 -5.68 -2.8
0.00014316 -5.68 -2.8
0.0001432 -5.68 -2.8
0.00014324 -5.52 -2.8
0.00014328 -5.52 -2.8
0.00014332 -5.52 -2.8
0.00014336 -5.52 -2.8
0.0001434 -5.44 -2.8
0.00014344 -5.36 -2.8
0.00014348 -5.36 -2.72
0.00014352 -5.36 -2.72
0.00014356 -5.2 -2.64
0.0001436 -5.2 -2.72
0.00014364 -5.2 -2.64
0.00014368 -5.2 -2.64
0.00014372 -5.12 -2.56
0.00014376 -5.12 -2.64
0.0001438 -5.04 -2.64
0.00014384 -4.88 -2.64
0.00014388 -4.88 -2.56
0.00014392 -4.88 -2.56
0.00014396 -4.8 -2.56
0.000144 -4.8 -2.56
0.00014404 -4.72 -2.56
0.00014408 -4.64 -2.56
0.00014412 -4.56 -2.56
0.00014416 -4.56 -2.48
0.0001442 -4.48 -2.4
0.00014424 -4.4 -2.32
0.00014428 -4.32 -2.4
0.00014432 -4.24 -2.32
0.00014436 -4.24 -2.32
0.0001444 -4.16 -2.32
0.00014444 -4.08 -2.32
0.00014448 -4.08 -2.32
0.00014452 -3.92 -2.32
0.00014456 -3.92 -2.24
0.0001446 -3.84 -2.24
0.00014464 -3.84 -2.16
0.00014468 -3.68 -2.24
0.00014472 -3.6 -2.16
0.00014476 -3.52 -2.16
0.0001448 -3.52 -2
0.00014484 -3.44 -2.08
0.00014488 -3.28 -2.08
0.00014492 -3.28 -1.92
0.00014496 -3.2 -1.92
0.000145 -3.12 -2
0.00014504 -2.96 -1.92
0.00014508 -2.96 -1.92
0.00014512 -2.88 -1.84
0.00014516 -2.8 -1.84
0.0001452 -2.64 -1.76
0.00014524 -2.64 -1.68
0.00014528 -2.56 -1.68
0.00014532 -2.48 -1.68
0.00014536 -2.32 -1.6
0.0001454 -2.32 -1.6
0.00014544 -2.24 -1.6
0.00014548 -2.16 -1.52
0.00014552 -2 -1.44
0.00014556 -1.92 -1.44
0.0001456 -1.84 -1.44
0.00014564 -1.76 -1.36
0.00014568 -1.68 -1.36
0.00014572 -1.68 -1.36
0.00014576 -1.52 -1.28
0.0001458 -1.44 -1.2
0.00014584 -1.36 -1.2
0.00014588 -1.28 -1.12
0.00014592 -1.2 -1.12
0.00014596 -1.12 -1.04
0.000146 -0.96 -1.04
0.00014604 -0.96 -1.04
0.00014608 -0.8 -0.96
0.00014612 -0.72 -0.96
0.00014616 -0.64 -0.88
0.0001462 -0.56 -0.8
0.00014624 -0.4 -0.8
0.00014628 -0.4 -0.8
0.00014632 -0.24 -0.8
0.00014636 -0.16 -0.64
0.0001464 0 -0.64
0.00014644 0.08 -0.72
0.00014648 0.16 -0.64
0.00014652 0.24 -0.48
0.00014656 0.32 -0.48
0.0001466 0.4 -0.48
0.00014664 0.48 -0.4
0.00014668 0.64 -0.4
0.00014672 0.72 -0.32
0.00014676 0.8 -0.32
0.0001468 0.8 -0.32
0.00014684 0.96 -0.24
0.00014688 1.04 -0.24
0.00014692 1.12 0
0.00014696 1.28 -0.16
0.000147 1.28 0
0.00014704 1.36 0.08
0.00014708 1.44 0.08
0.00014712 1.6 0.08
0.00014716 1.6 0.08
0.0001472 1.76 0.24
0.00014724 1.92 0.24
0.00014728 1.92 0.32
0.00014732 2 0.32
0.00014736 2 0.32
0.0001474 2.16 0.4
0.00014744 2.24 0.4
0.00014748 2.32 0.48
0.00014752 2.4 0.48
0.00014756 2.48 0.56
0.0001476 2.56 0.64
0.00014764 2.64 0.64
0.00014768 2.72 0.64
0.00014772 2.8 0.72
0.00014776 2.88 0.8
0.0001478 2.96 0.8
0.00014784 3.04 0.8
0.00014788 3.04 0.88
0.00014792 3.2 0.88
0.00014796 3.28 0.96
0.000148 3.36 0.96
0.00014804 3.36 0.96
0.00014808 3.52 1.04
0.00014812 3.52 1.12
0.00014816 3.6 1.2
0.0001482 3.68 1.12
0.00014824 3.84 1.28
0.00014828 3.84 1.2
0.00014832 3.84 1.28
0.00014836 3.92 1.28
0.0001484 4 1.28
0.00014844 4.08 1.36
0.00014848 4.16 1.36
0.00014852 4.24 1.44
0.00014856 4.32 1.44
0.0001486 4.32 1.44
0.00014864 4.4 1.52
0.00014868 4.48 1.6
0.00014872 4.56 1.6
0.00014876 4.56 1.68
0.0001488 4.64 1.68
0.00014884 4.72 1.68
0.00014888 4.8 1.68
0.00014892 4.8 1.76
0.00014896 4.88 1.76
0.000149 4.96 1.84
0.00014904 4.96 1.84
0.00014908 5.04 1.84
0.00014912 5.04 1.92
0.00014916 5.12 1.92
0.0001492 5.12 2
0.00014924 5.12 2
0.00014928 5.2 2
0.00014932 5.28 2.08
0.00014936 5.28 2.08
0.0001494 5.44 2.16
0.00014944 5.44 2.16
0.00014948 5.44 2.16
0.00014952 5.44 2.16
0.00014956 5.44 2.24
0.0001496 5.52 2.24
0.00014964 5.52 2.24
0.00014968 5.6 2.32
0.00014972 5.6 2.24
0.00014976 5.68 2.24
0.0001498 5.6 2.32
0.00014984 5.68 2.4
0.00014988 5.76 2.4
0.00014992 5.76 2.4
0.00014996 5.76 2.4
0.00015 5.76 2.4
0.00015004 5.84 2.48
0.00015008 5.84 2.48
0.00015012 5.84 2.48
0.00015016 5.84 2.4
0.0001502 5.92 2.48
0.00015024 5.84 2.56
0.00015028 5.84 2.48
0.00015032 5.92 2.56
0.00015036 5.84 2.56
0.0001504 5.84 2.56
0.00015044 5.92 2.56
0.00015048 5.92 2.56
0.00015052 5.92 2.56
0.00015056 5.92 2.56
0.0001506 5.92 2.64
0.00015064 5.92 2.64
0.00015068 5.92 2.64
0.00015072 5.92 2.64
0.00015076 5.92 2.56
0.0001508 5.92 2.64
0.00015084 5.84 2.56
0.00015088 5.84 2.56
0.00015092 5.84 2.72
0.00015096 5.84 2.64
0.000151 5.84 2.64
0.00015104 5.84 2.56
0.00015108 5.76 2.64
0.00015112 5.76 2.64
0.00015116 5.76 2.72
0.0001512 5.76 2.64
0.00015124 5.68 2.64
0.00015128 5.76 2.64
0.00015132 5.6 2.64
0.00015136 5.6 2.64
0.0001514 5.6 2.64
0.00015144 5.6 2.64
0.00015148 5.52 2.64
0.00015152 5.52 2.64
0.00015156 5.44 2.56
0.0001516 5.44 2.56
0.00015164 5.44 2.56
0.00015168 5.44 2.64
0.00015172 5.36 2.56
0.00015176 5.28 2.56
0.0001518 5.28 2.56
0.00015184 5.2 2.56
0.00015188 5.2 2.56
0.00015192 5.12 2.56
0.00015196 5.12 2.48
0.000152 5.12 2.56
0.00015204 5.04 2.48
0.00015208 4.96 2.4
0.00015212 4.96 2.4
0.00015216 4.88 2.4
0.0001522 4.8 2.4
0.00015224 4.8 2.4
0.00015228 4.72 2.32
0.00015232 4.64 2.32
0.00015236 4.64 2.32
0.0001524 4.56 2.32
0.00015244 4.48 2.32
0.00015248 4.48 2.24
0.00015252 4.32 2.32
0.00015256 4.32 2.24
0.0001526 4.24 2.24
0.00015264 4.16 2.16
0.00015268 4.16 2.16
0.00015272 4 2.16
0.00015276 4 2.16
0.0001528 3.92 2.08
0.00015284 3.84 2
0.00015288 3.84 2.08
0.00015292 3.68 2.08
0.00015296 3.68 2
0.000153 3.6 1.92
0.00015304 3.52 1.92
0.00015308 3.44 1.92
0.00015312 3.36 1.84
0.00015316 3.28 1.84
0.0001532 3.2 1.84
0.00015324 3.2 1.84
0.00015328 3.04 1.76
0.00015332 2.96 1.68
0.00015336 2.88 1.68
0.0001534 2.88 1.6
0.00015344 2.72 1.68
0.00015348 2.64 1.6
0.00015352 2.56 1.52
0.00015356 2.56 1.6
0.0001536 2.4 1.52
0.00015364 2.32 1.44
0.00015368 2.32 1.44
0.00015372 2.16 1.36
0.00015376 2.08 1.36
0.0001538 2 1.36
0.00015384 1.92 1.36
0.00015388 1.84 1.2
0.00015392 1.76 1.2
0.00015396 1.68 1.2
0.000154 1.6 1.2
0.00015404 1.52 1.12
0.00015408 1.44 1.04
0.00015412 1.36 1.12
0.00015416 1.28 1.04
0.0001542 1.12 0.96
0.00015424 1.04 0.96
0.00015428 0.96 0.88
0.00015432 0.96 0.8
0.00015436 0.8 0.8
0.0001544 0.72 0.8
0.00015444 0.64 0.72
0.00015448 0.48 0.72
0.00015452 0.48 0.72
0.00015456 0.32 0.64
0.0001546 0.24 0.64
0.00015464 0.16 0.56
0.00015468 0.08 0.56
0.00015472 0 0.48
0.00015476 -0.24 0.4
0.0001548 -0.24 0.4
0.00015484 -0.4 0.4
0.00015488 -0.4 0.32
0.00015492 -0.56 0.24
0.00015496 -0.64 0.16
0.000155 -0.72 0.16
0.00015504 -0.88 0.16
0.00015508 -0.96 0.08
0.00015512 -1.04 0.08
0.00015516 -1.04 0.08
0.0001552 -1.12 0
0.00015524 -1.28 0
0.00015528 -1.36 -0.24
0.00015532 -1.36 -0.24
0.00015536 -1.52 -0.24
0.0001554 -1.6 -0.32
0.00015544 -1.68 -0.32
0.00015548 -1.76 -0.4
0.00015552 -1.84 -0.4
0.00015556 -2 -0.4
0.0001556 -2 -0.48
0.00015564 -2.16 -0.56
0.00015568 -2.24 -0.64
0.00015572 -2.32 -0.56
0.00015576 -2.32 -0.56
0.0001558 -2.4 -0.72
0.00015584 -2.56 -0.72
0.00015588 -2.56 -0.8
0.00015592 -2.64 -0.8
0.00015596 -2.8 -0.8
0.000156 -2.8 -0.88
0.00015604 -2.96 -0.88
0.00015608 -2.96 -0.96
0.00015612 -3.12 -0.96
0.00015616 -3.2 -1.04
0.0001562 -3.28 -1.04
0.00015624 -3.28 -1.04
0.00015628 -3.44 -1.12
0.00015632 -3.52 -1.2
0.00015636 -3.52 -1.2
0.0001564 -3.6 -1.2
0.00015644 -3.6 -1.28
0.00015648 -3.76 -1.28
0.00015652 -3.84 -1.36
0.00015656 -3.84 -1.36
0.0001566 -3.92 -1.36
0.00015664 -4 -1.44
0.00015668 -4.08 -1.52
0.00015672 -4.16 -1.52
0.00015676 -4.24 -1.6
0.0001568 -4.24 -1.6
0.00015684 -4.32 -1.6
0.00015688 -4.4 -1.68
0.00015692 -4.48 -1.68
0.00015696 -4.56 -1.68
0.000157 -4.56 -1.76
0.00015704 -4.72 -1.76
0.00015708 -4.72 -1.84
0.00015712 -4.72 -1.84
0.00015716 -4.8 -1.92
0.0001572 -4.88 -2
0.00015724 -4.88 -1.92
0.00015728 -4.96 -1.92
0.00015732 -5.04 -2
0.00015736 -5.04 -2
0.0001574 -5.12 -2.16
0.00015744 -5.2 -2.08
0.00015748 -5.2 -2.16
0.00015752 -5.2 -2.16
0.00015756 -5.2 -2.16
0.0001576 -5.36 -2.24
0.00015764 -5.36 -2.24
0.00015768 -5.44 -2.24
0.00015772 -5.44 -2.32
0.00015776 -5.44 -2.32
0.0001578 -5.52 -2.32
0.00015784 -5.52 -2.4
0.00015788 -5.52 -2.48
0.00015792 -5.6 -2.32
0.00015796 -5.68 -2.4
0.000158 -5.68 -2.4
0.00015804 -5.68 -2.48
0.00015808 -5.76 -2.56
0.00015812 -5.76 -2.48
0.00015816 -5.76 -2.56
0.0001582 -5.84 -2.48
0.00015824 -5.84 -2.56
0.00015828 -5.84 -2.56
0.00015832 -5.84 -2.64
0.00015836 -5.84 -2.64
0.0001584 -5.84 -2.64
0.00015844 -5.84 -2.64
0.00015848 -6 -2.64
0.00015852 -6 -2.64
0.00015856 -6 -2.64
0.0001586 -6 -2.64
0.00015864 -6 -2.72
0.00015868 -6 -2.72
0.00015872 -6 -2.72
0.00015876 -6 -2.72
0.0001588 -6 -2.72
0.00015884 -6 -2.88
0.00015888 -6 -2.72
0.00015892 -6 -2.72
0.00015896 -6 -2.8
0.000159 -6 -2.8
0.00015904 -6 -2.88
0.00015908 -6 -2.72
0.00015912 -6 -2.8
0.00015916 -6 -2.8
0.0001592 -6 -2.8
0.00015924 -5.92 -2.8
0.00015928 -6 -2.8
0.00015932 -5.92 -2.88
0.00015936 -5.84 -2.88
0.0001594 -5.92 -2.88
0.00015944 -5.84 -2.8
0.00015948 -5.76 -2.88
0.00015952 -5.76 -2.88
0.00015956 -5.84 -2.8
0.0001596 -5.76 -2.8
0.00015964 -5.76 -2.8
0.00015968 -5.68 -2.8
0.00015972 -5.68 -2.8
0.00015976 -5.68 -2.8
0.0001598 -5.68 -2.72
0.00015984 -5.6 -2.8
0.00015988 -5.52 -2.8
0.00015992 -5.52 -2.8
0.00015996 -5.52 -2.8
