0 3.36 1.76
2e-08 3.36 1.76
4e-08 3.28 1.76
6e-08 3.28 1.76
8e-08 3.28 1.76
1e-07 3.28 1.76
1.2e-07 3.12 1.76
1.4e-07 3.2 1.68
1.6e-07 3.12 1.68
1.8e-07 3.04 1.68
2e-07 3.04 1.68
2.2e-07 2.96 1.76
2.4e-07 2.96 1.76
2.6e-07 2.88 1.76
2.8e-07 2.88 1.76
3e-07 2.88 1.68
3.2e-07 2.72 1.68
3.4e-07 2.72 1.68
3.6e-07 2.64 1.68
3.8e-07 2.64 1.6
4e-07 2.56 1.76
4.2e-07 2.56 1.68
4.4e-07 2.48 1.68
4.6e-07 2.4 1.68
4.8e-07 2.4 1.68
5e-07 2.32 1.68
5.2e-07 2.24 1.68
5.4e-07 2.24 1.68
5.6e-07 2.24 1.6
5.8e-07 2.24 1.6
6e-07 2.08 1.68
6.2e-07 2.08 1.68
6.4e-07 2.08 1.68
6.6e-07 2 1.6
6.8e-07 1.92 1.6
7e-07 1.92 1.6
7.2e-07 1.84 1.6
7.4e-07 1.76 1.6
7.6e-07 1.76 1.6
7.8e-07 1.68 1.6
8e-07 1.68 1.6
8.2e-07 1.6 1.6
8.4e-07 1.6 1.6
8.6e-07 1.6 1.52
8.8e-07 1.44 1.52
9e-07 1.44 1.52
9.2e-07 1.36 1.44
9.4e-07 1.28 1.6
9.6e-07 1.28 1.52
9.8e-07 1.28 1.52
1e-06 1.2 1.44
1.02e-06 1.12 1.44
1.04e-06 1.04 1.44
1.06e-06 1.04 1.44
1.08e-06 1.04 1.44
1.1e-06 0.96 1.44
1.12e-06 0.88 1.36
1.14e-06 0.8 1.44
1.16e-06 0.8 1.44
1.18e-06 0.72 1.36
1.2e-06 0.64 1.36
1.22e-06 0.64 1.28
1.24e-06 0.64 1.36
1.26e-06 0.56 1.36
1.28e-06 0.48 1.36
1.3e-06 0.48 1.28
1.32e-06 0.4 1.36
1.34e-06 0.32 1.36
1.36e-06 0.32 1.28
1.38e-06 0.32 1.28
1.4e-06 0.16 1.2
1.42e-06 0.16 1.28
1.44e-06 0.08 1.28
1.46e-06 0.08 1.28
1.48e-06 0 1.28
1.5e-06 0 1.28
1.52e-06 0 1.2
1.54e-06 -0.24 1.2
1.56e-06 -0.24 1.12
1.58e-06 -0.32 1.12
1.6e-06 -0.32 1.12
1.62e-06 -0.4 1.12
1.64e-06 -0.4 1.12
1.66e-06 -0.48 1.12
1.68e-06 -0.56 1.12
1.7e-06 -0.56 1.04
1.72e-06 -0.64 1.12
1.74e-06 -0.64 1.04
1.76e-06 -0.72 1.04
1.78e-06 -0.72 1.04
1.8e-06 -0.88 1.04
1.82e-06 -0.88 1.12
1.84e-06 -0.96 1.04
1.86e-06 -0.96 1.04
1.88e-06 -1.04 1.04
1.9e-06 -1.04 1.04
1.92e-06 -1.12 0.96
1.94e-06 -1.2 0.96
1.96e-06 -1.2 1.04
1.98e-06 -1.28 0.88
2e-06 -1.36 0.88
2.02e-06 -1.36 0.96
2.04e-06 -1.44 0.88
2.06e-06 -1.36 0.88
2.08e-06 -1.52 0.88
2.1e-06 -1.52 0.8
2.12e-06 -1.6 0.88
2.14e-06 -1.68 0.8
2.16e-06 -1.68 0.8
2.18e-06 -1.68 0.8
2.2e-06 -1.84 0.8
2.22e-06 -1.84 0.8
2.24e-06 -1.92 0.72
2.26e-06 -1.92 0.72
2.28e-06 -2 0.72
2.3e-06 -2 0.72
2.32e-06 -2 0.72
2.34e-06 -2.16 0.72
2.36e-06 -2.16 0.72
2.38e-06 -2.24 0.64
2.4e-06 -2.24 0.64
2.42e-06 -2.32 0.64
2.44e-06 -2.32 0.64
2.46e-06 -2.32 0.64
2.48e-06 -2.48 0.48
2.5e-06 -2.48 0.56
2.52e-06 -2.48 0.64
2.54e-06 -2.56 0.48
2.56e-06 -2.64 0.56
2.58e-06 -2.64 0.56
2.6e-06 -2.72 0.56
2.62e-06 -2.72 0.4
2.64e-06 -2.8 0.4
2.66e-06 -2.8 0.4
2.68e-06 -2.96 0.4
2.7e-06 -2.96 0.4
2.72e-06 -2.96 0.4
2.74e-06 -2.96 0.4
2.76e-06 -2.96 0.4
2.78e-06 -3.12 0.32
2.8e-06 -3.12 0.32
2.82e-06 -3.2 0.32
2.84e-06 -3.2 0.32
2.86e-06 -3.28 0.32
2.88e-06 -3.28 0.32
2.9e-06 -3.28 0.32
2.92e-06 -3.36 0.32
2.94e-06 -3.44 0.24
2.96e-06 -3.52 0.24
2.98e-06 -3.52 0.24
3e-06 -3.6 0.16
3.02e-06 -3.6 0.16
3.04e-06 -3.6 0.16
3.06e-06 -3.6 0.16
3.08e-06 -3.76 0.16
3.1e-06 -3.76 0.16
3.12e-06 -3.84 0.08
3.14e-06 -3.84 0.08
3.16e-06 -3.92 0.08
3.18e-06 -3.92 0
3.2e-06 -3.92 0
3.22e-06 -4 0
3.24e-06 -4.08 0
3.26e-06 -4.08 0
3.28e-06 -4.08 0
3.3e-06 -4.16 0
3.32e-06 -4.16 -0.16
3.34e-06 -4.16 -0.16
3.36e-06 -4.16 -0.16
3.38e-06 -4.24 -0.16
3.4e-06 -4.24 -0.16
3.42e-06 -4.32 -0.16
3.44e-06 -4.32 -0.16
3.46e-06 -4.4 -0.24
3.48e-06 -4.4 -0.24
3.5e-06 -4.48 -0.32
3.52e-06 -4.48 -0.32
3.54e-06 -4.56 -0.32
3.56e-06 -4.56 -0.32
3.58e-06 -4.56 -0.32
3.6e-06 -4.56 -0.24
3.62e-06 -4.72 -0.32
3.64e-06 -4.72 -0.32
3.66e-06 -4.72 -0.4
3.68e-06 -4.8 -0.4
3.7e-06 -4.8 -0.4
3.72e-06 -4.8 -0.48
3.74e-06 -4.8 -0.4
3.76e-06 -4.88 -0.4
3.78e-06 -4.88 -0.4
3.8e-06 -4.88 -0.4
3.82e-06 -4.96 -0.48
3.84e-06 -5.04 -0.48
3.86e-06 -5.04 -0.64
3.88e-06 -5.04 -0.56
3.9e-06 -5.04 -0.56
3.92e-06 -5.12 -0.56
3.94e-06 -5.12 -0.56
3.96e-06 -5.12 -0.64
3.98e-06 -5.2 -0.64
4e-06 -5.2 -0.64
4.02e-06 -5.2 -0.64
4.04e-06 -5.2 -0.64
4.06e-06 -5.28 -0.72
4.08e-06 -5.28 -0.72
4.1e-06 -5.28 -0.64
4.12e-06 -5.36 -0.64
4.14e-06 -5.36 -0.72
4.16e-06 -5.36 -0.72
4.18e-06 -5.44 -0.8
4.2e-06 -5.44 -0.72
4.22e-06 -5.44 -0.72
4.24e-06 -5.44 -0.8
4.26e-06 -5.52 -0.88
4.28e-06 -5.52 -0.8
4.3e-06 -5.52 -0.88
4.32e-06 -5.52 -0.88
4.34e-06 -5.52 -0.88
4.36e-06 -5.52 -0.96
4.38e-06 -5.52 -0.88
4.4e-06 -5.6 -0.96
4.42e-06 -5.6 -0.96
4.44e-06 -5.68 -0.96
4.46e-06 -5.68 -0.96
4.48e-06 -5.68 -0.96
4.5e-06 -5.68 -0.96
4.52e-06 -5.76 -0.96
4.54e-06 -5.76 -1.04
4.56e-06 -5.76 -1.04
4.58e-06 -5.76 -1.12
4.6e-06 -5.76 -1.04
4.62e-06 -5.76 -1.04
4.64e-06 -5.84 -1.12
4.66e-06 -5.84 -1.04
4.68e-06 -5.84 -1.04
4.7e-06 -5.84 -1.12
4.72e-06 -5.84 -1.12
4.74e-06 -5.84 -1.2
4.76e-06 -5.84 -1.2
4.78e-06 -5.84 -1.2
4.8e-06 -5.92 -1.2
4.82e-06 -5.92 -1.28
4.84e-06 -6 -1.2
4.86e-06 -6 -1.2
4.88e-06 -6 -1.2
4.9e-06 -6 -1.28
4.92e-06 -6 -1.28
4.94e-06 -6 -1.36
4.96e-06 -6 -1.28
4.98e-06 -6 -1.28
5e-06 -6 -1.36
5.02e-06 -6 -1.36
5.04e-06 -6 -1.28
5.06e-06 -6 -1.36
5.08e-06 -6 -1.36
5.1e-06 -6 -1.36
5.12e-06 -6.08 -1.36
5.14e-06 -6.08 -1.36
5.16e-06 -6.08 -1.36
5.18e-06 -6.08 -1.44
5.2e-06 -6.08 -1.36
5.22e-06 -6.08 -1.36
5.24e-06 -6.08 -1.44
5.26e-06 -6 -1.44
5.28e-06 -6.16 -1.52
5.3e-06 -6 -1.44
5.32e-06 -6.08 -1.52
5.34e-06 -6.08 -1.44
5.36e-06 -6.08 -1.44
5.38e-06 -6.08 -1.52
5.4e-06 -6.08 -1.52
5.42e-06 -6.08 -1.52
5.44e-06 -6.08 -1.6
5.46e-06 -6 -1.6
5.48e-06 -6.08 -1.6
5.5e-06 -6.08 -1.6
5.52e-06 -6.08 -1.6
5.54e-06 -6.08 -1.6
5.56e-06 -6.08 -1.6
5.58e-06 -6 -1.68
5.6e-06 -6.08 -1.6
5.62e-06 -6 -1.6
5.64e-06 -6 -1.68
5.66e-06 -6 -1.68
5.68e-06 -6 -1.68
5.7e-06 -6 -1.68
5.72e-06 -6 -1.68
5.74e-06 -6 -1.68
5.76e-06 -6 -1.68
5.78e-06 -6 -1.68
5.8e-06 -6 -1.68
5.82e-06 -5.92 -1.76
5.84e-06 -6 -1.76
5.86e-06 -5.84 -1.76
5.88e-06 -5.92 -1.76
5.9e-06 -5.84 -1.68
5.92e-06 -5.84 -1.76
5.94e-06 -5.84 -1.68
5.96e-06 -5.84 -1.84
5.98e-06 -5.84 -1.84
6e-06 -5.84 -1.84
6.02e-06 -5.76 -1.84
6.04e-06 -5.84 -1.76
6.06e-06 -5.76 -1.84
6.08e-06 -5.76 -1.76
6.1e-06 -5.84 -1.84
6.12e-06 -5.84 -1.84
6.14e-06 -5.76 -1.92
6.16e-06 -5.76 -1.92
6.18e-06 -5.76 -1.84
6.2e-06 -5.76 -1.84
6.22e-06 -5.76 -1.92
6.24e-06 -5.6 -1.84
6.26e-06 -5.6 -1.92
6.28e-06 -5.68 -1.84
6.3e-06 -5.6 -1.84
6.32e-06 -5.6 -1.92
6.34e-06 -5.52 -1.92
6.36e-06 -5.52 -1.92
6.38e-06 -5.52 -1.92
6.4e-06 -5.52 -1.92
6.42e-06 -5.44 -1.92
6.44e-06 -5.44 -1.92
6.46e-06 -5.44 -1.92
6.48e-06 -5.36 -1.92
6.5e-06 -5.36 -2
6.52e-06 -5.36 -1.92
6.54e-06 -5.44 -2
6.56e-06 -5.36 -2
6.58e-06 -5.36 -1.92
6.6e-06 -5.28 -2
6.62e-06 -5.2 -1.92
6.64e-06 -5.2 -1.92
6.66e-06 -5.2 -1.92
6.68e-06 -5.2 -1.92
6.7e-06 -5.12 -2
6.72e-06 -5.12 -2
6.74e-06 -5.12 -2
6.76e-06 -5.12 -1.92
6.78e-06 -5.04 -1.92
6.8e-06 -5.12 -1.92
6.82e-06 -5.04 -2
6.84e-06 -5.04 -2
6.86e-06 -4.96 -2
6.88e-06 -4.96 -2
6.9e-06 -4.88 -2
6.92e-06 -4.88 -2
6.94e-06 -4.88 -2
6.96e-06 -4.8 -2
6.98e-06 -4.8 -2
7e-06 -4.8 -2
7.02e-06 -4.72 -2
7.04e-06 -4.72 -2
7.06e-06 -4.64 -2
7.08e-06 -4.64 -2.08
7.1e-06 -4.56 -2
7.12e-06 -4.56 -1.92
7.14e-06 -4.48 -2
7.16e-06 -4.56 -1.92
7.18e-06 -4.48 -2
7.2e-06 -4.48 -2
7.22e-06 -4.4 -2
7.24e-06 -4.4 -2
7.26e-06 -4.24 -2
7.28e-06 -4.24 -2
7.3e-06 -4.24 -2
7.32e-06 -4.24 -1.92
7.34e-06 -4.16 -2
7.36e-06 -4.16 -2
7.38e-06 -4.08 -2
7.4e-06 -4.08 -2
7.42e-06 -4.08 -2
7.44e-06 -4 -1.92
7.46e-06 -3.92 -1.92
7.48e-06 -3.92 -2
7.5e-06 -3.92 -2
7.52e-06 -3.84 -2
7.54e-06 -3.84 -1.92
7.56e-06 -3.76 -2
7.58e-06 -3.76 -2
7.6e-06 -3.76 -2.08
7.62e-06 -3.6 -2
7.64e-06 -3.6 -1.92
7.66e-06 -3.6 -2
7.68e-06 -3.52 -1.92
7.7e-06 -3.52 -1.92
7.72e-06 -3.52 -1.92
7.74e-06 -3.44 -1.92
7.76e-06 -3.44 -2
7.78e-06 -3.36 -1.92
7.8e-06 -3.36 -1.92
7.82e-06 -3.28 -1.92
7.84e-06 -3.2 -1.92
7.86e-06 -3.2 -1.92
7.88e-06 -3.2 -1.84
7.9e-06 -3.12 -1.92
7.92e-06 -3.12 -1.92
7.94e-06 -2.96 -1.92
7.96e-06 -2.96 -1.92
7.98e-06 -2.96 -1.92
8e-06 -2.88 -1.84
8.02e-06 -2.88 -1.92
8.04e-06 -2.8 -1.84
8.06e-06 -2.64 -1.92
8.08e-06 -2.64 -1.84
8.1e-06 -2.64 -1.84
8.12e-06 -2.56 -1.84
8.14e-06 -2.64 -1.84
8.16e-06 -2.56 -1.92
8.18e-06 -2.48 -1.84
8.2e-06 -2.4 -1.84
8.22e-06 -2.32 -1.84
8.24e-06 -2.32 -1.84
8.26e-06 -2.32 -1.84
8.28e-06 -2.24 -1.84
8.3e-06 -2.24 -1.76
8.32e-06 -2.16 -1.84
8.34e-06 -2.16 -1.84
8.36e-06 -2 -1.84
8.38e-06 -2 -1.76
8.4e-06 -2 -1.68
8.42e-06 -1.92 -1.76
8.44e-06 -1.92 -1.76
8.46e-06 -1.84 -1.76
8.48e-06 -1.84 -1.76
8.5e-06 -1.76 -1.76
8.52e-06 -1.68 -1.68
8.54e-06 -1.68 -1.68
8.56e-06 -1.6 -1.68
8.58e-06 -1.52 -1.68
8.6e-06 -1.52 -1.68
8.62e-06 -1.44 -1.68
8.64e-06 -1.44 -1.68
8.66e-06 -1.36 -1.68
8.68e-06 -1.28 -1.6
8.7e-06 -1.28 -1.68
8.72e-06 -1.28 -1.68
8.74e-06 -1.2 -1.6
8.76e-06 -1.12 -1.6
8.78e-06 -1.04 -1.6
8.8e-06 -1.04 -1.6
8.82e-06 -1.04 -1.6
8.84e-06 -1.04 -1.68
8.86e-06 -0.96 -1.6
8.88e-06 -0.88 -1.52
8.9e-06 -0.8 -1.52
8.92e-06 -0.72 -1.52
8.94e-06 -0.72 -1.6
8.96e-06 -0.64 -1.52
8.98e-06 -0.56 -1.52
9e-06 -0.56 -1.52
9.02e-06 -0.48 -1.52
9.04e-06 -0.4 -1.44
9.06e-06 -0.4 -1.44
9.08e-06 -0.32 -1.44
9.1e-06 -0.24 -1.44
9.12e-06 -0.24 -1.44
9.14e-06 -0.24 -1.44
9.16e-06 0 -1.36
9.18e-06 0 -1.44
9.2e-06 0 -1.44
9.22e-06 0.08 -1.36
9.24e-06 0.08 -1.28
9.26e-06 0.16 -1.36
9.28e-06 0.16 -1.36
9.3e-06 0.32 -1.28
9.32e-06 0.32 -1.36
9.34e-06 0.4 -1.36
9.36e-06 0.4 -1.36
9.38e-06 0.48 -1.28
9.4e-06 0.48 -1.28
9.42e-06 0.64 -1.2
9.44e-06 0.64 -1.28
9.46e-06 0.64 -1.2
9.48e-06 0.72 -1.28
9.5e-06 0.72 -1.28
9.52e-06 0.8 -1.2
9.54e-06 0.88 -1.2
9.56e-06 0.96 -1.12
9.58e-06 0.96 -1.2
9.6e-06 0.96 -1.12
9.62e-06 1.04 -1.04
9.64e-06 1.04 -1.04
9.66e-06 1.12 -1.12
9.68e-06 1.2 -1.12
9.7e-06 1.28 -1.04
9.72e-06 1.28 -1.04
9.74e-06 1.28 -1.04
9.76e-06 1.36 -1.04
9.78e-06 1.44 -1.04
9.8e-06 1.44 -0.96
9.82e-06 1.6 -0.96
9.84e-06 1.6 -0.96
9.86e-06 1.6 -0.96
9.88e-06 1.68 -0.96
9.9e-06 1.68 -0.96
9.92e-06 1.76 -0.96
9.94e-06 1.76 -0.96
9.96e-06 1.84 -0.88
9.98e-06 1.92 -0.88
1e-05 1.92 -0.88
1.002e-05 2 -0.88
1.004e-05 2 -0.88
1.006e-05 2.08 -0.88
1.008e-05 2.08 -0.88
1.01e-05 2.16 -0.8
1.012e-05 2.24 -0.8
1.014e-05 2.24 -0.72
1.016e-05 2.24 -0.72
1.018e-05 2.32 -0.72
1.02e-05 2.32 -0.72
1.022e-05 2.4 -0.72
1.024e-05 2.56 -0.72
1.026e-05 2.56 -0.72
1.028e-05 2.56 -0.72
1.03e-05 2.56 -0.64
1.032e-05 2.64 -0.64
1.034e-05 2.72 -0.64
1.036e-05 2.88 -0.64
1.038e-05 2.8 -0.56
1.04e-05 2.88 -0.64
1.042e-05 2.88 -0.56
1.044e-05 2.88 -0.56
1.046e-05 2.96 -0.56
1.048e-05 2.96 -0.48
1.05e-05 3.04 -0.48
1.052e-05 3.12 -0.48
1.054e-05 3.04 -0.48
1.056e-05 3.2 -0.4
1.058e-05 3.2 -0.4
1.06e-05 3.28 -0.4
1.062e-05 3.28 -0.4
1.064e-05 3.36 -0.4
1.066e-05 3.36 -0.32
1.068e-05 3.44 -0.32
1.07e-05 3.44 -0.32
1.072e-05 3.52 -0.32
1.074e-05 3.52 -0.32
1.076e-05 3.6 -0.32
1.078e-05 3.68 -0.32
1.08e-05 3.6 -0.24
1.082e-05 3.68 -0.32
1.084e-05 3.68 -0.24
1.086e-05 3.84 -0.24
1.088e-05 3.84 -0.16
1.09e-05 3.84 -0.24
1.092e-05 3.84 -0.16
1.094e-05 3.92 -0.24
1.096e-05 3.92 -0.16
1.098e-05 4 -0.16
1.1e-05 4.08 0
1.102e-05 4.16 0
1.104e-05 4.08 0
1.106e-05 4.16 0
1.108e-05 4.16 0
1.11e-05 4.16 0
1.112e-05 4.24 0
1.114e-05 4.24 0.08
1.116e-05 4.24 0.08
1.118e-05 4.32 0.08
1.12e-05 4.32 0.08
1.122e-05 4.32 0.16
1.124e-05 4.48 0.16
1.126e-05 4.48 0.16
1.128e-05 4.48 0.08
1.13e-05 4.56 0.08
1.132e-05 4.56 0.16
1.134e-05 4.56 0.16
1.136e-05 4.64 0.16
1.138e-05 4.64 0.24
1.14e-05 4.64 0.32
1.142e-05 4.72 0.32
1.144e-05 4.8 0.24
1.146e-05 4.8 0.32
1.148e-05 4.8 0.32
1.15e-05 4.8 0.32
1.152e-05 4.88 0.4
1.154e-05 4.88 0.32
1.156e-05 4.88 0.4
1.158e-05 4.96 0.4
1.16e-05 4.96 0.4
1.162e-05 4.96 0.4
1.164e-05 4.96 0.32
1.166e-05 5.12 0.4
1.168e-05 5.12 0.4
1.17e-05 5.12 0.4
1.172e-05 5.12 0.48
1.174e-05 5.12 0.48
1.176e-05 5.12 0.48
1.178e-05 5.2 0.48
1.18e-05 5.2 0.64
1.182e-05 5.2 0.56
1.184e-05 5.28 0.64
1.186e-05 5.28 0.48
1.188e-05 5.28 0.64
1.19e-05 5.36 0.64
1.192e-05 5.36 0.64
1.194e-05 5.36 0.64
1.196e-05 5.44 0.64
1.198e-05 5.44 0.64
1.2e-05 5.44 0.64
1.202e-05 5.44 0.72
1.204e-05 5.44 0.64
1.206e-05 5.44 0.72
1.208e-05 5.52 0.8
1.21e-05 5.52 0.8
1.212e-05 5.52 0.8
1.214e-05 5.52 0.72
1.216e-05 5.52 0.8
1.218e-05 5.6 0.72
1.22e-05 5.6 0.8
1.222e-05 5.6 0.8
1.224e-05 5.6 0.8
1.226e-05 5.6 0.96
1.228e-05 5.68 0.88
1.23e-05 5.68 0.96
1.232e-05 5.76 0.88
1.234e-05 5.68 0.88
1.236e-05 5.76 0.96
1.238e-05 5.76 0.96
1.24e-05 5.76 0.96
1.242e-05 5.76 0.96
1.244e-05 5.76 1.04
1.246e-05 5.76 1.04
1.248e-05 5.84 1.04
1.25e-05 5.84 1.04
1.252e-05 5.84 0.96
1.254e-05 5.84 1.04
1.256e-05 5.84 1.04
1.258e-05 5.84 1.12
1.26e-05 5.84 1.12
1.262e-05 5.84 1.12
1.264e-05 5.92 1.12
1.266e-05 5.92 1.12
1.268e-05 5.92 1.12
1.27e-05 5.92 1.12
1.272e-05 5.84 1.12
1.274e-05 5.92 1.2
1.276e-05 5.92 1.2
1.278e-05 5.92 1.2
1.28e-05 5.92 1.2
1.282e-05 5.92 1.28
1.284e-05 5.92 1.28
1.286e-05 5.92 1.28
1.288e-05 5.92 1.2
1.29e-05 5.92 1.28
1.292e-05 5.92 1.28
1.294e-05 6 1.36
1.296e-05 5.92 1.28
1.298e-05 5.92 1.36
1.3e-05 5.92 1.28
1.302e-05 5.92 1.36
1.304e-05 5.92 1.36
1.306e-05 5.92 1.28
1.308e-05 5.92 1.36
1.31e-05 5.92 1.36
1.312e-05 5.92 1.44
1.314e-05 5.92 1.36
1.316e-05 5.92 1.44
1.318e-05 5.92 1.36
1.32e-05 5.92 1.36
1.322e-05 5.92 1.44
1.324e-05 5.92 1.44
1.326e-05 5.92 1.44
1.328e-05 5.92 1.36
1.33e-05 5.92 1.44
1.332e-05 5.92 1.52
1.334e-05 5.92 1.52
1.336e-05 5.92 1.44
1.338e-05 5.84 1.44
1.34e-05 5.92 1.44
1.342e-05 5.92 1.44
1.344e-05 5.84 1.44
1.346e-05 5.92 1.52
1.348e-05 5.92 1.52
1.35e-05 5.84 1.6
1.352e-05 5.84 1.6
1.354e-05 5.84 1.6
1.356e-05 5.84 1.52
1.358e-05 5.76 1.52
1.36e-05 5.76 1.52
1.362e-05 5.84 1.6
1.364e-05 5.76 1.6
1.366e-05 5.76 1.6
1.368e-05 5.76 1.6
1.37e-05 5.76 1.6
1.372e-05 5.76 1.68
1.374e-05 5.76 1.6
1.376e-05 5.68 1.68
1.378e-05 5.6 1.6
1.38e-05 5.68 1.6
1.382e-05 5.6 1.68
1.384e-05 5.6 1.68
1.386e-05 5.6 1.68
1.388e-05 5.6 1.68
1.39e-05 5.6 1.68
1.392e-05 5.6 1.68
1.394e-05 5.6 1.6
1.396e-05 5.52 1.68
1.398e-05 5.44 1.68
1.4e-05 5.44 1.76
1.402e-05 5.52 1.76
1.404e-05 5.52 1.68
1.406e-05 5.44 1.76
1.408e-05 5.44 1.76
1.41e-05 5.44 1.76
1.412e-05 5.44 1.68
1.414e-05 5.36 1.68
1.416e-05 5.44 1.76
1.418e-05 5.28 1.76
1.42e-05 5.28 1.84
1.422e-05 5.28 1.76
1.424e-05 5.28 1.76
1.426e-05 5.2 1.76
1.428e-05 5.2 1.76
1.43e-05 5.2 1.68
1.432e-05 5.2 1.84
1.434e-05 5.12 1.76
1.436e-05 5.12 1.84
1.438e-05 5.12 1.76
1.44e-05 5.12 1.84
1.442e-05 5.04 1.76
1.444e-05 4.96 1.84
1.446e-05 4.96 1.76
1.448e-05 4.96 1.84
1.45e-05 4.88 1.84
1.452e-05 4.88 1.76
1.454e-05 4.88 1.84
1.456e-05 4.88 1.84
1.458e-05 4.8 1.84
1.46e-05 4.8 1.84
1.462e-05 4.8 1.76
1.464e-05 4.64 1.84
1.466e-05 4.72 1.76
1.468e-05 4.64 1.76
1.47e-05 4.64 1.76
1.472e-05 4.56 1.84
1.474e-05 4.56 1.92
1.476e-05 4.56 1.84
1.478e-05 4.48 1.84
1.48e-05 4.48 1.76
1.482e-05 4.48 1.84
1.484e-05 4.48 1.84
1.486e-05 4.32 1.76
1.488e-05 4.32 1.84
1.49e-05 4.32 1.84
1.492e-05 4.24 1.92
1.494e-05 4.24 1.84
1.496e-05 4.16 1.84
1.498e-05 4.16 1.84
1.5e-05 4.16 1.84
1.502e-05 4.16 1.76
1.504e-05 4.08 1.84
1.506e-05 4 1.76
1.508e-05 4 1.84
1.51e-05 4 1.84
1.512e-05 3.92 1.76
1.514e-05 3.84 1.84
1.516e-05 3.84 1.76
1.518e-05 3.84 1.76
1.52e-05 3.84 1.76
1.522e-05 3.84 1.84
1.524e-05 3.68 1.76
1.526e-05 3.68 1.84
1.528e-05 3.6 1.84
1.53e-05 3.6 1.76
1.532e-05 3.52 1.76
1.534e-05 3.52 1.76
1.536e-05 3.52 1.76
1.538e-05 3.52 1.76
1.54e-05 3.36 1.76
1.542e-05 3.28 1.76
1.544e-05 3.36 1.76
1.546e-05 3.28 1.76
1.548e-05 3.2 1.84
1.55e-05 3.2 1.76
1.552e-05 3.04 1.76
1.554e-05 3.04 1.68
1.556e-05 3.04 1.68
1.558e-05 3.04 1.76
1.56e-05 3.04 1.76
1.562e-05 2.88 1.76
1.564e-05 2.88 1.76
1.566e-05 2.88 1.68
1.568e-05 2.8 1.76
1.57e-05 2.8 1.68
1.572e-05 2.72 1.68
1.574e-05 2.64 1.68
1.576e-05 2.56 1.68
1.578e-05 2.56 1.76
1.58e-05 2.56 1.68
1.582e-05 2.56 1.76
1.584e-05 2.4 1.68
1.586e-05 2.4 1.68
1.588e-05 2.4 1.68
1.59e-05 2.32 1.6
1.592e-05 2.24 1.6
1.594e-05 2.24 1.6
1.596e-05 2.16 1.68
1.598e-05 2.16 1.6
1.6e-05 2.08 1.68
1.602e-05 2.08 1.68
1.604e-05 2 1.6
1.606e-05 1.92 1.6
1.608e-05 1.92 1.6
1.61e-05 1.92 1.6
1.612e-05 1.84 1.6
1.614e-05 1.76 1.6
1.616e-05 1.68 1.6
1.618e-05 1.6 1.6
1.62e-05 1.6 1.52
1.622e-05 1.6 1.52
1.624e-05 1.6 1.52
1.626e-05 1.44 1.52
1.628e-05 1.44 1.52
1.63e-05 1.36 1.52
1.632e-05 1.28 1.52
1.634e-05 1.28 1.52
1.636e-05 1.28 1.52
1.638e-05 1.2 1.44
1.64e-05 1.12 1.44
1.642e-05 1.12 1.44
1.644e-05 1.04 1.44
1.646e-05 1.04 1.44
1.648e-05 0.96 1.44
1.65e-05 0.96 1.44
1.652e-05 0.88 1.36
1.654e-05 0.8 1.36
1.656e-05 0.72 1.36
1.658e-05 0.72 1.36
1.66e-05 0.64 1.44
1.662e-05 0.64 1.28
1.664e-05 0.64 1.36
1.666e-05 0.56 1.36
1.668e-05 0.48 1.36
1.67e-05 0.4 1.36
1.672e-05 0.4 1.36
1.674e-05 0.32 1.28
1.676e-05 0.24 1.28
1.678e-05 0.32 1.28
1.68e-05 0.16 1.28
1.682e-05 0.16 1.28
1.684e-05 0.08 1.28
1.686e-05 0.08 1.28
1.688e-05 0 1.28
1.69e-05 0 1.28
1.692e-05 -0.16 1.2
1.694e-05 -0.24 1.2
1.696e-05 -0.32 1.12
1.698e-05 -0.32 1.12
1.7e-05 -0.32 1.12
1.702e-05 -0.4 1.2
1.704e-05 -0.4 1.12
1.706e-05 -0.56 1.12
1.708e-05 -0.56 1.12
1.71e-05 -0.64 1.04
1.712e-05 -0.72 1.04
1.714e-05 -0.72 1.04
1.716e-05 -0.72 1.04
1.718e-05 -0.8 1.04
1.72e-05 -0.88 1.04
1.722e-05 -0.96 1.04
1.724e-05 -0.96 1.04
1.726e-05 -1.04 0.96
1.728e-05 -1.04 0.96
1.73e-05 -1.12 0.96
1.732e-05 -1.2 0.96
1.734e-05 -1.2 0.96
1.736e-05 -1.28 0.88
1.738e-05 -1.36 0.96
1.74e-05 -1.36 0.96
1.742e-05 -1.36 0.96
1.744e-05 -1.44 0.88
1.746e-05 -1.52 0.8
1.748e-05 -1.52 0.88
1.75e-05 -1.6 0.88
1.752e-05 -1.6 0.8
1.754e-05 -1.68 0.8
1.756e-05 -1.68 0.8
1.758e-05 -1.84 0.8
1.76e-05 -1.84 0.8
1.762e-05 -1.84 0.72
1.764e-05 -1.92 0.72
1.766e-05 -2 0.72
1.768e-05 -2 0.72
1.77e-05 -2.08 0.64
1.772e-05 -2.08 0.64
1.774e-05 -2.16 0.64
1.776e-05 -2.16 0.72
1.778e-05 -2.24 0.72
1.78e-05 -2.24 0.64
1.782e-05 -2.32 0.56
1.784e-05 -2.32 0.64
1.786e-05 -2.4 0.56
1.788e-05 -2.48 0.64
1.79e-05 -2.48 0.56
1.792e-05 -2.56 0.56
1.794e-05 -2.56 0.56
1.796e-05 -2.64 0.48
1.798e-05 -2.64 0.48
1.8e-05 -2.64 0.48
1.802e-05 -2.8 0.4
1.804e-05 -2.8 0.4
1.806e-05 -2.88 0.4
1.808e-05 -2.96 0.4
1.81e-05 -2.96 0.4
1.812e-05 -2.96 0.4
1.814e-05 -2.96 0.4
1.816e-05 -3.12 0.4
1.818e-05 -3.12 0.32
1.82e-05 -3.2 0.32
1.822e-05 -3.2 0.32
1.824e-05 -3.2 0.32
1.826e-05 -3.28 0.32
1.828e-05 -3.36 0.32
1.83e-05 -3.44 0.24
1.832e-05 -3.44 0.24
1.834e-05 -3.52 0.24
1.836e-05 -3.52 0.24
1.838e-05 -3.6 0.16
1.84e-05 -3.6 0.16
1.842e-05 -3.6 0.16
1.844e-05 -3.6 0.16
1.846e-05 -3.68 0.08
1.848e-05 -3.76 0.16
1.85e-05 -3.76 0.08
1.852e-05 -3.84 0.08
1.854e-05 -3.84 0.08
1.856e-05 -3.84 0.08
1.858e-05 -3.92 0
1.86e-05 -3.92 0
1.862e-05 -4 0.08
1.864e-05 -4.08 0
1.866e-05 -4.08 0
1.868e-05 -4.08 -0.16
1.87e-05 -4.16 -0.16
1.872e-05 -4.16 0
1.874e-05 -4.24 0
1.876e-05 -4.24 -0.16
1.878e-05 -4.24 -0.24
1.88e-05 -4.24 -0.16
1.882e-05 -4.4 -0.16
1.884e-05 -4.4 -0.24
1.886e-05 -4.48 -0.24
1.888e-05 -4.48 -0.32
1.89e-05 -4.48 -0.24
1.892e-05 -4.48 -0.24
1.894e-05 -4.56 -0.32
1.896e-05 -4.56 -0.32
1.898e-05 -4.56 -0.32
1.9e-05 -4.72 -0.32
1.902e-05 -4.64 -0.32
1.904e-05 -4.72 -0.4
1.906e-05 -4.8 -0.4
1.908e-05 -4.8 -0.4
1.91e-05 -4.8 -0.4
1.912e-05 -4.8 -0.4
1.914e-05 -4.88 -0.4
1.916e-05 -4.88 -0.4
1.918e-05 -4.88 -0.4
1.92e-05 -4.88 -0.48
1.922e-05 -4.88 -0.48
1.924e-05 -5.04 -0.64
1.926e-05 -4.96 -0.56
1.928e-05 -5.04 -0.56
1.93e-05 -5.12 -0.56
1.932e-05 -5.12 -0.64
1.934e-05 -5.12 -0.56
1.936e-05 -5.2 -0.64
1.938e-05 -5.2 -0.64
1.94e-05 -5.2 -0.64
1.942e-05 -5.2 -0.64
1.944e-05 -5.2 -0.64
1.946e-05 -5.28 -0.72
1.948e-05 -5.36 -0.64
1.95e-05 -5.36 -0.72
1.952e-05 -5.36 -0.72
1.954e-05 -5.36 -0.72
1.956e-05 -5.36 -0.72
1.958e-05 -5.36 -0.72
1.96e-05 -5.44 -0.8
1.962e-05 -5.44 -0.8
1.964e-05 -5.52 -0.8
1.966e-05 -5.52 -0.88
1.968e-05 -5.52 -0.8
1.97e-05 -5.52 -0.8
1.972e-05 -5.52 -0.88
1.974e-05 -5.52 -0.88
1.976e-05 -5.6 -0.88
1.978e-05 -5.52 -0.96
1.98e-05 -5.68 -0.96
1.982e-05 -5.68 -0.96
1.984e-05 -5.68 -0.96
1.986e-05 -5.68 -0.96
1.988e-05 -5.68 -0.96
1.99e-05 -5.68 -1.04
1.992e-05 -5.76 -1.04
1.994e-05 -5.76 -1.04
1.996e-05 -5.76 -1.04
1.998e-05 -5.84 -1.04
2e-05 -5.76 -1.04
2.002e-05 -5.84 -1.04
2.004e-05 -5.84 -1.04
2.006e-05 -5.84 -1.04
2.008e-05 -5.84 -1.04
2.01e-05 -5.84 -1.12
2.012e-05 -5.84 -1.12
2.014e-05 -5.92 -1.2
2.016e-05 -5.92 -1.2
2.018e-05 -5.84 -1.2
2.02e-05 -5.84 -1.28
2.022e-05 -5.92 -1.2
2.024e-05 -6 -1.2
2.026e-05 -6 -1.2
2.028e-05 -6 -1.28
2.03e-05 -6 -1.36
2.032e-05 -6 -1.36
2.034e-05 -6 -1.28
2.036e-05 -6 -1.28
2.038e-05 -6 -1.28
2.04e-05 -6 -1.28
2.042e-05 -6 -1.28
2.044e-05 -6.08 -1.36
2.046e-05 -6 -1.36
2.048e-05 -6.08 -1.36
2.05e-05 -6.08 -1.36
2.052e-05 -6 -1.36
2.054e-05 -6 -1.36
2.056e-05 -6.08 -1.44
2.058e-05 -6.08 -1.44
2.06e-05 -6.08 -1.44
2.062e-05 -6.08 -1.44
2.064e-05 -6.08 -1.52
2.066e-05 -6.16 -1.52
2.068e-05 -6.08 -1.52
2.07e-05 -6.08 -1.52
2.072e-05 -6.08 -1.52
2.074e-05 -6.08 -1.6
2.076e-05 -6.08 -1.52
2.078e-05 -6.08 -1.52
2.08e-05 -6.08 -1.52
2.082e-05 -6.08 -1.52
2.084e-05 -6.08 -1.6
2.086e-05 -6.08 -1.6
2.088e-05 -6.08 -1.6
2.09e-05 -6.08 -1.6
2.092e-05 -6.08 -1.6
2.094e-05 -6 -1.6
2.096e-05 -6 -1.6
2.098e-05 -6.08 -1.68
2.1e-05 -6.08 -1.68
2.102e-05 -6 -1.68
2.104e-05 -6 -1.68
2.106e-05 -6 -1.68
2.108e-05 -6 -1.68
2.11e-05 -6 -1.68
2.112e-05 -6 -1.68
2.114e-05 -6 -1.76
2.116e-05 -6 -1.76
2.118e-05 -6 -1.68
2.12e-05 -6 -1.68
2.122e-05 -6 -1.76
2.124e-05 -5.84 -1.76
2.126e-05 -5.84 -1.76
2.128e-05 -5.84 -1.68
2.13e-05 -5.84 -1.76
2.132e-05 -5.84 -1.76
2.134e-05 -5.84 -1.84
2.136e-05 -5.84 -1.84
2.138e-05 -5.84 -1.84
2.14e-05 -5.84 -1.84
2.142e-05 -5.84 -1.84
2.144e-05 -5.84 -1.84
2.146e-05 -5.76 -1.76
2.148e-05 -5.76 -1.84
2.15e-05 -5.76 -1.84
2.152e-05 -5.68 -1.92
2.154e-05 -5.76 -1.84
2.156e-05 -5.76 -1.84
2.158e-05 -5.68 -1.84
2.16e-05 -5.68 -1.84
2.162e-05 -5.68 -1.84
2.164e-05 -5.6 -1.92
2.166e-05 -5.68 -1.84
2.168e-05 -5.68 -1.84
2.17e-05 -5.52 -1.92
2.172e-05 -5.52 -2
2.174e-05 -5.52 -1.92
2.176e-05 -5.52 -1.92
2.178e-05 -5.52 -1.92
2.18e-05 -5.52 -1.92
2.182e-05 -5.44 -1.92
2.184e-05 -5.44 -1.92
2.186e-05 -5.44 -1.92
2.188e-05 -5.44 -1.92
2.19e-05 -5.36 -2
2.192e-05 -5.44 -2
2.194e-05 -5.36 -1.92
2.196e-05 -5.36 -1.92
2.198e-05 -5.28 -1.92
2.2e-05 -5.2 -1.92
2.202e-05 -5.2 -1.92
2.204e-05 -5.2 -2
2.206e-05 -5.2 -2
2.208e-05 -5.2 -2
2.21e-05 -5.12 -2
2.212e-05 -5.12 -2
2.214e-05 -5.12 -1.92
2.216e-05 -5.12 -2
2.218e-05 -5.04 -1.92
2.22e-05 -5.04 -2
2.222e-05 -5.04 -2
2.224e-05 -4.88 -1.92
2.226e-05 -4.88 -2
2.228e-05 -4.88 -2
2.23e-05 -4.88 -2
2.232e-05 -4.88 -1.92
2.234e-05 -4.88 -2
2.236e-05 -4.8 -2
2.238e-05 -4.8 -2.08
2.24e-05 -4.72 -2.08
2.242e-05 -4.72 -2
2.244e-05 -4.64 -2
2.246e-05 -4.72 -2
2.248e-05 -4.56 -2
2.25e-05 -4.56 -2
2.252e-05 -4.48 -1.92
2.254e-05 -4.48 -2
2.256e-05 -4.48 -2
2.258e-05 -4.48 -2
2.26e-05 -4.4 -2
2.262e-05 -4.32 -2
2.264e-05 -4.4 -2.08
2.266e-05 -4.24 -2
2.268e-05 -4.24 -1.92
2.27e-05 -4.16 -2
2.272e-05 -4.16 -1.92
2.274e-05 -4.16 -2
2.276e-05 -4.08 -2
2.278e-05 -4.08 -1.92
2.28e-05 -4.08 -2
2.282e-05 -3.92 -2
2.284e-05 -3.92 -2.08
2.286e-05 -3.92 -1.92
2.288e-05 -3.92 -1.92
2.29e-05 -3.84 -2
2.292e-05 -3.84 -2
2.294e-05 -3.84 -2
2.296e-05 -3.76 -2
2.298e-05 -3.76 -2
2.3e-05 -3.68 -1.92
2.302e-05 -3.6 -2
2.304e-05 -3.6 -1.92
2.306e-05 -3.6 -1.92
2.308e-05 -3.52 -1.92
2.31e-05 -3.52 -1.92
2.312e-05 -3.44 -2
2.314e-05 -3.44 -2
2.316e-05 -3.44 -2
2.318e-05 -3.28 -2
2.32e-05 -3.28 -1.92
2.322e-05 -3.2 -1.92
2.324e-05 -3.2 -1.92
2.326e-05 -3.2 -1.92
2.328e-05 -3.12 -1.92
2.33e-05 -3.12 -1.92
2.332e-05 -3.04 -2
2.334e-05 -2.96 -1.92
2.336e-05 -2.96 -1.84
2.338e-05 -2.88 -1.92
2.34e-05 -2.88 -1.92
2.342e-05 -2.8 -1.84
2.344e-05 -2.72 -1.84
2.346e-05 -2.8 -1.92
2.348e-05 -2.64 -1.84
2.35e-05 -2.56 -1.84
2.352e-05 -2.64 -1.84
2.354e-05 -2.56 -1.84
2.356e-05 -2.48 -1.84
2.358e-05 -2.48 -1.92
2.36e-05 -2.32 -1.84
2.362e-05 -2.32 -1.84
2.364e-05 -2.32 -1.84
2.366e-05 -2.24 -1.84
2.368e-05 -2.24 -1.84
2.37e-05 -2.16 -1.84
2.372e-05 -2.16 -1.84
2.374e-05 -2.16 -1.76
2.376e-05 -2 -1.76
2.378e-05 -2 -1.76
2.38e-05 -2 -1.76
2.382e-05 -1.84 -1.76
2.384e-05 -1.84 -1.68
2.386e-05 -1.84 -1.76
2.388e-05 -1.76 -1.68
2.39e-05 -1.68 -1.76
2.392e-05 -1.68 -1.68
2.394e-05 -1.6 -1.68
2.396e-05 -1.52 -1.68
2.398e-05 -1.52 -1.68
2.4e-05 -1.52 -1.68
2.402e-05 -1.36 -1.68
2.404e-05 -1.36 -1.68
2.406e-05 -1.36 -1.68
2.408e-05 -1.28 -1.68
2.41e-05 -1.2 -1.6
2.412e-05 -1.2 -1.6
2.414e-05 -1.12 -1.6
2.416e-05 -1.04 -1.68
2.418e-05 -1.04 -1.6
2.42e-05 -1.04 -1.6
2.422e-05 -0.96 -1.6
2.424e-05 -0.88 -1.52
2.426e-05 -0.88 -1.6
2.428e-05 -0.8 -1.52
2.43e-05 -0.72 -1.6
2.432e-05 -0.72 -1.52
2.434e-05 -0.64 -1.52
2.436e-05 -0.64 -1.6
2.438e-05 -0.56 -1.52
2.44e-05 -0.48 -1.52
2.442e-05 -0.4 -1.52
2.444e-05 -0.4 -1.44
2.446e-05 -0.4 -1.52
2.448e-05 -0.32 -1.44
2.45e-05 -0.24 -1.44
2.452e-05 -0.24 -1.36
2.454e-05 -0.16 -1.44
2.456e-05 -0.16 -1.44
2.458e-05 0 -1.36
2.46e-05 0.08 -1.36
2.462e-05 0.08 -1.36
2.464e-05 0.16 -1.36
2.466e-05 0.16 -1.36
2.468e-05 0.32 -1.36
2.47e-05 0.32 -1.28
2.472e-05 0.32 -1.36
2.474e-05 0.32 -1.36
2.476e-05 0.48 -1.36
2.478e-05 0.48 -1.28
2.48e-05 0.48 -1.2
2.482e-05 0.64 -1.2
2.484e-05 0.64 -1.2
2.486e-05 0.64 -1.2
2.488e-05 0.8 -1.2
2.49e-05 0.72 -1.2
2.492e-05 0.8 -1.2
2.494e-05 0.96 -1.2
2.496e-05 0.96 -1.2
2.498e-05 0.96 -1.04
2.5e-05 1.04 -1.12
2.502e-05 1.12 -1.04
2.504e-05 1.12 -1.12
2.506e-05 1.12 -1.12
2.508e-05 1.28 -1.12
2.51e-05 1.28 -1.04
2.512e-05 1.36 -1.04
2.514e-05 1.36 -1.04
2.516e-05 1.44 -1.04
2.518e-05 1.44 -0.96
2.52e-05 1.44 -0.96
2.522e-05 1.6 -1.04
2.524e-05 1.6 -1.04
2.526e-05 1.6 -0.96
2.528e-05 1.68 -0.88
2.53e-05 1.76 -0.96
2.532e-05 1.76 -0.96
2.534e-05 1.76 -0.88
2.536e-05 1.92 -0.88
2.538e-05 1.92 -0.88
2.54e-05 1.92 -0.96
2.542e-05 2 -0.88
2.544e-05 2 -0.88
2.546e-05 2.16 -0.88
2.548e-05 2.24 -0.8
2.55e-05 2.24 -0.8
2.552e-05 2.24 -0.72
2.554e-05 2.24 -0.72
2.556e-05 2.32 -0.72
2.558e-05 2.32 -0.72
2.56e-05 2.4 -0.72
2.562e-05 2.56 -0.72
2.564e-05 2.56 -0.72
2.566e-05 2.56 -0.64
2.568e-05 2.64 -0.64
2.57e-05 2.64 -0.64
2.572e-05 2.64 -0.56
2.574e-05 2.72 -0.56
2.576e-05 2.88 -0.64
2.578e-05 2.88 -0.64
2.58e-05 2.88 -0.56
2.582e-05 2.88 -0.56
2.584e-05 2.96 -0.48
2.586e-05 3.04 -0.56
2.588e-05 3.04 -0.48
2.59e-05 3.04 -0.48
2.592e-05 3.2 -0.48
2.594e-05 3.2 -0.48
2.596e-05 3.2 -0.4
2.598e-05 3.28 -0.48
2.6e-05 3.28 -0.48
2.602e-05 3.28 -0.4
2.604e-05 3.44 -0.4
2.606e-05 3.36 -0.32
2.608e-05 3.44 -0.32
2.61e-05 3.52 -0.4
2.612e-05 3.52 -0.32
2.614e-05 3.6 -0.32
2.616e-05 3.6 -0.32
2.618e-05 3.68 -0.32
2.62e-05 3.68 -0.24
2.622e-05 3.68 -0.24
2.624e-05 3.76 -0.16
2.626e-05 3.84 -0.16
2.628e-05 3.84 -0.24
2.63e-05 3.92 -0.16
2.632e-05 3.92 -0.24
2.634e-05 4 -0.24
2.636e-05 4 -0.16
2.638e-05 4 0
2.64e-05 4 0
2.642e-05 4 0
2.644e-05 4.16 0
2.646e-05 4.16 0
2.648e-05 4.16 0
2.65e-05 4.24 0
2.652e-05 4.24 0.08
2.654e-05 4.24 0.08
2.656e-05 4.32 0.08
2.658e-05 4.32 0.08
2.66e-05 4.4 0.08
2.662e-05 4.48 0.16
2.664e-05 4.48 0.16
2.666e-05 4.48 0.08
2.668e-05 4.48 0.08
2.67e-05 4.56 0.16
2.672e-05 4.56 0.16
2.674e-05 4.56 0.24
2.676e-05 4.64 0.24
2.678e-05 4.64 0.32
2.68e-05 4.64 0.32
2.682e-05 4.72 0.32
2.684e-05 4.8 0.24
2.686e-05 4.8 0.24
2.688e-05 4.8 0.32
2.69e-05 4.88 0.32
2.692e-05 4.88 0.32
2.694e-05 4.96 0.4
2.696e-05 4.88 0.4
2.698e-05 4.88 0.4
2.7e-05 4.96 0.4
2.702e-05 5.04 0.4
2.704e-05 5.12 0.4
2.706e-05 5.12 0.4
2.708e-05 5.12 0.48
2.71e-05 5.12 0.48
2.712e-05 5.12 0.56
2.714e-05 5.12 0.56
2.716e-05 5.2 0.48
2.718e-05 5.2 0.48
2.72e-05 5.2 0.48
2.722e-05 5.28 0.56
2.724e-05 5.28 0.48
2.726e-05 5.28 0.64
2.728e-05 5.28 0.64
2.73e-05 5.44 0.64
2.732e-05 5.44 0.64
2.734e-05 5.44 0.64
2.736e-05 5.44 0.64
2.738e-05 5.44 0.64
2.74e-05 5.44 0.64
2.742e-05 5.44 0.64
2.744e-05 5.44 0.72
2.746e-05 5.52 0.72
2.748e-05 5.44 0.72
2.75e-05 5.52 0.72
2.752e-05 5.52 0.8
2.754e-05 5.52 0.8
2.756e-05 5.6 0.8
2.758e-05 5.6 0.8
2.76e-05 5.6 0.8
2.762e-05 5.6 0.88
2.764e-05 5.68 0.88
2.766e-05 5.76 0.96
2.768e-05 5.68 0.88
2.77e-05 5.68 0.88
2.772e-05 5.76 0.88
2.774e-05 5.76 0.96
2.776e-05 5.76 0.96
2.778e-05 5.76 0.96
2.78e-05 5.76 0.96
2.782e-05 5.76 1.04
2.784e-05 5.84 1.04
2.786e-05 5.76 1.04
2.788e-05 5.76 0.96
2.79e-05 5.84 1.04
2.792e-05 5.84 1.04
2.794e-05 5.84 1.12
2.796e-05 5.84 1.12
2.798e-05 5.84 1.04
2.8e-05 5.84 1.12
2.802e-05 5.92 1.12
2.804e-05 5.84 1.12
2.806e-05 5.84 1.04
2.808e-05 5.92 1.04
2.81e-05 5.92 1.12
2.812e-05 5.92 1.2
2.814e-05 5.92 1.2
2.816e-05 5.92 1.12
2.818e-05 5.92 1.2
2.82e-05 5.92 1.28
2.822e-05 5.92 1.2
2.824e-05 5.92 1.28
2.826e-05 5.92 1.2
2.828e-05 5.92 1.2
2.83e-05 5.92 1.28
2.832e-05 5.92 1.28
2.834e-05 5.92 1.28
2.836e-05 5.92 1.28
2.838e-05 5.92 1.36
2.84e-05 5.92 1.36
2.842e-05 6 1.36
2.844e-05 6 1.28
2.846e-05 5.92 1.36
2.848e-05 6 1.36
2.85e-05 5.92 1.36
2.852e-05 5.92 1.36
2.854e-05 6.08 1.36
2.856e-05 5.92 1.36
2.858e-05 5.92 1.44
2.86e-05 5.92 1.36
2.862e-05 5.92 1.44
2.864e-05 5.92 1.44
2.866e-05 6 1.44
2.868e-05 5.92 1.52
2.87e-05 5.92 1.44
2.872e-05 5.92 1.44
2.874e-05 5.92 1.44
2.876e-05 5.92 1.52
2.878e-05 5.84 1.52
2.88e-05 5.92 1.52
2.882e-05 5.92 1.52
2.884e-05 5.84 1.52
2.886e-05 5.84 1.52
2.888e-05 5.84 1.6
2.89e-05 5.84 1.6
2.892e-05 5.84 1.6
2.894e-05 5.84 1.52
2.896e-05 5.84 1.52
2.898e-05 5.76 1.6
2.9e-05 5.76 1.52
2.902e-05 5.76 1.6
2.904e-05 5.76 1.6
2.906e-05 5.76 1.68
2.908e-05 5.76 1.68
2.91e-05 5.76 1.6
2.912e-05 5.68 1.6
2.914e-05 5.76 1.6
2.916e-05 5.6 1.68
2.918e-05 5.68 1.6
2.92e-05 5.6 1.6
2.922e-05 5.6 1.68
2.924e-05 5.6 1.68
2.926e-05 5.6 1.68
2.928e-05 5.6 1.68
2.93e-05 5.6 1.68
2.932e-05 5.52 1.68
2.934e-05 5.52 1.68
2.936e-05 5.52 1.68
2.938e-05 5.52 1.68
2.94e-05 5.44 1.76
2.942e-05 5.44 1.68
2.944e-05 5.44 1.68
2.946e-05 5.44 1.76
2.948e-05 5.44 1.68
2.95e-05 5.44 1.68
2.952e-05 5.36 1.68
2.954e-05 5.44 1.76
2.956e-05 5.28 1.76
2.958e-05 5.28 1.76
2.96e-05 5.28 1.76
2.962e-05 5.28 1.84
2.964e-05 5.2 1.76
2.966e-05 5.2 1.76
2.968e-05 5.2 1.68
2.97e-05 5.2 1.76
2.972e-05 5.12 1.76
2.974e-05 5.12 1.76
2.976e-05 5.12 1.84
2.978e-05 5.12 1.84
2.98e-05 5.04 1.76
2.982e-05 4.96 1.76
2.984e-05 4.96 1.76
2.986e-05 4.96 1.76
2.988e-05 4.96 1.76
2.99e-05 4.88 1.76
2.992e-05 4.88 1.84
2.994e-05 4.88 1.76
2.996e-05 4.88 1.84
2.998e-05 4.8 1.84
3e-05 4.8 1.76
3.002e-05 4.72 1.76
3.004e-05 4.8 1.84
3.006e-05 4.64 1.84
3.008e-05 4.64 1.76
3.01e-05 4.64 1.84
3.012e-05 4.56 1.84
3.014e-05 4.56 1.92
3.016e-05 4.56 1.76
3.018e-05 4.48 1.76
3.02e-05 4.48 1.84
3.022e-05 4.48 1.76
3.024e-05 4.32 1.84
3.026e-05 4.4 1.76
3.028e-05 4.32 1.76
3.03e-05 4.32 1.84
3.032e-05 4.24 1.84
3.034e-05 4.16 1.84
3.036e-05 4.16 1.76
3.038e-05 4.16 1.84
3.04e-05 4.16 1.84
3.042e-05 4.16 1.76
3.044e-05 4 1.84
3.046e-05 4 1.84
3.048e-05 4 1.84
3.05e-05 3.92 1.84
3.052e-05 3.92 1.84
3.054e-05 3.84 1.76
3.056e-05 3.84 1.76
3.058e-05 3.76 1.76
3.06e-05 3.68 1.92
3.062e-05 3.68 1.76
3.064e-05 3.68 1.84
3.066e-05 3.6 1.84
3.068e-05 3.6 1.84
3.07e-05 3.6 1.84
3.072e-05 3.52 1.76
3.074e-05 3.52 1.76
3.076e-05 3.44 1.76
3.078e-05 3.36 1.76
3.08e-05 3.36 1.76
3.082e-05 3.36 1.76
3.084e-05 3.28 1.76
3.086e-05 3.2 1.76
3.088e-05 3.28 1.76
3.09e-05 3.2 1.68
3.092e-05 3.12 1.68
3.094e-05 3.04 1.68
3.096e-05 3.04 1.76
3.098e-05 2.96 1.76
3.1e-05 2.96 1.76
3.102e-05 2.88 1.76
3.104e-05 2.88 1.76
3.106e-05 2.88 1.76
3.108e-05 2.72 1.68
3.11e-05 2.72 1.68
3.112e-05 2.64 1.68
3.114e-05 2.64 1.68
3.116e-05 2.56 1.68
3.118e-05 2.56 1.76
3.12e-05 2.56 1.68
3.122e-05 2.48 1.68
3.124e-05 2.4 1.68
3.126e-05 2.4 1.6
3.128e-05 2.32 1.6
3.13e-05 2.32 1.68
3.132e-05 2.24 1.68
3.134e-05 2.24 1.68
3.136e-05 2.16 1.68
3.138e-05 2.08 1.68
3.14e-05 2.08 1.6
3.142e-05 2 1.6
3.144e-05 2 1.6
3.146e-05 1.92 1.6
3.148e-05 1.92 1.6
3.15e-05 1.76 1.52
3.152e-05 1.76 1.6
3.154e-05 1.76 1.6
3.156e-05 1.68 1.6
3.158e-05 1.6 1.52
3.16e-05 1.6 1.52
3.162e-05 1.6 1.6
3.164e-05 1.6 1.52
3.166e-05 1.44 1.52
3.168e-05 1.36 1.52
3.17e-05 1.36 1.52
3.172e-05 1.36 1.52
3.174e-05 1.28 1.52
3.176e-05 1.2 1.44
3.178e-05 1.12 1.44
3.18e-05 1.12 1.44
3.182e-05 1.04 1.44
3.184e-05 1.04 1.44
3.186e-05 0.96 1.44
3.188e-05 0.96 1.36
3.19e-05 0.96 1.36
3.192e-05 0.8 1.44
3.194e-05 0.8 1.36
3.196e-05 0.72 1.36
3.198e-05 0.72 1.36
3.2e-05 0.64 1.36
3.202e-05 0.48 1.36
3.204e-05 0.48 1.28
3.206e-05 0.48 1.36
3.208e-05 0.4 1.28
3.21e-05 0.4 1.28
3.212e-05 0.32 1.36
3.214e-05 0.32 1.28
3.216e-05 0.24 1.28
3.218e-05 0.16 1.28
3.22e-05 0.16 1.28
3.222e-05 0.08 1.28
3.224e-05 0.08 1.28
3.226e-05 0 1.28
3.228e-05 0 1.2
3.23e-05 0 1.28
3.232e-05 -0.24 1.2
3.234e-05 -0.32 1.2
3.236e-05 -0.32 1.12
3.238e-05 -0.4 1.12
3.24e-05 -0.4 1.2
3.242e-05 -0.4 1.12
3.244e-05 -0.48 1.12
3.246e-05 -0.56 1.12
3.248e-05 -0.64 1.12
3.25e-05 -0.64 1.04
3.252e-05 -0.72 1.04
3.254e-05 -0.72 0.96
3.256e-05 -0.88 1.04
3.258e-05 -0.88 1.12
3.26e-05 -0.88 1.04
3.262e-05 -0.96 1.04
3.264e-05 -0.96 0.96
3.266e-05 -1.04 0.96
3.268e-05 -1.04 0.96
3.27e-05 -1.04 0.88
3.272e-05 -1.2 0.96
3.274e-05 -1.28 0.96
3.276e-05 -1.36 0.96
3.278e-05 -1.28 0.96
3.28e-05 -1.36 0.96
3.282e-05 -1.44 0.88
3.284e-05 -1.52 0.8
3.286e-05 -1.52 0.8
3.288e-05 -1.6 0.8
3.29e-05 -1.6 0.8
3.292e-05 -1.68 0.8
3.294e-05 -1.68 0.8
3.296e-05 -1.68 0.8
3.298e-05 -1.84 0.8
3.3e-05 -1.84 0.72
3.302e-05 -1.92 0.72
3.304e-05 -2 0.72
3.306e-05 -2 0.72
3.308e-05 -2 0.72
3.31e-05 -2.16 0.72
3.312e-05 -2.16 0.72
3.314e-05 -2.24 0.72
3.316e-05 -2.24 0.64
3.318e-05 -2.24 0.64
3.32e-05 -2.32 0.64
3.322e-05 -2.32 0.56
3.324e-05 -2.32 0.56
3.326e-05 -2.48 0.56
3.328e-05 -2.56 0.56
3.33e-05 -2.56 0.56
3.332e-05 -2.56 0.64
3.334e-05 -2.64 0.48
3.336e-05 -2.64 0.56
3.338e-05 -2.72 0.48
3.34e-05 -2.64 0.4
3.342e-05 -2.8 0.4
3.344e-05 -2.88 0.48
3.346e-05 -2.88 0.4
3.348e-05 -2.88 0.48
3.35e-05 -2.96 0.4
3.352e-05 -2.96 0.4
3.354e-05 -3.12 0.4
3.356e-05 -3.12 0.32
3.358e-05 -3.12 0.32
3.36e-05 -3.2 0.32
3.362e-05 -3.28 0.32
3.364e-05 -3.28 0.32
3.366e-05 -3.28 0.32
3.368e-05 -3.28 0.32
3.37e-05 -3.44 0.24
3.372e-05 -3.44 0.24
3.374e-05 -3.52 0.16
3.376e-05 -3.6 0.16
3.378e-05 -3.6 0.16
3.38e-05 -3.6 0.16
3.382e-05 -3.6 0.16
3.384e-05 -3.76 0.16
3.386e-05 -3.76 0.16
3.388e-05 -3.76 0.16
3.39e-05 -3.84 0.08
3.392e-05 -3.84 0.08
3.394e-05 -3.84 0
3.396e-05 -3.92 0
3.398e-05 -3.92 0.08
3.4e-05 -3.92 0.08
3.402e-05 -4.08 0
3.404e-05 -4.08 0
3.406e-05 -4.08 0
3.408e-05 -4.08 0
3.41e-05 -4.16 -0.16
3.412e-05 -4.24 -0.16
3.414e-05 -4.24 -0.16
3.416e-05 -4.24 -0.16
3.418e-05 -4.24 -0.16
3.42e-05 -4.32 -0.16
3.422e-05 -4.4 -0.16
3.424e-05 -4.4 -0.24
3.426e-05 -4.4 -0.24
3.428e-05 -4.48 -0.24
3.43e-05 -4.48 -0.24
3.432e-05 -4.48 -0.32
3.434e-05 -4.56 -0.32
3.436e-05 -4.56 -0.32
3.438e-05 -4.64 -0.32
3.44e-05 -4.72 -0.32
3.442e-05 -4.72 -0.4
3.444e-05 -4.72 -0.4
3.446e-05 -4.8 -0.4
3.448e-05 -4.8 -0.4
3.45e-05 -4.88 -0.4
3.452e-05 -4.88 -0.4
3.454e-05 -4.88 -0.4
3.456e-05 -4.88 -0.4
3.458e-05 -4.88 -0.4
3.46e-05 -4.96 -0.48
3.462e-05 -4.96 -0.56
3.464e-05 -5.04 -0.56
3.466e-05 -5.12 -0.56
3.468e-05 -5.12 -0.56
3.47e-05 -5.12 -0.56
3.472e-05 -5.12 -0.56
3.474e-05 -5.12 -0.56
3.476e-05 -5.2 -0.64
3.478e-05 -5.2 -0.64
3.48e-05 -5.2 -0.72
3.482e-05 -5.2 -0.64
3.484e-05 -5.2 -0.72
3.486e-05 -5.2 -0.64
3.488e-05 -5.36 -0.72
3.49e-05 -5.36 -0.72
3.492e-05 -5.36 -0.8
3.494e-05 -5.36 -0.8
3.496e-05 -5.44 -0.8
3.498e-05 -5.44 -0.8
3.5e-05 -5.44 -0.88
3.502e-05 -5.44 -0.88
3.504e-05 -5.52 -0.8
3.506e-05 -5.52 -0.88
3.508e-05 -5.52 -0.88
3.51e-05 -5.6 -0.96
3.512e-05 -5.52 -0.88
3.514e-05 -5.52 -0.88
3.516e-05 -5.6 -0.88
3.518e-05 -5.68 -0.96
3.52e-05 -5.68 -0.96
3.522e-05 -5.68 -0.96
3.524e-05 -5.68 -0.96
3.526e-05 -5.68 -0.96
3.528e-05 -5.68 -1.04
3.53e-05 -5.76 -1.04
3.532e-05 -5.76 -1.04
3.534e-05 -5.76 -1.04
3.536e-05 -5.76 -1.04
3.538e-05 -5.76 -1.04
3.54e-05 -5.76 -1.04
3.542e-05 -5.84 -1.04
3.544e-05 -5.84 -1.04
3.546e-05 -5.84 -1.12
3.548e-05 -5.84 -1.2
3.55e-05 -5.84 -1.12
3.552e-05 -5.84 -1.2
3.554e-05 -5.84 -1.2
3.556e-05 -5.84 -1.2
3.558e-05 -5.84 -1.2
3.56e-05 -5.92 -1.2
3.562e-05 -5.92 -1.2
3.564e-05 -6 -1.2
3.566e-05 -6 -1.28
3.568e-05 -6 -1.28
3.57e-05 -6 -1.28
3.572e-05 -6 -1.28
3.574e-05 -6 -1.28
3.576e-05 -6 -1.28
3.578e-05 -6 -1.36
3.58e-05 -6 -1.28
3.582e-05 -6 -1.36
3.584e-05 -6.08 -1.36
3.586e-05 -6.08 -1.36
3.588e-05 -6 -1.36
3.59e-05 -6.08 -1.36
3.592e-05 -6.08 -1.36
3.594e-05 -6.08 -1.36
3.596e-05 -6.08 -1.36
3.598e-05 -6.08 -1.36
3.6e-05 -6.08 -1.44
3.602e-05 -6 -1.44
3.604e-05 -6.08 -1.52
3.606e-05 -6.08 -1.52
3.608e-05 -6 -1.52
3.61e-05 -6.08 -1.44
3.612e-05 -6.08 -1.44
3.614e-05 -6.08 -1.52
3.616e-05 -6 -1.52
3.618e-05 -6.08 -1.52
3.62e-05 -6.08 -1.52
3.622e-05 -6.08 -1.6
3.624e-05 -6.08 -1.6
3.626e-05 -6.08 -1.6
3.628e-05 -6 -1.6
3.63e-05 -6.08 -1.6
3.632e-05 -6 -1.6
3.634e-05 -6.08 -1.6
3.636e-05 -6.08 -1.6
3.638e-05 -6 -1.68
3.64e-05 -6 -1.68
3.642e-05 -6 -1.68
3.644e-05 -6 -1.68
3.646e-05 -6 -1.68
3.648e-05 -6 -1.68
3.65e-05 -6 -1.6
3.652e-05 -6 -1.68
3.654e-05 -5.92 -1.68
3.656e-05 -6 -1.68
3.658e-05 -6 -1.68
3.66e-05 -6 -1.76
3.662e-05 -5.92 -1.76
3.664e-05 -5.92 -1.76
3.666e-05 -5.92 -1.68
3.668e-05 -5.84 -1.76
3.67e-05 -5.92 -1.76
3.672e-05 -5.84 -1.84
3.674e-05 -5.84 -1.84
3.676e-05 -5.84 -1.76
3.678e-05 -5.84 -1.84
3.68e-05 -5.76 -1.76
3.682e-05 -5.84 -1.84
3.684e-05 -5.84 -1.76
3.686e-05 -5.76 -1.76
3.688e-05 -5.76 -1.92
3.69e-05 -5.76 -1.92
3.692e-05 -5.68 -1.84
3.694e-05 -5.76 -1.92
3.696e-05 -5.76 -1.84
3.698e-05 -5.68 -1.92
3.7e-05 -5.68 -1.84
3.702e-05 -5.68 -1.92
3.704e-05 -5.6 -1.92
3.706e-05 -5.6 -1.84
3.708e-05 -5.6 -1.92
3.71e-05 -5.52 -1.92
3.712e-05 -5.52 -1.92
3.714e-05 -5.52 -1.84
3.716e-05 -5.52 -1.92
3.718e-05 -5.52 -1.92
3.72e-05 -5.44 -1.92
3.722e-05 -5.44 -1.92
3.724e-05 -5.44 -1.92
3.726e-05 -5.36 -1.92
3.728e-05 -5.44 -2
3.73e-05 -5.36 -2
3.732e-05 -5.36 -2
3.734e-05 -5.36 -1.92
3.736e-05 -5.28 -1.92
3.738e-05 -5.28 -1.92
3.74e-05 -5.2 -1.92
3.742e-05 -5.2 -2
3.744e-05 -5.2 -1.92
3.746e-05 -5.2 -2
3.748e-05 -5.12 -2
3.75e-05 -5.12 -2
3.752e-05 -5.12 -1.92
3.754e-05 -5.04 -2
3.756e-05 -5.12 -2
3.758e-05 -5.04 -2
3.76e-05 -4.96 -1.92
3.762e-05 -4.96 -2
3.764e-05 -4.88 -2
3.766e-05 -4.88 -2
3.768e-05 -4.88 -2
3.77e-05 -4.88 -1.92
3.772e-05 -4.8 -2
3.774e-05 -4.8 -1.92
3.776e-05 -4.8 -2
3.778e-05 -4.72 -2
3.78e-05 -4.72 -2
3.782e-05 -4.72 -2
3.784e-05 -4.72 -2
3.786e-05 -4.56 -2
3.788e-05 -4.56 -2
3.79e-05 -4.48 -2
3.792e-05 -4.48 -2
3.794e-05 -4.48 -2
3.796e-05 -4.4 -2
3.798e-05 -4.4 -2
3.8e-05 -4.4 -2
3.802e-05 -4.4 -2
3.804e-05 -4.24 -2
3.806e-05 -4.24 -2
3.808e-05 -4.24 -2
3.81e-05 -4.16 -2
3.812e-05 -4.16 -2
3.814e-05 -4.16 -2
3.816e-05 -4.16 -2
3.818e-05 -4.08 -2
3.82e-05 -3.92 -2
3.822e-05 -3.92 -2
3.824e-05 -3.92 -1.92
3.826e-05 -3.92 -1.92
3.828e-05 -3.92 -2
3.83e-05 -3.84 -2
3.832e-05 -3.84 -2
3.834e-05 -3.76 -2
3.836e-05 -3.76 -2
3.838e-05 -3.68 -1.92
3.84e-05 -3.6 -2
3.842e-05 -3.6 -1.92
3.844e-05 -3.52 -1.92
3.846e-05 -3.52 -2
3.848e-05 -3.52 -1.92
3.85e-05 -3.44 -2
3.852e-05 -3.44 -1.92
3.854e-05 -3.36 -2
3.856e-05 -3.36 -1.92
3.858e-05 -3.28 -1.92
3.86e-05 -3.2 -1.92
3.862e-05 -3.2 -1.92
3.864e-05 -3.2 -1.92
3.866e-05 -3.12 -1.92
3.868e-05 -3.12 -1.92
3.87e-05 -2.96 -1.92
3.872e-05 -2.96 -1.92
3.874e-05 -2.96 -1.92
3.876e-05 -2.88 -1.84
3.878e-05 -2.88 -1.84
3.88e-05 -2.8 -1.84
3.882e-05 -2.8 -1.92
3.884e-05 -2.72 -1.84
3.886e-05 -2.8 -1.84
3.888e-05 -2.64 -1.92
3.89e-05 -2.56 -1.92
3.892e-05 -2.56 -1.84
3.894e-05 -2.56 -1.84
3.896e-05 -2.48 -1.84
3.898e-05 -2.4 -1.76
3.9e-05 -2.32 -1.76
3.902e-05 -2.32 -1.84
3.904e-05 -2.32 -1.84
3.906e-05 -2.24 -1.84
3.908e-05 -2.16 -1.76
3.91e-05 -2.16 -1.84
3.912e-05 -2.08 -1.76
3.914e-05 -2 -1.76
3.916e-05 -2 -1.76
3.918e-05 -2 -1.84
3.92e-05 -2 -1.76
3.922e-05 -1.84 -1.76
3.924e-05 -1.84 -1.76
3.926e-05 -1.76 -1.68
3.928e-05 -1.68 -1.76
3.93e-05 -1.68 -1.68
3.932e-05 -1.68 -1.68
3.934e-05 -1.6 -1.68
3.936e-05 -1.52 -1.68
3.938e-05 -1.52 -1.68
3.94e-05 -1.44 -1.68
3.942e-05 -1.36 -1.68
3.944e-05 -1.36 -1.68
3.946e-05 -1.28 -1.6
3.948e-05 -1.28 -1.68
3.95e-05 -1.2 -1.6
3.952e-05 -1.2 -1.6
3.954e-05 -1.12 -1.6
3.956e-05 -1.04 -1.6
3.958e-05 -1.04 -1.68
3.96e-05 -0.96 -1.6
3.962e-05 -0.96 -1.52
3.964e-05 -0.88 -1.52
3.966e-05 -0.8 -1.52
3.968e-05 -0.72 -1.52
3.97e-05 -0.72 -1.52
3.972e-05 -0.72 -1.52
3.974e-05 -0.64 -1.6
3.976e-05 -0.56 -1.52
3.978e-05 -0.56 -1.52
3.98e-05 -0.48 -1.44
3.982e-05 -0.4 -1.52
3.984e-05 -0.4 -1.44
3.986e-05 -0.32 -1.44
3.988e-05 -0.32 -1.44
3.99e-05 -0.24 -1.44
3.992e-05 -0.24 -1.44
3.994e-05 0 -1.44
3.996e-05 0 -1.44
3.998e-05 0.08 -1.36
4e-05 0.08 -1.36
4.002e-05 0.16 -1.28
4.004e-05 0.16 -1.28
4.006e-05 0.32 -1.36
4.008e-05 0.32 -1.28
4.01e-05 0.32 -1.28
4.012e-05 0.4 -1.28
4.014e-05 0.4 -1.28
4.016e-05 0.48 -1.28
4.018e-05 0.48 -1.2
4.02e-05 0.64 -1.2
4.022e-05 0.64 -1.28
4.024e-05 0.72 -1.28
4.026e-05 0.72 -1.2
4.028e-05 0.8 -1.2
4.03e-05 0.8 -1.2
4.032e-05 0.96 -1.2
4.034e-05 0.96 -1.2
4.036e-05 0.96 -1.12
4.038e-05 1.04 -1.2
4.04e-05 1.04 -1.12
4.042e-05 1.12 -1.12
4.044e-05 1.12 -1.04
4.046e-05 1.2 -1.04
4.048e-05 1.28 -1.12
4.05e-05 1.28 -1.04
4.052e-05 1.36 -1.04
4.054e-05 1.44 -0.96
4.056e-05 1.44 -0.96
4.058e-05 1.52 -0.96
4.06e-05 1.6 -1.04
4.062e-05 1.6 -1.04
4.064e-05 1.6 -0.96
4.066e-05 1.68 -0.96
4.068e-05 1.76 -0.88
4.07e-05 1.76 -0.96
4.072e-05 1.92 -0.88
4.074e-05 1.92 -0.88
4.076e-05 1.92 -0.88
4.078e-05 2 -0.88
4.08e-05 2 -0.88
4.082e-05 2.08 -0.88
4.084e-05 2.08 -0.88
4.086e-05 2.08 -0.8
4.088e-05 2.24 -0.8
4.09e-05 2.24 -0.72
4.092e-05 2.32 -0.64
4.094e-05 2.32 -0.72
4.096e-05 2.4 -0.8
4.098e-05 2.4 -0.72
4.1e-05 2.4 -0.72
4.102e-05 2.56 -0.72
4.104e-05 2.56 -0.64
4.106e-05 2.64 -0.64
4.108e-05 2.64 -0.64
4.11e-05 2.64 -0.56
4.112e-05 2.72 -0.56
4.114e-05 2.8 -0.64
4.116e-05 2.88 -0.64
4.118e-05 2.88 -0.56
4.12e-05 2.96 -0.56
4.122e-05 2.96 -0.48
4.124e-05 2.96 -0.48
4.126e-05 3.04 -0.48
4.128e-05 3.04 -0.56
4.13e-05 3.12 -0.48
4.132e-05 3.2 -0.4
4.134e-05 3.2 -0.48
4.136e-05 3.28 -0.4
4.138e-05 3.28 -0.48
4.14e-05 3.28 -0.4
4.142e-05 3.36 -0.4
4.144e-05 3.44 -0.32
4.146e-05 3.52 -0.32
4.148e-05 3.52 -0.4
4.15e-05 3.52 -0.32
4.152e-05 3.52 -0.32
4.154e-05 3.6 -0.32
4.156e-05 3.6 -0.32
4.158e-05 3.68 -0.32
4.16e-05 3.68 -0.24
4.162e-05 3.76 -0.16
4.164e-05 3.84 -0.24
4.166e-05 3.84 -0.24
4.168e-05 3.84 -0.16
4.17e-05 3.84 -0.16
4.172e-05 3.92 -0.16
4.174e-05 4 -0.16
4.176e-05 4 0
4.178e-05 4 0
4.18e-05 4.08 0
4.182e-05 4.16 0
4.184e-05 4.16 0
4.186e-05 4.16 0
4.188e-05 4.16 0
4.19e-05 4.24 0.08
4.192e-05 4.24 0
4.194e-05 4.32 0.08
4.196e-05 4.32 0.08
4.198e-05 4.4 0.08
4.2e-05 4.48 0.16
4.202e-05 4.48 0.08
4.204e-05 4.48 0.16
4.206e-05 4.56 0.08
4.208e-05 4.56 0.16
4.21e-05 4.56 0.24
4.212e-05 4.64 0.16
4.214e-05 4.64 0.24
4.216e-05 4.64 0.32
4.218e-05 4.64 0.32
4.22e-05 4.8 0.24
4.222e-05 4.8 0.24
4.224e-05 4.8 0.32
4.226e-05 4.8 0.32
4.228e-05 4.8 0.4
4.23e-05 4.88 0.4
4.232e-05 4.88 0.32
4.234e-05 4.88 0.4
4.236e-05 4.96 0.4
4.238e-05 4.96 0.4
4.24e-05 4.96 0.32
4.242e-05 5.12 0.4
4.244e-05 5.12 0.4
4.246e-05 5.12 0.48
4.248e-05 5.12 0.48
4.25e-05 5.12 0.48
4.252e-05 5.12 0.48
4.254e-05 5.2 0.48
4.256e-05 5.2 0.48
4.258e-05 5.2 0.48
4.26e-05 5.2 0.56
4.262e-05 5.2 0.56
4.264e-05 5.28 0.64
4.266e-05 5.28 0.64
4.268e-05 5.36 0.64
4.27e-05 5.28 0.64
4.272e-05 5.44 0.64
4.274e-05 5.44 0.64
4.276e-05 5.44 0.64
4.278e-05 5.44 0.64
4.28e-05 5.44 0.72
4.282e-05 5.52 0.8
4.284e-05 5.52 0.8
4.286e-05 5.52 0.8
4.288e-05 5.52 0.72
4.29e-05 5.52 0.72
4.292e-05 5.52 0.8
4.294e-05 5.6 0.8
4.296e-05 5.6 0.8
4.298e-05 5.6 0.8
4.3e-05 5.6 0.8
4.302e-05 5.6 0.88
4.304e-05 5.68 0.88
4.306e-05 5.68 0.88
4.308e-05 5.76 0.88
4.31e-05 5.68 0.96
4.312e-05 5.76 0.96
4.314e-05 5.76 0.88
4.316e-05 5.76 0.96
4.318e-05 5.76 0.96
4.32e-05 5.76 1.04
4.322e-05 5.84 0.96
4.324e-05 5.76 1.04
4.326e-05 5.84 0.96
4.328e-05 5.84 0.96
4.33e-05 5.84 1.04
4.332e-05 5.84 1.12
4.334e-05 5.84 1.04
4.336e-05 5.84 1.04
4.338e-05 5.84 1.12
4.34e-05 5.84 1.12
4.342e-05 5.84 1.12
4.344e-05 5.92 1.04
4.346e-05 5.92 1.12
4.348e-05 5.92 1.12
4.35e-05 5.84 1.2
4.352e-05 5.92 1.2
4.354e-05 5.92 1.2
4.356e-05 5.92 1.2
4.358e-05 5.92 1.2
4.36e-05 6 1.28
4.362e-05 5.92 1.2
4.364e-05 5.92 1.2
4.366e-05 5.92 1.2
4.368e-05 5.92 1.28
4.37e-05 5.92 1.28
4.372e-05 6 1.28
4.374e-05 5.92 1.28
4.376e-05 5.92 1.28
4.378e-05 5.92 1.28
4.38e-05 5.92 1.28
4.382e-05 5.92 1.28
4.384e-05 5.92 1.36
4.386e-05 6 1.36
4.388e-05 5.92 1.36
4.39e-05 5.92 1.36
4.392e-05 5.92 1.36
4.394e-05 5.92 1.44
4.396e-05 5.92 1.36
4.398e-05 5.92 1.44
4.4e-05 5.92 1.36
4.402e-05 5.92 1.44
4.404e-05 5.92 1.44
4.406e-05 5.92 1.44
4.408e-05 5.92 1.44
4.41e-05 5.92 1.52
4.412e-05 5.92 1.44
4.414e-05 5.84 1.44
4.416e-05 5.92 1.52
4.418e-05 5.92 1.52
4.42e-05 5.92 1.52
4.422e-05 5.84 1.52
4.424e-05 5.84 1.52
4.426e-05 5.92 1.6
4.428e-05 5.84 1.6
4.43e-05 5.84 1.6
4.432e-05 5.84 1.52
4.434e-05 5.84 1.6
4.436e-05 5.84 1.6
4.438e-05 5.84 1.6
4.44e-05 5.84 1.6
4.442e-05 5.76 1.6
4.444e-05 5.76 1.68
4.446e-05 5.76 1.6
4.448e-05 5.76 1.6
4.45e-05 5.76 1.6
4.452e-05 5.76 1.6
4.454e-05 5.76 1.68
4.456e-05 5.68 1.68
4.458e-05 5.76 1.68
4.46e-05 5.6 1.68
4.462e-05 5.6 1.68
4.464e-05 5.6 1.68
4.466e-05 5.6 1.68
4.468e-05 5.52 1.6
4.47e-05 5.6 1.68
4.472e-05 5.52 1.68
4.474e-05 5.52 1.68
4.476e-05 5.52 1.68
4.478e-05 5.44 1.76
4.48e-05 5.44 1.76
4.482e-05 5.44 1.68
4.484e-05 5.44 1.76
4.486e-05 5.44 1.68
4.488e-05 5.44 1.76
4.49e-05 5.28 1.68
4.492e-05 5.36 1.76
4.494e-05 5.36 1.76
4.496e-05 5.28 1.68
4.498e-05 5.28 1.76
4.5e-05 5.28 1.76
4.502e-05 5.2 1.76
4.504e-05 5.2 1.76
4.506e-05 5.2 1.76
4.508e-05 5.12 1.76
4.51e-05 5.12 1.68
4.512e-05 5.12 1.84
4.514e-05 5.12 1.76
4.516e-05 5.12 1.76
4.518e-05 5.04 1.76
4.52e-05 5.04 1.76
4.522e-05 4.96 1.84
4.524e-05 4.96 1.76
4.526e-05 4.96 1.76
4.528e-05 4.96 1.84
4.53e-05 4.88 1.84
4.532e-05 4.88 1.84
4.534e-05 4.8 1.84
4.536e-05 4.88 1.84
4.538e-05 4.8 1.84
4.54e-05 4.8 1.76
4.542e-05 4.8 1.76
4.544e-05 4.64 1.76
4.546e-05 4.64 1.76
4.548e-05 4.64 1.92
4.55e-05 4.56 1.84
4.552e-05 4.56 1.84
4.554e-05 4.48 1.84
4.556e-05 4.48 1.84
4.558e-05 4.48 1.84
4.56e-05 4.48 1.84
4.562e-05 4.48 1.76
4.564e-05 4.32 1.76
4.566e-05 4.32 1.92
4.568e-05 4.32 1.92
4.57e-05 4.24 1.84
4.572e-05 4.24 1.84
4.574e-05 4.16 1.76
4.576e-05 4.16 1.84
4.578e-05 4.16 1.76
4.58e-05 4.08 1.84
4.582e-05 4 1.84
4.584e-05 4 1.84
4.586e-05 4 1.84
4.588e-05 4 1.84
4.59e-05 3.84 1.76
4.592e-05 3.84 1.76
4.594e-05 3.84 1.76
4.596e-05 3.84 1.84
4.598e-05 3.76 1.84
4.6e-05 3.68 1.76
4.602e-05 3.68 1.76
4.604e-05 3.68 1.84
4.606e-05 3.6 1.84
4.608e-05 3.6 1.76
4.61e-05 3.52 1.76
4.612e-05 3.52 1.76
4.614e-05 3.44 1.76
4.616e-05 3.44 1.76
4.618e-05 3.36 1.76
4.62e-05 3.36 1.84
4.622e-05 3.28 1.84
4.624e-05 3.28 1.76
4.626e-05 3.2 1.76
4.628e-05 3.2 1.68
4.63e-05 3.12 1.76
4.632e-05 3.04 1.76
4.634e-05 3.04 1.76
4.636e-05 3.04 1.68
4.638e-05 2.96 1.68
4.64e-05 2.96 1.76
4.642e-05 2.88 1.68
4.644e-05 2.88 1.76
4.646e-05 2.72 1.68
4.648e-05 2.72 1.68
4.65e-05 2.64 1.68
4.652e-05 2.64 1.68
4.654e-05 2.64 1.68
4.656e-05 2.56 1.68
4.658e-05 2.56 1.68
4.66e-05 2.56 1.68
4.662e-05 2.4 1.68
4.664e-05 2.4 1.68
4.666e-05 2.4 1.6
4.668e-05 2.24 1.68
4.67e-05 2.32 1.6
4.672e-05 2.24 1.68
4.674e-05 2.16 1.68
4.676e-05 2.08 1.68
4.678e-05 2.08 1.6
4.68e-05 2 1.6
4.682e-05 2 1.6
4.684e-05 1.92 1.6
4.686e-05 1.92 1.6
4.688e-05 1.76 1.6
4.69e-05 1.76 1.6
4.692e-05 1.68 1.6
4.694e-05 1.68 1.6
4.696e-05 1.6 1.6
4.698e-05 1.6 1.6
4.7e-05 1.6 1.52
4.702e-05 1.6 1.6
4.704e-05 1.44 1.52
4.706e-05 1.44 1.52
4.708e-05 1.36 1.52
4.71e-05 1.28 1.44
4.712e-05 1.28 1.52
4.714e-05 1.28 1.44
4.716e-05 1.2 1.44
4.718e-05 1.12 1.44
4.72e-05 1.04 1.44
4.722e-05 0.96 1.44
4.724e-05 1.04 1.44
4.726e-05 0.88 1.44
4.728e-05 0.88 1.44
4.73e-05 0.88 1.44
4.732e-05 0.8 1.36
4.734e-05 0.72 1.36
4.736e-05 0.72 1.36
4.738e-05 0.64 1.44
4.74e-05 0.64 1.36
4.742e-05 0.48 1.36
4.744e-05 0.48 1.28
4.746e-05 0.4 1.28
4.748e-05 0.4 1.36
4.75e-05 0.32 1.28
4.752e-05 0.32 1.28
4.754e-05 0.32 1.28
4.756e-05 0.16 1.28
4.758e-05 0.16 1.28
4.76e-05 0.08 1.2
4.762e-05 0 1.28
4.764e-05 0 1.28
4.766e-05 0 1.2
4.768e-05 -0.24 1.2
4.77e-05 -0.24 1.2
4.772e-05 -0.24 1.2
4.774e-05 -0.32 1.12
4.776e-05 -0.32 1.2
4.778e-05 -0.4 1.12
4.78e-05 -0.4 1.2
4.782e-05 -0.56 1.12
4.784e-05 -0.56 1.12
4.786e-05 -0.64 1.04
4.788e-05 -0.64 1.12
4.79e-05 -0.72 1.04
4.792e-05 -0.72 1.04
4.794e-05 -0.88 1.04
4.796e-05 -0.88 1.04
4.798e-05 -0.96 1.04
4.8e-05 -0.96 1.04
4.802e-05 -1.04 1.04
4.804e-05 -1.04 0.96
4.806e-05 -1.04 0.96
4.808e-05 -1.04 0.96
4.81e-05 -1.12 0.96
4.812e-05 -1.2 0.96
4.814e-05 -1.28 0.96
4.816e-05 -1.36 0.88
4.818e-05 -1.36 0.88
4.82e-05 -1.44 0.88
4.822e-05 -1.52 0.88
4.824e-05 -1.52 0.8
4.826e-05 -1.6 0.8
4.828e-05 -1.6 0.8
4.83e-05 -1.68 0.8
4.832e-05 -1.68 0.8
4.834e-05 -1.76 0.8
4.836e-05 -1.84 0.8
4.838e-05 -1.84 0.72
4.84e-05 -1.92 0.72
4.842e-05 -1.92 0.72
4.844e-05 -2 0.72
4.846e-05 -2 0.64
4.848e-05 -2.08 0.64
4.85e-05 -2.16 0.72
4.852e-05 -2.24 0.64
4.854e-05 -2.24 0.72
4.856e-05 -2.24 0.64
4.858e-05 -2.32 0.56
4.86e-05 -2.32 0.64
4.862e-05 -2.4 0.56
4.864e-05 -2.48 0.56
4.866e-05 -2.48 0.56
4.868e-05 -2.56 0.56
4.87e-05 -2.64 0.64
4.872e-05 -2.64 0.48
4.874e-05 -2.64 0.48
4.876e-05 -2.64 0.48
4.878e-05 -2.8 0.4
4.88e-05 -2.8 0.4
4.882e-05 -2.88 0.4
4.884e-05 -2.96 0.4
4.886e-05 -2.96 0.4
4.888e-05 -2.96 0.4
4.89e-05 -2.96 0.4
4.892e-05 -3.12 0.32
4.894e-05 -3.12 0.32
4.896e-05 -3.12 0.32
4.898e-05 -3.2 0.32
4.9e-05 -3.2 0.32
4.902e-05 -3.28 0.32
4.904e-05 -3.28 0.32
4.906e-05 -3.36 0.24
4.908e-05 -3.44 0.24
4.91e-05 -3.44 0.24
4.912e-05 -3.52 0.24
4.914e-05 -3.52 0.16
4.916e-05 -3.52 0.16
4.918e-05 -3.6 0.16
4.92e-05 -3.6 0.16
4.922e-05 -3.68 0.16
4.924e-05 -3.76 0.08
4.926e-05 -3.76 0.08
4.928e-05 -3.76 0.08
4.93e-05 -3.84 0.08
4.932e-05 -3.84 0
4.934e-05 -3.92 0
4.936e-05 -3.92 0
4.938e-05 -3.92 0.08
4.94e-05 -4.08 0
4.942e-05 -4.08 0
4.944e-05 -4.08 0
4.946e-05 -4.16 -0.16
4.948e-05 -4.16 -0.16
4.95e-05 -4.24 -0.16
4.952e-05 -4.24 0
4.954e-05 -4.24 0
4.956e-05 -4.24 0
4.958e-05 -4.24 -0.24
4.96e-05 -4.4 -0.24
4.962e-05 -4.4 -0.24
4.964e-05 -4.4 -0.24
4.966e-05 -4.48 -0.32
4.968e-05 -4.48 -0.24
4.97e-05 -4.48 -0.32
4.972e-05 -4.56 -0.32
4.974e-05 -4.56 -0.32
4.976e-05 -4.56 -0.32
4.978e-05 -4.72 -0.32
4.98e-05 -4.72 -0.4
4.982e-05 -4.72 -0.4
4.984e-05 -4.8 -0.4
4.986e-05 -4.8 -0.4
4.988e-05 -4.8 -0.4
4.99e-05 -4.88 -0.4
4.992e-05 -4.88 -0.4
4.994e-05 -4.88 -0.4
4.996e-05 -4.88 -0.48
4.998e-05 -4.96 -0.48
5e-05 -4.96 -0.56
5.002e-05 -5.04 -0.56
5.004e-05 -5.04 -0.56
5.006e-05 -5.12 -0.48
5.008e-05 -5.12 -0.56
5.01e-05 -5.2 -0.64
5.012e-05 -5.2 -0.56
5.014e-05 -5.12 -0.64
5.016e-05 -5.2 -0.64
5.018e-05 -5.2 -0.64
5.02e-05 -5.2 -0.72
5.022e-05 -5.28 -0.64
5.024e-05 -5.36 -0.64
5.026e-05 -5.36 -0.72
5.028e-05 -5.36 -0.72
5.03e-05 -5.36 -0.72
5.032e-05 -5.36 -0.72
5.034e-05 -5.36 -0.8
5.036e-05 -5.36 -0.88
5.038e-05 -5.44 -0.88
5.04e-05 -5.52 -0.88
5.042e-05 -5.44 -0.8
5.044e-05 -5.52 -0.8
5.046e-05 -5.52 -0.8
5.048e-05 -5.52 -0.88
5.05e-05 -5.52 -0.88
5.052e-05 -5.6 -0.96
5.054e-05 -5.68 -0.96
5.056e-05 -5.6 -0.88
5.058e-05 -5.68 -0.96
5.06e-05 -5.68 -0.96
5.062e-05 -5.68 -0.96
5.064e-05 -5.68 -0.96
5.066e-05 -5.76 -1.04
5.068e-05 -5.76 -1.04
5.07e-05 -5.76 -1.04
5.072e-05 -5.76 -1.04
5.074e-05 -5.76 -1.04
5.076e-05 -5.84 -1.04
5.078e-05 -5.76 -1.04
5.08e-05 -5.76 -1.04
5.082e-05 -5.84 -1.12
5.084e-05 -5.84 -1.12
5.086e-05 -5.84 -1.2
5.088e-05 -5.84 -1.2
5.09e-05 -6 -1.2
5.092e-05 -5.84 -1.2
5.094e-05 -5.84 -1.2
5.096e-05 -5.92 -1.2
5.098e-05 -5.92 -1.12
5.1e-05 -6 -1.2
5.102e-05 -5.92 -1.2
5.104e-05 -6 -1.28
5.106e-05 -6 -1.28
5.108e-05 -6 -1.28
5.11e-05 -5.92 -1.2
5.112e-05 -6 -1.28
5.114e-05 -6 -1.28
5.116e-05 -6 -1.28
5.118e-05 -6.08 -1.28
5.12e-05 -6.08 -1.36
5.122e-05 -6.08 -1.36
5.124e-05 -6.08 -1.36
5.126e-05 -6.08 -1.36
5.128e-05 -6 -1.36
5.13e-05 -6.08 -1.36
5.132e-05 -6.08 -1.36
5.134e-05 -6.08 -1.44
5.136e-05 -6.08 -1.44
5.138e-05 -6.08 -1.44
5.14e-05 -6.08 -1.52
5.142e-05 -6.08 -1.52
5.144e-05 -6.16 -1.52
5.146e-05 -6.08 -1.44
5.148e-05 -6.08 -1.44
5.15e-05 -6.08 -1.44
5.152e-05 -6.08 -1.52
5.154e-05 -6.16 -1.52
5.156e-05 -6.08 -1.52
5.158e-05 -6.08 -1.52
5.16e-05 -6.08 -1.6
5.162e-05 -6.08 -1.6
5.164e-05 -6.08 -1.6
5.166e-05 -6.08 -1.6
5.168e-05 -6.08 -1.6
5.17e-05 -6.08 -1.6
5.172e-05 -6.08 -1.6
5.174e-05 -6 -1.6
5.176e-05 -6.08 -1.6
5.178e-05 -6.08 -1.68
5.18e-05 -6 -1.68
5.182e-05 -6 -1.68
5.184e-05 -6.08 -1.68
5.186e-05 -6 -1.68
5.188e-05 -6 -1.6
5.19e-05 -6 -1.76
5.192e-05 -6 -1.68
5.194e-05 -6 -1.76
5.196e-05 -6 -1.76
5.198e-05 -5.92 -1.68
5.2e-05 -5.92 -1.68
5.202e-05 -5.84 -1.68
5.204e-05 -5.84 -1.76
5.206e-05 -5.84 -1.68
5.208e-05 -5.84 -1.76
5.21e-05 -5.84 -1.76
5.212e-05 -5.84 -1.84
5.214e-05 -5.84 -1.76
5.216e-05 -5.84 -1.76
5.218e-05 -5.84 -1.84
5.22e-05 -5.84 -1.84
5.222e-05 -5.84 -1.76
5.224e-05 -5.84 -1.84
5.226e-05 -5.76 -1.84
5.228e-05 -5.76 -1.84
5.23e-05 -5.76 -1.84
5.232e-05 -5.68 -1.84
5.234e-05 -5.68 -1.84
5.236e-05 -5.68 -1.84
5.238e-05 -5.68 -1.84
5.24e-05 -5.68 -1.84
5.242e-05 -5.6 -1.92
5.244e-05 -5.6 -1.92
5.246e-05 -5.52 -1.92
5.248e-05 -5.52 -1.92
5.25e-05 -5.52 -1.92
5.252e-05 -5.52 -1.92
5.254e-05 -5.52 -1.92
5.256e-05 -5.52 -1.92
5.258e-05 -5.52 -1.92
5.26e-05 -5.44 -1.92
5.262e-05 -5.44 -1.92
5.264e-05 -5.44 -2
5.266e-05 -5.36 -2
5.268e-05 -5.36 -2
5.27e-05 -5.36 -1.92
5.272e-05 -5.36 -1.92
5.274e-05 -5.28 -2
5.276e-05 -5.2 -2
5.278e-05 -5.2 -1.92
5.28e-05 -5.2 -1.92
5.282e-05 -5.2 -2
5.284e-05 -5.2 -2
5.286e-05 -5.2 -2
5.288e-05 -5.12 -2
5.29e-05 -5.12 -1.92
5.292e-05 -5.04 -1.92
5.294e-05 -5.04 -2
5.296e-05 -5.04 -1.92
5.298e-05 -5.04 -2
5.3e-05 -4.96 -2
5.302e-05 -4.88 -2
5.304e-05 -4.88 -2
5.306e-05 -4.88 -2
5.308e-05 -4.88 -1.92
5.31e-05 -4.88 -1.92
5.312e-05 -4.8 -1.92
5.314e-05 -4.8 -2
5.316e-05 -4.72 -2
5.318e-05 -4.72 -2
5.32e-05 -4.72 -2
5.322e-05 -4.64 -2
5.324e-05 -4.56 -2
5.326e-05 -4.56 -2
5.328e-05 -4.56 -2
5.33e-05 -4.48 -2
5.332e-05 -4.48 -2
5.334e-05 -4.48 -2
5.336e-05 -4.48 -2
5.338e-05 -4.4 -1.92
5.34e-05 -4.4 -2
5.342e-05 -4.32 -2
5.344e-05 -4.24 -2
5.346e-05 -4.24 -1.92
5.348e-05 -4.24 -1.92
5.35e-05 -4.16 -2
5.352e-05 -4.08 -2
5.354e-05 -4.08 -2
5.356e-05 -4.08 -2
5.358e-05 -4 -2
5.36e-05 -4 -2
5.362e-05 -3.92 -1.92
5.364e-05 -3.84 -1.92
5.366e-05 -3.92 -2
5.368e-05 -3.92 -2
5.37e-05 -3.84 -2
5.372e-05 -3.84 -2
5.374e-05 -3.76 -2
5.376e-05 -3.76 -2
5.378e-05 -3.6 -1.92
5.38e-05 -3.6 -1.92
5.382e-05 -3.6 -1.92
5.384e-05 -3.6 -1.92
5.386e-05 -3.52 -2
5.388e-05 -3.44 -2
5.39e-05 -3.44 -1.92
5.392e-05 -3.36 -1.92
5.394e-05 -3.28 -1.92
5.396e-05 -3.28 -1.92
5.398e-05 -3.28 -1.92
5.4e-05 -3.2 -1.92
5.402e-05 -3.12 -1.92
5.404e-05 -3.12 -1.92
5.406e-05 -3.12 -1.92
5.408e-05 -3.04 -1.84
5.41e-05 -2.96 -1.92
5.412e-05 -2.96 -1.84
5.414e-05 -2.88 -1.84
5.416e-05 -2.88 -1.84
5.418e-05 -2.8 -1.92
5.42e-05 -2.8 -1.92
5.422e-05 -2.8 -1.84
5.424e-05 -2.64 -1.92
5.426e-05 -2.64 -1.84
5.428e-05 -2.64 -1.84
5.43e-05 -2.56 -1.84
5.432e-05 -2.48 -1.76
5.434e-05 -2.48 -1.84
5.436e-05 -2.4 -1.84
5.438e-05 -2.32 -1.84
5.44e-05 -2.32 -1.84
5.442e-05 -2.32 -1.84
5.444e-05 -2.24 -1.84
5.446e-05 -2.24 -1.84
5.448e-05 -2.16 -1.76
5.45e-05 -2.08 -1.68
5.452e-05 -2.08 -1.76
5.454e-05 -2 -1.76
5.456e-05 -2 -1.76
5.458e-05 -1.92 -1.76
5.46e-05 -1.92 -1.76
5.462e-05 -1.84 -1.76
5.464e-05 -1.76 -1.76
5.466e-05 -1.68 -1.76
5.468e-05 -1.68 -1.68
5.47e-05 -1.68 -1.68
5.472e-05 -1.6 -1.68
5.474e-05 -1.52 -1.76
5.476e-05 -1.52 -1.68
5.478e-05 -1.44 -1.68
5.48e-05 -1.36 -1.68
5.482e-05 -1.36 -1.68
5.484e-05 -1.36 -1.68
5.486e-05 -1.28 -1.6
5.488e-05 -1.28 -1.6
5.49e-05 -1.12 -1.6
5.492e-05 -1.12 -1.6
5.494e-05 -1.04 -1.68
5.496e-05 -1.04 -1.6
5.498e-05 -1.04 -1.6
5.5e-05 -0.96 -1.6
5.502e-05 -0.88 -1.6
5.504e-05 -0.8 -1.52
5.506e-05 -0.8 -1.52
5.508e-05 -0.72 -1.52
5.51e-05 -0.64 -1.52
5.512e-05 -0.64 -1.6
5.514e-05 -0.56 -1.52
5.516e-05 -0.56 -1.52
5.518e-05 -0.56 -1.52
5.52e-05 -0.4 -1.44
5.522e-05 -0.4 -1.44
5.524e-05 -0.32 -1.36
5.526e-05 -0.32 -1.44
5.528e-05 -0.24 -1.44
5.53e-05 -0.24 -1.44
5.532e-05 -0.16 -1.36
5.534e-05 0 -1.44
5.536e-05 0 -1.36
5.538e-05 0.08 -1.36
5.54e-05 0.08 -1.36
5.542e-05 0.16 -1.36
5.544e-05 0.32 -1.36
5.546e-05 0.32 -1.28
5.548e-05 0.32 -1.36
5.55e-05 0.4 -1.36
5.552e-05 0.4 -1.36
5.554e-05 0.48 -1.28
5.556e-05 0.56 -1.28
5.558e-05 0.64 -1.2
5.56e-05 0.64 -1.2
5.562e-05 0.64 -1.28
5.564e-05 0.72 -1.2
5.566e-05 0.8 -1.2
5.568e-05 0.8 -1.2
5.57e-05 0.88 -1.2
5.572e-05 0.96 -1.2
5.574e-05 0.96 -1.12
5.576e-05 1.04 -1.12
5.578e-05 1.04 -1.12
5.58e-05 1.12 -1.04
5.582e-05 1.12 -1.12
5.584e-05 1.2 -1.12
5.586e-05 1.28 -1.12
5.588e-05 1.28 -1.04
5.59e-05 1.36 -0.96
5.592e-05 1.44 -0.96
5.594e-05 1.44 -1.04
5.596e-05 1.44 -0.96
5.598e-05 1.6 -1.04
5.6e-05 1.6 -0.96
5.602e-05 1.6 -0.96
5.604e-05 1.68 -0.96
5.606e-05 1.76 -0.96
5.608e-05 1.76 -0.96
5.61e-05 1.76 -0.88
5.612e-05 1.84 -0.8
5.614e-05 1.92 -0.88
5.616e-05 1.92 -0.96
5.618e-05 2 -0.88
5.62e-05 2.08 -0.88
5.622e-05 2.08 -0.8
5.624e-05 2.16 -0.88
5.626e-05 2.24 -0.8
5.628e-05 2.24 -0.8
5.63e-05 2.24 -0.72
5.632e-05 2.32 -0.72
5.634e-05 2.4 -0.72
5.636e-05 2.4 -0.72
5.638e-05 2.4 -0.72
5.64e-05 2.56 -0.64
5.642e-05 2.56 -0.64
5.644e-05 2.64 -0.64
5.646e-05 2.64 -0.64
5.648e-05 2.72 -0.64
5.65e-05 2.72 -0.64
5.652e-05 2.8 -0.56
5.654e-05 2.88 -0.64
5.656e-05 2.88 -0.64
5.658e-05 2.88 -0.56
5.66e-05 2.96 -0.56
5.662e-05 2.96 -0.48
5.664e-05 3.04 -0.48
5.666e-05 3.04 -0.48
5.668e-05 3.12 -0.48
5.67e-05 3.2 -0.48
5.672e-05 3.2 -0.48
5.674e-05 3.2 -0.4
5.676e-05 3.28 -0.48
5.678e-05 3.36 -0.4
5.68e-05 3.36 -0.4
5.682e-05 3.44 -0.32
5.684e-05 3.44 -0.32
5.686e-05 3.44 -0.32
5.688e-05 3.52 -0.4
5.69e-05 3.6 -0.32
5.692e-05 3.6 -0.24
5.694e-05 3.6 -0.32
5.696e-05 3.68 -0.24
5.698e-05 3.68 -0.24
5.7e-05 3.68 -0.24
5.702e-05 3.84 -0.24
5.704e-05 3.84 -0.32
5.706e-05 3.84 -0.24
5.708e-05 3.92 -0.16
5.71e-05 3.92 -0.16
5.712e-05 4 -0.16
5.714e-05 3.92 0
5.716e-05 4 0
5.718e-05 4.08 0
5.72e-05 4.08 0
5.722e-05 4.16 0
5.724e-05 4.16 0
5.726e-05 4.16 0
5.728e-05 4.24 0
5.73e-05 4.32 0
5.732e-05 4.32 0.08
5.734e-05 4.32 0.08
5.736e-05 4.32 0.08
5.738e-05 4.4 0.08
5.74e-05 4.4 0.08
5.742e-05 4.48 0.08
5.744e-05 4.56 0.08
5.746e-05 4.56 0.16
5.748e-05 4.56 0.16
5.75e-05 4.64 0.16
5.752e-05 4.56 0.24
5.754e-05 4.64 0.24
5.756e-05 4.72 0.32
5.758e-05 4.72 0.24
5.76e-05 4.8 0.32
5.762e-05 4.8 0.24
5.764e-05 4.8 0.32
5.766e-05 4.8 0.32
5.768e-05 4.88 0.32
5.77e-05 4.88 0.32
5.772e-05 4.88 0.4
5.774e-05 4.96 0.4
5.776e-05 4.96 0.4
5.778e-05 4.96 0.4
5.78e-05 5.04 0.4
5.782e-05 5.12 0.4
5.784e-05 5.12 0.48
5.786e-05 5.12 0.48
5.788e-05 5.12 0.48
5.79e-05 5.12 0.48
5.792e-05 5.12 0.56
5.794e-05 5.2 0.56
5.796e-05 5.2 0.56
5.798e-05 5.28 0.48
5.8e-05 5.28 0.56
5.802e-05 5.28 0.56
5.804e-05 5.28 0.64
5.806e-05 5.28 0.64
5.808e-05 5.44 0.64
5.81e-05 5.44 0.64
5.812e-05 5.44 0.64
5.814e-05 5.44 0.64
5.816e-05 5.44 0.64
5.818e-05 5.44 0.72
5.82e-05 5.44 0.72
5.822e-05 5.44 0.72
5.824e-05 5.52 0.8
5.826e-05 5.52 0.72
5.828e-05 5.52 0.8
5.83e-05 5.52 0.72
5.832e-05 5.6 0.8
5.834e-05 5.6 0.8
5.836e-05 5.6 0.8
5.838e-05 5.6 0.88
5.84e-05 5.68 0.88
5.842e-05 5.68 0.88
5.844e-05 5.76 0.88
5.846e-05 5.76 0.88
5.848e-05 5.76 0.96
5.85e-05 5.76 0.88
5.852e-05 5.76 0.96
5.854e-05 5.76 0.96
5.856e-05 5.76 0.96
5.858e-05 5.76 1.04
5.86e-05 5.76 1.04
5.862e-05 5.84 0.96
5.864e-05 5.76 1.04
5.866e-05 5.84 1.04
5.868e-05 5.84 1.04
5.87e-05 5.84 1.04
5.872e-05 5.84 1.04
5.874e-05 5.84 1.04
5.876e-05 5.92 1.12
5.878e-05 5.84 1.12
5.88e-05 5.92 1.12
5.882e-05 5.84 1.12
5.884e-05 5.92 1.12
5.886e-05 5.92 1.12
5.888e-05 5.92 1.12
5.89e-05 5.92 1.12
5.892e-05 5.92 1.2
5.894e-05 5.92 1.2
5.896e-05 5.84 1.2
5.898e-05 5.92 1.2
5.9e-05 5.92 1.2
5.902e-05 5.92 1.28
5.904e-05 5.92 1.28
5.906e-05 6 1.28
5.908e-05 6 1.28
5.91e-05 6.08 1.36
5.912e-05 5.92 1.28
5.914e-05 5.92 1.36
5.916e-05 5.92 1.36
5.918e-05 5.92 1.28
5.92e-05 5.92 1.28
5.922e-05 5.92 1.28
5.924e-05 5.92 1.36
5.926e-05 5.92 1.36
5.928e-05 5.92 1.36
5.93e-05 5.92 1.36
5.932e-05 5.92 1.44
5.934e-05 5.92 1.36
5.936e-05 5.92 1.36
5.938e-05 5.92 1.36
5.94e-05 5.92 1.44
5.942e-05 6 1.44
5.944e-05 5.92 1.52
5.946e-05 5.92 1.44
5.948e-05 5.92 1.44
5.95e-05 5.92 1.44
5.952e-05 5.92 1.52
5.954e-05 5.92 1.44
5.956e-05 5.84 1.44
5.958e-05 5.92 1.44
5.96e-05 5.84 1.52
5.962e-05 5.92 1.6
5.964e-05 5.84 1.52
5.966e-05 5.84 1.6
5.968e-05 5.84 1.52
5.97e-05 5.84 1.6
5.972e-05 5.76 1.6
5.974e-05 5.84 1.6
5.976e-05 5.84 1.6
5.978e-05 5.76 1.6
5.98e-05 5.76 1.68
5.982e-05 5.76 1.6
5.984e-05 5.76 1.68
5.986e-05 5.76 1.6
5.988e-05 5.76 1.6
5.99e-05 5.76 1.6
5.992e-05 5.76 1.68
5.994e-05 5.6 1.68
5.996e-05 5.68 1.68
5.998e-05 5.76 1.68
6e-05 5.6 1.68
6.002e-05 5.6 1.68
6.004e-05 5.6 1.68
6.006e-05 5.6 1.6
6.008e-05 5.6 1.68
6.01e-05 5.52 1.68
6.012e-05 5.52 1.68
6.014e-05 5.44 1.76
6.016e-05 5.44 1.68
6.018e-05 5.52 1.76
6.02e-05 5.44 1.76
6.022e-05 5.44 1.76
6.024e-05 5.44 1.68
6.026e-05 5.44 1.76
6.028e-05 5.28 1.68
6.03e-05 5.44 1.76
6.032e-05 5.28 1.76
6.034e-05 5.28 1.76
6.036e-05 5.28 1.76
6.038e-05 5.28 1.76
6.04e-05 5.2 1.76
6.042e-05 5.2 1.76
6.044e-05 5.2 1.76
6.046e-05 5.2 1.68
6.048e-05 5.12 1.84
6.05e-05 5.12 1.76
6.052e-05 5.12 1.76
6.054e-05 5.12 1.84
6.056e-05 5.12 1.76
6.058e-05 5.12 1.84
6.06e-05 5.04 1.76
6.062e-05 4.96 1.76
6.064e-05 4.96 1.76
6.066e-05 4.88 1.76
6.068e-05 4.88 1.92
6.07e-05 4.88 1.84
6.072e-05 4.8 1.76
6.074e-05 4.8 1.76
6.076e-05 4.8 1.76
6.078e-05 4.8 1.84
6.08e-05 4.8 1.84
6.082e-05 4.64 1.84
6.084e-05 4.72 1.76
6.086e-05 4.64 1.84
6.088e-05 4.64 1.84
6.09e-05 4.64 1.84
6.092e-05 4.56 1.84
6.094e-05 4.48 1.76
6.096e-05 4.48 1.76
6.098e-05 4.48 1.76
6.1e-05 4.4 1.84
6.102e-05 4.4 1.84
6.104e-05 4.32 1.92
6.106e-05 4.32 1.84
6.108e-05 4.24 1.84
6.11e-05 4.16 1.76
6.112e-05 4.16 1.76
6.114e-05 4.16 1.76
6.116e-05 4.16 1.84
6.118e-05 4.16 1.84
6.12e-05 4.08 1.76
6.122e-05 4 1.84
6.124e-05 4 1.84
6.126e-05 3.92 1.84
6.128e-05 3.92 1.76
6.13e-05 3.84 1.76
6.132e-05 3.84 1.84
6.134e-05 3.84 1.76
6.136e-05 3.84 1.84
6.138e-05 3.76 1.84
6.14e-05 3.68 1.84
6.142e-05 3.68 1.84
6.144e-05 3.6 1.84
6.146e-05 3.52 1.76
6.148e-05 3.52 1.76
6.15e-05 3.52 1.76
6.152e-05 3.52 1.84
6.154e-05 3.44 1.76
6.156e-05 3.44 1.84
6.158e-05 3.36 1.76
6.16e-05 3.36 1.76
6.162e-05 3.28 1.76
6.164e-05 3.2 1.76
6.166e-05 3.2 1.68
6.168e-05 3.04 1.68
6.17e-05 3.04 1.76
6.172e-05 3.04 1.76
6.174e-05 2.96 1.76
6.176e-05 2.96 1.76
6.178e-05 2.96 1.68
6.18e-05 2.88 1.76
6.182e-05 2.88 1.68
6.184e-05 2.88 1.68
6.186e-05 2.72 1.76
6.188e-05 2.72 1.68
6.19e-05 2.64 1.76
6.192e-05 2.64 1.68
6.194e-05 2.56 1.68
6.196e-05 2.56 1.68
6.198e-05 2.48 1.68
6.2e-05 2.4 1.68
6.202e-05 2.4 1.68
6.204e-05 2.4 1.6
6.206e-05 2.32 1.6
6.208e-05 2.32 1.68
6.21e-05 2.24 1.68
6.212e-05 2.16 1.68
6.214e-05 2.16 1.6
6.216e-05 2.08 1.6
6.218e-05 2.08 1.6
6.22e-05 2 1.6
6.222e-05 2 1.6
6.224e-05 1.92 1.6
6.226e-05 1.92 1.6
6.228e-05 1.76 1.6
6.23e-05 1.76 1.6
6.232e-05 1.76 1.52
6.234e-05 1.68 1.52
6.236e-05 1.6 1.6
6.238e-05 1.6 1.52
6.24e-05 1.52 1.44
6.242e-05 1.52 1.52
6.244e-05 1.44 1.44
6.246e-05 1.36 1.52
6.248e-05 1.28 1.52
6.25e-05 1.28 1.52
6.252e-05 1.28 1.44
6.254e-05 1.28 1.44
6.256e-05 1.12 1.36
6.258e-05 1.12 1.44
6.26e-05 1.04 1.44
6.262e-05 1.04 1.36
6.264e-05 0.96 1.44
6.266e-05 0.96 1.44
6.268e-05 0.8 1.44
6.27e-05 0.8 1.36
6.272e-05 0.8 1.28
6.274e-05 0.72 1.36
6.276e-05 0.64 1.36
6.278e-05 0.64 1.36
6.28e-05 0.48 1.36
6.282e-05 0.48 1.36
6.284e-05 0.48 1.36
6.286e-05 0.4 1.28
6.288e-05 0.4 1.28
6.29e-05 0.32 1.28
6.292e-05 0.32 1.28
6.294e-05 0.24 1.28
6.296e-05 0.16 1.28
6.298e-05 0.16 1.28
6.3e-05 0 1.28
6.302e-05 0 1.2
6.304e-05 0 1.2
6.306e-05 0 1.2
6.308e-05 -0.16 1.12
6.31e-05 -0.24 1.2
6.312e-05 -0.32 1.2
6.314e-05 -0.32 1.2
6.316e-05 -0.4 1.12
6.318e-05 -0.4 1.2
6.32e-05 -0.4 1.12
6.322e-05 -0.56 1.12
6.324e-05 -0.56 1.04
6.326e-05 -0.64 1.04
6.328e-05 -0.72 1.12
6.33e-05 -0.72 1.04
6.332e-05 -0.72 1.04
6.334e-05 -0.8 1.04
6.336e-05 -0.88 1.04
6.338e-05 -0.96 0.96
6.34e-05 -0.96 0.96
6.342e-05 -1.04 1.04
6.344e-05 -1.04 0.96
6.346e-05 -1.12 0.96
6.348e-05 -1.2 0.96
6.35e-05 -1.2 0.96
6.352e-05 -1.28 0.96
6.354e-05 -1.36 0.96
6.356e-05 -1.36 0.88
6.358e-05 -1.36 0.88
6.36e-05 -1.52 0.8
6.362e-05 -1.44 0.88
6.364e-05 -1.52 0.8
6.366e-05 -1.6 0.8
6.368e-05 -1.6 0.8
6.37e-05 -1.68 0.8
6.372e-05 -1.68 0.8
6.374e-05 -1.76 0.72
6.376e-05 -1.84 0.72
6.378e-05 -1.92 0.72
6.38e-05 -1.92 0.72
6.382e-05 -2 0.72
6.384e-05 -2 0.72
6.386e-05 -2.08 0.72
6.388e-05 -2.08 0.72
6.39e-05 -2.16 0.64
6.392e-05 -2.24 0.64
6.394e-05 -2.32 0.64
6.396e-05 -2.32 0.64
6.398e-05 -2.32 0.64
6.4e-05 -2.32 0.64
6.402e-05 -2.4 0.64
6.404e-05 -2.4 0.48
6.406e-05 -2.48 0.56
6.408e-05 -2.56 0.56
6.41e-05 -2.64 0.56
6.412e-05 -2.64 0.48
6.414e-05 -2.64 0.48
6.416e-05 -2.64 0.48
6.418e-05 -2.8 0.4
6.42e-05 -2.8 0.48
6.422e-05 -2.88 0.48
6.424e-05 -2.96 0.4
6.426e-05 -2.96 0.4
6.428e-05 -2.96 0.4
6.43e-05 -3.04 0.4
6.432e-05 -3.04 0.32
6.434e-05 -3.12 0.32
6.436e-05 -3.2 0.32
6.438e-05 -3.28 0.32
6.44e-05 -3.28 0.32
6.442e-05 -3.28 0.32
6.444e-05 -3.44 0.24
6.446e-05 -3.44 0.24
6.448e-05 -3.44 0.16
6.45e-05 -3.44 0.16
6.452e-05 -3.52 0.24
6.454e-05 -3.52 0.16
6.456e-05 -3.6 0.24
6.458e-05 -3.6 0.16
6.46e-05 -3.6 0.16
6.462e-05 -3.68 0.08
6.464e-05 -3.76 0.16
6.466e-05 -3.76 0.08
6.468e-05 -3.84 0.08
6.47e-05 -3.84 0.08
6.472e-05 -3.92 0.08
6.474e-05 -3.92 0
6.476e-05 -3.92 0
6.478e-05 -4 0
6.48e-05 -4.08 0
6.482e-05 -4.08 0
6.484e-05 -4.08 -0.16
6.486e-05 -4.16 -0.16
6.488e-05 -4.16 -0.16
6.49e-05 -4.24 -0.16
6.492e-05 -4.24 -0.16
6.494e-05 -4.24 0
6.496e-05 -4.24 -0.16
6.498e-05 -4.4 -0.16
6.5e-05 -4.4 -0.32
6.502e-05 -4.4 -0.24
6.504e-05 -4.48 -0.16
6.506e-05 -4.48 -0.24
6.508e-05 -4.48 -0.32
6.51e-05 -4.56 -0.32
6.512e-05 -4.56 -0.24
6.514e-05 -4.64 -0.24
6.516e-05 -4.72 -0.32
6.518e-05 -4.72 -0.4
6.52e-05 -4.72 -0.4
6.522e-05 -4.72 -0.4
6.524e-05 -4.72 -0.4
6.526e-05 -4.8 -0.48
6.528e-05 -4.8 -0.4
6.53e-05 -4.88 -0.4
6.532e-05 -4.88 -0.4
6.534e-05 -4.88 -0.48
6.536e-05 -4.96 -0.48
6.538e-05 -4.96 -0.48
6.54e-05 -5.04 -0.56
6.542e-05 -5.04 -0.48
6.544e-05 -5.04 -0.56
6.546e-05 -5.12 -0.56
6.548e-05 -5.12 -0.56
6.55e-05 -5.12 -0.56
6.552e-05 -5.2 -0.56
6.554e-05 -5.2 -0.64
6.556e-05 -5.2 -0.64
6.558e-05 -5.2 -0.64
6.56e-05 -5.2 -0.64
6.562e-05 -5.36 -0.72
6.564e-05 -5.28 -0.64
6.566e-05 -5.36 -0.72
6.568e-05 -5.36 -0.72
6.57e-05 -5.36 -0.72
6.572e-05 -5.36 -0.72
6.574e-05 -5.44 -0.8
6.576e-05 -5.44 -0.8
6.578e-05 -5.44 -0.8
6.58e-05 -5.44 -0.72
6.582e-05 -5.52 -0.8
6.584e-05 -5.52 -0.88
6.586e-05 -5.52 -0.88
6.588e-05 -5.52 -0.88
6.59e-05 -5.52 -0.96
6.592e-05 -5.52 -0.96
6.594e-05 -5.68 -0.96
6.596e-05 -5.68 -0.96
6.598e-05 -5.68 -0.88
6.6e-05 -5.68 -0.96
6.602e-05 -5.68 -0.96
6.604e-05 -5.68 -1.04
6.606e-05 -5.68 -1.04
6.608e-05 -5.68 -1.04
6.61e-05 -5.76 -1.04
6.612e-05 -5.76 -0.96
6.614e-05 -5.76 -1.04
6.616e-05 -5.76 -1.04
6.618e-05 -5.84 -1.04
6.62e-05 -5.84 -1.12
6.622e-05 -5.84 -1.12
6.624e-05 -5.92 -1.2
6.626e-05 -5.84 -1.12
6.628e-05 -5.84 -1.12
6.63e-05 -5.84 -1.2
6.632e-05 -5.84 -1.2
6.634e-05 -5.92 -1.2
6.636e-05 -5.84 -1.2
6.638e-05 -6 -1.2
6.64e-05 -6 -1.28
6.642e-05 -5.92 -1.28
6.644e-05 -6 -1.28
6.646e-05 -6 -1.28
6.648e-05 -6 -1.28
6.65e-05 -6 -1.36
6.652e-05 -6 -1.36
6.654e-05 -6 -1.2
6.656e-05 -6 -1.36
6.658e-05 -6 -1.36
6.66e-05 -6.08 -1.36
6.662e-05 -6 -1.36
6.664e-05 -6.08 -1.36
6.666e-05 -6.08 -1.36
6.668e-05 -6.08 -1.44
6.67e-05 -6.08 -1.36
6.672e-05 -6 -1.36
6.674e-05 -6.08 -1.36
6.676e-05 -6.08 -1.36
6.678e-05 -6.08 -1.44
6.68e-05 -6.08 -1.52
6.682e-05 -6.08 -1.52
6.684e-05 -6.08 -1.44
6.686e-05 -6.08 -1.52
6.688e-05 -6.08 -1.52
6.69e-05 -6.08 -1.52
6.692e-05 -6.08 -1.52
6.694e-05 -6.08 -1.52
6.696e-05 -6.08 -1.6
6.698e-05 -6.08 -1.6
6.7e-05 -6.08 -1.6
6.702e-05 -6.08 -1.52
6.704e-05 -6.08 -1.52
6.706e-05 -6.08 -1.6
6.708e-05 -6.08 -1.6
6.71e-05 -6.08 -1.6
6.712e-05 -6.08 -1.6
6.714e-05 -6 -1.68
6.716e-05 -6.08 -1.68
6.718e-05 -6 -1.68
6.72e-05 -6 -1.6
6.722e-05 -6.08 -1.6
6.724e-05 -6 -1.6
6.726e-05 -6 -1.68
6.728e-05 -6 -1.68
6.73e-05 -6 -1.68
6.732e-05 -6 -1.76
6.734e-05 -6 -1.68
6.736e-05 -5.92 -1.68
6.738e-05 -5.84 -1.68
6.74e-05 -6 -1.68
6.742e-05 -5.84 -1.76
6.744e-05 -5.92 -1.76
6.746e-05 -6 -1.84
6.748e-05 -5.84 -1.76
6.75e-05 -5.84 -1.84
6.752e-05 -5.84 -1.76
6.754e-05 -5.84 -1.76
6.756e-05 -5.84 -1.84
6.758e-05 -5.84 -1.84
6.76e-05 -5.84 -1.76
6.762e-05 -5.76 -1.84
6.764e-05 -5.76 -1.84
6.766e-05 -5.76 -1.92
6.768e-05 -5.68 -1.84
6.77e-05 -5.68 -1.84
6.772e-05 -5.76 -1.84
6.774e-05 -5.68 -1.84
6.776e-05 -5.68 -1.92
6.778e-05 -5.68 -1.76
6.78e-05 -5.68 -1.92
6.782e-05 -5.68 -1.84
6.784e-05 -5.6 -1.92
6.786e-05 -5.52 -1.92
6.788e-05 -5.52 -1.92
6.79e-05 -5.52 -1.92
6.792e-05 -5.52 -1.84
6.794e-05 -5.52 -1.92
6.796e-05 -5.44 -1.92
6.798e-05 -5.44 -1.92
6.8e-05 -5.44 -1.92
6.802e-05 -5.44 -1.92
6.804e-05 -5.36 -2
6.806e-05 -5.36 -1.92
6.808e-05 -5.36 -1.92
6.81e-05 -5.36 -2
6.812e-05 -5.28 -1.92
6.814e-05 -5.28 -1.92
6.816e-05 -5.28 -1.92
6.818e-05 -5.2 -1.92
6.82e-05 -5.2 -1.92
6.822e-05 -5.2 -2
6.824e-05 -5.2 -2
6.826e-05 -5.12 -2
6.828e-05 -5.12 -1.92
6.83e-05 -5.12 -1.92
6.832e-05 -5.04 -2
6.834e-05 -5.04 -2
6.836e-05 -5.04 -2
6.838e-05 -5.04 -2
6.84e-05 -4.88 -2
6.842e-05 -4.96 -2
6.844e-05 -4.88 -2
6.846e-05 -4.88 -1.92
6.848e-05 -4.88 -2
6.85e-05 -4.8 -2
6.852e-05 -4.8 -2
6.854e-05 -4.72 -2
6.856e-05 -4.72 -2
6.858e-05 -4.72 -2.08
6.86e-05 -4.72 -2
6.862e-05 -4.56 -2
6.864e-05 -4.56 -2
6.866e-05 -4.56 -2
6.868e-05 -4.56 -2
6.87e-05 -4.48 -2
6.872e-05 -4.48 -2
6.874e-05 -4.4 -2.08
6.876e-05 -4.4 -2
6.878e-05 -4.4 -2
6.88e-05 -4.32 -2
6.882e-05 -4.24 -1.92
6.884e-05 -4.24 -2
6.886e-05 -4.16 -2
6.888e-05 -4.16 -2.08
6.89e-05 -4.16 -2
6.892e-05 -4.16 -2
6.894e-05 -4.08 -2
6.896e-05 -4.08 -2
6.898e-05 -4 -2
6.9e-05 -3.92 -2
6.902e-05 -3.92 -1.92
6.904e-05 -3.92 -1.92
6.906e-05 -3.92 -2
6.908e-05 -3.84 -2
6.91e-05 -3.76 -2
6.912e-05 -3.76 -1.92
6.914e-05 -3.76 -1.92
6.916e-05 -3.6 -2
6.918e-05 -3.6 -2
6.92e-05 -3.6 -1.92
6.922e-05 -3.6 -1.92
6.924e-05 -3.52 -2
6.926e-05 -3.44 -2
6.928e-05 -3.44 -2
6.93e-05 -3.44 -2
6.932e-05 -3.28 -1.92
6.934e-05 -3.28 -1.92
6.936e-05 -3.28 -1.92
6.938e-05 -3.2 -1.92
6.94e-05 -3.2 -1.92
6.942e-05 -3.12 -2
6.944e-05 -3.12 -2
6.946e-05 -3.04 -1.92
6.948e-05 -2.96 -1.92
6.95e-05 -2.96 -1.92
6.952e-05 -2.96 -1.92
6.954e-05 -2.88 -1.84
6.956e-05 -2.88 -1.84
6.958e-05 -2.8 -1.92
6.96e-05 -2.8 -1.92
6.962e-05 -2.64 -1.92
6.964e-05 -2.64 -1.84
6.966e-05 -2.64 -2
6.968e-05 -2.56 -1.84
6.97e-05 -2.56 -1.84
6.972e-05 -2.48 -1.84
6.974e-05 -2.4 -1.84
6.976e-05 -2.32 -1.84
6.978e-05 -2.32 -1.84
6.98e-05 -2.32 -1.84
6.982e-05 -2.24 -1.84
6.984e-05 -2.24 -1.84
6.986e-05 -2.16 -1.84
6.988e-05 -2.16 -1.76
6.99e-05 -2.08 -1.76
6.992e-05 -2 -1.76
6.994e-05 -2 -1.76
6.996e-05 -1.92 -1.76
6.998e-05 -1.92 -1.68
7e-05 -1.84 -1.76
7.002e-05 -1.84 -1.76
7.004e-05 -1.76 -1.68
7.006e-05 -1.68 -1.68
7.008e-05 -1.6 -1.68
7.01e-05 -1.6 -1.76
7.012e-05 -1.52 -1.76
7.014e-05 -1.52 -1.68
7.016e-05 -1.44 -1.68
7.018e-05 -1.36 -1.68
7.02e-05 -1.36 -1.68
7.022e-05 -1.36 -1.6
7.024e-05 -1.28 -1.6
7.026e-05 -1.2 -1.6
7.028e-05 -1.2 -1.6
7.03e-05 -1.12 -1.68
7.032e-05 -1.04 -1.6
7.034e-05 -1.04 -1.6
7.036e-05 -1.04 -1.6
7.038e-05 -0.96 -1.6
7.04e-05 -0.88 -1.6
7.042e-05 -0.88 -1.52
7.044e-05 -0.8 -1.52
7.046e-05 -0.72 -1.52
7.048e-05 -0.72 -1.52
7.05e-05 -0.64 -1.6
7.052e-05 -0.56 -1.6
7.054e-05 -0.56 -1.52
7.056e-05 -0.4 -1.52
7.058e-05 -0.4 -1.44
7.06e-05 -0.4 -1.52
7.062e-05 -0.4 -1.44
7.064e-05 -0.32 -1.44
7.066e-05 -0.24 -1.44
7.068e-05 -0.24 -1.44
7.07e-05 -0.16 -1.44
7.072e-05 0 -1.36
7.074e-05 0 -1.36
7.076e-05 0 -1.36
7.078e-05 0.08 -1.36
7.08e-05 0.16 -1.36
7.082e-05 0.32 -1.36
7.084e-05 0.32 -1.28
7.086e-05 0.32 -1.28
7.088e-05 0.4 -1.28
7.09e-05 0.4 -1.28
7.092e-05 0.4 -1.28
7.094e-05 0.48 -1.28
7.096e-05 0.48 -1.2
7.098e-05 0.56 -1.28
7.1e-05 0.64 -1.28
7.102e-05 0.72 -1.2
7.104e-05 0.72 -1.28
7.106e-05 0.8 -1.2
7.108e-05 0.96 -1.2
7.11e-05 0.96 -1.12
7.112e-05 0.96 -1.12
7.114e-05 0.96 -1.12
7.116e-05 1.04 -1.12
7.118e-05 1.12 -1.12
7.12e-05 1.12 -1.04
7.122e-05 1.2 -1.04
7.124e-05 1.28 -1.04
7.126e-05 1.28 -1.12
7.128e-05 1.36 -1.04
7.13e-05 1.36 -1.04
7.132e-05 1.44 -0.96
7.134e-05 1.44 -0.96
7.136e-05 1.52 -1.04
7.138e-05 1.6 -1.04
7.14e-05 1.6 -0.96
7.142e-05 1.6 -0.96
7.144e-05 1.68 -0.96
7.146e-05 1.76 -0.96
7.148e-05 1.76 -0.88
7.15e-05 1.92 -0.88
7.152e-05 1.92 -0.96
7.154e-05 1.92 -0.96
7.156e-05 2 -0.88
7.158e-05 2 -0.88
7.16e-05 2.08 -0.88
7.162e-05 2.08 -0.88
7.164e-05 2.24 -0.8
7.166e-05 2.24 -0.8
7.168e-05 2.24 -0.72
7.17e-05 2.32 -0.72
7.172e-05 2.32 -0.72
7.174e-05 2.4 -0.72
7.176e-05 2.4 -0.72
7.178e-05 2.56 -0.64
7.18e-05 2.56 -0.64
7.182e-05 2.56 -0.72
7.184e-05 2.64 -0.64
7.186e-05 2.64 -0.64
7.188e-05 2.72 -0.56
7.19e-05 2.72 -0.56
7.192e-05 2.88 -0.64
7.194e-05 2.88 -0.64
7.196e-05 2.88 -0.56
7.198e-05 2.96 -0.48
7.2e-05 2.96 -0.56
7.202e-05 3.04 -0.56
7.204e-05 3.04 -0.48
7.206e-05 3.12 -0.48
7.208e-05 3.2 -0.48
7.21e-05 3.2 -0.48
7.212e-05 3.28 -0.48
7.214e-05 3.28 -0.4
7.216e-05 3.36 -0.32
7.218e-05 3.36 -0.4
7.22e-05 3.44 -0.4
7.222e-05 3.52 -0.4
7.224e-05 3.52 -0.4
7.226e-05 3.52 -0.32
7.228e-05 3.52 -0.32
7.23e-05 3.6 -0.32
7.232e-05 3.6 -0.32
7.234e-05 3.68 -0.24
7.236e-05 3.68 -0.24
7.238e-05 3.76 -0.16
7.24e-05 3.84 -0.24
7.242e-05 3.84 -0.24
7.244e-05 3.84 -0.24
7.246e-05 3.84 -0.16
7.248e-05 3.92 -0.24
7.25e-05 3.92 -0.16
7.252e-05 4 -0.16
7.254e-05 4 0
7.256e-05 4 0
7.258e-05 4.08 0
7.26e-05 4.08 -0.16
7.262e-05 4.16 0
7.264e-05 4.16 0
7.266e-05 4.24 0
7.268e-05 4.32 0
7.27e-05 4.32 0.08
7.272e-05 4.32 0.08
7.274e-05 4.32 0.08
7.276e-05 4.4 0.08
7.278e-05 4.48 0.08
7.28e-05 4.48 0.08
7.282e-05 4.56 0.16
7.284e-05 4.56 0.08
7.286e-05 4.56 0.24
7.288e-05 4.56 0.16
7.29e-05 4.64 0.24
7.292e-05 4.64 0.16
7.294e-05 4.64 0.24
7.296e-05 4.72 0.24
7.298e-05 4.8 0.32
7.3e-05 4.8 0.24
7.302e-05 4.8 0.32
7.304e-05 4.8 0.32
7.306e-05 4.8 0.4
7.308e-05 4.88 0.32
7.31e-05 4.96 0.4
7.312e-05 4.96 0.4
7.314e-05 4.96 0.32
7.316e-05 5.04 0.4
7.318e-05 4.96 0.32
7.32e-05 5.12 0.48
7.322e-05 5.12 0.48
7.324e-05 5.12 0.4
7.326e-05 5.12 0.48
7.328e-05 5.12 0.48
7.33e-05 5.2 0.48
7.332e-05 5.2 0.56
7.334e-05 5.2 0.48
7.336e-05 5.28 0.48
7.338e-05 5.28 0.56
7.34e-05 5.28 0.64
7.342e-05 5.28 0.64
7.344e-05 5.28 0.64
7.346e-05 5.44 0.64
7.348e-05 5.36 0.64
7.35e-05 5.44 0.72
7.352e-05 5.44 0.64
7.354e-05 5.44 0.64
7.356e-05 5.44 0.64
7.358e-05 5.44 0.72
7.36e-05 5.52 0.72
7.362e-05 5.44 0.72
7.364e-05 5.52 0.72
7.366e-05 5.52 0.8
7.368e-05 5.6 0.72
7.37e-05 5.6 0.8
7.372e-05 5.6 0.8
7.374e-05 5.6 0.8
7.376e-05 5.6 0.88
7.378e-05 5.6 0.88
7.38e-05 5.6 0.88
7.382e-05 5.68 0.88
7.384e-05 5.6 0.88
7.386e-05 5.68 0.88
7.388e-05 5.76 0.96
7.39e-05 5.76 0.96
7.392e-05 5.76 0.96
7.394e-05 5.76 1.04
7.396e-05 5.76 0.96
7.398e-05 5.76 1.04
7.4e-05 5.76 0.96
7.402e-05 5.76 0.96
7.404e-05 5.84 1.04
7.406e-05 5.84 1.04
7.408e-05 5.84 1.04
7.41e-05 5.84 1.04
7.412e-05 5.84 1.12
7.414e-05 5.84 1.12
7.416e-05 5.84 1.12
7.418e-05 5.92 1.12
7.42e-05 5.92 1.04
7.422e-05 5.84 1.12
7.424e-05 5.92 1.12
7.426e-05 5.92 1.12
7.428e-05 5.92 1.12
7.43e-05 5.92 1.2
7.432e-05 5.92 1.2
7.434e-05 5.92 1.2
7.436e-05 5.92 1.2
7.438e-05 5.92 1.2
7.44e-05 5.92 1.28
7.442e-05 5.92 1.28
7.444e-05 5.92 1.28
7.446e-05 5.92 1.28
7.448e-05 5.92 1.36
7.45e-05 5.92 1.28
7.452e-05 5.92 1.28
7.454e-05 5.92 1.28
7.456e-05 5.92 1.28
7.458e-05 5.92 1.36
7.46e-05 5.92 1.28
7.462e-05 5.92 1.36
7.464e-05 5.92 1.36
7.466e-05 5.92 1.44
7.468e-05 5.92 1.36
7.47e-05 5.92 1.36
7.472e-05 5.92 1.44
7.474e-05 5.92 1.44
7.476e-05 5.92 1.36
7.478e-05 5.92 1.44
7.48e-05 5.92 1.44
7.482e-05 5.92 1.52
7.484e-05 5.92 1.44
7.486e-05 5.92 1.44
7.488e-05 5.84 1.52
7.49e-05 5.92 1.44
7.492e-05 5.92 1.52
7.494e-05 5.84 1.44
7.496e-05 5.92 1.44
7.498e-05 5.84 1.52
7.5e-05 5.84 1.6
7.502e-05 5.84 1.6
7.504e-05 5.92 1.52
7.506e-05 5.84 1.6
7.508e-05 5.84 1.6
7.51e-05 5.84 1.6
7.512e-05 5.84 1.6
7.514e-05 5.84 1.6
7.516e-05 5.84 1.6
7.518e-05 5.76 1.6
7.52e-05 5.76 1.68
7.522e-05 5.76 1.6
7.524e-05 5.76 1.6
7.526e-05 5.76 1.6
7.528e-05 5.76 1.6
7.53e-05 5.76 1.68
7.532e-05 5.68 1.68
7.534e-05 5.6 1.6
7.536e-05 5.6 1.68
7.538e-05 5.68 1.68
7.54e-05 5.6 1.68
7.542e-05 5.6 1.6
7.544e-05 5.6 1.6
7.546e-05 5.6 1.68
7.548e-05 5.6 1.68
7.55e-05 5.6 1.68
7.552e-05 5.52 1.68
7.554e-05 5.44 1.68
7.556e-05 5.44 1.76
7.558e-05 5.52 1.76
7.56e-05 5.44 1.68
7.562e-05 5.44 1.68
7.564e-05 5.44 1.68
7.566e-05 5.36 1.76
7.568e-05 5.44 1.76
7.57e-05 5.44 1.76
7.572e-05 5.36 1.68
7.574e-05 5.28 1.76
7.576e-05 5.28 1.76
7.578e-05 5.28 1.76
7.58e-05 5.2 1.76
7.582e-05 5.2 1.76
7.584e-05 5.2 1.76
7.586e-05 5.12 1.76
7.588e-05 5.12 1.76
7.59e-05 5.12 1.84
7.592e-05 5.12 1.76
7.594e-05 5.12 1.76
7.596e-05 5.12 1.84
7.598e-05 4.96 1.76
7.6e-05 4.96 1.76
7.602e-05 4.96 1.76
7.604e-05 4.96 1.84
7.606e-05 4.88 1.84
7.608e-05 4.88 1.84
7.61e-05 4.8 1.84
7.612e-05 4.8 1.84
7.614e-05 4.8 1.84
7.616e-05 4.8 1.84
7.618e-05 4.8 1.84
7.62e-05 4.64 1.84
7.622e-05 4.64 1.84
7.624e-05 4.64 1.84
7.626e-05 4.64 1.92
7.628e-05 4.56 1.84
7.63e-05 4.56 1.84
7.632e-05 4.56 1.84
7.634e-05 4.48 1.76
7.636e-05 4.48 1.76
7.638e-05 4.4 1.76
7.64e-05 4.32 1.84
7.642e-05 4.32 1.92
7.644e-05 4.32 1.84
7.646e-05 4.32 1.84
7.648e-05 4.24 1.84
7.65e-05 4.16 1.84
7.652e-05 4.16 1.76
7.654e-05 4.16 1.84
7.656e-05 4.16 1.84
7.658e-05 4.08 1.84
7.66e-05 4.08 1.84
7.662e-05 4 1.84
7.664e-05 4 1.84
7.666e-05 3.92 1.76
7.668e-05 3.84 1.76
7.67e-05 3.84 1.76
7.672e-05 3.84 1.76
7.674e-05 3.84 1.84
7.676e-05 3.84 1.84
7.678e-05 3.68 1.76
7.68e-05 3.68 1.84
7.682e-05 3.68 1.84
7.684e-05 3.6 1.76
7.686e-05 3.6 1.76
7.688e-05 3.52 1.76
7.69e-05 3.52 1.76
7.692e-05 3.44 1.84
7.694e-05 3.36 1.76
7.696e-05 3.36 1.76
7.698e-05 3.28 1.84
7.7e-05 3.28 1.76
7.702e-05 3.28 1.76
7.704e-05 3.2 1.68
7.706e-05 3.12 1.68
7.708e-05 3.04 1.76
7.71e-05 3.04 1.68
7.712e-05 2.96 1.76
7.714e-05 2.96 1.68
7.716e-05 2.96 1.68
7.718e-05 2.88 1.76
7.72e-05 2.88 1.68
7.722e-05 2.88 1.68
7.724e-05 2.72 1.68
7.726e-05 2.72 1.68
7.728e-05 2.64 1.76
7.73e-05 2.64 1.68
7.732e-05 2.56 1.76
7.734e-05 2.56 1.68
7.736e-05 2.56 1.68
7.738e-05 2.4 1.68
7.74e-05 2.4 1.68
7.742e-05 2.4 1.68
7.744e-05 2.32 1.6
7.746e-05 2.32 1.68
7.748e-05 2.24 1.68
7.75e-05 2.16 1.68
7.752e-05 2.24 1.6
7.754e-05 2.08 1.6
7.756e-05 2.08 1.6
7.758e-05 2.08 1.6
7.76e-05 2 1.6
7.762e-05 1.92 1.6
7.764e-05 1.92 1.6
7.766e-05 1.84 1.6
7.768e-05 1.76 1.6
7.77e-05 1.68 1.52
7.772e-05 1.6 1.52
7.774e-05 1.6 1.52
7.776e-05 1.6 1.6
7.778e-05 1.6 1.52
7.78e-05 1.44 1.44
7.782e-05 1.44 1.52
7.784e-05 1.36 1.6
7.786e-05 1.28 1.6
7.788e-05 1.28 1.52
7.79e-05 1.28 1.44
7.792e-05 1.2 1.44
7.794e-05 1.12 1.44
7.796e-05 1.12 1.44
7.798e-05 0.96 1.44
7.8e-05 1.04 1.44
7.802e-05 0.96 1.44
7.804e-05 0.96 1.36
7.806e-05 0.8 1.44
7.808e-05 0.8 1.36
7.81e-05 0.8 1.36
7.812e-05 0.72 1.36
7.814e-05 0.64 1.36
7.816e-05 0.64 1.36
7.818e-05 0.64 1.36
7.82e-05 0.48 1.36
7.822e-05 0.48 1.36
7.824e-05 0.4 1.36
7.826e-05 0.32 1.28
7.828e-05 0.32 1.28
7.83e-05 0.32 1.28
7.832e-05 0.24 1.28
7.834e-05 0.16 1.28
7.836e-05 0.16 1.28
7.838e-05 0.08 1.28
7.84e-05 0 1.28
7.842e-05 0 1.2
7.844e-05 0 1.2
7.846e-05 -0.24 1.2
7.848e-05 -0.24 1.12
7.85e-05 -0.24 1.12
7.852e-05 -0.32 1.2
7.854e-05 -0.4 1.12
7.856e-05 -0.4 1.12
7.858e-05 -0.48 1.12
7.86e-05 -0.48 1.04
7.862e-05 -0.56 1.04
7.864e-05 -0.64 1.04
7.866e-05 -0.64 1.12
7.868e-05 -0.72 1.04
7.87e-05 -0.72 1.12
7.872e-05 -0.88 1.04
7.874e-05 -0.88 1.04
7.876e-05 -0.96 0.96
7.878e-05 -0.96 0.96
7.88e-05 -1.04 0.96
7.882e-05 -1.04 0.96
7.884e-05 -1.2 1.04
7.886e-05 -1.12 0.96
7.888e-05 -1.2 0.96
7.89e-05 -1.36 0.88
7.892e-05 -1.36 0.96
7.894e-05 -1.36 0.88
7.896e-05 -1.36 0.8
7.898e-05 -1.36 0.88
7.9e-05 -1.44 0.88
7.902e-05 -1.52 0.8
7.904e-05 -1.6 0.8
7.906e-05 -1.68 0.88
7.908e-05 -1.68 0.8
7.91e-05 -1.68 0.8
7.912e-05 -1.84 0.8
7.914e-05 -1.84 0.72
7.916e-05 -1.92 0.72
7.918e-05 -1.92 0.8
7.92e-05 -2 0.72
7.922e-05 -2 0.72
7.924e-05 -2.08 0.72
7.926e-05 -2.16 0.72
7.928e-05 -2.16 0.72
7.93e-05 -2.16 0.64
7.932e-05 -2.24 0.64
7.934e-05 -2.32 0.64
7.936e-05 -2.32 0.64
7.938e-05 -2.32 0.64
7.94e-05 -2.48 0.56
7.942e-05 -2.48 0.56
7.944e-05 -2.48 0.56
7.946e-05 -2.56 0.56
7.948e-05 -2.64 0.48
7.95e-05 -2.64 0.48
7.952e-05 -2.64 0.48
7.954e-05 -2.64 0.4
7.956e-05 -2.8 0.48
7.958e-05 -2.8 0.48
7.96e-05 -2.88 0.48
7.962e-05 -2.96 0.4
7.964e-05 -2.96 0.4
7.966e-05 -2.96 0.4
7.968e-05 -3.04 0.4
7.97e-05 -3.12 0.32
7.972e-05 -3.12 0.32
7.974e-05 -3.2 0.32
7.976e-05 -3.2 0.32
7.978e-05 -3.2 0.32
7.98e-05 -3.28 0.32
7.982e-05 -3.28 0.32
7.984e-05 -3.44 0.32
7.986e-05 -3.44 0.24
7.988e-05 -3.52 0.24
7.99e-05 -3.52 0.16
7.992e-05 -3.6 0.16
7.994e-05 -3.6 0.16
7.996e-05 -3.6 0.16
7.998e-05 -3.68 0.08
