                     CH2(Unit:V)     CH3(Unit:V)
Frequency:            47.000 kHz      47.000 kHz
Period:                21.277 uS       21.277 uS
PK-PK:                     160mV           5.00V
1                          0.016           2.360
2                          0.032           2.400
3                          0.016           2.400
4                          0.024           2.400
5                          0.012           2.400
6                          0.024           2.400
7                          0.008           2.400
8                          0.028           2.440
9                          0.008           2.400
10                         0.020           2.440
11                         0.004           2.440
12                         0.016           2.440
13                         0.004           2.440
14                         0.016           2.440
15                         0.004           2.440
16                         0.016           2.440
17                         0.000           2.440
18                         0.012           2.440
19                        -0.012           2.440
20                         0.012           2.440
21                        -0.008           2.440
22                         0.008           2.440
23                        -0.016           2.400
24                         0.016           2.440
25                        -0.008           2.400
26                         0.004           2.400
27                        -0.012           2.400
28                         0.000           2.400
29                        -0.016           2.400
30                         0.000           2.400
31                        -0.016           2.360
32                        -0.004           2.400
33                        -0.016           2.360
34                        -0.004           2.360
35                        -0.020           2.320
36                        -0.008           2.360
37                        -0.024           2.320
38                        -0.008           2.320
39                        -0.024           2.280
40                        -0.012           2.320
41                        -0.024           2.240
42                        -0.008           2.280
43                        -0.024           2.240
44                        -0.016           2.240
45                        -0.028           2.200
46                        -0.016           2.240
47                        -0.032           2.160
48                        -0.020           2.200
49                        -0.032           2.120
50                        -0.020           2.160
51                        -0.036           2.080
52                        -0.024           2.120
53                        -0.040           2.040
54                        -0.028           2.080
55                        -0.036           2.000
56                        -0.028           2.040
57                        -0.036           1.960
58                        -0.028           2.000
59                        -0.040           1.920
60                        -0.032           1.960
61                        -0.044           1.880
62                        -0.032           1.920
63                        -0.048           1.840
64                        -0.036           1.880
65                        -0.044           1.800
66                        -0.032           1.840
67                        -0.048           1.720
68                        -0.036           1.800
69                        -0.052           1.680
70                        -0.040           1.720
71                        -0.056           1.640
72                        -0.036           1.680
73                        -0.052           1.600
74                        -0.044           1.640
75                        -0.052           1.520
76                        -0.040           1.560
77                        -0.056           1.480
78                        -0.044           1.520
79                        -0.064           1.400
80                        -0.044           1.480
81                        -0.056           1.360
82                        -0.048           1.400
83                        -0.056           1.280
84                        -0.048           1.320
85                        -0.060           1.240
86                        -0.052           1.280
87                        -0.064           1.160
88                        -0.052           1.200
89                        -0.064           1.080
90                        -0.056           1.160
91                        -0.064           1.040
92                        -0.056           1.080
93                        -0.064           0.960
94                        -0.052           1.040
95                        -0.064           0.880
96                        -0.056           0.960
97                        -0.072           0.840
98                        -0.056           0.880
99                        -0.068           0.760
100                       -0.060           0.840
101                       -0.072           0.680
102                       -0.056           0.760
103                       -0.068           0.600
104                       -0.060           0.680
105                       -0.076           0.560
106                       -0.060           0.600
107                       -0.072           0.480
108                       -0.064           0.520
109                       -0.072           0.400
110                       -0.060           0.480
111                       -0.072           0.320
112                       -0.064           0.400
113                       -0.072           0.240
114                       -0.064           0.320
115                       -0.072           0.200
116                       -0.064           0.240
117                       -0.076           0.120
118                       -0.064           0.160
119                       -0.076           0.040
120                       -0.060           0.120
121                       -0.076          -0.040
122                       -0.064           0.040
123                       -0.076          -0.120
124                       -0.064          -0.040
125                       -0.076          -0.200
126                       -0.064          -0.120
127                       -0.076          -0.280
128                       -0.060          -0.200
129                       -0.072          -0.320
130                       -0.068          -0.240
131                       -0.080          -0.400
132                       -0.064          -0.320
133                       -0.072          -0.480
134                       -0.068          -0.400
135                       -0.076          -0.560
136                       -0.064          -0.480
137                       -0.072          -0.640
138                       -0.060          -0.560
139                       -0.076          -0.680
140                       -0.064          -0.640
141                       -0.072          -0.760
142                       -0.064          -0.720
143                       -0.072          -0.840
144                       -0.060          -0.760
145                       -0.072          -0.920
146                       -0.060          -0.840
147                       -0.072          -0.960
148                       -0.064          -0.920
149                       -0.072          -1.040
150                       -0.060          -1.000
151                       -0.072          -1.120
152                       -0.060          -1.040
153                       -0.068          -1.160
154                       -0.060          -1.120
155                       -0.072          -1.240
156                       -0.060          -1.200
157                       -0.068          -1.320
158                       -0.056          -1.240
159                       -0.072          -1.360
160                       -0.056          -1.320
161                       -0.068          -1.440
162                       -0.056          -1.360
163                       -0.064          -1.480
164                       -0.056          -1.440
165                       -0.068          -1.560
166                       -0.056          -1.480
167                       -0.064          -1.600
168                       -0.052          -1.560
169                       -0.064          -1.680
170                       -0.052          -1.600
171                       -0.060          -1.720
172                       -0.052          -1.680
173                       -0.060          -1.760
174                       -0.052          -1.720
175                       -0.060          -1.840
176                       -0.048          -1.800
177                       -0.060          -1.880
178                       -0.044          -1.840
179                       -0.056          -1.920
180                       -0.044          -1.880
181                       -0.056          -2.000
182                       -0.044          -1.920
183                       -0.056          -2.040
184                       -0.044          -2.000
185                       -0.056          -2.080
186                       -0.040          -2.040
187                       -0.048          -2.120
188                       -0.040          -2.080
189                       -0.048          -2.160
190                       -0.040          -2.120
191                       -0.052          -2.200
192                       -0.036          -2.160
193                       -0.048          -2.240
194                       -0.032          -2.200
195                       -0.044          -2.280
196                       -0.032          -2.240
197                       -0.040          -2.320
198                       -0.032          -2.280
199                       -0.044          -2.320
200                       -0.028          -2.320
201                       -0.036          -2.360
202                       -0.028          -2.320
203                       -0.036          -2.400
204                       -0.028          -2.360
205                       -0.036          -2.400
206                       -0.024          -2.400
207                       -0.036          -2.440
208                       -0.020          -2.400
209                       -0.032          -2.480
210                       -0.024          -2.440
211                       -0.028          -2.480
212                       -0.016          -2.480
213                       -0.028          -2.520
214                       -0.016          -2.480
215                       -0.028          -2.520
216                       -0.012          -2.480
217                       -0.024          -2.520
218                       -0.012          -2.520
219                       -0.020          -2.520
220                       -0.012          -2.520
221                       -0.016          -2.560
222                       -0.008          -2.520
223                       -0.020          -2.560
224                       -0.008          -2.560
225                       -0.020          -2.560
226                       -0.004          -2.560
227                       -0.012          -2.560
228                       -0.004          -2.560
229                       -0.008          -2.560
230                        0.000          -2.560
231                       -0.008          -2.560
232                        0.004          -2.560
233                       -0.008          -2.560
234                        0.004          -2.560
235                       -0.004          -2.560
236                        0.004          -2.560
237                        0.000          -2.560
238                        0.012          -2.520
239                        0.000          -2.560
240                        0.008          -2.520
241                        0.000          -2.520
242                        0.012          -2.520
243                        0.004          -2.520
244                        0.016          -2.480
245                        0.004          -2.480
246                        0.016          -2.480
247                        0.008          -2.480
248                        0.024          -2.440
249                        0.008          -2.480
250                        0.020          -2.440
251                        0.008          -2.440
252                        0.024          -2.400
253                        0.016          -2.400
254                        0.020          -2.400
255                        0.012          -2.400
256                        0.032          -2.360
257                        0.020          -2.360
258                        0.024          -2.320
259                        0.016          -2.320
260                        0.028          -2.280
261                        0.024          -2.280
262                        0.028          -2.280
263                        0.024          -2.280
264                        0.036          -2.240
265                        0.024          -2.240
266                        0.036          -2.200
267                        0.024          -2.200
268                        0.036          -2.160
269                        0.028          -2.160
270                        0.040          -2.120
271                        0.032          -2.120
272                        0.044          -2.080
273                        0.032          -2.080
274                        0.044          -2.040
275                        0.032          -2.040
276                        0.048          -2.000
277                        0.036          -1.960
278                        0.044          -1.920
279                        0.036          -1.920
280                        0.048          -1.880
281                        0.036          -1.880
282                        0.052          -1.840
283                        0.040          -1.840
284                        0.048          -1.760
285                        0.040          -1.760
286                        0.052          -1.720
287                        0.044          -1.720
288                        0.052          -1.680
289                        0.044          -1.680
290                        0.056          -1.600
291                        0.044          -1.600
292                        0.056          -1.560
293                        0.044          -1.560
294                        0.060          -1.480
295                        0.048          -1.480
296                        0.060          -1.440
297                        0.052          -1.440
298                        0.064          -1.360
299                        0.052          -1.360
300                        0.064          -1.320
301                        0.052          -1.280
302                        0.060          -1.240
303                        0.052          -1.240
304                        0.064          -1.160
305                        0.052          -1.160
306                        0.072          -1.080
307                        0.056          -1.080
308                        0.068          -1.040
309                        0.060          -1.040
310                        0.068          -0.960
311                        0.056          -0.960
312                        0.068          -0.920
313                        0.060          -0.880
314                        0.068          -0.840
315                        0.060          -0.840
316                        0.072          -0.760
317                        0.064          -0.760
318                        0.068          -0.680
319                        0.060          -0.680
320                        0.068          -0.600
321                        0.060          -0.600
322                        0.072          -0.560
323                        0.064          -0.520
324                        0.076          -0.480
325                        0.064          -0.480
326                        0.072          -0.400
327                        0.064          -0.400
328                        0.072          -0.320
329                        0.064          -0.320
330                        0.076          -0.240
331                        0.064          -0.240
332                        0.076          -0.160
333                        0.064          -0.200
334                        0.076          -0.120
335                        0.060          -0.080
336                        0.076          -0.040
337                        0.064          -0.040
338                        0.076           0.040
339                        0.060           0.040
340                        0.076           0.120
341                        0.068           0.120
342                        0.076           0.200
343                        0.064           0.200
344                        0.076           0.240
345                        0.060           0.280
346                        0.076           0.320
347                        0.064           0.360
348                        0.072           0.400
349                        0.068           0.400
350                        0.076           0.480
351                        0.064           0.480
352                        0.072           0.560
353                        0.060           0.560
354                        0.080           0.640
355                        0.060           0.640
356                        0.072           0.680
357                        0.064           0.680
358                        0.072           0.760
359                        0.064           0.760
360                        0.076           0.840
361                        0.056           0.840
362                        0.072           0.920
363                        0.060           0.920
364                        0.072           0.960
365                        0.060           0.960
366                        0.072           1.040
367                        0.060           1.040
368                        0.072           1.120
369                        0.060           1.120
370                        0.068           1.160
371                        0.056           1.160
372                        0.068           1.240
373                        0.060           1.240
374                        0.064           1.280
375                        0.056           1.280
376                        0.068           1.360
377                        0.056           1.360
378                        0.064           1.400
379                        0.052           1.400
380                        0.064           1.480
381                        0.056           1.480
382                        0.064           1.520
383                        0.052           1.520
384                        0.064           1.600
385                        0.052           1.600
386                        0.064           1.640
387                        0.048           1.640
388                        0.060           1.680
389                        0.048           1.680
390                        0.056           1.760
391                        0.044           1.760
392                        0.060           1.800
393                        0.048           1.800
394                        0.060           1.840
395                        0.044           1.840
396                        0.056           1.880
397                        0.044           1.880
398                        0.052           1.960
399                        0.044           1.920
400                        0.052           2.000
401                        0.036           2.000
402                        0.052           2.040
403                        0.040           2.040
404                        0.052           2.080
405                        0.036           2.080
406                        0.044           2.080
407                        0.036           2.080
408                        0.044           2.120
409                        0.028           2.120
410                        0.048           2.160
411                        0.028           2.160
412                        0.044           2.200
413                        0.028           2.200
414                        0.040           2.240
415                        0.028           2.240
416                        0.036           2.240
417                        0.028           2.240
418                        0.040           2.280
419                        0.024           2.280
420                        0.036           2.320
421                        0.020           2.320
422                        0.032           2.320
423                        0.020           2.320
424                        0.028           2.360
425                        0.020           2.360
426                        0.028           2.360
427                        0.020           2.360
428                        0.028           2.400
429                        0.016           2.400
430                        0.024           2.400
431                        0.012           2.400
432                        0.020           2.400
433                        0.008           2.400
434                        0.020           2.440
435                        0.008           2.400
436                        0.020           2.440
437                        0.008           2.440
438                        0.016           2.440
439                       -0.004           2.440
440                        0.020           2.440
441                        0.000           2.440
442                        0.016           2.440
443                       -0.008           2.440
444                        0.020           2.440
445                        0.000           2.440
446                        0.012           2.440
447                       -0.012           2.400
448                        0.008           2.440
449                       -0.016           2.400
450                        0.008           2.440
451                       -0.008           2.400
452                        0.004           2.440
453                       -0.008           2.400
454                        0.000           2.400
455                       -0.012           2.360
456                       -0.004           2.400
457                       -0.016           2.360
458                       -0.004           2.360
459                       -0.020           2.360
460                       -0.004           2.360
461                       -0.016           2.320
462                       -0.008           2.360
463                       -0.020           2.320
464                       -0.008           2.320
465                       -0.024           2.280
466                       -0.012           2.320
467                       -0.028           2.240
468                       -0.012           2.280
469                       -0.024           2.200
470                       -0.016           2.240
471                       -0.028           2.200
472                       -0.016           2.200
473                       -0.032           2.160
474                       -0.020           2.200
475                       -0.032           2.120
476                       -0.020           2.160
477                       -0.036           2.080
478                       -0.024           2.120
479                       -0.032           2.040
480                       -0.024           2.080
481                       -0.040           2.000
482                       -0.024           2.040
483                       -0.040           1.960
484                       -0.032           2.000
485                       -0.040           1.920
486                       -0.032           1.960
487                       -0.040           1.880
488                       -0.032           1.920
489                       -0.048           1.840
490                       -0.032           1.880
491                       -0.048           1.760
492                       -0.040           1.840
493                       -0.048           1.720
494                       -0.036           1.760
495                       -0.048           1.680
496                       -0.040           1.720
497                       -0.052           1.600
498                       -0.036           1.680
499                       -0.056           1.560
500                       -0.040           1.600
501                       -0.052           1.520
502                       -0.044           1.560
503                       -0.056           1.440
504                       -0.044           1.520
505                       -0.056           1.400
506                       -0.044           1.440
507                       -0.064           1.320
508                       -0.044           1.400
509                       -0.060           1.280
510                       -0.052           1.320
511                       -0.060           1.200
512                       -0.048           1.280
513                       -0.060           1.160
514                       -0.052           1.200
515                       -0.068           1.080
516                       -0.052           1.120
517                       -0.064           1.000
518                       -0.060           1.080
519                       -0.064           0.960
520                       -0.056           1.000
521                       -0.064           0.880
522                       -0.056           0.960
523                       -0.068           0.800
524                       -0.056           0.880
525                       -0.068           0.720
526                       -0.060           0.800
527                       -0.072           0.680
528                       -0.060           0.720
529                       -0.072           0.600
530                       -0.056           0.680
531                       -0.072           0.520
532                       -0.060           0.600
533                       -0.072           0.440
534                       -0.060           0.520
535                       -0.072           0.400
536                       -0.064           0.440
537                       -0.076           0.320
538                       -0.060           0.360
539                       -0.076           0.240
540                       -0.060           0.320
541                       -0.076           0.160
542                       -0.064           0.240
543                       -0.072           0.080
544                       -0.064           0.160
545                       -0.076           0.000
546                       -0.064           0.080
547                       -0.072          -0.040
548                       -0.064           0.000
549                       -0.076          -0.120
550                       -0.064          -0.080
551                       -0.076          -0.200
552                       -0.064          -0.120
553                       -0.076          -0.280
554                       -0.064          -0.200
555                       -0.076          -0.360
556                       -0.060          -0.280
557                       -0.076          -0.440
558                       -0.064          -0.360
559                       -0.076          -0.480
560                       -0.064          -0.440
561                       -0.076          -0.560
562                       -0.064          -0.480
563                       -0.076          -0.640
564                       -0.060          -0.560
565                       -0.072          -0.720
566                       -0.064          -0.640
567                       -0.076          -0.800
568                       -0.064          -0.720
569                       -0.076          -0.840
570                       -0.064          -0.800
571                       -0.072          -0.920
572                       -0.064          -0.880
573                       -0.068          -1.000
574                       -0.060          -0.920
575                       -0.072          -1.040
576                       -0.064          -1.000
577                       -0.072          -1.120
578                       -0.060          -1.080
579                       -0.068          -1.200
580                       -0.060          -1.120
581                       -0.068          -1.240
582                       -0.060          -1.200
583                       -0.068          -1.320
584                       -0.060          -1.280
585                       -0.068          -1.400
586                       -0.060          -1.320
587                       -0.068          -1.440
588                       -0.052          -1.400
589                       -0.064          -1.520
590                       -0.052          -1.440
591                       -0.064          -1.560
592                       -0.052          -1.520
593                       -0.064          -1.640
594                       -0.052          -1.560
595                       -0.068          -1.680
596                       -0.052          -1.640
597                       -0.060          -1.760
598                       -0.048          -1.680
599                       -0.056          -1.800
600                       -0.052          -1.760
601                       -0.060          -1.840
602                       -0.052          -1.800
603                       -0.060          -1.880
604                       -0.048          -1.840
605                       -0.056          -1.960
606                       -0.044          -1.880
607                       -0.052          -2.000
608                       -0.044          -1.960
609                       -0.052          -2.040
610                       -0.044          -2.000
611                       -0.052          -2.080
612                       -0.044          -2.040
613                       -0.056          -2.120
614                       -0.036          -2.080
615                       -0.044          -2.160
616                       -0.036          -2.120
617                       -0.048          -2.200
618                       -0.032          -2.160
619                       -0.048          -2.240
620                       -0.036          -2.200
621                       -0.044          -2.280
622                       -0.032          -2.240
623                       -0.040          -2.320
624                       -0.028          -2.280
625                       -0.040          -2.360
626                       -0.028          -2.320
627                       -0.040          -2.360
628                       -0.028          -2.360
629                       -0.036          -2.400
630                       -0.028          -2.360
631                       -0.032          -2.440
632                       -0.024          -2.400
633                       -0.032          -2.440
634                       -0.024          -2.400
635                       -0.032          -2.480
636                       -0.016          -2.440
637                       -0.028          -2.480
638                       -0.020          -2.440
639                       -0.024          -2.520
640                       -0.016          -2.480
641                       -0.024          -2.520
642                       -0.012          -2.480
643                       -0.028          -2.520
644                       -0.008          -2.520
645                       -0.020          -2.560
646                       -0.012          -2.520
647                       -0.020          -2.560
648                       -0.008          -2.520
649                       -0.016          -2.560
650                       -0.004          -2.560
651                       -0.016          -2.560
652                        0.000          -2.560
653                       -0.016          -2.560
654                       -0.004          -2.560
655                       -0.012          -2.560
656                       -0.004          -2.560
657                       -0.008          -2.560
658                        0.004          -2.560
659                       -0.004          -2.560
660                        0.004          -2.560
661                       -0.008          -2.560
662                        0.008          -2.520
663                       -0.004          -2.560
664                        0.004          -2.520
665                        0.000          -2.520
666                        0.008          -2.520
667                        0.004          -2.520
668                        0.016          -2.520
669                        0.004          -2.520
670                        0.012          -2.480
671                        0.004          -2.480
672                        0.016          -2.480
673                        0.004          -2.480
674                        0.020          -2.440
675                        0.012          -2.440
676                        0.024          -2.440
677                        0.008          -2.440
678                        0.024          -2.400
679                        0.012          -2.400
680                        0.024          -2.400
681                        0.012          -2.400
682                        0.028          -2.360
683                        0.016          -2.360
684                        0.032          -2.320
685                        0.024          -2.320
686                        0.028          -2.280
687                        0.024          -2.280
688                        0.028          -2.240
689                        0.024          -2.240
690                        0.032          -2.200
691                        0.024          -2.200
692                        0.040          -2.200
693                        0.028          -2.200
694                        0.040          -2.160
695                        0.032          -2.120
696                        0.040          -2.080
697                        0.028          -2.120
698                        0.040          -2.040
699                        0.032          -2.040
700                        0.044          -2.000
701                        0.036          -2.000
702                        0.048          -1.960
703                        0.036          -1.960
704                        0.048          -1.920
705                        0.036          -1.920
706                        0.048          -1.880
707                        0.040          -1.880
708                        0.052          -1.800
709                        0.040          -1.800
710                        0.052          -1.760
711                        0.044          -1.760
712                        0.052          -1.720
713                        0.040          -1.720
714                        0.052          -1.640
715                        0.044          -1.640
716                        0.056          -1.600
717                        0.048          -1.600
718                        0.060          -1.520
719                        0.052          -1.520
720                        0.060          -1.480
721                        0.048          -1.480
722                        0.060          -1.400
723                        0.048          -1.400
724                        0.060          -1.360
725                        0.056          -1.360
726                        0.060          -1.280
727                        0.052          -1.280
728                        0.064          -1.240
729                        0.052          -1.200
730                        0.064          -1.160
731                        0.048          -1.160
732                        0.068          -1.080
733                        0.056          -1.080
734                        0.068          -1.040
735                        0.060          -1.000
736                        0.068          -0.960
737                        0.056          -0.960
738                        0.072          -0.880
739                        0.060          -0.880
740                        0.068          -0.800
741                        0.056          -0.800
742                        0.072          -0.760
743                        0.064          -0.720
744                        0.072          -0.680
745                        0.064          -0.680
746                        0.072          -0.600
747                        0.060          -0.600
748                        0.072          -0.520
749                        0.064          -0.520
750                        0.072          -0.440
751                        0.064          -0.440
752                        0.072          -0.400
753                        0.064          -0.360
754                        0.076          -0.320
755                        0.064          -0.320
756                        0.072          -0.240
757                        0.064          -0.240
758                        0.076          -0.160
759                        0.064          -0.160
760                        0.076          -0.080
761                        0.064          -0.080
762                        0.080           0.000
763                        0.064           0.000
764                        0.076           0.080
765                        0.064           0.080
766                        0.076           0.120
767                        0.064           0.160
768                        0.080           0.200
769                        0.064           0.200
770                        0.072           0.280
771                        0.064           0.280
772                        0.080           0.360
773                        0.064           0.360
774                        0.076           0.440
775                        0.060           0.440
776                        0.072           0.480
777                        0.064           0.480
778                        0.080           0.560
779                        0.064           0.560
780                        0.076           0.640
781                        0.064           0.640
782                        0.072           0.720
783                        0.060           0.720
784                        0.072           0.760
785                        0.064           0.800
786                        0.072           0.840
787                        0.060           0.840
788                        0.076           0.920
789                        0.060           0.920
790                        0.076           1.000
791                        0.060           1.000
792                        0.072           1.040
793                        0.060           1.040
794                        0.072           1.120
795                        0.060           1.120
796                        0.072           1.160
797                        0.060           1.200
798                        0.072           1.240
799                        0.056           1.240
800                        0.068           1.320
801                        0.056           1.320
802                        0.068           1.360
803                        0.056           1.360
804                        0.068           1.440
805                        0.056           1.440
806                        0.064           1.480
807                        0.052           1.480
808                        0.064           1.560
809                        0.048           1.560
810                        0.064           1.600
811                        0.052           1.600
812                        0.064           1.640
813                        0.052           1.640
814                        0.060           1.720
815                        0.044           1.720
816                        0.056           1.760
817                        0.044           1.760
818                        0.056           1.800
819                        0.044           1.800
820                        0.056           1.840
821                        0.044           1.840
822                        0.060           1.920
823                        0.040           1.920
824                        0.056           1.960
825                        0.040           1.960
826                        0.052           2.000
827                        0.036           2.000
828                        0.052           2.040
829                        0.040           2.040
830                        0.048           2.080
831                        0.036           2.080
832                        0.048           2.120
833                        0.036           2.120
834                        0.040           2.160
835                        0.032           2.160
836                        0.044           2.160
837                        0.028           2.160
838                        0.040           2.200
839                        0.032           2.200
840                        0.040           2.240
841                        0.028           2.240
842                        0.040           2.280
843                        0.024           2.280
844                        0.036           2.280
845                        0.024           2.280
846                        0.036           2.320
847                        0.020           2.320
848                        0.036           2.360
849                        0.020           2.320
850                        0.028           2.360
851                        0.016           2.360
852                        0.028           2.360
853                        0.016           2.360
854                        0.028           2.400
855                        0.016           2.400
856                        0.024           2.400
857                        0.008           2.400
858                        0.028           2.400
859                        0.000           2.400
860                        0.028           2.440
861                        0.004           2.440
862                        0.024           2.440
863                        0.004           2.440
864                        0.016           2.440
865                        0.004           2.440
866                        0.016           2.440
867                       -0.008           2.440
868                        0.016           2.440
869                       -0.008           2.440
870                        0.016           2.440
871                       -0.004           2.440
872                        0.012           2.440
873                       -0.004           2.400
874                        0.008           2.440
875                       -0.008           2.400
876                        0.004           2.440
877                       -0.012           2.400
878                        0.000           2.400
879                       -0.012           2.400
880                        0.000           2.400
881                       -0.012           2.360
882                        0.000           2.400
883                       -0.016           2.360
884                       -0.004           2.360
885                       -0.016           2.320
886                       -0.008           2.360
887                       -0.024           2.320
888                       -0.008           2.320
889                       -0.020           2.280
890                       -0.008           2.320
891                       -0.024           2.280
892                       -0.012           2.280
893                       -0.024           2.240
894                       -0.016           2.280
895                       -0.032           2.200
896                       -0.016           2.240
897                       -0.028           2.200
898                       -0.020           2.200
899                       -0.032           2.160
900                       -0.020           2.160
901                       -0.032           2.120
902                       -0.024           2.160
903                       -0.036           2.080
904                       -0.028           2.120
905                       -0.036           2.040
906                       -0.024           2.080
907                       -0.040           2.000
908                       -0.024           2.040
909                       -0.040           1.960
910                       -0.028           2.000
911                       -0.044           1.920
912                       -0.032           1.960
913                       -0.044           1.840
914                       -0.036           1.920
915                       -0.048           1.800
916                       -0.028           1.880
917                       -0.048           1.760
918                       -0.036           1.800
919                       -0.052           1.720
920                       -0.040           1.760
921                       -0.052           1.680
922                       -0.040           1.720
923                       -0.048           1.600
924                       -0.040           1.640
925                       -0.052           1.560
926                       -0.044           1.600
927                       -0.056           1.480
928                       -0.044           1.560
929                       -0.060           1.440
930                       -0.048           1.480
931                       -0.060           1.360
932                       -0.048           1.440
933                       -0.060           1.320
934                       -0.048           1.360
935                       -0.064           1.240
936                       -0.048           1.320
937                       -0.064           1.200
938                       -0.048           1.240
939                       -0.060           1.120
940                       -0.052           1.200
941                       -0.064           1.080
942                       -0.048           1.120
943                       -0.064           1.000
944                       -0.056           1.040
945                       -0.068           0.920
946                       -0.052           1.000
947                       -0.068           0.880
948                       -0.056           0.920
949                       -0.064           0.800
950                       -0.060           0.880
951                       -0.068           0.720
952                       -0.056           0.800
953                       -0.072           0.640
954                       -0.060           0.720
955                       -0.072           0.600
956                       -0.060           0.640
957                       -0.068           0.520
958                       -0.060           0.600
959                       -0.072           0.440
960                       -0.056           0.520
961                       -0.072           0.360
962                       -0.060           0.440
963                       -0.076           0.280
964                       -0.060           0.360
965                       -0.072           0.200
966                       -0.064           0.280
967                       -0.076           0.160
968                       -0.060           0.240
969                       -0.076           0.080
970                       -0.064           0.160
971                       -0.076           0.000
972                       -0.064           0.080
973                       -0.072          -0.080
974                       -0.064           0.000
975                       -0.076          -0.160
976                       -0.064          -0.080
977                       -0.076          -0.200
978                       -0.064          -0.160
979                       -0.076          -0.280
980                       -0.068          -0.240
981                       -0.072          -0.360
982                       -0.064          -0.280
983                       -0.072          -0.440
984                       -0.068          -0.360
985                       -0.076          -0.520
986                       -0.060          -0.440
987                       -0.076          -0.600
988                       -0.068          -0.520
989                       -0.076          -0.640
990                       -0.064          -0.600
991                       -0.072          -0.720
992                       -0.064          -0.680
993                       -0.076          -0.800
994                       -0.064          -0.720
995                       -0.072          -0.880
996                       -0.060          -0.800
997                       -0.076          -0.960
998                       -0.064          -0.880
999                       -0.072          -1.000
1000                      -0.060          -0.960
1001                      -0.072          -1.080
1002                      -0.060          -1.000
1003                      -0.072          -1.120
1004                      -0.060          -1.080
1005                      -0.072          -1.200
1006                      -0.060          -1.160
1007                      -0.072          -1.280
1008                      -0.060          -1.200
1009                      -0.068          -1.320
1010                      -0.056          -1.280
1011                      -0.068          -1.400
1012                      -0.056          -1.360
1013                      -0.068          -1.480
1014                      -0.060          -1.400
1015                      -0.068          -1.520
1016                      -0.052          -1.480
1017                      -0.064          -1.600
1018                      -0.052          -1.520
1019                      -0.064          -1.640
1020                      -0.052          -1.600
1021                      -0.060          -1.680
1022                      -0.052          -1.640
1023                      -0.064          -1.760
1024                      -0.052          -1.720
1025                      -0.064          -1.800
1026                      -0.048          -1.760
1027                      -0.060          -1.840
1028                      -0.044          -1.800
1029                      -0.056          -1.920
1030                      -0.048          -1.840
1031                      -0.060          -1.960
1032                      -0.044          -1.920
1033                      -0.052          -2.000
1034                      -0.044          -1.960
1035                      -0.052          -2.040
1036                      -0.040          -2.000
1037                      -0.048          -2.080
1038                      -0.044          -2.040
1039                      -0.052          -2.120
1040                      -0.040          -2.080
1041                      -0.048          -2.160
1042                      -0.040          -2.160
1043                      -0.044          -2.200
1044                      -0.032          -2.160
1045                      -0.044          -2.240
1046                      -0.036          -2.200
1047                      -0.044          -2.280
1048                      -0.032          -2.240
1049                      -0.040          -2.320
1050                      -0.032          -2.280
1051                      -0.040          -2.360
1052                      -0.028          -2.320
1053                      -0.040          -2.360
1054                      -0.028          -2.360
1055                      -0.036          -2.400
1056                      -0.028          -2.360
1057                      -0.040          -2.440
1058                      -0.020          -2.400
1059                      -0.032          -2.440
1060                      -0.020          -2.440
1061                      -0.028          -2.480
1062                      -0.020          -2.440
1063                      -0.028          -2.480
1064                      -0.020          -2.480
1065                      -0.028          -2.520
1066                      -0.016          -2.480
1067                      -0.024          -2.520
1068                      -0.016          -2.520
1069                      -0.020          -2.520
1070                      -0.012          -2.520
1071                      -0.020          -2.560
1072                      -0.008          -2.520
1073                      -0.020          -2.560
1074                      -0.008          -2.520
1075                      -0.020          -2.560
1076                      -0.008          -2.560
1077                      -0.016          -2.560
1078                      -0.004          -2.560
1079                      -0.012          -2.560
1080                       0.000          -2.560
1081                      -0.012          -2.560
1082                       0.000          -2.560
1083                      -0.012          -2.560
1084                       0.004          -2.560
1085                      -0.004          -2.560
1086                       0.004          -2.560
1087                      -0.004          -2.560
1088                       0.012          -2.520
1089                       0.000          -2.560
1090                       0.008          -2.520
1091                       0.000          -2.520
1092                       0.008          -2.520
1093                       0.004          -2.520
1094                       0.012          -2.480
1095                       0.004          -2.520
1096                       0.020          -2.480
1097                       0.008          -2.480
1098                       0.016          -2.480
1099                       0.008          -2.480
1100                       0.020          -2.440
1101                       0.012          -2.440
1102                       0.020          -2.440
1103                       0.012          -2.440
1104                       0.024          -2.400
1105                       0.012          -2.400
1106                       0.028          -2.360
1107                       0.016          -2.360
1108                       0.024          -2.360
1109                       0.016          -2.360
1110                       0.028          -2.320
1111                       0.020          -2.320
1112                       0.032          -2.280
1113                       0.020          -2.280
1114                       0.036          -2.240
1115                       0.024          -2.240
1116                       0.036          -2.200
1117                       0.024          -2.200
1118                       0.036          -2.160
1119                       0.028          -2.160
1120                       0.036          -2.120
1121                       0.032          -2.120
1122                       0.040          -2.080
1123                       0.032          -2.080
1124                       0.040          -2.040
1125                       0.032          -2.040
1126                       0.044          -2.000
1127                       0.036          -2.000
1128                       0.044          -1.960
1129                       0.036          -1.960
1130                       0.048          -1.920
1131                       0.040          -1.880
1132                       0.048          -1.840
1133                       0.040          -1.840
1134                       0.052          -1.800
1135                       0.040          -1.800
1136                       0.052          -1.760
1137                       0.044          -1.760
1138                       0.056          -1.680
1139                       0.044          -1.680
1140                       0.056          -1.640
1141                       0.048          -1.640
1142                       0.056          -1.560
1143                       0.044          -1.560
1144                       0.060          -1.520
1145                       0.044          -1.520
1146                       0.064          -1.480
1147                       0.052          -1.440
1148                       0.064          -1.400
1149                       0.052          -1.400
1150                       0.060          -1.320
1151                       0.052          -1.320
1152                       0.060          -1.280
1153                       0.056          -1.280
1154                       0.060          -1.200
1155                       0.056          -1.200
1156                       0.068          -1.120
1157                       0.056          -1.120
1158                       0.064          -1.080
1159                       0.052          -1.080
1160                       0.068          -1.000
1161                       0.056          -1.000
1162                       0.068          -0.960
1163                       0.056          -0.920
1164                       0.068          -0.880
1165                       0.060          -0.880
1166                       0.072          -0.800
1167                       0.060          -0.800
1168                       0.072          -0.720
1169                       0.060          -0.720
1170                       0.068          -0.640
1171                       0.064          -0.640
1172                       0.072          -0.600
1173                       0.060          -0.600
1174                       0.076          -0.520
1175                       0.060          -0.520
1176                       0.076          -0.440
1177                       0.064          -0.440
1178                       0.072          -0.360
1179                       0.064          -0.360
1180                       0.072          -0.280
1181                       0.068          -0.280
1182                       0.076          -0.200
1183                       0.064          -0.200
1184                       0.076          -0.160
1185                       0.064          -0.120
1186                       0.072          -0.080
1187                       0.068          -0.080
1188                       0.072           0.000
1189                       0.064           0.000
1190                       0.076           0.080
1191                       0.064           0.080
1192                       0.076           0.160
1193                       0.064           0.160
1194                       0.076           0.200
1195                       0.064           0.240
1196                       0.076           0.320
1197                       0.064           0.280
1198                       0.080           0.360
1199                       0.064           0.360
1200                       0.076           0.440
1201                       0.064           0.440
1202                       0.076           0.520
1203                       0.064           0.520
1204                       0.076           0.600
1205                       0.064           0.600
1206                       0.076           0.640
1207                       0.064           0.680
1208                       0.076           0.720
1209                       0.064           0.720
1210                       0.076           0.800
1211                       0.060           0.800
1212                       0.068           0.880
1213                       0.060           0.880
1214                       0.072           0.920
1215                       0.060           0.920
1216                       0.072           1.000
1217                       0.064           1.000
1218                       0.068           1.080
1219                       0.056           1.080
1220                       0.068           1.120
1221                       0.060           1.120
1222                       0.068           1.200
1223                       0.056           1.200
1224                       0.072           1.240
1225                       0.056           1.280
1226                       0.068           1.320
1227                       0.052           1.320
1228                       0.068           1.360
1229                       0.052           1.400
1230                       0.064           1.440
1231                       0.056           1.440
1232                       0.064           1.480
1233                       0.056           1.520
1234                       0.064           1.560
1235                       0.052           1.560
1236                       0.064           1.600
1237                       0.048           1.600
1238                       0.060           1.680
1239                       0.048           1.680
1240                       0.060           1.720
1241                       0.048           1.720
1242                       0.060           1.760
1243                       0.044           1.760
1244                       0.060           1.800
1245                       0.040           1.800
1246                       0.056           1.880
1247                       0.044           1.880
1248                       0.052           1.920
1249                       0.044           1.920
1250                       0.052           1.960
1251                       0.044           1.960
1252                       0.052           2.000
1253                       0.036           2.000
1254                       0.052           2.040
1255                       0.032           2.040
1256                       0.048           2.080
1257                       0.032           2.080
1258                       0.048           2.120
1259                       0.032           2.120
1260                       0.048           2.160
1261                       0.032           2.160
1262                       0.044           2.200
1263                       0.028           2.200
1264                       0.040           2.200
1265                       0.028           2.200
1266                       0.040           2.240
1267                       0.028           2.240
1268                       0.040           2.280
1269                       0.024           2.280
1270                       0.036           2.280
1271                       0.024           2.280
1272                       0.032           2.320
1273                       0.024           2.320
1274                       0.028           2.320
1275                       0.020           2.320
1276                       0.032           2.360
1277                       0.016           2.360
1278                       0.024           2.360
1279                       0.004           2.360
1280                       0.032           2.400
1281                       0.012           2.400
1282                       0.028           2.400
1283                       0.008           2.400
1284                       0.028           2.400
1285                       0.008           2.400
1286                       0.020           2.440
1287                       0.008           2.400
1288                       0.016           2.440
1289                      -0.004           2.440
1290                       0.016           2.440
1291                       0.004           2.440
1292                       0.012           2.440
1293                       0.004           2.440
1294                       0.016           2.440
1295                       0.000           2.440
1296                       0.008           2.440
1297                      -0.004           2.440
1298                       0.004           2.440
1299                      -0.004           2.400
1300                       0.008           2.440
1301                      -0.004           2.400
1302                       0.004           2.440
1303                      -0.008           2.400
1304                       0.008           2.400
1305                      -0.012           2.400
1306                      -0.004           2.400
1307                      -0.016           2.360
1308                       0.000           2.400
1309                      -0.016           2.360
1310                      -0.004           2.360
1311                      -0.016           2.320
1312                      -0.008           2.360
1313                      -0.020           2.320
1314                      -0.008           2.360
1315                      -0.024           2.280
1316                      -0.012           2.320
1317                      -0.024           2.280
1318                      -0.008           2.280
1319                      -0.024           2.240
1320                      -0.012           2.280
1321                      -0.028           2.200
1322                      -0.016           2.240
1323                      -0.032           2.160
1324                      -0.020           2.200
1325                      -0.032           2.160
1326                      -0.020           2.160
1327                      -0.032           2.120
1328                      -0.024           2.120
1329                      -0.036           2.080
1330                      -0.024           2.120
1331                      -0.036           2.040
1332                      -0.028           2.080
1333                      -0.040           2.000
1334                      -0.028           2.040
1335                      -0.040           1.960
1336                      -0.032           2.000
1337                      -0.040           1.920
1338                      -0.028           1.960
1339                      -0.048           1.840
1340                      -0.032           1.880
1341                      -0.044           1.800
1342                      -0.036           1.840
1343                      -0.048           1.760
1344                      -0.036           1.800
1345                      -0.048           1.720
1346                      -0.040           1.760
1347                      -0.052           1.640
1348                      -0.036           1.680
1349                      -0.056           1.600
1350                      -0.044           1.640
1351                      -0.052           1.560
1352                      -0.044           1.600
1353                      -0.056           1.480
1354                      -0.048           1.520
1355                      -0.060           1.440
1356                      -0.044           1.480
1357                      -0.060           1.360
1358                      -0.048           1.400
1359                      -0.060           1.320
1360                      -0.048           1.360
1361                      -0.056           1.240
1362                      -0.052           1.320
1363                      -0.064           1.200
1364                      -0.052           1.240
1365                      -0.068           1.120
1366                      -0.052           1.160
1367                      -0.064           1.040
1368                      -0.056           1.120
1369                      -0.068           1.000
1370                      -0.052           1.040
1371                      -0.064           0.920
1372                      -0.056           0.960
1373                      -0.072           0.840
1374                      -0.056           0.920
1375                      -0.068           0.760
1376                      -0.060           0.840
1377                      -0.068           0.720
1378                      -0.056           0.760
1379                      -0.068           0.640
1380                      -0.056           0.680
1381                      -0.072           0.560
1382                      -0.060           0.640
1383                      -0.072           0.480
1384                      -0.064           0.560
1385                      -0.072           0.440
1386                      -0.060           0.480
1387                      -0.072           0.360
1388                      -0.060           0.400
1389                      -0.072           0.280
1390                      -0.060           0.360
1391                      -0.072           0.200
1392                      -0.064           0.280
1393                      -0.076           0.120
1394                      -0.064           0.200
1395                      -0.072           0.080
1396                      -0.060           0.120
1397                      -0.080          -0.040
1398                      -0.064           0.040
1399                      -0.076          -0.080
1400                      -0.064          -0.040
1401                      -0.076          -0.160
1402                      -0.064          -0.080
1403                      -0.076          -0.240
1404                      -0.060          -0.160
1405                      -0.072          -0.320
1406                      -0.064          -0.240
1407                      -0.076          -0.400
1408                      -0.064          -0.320
1409                      -0.076          -0.440
1410                      -0.064          -0.400
1411                      -0.076          -0.520
1412                      -0.064          -0.480
1413                      -0.072          -0.600
1414                      -0.064          -0.520
1415                      -0.076          -0.680
1416                      -0.064          -0.600
1417                      -0.076          -0.760
1418                      -0.064          -0.680
1419                      -0.076          -0.800
1420                      -0.064          -0.760
1421                      -0.068          -0.880
1422                      -0.064          -0.840
1423                      -0.072          -0.960
1424                      -0.060          -0.880
1425                      -0.076          -1.040
1426                      -0.064          -0.960
1427                      -0.076          -1.080
1428                      -0.060          -1.040
1429                      -0.072          -1.160
1430                      -0.060          -1.080
1431                      -0.068          -1.240
1432                      -0.056          -1.160
1433                      -0.072          -1.280
1434                      -0.056          -1.240
1435                      -0.068          -1.360
1436                      -0.056          -1.280
1437                      -0.064          -1.400
1438                      -0.056          -1.360
1439                      -0.064          -1.480
1440                      -0.060          -1.400
1441                      -0.064          -1.560
1442                      -0.052          -1.480
1443                      -0.064          -1.600
1444                      -0.052          -1.560
1445                      -0.064          -1.640
1446                      -0.052          -1.600
1447                      -0.060          -1.720
1448                      -0.048          -1.640
1449                      -0.064          -1.760
1450                      -0.048          -1.720
1451                      -0.060          -1.800
1452                      -0.052          -1.760
1453                      -0.060          -1.880
1454                      -0.048          -1.840
1455                      -0.056          -1.920
1456                      -0.044          -1.880
1457                      -0.056          -1.960
1458                      -0.044          -1.920
1459                      -0.056          -2.000
1460                      -0.044          -1.960
1461                      -0.052          -2.080
1462                      -0.040          -2.000
1463                      -0.052          -2.120
1464                      -0.036          -2.080
1465                      -0.048          -2.160
1466                      -0.040          -2.120
1467                      -0.048          -2.200
1468                      -0.036          -2.160
1469                      -0.048          -2.240
1470                      -0.040          -2.200
1471                      -0.044          -2.240
1472                      -0.032          -2.240
1473                      -0.040          -2.280
1474                      -0.032          -2.240
1475                      -0.044          -2.320
1476                      -0.028          -2.280
1477                      -0.040          -2.360
1478                      -0.032          -2.320
1479                      -0.040          -2.400
1480                      -0.024          -2.360
1481                      -0.036          -2.400
1482                      -0.024          -2.400
1483                      -0.036          -2.440
1484                      -0.024          -2.400
1485                      -0.032          -2.480
1486                      -0.024          -2.440
1487                      -0.032          -2.480
1488                      -0.020          -2.440
1489                      -0.028          -2.480
1490                      -0.012          -2.480
1491                      -0.028          -2.520
1492                      -0.016          -2.480
1493                      -0.024          -2.520
1494                      -0.012          -2.520
1495                      -0.024          -2.520
1496                      -0.012          -2.520
1497                      -0.020          -2.560
1498                      -0.004          -2.520
1499                      -0.016          -2.560
1500                      -0.008          -2.560
1501                      -0.012          -2.560
1502                      -0.008          -2.560
1503                      -0.016          -2.560
1504                      -0.004          -2.560
1505                      -0.012          -2.560
1506                       0.000          -2.560
1507                      -0.008          -2.560
1508                       0.004          -2.560
1509                      -0.008          -2.560
1510                       0.004          -2.560
1511                      -0.008          -2.560
1512                       0.004          -2.560
1513                      -0.004          -2.560
1514                       0.008          -2.520
1515                       0.000          -2.560
1516                       0.012          -2.520
1517                       0.000          -2.520
1518                       0.012          -2.520
1519                       0.000          -2.520
1520                       0.012          -2.480
