100000 0.029599999999999998 0.08333231125906575 1.2000858574765734 -63.985264954531104
40000 0.028000000000000004 -1.7595431764569376 -0.13821402406376124 87.10468236634792
41000 0.0256 -1.9994909091400443 -0.3767750192129243 87.02522815836056
42000 0.028000000000000004 -2.243819243595148 -0.6162148647437915 86.74513837480538
43000 0.028000000000000004 -2.4866835081417453 -0.8555943226412337 86.54547366138965
44000 0.027200000000000002 -2.729708269461734 -1.0934009287519453 86.24649539105388
45000 0.029599999999999998 -2.978032486795255 -1.3360672759716323 85.92232331249798
46000 0.0312 -3.21778869241701 1.5694015307708393 85.71420448504563
47000 0.0312 2.8143603297275313 1.328054458314328 85.15905349749059
48000 0.0328 2.5716914098228307 1.0884738346946723 84.98210715447158
49000 0.0344 2.3242394234275476 0.8486490877848898 84.54509852261687
50000 0.036 2.0765748391624332 0.610226882066883 84.01554923920534
51000 0.0368 1.8308166000074664 0.370645129427493 83.66166262964332
52000 0.0392 1.5762619056616245 0.12682814472322226 83.04643718554436
53000 0.0416 1.3334539796215137 -0.10804786274593133 82.59197172798709
54000 0.044 1.0800742040755993 -0.3482387627648866 81.83630482376894
55000 0.0448 0.8267085156119405 -0.5888877610384461 81.10769214650082
56000 0.048 0.5758857390674313 -0.8273012676187309 80.39669335071233
57000 0.052000000000000005 0.3186266499603276 -1.0683863464510621 79.46999082416663
58000 0.054400000000000004 0.061549453591614456 -1.306965425959709 78.41012679914505
59000 0.058399999999999994 -0.19518871738608257 1.5969083763249532 77.32040005269685
60000 0.0608 -1.9281110789056248 1.358876453615799 -8.330512925598015
61000 0.0664 -2.2416516372003072 1.117500576242698 -12.465244572312884
62000 0.0712 0.6304047691734677 0.8777432677136812 -14.171452077456907
63000 0.07680000000000001 1.8622763088680119 0.6390151157040777 70.08770361043078
64000 0.0848 1.5767712958129403 0.3978990333593491 67.54440522362948
65000 0.092 1.2805864100763602 0.1591417706348562 64.25404479756853
66000 0.1 0.9721537322648802 -0.08360821899567078 60.49070397772609
66500 0.1072 0.8157080059035251 -0.1993185094317514 58.15673542258227
67000 0.11129032258064517 0.6552021959253593 -0.31871826416729415 55.80153194474836
67500 0.11612903225806451 0.48416817224997744 -0.4399508807077428 52.94812150210399
68000 0.12276422764227642 0.3104264662742093 -0.5609577926622554 49.92664037119431
68500 0.12845528455284552 0.13019894713017544 -0.6818047210705724 46.524383137044104
69000 0.13577235772357724 -0.05108834767200422 -0.7983646375988661 42.81577754300366
69500 0.14065040650406505 -0.24624100413035607 -0.9204269846999343 38.62801129352576
70000 0.14715447154471545 -0.44303897836410266 -1.0385308321364193 34.119169955575316
70200 0.14796747967479676 -0.5235016199747208 -1.0879023985517322 32.337782566360445
70400 0.14959349593495935 -0.6039725936979324 -1.1328389959151333 30.301812773313852
70600 0.15203252032520326 -0.6864745372079051 -1.1800384531976924 28.279129306164343
70800 0.15528455284552847 -0.7705295161886999 -1.2268352815977206 26.144394525423515
71000 0.15655737704918032 -0.8595610284473945 -1.2794820896357908 24.05970453474991
71200 0.15737704918032788 -0.9413214415839196 -1.3234170624355497 21.892466445229296
71400 0.1581967213114754 -1.028919435867335 -1.372448850293341 19.682785585210716
71600 0.15901639344262297 -1.114159703234721 -1.4183169118899848 17.426924364426565
71800 0.16280991735537192 -1.2011031562475472 -1.4665355312656303 15.208154834669873
72000 0.16229508196721312 -1.293456539838284 -1.5188951777223172 12.916682489933173
72200 0.16065573770491803 1.7631669737162807 1.5781004759224382 10.603529252854338
72400 0.16280991735537192 1.674729893276881 1.5290999380685881 8.343981804114405
72600 0.16446280991735537 1.5851771950987446 1.4800842537756955 6.021381994426715
72800 0.1603305785123967 1.4995948740846403 1.4351559216554854 3.692080010434858
73000 0.16280991735537192 1.410422466367939 1.3855543795817724 1.4248364174123969
73200 0.15950413223140497 1.3239276033772092 1.3381856451560739 -0.8169256180501476
73400 0.15901639344262297 1.2392141650479787 1.2927884887403192 -3.0695826378388436
73600 0.1557377049180328 1.1516139418299933 1.2418788112450645 -5.171796055783086
73800 0.15327868852459017 1.0676205035138244 1.195046376981118 -7.300964750443976
74000 0.15327868852459017 0.9805466079096318 1.1451773849522255 -9.432648702499868
74200 0.15163934426229508 0.8979990943514962 1.0982404381800348 -11.472983885403258
74400 0.14715447154471545 0.8149994262245828 1.0483928783000211 -13.372459769911464
74600 0.14552845528455285 0.7366089725931133 1.0034098432772718 -15.286563860617933
74800 0.14308943089430895 0.6572217947484676 0.9566299670178509 -17.15482462276155
75000 0.13983739837398373 0.575961596684638 0.906370494826976 -18.931035377123873
75200 0.13821138211382114 0.49828352952382776 0.8587469042703089 -20.65303004201595
75400 0.13577235772357724 0.41955151040058164 0.8105467033194009 -22.402374364151758
75600 0.13495934959349595 0.34411207489874607 0.7631721477662676 -24.010373537753726
75800 0.13008130081300814 0.26827152290844014 0.7145346004921199 -25.56899089806407
76000 0.12926829268292683 0.19543317424337853 0.6671345269598342 -27.02649670126472
76500 0.12195121951219512 0.014249385731635152 0.546193828018377 -30.478171478470706
77000 0.11788617886178861 -0.15706542168614807 0.42902031235748184 -33.58023899352682
77500 0.11138211382113822 -0.330263839805751 0.30764178442393575 -36.54929999601928
78000 0.10569105691056911 -0.49183459976545074 0.18848774519446607 -38.97959907464653
79000 0.0967741935483871 -0.8061612915529465 -0.04990893494075104 -43.330068280701255
80000 0.0872 -1.1086106352886462 -0.29068940346851085 -46.86343455743517
81000 0.0784 -1.39767687942913 -0.528288088707969 -49.81230846430492
82000 0.072 -1.6800745668683463 -0.767517944302218 -52.285643039751974
83000 0.0664 -1.9537035647828191 -1.0085609760334393 -54.152681373408306
84000 0.0624 -2.221824753833198 -1.2471792127935988 -55.8430760228137
85000 0.058399999999999994 -2.485173058340229 -1.4861196338373002 -57.24154473210966
86000 0.055200000000000006 -0.8746749117551234 1.415748618385689 48.768398425476335
87000 0.0512 0.13680139209702066 1.1737740638952743 -59.41415756444462
88000 0.048 -0.11379582402664933 0.9381816400464991 -60.27386883426659
89000 0.0456 -0.36706430253905475 0.6959345176197784 -60.90534602248715
90000 0.0432 -0.6212940544811617 0.45524697404913467 -61.68125740745872
91000 0.040799999999999996 -0.8679176564499202 0.21657203863966015 -62.13668245406247
92000 0.038400000000000004 2.0221999442362764 -0.024410419828269744 -62.73786383136864
93000 0.0376 -1.3571589689878993 -0.2587374748188002 -62.934915742343144
94000 0.035199999999999995 -1.608245991687685 -0.5017953836391525 -63.39495008086459
95000 0.033600000000000005 -1.8502412332253624 -0.7413550134643532 -63.53450035252214
96000 0.032 2.3042178414973207 -0.9803116820780579 8.18967938698421
97000 0.03015873015873016 2.086406957142331 -1.2177622494646916 9.314950335672108
98000 0.029599999999999998 1.8699904872756108 -1.459945867119917 10.791299154043344
99000 0.0288 0.3266131135260928 1.4444236836950988 -64.0458279657962
