                     CH2(Unit:V)     CH3(Unit:V)
Frequency:            60.000 kHz      60.000 kHz
Period:                16.667 uS       16.667 uS
PK-PK:                     304mV           5.00V
1                         -0.068          -2.520
2                         -0.056          -2.520
3                         -0.060          -2.520
4                         -0.052          -2.520
5                         -0.052          -2.560
6                         -0.048          -2.520
7                         -0.048          -2.560
8                         -0.040          -2.560
9                         -0.048          -2.560
10                        -0.036          -2.560
11                        -0.040          -2.560
12                        -0.028          -2.560
13                        -0.032          -2.560
14                        -0.024          -2.560
15                        -0.028          -2.560
16                        -0.020          -2.560
17                        -0.024          -2.560
18                        -0.012          -2.520
19                        -0.020          -2.520
20                        -0.008          -2.520
21                        -0.012          -2.520
22                        -0.004          -2.520
23                        -0.008          -2.520
24                         0.000          -2.480
25                        -0.004          -2.480
26                         0.008          -2.440
27                         0.004          -2.440
28                         0.016          -2.440
29                         0.012          -2.440
30                         0.016          -2.400
31                         0.016          -2.400
32                         0.024          -2.360
33                         0.020          -2.360
34                         0.032          -2.320
35                         0.024          -2.320
36                         0.036          -2.280
37                         0.032          -2.280
38                         0.040          -2.240
39                         0.036          -2.240
40                         0.048          -2.200
41                         0.040          -2.200
42                         0.052          -2.120
43                         0.044          -2.120
44                         0.056          -2.080
45                         0.052          -2.080
46                         0.064          -2.040
47                         0.056          -2.040
48                         0.068          -1.960
49                         0.056          -1.960
50                         0.072          -1.920
51                         0.060          -1.880
52                         0.080          -1.840
53                         0.064          -1.840
54                         0.088          -1.760
55                         0.068          -1.760
56                         0.088          -1.720
57                         0.080          -1.680
58                         0.096          -1.640
59                         0.076          -1.640
60                         0.100          -1.560
61                         0.088          -1.560
62                         0.100          -1.480
63                         0.092          -1.480
64                         0.108          -1.400
65                         0.096          -1.400
66                         0.108          -1.320
67                         0.104          -1.320
68                         0.112          -1.240
69                         0.104          -1.240
70                         0.116          -1.160
71                         0.108          -1.160
72                         0.120          -1.080
73                         0.112          -1.080
74                         0.120          -1.000
75                         0.116          -0.960
76                         0.124          -0.880
77                         0.116          -0.880
78                         0.124          -0.800
79                         0.120          -0.800
80                         0.132          -0.720
81                         0.124          -0.720
82                         0.132          -0.640
83                         0.128          -0.600
84                         0.132          -0.520
85                         0.128          -0.520
86                         0.136          -0.440
87                         0.132          -0.440
88                         0.140          -0.360
89                         0.128          -0.360
90                         0.144          -0.240
91                         0.136          -0.240
92                         0.144          -0.160
93                         0.136          -0.160
94                         0.144          -0.080
95                         0.136          -0.080
96                         0.144           0.040
97                         0.140           0.040
98                         0.148           0.120
99                         0.140           0.120
100                        0.152           0.200
101                        0.140           0.200
102                        0.148           0.320
103                        0.140           0.320
104                        0.148           0.400
105                        0.140           0.400
106                        0.152           0.480
107                        0.140           0.480
108                        0.152           0.600
109                        0.144           0.600
110                        0.152           0.680
111                        0.140           0.680
112                        0.148           0.760
113                        0.140           0.760
114                        0.148           0.840
115                        0.140           0.840
116                        0.148           0.920
117                        0.136           0.960
118                        0.148           1.040
119                        0.136           1.040
120                        0.148           1.120
121                        0.136           1.120
122                        0.148           1.200
123                        0.136           1.200
124                        0.148           1.280
125                        0.132           1.280
126                        0.140           1.360
127                        0.132           1.360
128                        0.140           1.440
129                        0.128           1.440
130                        0.136           1.480
131                        0.128           1.520
132                        0.136           1.560
133                        0.128           1.560
134                        0.132           1.640
135                        0.124           1.640
136                        0.132           1.720
137                        0.120           1.720
138                        0.128           1.760
139                        0.116           1.800
140                        0.128           1.840
141                        0.116           1.840
142                        0.120           1.920
143                        0.112           1.880
144                        0.116           1.960
145                        0.104           1.960
146                        0.116           2.000
147                        0.100           2.000
148                        0.112           2.040
149                        0.096           2.080
150                        0.108           2.120
151                        0.096           2.120
152                        0.104           2.160
153                        0.092           2.160
154                        0.100           2.200
155                        0.084           2.200
156                        0.096           2.240
157                        0.080           2.240
158                        0.092           2.280
159                        0.076           2.280
160                        0.088           2.280
161                        0.072           2.320
162                        0.080           2.320
163                        0.068           2.320
164                        0.076           2.360
165                        0.064           2.360
166                        0.072           2.360
167                        0.060           2.360
168                        0.068           2.400
169                        0.052           2.400
170                        0.068           2.400
171                        0.044           2.400
172                        0.060           2.440
173                        0.040           2.400
174                        0.048           2.440
175                        0.036           2.440
176                        0.048           2.440
177                        0.032           2.440
178                        0.044           2.440
179                        0.024           2.440
180                        0.036           2.440
181                        0.020           2.440
182                        0.032           2.440
183                        0.016           2.400
184                        0.028           2.440
185                        0.012           2.400
186                        0.020           2.400
187                        0.000           2.400
188                        0.016           2.400
189                        0.000           2.360
190                        0.008           2.400
191                       -0.004           2.320
192                        0.004           2.360
193                       -0.008           2.320
194                        0.000           2.320
195                       -0.016           2.280
196                       -0.008           2.320
197                       -0.024           2.240
198                       -0.012           2.280
199                       -0.028           2.200
200                       -0.020           2.240
201                       -0.036           2.160
202                       -0.024           2.200
203                       -0.040           2.120
204                       -0.024           2.160
205                       -0.044           2.080
206                       -0.032           2.120
207                       -0.048           2.040
208                       -0.040           2.080
209                       -0.052           1.960
210                       -0.044           2.040
211                       -0.060           1.920
212                       -0.048           1.960
213                       -0.064           1.880
214                       -0.056           1.920
215                       -0.068           1.800
216                       -0.060           1.880
217                       -0.072           1.720
218                       -0.064           1.800
219                       -0.080           1.680
220                       -0.068           1.720
221                       -0.084           1.600
222                       -0.072           1.680
223                       -0.088           1.520
224                       -0.080           1.600
225                       -0.092           1.480
226                       -0.084           1.520
227                       -0.096           1.400
228                       -0.088           1.440
229                       -0.104           1.320
230                       -0.088           1.400
231                       -0.108           1.240
232                       -0.100           1.280
233                       -0.108           1.160
234                       -0.100           1.240
235                       -0.116           1.080
236                       -0.104           1.120
237                       -0.116           0.960
238                       -0.104           1.080
239                       -0.120           0.880
240                       -0.108           0.960
241                       -0.120           0.800
242                       -0.116           0.880
243                       -0.124           0.720
244                       -0.116           0.800
245                       -0.132           0.600
246                       -0.120           0.720
247                       -0.132           0.560
248                       -0.124           0.600
249                       -0.136           0.440
250                       -0.124           0.520
251                       -0.136           0.360
252                       -0.124           0.440
253                       -0.136           0.240
254                       -0.132           0.360
255                       -0.140           0.160
256                       -0.128           0.240
257                       -0.140           0.080
258                       -0.136           0.160
259                       -0.148           0.000
260                       -0.132           0.080
261                       -0.144          -0.120
262                       -0.136          -0.040
263                       -0.148          -0.200
264                       -0.140          -0.120
265                       -0.148          -0.320
266                       -0.140          -0.200
267                       -0.152          -0.400
268                       -0.140          -0.320
269                       -0.148          -0.480
270                       -0.140          -0.400
271                       -0.148          -0.600
272                       -0.140          -0.520
273                       -0.148          -0.680
274                       -0.144          -0.600
275                       -0.152          -0.760
276                       -0.140          -0.680
277                       -0.152          -0.840
278                       -0.136          -0.760
279                       -0.148          -0.960
280                       -0.140          -0.880
281                       -0.148          -1.040
282                       -0.140          -0.960
283                       -0.148          -1.120
284                       -0.140          -1.040
285                       -0.148          -1.200
286                       -0.136          -1.120
287                       -0.148          -1.280
288                       -0.136          -1.200
289                       -0.144          -1.360
290                       -0.136          -1.280
291                       -0.144          -1.440
292                       -0.132          -1.360
293                       -0.140          -1.520
294                       -0.132          -1.440
295                       -0.136          -1.600
296                       -0.128          -1.520
297                       -0.136          -1.680
298                       -0.128          -1.600
299                       -0.136          -1.760
300                       -0.124          -1.680
301                       -0.136          -1.800
302                       -0.124          -1.760
303                       -0.128          -1.880
304                       -0.116          -1.800
305                       -0.124          -1.920
306                       -0.116          -1.880
307                       -0.128          -2.000
308                       -0.112          -1.960
309                       -0.120          -2.040
310                       -0.108          -2.000
311                       -0.116          -2.120
312                       -0.104          -2.080
313                       -0.112          -2.160
314                       -0.104          -2.120
315                       -0.108          -2.200
316                       -0.100          -2.160
317                       -0.108          -2.280
318                       -0.092          -2.200
319                       -0.100          -2.320
320                       -0.092          -2.280
321                       -0.096          -2.360
322                       -0.088          -2.320
323                       -0.088          -2.400
324                       -0.080          -2.360
325                       -0.088          -2.400
326                       -0.076          -2.360
327                       -0.084          -2.440
328                       -0.072          -2.400
329                       -0.076          -2.480
330                       -0.068          -2.440
331                       -0.072          -2.480
332                       -0.064          -2.480
333                       -0.068          -2.520
334                       -0.060          -2.480
335                       -0.068          -2.520
336                       -0.052          -2.520
337                       -0.060          -2.560
338                       -0.048          -2.520
339                       -0.056          -2.560
340                       -0.040          -2.520
341                       -0.048          -2.560
342                       -0.040          -2.560
343                       -0.044          -2.560
344                       -0.036          -2.560
345                       -0.036          -2.560
346                       -0.028          -2.560
347                       -0.032          -2.560
348                       -0.016          -2.560
349                       -0.028          -2.560
350                       -0.012          -2.560
351                       -0.024          -2.560
352                       -0.016          -2.520
353                       -0.016          -2.520
354                       -0.008          -2.520
355                       -0.012          -2.520
356                        0.000          -2.480
357                       -0.004          -2.480
358                        0.008          -2.480
359                        0.000          -2.480
360                        0.008          -2.440
361                        0.004          -2.440
362                        0.012          -2.400
363                        0.008          -2.400
364                        0.024          -2.400
365                        0.016          -2.400
366                        0.028          -2.360
367                        0.024          -2.360
368                        0.032          -2.320
369                        0.028          -2.320
370                        0.036          -2.280
371                        0.032          -2.280
372                        0.044          -2.200
373                        0.040          -2.240
374                        0.048          -2.160
375                        0.044          -2.160
376                        0.052          -2.120
377                        0.052          -2.120
378                        0.056          -2.080
379                        0.052          -2.080
380                        0.060          -2.000
381                        0.060          -2.000
382                        0.068          -1.960
383                        0.064          -1.960
384                        0.072          -1.880
385                        0.072          -1.880
386                        0.076          -1.800
387                        0.072          -1.800
388                        0.084          -1.760
389                        0.076          -1.760
390                        0.088          -1.680
391                        0.080          -1.680
392                        0.092          -1.600
393                        0.088          -1.600
394                        0.096          -1.520
395                        0.092          -1.520
396                        0.096          -1.480
397                        0.092          -1.440
398                        0.108          -1.360
399                        0.100          -1.360
400                        0.108          -1.280
401                        0.104          -1.280
402                        0.112          -1.200
403                        0.108          -1.200
404                        0.112          -1.120
405                        0.108          -1.120
406                        0.120          -1.040
407                        0.112          -1.040
408                        0.120          -0.960
409                        0.120          -0.960
410                        0.124          -0.880
411                        0.120          -0.840
412                        0.128          -0.760
413                        0.120          -0.760
414                        0.132          -0.680
415                        0.128          -0.680
416                        0.132          -0.600
417                        0.128          -0.600
418                        0.136          -0.520
419                        0.128          -0.520
420                        0.140          -0.400
421                        0.128          -0.400
422                        0.140          -0.320
423                        0.132          -0.320
424                        0.140          -0.240
425                        0.136          -0.240
426                        0.144          -0.120
427                        0.136          -0.120
428                        0.148          -0.040
429                        0.136          -0.040
430                        0.148           0.040
431                        0.136           0.080
432                        0.148           0.160
433                        0.140           0.160
434                        0.148           0.240
435                        0.144           0.240
436                        0.148           0.320
437                        0.140           0.360
438                        0.148           0.440
439                        0.144           0.440
440                        0.148           0.520
441                        0.144           0.520
442                        0.148           0.600
443                        0.140           0.640
444                        0.152           0.720
445                        0.140           0.720
446                        0.148           0.800
447                        0.136           0.800
448                        0.152           0.880
449                        0.140           0.880
450                        0.148           0.960
451                        0.136           0.960
452                        0.148           1.040
453                        0.140           1.040
454                        0.148           1.120
455                        0.136           1.160
456                        0.144           1.200
457                        0.136           1.200
458                        0.144           1.320
459                        0.132           1.280
460                        0.144           1.360
461                        0.128           1.360
462                        0.140           1.440
463                        0.128           1.440
464                        0.136           1.520
465                        0.128           1.520
466                        0.132           1.600
467                        0.124           1.600
468                        0.132           1.680
469                        0.112           1.680
470                        0.132           1.720
471                        0.112           1.720
472                        0.132           1.800
473                        0.104           1.800
474                        0.132           1.840
475                        0.104           1.840
476                        0.124           1.920
477                        0.104           1.920
478                        0.124           1.960
479                        0.096           1.960
480                        0.116           2.000
481                        0.096           2.040
482                        0.112           2.080
483                        0.096           2.080
484                        0.108           2.120
485                        0.092           2.120
486                        0.104           2.160
487                        0.088           2.160
488                        0.104           2.200
489                        0.084           2.200
490                        0.096           2.240
491                        0.080           2.240
492                        0.088           2.280
493                        0.076           2.280
494                        0.084           2.320
495                        0.072           2.320
496                        0.080           2.320
497                        0.068           2.320
498                        0.076           2.360
499                        0.060           2.360
500                        0.068           2.360
501                        0.056           2.360
502                        0.072           2.400
503                        0.052           2.400
504                        0.060           2.400
505                        0.044           2.400
506                        0.056           2.440
507                        0.036           2.400
508                        0.048           2.440
509                        0.036           2.440
510                        0.048           2.440
511                        0.032           2.440
512                        0.044           2.440
513                        0.024           2.440
514                        0.032           2.440
515                        0.020           2.400
516                        0.032           2.440
517                        0.012           2.400
518                        0.024           2.440
519                        0.008           2.400
520                        0.020           2.400
521                        0.004           2.360
522                        0.012           2.400
523                       -0.004           2.360
524                        0.008           2.360
525                       -0.008           2.320
526                        0.000           2.360
527                       -0.012           2.320
528                        0.000           2.320
529                       -0.016           2.280
530                       -0.008           2.320
531                       -0.028           2.240
532                       -0.012           2.280
533                       -0.032           2.200
534                       -0.020           2.240
535                       -0.036           2.160
536                       -0.024           2.200
537                       -0.040           2.120
538                       -0.032           2.160
539                       -0.044           2.080
540                       -0.036           2.120
541                       -0.052           2.000
542                       -0.040           2.040
543                       -0.056           1.960
544                       -0.048           2.000
545                       -0.056           1.920
546                       -0.052           1.960
547                       -0.064           1.840
548                       -0.056           1.880
549                       -0.072           1.800
550                       -0.060           1.840
551                       -0.076           1.720
552                       -0.068           1.760
553                       -0.080           1.640
554                       -0.072           1.720
555                       -0.084           1.600
556                       -0.076           1.640
557                       -0.092           1.520
558                       -0.076           1.600
559                       -0.096           1.440
560                       -0.084           1.520
561                       -0.100           1.360
562                       -0.092           1.440
563                       -0.100           1.280
564                       -0.092           1.360
565                       -0.108           1.200
566                       -0.096           1.280
567                       -0.112           1.120
568                       -0.100           1.200
569                       -0.116           1.040
570                       -0.104           1.120
571                       -0.116           0.960
572                       -0.108           1.040
573                       -0.120           0.880
574                       -0.108           0.960
575                       -0.124           0.760
576                       -0.116           0.840
577                       -0.128           0.680
578                       -0.116           0.760
579                       -0.132           0.600
580                       -0.124           0.680
581                       -0.136           0.520
582                       -0.116           0.600
583                       -0.136           0.400
584                       -0.124           0.520
585                       -0.136           0.320
586                       -0.128           0.400
587                       -0.140           0.240
588                       -0.132           0.320
589                       -0.144           0.120
590                       -0.132           0.240
591                       -0.144           0.040
592                       -0.132           0.120
593                       -0.144          -0.040
594                       -0.136           0.040
595                       -0.144          -0.160
596                       -0.140          -0.080
597                       -0.144          -0.240
598                       -0.140          -0.160
599                       -0.148          -0.320
600                       -0.140          -0.240
601                       -0.152          -0.440
602                       -0.140          -0.360
603                       -0.152          -0.520
604                       -0.140          -0.440
605                       -0.148          -0.600
606                       -0.140          -0.520
607                       -0.148          -0.720
608                       -0.140          -0.640
609                       -0.152          -0.800
610                       -0.140          -0.720
611                       -0.152          -0.880
612                       -0.140          -0.800
613                       -0.152          -0.960
614                       -0.140          -0.880
615                       -0.148          -1.040
616                       -0.140          -1.000
617                       -0.144          -1.160
618                       -0.140          -1.080
619                       -0.148          -1.240
620                       -0.140          -1.160
621                       -0.148          -1.320
622                       -0.136          -1.240
623                       -0.144          -1.400
624                       -0.132          -1.320
625                       -0.140          -1.480
626                       -0.136          -1.400
627                       -0.140          -1.560
628                       -0.132          -1.480
629                       -0.140          -1.640
630                       -0.132          -1.560
631                       -0.136          -1.680
632                       -0.124          -1.640
633                       -0.132          -1.760
634                       -0.124          -1.680
635                       -0.132          -1.840
636                       -0.120          -1.760
637                       -0.128          -1.880
638                       -0.120          -1.840
639                       -0.128          -1.960
640                       -0.116          -1.920
641                       -0.120          -2.000
642                       -0.112          -1.960
643                       -0.120          -2.080
644                       -0.112          -2.040
645                       -0.116          -2.120
646                       -0.108          -2.080
647                       -0.112          -2.200
648                       -0.104          -2.120
649                       -0.108          -2.240
650                       -0.096          -2.200
651                       -0.100          -2.280
652                       -0.092          -2.240
653                       -0.104          -2.320
654                       -0.088          -2.280
655                       -0.096          -2.360
656                       -0.084          -2.320
657                       -0.092          -2.400
658                       -0.080          -2.360
659                       -0.084          -2.440
660                       -0.076          -2.400
661                       -0.084          -2.440
662                       -0.072          -2.440
663                       -0.076          -2.480
664                       -0.068          -2.440
665                       -0.072          -2.520
666                       -0.064          -2.480
667                       -0.064          -2.520
668                       -0.056          -2.520
669                       -0.064          -2.520
670                       -0.052          -2.520
671                       -0.060          -2.560
672                       -0.048          -2.520
673                       -0.052          -2.560
674                       -0.040          -2.560
675                       -0.044          -2.560
676                       -0.036          -2.560
677                       -0.040          -2.560
678                       -0.032          -2.560
679                       -0.036          -2.560
680                       -0.024          -2.560
681                       -0.032          -2.560
682                       -0.020          -2.560
683                       -0.024          -2.560
684                       -0.012          -2.520
685                       -0.020          -2.560
686                       -0.008          -2.520
687                       -0.016          -2.520
688                       -0.004          -2.520
689                       -0.012          -2.520
690                        0.000          -2.480
691                       -0.004          -2.480
692                        0.012          -2.480
693                        0.004          -2.480
694                        0.012          -2.440
695                        0.004          -2.440
696                        0.020          -2.400
697                        0.012          -2.400
698                        0.020          -2.360
699                        0.020          -2.360
700                        0.028          -2.320
701                        0.024          -2.320
702                        0.036          -2.280
703                        0.028          -2.280
704                        0.040          -2.240
705                        0.036          -2.240
706                        0.040          -2.200
707                        0.040          -2.200
708                        0.048          -2.160
709                        0.044          -2.160
710                        0.056          -2.080
711                        0.048          -2.080
712                        0.068          -2.040
713                        0.056          -2.040
714                        0.064          -2.000
715                        0.060          -2.000
716                        0.072          -1.920
717                        0.064          -1.920
718                        0.076          -1.880
719                        0.068          -1.880
720                        0.080          -1.800
721                        0.076          -1.800
722                        0.084          -1.720
723                        0.076          -1.720
724                        0.088          -1.680
725                        0.084          -1.640
726                        0.096          -1.600
727                        0.088          -1.560
728                        0.096          -1.520
729                        0.092          -1.520
730                        0.100          -1.440
731                        0.092          -1.440
732                        0.104          -1.360
733                        0.100          -1.360
734                        0.108          -1.280
735                        0.104          -1.280
736                        0.116          -1.200
737                        0.108          -1.160
738                        0.116          -1.120
739                        0.112          -1.080
740                        0.120          -1.000
741                        0.112          -1.000
742                        0.124          -0.920
743                        0.116          -0.920
744                        0.128          -0.840
745                        0.120          -0.840
746                        0.128          -0.760
747                        0.124          -0.720
748                        0.128          -0.640
749                        0.124          -0.640
750                        0.132          -0.560
751                        0.128          -0.560
752                        0.140          -0.480
753                        0.132          -0.480
754                        0.144          -0.360
755                        0.132          -0.360
756                        0.140          -0.280
757                        0.132          -0.280
758                        0.144          -0.200
759                        0.136          -0.200
760                        0.144          -0.120
761                        0.136          -0.080
762                        0.148           0.000
763                        0.140           0.000
764                        0.144           0.080
765                        0.136           0.080
766                        0.148           0.200
767                        0.140           0.200
768                        0.148           0.280
769                        0.144           0.280
770                        0.152           0.360
771                        0.140           0.360
772                        0.152           0.440
773                        0.140           0.480
774                        0.148           0.560
775                        0.136           0.560
776                        0.148           0.640
777                        0.144           0.640
778                        0.148           0.720
779                        0.144           0.760
780                        0.148           0.840
781                        0.140           0.840
782                        0.148           0.920
783                        0.136           0.920
784                        0.148           1.000
785                        0.140           1.000
786                        0.144           1.080
787                        0.140           1.080
788                        0.148           1.160
789                        0.140           1.160
790                        0.144           1.240
791                        0.132           1.240
792                        0.144           1.320
793                        0.132           1.320
794                        0.144           1.400
795                        0.132           1.400
796                        0.140           1.480
797                        0.124           1.480
798                        0.136           1.560
799                        0.124           1.560
800                        0.132           1.600
801                        0.124           1.600
802                        0.132           1.680
803                        0.124           1.680
804                        0.128           1.760
805                        0.116           1.760
806                        0.128           1.800
807                        0.112           1.840
808                        0.128           1.880
809                        0.108           1.880
810                        0.120           1.920
811                        0.108           1.920
812                        0.116           2.000
813                        0.104           2.000
814                        0.112           2.040
815                        0.100           2.040
816                        0.108           2.080
817                        0.096           2.080
818                        0.104           2.120
819                        0.092           2.160
820                        0.100           2.200
821                        0.088           2.200
822                        0.100           2.200
823                        0.084           2.240
824                        0.096           2.240
825                        0.076           2.240
826                        0.088           2.280
827                        0.072           2.280
828                        0.084           2.320
829                        0.072           2.320
830                        0.080           2.360
831                        0.068           2.360
832                        0.076           2.360
833                        0.060           2.360
834                        0.072           2.400
835                        0.052           2.400
836                        0.060           2.400
837                        0.052           2.400
838                        0.060           2.400
839                        0.044           2.400
840                        0.056           2.440
841                        0.036           2.440
842                        0.052           2.440
843                        0.032           2.440
844                        0.040           2.440
845                        0.028           2.440
846                        0.040           2.440
847                        0.024           2.440
848                        0.032           2.440
849                        0.016           2.400
850                        0.028           2.440
851                        0.012           2.400
852                        0.024           2.400
853                        0.004           2.400
854                        0.016           2.400
855                        0.000           2.360
856                        0.020           2.400
857                       -0.004           2.360
858                        0.004           2.360
859                       -0.008           2.320
860                        0.000           2.360
861                       -0.016           2.280
862                       -0.008           2.320
863                       -0.020           2.280
864                       -0.008           2.280
865                       -0.024           2.200
866                       -0.016           2.280
867                       -0.032           2.200
868                       -0.020           2.240
869                       -0.040           2.160
870                       -0.028           2.160
871                       -0.044           2.120
872                       -0.032           2.120
873                       -0.044           2.040
874                       -0.036           2.080
875                       -0.052           2.000
876                       -0.040           2.040
877                       -0.060           1.960
878                       -0.048           2.000
879                       -0.064           1.880
880                       -0.052           1.920
881                       -0.068           1.840
882                       -0.056           1.880
883                       -0.072           1.760
884                       -0.064           1.800
885                       -0.076           1.680
886                       -0.068           1.760
887                       -0.084           1.640
888                       -0.072           1.680
889                       -0.096           1.560
890                       -0.072           1.640
891                       -0.092           1.480
892                       -0.076           1.560
893                       -0.100           1.400
894                       -0.084           1.480
895                       -0.108           1.320
896                       -0.088           1.400
897                       -0.108           1.240
898                       -0.092           1.320
899                       -0.112           1.160
900                       -0.092           1.240
901                       -0.116           1.080
902                       -0.096           1.160
903                       -0.120           1.000
904                       -0.104           1.080
905                       -0.120           0.920
906                       -0.108           1.000
907                       -0.124           0.840
908                       -0.112           0.920
909                       -0.124           0.760
910                       -0.116           0.840
911                       -0.132           0.640
912                       -0.120           0.720
913                       -0.132           0.560
914                       -0.120           0.640
915                       -0.132           0.480
916                       -0.124           0.560
917                       -0.136           0.400
918                       -0.124           0.480
919                       -0.140           0.280
920                       -0.128           0.360
921                       -0.144           0.200
922                       -0.136           0.280
923                       -0.144           0.120
924                       -0.132           0.200
925                       -0.140           0.000
926                       -0.132           0.080
927                       -0.144          -0.080
928                       -0.136           0.000
929                       -0.148          -0.200
930                       -0.140          -0.080
931                       -0.148          -0.280
932                       -0.140          -0.200
933                       -0.152          -0.360
934                       -0.136          -0.280
935                       -0.152          -0.440
936                       -0.136          -0.360
937                       -0.148          -0.560
938                       -0.144          -0.480
939                       -0.152          -0.640
940                       -0.144          -0.560
941                       -0.148          -0.760
942                       -0.140          -0.640
943                       -0.148          -0.840
944                       -0.140          -0.760
945                       -0.152          -0.920
946                       -0.144          -0.840
947                       -0.148          -1.000
948                       -0.144          -0.920
949                       -0.148          -1.080
950                       -0.140          -1.000
951                       -0.148          -1.160
952                       -0.136          -1.080
953                       -0.148          -1.240
954                       -0.136          -1.200
955                       -0.144          -1.320
956                       -0.136          -1.280
957                       -0.144          -1.400
958                       -0.132          -1.360
959                       -0.140          -1.520
960                       -0.132          -1.440
961                       -0.140          -1.560
962                       -0.128          -1.520
963                       -0.136          -1.640
964                       -0.128          -1.600
965                       -0.136          -1.720
966                       -0.124          -1.640
967                       -0.132          -1.800
968                       -0.120          -1.720
969                       -0.128          -1.840
970                       -0.120          -1.800
971                       -0.124          -1.920
972                       -0.116          -1.880
973                       -0.124          -2.000
974                       -0.116          -1.920
975                       -0.120          -2.040
976                       -0.108          -2.000
977                       -0.116          -2.120
978                       -0.108          -2.040
979                       -0.116          -2.160
980                       -0.104          -2.120
981                       -0.112          -2.200
982                       -0.100          -2.160
983                       -0.108          -2.240
984                       -0.092          -2.200
985                       -0.104          -2.280
986                       -0.092          -2.240
987                       -0.096          -2.320
988                       -0.088          -2.280
989                       -0.096          -2.360
990                       -0.088          -2.320
991                       -0.092          -2.400
992                       -0.076          -2.360
993                       -0.084          -2.440
994                       -0.072          -2.400
995                       -0.080          -2.480
996                       -0.068          -2.440
997                       -0.076          -2.480
998                       -0.068          -2.480
999                       -0.072          -2.520
1000                      -0.060          -2.480
1001                      -0.064          -2.520
1002                      -0.056          -2.520
1003                      -0.060          -2.520
1004                      -0.052          -2.520
1005                      -0.056          -2.560
1006                      -0.044          -2.520
1007                      -0.056          -2.560
1008                      -0.044          -2.560
1009                      -0.044          -2.560
1010                      -0.036          -2.560
1011                      -0.040          -2.560
1012                      -0.028          -2.560
1013                      -0.032          -2.560
1014                      -0.020          -2.560
1015                      -0.032          -2.560
1016                      -0.020          -2.560
1017                      -0.024          -2.560
1018                      -0.012          -2.520
1019                      -0.016          -2.520
1020                      -0.008          -2.520
1021                      -0.012          -2.520
1022                      -0.004          -2.520
1023                      -0.008          -2.480
1024                       0.004          -2.480
1025                      -0.004          -2.480
1026                       0.008          -2.440
1027                       0.004          -2.440
1028                       0.012          -2.440
1029                       0.012          -2.440
1030                       0.020          -2.400
1031                       0.016          -2.400
1032                       0.024          -2.360
1033                       0.016          -2.360
1034                       0.028          -2.320
1035                       0.024          -2.320
1036                       0.036          -2.280
1037                       0.032          -2.280
1038                       0.044          -2.240
1039                       0.036          -2.240
1040                       0.048          -2.200
1041                       0.040          -2.200
1042                       0.052          -2.120
1043                       0.048          -2.120
1044                       0.056          -2.080
1045                       0.052          -2.080
1046                       0.064          -2.040
1047                       0.056          -2.040
1048                       0.064          -1.960
1049                       0.060          -1.960
1050                       0.068          -1.920
1051                       0.064          -1.920
1052                       0.076          -1.840
1053                       0.072          -1.840
1054                       0.080          -1.760
1055                       0.076          -1.760
1056                       0.088          -1.720
1057                       0.080          -1.680
1058                       0.088          -1.640
1059                       0.084          -1.640
1060                       0.096          -1.560
1061                       0.092          -1.560
1062                       0.100          -1.480
1063                       0.092          -1.480
1064                       0.104          -1.400
1065                       0.092          -1.400
1066                       0.108          -1.320
1067                       0.104          -1.320
1068                       0.108          -1.240
1069                       0.104          -1.240
1070                       0.116          -1.160
1071                       0.108          -1.160
1072                       0.124          -1.080
1073                       0.112          -1.080
1074                       0.120          -1.000
1075                       0.116          -0.960
1076                       0.124          -0.880
1077                       0.116          -0.880
1078                       0.124          -0.800
1079                       0.120          -0.800
1080                       0.132          -0.720
1081                       0.124          -0.720
1082                       0.136          -0.640
1083                       0.124          -0.600
1084                       0.136          -0.520
1085                       0.128          -0.520
1086                       0.140          -0.440
1087                       0.128          -0.440
1088                       0.144          -0.360
1089                       0.136          -0.360
1090                       0.140          -0.240
1091                       0.136          -0.240
1092                       0.144          -0.160
1093                       0.136          -0.160
1094                       0.144          -0.080
1095                       0.132          -0.080
1096                       0.148           0.040
1097                       0.140           0.040
1098                       0.152           0.120
1099                       0.140           0.120
1100                       0.148           0.200
1101                       0.140           0.240
1102                       0.148           0.320
1103                       0.140           0.320
1104                       0.152           0.400
1105                       0.144           0.400
1106                       0.148           0.480
1107                       0.144           0.520
1108                       0.148           0.600
1109                       0.140           0.600
1110                       0.148           0.680
1111                       0.140           0.680
1112                       0.148           0.760
1113                       0.140           0.760
1114                       0.152           0.840
1115                       0.140           0.880
1116                       0.152           0.920
1117                       0.136           0.960
1118                       0.148           1.040
1119                       0.140           1.040
1120                       0.144           1.120
1121                       0.136           1.120
1122                       0.148           1.200
1123                       0.136           1.200
1124                       0.144           1.280
1125                       0.132           1.280
1126                       0.144           1.360
1127                       0.128           1.360
1128                       0.140           1.440
1129                       0.128           1.440
1130                       0.140           1.520
1131                       0.128           1.520
1132                       0.136           1.560
1133                       0.124           1.560
1134                       0.136           1.640
1135                       0.120           1.640
1136                       0.132           1.720
1137                       0.116           1.720
1138                       0.128           1.760
1139                       0.116           1.760
1140                       0.124           1.840
1141                       0.112           1.840
1142                       0.124           1.880
1143                       0.108           1.880
1144                       0.120           1.960
1145                       0.104           1.960
1146                       0.116           2.000
1147                       0.104           2.000
1148                       0.112           2.080
1149                       0.100           2.080
1150                       0.108           2.120
1151                       0.092           2.120
1152                       0.100           2.160
1153                       0.092           2.160
1154                       0.100           2.200
1155                       0.084           2.200
1156                       0.096           2.240
1157                       0.084           2.240
1158                       0.092           2.280
1159                       0.076           2.280
1160                       0.088           2.280
1161                       0.068           2.280
1162                       0.080           2.320
1163                       0.064           2.320
1164                       0.076           2.360
1165                       0.060           2.360
1166                       0.072           2.360
1167                       0.056           2.360
1168                       0.072           2.400
1169                       0.052           2.400
1170                       0.060           2.400
1171                       0.048           2.400
1172                       0.056           2.440
1173                       0.044           2.400
1174                       0.052           2.440
1175                       0.036           2.440
1176                       0.052           2.440
1177                       0.028           2.440
1178                       0.044           2.440
1179                       0.028           2.440
1180                       0.036           2.440
1181                       0.020           2.400
1182                       0.028           2.440
1183                       0.016           2.400
1184                       0.024           2.440
1185                       0.008           2.400
1186                       0.024           2.400
1187                       0.004           2.360
1188                       0.016           2.400
1189                       0.000           2.360
1190                       0.008           2.400
1191                      -0.004           2.320
1192                       0.004           2.360
1193                      -0.016           2.320
1194                      -0.004           2.320
1195                      -0.020           2.280
1196                      -0.008           2.320
1197                      -0.024           2.240
1198                      -0.012           2.280
1199                      -0.028           2.200
1200                      -0.020           2.240
1201                      -0.032           2.160
1202                      -0.020           2.200
1203                      -0.040           2.120
1204                      -0.028           2.160
1205                      -0.044           2.080
1206                      -0.036           2.120
1207                      -0.052           2.040
1208                      -0.040           2.080
1209                      -0.056           1.960
1210                      -0.044           2.040
1211                      -0.060           1.920
1212                      -0.052           1.960
1213                      -0.064           1.880
1214                      -0.056           1.920
1215                      -0.072           1.800
1216                      -0.060           1.880
1217                      -0.072           1.760
1218                      -0.060           1.800
1219                      -0.076           1.680
1220                      -0.068           1.720
1221                      -0.084           1.600
1222                      -0.076           1.680
1223                      -0.092           1.520
1224                      -0.080           1.600
1225                      -0.096           1.440
1226                      -0.080           1.520
1227                      -0.100           1.400
1228                      -0.084           1.440
1229                      -0.100           1.320
1230                      -0.092           1.400
1231                      -0.104           1.240
1232                      -0.096           1.280
1233                      -0.108           1.160
1234                      -0.100           1.240
1235                      -0.112           1.080
1236                      -0.100           1.120
1237                      -0.116           0.960
1238                      -0.108           1.040
1239                      -0.120           0.880
1240                      -0.108           0.960
1241                      -0.124           0.800
1242                      -0.112           0.880
1243                      -0.124           0.720
1244                      -0.116           0.800
1245                      -0.128           0.640
1246                      -0.120           0.720
1247                      -0.132           0.520
1248                      -0.124           0.640
1249                      -0.136           0.440
1250                      -0.128           0.520
1251                      -0.136           0.360
1252                      -0.124           0.440
1253                      -0.136           0.240
1254                      -0.128           0.360
1255                      -0.144           0.160
1256                      -0.132           0.240
1257                      -0.148           0.080
1258                      -0.132           0.160
1259                      -0.144           0.000
1260                      -0.136           0.040
1261                      -0.144          -0.120
1262                      -0.136          -0.040
1263                      -0.144          -0.200
1264                      -0.140          -0.120
1265                      -0.148          -0.320
1266                      -0.140          -0.200
1267                      -0.152          -0.400
1268                      -0.140          -0.320
1269                      -0.148          -0.480
1270                      -0.140          -0.400
1271                      -0.148          -0.600
1272                      -0.140          -0.520
1273                      -0.152          -0.680
1274                      -0.140          -0.600
1275                      -0.152          -0.760
1276                      -0.140          -0.680
1277                      -0.152          -0.880
1278                      -0.140          -0.760
1279                      -0.148          -0.960
1280                      -0.140          -0.880
1281                      -0.148          -1.040
1282                      -0.140          -0.960
1283                      -0.148          -1.120
1284                      -0.136          -1.040
1285                      -0.144          -1.200
1286                      -0.136          -1.120
1287                      -0.144          -1.280
1288                      -0.136          -1.200
1289                      -0.148          -1.360
1290                      -0.136          -1.280
1291                      -0.140          -1.440
1292                      -0.136          -1.360
1293                      -0.140          -1.520
1294                      -0.132          -1.440
1295                      -0.136          -1.600
1296                      -0.128          -1.520
1297                      -0.136          -1.680
1298                      -0.124          -1.600
1299                      -0.136          -1.760
1300                      -0.128          -1.680
1301                      -0.132          -1.800
1302                      -0.124          -1.760
1303                      -0.128          -1.880
1304                      -0.116          -1.800
1305                      -0.128          -1.960
1306                      -0.112          -1.880
1307                      -0.124          -2.000
1308                      -0.112          -1.960
1309                      -0.120          -2.080
1310                      -0.112          -2.000
1311                      -0.132          -2.120
1312                      -0.100          -2.080
1313                      -0.116          -2.160
1314                      -0.092          -2.120
1315                      -0.116          -2.200
1316                      -0.096          -2.160
1317                      -0.104          -2.280
1318                      -0.092          -2.200
1319                      -0.108          -2.280
1320                      -0.088          -2.280
1321                      -0.100          -2.360
1322                      -0.084          -2.320
1323                      -0.092          -2.360
1324                      -0.080          -2.360
1325                      -0.088          -2.400
1326                      -0.076          -2.360
1327                      -0.084          -2.440
1328                      -0.072          -2.400
1329                      -0.076          -2.480
1330                      -0.068          -2.440
1331                      -0.072          -2.480
1332                      -0.064          -2.480
1333                      -0.072          -2.520
1334                      -0.060          -2.480
1335                      -0.064          -2.520
1336                      -0.052          -2.520
1337                      -0.060          -2.560
1338                      -0.048          -2.520
1339                      -0.052          -2.560
1340                      -0.044          -2.560
1341                      -0.048          -2.560
1342                      -0.040          -2.560
1343                      -0.044          -2.560
1344                      -0.036          -2.560
1345                      -0.040          -2.560
1346                      -0.024          -2.560
1347                      -0.036          -2.560
1348                      -0.020          -2.560
1349                      -0.028          -2.560
1350                      -0.016          -2.560
1351                      -0.024          -2.560
1352                      -0.012          -2.520
1353                      -0.016          -2.520
1354                      -0.004          -2.520
1355                      -0.008          -2.520
1356                       0.004          -2.480
1357                      -0.008          -2.480
1358                       0.008          -2.480
1359                       0.000          -2.480
1360                       0.012          -2.440
1361                       0.004          -2.440
1362                       0.016          -2.400
1363                       0.012          -2.400
1364                       0.024          -2.400
1365                       0.016          -2.400
1366                       0.024          -2.360
1367                       0.024          -2.360
1368                       0.032          -2.320
1369                       0.024          -2.320
1370                       0.036          -2.280
1371                       0.032          -2.280
1372                       0.040          -2.200
1373                       0.040          -2.240
1374                       0.048          -2.160
1375                       0.044          -2.160
1376                       0.052          -2.120
1377                       0.044          -2.120
1378                       0.056          -2.080
1379                       0.052          -2.040
1380                       0.064          -2.000
1381                       0.060          -2.000
1382                       0.072          -1.960
1383                       0.064          -1.960
1384                       0.076          -1.880
1385                       0.068          -1.880
1386                       0.076          -1.800
1387                       0.072          -1.800
1388                       0.084          -1.760
1389                       0.080          -1.760
1390                       0.088          -1.680
1391                       0.084          -1.680
1392                       0.092          -1.600
1393                       0.084          -1.600
1394                       0.096          -1.520
1395                       0.088          -1.520
1396                       0.104          -1.480
1397                       0.096          -1.440
1398                       0.104          -1.360
1399                       0.100          -1.360
1400                       0.112          -1.320
1401                       0.104          -1.280
1402                       0.112          -1.200
1403                       0.104          -1.200
1404                       0.116          -1.120
1405                       0.108          -1.120
1406                       0.120          -1.040
1407                       0.112          -1.040
1408                       0.124          -0.960
1409                       0.116          -0.960
1410                       0.128          -0.880
1411                       0.120          -0.880
1412                       0.128          -0.760
1413                       0.124          -0.760
1414                       0.128          -0.680
1415                       0.128          -0.680
1416                       0.136          -0.600
1417                       0.128          -0.600
1418                       0.136          -0.520
1419                       0.128          -0.480
1420                       0.140          -0.400
1421                       0.132          -0.400
1422                       0.140          -0.320
1423                       0.136          -0.320
1424                       0.140          -0.240
1425                       0.136          -0.200
1426                       0.144          -0.120
1427                       0.136          -0.120
1428                       0.148          -0.040
1429                       0.136          -0.040
1430                       0.144           0.040
1431                       0.140           0.080
1432                       0.148           0.160
1433                       0.140           0.160
1434                       0.148           0.240
1435                       0.140           0.240
1436                       0.148           0.320
1437                       0.140           0.360
1438                       0.152           0.440
1439                       0.140           0.440
1440                       0.152           0.520
1441                       0.140           0.520
1442                       0.152           0.600
1443                       0.140           0.600
1444                       0.148           0.720
1445                       0.140           0.720
1446                       0.148           0.800
1447                       0.140           0.800
1448                       0.148           0.880
1449                       0.136           0.880
1450                       0.152           0.960
1451                       0.136           0.960
1452                       0.148           1.040
1453                       0.136           1.080
1454                       0.144           1.120
1455                       0.140           1.160
1456                       0.144           1.200
1457                       0.132           1.240
1458                       0.144           1.280
1459                       0.132           1.320
1460                       0.144           1.360
1461                       0.132           1.400
1462                       0.140           1.440
1463                       0.128           1.440
1464                       0.136           1.520
1465                       0.128           1.520
1466                       0.132           1.600
1467                       0.120           1.600
1468                       0.136           1.680
1469                       0.124           1.680
1470                       0.132           1.720
1471                       0.116           1.720
1472                       0.124           1.800
1473                       0.116           1.800
1474                       0.124           1.880
1475                       0.112           1.880
1476                       0.124           1.920
1477                       0.112           1.920
1478                       0.120           1.960
1479                       0.100           1.960
1480                       0.112           2.040
1481                       0.100           2.040
1482                       0.108           2.080
1483                       0.096           2.080
1484                       0.108           2.120
1485                       0.096           2.120
1486                       0.104           2.160
1487                       0.088           2.160
1488                       0.096           2.200
1489                       0.084           2.200
1490                       0.092           2.240
1491                       0.080           2.240
1492                       0.092           2.280
1493                       0.076           2.280
1494                       0.084           2.320
1495                       0.072           2.320
1496                       0.080           2.320
1497                       0.064           2.320
1498                       0.076           2.360
1499                       0.060           2.360
1500                       0.072           2.360
1501                       0.060           2.360
1502                       0.064           2.400
1503                       0.052           2.400
1504                       0.060           2.400
1505                       0.040           2.400
1506                       0.052           2.440
1507                       0.040           2.400
1508                       0.052           2.440
1509                       0.036           2.440
1510                       0.048           2.440
1511                       0.028           2.440
1512                       0.044           2.440
1513                       0.024           2.440
1514                       0.036           2.440
1515                       0.020           2.400
1516                       0.028           2.440
1517                       0.016           2.400
1518                       0.024           2.440
1519                       0.008           2.400
1520                       0.020           2.400
