100000 0.025396825396825397
30000 0.027200000000000002
31000 0.0256
32000 0.0304
33000 0.027200000000000002
34000 0.032
35000 0.032
36000 0.032
37000 0.033600000000000005
38000 0.0368
39000 0.04
40000 0.038400000000000004
41000 0.0432
42000 0.0448
43000 0.046400000000000004
44000 0.048
45000 0.0512
46000 0.0528
47000 0.05600000000000001
48000 0.0608
49000 0.064
50000 0.0688
51000 0.0752
52000 0.08159999999999999
53000 0.0896
54000 0.09838709677419355
55000 0.10483870967741936
56000 0.11612903225806451
57000 0.13064516129032258
58000 0.14634146341463414
59000 0.1626016260162602
59500 0.16910569105691056
60000 0.18032786885245902
60500 0.19016393442622953
61000 0.19834710743801653
61200 0.20330578512396694
61400 0.2049586776859504
61600 0.2049586776859504
61800 0.2049586776859504
62000 0.2049586776859504
62200 0.2049586776859504
62400 0.20666666666666667
62600 0.20666666666666667
62800 0.20666666666666667
63000 0.20666666666666667
63200 0.20666666666666667
63400 0.20666666666666667
63600 0.20666666666666667
63800 0.20666666666666667
64000 0.20666666666666667
64200 0.20666666666666667
64400 0.2049586776859504
64600 0.2049586776859504
64800 0.20165289256198346
65000 0.2
65200 0.19504132231404958
65400 0.19338842975206613
65600 0.18852459016393444
65800 0.1836065573770492
66000 0.1819672131147541
66500 0.17540983606557378
67000 0.1639344262295082
67500 0.1557377049180328
68000 0.14796747967479676
69000 0.13064516129032258
70000 0.11935483870967742
71000 0.11129032258064517
72000 0.09838709677419355
73000 0.09193548387096774
74000 0.0832
75000 0.07680000000000001
76000 0.072
77000 0.06720000000000001
78000 0.064
79000 0.059199999999999996
80000 0.0576
81000 0.054400000000000004
82000 0.0496
83000 0.0496
84000 0.046400000000000004
85000 0.046031746031746035
86000 0.04126984126984127
87000 0.03968253968253969
88000 0.0380952380952381
89000 0.03650793650793651
90000 0.03650793650793651
91000 0.03333333333333333
92000 0.03333333333333333
93000 0.03015873015873016
94000 0.03015873015873016
95000 0.02857142857142857
96000 0.02857142857142857
97000 0.02857142857142857
98000 0.025396825396825397
99000 0.026984126984126985
